*---------------------------------------------------------------------------*
* Station name: Hohenheim, West-Germany
* Year: 1985                                              -99.000: NIL VALUE
* Author: C. Grashoff
* Source: weather data from the Institute for Physics and
*	  Meteorology of the University of Hohenheim,
*	  combined with windspeed data from weather station
*	  Goettingen
*
* Comments: Vapour pressure estimated from daily average
*           temperature and relative humidity. Wind speed
*           at 2.00 meters calculated from wind speed at
*           20.00 meters.
*
* Longitude: 8 00 E, latitude: 49 00 N, altitude: 400 m.
*
* Column  Daily value
* 1       station number
* 2       year
* 3       day
* 4       irradiation                   (kJ m-2 d-1)
* 5       minimum temperature           (degrees Celsius)
* 6       maximum temperature           (degrees Celsius)
* 7       early morning vapour pressure (kPa)
* 8       mean wind speed               (m s-1)
* 9       precipitation                 (mm d-1)
*---------------------------------------------------------------------------*
   8.00  49.00   400. 0.00 0.00
  17 1985  60  2100.  -0.2  15.0   0.971   0.9   5.2
  17 1985  61  2530.   4.0   6.9   0.857   1.1   0.1
  17 1985  62 12600.   1.1  10.2   0.887   1.3   0.1
  17 1985  63  5880.   2.5  11.5   0.944   1.6   0.0
  17 1985  64  6300.   3.9   6.0   0.827   1.0   0.1
  17 1985  65  4620.   3.1   7.0   0.824   0.5   0.1
  17 1985  66  6720.   3.5   8.2   0.863   0.7   0.0
  17 1985  67  2100.   2.7   7.2   0.801   0.5   0.0
  17 1985  68  5800.   0.2   6.7   0.752   1.0   0.0
  17 1985  69  9660.   0.7   5.3   0.713   0.8   0.2
  17 1985  70  7140.   0.9   4.9   0.527   0.4   0.0
  17 1985  71  4000.  -0.2   4.1   0.591   0.5   0.0
  17 1985  72  6300.   0.8   6.2   0.676   0.5   0.6
  17 1985  73  6300.   2.7   7.7   0.727   1.0   0.4
  17 1985  74  6400.   0.8   5.7   0.672   1.5   0.0
  17 1985  75  8610.  -0.5   7.7   0.697   0.8   3.3
  17 1985  76  4410.  -0.3   2.7   0.553   1.6   4.7
  17 1985  77  4410.  -3.1   2.0   0.575   2.9   5.2
  17 1985  78  8190.  -3.3   0.8   0.530   1.4   0.0
  17 1985  79 15540.  -2.3   4.9   0.611   1.3   0.0
  17 1985  80 11760.  -2.1   6.7   0.635   1.0   0.2
  17 1985  81 10290.   1.5  11.7   0.938   0.7   0.0
  17 1985  82 15120.   3.8  10.3   0.877   1.0   0.0
  17 1985  83 16380.   2.7   9.8   0.877   1.5   0.2
  17 1985  84 19320.   3.5  13.8   1.035   1.8   2.6
  17 1985  85  8820.   7.7  13.7   0.801   2.1   0.7
  17 1985  86  6300.   2.0  10.7   0.855   2.4   0.2
  17 1985  87 12810.   0.8   6.0   0.554   2.7   0.0
  17 1985  88 11340.   3.5   7.0   0.578   2.6   0.0
  17 1985  89 12500.   4.2  14.8   0.453   2.6   1.0
  17 1985  90  6720.   8.0  13.0   0.574   2.2   0.0
  17 1985  91 10500.   9.0  19.3   1.217   1.8   0.0
  17 1985  92 17640.   9.6  16.5   1.072   2.4   0.1
  17 1985  93 17640.   7.0  19.5   1.254   1.5   0.2
  17 1985  94 14700.   6.0  24.8   1.337   2.0   0.1
  17 1985  95 15960.  11.0  23.7   1.355   1.2   0.2
  17 1985  96 10080.  10.5  14.5   1.223   1.0   0.7
  17 1985  97 16380.   7.7  17.9   1.233   1.8   0.6
  17 1985  98 10080.   9.5  13.0   0.978   2.6   0.2
  17 1985  99  4620.   6.8  10.1   0.843   1.7   5.5
  17 1985 100 11760.   5.7  13.4   1.052   1.1   1.3
  17 1985 101 12180.   4.7  11.8   0.908   1.9   0.7
  17 1985 102 17640.   4.0   9.7   0.835   3.0   1.4
  17 1985 103 12600.   4.7  11.3   0.839   1.9   3.9
  17 1985 104 11760.   3.5   8.7   0.783   2.5   4.5
  17 1985 105 10920.   4.1  11.0   0.845   1.6   2.4
  17 1985 106  7980.   3.7   9.8   0.731   0.9   6.1
  17 1985 107 23520.   4.3  13.7   0.898   0.6   0.0
  17 1985 108 21840.   4.0  15.3   0.734   0.7   0.0
  17 1985 109 23100.   4.7  18.0   0.742   0.9   0.0
  17 1985 110 23100.   3.0  21.5   0.988   1.8   0.0
  17 1985 111 20580.   6.5  23.0   1.147   1.0   0.0
  17 1985 112 12600.  11.5  20.4   1.021   1.3   0.0
  17 1985 113  9240.  10.5  14.6   1.037   2.4   0.2
  17 1985 114 23520.   0.2   9.1   0.571   1.9   0.1
  17 1985 115 22680.  -1.7  14.2   0.696   1.6   0.1
  17 1985 116 13020.   1.8   9.5   0.595   1.3   0.4
  17 1985 117 14700.   1.6  10.5   0.668   2.1   5.8
  17 1985 118 19320.   0.5   7.0   0.608   2.2   1.6
  17 1985 119 12670.   1.5   6.8   0.601   2.5   1.6
  17 1985 120  5480.   2.4   9.5   0.794   2.5   4.1
  17 1985 121  9970.   8.4  12.0   1.049   2.2  12.2
  17 1985 122  9240.   3.0   8.4   0.780   2.6   3.0
  17 1985 123 20580.   2.6   9.5   0.837   1.5   0.3
  17 1985 124 16380.  -1.1  11.8   0.788   1.0   0.2
  17 1985 125 17640.   6.5  15.8   1.052   0.9   0.0
  17 1985 126 21420.   6.5  20.8   1.052   1.4   0.0
  17 1985 127 15960.  10.7  22.1   1.201   1.9  11.0
  17 1985 128 16380.  11.0  16.8   1.309   1.8   6.1
  17 1985 129  6300.   8.0  11.2   1.044   1.0  11.2
  17 1985 130 15960.   8.0  16.5   1.103   0.7   0.0
  17 1985 131 16380.   8.0  21.0   1.344   1.2   0.3
  17 1985 132 15540.  11.0  21.5   1.356   1.3   0.0
  17 1985 133 13440.   9.4  21.5   1.182   0.6   0.0
  17 1985 134 24780.  12.9  21.7   1.192   1.4   7.2
  17 1985 135 15120.  11.2  19.0   1.587   0.7   0.1
  17 1985 136 14700.   8.8  21.0   1.312   1.3   7.9
  17 1985 137 13860.  12.2  21.0   1.729   1.4   5.2
  17 1985 138 12440.  12.5  21.9   1.520   0.8  15.2
  17 1985 139 18900.  12.3  19.3   1.751   1.0   5.5
  17 1985 140 16380.  10.3  20.8   1.403   1.0  23.4
  17 1985 141  6720.  12.0  16.0   1.542   0.7  14.3
  17 1985 142 13020.  10.5  14.6   1.358   0.7   1.9
  17 1985 143 14700.   7.4  15.8   1.125   1.6   1.0
  17 1985 144 21420.   5.7  21.9   1.475   1.0   0.0
  17 1985 145 24780.   8.2  24.8   1.699   0.7   0.0
  17 1985 146 24780.  13.9  27.2   2.120   0.8   0.0
  17 1985 147 14700.  15.7  25.5   2.224   0.8   6.5
  17 1985 148  7560.  13.7  18.0   1.666   1.3  15.0
  17 1985 149  4620.  12.0  12.3   1.394   1.8  14.5
  17 1985 150  6300.  10.5  15.4   1.410   1.7   0.2
  17 1985 151 22050.   8.4  21.5   1.589   1.1   0.0
  17 1985 152 23100.  11.8  22.4   1.805   1.1   0.0
  17 1985 153 20580.  12.0  20.8   1.482   1.1   0.0
  17 1985 154 23100.  11.6  23.6   1.499   0.8   0.0
  17 1985 155 21840.  13.5  27.5   1.967   0.9   0.0
  17 1985 156 23520.  15.9  25.8   1.589   0.9   2.6
  17 1985 157 14700.  15.2  25.8   1.797   0.5   3.8
  17 1985 158 11760.  13.6  20.0   1.578   1.2   5.5
  17 1985 159 18900.   8.3  14.5   1.083   1.6   0.7
  17 1985 160 14700.   3.5  14.0   0.872   2.0   0.9
  17 1985 161 10920.   7.8  14.3   1.164   1.8   6.7
  17 1985 162 13020.   6.5  15.8   1.065   1.5   0.2
  17 1985 163 15120.   8.5  17.6   1.147   1.7   4.3
  17 1985 164 22680.   8.8  16.2   1.281   2.2   0.1
  17 1985 165 21840.   5.9  20.2   1.162   1.2  12.5
  17 1985 166 14820.   9.1  15.3   1.242   1.8   0.3
  17 1985 167 21840.   5.5  16.5   1.107   1.1   0.0
  17 1985 168 21420.   6.6  16.4   1.104   1.2   0.0
  17 1985 169 17640.   7.5  18.2   1.177   0.9   0.0
  17 1985 170 16800.   8.0  22.0   1.183   0.9   2.7
  17 1985 171 15960.  10.5  15.4   1.170   1.1   0.4
  17 1985 172 17220.  10.6  19.8   1.476   1.0   0.2
  17 1985 173 10920.  11.9  18.8   1.508   0.7   6.7
  17 1985 174 16380.   8.9  17.9   1.267   1.0   1.0
  17 1985 175 13020.  10.6  18.2   1.319   1.0   1.6
  17 1985 176 18900.  10.9  19.0   1.333   1.1   0.0
  17 1985 177 10080.  11.4  18.1   1.316   1.3   2.0
  17 1985 178 18900.   8.5  17.4   1.215   1.6   0.0
  17 1985 179 11760.  10.4  18.4   1.336   1.2   0.2
  17 1985 180 18900.  12.4  21.5   1.710   1.4   0.0
  17 1985 181 21840.   8.2  24.6   1.651   1.3   6.5
  17 1985 182 13020.  14.0  23.4   2.040   0.6   7.9
  17 1985 183 26040.  13.5  20.6   1.682   1.0   0.0
  17 1985 184 24780.  10.0  24.2   1.314   0.6   0.0
  17 1985 185 21420.  13.2  25.0   1.491   1.3   0.0
  17 1985 186 11760.  14.6  20.7   1.422   0.9   0.0
  17 1985 187  6300.  15.1  20.8   1.698   1.0  25.2
  17 1985 188 22680.  13.3  21.1   1.698   1.2   0.0
  17 1985 189 21420.  10.5  20.9   1.471   0.9   0.0
  17 1985 190 21420.   9.0  21.4   1.494   0.7   4.3
  17 1985 191 17640.  12.0  19.6   1.661   0.9   0.0
  17 1985 192 17640.  10.5  21.0   1.547   0.5   0.0
  17 1985 193 22260.  11.5  23.8   1.686   0.7   0.0
  17 1985 194 23100.  12.0  26.6   1.938   0.5   0.0
  17 1985 195 23940.  16.6  31.5   2.535   1.1   2.0
  17 1985 196 14700.  18.0  25.0   2.351   1.5   0.2
  17 1985 197  8400.  14.2  21.7   1.718   1.0   0.4
  17 1985 198 20580.  14.0  24.6   1.848   0.9   0.0
  17 1985 199 23100.  14.0  28.3   2.175   0.9   1.4
  17 1985 200 17640.  15.7  23.7   2.057   1.2   0.0
  17 1985 201 12600.  15.9  22.7   1.916   1.4   2.5
  17 1985 202 17640.   9.1  19.7   1.352   1.5   0.0
  17 1985 203 18900.   7.6  23.3   1.341   1.8   0.0
  17 1985 204 20160.  14.2  23.5   1.643   1.7   0.0
  17 1985 205 23520.  13.0  25.8   1.792   0.6   0.0
  17 1985 206 22260.  15.0  29.4   2.104   0.3   0.0
  17 1985 207 21840.  16.4  32.0   2.254   0.8   6.0
  17 1985 208 16800.  16.6  24.8   2.139   1.4   0.2
  17 1985 209 18900.  14.4  31.7   2.272   0.7   0.8
  17 1985 210  3360.  17.5  20.0   1.873   1.7   2.1
  17 1985 211 17640.  13.0  23.4   1.704   2.2   0.2
  17 1985 212 11760.  14.0  19.2   1.501   1.8   1.3
  17 1985 213 11890.  12.0  22.0   1.637   0.9   2.2
  17 1985 214 21420.  13.0  23.5   1.646   1.4  12.0
  17 1985 215 15670.  10.2  25.2   1.732   1.6   6.6
  17 1985 216 11760.  12.0  20.1   1.523   1.5   1.3
  17 1985 217 20290.  12.2  18.3   1.202   2.8  10.7
  17 1985 218  6850.  12.7  15.6   1.411   1.0   0.0
  17 1985 219 17640.   9.4  17.2   1.289   0.9   6.4
  17 1985 220 10080.  11.0  19.6   1.451   1.2   1.2
  17 1985 221 23100.   8.9  27.3   2.007   0.7  12.6
  17 1985 222  8270.  16.5  25.6   2.010   1.2   4.2
  17 1985 223 21970.   8.5  27.0   1.881   1.4   8.6
  17 1985 224 17220.  15.7  27.6   2.321   0.7   8.1
  17 1985 225 18480.  15.5  28.5   2.398   0.5   7.8
  17 1985 226 19190.  16.2  34.3   2.854   0.9  12.0
  17 1985 227 16800.  17.5  29.5   2.335   0.5   9.6
  17 1985 228 14280.  13.6  24.4   1.969   0.5   7.3
  17 1985 229 16250.  11.9  21.7   1.617   0.9   8.9
  17 1985 230 20450.  10.4  20.4   1.601   1.0   7.9
  17 1985 231 13860.  12.3  25.9   1.781   0.9   5.5
  17 1985 232 18350.  14.2  22.2   1.493   1.6  11.8
  17 1985 233 20580.   9.8  26.3   1.834   1.3  12.6
  17 1985 234 18480.  13.1  29.4   2.264   0.9  10.5
  17 1985 235 15540.  15.8  24.2   2.001   1.0   7.8
  17 1985 236 18900.  14.1  27.9   2.154   1.6  10.7
  17 1985 237  6300.  13.2  16.2   1.480   1.6   0.5
  17 1985 238 13440.  10.5  16.8   1.350   1.3   3.6
  17 1985 239 19450.  10.6  18.4   1.361   1.1  10.6
  17 1985 240 18350.   7.2  20.7   1.473   0.5  11.5
  17 1985 241 19610.   7.7  21.8   1.316   0.4  11.8
  17 1985 242 18610.  11.0  25.5   1.646   0.7  11.4
  17 1985 243 16090.  12.0  27.8   1.966   0.9   9.2
  17 1985 244 11470.  15.2  24.7   1.901   1.4   3.2
  17 1985 245 18900.   9.5  22.3   1.472   1.4   0.0
  17 1985 246  7140.  12.6  18.5   1.492   1.6  17.7
  17 1985 247  9910.  10.5  16.4   1.286   1.5   0.3
  17 1985 248  5170.   9.6  16.6   1.121   1.9  11.5
  17 1985 249 18060.  10.0  16.1   1.223   2.2   0.0
  17 1985 250 19320.   3.4  16.2   0.948   2.4   0.0
  17 1985 251  9530.   8.5  17.0   1.125   0.9   0.0
  17 1985 252  6300.  10.5  14.8   1.323   1.4   0.3
  17 1985 253 17640.   3.4  17.5   1.080   0.9   0.0
  17 1985 254 17220.   6.0  22.0   1.301   1.0   0.0
  17 1985 255 16380.   7.5  23.2   1.543   0.4   0.0
  17 1985 256  5040.   8.4  25.0   1.721   0.9   0.0
  17 1985 257  3780.  13.2  16.2   1.496   0.8   0.0
  17 1985 258 10500.  10.9  15.5   1.342   1.3   0.0
  17 1985 259 10920.   9.0  14.0   1.199   1.8  29.0
  17 1985 260 15540.   7.2  21.0   1.148   1.8   0.0
  17 1985 261 15120.  12.0  24.0   1.807   0.5   2.2
  17 1985 262 13020.  13.2  28.4   2.153   1.3   0.0
  17 1985 263 11760.  11.2  26.2   1.845   0.7   0.0
  17 1985 264 11760.  12.0  27.2   1.975   1.2   0.0
  17 1985 265 12180.  15.9  27.2   2.047   1.4   0.0
  17 1985 266 10080.  13.1  23.0   1.834   0.6   0.0
  17 1985 267  9660.  11.0  21.0   1.682   0.7   0.0
  17 1985 268 10500.  10.5  21.0   1.637   0.8   0.0
  17 1985 269 13440.  10.0  20.8   1.583   0.3   0.0
  17 1985 270 14280.   9.3  23.9   1.615   0.3   0.0
  17 1985 271 13440.   8.0  22.0   1.543   0.6   0.0
  17 1985 272 11760.   7.0  20.4   1.434   0.4   0.0
  17 1985 273 11760.   7.9  23.0   1.553   0.4   0.0
  17 1985 274 13440.   6.9  24.7   1.643   0.4   8.1
  17 1985 275  9530.  11.6  21.9   1.554   1.0   2.7
  17 1985 276 11760.  12.2  28.4   2.135   1.5   8.7
  17 1985 277 11050.  12.2  29.8   2.230   1.3   9.5
  17 1985 278  6850.  14.3  20.4   1.794   0.5   1.9
  17 1985 279  6590.  13.4  17.9   1.681   0.3   2.5
  17 1985 280 11760.  10.6  22.8   1.874   1.0   7.4
  17 1985 281  8530.   8.0  15.3   1.239   1.6   5.4
  17 1985 282 12600.   5.0  15.8   1.152   1.8   9.0
  17 1985 283  4200.   9.9  14.3   1.234   1.5   0.1
  17 1985 284 10790.   5.8  19.0   1.360   1.7   8.9
  17 1985 285  4490.   6.2  15.2   1.214   1.0   0.1
  17 1985 286 10370.   1.5  11.1   0.813   0.7   5.6
  17 1985 287  7560.   0.9  12.4   0.882   1.2   2.0
  17 1985 288  2650.   8.5  12.0   1.228   1.3   0.0
  17 1985 289  8950.   5.3  11.8   1.106   0.3   5.4
  17 1985 290  9240.   1.0  13.5   1.001   0.2   5.5
  17 1985 291  8530.  -1.3  13.8   0.906   0.5   7.6
  17 1985 292  5750.   7.3  12.1   1.087   0.6   0.9
  17 1985 293 10920.   3.0  12.2   0.932   0.4   8.8
  17 1985 294 10500.   0.9  12.1   0.844   0.4   8.8
  17 1985 295  6850.  -1.0   9.7   0.768   0.4   3.6
  17 1985 296 10500.   4.2  12.9   0.983   0.7   7.8
  17 1985 297 11340.   3.6  12.4   0.753   0.8   9.1
  17 1985 298 10080.  -0.7  11.0   0.768   0.8   8.5
  17 1985 299  9370.  -2.8  13.0   0.827   0.7   8.3
  17 1985 300  8820.  -4.2  12.3   0.768   0.4   6.9
  17 1985 301  6010.  -3.2   4.8   0.648   0.6   1.1
  17 1985 302  2940.  -0.6   2.4   0.620   0.4   0.0
  17 1985 303  3780.  -0.2   4.2   0.622   0.9   1.6
  17 1985 304  7270.  -0.5   7.7   0.736   1.0   6.2
