*---------------------------------------------------------------------------*
* Station name: Joydebpur (Rice Research Institute), Bangladesh
* Year: 1983
* Author: Peter Uithol                                     -99.000: NIL VALUE
* Source: IRRI/WMO Special project
* Comments: Incomplete year. No wind speed data available.
* Longitude: 90 26 E, latitude: 23 54 N, altitude: 8. m
*
* Column  Daily value
* 1       station number
* 2       year
* 3       day
* 4       irradiation                   (kJ m-2 d-1)
* 5       minimum temperature           (degrees Celsius)
* 6       maximum temperature           (degrees Celsius)
* 7       early morning vapour pressure (kPa)
* 8       mean wind speed (height: 2 m) (m s-1)
* 9       precipitation                 (mm d-1)
*---------------------------------------------------------------------------*
  90.43  23.90     8. 0.00 0.00
   1 1983 181 13525.  26.9  32.0   2.997 -99.0   0.0
   1 1983 182 19418.  26.5  33.0   2.885 -99.0   4.8
   1 1983 183 12967.  25.5  30.4   2.746 -99.0  16.5
   1 1983 184 10433.  26.0  30.7   2.818 -99.0  47.0
   1 1983 185  3424.  25.0  28.4   2.840 -99.0  25.0
   1 1983 186 10505.  26.0  30.9   3.084 -99.0   0.3
   1 1983 187 20459.  26.5  31.8   2.913 -99.0   0.5
   1 1983 188 22957.  27.0  33.0   2.882 -99.0   0.0
   1 1983 189 23702.  27.5  34.0   2.975 -99.0   0.0
   1 1983 190 20498.  27.4  33.0   2.768 -99.0   0.0
   1 1983 191 16398.  27.2  33.0   2.859 -99.0   0.0
   1 1983 192 22064.  28.5  34.0   3.084 -99.0   0.0
   1 1983 193 26798.  27.5  34.0   2.924 -99.0   0.0
   1 1983 194 21168.  27.5  37.5   2.689 -99.0   0.0
   1 1983 195 21132.  28.4  34.3   3.151 -99.0   0.0
   1 1983 196 16808.  27.4  33.0   3.082 -99.0   1.3
   1 1983 197 18745.  27.8  34.2   2.777 -99.0   0.0
   1 1983 198 13115.  26.4  33.2   2.841 -99.0  42.5
   1 1983 199 16956.  27.5  33.8   3.093 -99.0   0.3
   1 1983 200 19678.  30.0  33.8   3.504 -99.0   0.1
   1 1983 201 22140.  30.0  34.0   3.189 -99.0   0.3
   1 1983 202 14087.  25.5  31.0   2.612 -99.0   1.3
   1 1983 203 14270.  25.5  31.0   2.818 -99.0  26.8
   1 1983 204 19490.  26.3  32.9   2.817 -99.0  11.8
   1 1983 205 20686.  26.8  31.0   2.902 -99.0   0.0
   1 1983 206 14868.  26.3  30.5   2.810 -99.0   6.0
   1 1983 207 10282.  25.0  30.5   2.770 -99.0  10.0
   1 1983 208 16358.  26.0  31.8   2.902 -99.0   1.8
   1 1983 209 18857.  26.8  32.8   2.919 -99.0   0.3
   1 1983 210 15426.  27.0  31.5   3.125 -99.0   0.8
   1 1983 211 18598.  26.4  32.6   2.903 -99.0   7.3
   1 1983 212 11437.  26.5  30.8   2.826 -99.0   0.5
   1 1983 213 22176.  26.4  32.6   2.717 -99.0   1.3
   1 1983 214 21431.  25.1  32.2   2.346 -99.0  25.0
   1 1983 215  4133.  24.7  32.2   2.904 -99.0 145.0
   1 1983 216  8269.  24.7  29.0   2.923 -99.0  90.0
   1 1983 217  3982.  24.5  27.0   2.808 -99.0  21.0
   1 1983 218 12481.  25.2  30.8   2.935 -99.0  11.8
   1 1983 219 19940.  27.3  34.0   2.817 -99.0   0.0
   1 1983 220 20945.  26.6  34.2   2.888 -99.0   0.5
   1 1983 221 20124.  25.4  32.0   2.554 -99.0   7.5
   1 1983 222 20012.  26.0  33.8   2.916 -99.0   2.3
   1 1983 223 20088.  26.7  32.6   2.899 -99.0   2.5
   1 1983 224 18634.  26.8  31.6   2.972 -99.0   2.5
   1 1983 225 21542.  26.0  32.0   2.704 -99.0   1.3
   1 1983 226 18374.  26.8  32.0   2.866 -99.0   0.0
   1 1983 227 23180.  26.2  32.8   2.702 -99.0   3.5
   1 1983 228 21618.  27.4  33.8   2.900 -99.0   0.0
   1 1983 229 22363.  27.4  33.8   2.772 -99.0   0.8
   1 1983 230 21654.  26.0  32.0   2.488 -99.0   9.5
   1 1983 231 17554.  26.7  33.8   2.832 -99.0   0.3
   1 1983 232 15466.  27.4  32.2   3.006 -99.0   2.0
   1 1983 233 12557.  27.4  32.4   3.039 -99.0   4.3
   1 1983 234  1782.  25.0  29.6   3.036 -99.0  78.8
   1 1983 235  3272.  24.2  29.5   2.891 -99.0  23.5
   1 1983 236  3982.  24.5  28.3   2.922 -99.0  18.8
   1 1983 237  9536.  24.4  29.3   2.672 -99.0  39.5
   1 1983 238 12110.  26.0  31.0   2.667 -99.0   0.3
   1 1983 239 18446.  25.6  32.2   2.384 -99.0   3.0
   1 1983 240 19418.  25.5  32.2   2.651 -99.0   0.5
   1 1983 241 19789.  25.5  32.2   2.527 -99.0   0.0
   1 1983 242 17402.  25.4  32.2   2.603 -99.0   8.0
   1 1983 243 17741.  26.5  32.4   2.733 -99.0   2.0
   1 1983 244  7038.  25.8  30.4   3.041 -99.0  18.8
   1 1983 245 18374.  26.0  32.0   2.704 -99.0   3.0
   1 1983 246 18446.  26.1  32.0   2.737 -99.0   1.5
   1 1983 247 12744.  25.2  30.0   2.630 -99.0   9.5
   1 1983 248 15613.  25.5  30.5   2.602 -99.0  12.8
   1 1983 249 10022.  25.5  29.0   2.929 -99.0  15.5
   1 1983 250  1372.  25.0  27.5   2.960 -99.0 135.0
   1 1983 251 10656.  26.6  31.2   2.927 -99.0   1.5
   1 1983 252 16135.  27.0  32.2   2.947 -99.0   1.0
   1 1983 253  9389.  25.8  31.0   2.871 -99.0   7.5
   1 1983 254 17924.  26.3  32.7   2.862 -99.0   0.0
   1 1983 255 22658.  26.5  32.8   2.754 -99.0   0.0
   1 1983 256 13788.  25.5  32.5   2.788 -99.0  10.3
   1 1983 257 20574.  25.7  32.5   2.696 -99.0   7.3
   1 1983 258  9688.  25.0  29.8   2.719 -99.0  15.5
   1 1983 259 15764.  25.1  30.5   2.671 -99.0  15.5
   1 1983 260  6966.  25.5  30.2   2.795 -99.0   7.0
   1 1983 261 21503.  26.0  30.4   2.899 -99.0  12.0
   1 1983 262 20387.  26.5  31.2   2.656 -99.0   0.0
   1 1983 263  7225.  24.8  31.8   2.608 -99.0  95.0
   1 1983 264 11588.  26.2  31.5   2.872 -99.0   0.8
   1 1983 265 10915.  25.5  31.2   2.987 -99.0  11.4
   1 1983 266 17777.  26.4  33.3   2.824 -99.0  21.8
   1 1983 267 18486.  26.2  32.9   2.736 -99.0   0.0
   1 1983 268 20423.  26.5  32.2   2.556 -99.0   0.0
   1 1983 269 21503.  25.2  33.7   2.427 -99.0  29.3
   1 1983 270  7261.  24.4  31.5   2.865 -99.0  57.5
   1 1983 271 19379.  26.6  33.8   2.836 -99.0   0.0
   1 1983 272 12704.  25.0  34.5   2.262 -99.0   8.8
   1 1983 273 17554.  26.2  33.0   2.678 -99.0   0.0
   1 1983 274 20945.  26.5  33.8   2.858 -99.0   0.0
   1 1983 275 20758.  26.4  33.0   2.499 -99.0   0.0
   1 1983 276 19120.  26.6  34.4   2.592 -99.0   0.0
   1 1983 277 17366.  25.7  34.5   2.567 -99.0   3.3
   1 1983 278 13975.  23.8  33.8   2.448 -99.0  20.0
   1 1983 279  7600.  24.5  30.6   2.759 -99.0 185.0
   1 1983 280  6368.  24.7  28.8   2.961 -99.0  13.5
   1 1983 281  9349.  25.7  30.5   2.838 -99.0   1.0
   1 1983 282  7002.  24.6  29.8   2.782 -99.0  17.3
   1 1983 283  2714.  25.0  27.2   2.903 -99.0  19.0
   1 1983 284  3384.  24.2  27.5   2.888 -99.0  12.0
   1 1983 285 16844.  25.7  32.6   2.802 -99.0   0.0
   1 1983 286 13302.  25.6  32.0   2.634 -99.0   2.8
   1 1983 287 14270.  23.0  32.2   2.526 -99.0  12.3
   1 1983 288  8492.  24.0  28.2   2.558 -99.0   0.0
   1 1983 289 15948.  22.2  31.0   2.248 -99.0   0.0
   1 1983 290 19678.  18.8  32.0   1.627 -99.0   0.0
   1 1983 291 15876.  20.6  30.3   1.926 -99.0   0.0
   1 1983 292 19156.  23.0  30.8   2.262 -99.0   0.0
   1 1983 293 14904.  23.9  32.2   2.370 -99.0   0.0
   1 1983 294  7934.  23.0  28.6   2.574 -99.0   0.0
   1 1983 295 16844.  23.0  31.0   2.310 -99.0   0.0
   1 1983 296 17701.  24.8  32.8   2.351 -99.0   0.0
   1 1983 297 13414.  23.1  33.1   2.210 -99.0   0.0
   1 1983 298 17888.  20.6  30.5   1.929 -99.0   0.0
   1 1983 299 18634.  18.4  30.4   1.485 -99.0   0.0
   1 1983 300 18335.  27.5  30.0   2.508 -99.0   0.0
   1 1983 301 17626.  20.4  31.0   1.725 -99.0   0.0
   1 1983 302 17777.  20.2  31.8   1.695 -99.0   0.0
   1 1983 303 17888.  22.0  33.0   1.985 -99.0   0.0
   1 1983 304 17888.  21.0  33.3   1.897 -99.0   0.0
   1 1983 305 16546.  22.0  33.3   1.925 -99.0   0.0
   1 1983 306 17590.  20.7  31.5   1.706 -99.0   0.0
   1 1983 307 17442.  18.8  31.0   1.579 -99.0   0.0
   1 1983 308 17777.  18.5  31.5   1.456 -99.0   0.0
   1 1983 309 17366.  19.8  31.3   1.614 -99.0   0.0
   1 1983 310 15167.  19.0  30.5   1.540 -99.0   0.0
   1 1983 311 15988.  19.6  30.6   1.605 -99.0   0.0
   1 1983 312 12182.  21.0  30.0   1.957 -99.0   0.0
   1 1983 313  6966.  21.9  27.7   2.300 -99.0   0.0
   1 1983 314 15613.  19.5  28.0   1.695 -99.0   0.0
   1 1983 315 16060.  19.4  29.5   1.567 -99.0   0.0
   1 1983 316 16808.  17.5  29.5   1.273 -99.0   0.0
   1 1983 317 16510.  16.1  35.5   1.110 -99.0   0.0
   1 1983 318 16956.  17.2  30.5   1.398 -99.0   0.0
   1 1983 319 15091.  18.0  30.6   1.477 -99.0   0.0
   1 1983 320 15091.  17.5  30.2   1.451 -99.0   0.0
   1 1983 321 13975.  17.5  30.5   1.387 -99.0   0.0
   1 1983 322 14832.  17.8  30.0   1.438 -99.0   0.0
   1 1983 323 12780.  17.7  30.2   1.419 -99.0   0.0
   1 1983 324 13860.  16.7  29.0   1.393 -99.0   0.0
   1 1983 325 15426.  16.5  29.8   1.341 -99.0   0.0
   1 1983 326 14904.  18.0  30.5   1.461 -99.0   0.0
   1 1983 327 11736.  18.0  29.2   1.281 -99.0   0.0
   1 1983 328 15167.  15.5  29.5   1.293 -99.0   0.0
   1 1983 329 15876.  14.7  28.8   1.210 -99.0   0.0
   1 1983 330 15876.  14.7  31.2   1.239 -99.0   0.0
   1 1983 331 15689.  14.0  29.1   1.064 -99.0   0.0
   1 1983 332 15689.  13.8  28.9   1.059 -99.0   0.0
   1 1983 333 15538.  13.8  29.2   1.063 -99.0   0.0
   1 1983 334 14944.  13.7  27.7   1.081 -99.0   0.0
   1 1983 335 14382.  13.2  27.8   1.038 -99.0   0.0
   1 1983 336 14458.  13.2  27.5   1.113 -99.0   0.0
   1 1983 337 15131.  13.0  27.5   1.097 -99.0   0.0
   1 1983 338 13900.  13.4  27.5   1.061 -99.0   0.0
   1 1983 339 13043.  12.3  26.6   0.929 -99.0   0.0
   1 1983 340 14047.  12.6  26.1   1.050 -99.0   0.0
   1 1983 341 13860.  14.0  26.6   1.076 -99.0   0.0
   1 1983 342 13190.  12.5  26.0   0.999 -99.0   0.0
   1 1983 343 12967.  14.0  26.2   1.096 -99.0   0.0
   1 1983 344 11178.  12.6  25.9   1.045 -99.0   0.0
   1 1983 345 14310.  12.5  25.5   1.062 -99.0   0.0
   1 1983 346 13900.  12.2  25.9   1.039 -99.0   0.0
   1 1983 347 14832.  11.4  26.0   0.987 -99.0   0.0
   1 1983 348 15019.  10.8  26.8   0.920 -99.0   0.0
   1 1983 349 14944.  11.6  26.5   0.970 -99.0   0.0
   1 1983 350 14609.  10.8  26.0   0.897 -99.0   0.0
   1 1983 351 14123.  10.7  25.4   0.896 -99.0   0.0
   1 1983 352 13860.  11.0  25.7   0.931 -99.0   0.0
   1 1983 353 13900.   9.8  25.0   0.835 -99.0   0.0
   1 1983 354 13378.  11.2  26.6   0.885 -99.0   0.0
   1 1983 355 11887.  11.8  26.2   0.957 -99.0   0.0
   1 1983 356 12409.  12.5  26.8   1.002 -99.0   0.0
   1 1983 357 12370.  12.8  27.3   1.031 -99.0   0.0
   1 1983 358 10656.  11.0  27.2   0.910 -99.0   0.0
   1 1983 359  7600.  12.5  25.4   0.998 -99.0   3.5
   1 1983 360  3424.  14.8  17.4   1.548 -99.0  22.3
   1 1983 361  5882.  10.0  21.0   1.096 -99.0   2.0
   1 1983 362 13975.   9.5  21.5   0.879 -99.0   0.0
   1 1983 363 14011.   7.7  20.7   0.792 -99.0   0.0
   1 1983 364 14458.   7.3  20.8   0.731 -99.0   0.0
   1 1983 365 14720.  10.5  22.5   0.895 -99.0   0.0
