*---------------------------------------------------------------------------*
* Station name: Paranthan (Rice Research Experiment Station), Sri Lanka
* Year: 1985
* Author: Peter Uithol                                     -99.000: NIL VALUE
* Source: IRRI/WMO Special project
* Comments: Incomplete year, January and February only.
* Longitude: 79 59 E, latitude: 8 59 N, altitude: 4. m
*
* Column  Daily value
* 1       station number
* 2       year
* 3       day
* 4       irradiation                   (kJ m-2 d-1)
* 5       minimum temperature           (degrees Celsius)
* 6       maximum temperature           (degrees Celsius)
* 7       early morning vapour pressure (kPa)
* 8       mean wind speed (height: 2 m) (m s-1)
* 9       precipitation                 (mm d-1)
*---------------------------------------------------------------------------*
  79.98   8.98     4. 0.00 0.00
   1 1985   1 13792.  24.5  30.2   2.697   1.4  11.5
   1 1985   2 11498.  23.5  30.4   2.407   0.8  21.8
   1 1985   3  6844.  23.8  28.6   2.321   0.6  51.3
   1 1985   4 12438.  23.2  27.8   2.688   0.8  11.8
   1 1985   5 15556.  24.0  28.5   2.594   1.4   0.0
   1 1985   6 17471.  24.5  28.4   2.602   1.2   0.0
   1 1985   7 20398.  23.6  28.6   2.535   1.1   0.0
   1 1985   8 20585.  22.9  28.2   2.343   1.2   0.0
   1 1985   9 21636.  22.0  28.0   2.168   1.1   0.0
   1 1985  10 21150.  22.1  27.6   2.168   1.2   0.0
   1 1985  11 22090.  21.0  28.2   2.044   1.4   0.0
   1 1985  12 19649.  21.0  28.2   2.079   1.5   5.0
   1 1985  13 18032.  22.5  28.0   2.287   1.9   0.0
   1 1985  14 17957.  22.5  28.0   2.183   2.4   0.0
   1 1985  15 10109.  23.5  28.0   2.520   1.8  20.0
   1 1985  16  1249.  23.0  25.5   2.650   1.1 106.5
   1 1985  17  9583.  23.0  27.4   2.512   2.3   3.0
   1 1985  18 11912.  23.8  27.8   2.344   1.8   0.0
   1 1985  19 21712.  23.6  27.5   2.226   1.5   0.0
   1 1985  20 20812.  21.2  27.5   2.001   1.2   0.0
   1 1985  21 17845.  21.0  27.5   2.119   1.5  13.7
   1 1985  22 11952.  21.8  27.5   2.314   1.5   0.0
   1 1985  23 19386.  23.0  28.5   2.357   2.1   0.0
   1 1985  24 14242.  24.0  27.8   2.337   2.5   1.6
   1 1985  25 20437.  24.0  27.8   2.406   2.2   0.0
   1 1985  26 21074.  21.6  27.4   2.059   1.4   0.0
   1 1985  27 19346.  22.4  27.0   2.162   1.3   0.0
   1 1985  28 18860.  20.5  27.2   2.014   1.2   0.0
   1 1985  29 10750.  22.4  27.6   2.387   2.2   0.6
   1 1985  30 10861.  24.5  28.2   2.701   2.0   0.0
   1 1985  31 13939.  24.4  28.0   2.690   2.2   1.1
   1 1985  32  8572.  25.0  28.0   2.789   1.9   0.0
   1 1985  33 18407.  23.5  29.0   2.578   1.9   5.7
   1 1985  34 11538.  24.0  28.5   2.869   2.5  10.8
   1 1985  35 19836.  23.6  28.1   2.415   1.4   0.0
   1 1985  36 23328.  20.5  28.4   2.026   1.2   0.0
   1 1985  37 23404.  20.0  29.0   1.957   1.0   0.0
   1 1985  38 20963.  21.0  29.6   2.146   1.2   0.0
   1 1985  39 19649.  22.3  29.0   2.286   1.2   0.0
   1 1985  40 20887.  22.0  30.0   2.229   0.4   0.0
   1 1985  41 17284.  21.3  29.5   2.194   0.9   0.0
   1 1985  42 21150.  22.0  31.0   2.046   1.2   0.0
   1 1985  43 21974.  22.5  30.6   2.167   1.4   0.0
   1 1985  44 20776.  23.0  31.0   2.172   1.4   0.0
   1 1985  45 22126.  23.0  30.7   2.037   1.4   0.0
   1 1985  46 21676.  21.5  30.5   2.049   0.9   0.0
   1 1985  47 19872.  21.0  30.7   1.940   0.9   0.0
   1 1985  48 21074.  21.0  30.4   1.927   1.1   0.0
   1 1985  49 19609.  22.2  30.6   2.133   1.8   0.0
   1 1985  50 21636.  22.4  30.5   1.931   1.4   0.0
   1 1985  51 23252.  21.0  29.6   1.760   1.3   0.0
   1 1985  52 23101.  19.6  29.5   1.486   1.9   0.0
   1 1985  53 23814.  20.1  30.0   1.446   1.4   0.0
   1 1985  54 20660.  20.5  29.0   1.439   1.5   0.0
   1 1985  55 15854.  21.5  29.6   1.843   1.4   0.0
   1 1985  56 18295.  22.0  30.2   2.060   1.9   0.0
   1 1985  57 15743.  24.2  30.0   2.589   1.8   0.0
   1 1985  58 21712.  23.5  30.6   2.354   1.9   0.0
   1 1985  59 18785.  23.5  31.5   2.317   1.8   0.0
