*---------------------------------------------------------------------------*
* Station name: Ukkel, Belgium
* Year: 1986                                              -99.000: NIL VALUE
* Author: Carine de Wijngaert
* Source: Bodemkundige dienst van Belgie
* Comments: -
*
* Longitude: 4 21 E, latitude: 50 48 N, altitude: 104 m.
*
* Column  Daily value
* 1       station number
* 2       year
* 3       day
* 4       irradiation                   (kJ m-2 d-1)
* 5       minimum temperature           (degrees Celsius)
* 6       maximum temperature           (degrees Celsius)
* 7       early morning vapour pressure (kPa)
* 8       mean wind speed               (m s-1)
* 9       precipitation                 (mm d-1)
*---------------------------------------------------------------------------*
   4.35  50.80   104. 0.00 0.00
   1 1986   1   960.  -4.5  -0.9  -9.900 -99.0 -99.0
   1 1986   2  2370.  -1.5   6.8  -9.900 -99.0 -99.0
   1 1986   3   500.   4.6   4.7  -9.900 -99.0 -99.0
   1 1986   4  3260.  -0.7   2.5  -9.900 -99.0 -99.0
   1 1986   5   370.  -0.1   1.9  -9.900 -99.0 -99.0
   1 1986   6   750.   0.3   2.1  -9.900 -99.0 -99.0
   1 1986   7  3400.  -2.2   0.5  -9.900 -99.0 -99.0
   1 1986   8  1230.  -1.1  -0.4  -9.900 -99.0 -99.0
   1 1986   9  1350.  -1.3  -1.1  -9.900 -99.0 -99.0
   1 1986  10   590.  -2.4   5.6  -9.900 -99.0 -99.0
   1 1986  11  2550.   5.6   8.0  -9.900 -99.0 -99.0
   1 1986  12  2440.   3.4   6.1  -9.900 -99.0 -99.0
   1 1986  13   750.   4.8  10.0  -9.900 -99.0 -99.0
   1 1986  14  1230.   7.9   8.3  -9.900 -99.0 -99.0
   1 1986  15   460.   4.7   6.1  -9.900 -99.0 -99.0
   1 1986  16  2520.   2.4   4.7  -9.900 -99.0 -99.0
   1 1986  17  2460.   0.5   2.4  -9.900 -99.0 -99.0
   1 1986  18   300.   0.3   9.8  -9.900 -99.0 -99.0
   1 1986  19   430.   9.3  10.8  -9.900 -99.0 -99.0
   1 1986  20  4720.   4.4   8.0  -9.900 -99.0 -99.0
   1 1986  21  1350.   4.6   7.4  -9.900 -99.0 -99.0
   1 1986  22  3670.   4.4   6.9  -9.900 -99.0 -99.0
   1 1986  23  2190.   5.5   8.3  -9.900 -99.0 -99.0
   1 1986  24  2140.   2.4   3.6  -9.900 -99.0 -99.0
   1 1986  25  3110.   0.0   2.9  -9.900 -99.0 -99.0
   1 1986  26  4070.  -0.9   2.6  -9.900 -99.0 -99.0
   1 1986  27  2770.  -3.5   0.1  -9.900 -99.0 -99.0
   1 1986  28  5560.  -1.0   4.7  -9.900 -99.0 -99.0
   1 1986  29  2230.   0.3   3.7  -9.900 -99.0 -99.0
   1 1986  30  3220.  -0.2   1.5  -9.900 -99.0 -99.0
   1 1986  31  3180.   0.0   2.9  -9.900 -99.0 -99.0
   1 1986  32   480.   1.0   2.3  -9.900 -99.0 -99.0
   1 1986  33  1510.   1.1   2.2  -9.900 -99.0 -99.0
   1 1986  34   890.   0.7   1.4  -9.900 -99.0 -99.0
   1 1986  35  2680.   0.8   0.8  -9.900 -99.0 -99.0
   1 1986  36  5860.  -4.5  -1.0  -9.900 -99.0 -99.0
   1 1986  37  1330.  -4.2  -3.1  -9.900 -99.0 -99.0
   1 1986  38  5060.  -6.5  -2.2  -9.900 -99.0 -99.0
   1 1986  39  5620. -10.2  -3.9  -9.900 -99.0 -99.0
   1 1986  40  5900. -11.0  -8.5  -9.900 -99.0 -99.0
   1 1986  41  3960. -11.0  -1.4  -9.900 -99.0 -99.0
   1 1986  42  5220.  -2.4   0.4  -9.900 -99.0 -99.0
   1 1986  43  8200.  -5.3   0.6  -9.900 -99.0 -99.0
   1 1986  44  8840.  -7.6   1.1  -9.900 -99.0 -99.0
   1 1986  45  6480.  -5.8  -0.5  -9.900 -99.0 -99.0
   1 1986  46  7290.  -5.5   1.8  -9.900 -99.0 -99.0
   1 1986  47  7540.  -7.0   1.0  -9.900 -99.0 -99.0
   1 1986  48  6570.  -3.4   1.7  -9.900 -99.0 -99.0
   1 1986  49  5130.  -6.4  -0.7  -9.900 -99.0 -99.0
   1 1986  50  3140.  -6.2  -1.4  -9.900 -99.0 -99.0
   1 1986  51  6340.  -8.6  -2.6  -9.900 -99.0 -99.0
   1 1986  52  9720.  -9.3  -2.6  -9.900 -99.0 -99.0
   1 1986  53  6830. -10.5  -0.9  -9.900 -99.0 -99.0
   1 1986  54  9030.  -6.2  -0.5  -9.900 -99.0 -99.0
   1 1986  55 10540. -10.7   1.3  -9.900 -99.0 -99.0
   1 1986  56  9630.  -8.7  -1.5  -9.900 -99.0 -99.0
   1 1986  57 11560.  -8.4  -1.2  -9.900 -99.0 -99.0
   1 1986  58 11750.  -8.9   0.3  -9.900 -99.0 -99.0
   1 1986  59  4860.  -5.9   1.9  -9.900 -99.0 -99.0
   1 1986  60  7820.  -3.1   1.6  -9.900 -99.0 -99.0
   1 1986  61  9570.  -4.2   0.8  -9.900 -99.0 -99.0
   1 1986  62  8130.  -6.5   1.5  -9.900 -99.0 -99.0
   1 1986  63  2770.  -4.7   3.1  -9.900 -99.0 -99.0
   1 1986  64  1090.   3.1   7.8  -9.900 -99.0 -99.0
   1 1986  65  7430.   5.3   7.7  -9.900 -99.0 -99.0
   1 1986  66  4300.   2.1   5.9  -9.900 -99.0 -99.0
   1 1986  67 12280.  -1.3   7.7  -9.900 -99.0 -99.0
   1 1986  68 10240.  -2.0   8.6  -9.900 -99.0 -99.0
   1 1986  69 13570.   0.5   8.7  -9.900 -99.0 -99.0
   1 1986  70 11370.  -1.1   8.1  -9.900 -99.0 -99.0
   1 1986  71  7590.  -2.7   6.2  -9.900 -99.0 -99.0
   1 1986  72  4360.   0.7   4.8  -9.900 -99.0 -99.0
   1 1986  73 10170.  -0.1   8.6  -9.900 -99.0 -99.0
   1 1986  74 13760.  -1.2  10.5  -9.900 -99.0 -99.0
   1 1986  75 12770.   2.2  11.7  -9.900 -99.0 -99.0
   1 1986  76  6410.   3.2   9.9  -9.900 -99.0 -99.0
   1 1986  77 13070.   6.3  17.6  -9.900 -99.0 -99.0
   1 1986  78  7610.   6.5  14.4  -9.900 -99.0 -99.0
   1 1986  79  4590.   5.0   8.2  -9.900 -99.0 -99.0
   1 1986  80 11330.   1.9   9.6  -9.900 -99.0 -99.0
   1 1986  81  3980.   3.2   8.5  -9.900 -99.0 -99.0
   1 1986  82  6300.   5.1  10.1  -9.900 -99.0 -99.0
   1 1986  83  4710.   3.4  10.5  -9.900 -99.0 -99.0
   1 1986  84 14040.   1.8   8.9  -9.900 -99.0 -99.0
   1 1986  85  9480.   3.6   8.7  -9.900 -99.0 -99.0
   1 1986  86  2790.   5.2  13.3  -9.900 -99.0 -99.0
   1 1986  87 11250.   7.5  12.2  -9.900 -99.0 -99.0
   1 1986  88  9080.   6.0  10.3  -9.900 -99.0 -99.0
   1 1986  89  5210.   2.0   7.8  -9.900 -99.0 -99.0
   1 1986  90  6520.   4.6  11.0  -9.900 -99.0 -99.0
   1 1986  91 12680.   4.1  10.7  -9.900 -99.0 -99.0
   1 1986  92 15700.   1.3  10.4  -9.900 -99.0 -99.0
   1 1986  93  7790.   3.5   7.9  -9.900 -99.0 -99.0
   1 1986  94  6590.   0.9   6.3  -9.900 -99.0 -99.0
   1 1986  95 12220.   0.9   7.9  -9.900 -99.0 -99.0
   1 1986  96  9850.   1.7   8.0  -9.900 -99.0 -99.0
   1 1986  97  7080.   1.6   9.4  -9.900 -99.0 -99.0
   1 1986  98  2200.   5.8   7.1  -9.900 -99.0 -99.0
   1 1986  99  1410.   3.5   4.0  -9.900 -99.0 -99.0
   1 1986 100  6830.   1.9   7.7  -9.900 -99.0 -99.0
   1 1986 101 12860.  -1.9   2.2  -9.900 -99.0 -99.0
   1 1986 102 15560.  -4.0   4.8  -9.900 -99.0 -99.0
   1 1986 103  6310.   0.3   5.7  -9.900 -99.0 -99.0
   1 1986 104  4610.   2.4   7.0  -9.900 -99.0 -99.0
   1 1986 105  8530.   5.5  11.5  -9.900 -99.0 -99.0
   1 1986 106 12290.   5.6  12.7  -9.900 -99.0 -99.0
   1 1986 107  8840.   6.2  10.6  -9.900 -99.0 -99.0
   1 1986 108 11260.   2.9   9.6  -9.900 -99.0 -99.0
   1 1986 109 10080.   3.0   8.4  -9.900 -99.0 -99.0
   1 1986 110  6470.   3.4  10.8  -9.900 -99.0 -99.0
   1 1986 111  8660.   4.2  13.4  -9.900 -99.0 -99.0
   1 1986 112 18600.   5.9  13.1  -9.900 -99.0 -99.0
   1 1986 113 17420.   6.0  14.7  -9.900 -99.0 -99.0
   1 1986 114 11570.   7.8  14.5  -9.900 -99.0 -99.0
   1 1986 115 15060.   5.3  16.1  -9.900 -99.0 -99.0
   1 1986 116  7260.   5.0  14.2  -9.900 -99.0 -99.0
   1 1986 117  7620.   8.9  12.5  -9.900 -99.0 -99.0
   1 1986 118 13890.   8.0  15.0  -9.900 -99.0 -99.0
   1 1986 119 10130.   6.8  12.6  -9.900 -99.0 -99.0
   1 1986 120 23930.   3.5  15.3  -9.900 -99.0 -99.0
   1 1986 121 23570.   4.4  19.8  -9.900 -99.0 -99.0
   1 1986 122 23370.  11.5  25.2  -9.900 -99.0 -99.0
   1 1986 123 21090.  12.8  21.7  -9.900 -99.0 -99.0
   1 1986 124 23300.   8.2  17.4  -9.900 -99.0 -99.0
   1 1986 125 15480.  11.3  20.1  -9.900 -99.0 -99.0
   1 1986 126  9780.   9.6  17.5  -9.900 -99.0 -99.0
   1 1986 127 15970.  10.0  15.4  -9.900 -99.0 -99.0
   1 1986 128 12790.   6.3  14.8  -9.900 -99.0 -99.0
   1 1986 129  7780.   7.2  14.0  -9.900 -99.0 -99.0
   1 1986 130  6570.  12.3  17.5  -9.900 -99.0 -99.0
   1 1986 131 15040.  10.6  14.5  -9.900 -99.0 -99.0
   1 1986 132 24120.  10.4  21.9  -9.900 -99.0 -99.0
   1 1986 133 16990.  10.6  17.0  -9.900 -99.0 -99.0
   1 1986 134 16210.   9.8  16.9  -9.900 -99.0 -99.0
   1 1986 135 14460.  10.2  13.7  -9.900 -99.0 -99.0
   1 1986 136 27290.   4.2  16.9  -9.900 -99.0 -99.0
   1 1986 137 14540.   6.6  19.6  -9.900 -99.0 -99.0
   1 1986 138 19110.  13.6  19.8  -9.900 -99.0 -99.0
   1 1986 139 21550.   7.6  21.1  -9.900 -99.0 -99.0
   1 1986 140 24880.  10.9  25.5  -9.900 -99.0 -99.0
   1 1986 141 23950.  11.6  19.8  -9.900 -99.0 -99.0
   1 1986 142 21010.   9.3  17.5  -9.900 -99.0 -99.0
   1 1986 143 15530.  11.5  19.0  -9.900 -99.0 -99.0
   1 1986 144 17330.   9.7  16.0  -9.900 -99.0 -99.0
   1 1986 145 28430.   7.0  20.7  -9.900 -99.0 -99.0
   1 1986 146 28280.  10.5  23.7  -9.900 -99.0 -99.0
   1 1986 147 19930.   9.2  20.5  -9.900 -99.0 -99.0
   1 1986 148 21930.   6.7  16.2  -9.900 -99.0 -99.0
   1 1986 149 16640.   6.5  13.6  -9.900 -99.0 -99.0
   1 1986 150 17880.   4.7  14.0  -9.900 -99.0 -99.0
   1 1986 151 19930.   3.6  16.4  -9.900 -99.0 -99.0
   1 1986 152  5450.   7.6  12.4  -9.900 -99.0 -99.0
   1 1986 153 12360.  10.2  18.0  -9.900 -99.0 -99.0
   1 1986 154  5630.  10.6  18.0  -9.900 -99.0 -99.0
   1 1986 155 13970.   8.0  11.6  -9.900 -99.0 -99.0
   1 1986 156 16360.   7.0  12.5  -9.900 -99.0 -99.0
   1 1986 157  5900.   7.5  11.9  -9.900 -99.0 -99.0
   1 1986 158  5690.   8.5  12.9  -9.900 -99.0 -99.0
   1 1986 159 11190.  10.6  14.9  -9.900 -99.0 -99.0
   1 1986 160 28950.   7.6  22.8  -9.900 -99.0 -99.0
   1 1986 161 22240.  13.8  24.9  -9.900 -99.0 -99.0
   1 1986 162 12670.   9.5  15.4  -9.900 -99.0 -99.0
   1 1986 163 17870.   7.5  16.8  -9.900 -99.0 -99.0
   1 1986 164 29200.   6.5  19.5  -9.900 -99.0 -99.0
   1 1986 165 27980.   8.6  23.3  -9.900 -99.0 -99.0
   1 1986 166 27320.  12.3  27.2  -9.900 -99.0 -99.0
   1 1986 167 21410.  16.1  29.4  -9.900 -99.0 -99.0
   1 1986 168 17600.  17.4  27.7  -9.900 -99.0 -99.0
   1 1986 169 21250.  14.1  19.6  -9.900 -99.0 -99.0
   1 1986 170 23800.  10.1  24.5  -9.900 -99.0 -99.0
   1 1986 171 21860.  15.0  25.5  -9.900 -99.0 -99.0
   1 1986 172 20470.  12.4  23.0  -9.900 -99.0 -99.0
   1 1986 173 19640.  13.1  26.6  -9.900 -99.0 -99.0
   1 1986 174 19200.  15.5  26.5  -9.900 -99.0 -99.0
   1 1986 175 14150.  14.0  19.4  -9.900 -99.0 -99.0
   1 1986 176 26760.  11.4  23.1  -9.900 -99.0 -99.0
   1 1986 177 27550.  13.4  26.6  -9.900 -99.0 -99.0
   1 1986 178 27750.  14.6  28.4  -9.900 -99.0 -99.0
   1 1986 179 25840.  16.0  28.3  -9.900 -99.0 -99.0
   1 1986 180 29150.  14.0  26.9  -9.900 -99.0 -99.0
   1 1986 181 29000.  14.9  26.6  -9.900 -99.0 -99.0
   1 1986 182 23270.  15.6  27.9  -9.900 -99.0 -99.0
   1 1986 183 23450.  15.9  28.8  -9.900 -99.0 -99.0
   1 1986 184 18260.  16.6  25.2  -9.900 -99.0 -99.0
   1 1986 185 27950.  13.1  23.3  -9.900 -99.0 -99.0
   1 1986 186 14920.  15.1  24.0  -9.900 -99.0 -99.0
   1 1986 187  9590.  13.0  18.2  -9.900 -99.0 -99.0
   1 1986 188 10420.  11.6  16.7  -9.900 -99.0 -99.0
   1 1986 189 13850.  12.7  19.0  -9.900 -99.0 -99.0
   1 1986 190 21760.  12.2  19.5  -9.900 -99.0 -99.0
   1 1986 191 13130.  13.0  19.0  -9.900 -99.0 -99.0
   1 1986 192 14130.  11.9  18.7  -9.900 -99.0 -99.0
   1 1986 193 23880.   6.8  18.6  -9.900 -99.0 -99.0
   1 1986 194 10700.  11.1  18.3  -9.900 -99.0 -99.0
   1 1986 195 11670.   8.5  20.9  -9.900 -99.0 -99.0
   1 1986 196 20070.  13.4  24.6  -9.900 -99.0 -99.0
   1 1986 197 24140.  13.9  27.0  -9.900 -99.0 -99.0
   1 1986 198 13540.  15.5  21.5  -9.900 -99.0 -99.0
   1 1986 199 13990.   8.8  18.9  -9.900 -99.0 -99.0
   1 1986 200 16660.   8.7  19.5  -9.900 -99.0 -99.0
   1 1986 201 17010.   7.3  20.4  -9.900 -99.0 -99.0
   1 1986 202 16960.  11.6  23.2  -9.900 -99.0 -99.0
   1 1986 203 14400.  13.3  20.3  -9.900 -99.0 -99.0
   1 1986 204  9230.  12.6  18.8  -9.900 -99.0 -99.0
   1 1986 205 13110.   9.0  17.4  -9.900 -99.0 -99.0
   1 1986 206  4950.  10.2  17.1  -9.900 -99.0 -99.0
   1 1986 207  9620.  15.8  21.4  -9.900 -99.0 -99.0
   1 1986 208 19470.  13.9  25.5  -9.900 -99.0 -99.0
   1 1986 209 20800.  15.3  28.4  -9.900 -99.0 -99.0
   1 1986 210 19330.  19.2  23.6  -9.900 -99.0 -99.0
   1 1986 211 24770.  12.6  23.1  -9.900 -99.0 -99.0
   1 1986 212 13930.  14.0  22.8  -9.900 -99.0 -99.0
   1 1986 213 22980.  11.8  21.9  -9.900 -99.0 -99.0
   1 1986 214 17790.  15.0  24.8  -9.900 -99.0 -99.0
   1 1986 215 22090.  11.3  34.7  -9.900 -99.0 -99.0
   1 1986 216 12400.  16.6  22.0  -9.900 -99.0 -99.0
   1 1986 217 18340.  11.5  20.0  -9.900 -99.0 -99.0
   1 1986 218 25560.   9.7  25.8  -9.900 -99.0 -99.0
   1 1986 219 14780.  16.0  20.8  -9.900 -99.0 -99.0
   1 1986 220 15200.  12.9  20.5  -9.900 -99.0 -99.0
   1 1986 221 16570.   9.0  23.0  -9.900 -99.0 -99.0
   1 1986 222 18450.  10.0  24.9  -9.900 -99.0 -99.0
   1 1986 223 16990.  11.2  23.5  -9.900 -99.0 -99.0
   1 1986 224 12400.  12.4  21.0  -9.900 -99.0 -99.0
   1 1986 225  9930.   9.5  21.0  -9.900 -99.0 -99.0
   1 1986 226 16940.  11.3  26.1  -9.900 -99.0 -99.0
   1 1986 227 13220.  15.2  21.1  -9.900 -99.0 -99.0
   1 1986 228 19710.  13.2  21.9  -9.900 -99.0 -99.0
   1 1986 229 18660.  12.0  20.8  -9.900 -99.0 -99.0
   1 1986 230  8920.  11.1  17.8  -9.900 -99.0 -99.0
   1 1986 231  5610.  12.5  16.2  -9.900 -99.0 -99.0
   1 1986 232 15740.  10.8  18.8  -9.900 -99.0 -99.0
   1 1986 233 14110.   6.5  19.7  -9.900 -99.0 -99.0
   1 1986 234  9320.  13.5  20.6  -9.900 -99.0 -99.0
   1 1986 235  7250.  11.1  17.6  -9.900 -99.0 -99.0
   1 1986 236 10730.   9.8  17.0  -9.900 -99.0 -99.0
   1 1986 237 16240.   7.2  19.7  -9.900 -99.0 -99.0
   1 1986 238  7710.  12.7  19.0  -9.900 -99.0 -99.0
   1 1986 239 14820.  11.6  17.9  -9.900 -99.0 -99.0
   1 1986 240 11820.   8.2  16.7  -9.900 -99.0 -99.0
   1 1986 241 12370.   9.1  16.4  -9.900 -99.0 -99.0
   1 1986 242  6530.  10.7  15.4  -9.900 -99.0 -99.0
   1 1986 243 12880.   9.9  15.0  -9.900 -99.0 -99.0
   1 1986 244  8930.   6.5  16.6  -9.900 -99.0 -99.0
   1 1986 245 13610.  11.8  19.6  -9.900 -99.0 -99.0
   1 1986 246  7230.  13.0  15.0  -9.900 -99.0 -99.0
   1 1986 247 14880.  10.1  16.5  -9.900 -99.0 -99.0
   1 1986 248 19560.   6.4  18.8  -9.900 -99.0 -99.0
   1 1986 249 10460.   8.4  17.4  -9.900 -99.0 -99.0
   1 1986 250 15720.   9.4  16.3  -9.900 -99.0 -99.0
   1 1986 251 10250.   9.2  16.4  -9.900 -99.0 -99.0
   1 1986 252 13330.   4.0  15.8  -9.900 -99.0 -99.0
   1 1986 253 14440.   5.4  16.2  -9.900 -99.0 -99.0
   1 1986 254 15180.   3.2  15.4  -9.900 -99.0 -99.0
   1 1986 255  6050.   6.6  12.4  -9.900 -99.0 -99.0
   1 1986 256  6230.   7.8  14.2  -9.900 -99.0 -99.0
   1 1986 257  3370.  12.0  19.6  -9.900 -99.0 -99.0
   1 1986 258  1310.  10.6  11.8  -9.900 -99.0 -99.0
   1 1986 259  6490.   6.7  12.5  -9.900 -99.0 -99.0
   1 1986 260  5070.   8.7  11.0  -9.900 -99.0 -99.0
   1 1986 261 13170.   7.3  14.9  -9.900 -99.0 -99.0
   1 1986 262 16670.   3.7  15.2  -9.900 -99.0 -99.0
   1 1986 263 16060.   2.2  17.0  -9.900 -99.0 -99.0
   1 1986 264 14380.   6.5  18.9  -9.900 -99.0 -99.0
   1 1986 265  7770.   7.8  15.4  -9.900 -99.0 -99.0
   1 1986 266 13020.   8.3  19.6  -9.900 -99.0 -99.0
   1 1986 267  9200.  10.0  15.6  -9.900 -99.0 -99.0
   1 1986 268 15370.   5.9  14.8  -9.900 -99.0 -99.0
   1 1986 269 12460.   3.1  15.6  -9.900 -99.0 -99.0
   1 1986 270 10050.   4.6  16.8  -9.900 -99.0 -99.0
   1 1986 271 12780.   6.5  18.9  -9.900 -99.0 -99.0
   1 1986 272  7950.   8.1  18.5  -9.900 -99.0 -99.0
   1 1986 273  8640.  13.4  18.0  -9.900 -99.0 -99.0
   1 1986 274 13400.   8.0  21.0  -9.900 -99.0 -99.0
   1 1986 275  6190.  11.6  17.7  -9.900 -99.0 -99.0
   1 1986 276  9060.   6.9  16.8  -9.900 -99.0 -99.0
   1 1986 277 12260.   5.2  18.4  -9.900 -99.0 -99.0
   1 1986 278 10110.   6.4  23.8  -9.900 -99.0 -99.0
   1 1986 279  4940.  14.7  17.8  -9.900 -99.0 -99.0
   1 1986 280  7260.  13.4  19.1  -9.900 -99.0 -99.0
   1 1986 281  7250.  13.7  18.6  -9.900 -99.0 -99.0
   1 1986 282  7790.   8.1  18.3  -9.900 -99.0 -99.0
   1 1986 283 10100.  10.2  19.3  -9.900 -99.0 -99.0
   1 1986 284  1640.  10.6  13.9  -9.900 -99.0 -99.0
   1 1986 285  9100.  11.0  18.8  -9.900 -99.0 -99.0
   1 1986 286  9700.   5.6  19.9  -9.900 -99.0 -99.0
   1 1986 287  9600.  12.4  22.6  -9.900 -99.0 -99.0
   1 1986 288  6550.  13.8  20.4  -9.900 -99.0 -99.0
   1 1986 289  1120.  12.5  13.1  -9.900 -99.0 -99.0
   1 1986 290  4570.   8.0  14.6  -9.900 -99.0 -99.0
   1 1986 291  4560.   7.5  14.4  -9.900 -99.0 -99.0
   1 1986 292  7590.  11.5  12.3  -9.900 -99.0 -99.0
   1 1986 293  2820.   7.0  15.8  -9.900 -99.0 -99.0
   1 1986 294  1960.   6.3  10.7  -9.900 -99.0 -99.0
   1 1986 295  1100.   9.3  13.0  -9.900 -99.0 -99.0
   1 1986 296  7530.   6.8  10.4  -9.900 -99.0 -99.0
   1 1986 297  8570.   4.1  11.4  -9.900 -99.0 -99.0
   1 1986 298  5060.   7.7  12.9  -9.900 -99.0 -99.0
   1 1986 299  6140.   6.9  10.8  -9.900 -99.0 -99.0
   1 1986 300  6080.   4.3  12.6  -9.900 -99.0 -99.0
   1 1986 301   960.   9.0  13.1  -9.900 -99.0 -99.0
   1 1986 302  7350.  10.2  11.8  -9.900 -99.0 -99.0
   1 1986 303  7980.   5.2  12.2  -9.900 -99.0 -99.0
   1 1986 304  4550.   8.1  11.8  -9.900 -99.0 -99.0
   1 1986 305  2620.   8.6  13.7  -9.900 -99.0 -99.0
   1 1986 306  5900.   6.3  10.1  -9.900 -99.0 -99.0
   1 1986 307  4400.   5.4   9.0  -9.900 -99.0 -99.0
   1 1986 308  4480.   5.6  10.4  -9.900 -99.0 -99.0
   1 1986 309  1690.   4.7   9.3  -9.900 -99.0 -99.0
   1 1986 310  5090.   8.1  10.5  -9.900 -99.0 -99.0
   1 1986 311  4770.   2.3  11.3  -9.900 -99.0 -99.0
   1 1986 312  1660.   6.9   9.5  -9.900 -99.0 -99.0
   1 1986 313  5570.   1.9   7.7  -9.900 -99.0 -99.0
   1 1986 314  2470.   4.7  13.7  -9.900 -99.0 -99.0
   1 1986 315  5550.  10.7  14.9  -9.900 -99.0 -99.0
   1 1986 316  3960.   7.3  11.2  -9.900 -99.0 -99.0
   1 1986 317  5690.   8.5  16.2  -9.900 -99.0 -99.0
   1 1986 318  5870.   9.7  15.0  -9.900 -99.0 -99.0
   1 1986 319   850.  12.0  14.5  -9.900 -99.0 -99.0
   1 1986 320  3110.   5.0  11.7  -9.900 -99.0 -99.0
   1 1986 321  2910.   8.4  11.0  -9.900 -99.0 -99.0
   1 1986 322  2010.   6.0  11.3  -9.900 -99.0 -99.0
   1 1986 323   570.  10.1  11.3  -9.900 -99.0 -99.0
   1 1986 324  3250.   7.4   8.4  -9.900 -99.0 -99.0
   1 1986 325  1190.   3.1   7.9  -9.900 -99.0 -99.0
   1 1986 326  2130.   4.0  10.9  -9.900 -99.0 -99.0
   1 1986 327  2110.   4.7   6.8  -9.900 -99.0 -99.0
   1 1986 328   680.   5.4   9.6  -9.900 -99.0 -99.0
   1 1986 329   970.   9.6  12.2  -9.900 -99.0 -99.0
   1 1986 330  1590.  10.3  11.2  -9.900 -99.0 -99.0
   1 1986 331  4500.   4.3   9.5  -9.900 -99.0 -99.0
   1 1986 332  4580.   2.0   6.8  -9.900 -99.0 -99.0
   1 1986 333  4580.  -2.5   4.7  -9.900 -99.0 -99.0
   1 1986 334  4580.  -3.4   6.1  -9.900 -99.0 -99.0
   1 1986 335   830.  -1.5   4.6  -9.900 -99.0 -99.0
   1 1986 336   740.   4.6   8.4  -9.900 -99.0 -99.0
   1 1986 337  4720.   5.8  11.3  -9.900 -99.0 -99.0
   1 1986 338  2780.   6.2  12.0  -9.900 -99.0 -99.0
   1 1986 339  4030.   5.9  11.8  -9.900 -99.0 -99.0
   1 1986 340  2200.   5.0   7.0  -9.900 -99.0 -99.0
   1 1986 341  2840.  -0.2   9.0  -9.900 -99.0 -99.0
   1 1986 342  2620.   8.9  13.2  -9.900 -99.0 -99.0
   1 1986 343  2160.   8.7   9.5  -9.900 -99.0 -99.0
   1 1986 344  1910.   2.5   7.1  -9.900 -99.0 -99.0
   1 1986 345  3270.   2.6   7.7  -9.900 -99.0 -99.0
   1 1986 346   920.   5.0   5.9  -9.900 -99.0 -99.0
   1 1986 347   710.   2.5   7.0  -9.900 -99.0 -99.0
   1 1986 348   450.   2.5   3.5  -9.900 -99.0 -99.0
   1 1986 349   770.   0.4   4.5  -9.900 -99.0 -99.0
   1 1986 350  2120.   4.4   6.0  -9.900 -99.0 -99.0
   1 1986 351  2530.   2.8   7.6  -9.900 -99.0 -99.0
   1 1986 352  1510.   5.8  10.2  -9.900 -99.0 -99.0
   1 1986 353  1050.   2.6   5.3  -9.900 -99.0 -99.0
   1 1986 354  1460.   1.5   5.0  -9.900 -99.0 -99.0
   1 1986 355  3420.   1.6   4.4  -9.900 -99.0 -99.0
   1 1986 356  3170.   0.3   1.5  -9.900 -99.0 -99.0
   1 1986 357  2340.  -0.8   3.0  -9.900 -99.0 -99.0
   1 1986 358  2150.  -3.3   0.8  -9.900 -99.0 -99.0
   1 1986 359   350.  -3.5   2.7  -9.900 -99.0 -99.0
   1 1986 360  1070.   1.9   4.7  -9.900 -99.0 -99.0
   1 1986 361  1290.   2.9   5.3  -9.900 -99.0 -99.0
   1 1986 362   990.   4.3   8.5  -9.900 -99.0 -99.0
   1 1986 363   930.   8.5  10.7  -9.900 -99.0 -99.0
   1 1986 364   560.   8.5   9.7  -9.900 -99.0 -99.0
   1 1986 365  1080.   7.5  10.3  -9.900 -99.0 -99.0
