*-------------------------------------------------------------*
* Station name: Aduthurai, Tamil Nadu, India
* Year: jan-mrt1989 
* Author: Henriette Drenth
* Source: Dr T.M. Thiyagarajan & S.N. Mohandass (TNRRI)
*
* Comments: vapour pressure and wind data are not available
*
* Longitude:      , latitude: 11 00 N , altitude: 19.50 m.
*
* Column  Daily value
* 1       station number
* 2       year
* 3       day
* 4       irradiation                   (hours sunshine)
* 5       minimum temperature           (degrees Celsius)
* 6       maximum temperature           (degrees Celsius)
* 7       early morning vapour pressure (kPa)            
* 8       mean wind speed (height: 2 m) (m s-1)          
* 9       precipitation                 (mm d-1)         
*-------------------------------------------------------------*
100  11.00    20. 0.25 0.45
1   1989    1   7.3   20.0   28.5   -99   -99     0.0   
1   1989    2   8.8   21.1   28.3   -99   -99     0.0   
1   1989    3   6.0   21.8   29.0   -99   -99     0.0   
1   1989    4   2.7   22.5   29.8   -99   -99     0.5   
1   1989    5   7.2   22.0   27.7   -99   -99     4.8   
1   1989    6   9.0   18.5   28.5   -99   -99   -99.0   
1   1989    7   6.9   19.2   27.7   -99   -99   -99.0   
1   1989    8   7.8   19.5   28.1   -99   -99   -99.0   
1   1989    9   5.7   20.2   28.3   -99   -99   -99.0   
1   1989   10   5.9   18.6   28.0   -99   -99   -99.0   
1   1989   11   9.5   19.6   28.1   -99   -99   -99.0   
1   1989   12   5.9   18.2   20.6   -99   -99   -99.0   
1   1989   13   7.2   18.6   27.6   -99   -99   -99.0   
1   1989   14   5.0   20.5   28.7   -99   -99   -99.0   
1   1989   15   3.9   20.0   28.0   -99   -99   -99.0   
1   1989   16   7.1   21.5   26.8   -99   -99   -99.0   
1   1989   17   7.5   21.4   28.4   -99   -99   -99.0   
1   1989   18   5.7   21.5   28.4   -99   -99   -99.0   
1   1989   19   7.9   20.2   28.3   -99   -99   -99.0   
1   1989   20   9.6   17.6   28.3   -99   -99   -99.0   
1   1989   21   5.0   19.4   28.3   -99   -99   -99.0   
1   1989   22   7.3   18.5   28.5   -99   -99   -99.0   
1   1989   23   7.4   19.0   29.1   -99   -99   -99.0   
1   1989   24   10.0  19.8   30.1   -99   -99   -99.0   
1   1989   25   9.3   20.0   30.8   -99   -99   -99.0   
1   1989   26   10.4  20.0   29.7   -99   -99   -99.0   
1   1989   27   10.3  18.5   28.8   -99   -99   -99.0   
1   1989   28   9.8   21.3   29.0   -99   -99   -99.0   
1   1989   29   7.6   19.8   28.8   -99   -99   -99.0   
1   1989   30   10.9  19.8   30.0   -99   -99   -99.0   
1   1989   31   10.7  19.0   29.7   -99   -99   -99.0   
1   1989   32   10.9  18.1   29.1   -99   -99   -99.0   
1   1989   33   10.8  16.8   29.6   -99   -99   -99.0   
1   1989   34   11.2  16.0   29.0   -99   -99   -99.0   
1   1989   35   10.5  15.5   30.0   -99   -99   -99.0   
1   1989   36   10.7  15.0   31.3   -99   -99   -99.0   
1   1989   37   10.3  15.0   30.8   -99   -99   -99.0   
1   1989   38   10.1  14.7   30.4   -99   -99   -99.0   
1   1989   39   9.7   16.1   30.3   -99   -99   -99.0   
1   1989   40   10.0  19.0   30.3   -99   -99   -99.0   
1   1989   41   10.4  18.2   30.2   -99   -99   -99.0   
1   1989   42   10.5  17.6   30.4   -99   -99   -99.0   
1   1989   43   10.2  17.0   30.8   -99   -99   -99.0   
1   1989   44   9.3   16.8   30.6   -99   -99   -99.0   
1   1989   45   10.7  16.4   30.2   -99   -99   -99.0   
1   1989   46   10.6  18.0   31.0   -99   -99   -99.0   
1   1989   47   10.5  18.9   31.5   -99   -99   -99.0   
1   1989   48   10.5  18.8   32.2   -99   -99   -99.0   
1   1989   49   9.4   19.0   32.5   -99   -99   -99.0   
1   1989   50   10.7  16.1   31.5   -99   -99   -99.0   
1   1989   51   10.5  17.8   32.8   -99   -99   -99.0   
1   1989   52   10.6  19.6   31.0   -99   -99   -99.0   
1   1989   53   10.5  18.4   31.0   -99   -99   -99.0   
1   1989   54   10.0  18.7   32.0   -99   -99   -99.0   
1   1989   55   10.5  20.2   31.6   -99   -99   -99.0   
1   1989   56   7.9   20.6   31.2   -99   -99   -99.0   
1   1989   57   9.4   20.2   31.2   -99   -99   -99.0   
1   1989   58   9.1   19.7   32.1   -99   -99   -99.0   
1   1989   59   9.0   19.6   31.0   -99   -99   -99.0   
1   1989   60   10.7  16.3   31.6   -99   -99   -99.0   
1   1989   61   10.1  16.3   33.5   -99   -99   -99.0   
1   1989   62   9.8   17.4   32.0   -99   -99   -99.0   
1   1989   63   10.5  16.8   33.6   -99   -99   -99.0   
1   1989   64   10.6  17.9   33.5   -99   -99   -99.0   
1   1989   65   10.5  19.0   32.5   -99   -99   -99.0   
1   1989   66   10.6  21.1   31.8   -99   -99   -99.0   
1   1989   67   9.3   21.8   32.5   -99   -99   -99.0   
1   1989   68   10.1  23.2   32.8   -99   -99   -99.0   
1   1989   69   10.4  23.4   32.5   -99   -99   -99.0   
1   1989   70   6.4   23.9   32.5   -99   -99   -99.0   
1   1989   71   9.9   24.4   32.0   -99   -99   -99.0   
1   1989   72   10.4  21.7   34.4   -99   -99   -99.0   
1   1989   73   10.7  18.9   32.5   -99   -99   -99.0   
1   1989   74   10.4  20.1   32.0   -99   -99   -99.0   
1   1989   75   10.7  19.6   32.8   -99   -99   -99.0   
1   1989   76   10.5  19.4   32.0   -99   -99   -99.0   
1   1989   77   10.2  18.7   33.0   -99   -99   -99.0   
1   1989   78   10.5  18.7   33.5   -99   -99   -99.0   
1   1989   79   10.5  21.1   35.5   -99   -99   -99.0   
1   1989   80   10.6  23.4   35.5   -99   -99   -99.0   
1   1989   81   10.0  24.0   36.0   -99   -99   -99.0   
1   1989   82   10.0  24.3   36.8   -99   -99   -99.0   
1   1989   83   10.5  24.1   36.5   -99   -99   -99.0   
1   1989   84   10.5  22.9   36.4   -99   -99   -99.0   
1   1989   85   10.0  21.5   35.5   -99   -99   -99.0   
1   1989   86   0.0   21.7   35.5   -99   -99   -99.0   
1   1989   87   9.9   23.4   35.5   -99   -99   -99.0   
1   1989   88   10.7  22.9   34.0   -99   -99   -99.0   
1   1989   89   10.5  23.4   32.8   -99   -99   -99.0   
1   1989   90   10.9  22.1   33.2   -99   -99   -99.0   
