*---------------------------------------------------------------------------*
* Station name: Patancheru ICRISAT, India
* Year: 1982
* Author: Peter Uithol                                     -99.000: NIL VALUE
* Source: ICRISAT tape FSAGRO
* Comments:
* Longitude: 78 28 E, latitude: 17 27 N, alt.: Hyderabad airport!: 21. m
*
* Column  Daily value
* 1       station number
* 2       year
* 3       day
* 4       irradiation                   (kJ m-2 d-1)
* 5       minimum temperature           (degrees Celsius)
* 6       maximum temperature           (degrees Celsius)
* 7       early morning vapour pressure (kPa)
* 8       mean wind speed (height: 2 m) (m s-1)
* 9       precipitation                 (mm d-1)
*---------------------------------------------------------------------------*
  78.47  17.45    21. 0.00 0.00
   1 1982   1 18506.  12.5  26.7   1.363   1.6   0.0
   1 1982   2 17459.  11.7  27.3   1.307   1.3   0.0
   1 1982   3 16957.  12.5  27.4   1.436   1.1   0.0
   1 1982   4 19217.  13.2  28.0   1.473   1.6   0.0
   1 1982   5 19845.  13.3  27.2   1.498   2.0   0.0
   1 1982   6 19594.  13.5  27.8   1.486   1.7   0.0
   1 1982   7 12267.  14.0  25.5   1.552   1.2   0.0
   1 1982   8 19008.  12.5  26.9   1.363   1.8   0.0
   1 1982   9 18841.  14.3  26.2   1.629   2.7   0.0
   1 1982  10 17752.  16.0  27.0   1.783   2.8   0.0
   1 1982  11 17543.  16.5  28.7   1.710   2.3   0.0
   1 1982  12 17082.  17.6  28.2   1.873   3.3   0.0
   1 1982  13 17501.  17.3  27.5   1.779   3.4   0.0
   1 1982  14 18589.  16.0  27.9   1.547   3.4   0.0
   1 1982  15 19510.  16.0  28.4   1.365   2.8   0.0
   1 1982  16 20013.  13.9  29.5   1.462   2.3   0.0
   1 1982  17 19804.  14.5  30.2   1.437   1.5   0.0
   1 1982  18 19552.  16.3  31.0   1.298   1.3   0.0
   1 1982  19 13481.  20.6  30.2   1.822   1.4   0.0
   1 1982  20 15282.  17.3  30.4   1.720   2.4   0.0
   1 1982  21 18673.  17.5  30.9   1.581   2.1   0.0
   1 1982  22 19343.  16.6  30.6   1.172   2.6   0.0
   1 1982  23 19678.  16.3  30.7   1.354   2.2   0.0
   1 1982  24 19762.  15.5  30.0   1.269   2.3   0.0
   1 1982  25 20432.  15.6  30.3   1.525   2.8   0.0
   1 1982  26 18882.  16.1  27.6   1.795   3.6   0.0
   1 1982  27 20557.  19.0  28.2   1.892   3.6   0.0
   1 1982  28 17920.  17.6  28.6   1.934   2.8   0.0
   1 1982  29 17752.  18.0  28.4   1.549   4.1   0.0
   1 1982  30 19259.  15.6  28.4   1.525   3.3   0.0
   1 1982  31 19092.  15.5  27.5   1.568   3.0   0.0
   1 1982  32 19720.  14.2  26.0   1.426   2.9   0.0
   1 1982  33 19887.  15.7  26.8   1.606   2.4   0.0
   1 1982  34 20222.  16.3  29.0   1.317   2.9   0.0
   1 1982  35 19050.  16.5  30.5   1.108   2.5   0.0
   1 1982  36 19427.  16.5  31.1   1.296   1.4   0.0
   1 1982  37 19469.  17.3  30.2   1.265   1.9   0.0
   1 1982  38 17459.  18.2  29.2   1.674   1.7   0.0
   1 1982  39 16035.  16.8  30.2   1.742   1.7   0.0
   1 1982  40 19552.  18.0  31.8   1.673   1.2   0.0
   1 1982  41 20306.  18.2  32.0   1.674   1.3   0.0
   1 1982  42 20934.  18.5  33.1   1.386   1.5   0.0
   1 1982  43 21269.  21.5  33.0   1.618   2.5   0.0
   1 1982  44 20306.  17.0  33.9   1.454   2.8   0.0
   1 1982  45 21269.  20.9  31.7   1.881   1.4   0.0
   1 1982  46 18171.  20.0  33.0   1.662   1.4   0.0
   1 1982  47 20180.  19.7  33.0   1.746   1.8   0.0
   1 1982  48 20808.  17.5  33.8   1.141   3.2   0.0
   1 1982  49 21855.  18.0  32.7   1.880   1.7   0.0
   1 1982  50 20264.  18.2  32.0   1.255   1.3   0.0
   1 1982  51 17710.  17.5  32.0   1.341   1.7   0.0
   1 1982  52 13356.  19.8  32.0   1.595   2.1   0.0
   1 1982  53 17752.  17.8  32.9   1.550   2.3   0.0
   1 1982  54 19845.  19.1  33.5   1.549   2.3   0.0
   1 1982  55 16915.  19.8  34.2   1.711   2.6   0.0
   1 1982  56 19217.  20.4  33.5   1.872   2.4   0.0
   1 1982  57 16077.  19.5  34.2   1.430   2.6   0.0
   1 1982  58 23027.  21.0  35.0   1.668   2.9   0.0
   1 1982  59 23404.  21.0  35.0   1.569   2.8   0.0
   1 1982  60 23027.  21.0  35.0   1.494   3.5   0.0
   1 1982  61 21729.  19.8  33.5   1.387   1.6   0.0
   1 1982  62 20515.  19.4  31.7   1.849   2.0   0.0
   1 1982  63 19762.  19.7  31.7   1.976   2.6   0.0
   1 1982  64 20808.  17.8  33.9   1.224   1.7   0.0
   1 1982  65 24451.  17.6  36.0   0.806   2.1   0.0
   1 1982  66 24493.  16.5  34.5   1.202   1.9   0.0
   1 1982  67 23739.  17.5  33.6   1.842   1.9   0.0
   1 1982  68 23739.  19.5  36.5   0.998   2.2   0.0
   1 1982  69 22692.  20.2  35.8   1.967   1.7   0.0
   1 1982  70 18673.  21.0  34.6   2.042   1.9   0.0
   1 1982  71 22986.  20.7  34.3   2.151   2.1   0.0
   1 1982  72 19845.  22.3  33.5   2.184   2.1   0.0
   1 1982  73 23823.  21.2  33.1   1.412   2.1   0.0
   1 1982  74 23530.  20.3  35.3   1.884   2.2   0.0
   1 1982  75 23027.  21.4  35.0   1.506   1.8   0.0
   1 1982  76 19804.  22.7  37.0   2.155   2.9   0.0
   1 1982  77 18548.  21.0  35.8   2.092   2.3   0.0
   1 1982  78 23907.  21.3  35.8   2.156   2.2   0.0
   1 1982  79 23823.  24.4  36.8   1.990   3.3   0.0
   1 1982  80 23069.  21.5  35.5   1.515   2.4   0.0
   1 1982  81 24618.  21.0  35.6   1.369   2.4   0.0
   1 1982  82 24618.  23.2  36.5   1.566   2.7   0.0
   1 1982  83 22232.  24.0  35.5   1.883   2.3   0.0
   1 1982  84 21101.  21.5  36.3   1.541   2.6   0.0
   1 1982  85 24911.  19.0  35.9   1.364   1.7   0.0
   1 1982  86 24493.  22.4  36.0   1.953   1.4   0.0
   1 1982  87 24493.  21.7  34.1   1.845   2.0   0.0
   1 1982  88 24493.  21.4  34.8   2.067   2.1   0.0
   1 1982  89 23153.  22.5  35.8   1.774   2.0   0.0
   1 1982  90 24828.  22.9  37.0   1.454   1.4   0.0
   1 1982  91 25288.  19.8  38.4   1.017   1.4   0.0
   1 1982  92 25414.  22.5  39.2   0.928   1.8   0.0
   1 1982  93 26963.  22.0  39.5   0.927   2.6   0.0
   1 1982  94 27591.  22.5  39.3   0.819   2.4   0.0
   1 1982  95 26544.  22.5  38.3   0.928   2.4   0.0
   1 1982  96 25874.  25.4  37.9   2.534   2.6   0.0
   1 1982  97 18757.  22.2  38.2   2.412   3.1   6.8
   1 1982  98 25372.  20.4  37.5   1.944   3.2   0.0
   1 1982  99 25121.  24.0  37.6   1.703   1.6   0.0
   1 1982 100 20850.  22.5  39.0   1.556   2.3   0.0
   1 1982 101 22190.  17.5  38.0   1.501   4.6  16.2
   1 1982 102 24995.  23.0  35.2   2.335   2.9   0.0
   1 1982 103 21981.  18.0  32.0   1.797   2.6   0.8
   1 1982 104 25414.  21.5  34.3   1.566   1.3   0.0
   1 1982 105 26712.  23.5  35.7   1.595   1.8   0.0
   1 1982 106 25372.  24.0  37.0   2.122   2.3   0.0
   1 1982 107 19636.  23.4  36.8   2.421   3.0   1.8
   1 1982 108 23907.  21.0  36.7   1.967   2.5   0.0
   1 1982 109 25833.  22.5  36.0   2.211   2.6   0.0
   1 1982 110 24074.  22.7  36.5   1.906   2.7   0.0
   1 1982 111 24074.  25.5  36.2   2.255   3.9   0.0
   1 1982 112 17878.  22.5  33.5   1.910   3.6   1.0
   1 1982 113 24660.  24.5  36.0   1.817   1.9   0.0
   1 1982 114 17752.  21.5  36.5   2.105   2.9   7.1
   1 1982 115 25205.  23.3  36.8   1.776   2.4   0.0
   1 1982 116 16245.  20.7  37.4   1.051   1.9   0.0
   1 1982 117 28219.  19.4  36.9   0.699   2.9   0.0
   1 1982 118 23739.  23.6  37.4   1.546   2.5   0.0
   1 1982 119 24283.  24.2  38.9   1.784   2.8   0.0
   1 1982 120 24953.  25.3  36.2   2.293   3.6   0.0
   1 1982 121 26377.  22.0  37.0   1.906   2.8   6.6
   1 1982 122  8206.  22.8  35.2   2.084   2.6   1.0
   1 1982 123 24744.  26.5  37.5   2.115   3.4   0.0
   1 1982 124 25791.  23.9  38.7   1.960   4.5   1.2
   1 1982 125 20264.  24.5  38.9   1.232   2.9   0.0
   1 1982 126 25707.  24.5  39.0   1.848   3.8   1.4
   1 1982 127 22692.  24.0  37.5   1.106   3.1   0.0
   1 1982 128 26461.  23.6  37.5   1.079   2.9   0.0
   1 1982 129 24074.  25.2  37.9   1.670   3.2   0.0
   1 1982 130 25958.  25.2  38.1   1.605   2.5   0.0
   1 1982 131 21562.  24.9  38.5   1.987   3.0   0.0
   1 1982 132 21395.  26.4  36.9   1.689   3.2   0.7
   1 1982 133 21688.  25.5  38.0   2.027   3.9   0.0
   1 1982 134 24283.  25.7  37.7   2.084   3.0   0.0
   1 1982 135 17543.  25.4  36.7   2.079   3.8   0.0
   1 1982 136 20432.  23.9  26.9   2.317   3.3   0.0
   1 1982 137 20432.  18.4  29.1   1.758   3.1   0.0
   1 1982 138 26544.  22.3  34.6   1.995   2.3   0.0
   1 1982 139 26293.  23.4  35.9   1.643   2.4   0.0
   1 1982 140 26209.  23.5  36.8   1.537   2.4   0.0
   1 1982 141 22567.  23.2  36.9   1.452   1.9   0.0
   1 1982 142 23948.  24.0  37.6   1.584   2.0   0.0
   1 1982 143 20432.  23.8  37.4   2.185   2.5  13.0
   1 1982 144 22023.  22.2  35.7   1.581   2.3   0.0
   1 1982 145 25246.  24.0  37.5   1.614   2.0   0.0
   1 1982 146 24367.  25.3  37.6   1.841   2.1   0.0
   1 1982 147 22860.  24.5  37.0   1.540   1.4   0.0
   1 1982 148 24493.  28.0  38.5   1.591   2.8   0.0
   1 1982 149 24911.  26.7  39.0   1.719   4.8   0.0
   1 1982 150 22525.  27.3  37.9   2.072   4.7   0.0
   1 1982 151 20808.  23.8  39.0   2.067   3.1  14.5
   1 1982 152 25791.  23.8  37.5   2.480   4.1   6.0
   1 1982 153 12393.  23.5  34.4   2.523   4.4   2.6
   1 1982 154 17459.  26.1  35.0   1.829   5.5   0.0
   1 1982 155 22609.  25.0  38.9   1.872   4.4   0.0
   1 1982 156 17208.  26.0  37.8   1.919   4.5   0.0
   1 1982 157 24618.  26.5  39.5   1.942   4.8   0.0
   1 1982 158 25456.  27.0  39.1   2.000   5.1   0.0
   1 1982 159 25456.  27.0  39.8   1.893   5.1   0.0
   1 1982 160 23948.  27.5  39.5   2.354   5.8   0.0
   1 1982 161 18506.  27.7  36.9   2.419   4.7   0.0
   1 1982 162 10802.  25.4  34.7   2.339   4.4   0.0
   1 1982 163 20767.  23.6  36.9   2.275   5.1  17.4
   1 1982 164 19301.  22.5  32.9   2.292   4.8  19.4
   1 1982 165 14403.  22.9  31.0   2.461   3.8  11.4
   1 1982 166 12184.  23.5  30.7   2.552   4.4  16.0
   1 1982 167 18506.  22.0  32.6   2.383   4.3  67.2
   1 1982 168  6783.  23.5  29.6   2.407   4.4   0.0
   1 1982 169 22064.  23.5  33.1   2.378   5.6   0.0
   1 1982 170 19594.  23.4  35.1   2.363   6.4   0.0
   1 1982 171 20725.  23.0  34.5   2.222   8.3   0.0
   1 1982 172 13272.  22.6  30.1   2.471   4.5  13.6
   1 1982 173 23027.  23.0  33.5   2.729   5.0   2.4
   1 1982 174 12100.  22.9  27.0   2.600   3.5   5.6
   1 1982 175 14277.  23.0  29.4   2.588   3.8   2.6
   1 1982 176 16077.  23.4  30.4   2.507   4.3   5.5
   1 1982 177 21018.  22.5  33.8   2.593   5.5   5.2
   1 1982 178 13984.  22.5  31.7   2.292   3.3  18.4
   1 1982 179 13984.  23.3  32.5   2.263   4.5   0.0
   1 1982 180 22692.  24.8  35.0   2.257   5.4   0.0
   1 1982 181 25791.  22.7  35.5   1.879   3.8   0.0
   1 1982 182 23279.  24.6  35.2   1.890   4.2   0.0
   1 1982 183 21562.  22.7  34.6   1.879   3.0   0.0
   1 1982 184 25498.  24.4  34.7   1.928   3.6   0.0
   1 1982 185 24744.  24.0  34.6   2.331   4.9   0.0
   1 1982 186 17333.  24.5  33.6   2.340   4.8   0.0
   1 1982 187 21813.  24.0  33.4   2.241   4.2   0.0
   1 1982 188 20599.  23.0  34.2   2.279   3.9   0.6
   1 1982 189 24158.  22.5  34.0   2.456   4.7   8.6
   1 1982 190 24242.  22.6  32.9   2.361   4.6   6.0
   1 1982 191 15910.  22.0  30.2   2.383   4.1   8.0
   1 1982 192  9043.  21.6  28.5   2.273   4.6   4.0
   1 1982 193 13314.  22.5  28.2   2.511   3.9   2.0
   1 1982 194 18380.  21.5  29.7   2.336   3.0   0.5
   1 1982 195 24200.  21.5  31.1   2.182   4.3   1.6
   1 1982 196 19217.  22.7  31.8   2.486   4.3   5.2
   1 1982 197 16454.  23.0  31.6   2.448   4.9   0.0
   1 1982 198 18045.  23.0  32.5   2.448   4.3   1.6
   1 1982 199 22609.  21.7  31.7   2.287   5.7   5.0
   1 1982 200  7955.  22.3  28.0   2.427   5.4   5.0
   1 1982 201  4187.  22.0  25.2   2.303   4.3   6.1
   1 1982 202 11430.  22.3  29.5   2.346   4.7   1.2
   1 1982 203 21646.  22.8  30.6   2.279   4.9   0.0
   1 1982 204 23279.  23.0  32.5   2.448   5.0   1.0
   1 1982 205 16663.  22.9  30.9   2.517   3.8   2.4
   1 1982 206  9965.  22.9  27.0   2.461   3.8   0.0
   1 1982 207 18506.  22.5  31.7   2.374   4.6  11.4
   1 1982 208 23111.  21.6  30.8   2.325   5.0  31.0
   1 1982 209 14528.  22.0  28.5   2.303   4.5   0.0
   1 1982 210 18841.  22.3  30.2   2.373   5.5   4.2
   1 1982 211 16412.  21.0  28.1   2.266   5.2  49.4
   1 1982 212 25414.  22.4  30.5   2.387   5.1   0.0
   1 1982 213 21729.  22.7  31.2   2.431   4.3   0.0
   1 1982 214 19845.  22.7  30.7   2.486   3.6   6.2
   1 1982 215 22651.  22.2  31.2   2.492   3.8  12.0
   1 1982 216 23655.  22.4  30.9   2.441   2.9   6.8
   1 1982 217 19092.  23.0  29.9   2.363   2.6   0.0
   1 1982 218 20892.  24.3  31.0   2.404   2.7   0.0
   1 1982 219 19971.  23.8  31.6   2.510   2.9   0.0
   1 1982 220 12519.  22.3  29.2   2.453   2.9  10.8
   1 1982 221  9085.  22.0  27.8   2.383   2.8   0.8
   1 1982 222 22692.  22.6  30.0   2.416   3.5   0.0
   1 1982 223 16622.  22.5  30.3   2.374   4.3   0.0
   1 1982 224 18296.  21.8  30.1   2.432   3.8  13.3
   1 1982 225 14486.  22.0  28.3   2.409   5.1   0.8
   1 1982 226  7997.  22.5  26.2   2.347   5.7   0.6
   1 1982 227  8332.  22.7  28.8   2.376   4.5   0.0
   1 1982 228 16580.  23.0  30.4   2.476   4.5   0.0
   1 1982 229 16077.  22.0  30.6   2.330   3.4   7.0
   1 1982 230 16747.  22.5  29.2   2.456   4.3   1.0
   1 1982 231 12393.  22.2  28.2   2.412   3.9   5.0
   1 1982 232 14989.  22.5  29.5   2.320   3.8   0.0
   1 1982 233 13188.  22.5  28.9   2.456   3.6   2.4
   1 1982 234 17166.  22.6  30.2   2.224   5.4   0.0
   1 1982 235 13481.  22.7  29.6   2.210   4.7   0.0
   1 1982 236 15240.  22.3  30.4   2.292   4.5   0.0
   1 1982 237 15324.  22.0  31.0   2.277   3.6   1.0
   1 1982 238 17459.  22.0  29.6   2.250   3.5   0.0
   1 1982 239 19217.  22.2  30.6   2.197   3.4   0.8
   1 1982 240 18296.  22.7  30.1   2.210   3.2   0.0
   1 1982 241 20180.  22.7  31.2   2.044   2.9   0.0
   1 1982 242 15910.  21.8  30.5   2.171   2.8   0.0
   1 1982 243 20641.  22.4  32.0   2.306   3.5   0.0
   1 1982 244 21520.  22.5  32.3   2.156   1.7   0.0
   1 1982 245 22860.  21.5  33.5   1.951   1.7   0.0
   1 1982 246 22609.  21.5  33.0   2.131   1.8  14.2
   1 1982 247 21729.  21.5  30.3   2.311   2.4   5.0
   1 1982 248 26544.  22.3  31.0   1.968   3.2   0.0
   1 1982 249 20683.  21.7  32.4   2.547   1.2   2.5
   1 1982 250 10844.  22.0  26.8   2.488   1.7   2.2
   1 1982 251 13733.  21.5  31.5   2.516   2.8  34.2
   1 1982 252 13398.  22.2  28.6   2.439   3.2   1.0
   1 1982 253  6908.  22.0  26.0   2.621   2.9  12.6
   1 1982 254  6155.  22.2  25.6   2.573   3.0   3.1
   1 1982 255 12519.  20.9  27.0   2.425   3.1   7.8
   1 1982 256 17752.  22.0  30.0   2.409   1.6   0.0
   1 1982 257 24200.  23.2  30.8   2.705   1.3   0.0
   1 1982 258 14528.  22.5  29.9   2.647   1.1  17.2
   1 1982 259 14486.  21.5  28.0   2.490   1.4   0.0
   1 1982 260 21478.  22.0  30.5   2.515   1.5   0.0
   1 1982 261 20139.  22.5  30.4   2.538   1.3   0.0
   1 1982 262 19510.  23.3  30.5   2.550   1.6   2.2
   1 1982 263 18422.  22.5  30.7   2.429   1.4   0.0
   1 1982 264 23111.  22.6  31.4   2.334   1.1   0.0
   1 1982 265 19427.  22.0  31.8   2.594   1.0  24.8
   1 1982 266 15659.  21.4  29.6   2.501   1.6   8.4
   1 1982 267 15575.  21.3  26.5   2.460   1.9   4.8
   1 1982 268 18799.  22.6  28.7   2.554   2.1   0.5
   1 1982 269 10551.  21.6  27.8   2.480   0.6   5.8
   1 1982 270 18757.  22.2  29.4   2.465   1.4   2.4
   1 1982 271  5820.  21.4  28.2   2.322   1.5   0.0
   1 1982 272 16412.  20.2  29.5   2.275   1.4  31.4
   1 1982 273 24535.  20.0  30.2   2.177   0.8   0.0
   1 1982 274 22525.  21.0  31.5   2.191   0.6   0.0
   1 1982 275 22023.  19.4  31.9   1.939   0.9   0.0
   1 1982 276 19301.  18.5  32.0   1.833   1.2   0.0
   1 1982 277 22776.  18.5  31.6   1.833   1.0   0.0
   1 1982 278 21939.  18.4  31.2   1.779   1.4   0.0
   1 1982 279 22776.  21.5  31.1   2.311   1.3   0.0
   1 1982 280 19092.  20.6  31.0   2.138   1.3   0.0
   1 1982 281 20348.  19.6  32.0   1.941   1.2   0.0
   1 1982 282 21520.  20.0  32.2   1.943   1.2   0.0
   1 1982 283 22358.  20.4  32.6   2.040   1.3   0.0
   1 1982 284 21478.  19.0  32.0   1.980   1.2   0.0
   1 1982 285 21478.  18.5  31.9   1.897   1.6   0.0
   1 1982 286 21478.  17.0  32.0   1.745   1.6   0.0
   1 1982 287 21143.  17.5  32.5   1.641   1.7   0.0
   1 1982 288 22148.  17.8  32.6   1.652   1.4   0.0
   1 1982 289 21646.  17.8  32.0   1.714   1.4   0.0
   1 1982 290 20097.  18.2  31.2   1.757   2.6   0.0
   1 1982 291 15701.  21.5  27.9   2.413   2.6   3.2
   1 1982 292 18548.  21.5  30.1   2.413   3.3   0.0
   1 1982 293  4229.  20.5  24.6   2.390   3.5  34.5
   1 1982 294  5066.  21.0  24.0   2.390   3.8   6.8
   1 1982 295 13691.  18.5  27.2   2.089   1.8   0.0
   1 1982 296 20432.  22.5  29.6   2.484   0.8   0.0
   1 1982 297  7327.  21.8  28.6   2.275   1.2   4.0
   1 1982 298  7285.  21.3  29.1   2.485   0.7   4.2
   1 1982 299 15575.  22.6  30.1   2.608   0.8   1.5
   1 1982 300 17459.  20.8  30.5   2.263   1.9   4.6
   1 1982 301 17585.  22.0  27.8   2.356   1.9   0.0
   1 1982 302 20264.  20.0  29.4   2.177   1.8   0.0
   1 1982 303 18003.  20.0  29.4   2.271   1.5   0.0
   1 1982 304 18757.  17.5  29.5   1.741   1.3   0.0
   1 1982 305 20892.  16.2  29.6   1.290   1.7   0.0
   1 1982 306 21478.  17.7  29.2   1.703   2.2   0.0
   1 1982 307 13858.  20.5  28.5   2.004   2.3   0.0
   1 1982 308 15659.  21.3  29.0   2.308   4.2   2.4
   1 1982 309 13105.  19.8  27.2   2.243   2.8   2.2
   1 1982 310 16915.  21.6  28.9   2.351   3.1   0.0
   1 1982 311  9504.  21.0  27.5   2.365   3.6   4.4
   1 1982 312 18087.  20.0  28.0   2.247   4.3   2.2
   1 1982 313 16245.  21.6  28.1   2.325   4.4   0.0
   1 1982 314 16245.  20.7  27.6   2.371   2.8   0.6
   1 1982 315 13188.  21.0  29.8   2.390   2.4   0.0
   1 1982 316 12435.  18.0  31.1   1.694   1.5   0.0
   1 1982 317 20725.  18.7  30.8   2.051   0.7   0.0
   1 1982 318 19636.  16.7  30.5   1.693   1.1   0.0
   1 1982 319 20641.  14.7  29.0   1.339   1.3   0.0
   1 1982 320 21101.  15.5  29.0   1.445   1.6   0.0
   1 1982 321 20599.  16.5  29.8   1.841   1.3   0.0
   1 1982 322 16454.  17.0  28.1   1.784   2.3   0.0
   1 1982 323 20683.  13.0  28.0   1.424   1.8   0.0
   1 1982 324 19971.  13.7  27.5   1.412   1.3   0.0
   1 1982 325 19510.  14.5  27.1   1.454   1.4   0.0
   1 1982 326 15072.  18.9  26.9   1.902   1.8   0.0
   1 1982 327 15072.  14.5  27.2   1.553   1.6   0.0
   1 1982 328 19971.  15.0  28.5   1.604   1.9   0.0
   1 1982 329 18589.  15.2  28.5   1.694   1.4   0.0
   1 1982 330 17710.  16.0  27.9   1.547   2.0   0.0
   1 1982 331 19050.  14.7  28.6   1.607   1.8   0.0
   1 1982 332  8206.  14.5  27.0   1.586   1.4   0.0
   1 1982 333 15910.  15.6  28.5   1.738   1.7   0.0
   1 1982 334 12770.  15.8  27.5   1.778   1.4   0.0
   1 1982 335 16035.  15.0  28.0   1.621   1.0   0.0
   1 1982 336 16789.  13.4  27.6   1.292   1.8   0.0
   1 1982 337 17961.  10.5  27.2   1.156   2.0   0.0
   1 1982 338 16915.   9.4  26.8   1.026   1.7   0.0
   1 1982 339  9923.  10.6  27.8   1.164   1.3   0.0
   1 1982 340 10551.  12.0  27.8   1.249   1.4   0.0
   1 1982 341 17794.  12.8  28.5   1.183   1.6   0.0
   1 1982 342 18171.  14.0  28.0   1.568   2.2   0.0
   1 1982 343 18882.  14.0  27.5   1.504   1.8   0.0
   1 1982 344 18087.  12.8  27.5   1.420   1.6   0.0
   1 1982 345 18548.  12.7  28.0   1.352   1.8   0.0
   1 1982 346 16329.  11.5  27.9   1.330   1.8   0.0
   1 1982 347 12100.  17.4  27.5   1.750   1.4   0.0
   1 1982 348 15575.  16.9  29.6   1.811   2.0   0.0
   1 1982 349 18380.  14.0  29.0   1.584   2.1   0.0
   1 1982 350 15701.  13.5  29.0   1.440   2.1   0.0
   1 1982 351 18631.  11.0  28.0   1.248   1.9   0.0
   1 1982 352 18045.  13.5  29.0   1.424   1.9   0.0
   1 1982 353 17710.  14.4  28.5   1.543   1.5   0.0
   1 1982 354 11849.  14.3  29.8   1.435   1.8   0.0
   1 1982 355 17794.  13.0  29.0   1.469   2.1   0.0
   1 1982 356 17668.  13.4  27.8   1.507   1.9   0.0
   1 1982 357 17626.  12.0  27.4   1.347   1.8   0.0
   1 1982 358 17920.  13.8  28.5   1.563   1.6   0.0
   1 1982 359 16789.  13.0  29.0   1.484   1.3   0.0
   1 1982 360 13230.  12.4  28.9   1.383   2.1   0.0
   1 1982 361 16580.  12.5  27.0   1.349   3.3   0.0
   1 1982 362 18882.  13.5  28.0   1.393   2.5   0.0
   1 1982 363 17333.  15.9  29.0   1.266   1.9   0.0
   1 1982 364 17501.  14.7  29.0   1.573   1.2   0.0
   1 1982 365 14319.  11.9  27.8   1.213   1.3   0.0
