*---------------------------------------------------------------------------*
* Station name: Bijapur, Karnataka, India
* Year: 1976
* Author: Peter Uithol                                     -99.000: NIL VALUE
* Source: ICRISAT tape FSAGRO
* Comments: No vapour pressure, wind speed and elevation data.
* Longitude: 75 48 E, latitude: 16 47 N, altitude: -99. m
*
* Column  Daily value
* 1       station number
* 2       year
* 3       day
* 4       irradiation                   (kJ m-2 d-1)
* 5       minimum temperature           (degrees Celsius)
* 6       maximum temperature           (degrees Celsius)
* 7       early morning vapour pressure (kPa)
* 8       mean wind speed (height: 2 m) (m s-1)
* 9       precipitation                 (mm d-1)
*---------------------------------------------------------------------------*
  75.80  16.78   -99. 0.00 0.00
   2 1976   1 12058.  17.2  29.5 -99.000 -99.0   0.0
   2 1976   2 20097.  16.5  30.6 -99.000 -99.0   0.0
   2 1976   3 21729.  15.6  29.3 -99.000 -99.0   0.0
   2 1976   4 20097.  16.2  29.4 -99.000 -99.0   0.0
   2 1976   5 23362.  14.1  29.2 -99.000 -99.0   0.0
   2 1976   6 23362.  13.7  27.2 -99.000 -99.0   0.0
   2 1976   7 23362.  13.7  27.4 -99.000 -99.0   0.0
   2 1976   8 20306.  14.3  28.0 -99.000 -99.0   0.0
   2 1976   9 23572.  13.9  28.0 -99.000 -99.0   0.0
   2 1976  10 23572.  14.7  28.6 -99.000 -99.0   0.0
   2 1976  11 23572.  12.7  29.0 -99.000 -99.0   0.0
   2 1976  12 23572.  14.0  28.3 -99.000 -99.0   0.0
   2 1976  13 23572.  14.1  27.0 -99.000 -99.0   0.0
   2 1976  14 23572.  14.3  28.2 -99.000 -99.0   0.0
   2 1976  15 14570.  15.2  28.2 -99.000 -99.0   0.0
   2 1976  16 22106.  14.7  29.8 -99.000 -99.0   0.0
   2 1976  17 13858.  16.7  30.0 -99.000 -99.0   0.0
   2 1976  18 18799.  15.5  29.4 -99.000 -99.0   0.0
   2 1976  19 13858.  15.2  28.5 -99.000 -99.0   0.0
   2 1976  20 20641.  14.9  29.6 -99.000 -99.0   0.0
   2 1976  21 23948.  14.3  29.3 -99.000 -99.0   0.0
   2 1976  22 24158.  12.7  27.6 -99.000 -99.0   0.0
   2 1976  23 24367.  11.8  28.0 -99.000 -99.0   0.0
   2 1976  24 24577.  13.5  27.4 -99.000 -99.0   0.0
   2 1976  25 24744.  15.3  29.6 -99.000 -99.0   0.0
   2 1976  26 24744.  16.5  30.0 -99.000 -99.0   0.0
   2 1976  27 23907.  17.6  31.0 -99.000 -99.0   0.0
   2 1976  28 24744.  16.5  30.6 -99.000 -99.0   0.0
   2 1976  29 17920.  16.7  30.2 -99.000 -99.0   0.0
   2 1976  30 11095.  17.7  28.8 -99.000 -99.0   0.0
   2 1976  31 11974.  16.7  28.8 -99.000 -99.0   0.0
   2 1976  32 23237.  15.7  32.5 -99.000 -99.0   0.0
   2 1976  33 13816.  18.1  32.4 -99.000 -99.0   0.0
   2 1976  34 18213.  18.1  33.4 -99.000 -99.0   0.0
   2 1976  35 25372.  16.7  33.2 -99.000 -99.0   0.0
   2 1976  36 25372.  16.4  30.2 -99.000 -99.0   0.0
   2 1976  37 25539.  14.7  30.2 -99.000 -99.0   0.0
   2 1976  38 25539.  12.8  30.2 -99.000 -99.0   0.0
   2 1976  39 25749.  12.8  30.0 -99.000 -99.0   0.0
   2 1976  40 25749.  13.2  30.2 -99.000 -99.0   0.0
   2 1976  41 25749.  14.2  30.4 -99.000 -99.0   0.0
   2 1976  42 25958.  15.7  30.9 -99.000 -99.0   0.0
   2 1976  43 25958.  17.7  31.0 -99.000 -99.0   0.0
   2 1976  44 26168.  17.5  30.8 -99.000 -99.0   0.0
   2 1976  45 26377.  18.0  31.8 -99.000 -99.0   0.0
   2 1976  46 26377.  18.6  33.0 -99.000 -99.0   0.0
   2 1976  47 26544.  18.4  34.0 -99.000 -99.0   0.0
   2 1976  48 26754.  17.5  34.2 -99.000 -99.0   0.0
   2 1976  49 26754.  18.3  34.4 -99.000 -99.0   0.0
   2 1976  50 25079.  17.3  25.0 -99.000 -99.0   0.0
   2 1976  51 22274.  18.2  35.2 -99.000 -99.0   0.0
   2 1976  52 16789.  18.7  35.0 -99.000 -99.0   0.0
   2 1976  53 18673.  19.6  35.0 -99.000 -99.0   0.0
   2 1976  54 26419.  18.6  35.2 -99.000 -99.0   0.0
   2 1976  55 27549.  20.2  35.0 -99.000 -99.0   0.0
   2 1976  56 27549.  20.9  35.8 -99.000 -99.0   0.0
   2 1976  57 27758.  18.2  35.6 -99.000 -99.0   0.0
   2 1976  58 27758.  17.5  35.9 -99.000 -99.0   0.0
   2 1976  59 27758.  18.2  35.2 -99.000 -99.0   0.0
   2 1976  60 18254.  18.0  34.9 -99.000 -99.0   0.0
   2 1976  61 24242.  16.7  35.0 -99.000 -99.0   0.0
   2 1976  62 20348.  18.3  35.6 -99.000 -99.0   0.0
   2 1976  63 24409.  19.2  36.4 -99.000 -99.0   0.0
   2 1976  64 22609.  21.7  37.0 -99.000 -99.0   0.0
   2 1976  65 22609.  20.9  37.6 -99.000 -99.0   0.0
   2 1976  66 22776.  20.2  36.6 -99.000 -99.0   0.0
   2 1976  67 18757.  19.8  36.4 -99.000 -99.0   0.0
   2 1976  68 22944.  20.3  36.2 -99.000 -99.0   0.0
   2 1976  69 26963.  21.4  37.0 -99.000 -99.0   0.0
   2 1976  70 19050.  21.2  36.2 -99.000 -99.0   0.0
   2 1976  71 19050.  21.2  36.8 -99.000 -99.0   0.0
   2 1976  72 21060.  21.7  38.0 -99.000 -99.0   0.0
   2 1976  73 21227.  20.9  36.6 -99.000 -99.0   0.0
   2 1976  74 25288.  20.1  36.4 -99.000 -99.0   0.0
   2 1976  75 21227.  21.8  37.3 -99.000 -99.0   0.0
   2 1976  76 21353.  23.1  37.8 -99.000 -99.0   0.0
   2 1976  77 23404.  23.9  38.0 -99.000 -99.0   0.0
   2 1976  78 25623.  23.7  39.2 -99.000 -99.0   0.0
   2 1976  79 21520.  25.2  38.4 -99.000 -99.0   0.0
   2 1976  80 21520.  23.6  38.0 -99.000 -99.0   0.0
   2 1976  81 21646.  24.9  38.4 -99.000 -99.0   0.0
   2 1976  82 21646.  23.7  38.4 -99.000 -99.0   0.0
   2 1976  83 25791.  24.1  37.0 -99.000 -99.0   0.0
   2 1976  84 25791.  23.7  38.4 -99.000 -99.0   0.0
   2 1976  85 25791.  23.1  38.2 -99.000 -99.0   0.0
   2 1976  86 25958.  24.6  38.2 -99.000 -99.0   0.0
   2 1976  87 23907.  24.2  38.0 -99.000 -99.0   0.0
   2 1976  88 21939.  23.7  38.0 -99.000 -99.0   0.0
   2 1976  89 26168.  21.7  35.0 -99.000 -99.0   1.6
   2 1976  90 22106.  22.6  37.0 -99.000 -99.0   0.0
   2 1976  91 22106.  21.3  36.2 -99.000 -99.0   0.6
   2 1976  92 24200.  20.6  35.0 -99.000 -99.0   1.0
   2 1976  93 22232.  19.5  35.4 -99.000 -99.0   0.0
   2 1976  94 22232.  22.8  36.4 -99.000 -99.0   0.0
   2 1976  95 24535.  22.8  37.2 -99.000 -99.0   0.0
   2 1976  96 26670.  23.8  37.8 -99.000 -99.0   0.0
   2 1976  97 26670.  25.1  36.8 -99.000 -99.0   0.0
   2 1976  98 26670.  24.7  37.0 -99.000 -99.0   0.0
   2 1976  99 22525.  25.4  38.4 -99.000 -99.0   0.0
   2 1976 100 22525.  22.5  38.0 -99.000 -99.0   0.0
   2 1976 101 24660.  25.2  38.4 -99.000 -99.0   0.0
   2 1976 102 18296.  26.8  39.6 -99.000 -99.0   0.0
   2 1976 103 22651.  26.8  39.6 -99.000 -99.0   0.0
   2 1976 104 27005.  20.9  38.4 -99.000 -99.0   5.8
   2 1976 105 20515.  22.6  36.6 -99.000 -99.0   4.0
   2 1976 106 24828.  24.7  36.0 -99.000 -99.0   0.0
   2 1976 107 24828.  24.2  36.4 -99.000 -99.0   0.0
   2 1976 108 22651.  23.7  29.2 -99.000 -99.0   0.0
   2 1976 109 24828.  23.5  39.4 -99.000 -99.0   0.0
   2 1976 110 24828.  26.4  39.6 -99.000 -99.0   0.0
   2 1976 111 22651.  27.6  40.2 -99.000 -99.0   0.0
   2 1976 112 20515.  25.2  40.8 -99.000 -99.0   0.0
   2 1976 113 18296.  24.2  39.4 -99.000 -99.0   0.0
   2 1976 114 22651.  21.3  37.4 -99.000 -99.0   0.0
   2 1976 115 20515.  20.8  39.0 -99.000 -99.0   5.0
   2 1976 116 20515.  21.8  36.6 -99.000 -99.0  14.4
   2 1976 117 22651.  21.2  36.4 -99.000 -99.0   0.0
   2 1976 118 18464.  22.2  37.8 -99.000 -99.0   0.0
   2 1976 119 22818.  22.2  37.4 -99.000 -99.0   0.0
   2 1976 120 24995.  22.2  38.6 -99.000 -99.0   0.0
   2 1976 121 22818.  21.7  39.3 -99.000 -99.0   0.0
   2 1976 122 20599.  22.1  39.6 -99.000 -99.0   0.0
   2 1976 123 20599.  22.3  39.4 -99.000 -99.0   0.0
   2 1976 124 20599.  22.1  39.4 -99.000 -99.0   0.0
   2 1976 125 24995.  21.3  39.4 -99.000 -99.0   0.0
   2 1976 126 25163.  20.3  39.0 -99.000 -99.0   0.0
   2 1976 127 22944.  21.3  38.8 -99.000 -99.0   0.0
   2 1976 128 22944.  20.6  38.0 -99.000 -99.0   0.0
   2 1976 129 22944.  21.5  39.0 -99.000 -99.0   0.0
   2 1976 130 25163.  24.8  40.0 -99.000 -99.0   0.0
   2 1976 131 23111.  21.9  40.2 -99.000 -99.0   0.0
   2 1976 132 23111.  26.6  40.0 -99.000 -99.0   0.0
   2 1976 133 23111.  24.9  40.4 -99.000 -99.0   0.0
   2 1976 134 21018.  23.7  40.4 -99.000 -99.0   0.0
   2 1976 135 29936.  23.4  39.2 -99.000 -99.0   0.0
   2 1976 136 23237.  22.3  39.0 -99.000 -99.0   0.0
   2 1976 137 23237.  22.1  39.4 -99.000 -99.0   0.0
   2 1976 138 21018.  22.7  40.2 -99.000 -99.0   0.0
   2 1976 139 18757.  22.8  40.2 -99.000 -99.0   0.0
   2 1976 140 21018.  22.6  40.4 -99.000 -99.0   0.0
   2 1976 141 16454.  22.4  40.4 -99.000 -99.0   0.0
   2 1976 142 14235.  22.0  41.0 -99.000 -99.0   0.0
   2 1976 143 18673.  24.0  40.0 -99.000 -99.0   0.0
   2 1976 144 18673.  23.7  39.4 -99.000 -99.0   0.0
   2 1976 145 18673.  22.9  38.0 -99.000 -99.0   0.0
   2 1976 146 16454.  23.7  38.4 -99.000 -99.0   0.0
   2 1976 147 18673.  23.0  37.4 -99.000 -99.0   2.0
   2 1976 148 14235.  23.3  37.1 -99.000 -99.0   0.0
   2 1976 149 16454.  23.3  37.4 -99.000 -99.0   0.0
   2 1976 150 20850.  23.2  36.6 -99.000 -99.0   1.0
   2 1976 151 14235.  22.7  36.6 -99.000 -99.0   4.4
   2 1976 152 14235.  23.0  34.4 -99.000 -99.0   0.0
   2 1976 153 14235.  21.7  31.8 -99.000 -99.0   1.0
   2 1976 154 14235.  22.7  32.0 -99.000 -99.0   0.0
   2 1976 155 14235.  21.7  29.4 -99.000 -99.0   0.4
   2 1976 156 14235.  22.5  30.0 -99.000 -99.0   0.6
   2 1976 157 14235.  22.2  28.0 -99.000 -99.0   0.0
   2 1976 158 14235.  22.0  31.2 -99.000 -99.0   1.2
   2 1976 159 16454.  21.7  32.0 -99.000 -99.0   0.0
   2 1976 160 14235.  21.8  33.8 -99.000 -99.0   0.0
   2 1976 161 16454.  21.8  32.6 -99.000 -99.0   0.0
   2 1976 162 14235.  22.7  34.2 -99.000 -99.0   0.0
   2 1976 163 14235.  22.6  35.6 -99.000 -99.0   0.0
   2 1976 164 14235.  22.5  35.6 -99.000 -99.0   0.0
   2 1976 165 14235.  22.3  34.0 -99.000 -99.0   0.0
   2 1976 166 20850.  22.8  31.6 -99.000 -99.0   0.0
   2 1976 167 25330.  22.2  34.0 -99.000 -99.0   1.2
   2 1976 168 20850.  22.7  34.0 -99.000 -99.0   0.0
   2 1976 169 18673.  21.8  35.2 -99.000 -99.0   0.0
   2 1976 170 18673.  22.2  36.0 -99.000 -99.0   0.0
   2 1976 171 14235.  22.7  36.0 -99.000 -99.0   0.0
   2 1976 172 20850.  21.8  36.6 -99.000 -99.0   0.0
   2 1976 173 16454.  22.3  36.2 -99.000 -99.0   0.0
   2 1976 174 25330.  22.5  34.2 -99.000 -99.0  18.1
   2 1976 175 23111.  23.2  33.8 -99.000 -99.0  81.8
   2 1976 176 25330.  24.0  28.4 -99.000 -99.0   2.6
   2 1976 177 14235.  22.2  30.0 -99.000 -99.0   3.8
   2 1976 178 16454.  21.7  31.6 -99.000 -99.0   0.0
   2 1976 179 16454.  22.5  31.8 -99.000 -99.0   0.0
   2 1976 180 14235.  21.7  32.4 -99.000 -99.0   0.0
   2 1976 181 18673.  21.2  33.4 -99.000 -99.0   2.0
   2 1976 182 18673.  22.2  33.7 -99.000 -99.0   0.0
   2 1976 183 14235.  22.7  32.5 -99.000 -99.0   0.0
   2 1976 184 14235.  22.7  31.4 -99.000 -99.0   0.0
   2 1976 185 16454.  22.8  33.4 -99.000 -99.0   0.0
   2 1976 186 18673.  23.0  32.9 -99.000 -99.0  10.1
   2 1976 187 18673.  22.6  32.5 -99.000 -99.0   0.0
   2 1976 188 16454.  22.7  31.9 -99.000 -99.0   0.0
   2 1976 189 20850.  22.0  33.6 -99.000 -99.0   4.6
   2 1976 190 20850.  22.4  30.7 -99.000 -99.0   0.0
   2 1976 191 14235.  22.5  30.9 -99.000 -99.0   0.0
   2 1976 192 14235.  23.2  30.9 -99.000 -99.0   0.8
   2 1976 193 14235.  21.6  30.9 -99.000 -99.0   0.0
   2 1976 194 16454.  21.7  31.9 -99.000 -99.0   0.0
   2 1976 195 16454.  21.3  31.8 -99.000 -99.0   0.0
   2 1976 196 14235.  22.2  31.5 -99.000 -99.0   0.0
   2 1976 197 14235.  22.2  31.0 -99.000 -99.0   0.0
   2 1976 198 14235.  21.8  31.3 -99.000 -99.0   0.0
   2 1976 199 14151.  21.7  29.4 -99.000 -99.0   0.4
   2 1976 200 18548.  20.8  28.0 -99.000 -99.0   0.4
   2 1976 201 16370.  21.8  27.5 -99.000 -99.0   1.8
   2 1976 202 20767.  21.0  25.9 -99.000 -99.0   3.8
   2 1976 203 16370.  22.0  23.0 -99.000 -99.0   6.2
   2 1976 204 20767.  22.3  30.4 -99.000 -99.0   0.4
   2 1976 205 18548.  21.7  30.4 -99.000 -99.0   0.0
   2 1976 206 18548.  20.7  31.1 -99.000 -99.0   0.0
   2 1976 207 18548.  21.7  31.8 -99.000 -99.0   0.0
   2 1976 208 14151.  22.0  30.1 -99.000 -99.0  10.8
   2 1976 209 14151.  21.3  28.4 -99.000 -99.0   7.6
   2 1976 210 16370.  22.0  28.9 -99.000 -99.0   0.0
   2 1976 211 14151.  21.7  29.2 -99.000 -99.0   0.4
   2 1976 212 16370.  21.3  27.1 -99.000 -99.0   0.8
   2 1976 213 14151.  22.6  30.2 -99.000 -99.0   0.6
   2 1976 214 14151.  22.2  27.4 -99.000 -99.0   4.6
   2 1976 215 15240.  22.0  28.0 -99.000 -99.0   0.0
   2 1976 216 14151.  22.2  30.4 -99.000 -99.0   0.0
   2 1976 217 14151.  22.0  30.8 -99.000 -99.0   0.0
   2 1976 218 14151.  21.6  31.6 -99.000 -99.0   0.0
   2 1976 219 15240.  21.6  31.4 -99.000 -99.0   0.0
   2 1976 220 14068.  22.2  32.6 -99.000 -99.0   0.0
   2 1976 221 21688.  22.2  32.8 -99.000 -99.0   0.0
   2 1976 222 17333.  21.8  32.8 -99.000 -99.0   0.0
   2 1976 223 14068.  21.8  31.6 -99.000 -99.0   0.0
   2 1976 224 17333.  21.0  31.0 -99.000 -99.0   0.0
   2 1976 225 16245.  22.0  32.4 -99.000 -99.0   0.0
   2 1976 226 14068.  23.0  32.2 -99.000 -99.0   0.0
   2 1976 227 16245.  22.2  33.0 -99.000 -99.0   0.0
   2 1976 228 18464.  22.0  33.2 -99.000 -99.0   0.0
   2 1976 229 14068.  22.4  31.4 -99.000 -99.0   0.0
   2 1976 230 17333.  21.6  31.4 -99.000 -99.0   0.0
   2 1976 231 16161.  22.0  30.1 -99.000 -99.0   0.0
   2 1976 232 13984.  21.8  29.2 -99.000 -99.0   7.2
   2 1976 233 13858.  20.4  29.0 -99.000 -99.0  19.6
   2 1976 234 13858.  22.0  30.2 -99.000 -99.0  25.0
   2 1976 235 13816.  20.6  26.2 -99.000 -99.0   4.0
   2 1976 236 14863.  21.8  28.2 -99.000 -99.0  71.6
   2 1976 237 13816.  21.4  26.8 -99.000 -99.0  25.2
   2 1976 238 13691.  20.4  28.2 -99.000 -99.0   7.8
   2 1976 239 13691.  21.2  26.8 -99.000 -99.0   0.0
   2 1976 240 15826.  21.8  29.4 -99.000 -99.0   0.0
   2 1976 241 15826.  21.8  27.4 -99.000 -99.0   0.0
   2 1976 242 13607.  22.4  29.8 -99.000 -99.0   0.0
   2 1976 243 13607.  21.4  31.2 -99.000 -99.0   0.3
   2 1976 244 13607.  21.6  28.4 -99.000 -99.0   0.0
   2 1976 245 13607.  21.2  28.4 -99.000 -99.0   0.0
   2 1976 246 13523.  21.4  31.0 -99.000 -99.0   0.0
   2 1976 247 13523.  21.1  29.4 -99.000 -99.0   0.0
   2 1976 248 13523.  20.4  29.4 -99.000 -99.0   0.0
   2 1976 249 15659.  20.2  30.4 -99.000 -99.0   1.0
   2 1976 250 13440.  20.7  32.4 -99.000 -99.0   0.0
   2 1976 251 16580.  20.8  32.8 -99.000 -99.0   0.0
   2 1976 252 19720.  20.7  32.8 -99.000 -99.0   0.0
   2 1976 253 16580.  20.7  32.6 -99.000 -99.0   0.0
   2 1976 254 14486.  21.3  32.6 -99.000 -99.0   0.0
   2 1976 255 13356.  21.0  32.6 -99.000 -99.0   0.0
   2 1976 256 20599.  20.7  33.4 -99.000 -99.0   0.0
   2 1976 257 17501.  20.2  33.0 -99.000 -99.0   0.0
   2 1976 258 14403.  20.4  33.0 -99.000 -99.0   0.0
   2 1976 259 19552.  20.7  32.0 -99.000 -99.0   0.0
   2 1976 260 21646.  20.2  32.5 -99.000 -99.0   0.0
   2 1976 261 13272.  20.4  33.0 -99.000 -99.0   0.0
   2 1976 262 19469.  20.2  30.0 -99.000 -99.0   0.0
   2 1976 263 13147.  22.2  32.2 -99.000 -99.0   0.0
   2 1976 264 13105.  22.1  32.2 -99.000 -99.0   3.8
   2 1976 265 13105.  22.3  31.8 -99.000 -99.0   0.0
   2 1976 266 12979.  22.2  32.4 -99.000 -99.0   0.0
   2 1976 267 21060.  20.5  30.0 -99.000 -99.0   0.0
   2 1976 268 21897.  22.7  34.4 -99.000 -99.0   0.0
   2 1976 269 14821.  23.2  36.0 -99.000 -99.0   0.0
   2 1976 270 12728.  23.7  36.0 -99.000 -99.0   0.0
   2 1976 271 13691.  22.7  35.0 -99.000 -99.0   0.0
   2 1976 272 14612.  24.2  33.2 -99.000 -99.0   0.0
   2 1976 273 20348.  23.0  34.6 -99.000 -99.0   0.0
   2 1976 274 22316.  23.2  36.4 -99.000 -99.0   0.0
   2 1976 275 24074.  23.1  36.2 -99.000 -99.0   0.0
   2 1976 276 22148.  24.8  36.2 -99.000 -99.0   0.0
   2 1976 277 22148.  21.2  33.4 -99.000 -99.0  19.3
   2 1976 278 24074.  22.1  33.8 -99.000 -99.0   3.5
   2 1976 279 21981.  20.7  33.0 -99.000 -99.0   0.0
   2 1976 280 23907.  22.1  34.2 -99.000 -99.0   0.0
   2 1976 281 20055.  22.4  35.0 -99.000 -99.0   0.0
   2 1976 282 20055.  22.1  35.4 -99.000 -99.0   0.0
   2 1976 283 22944.  22.0  35.9 -99.000 -99.0   0.0
   2 1976 284 21855.  22.2  35.4 -99.000 -99.0   0.0
   2 1976 285 21855.  22.3  35.4 -99.000 -99.0   0.0
   2 1976 286 21855.  20.6  34.4 -99.000 -99.0   0.0
   2 1976 287 19929.  18.7  34.6 -99.000 -99.0   0.0
   2 1976 288 19929.  19.7  34.4 -99.000 -99.0   0.0
   2 1976 289 19929.  21.9  34.4 -99.000 -99.0   0.0
   2 1976 290 19929.  23.1  33.4 -99.000 -99.0   0.0
   2 1976 291 21646.  23.4  31.2 -99.000 -99.0   0.0
   2 1976 292 22316.  19.7  33.8 -99.000 -99.0   0.0
   2 1976 293 21520.  20.8  34.4 -99.000 -99.0   0.0
   2 1976 294 12100.  24.2  35.6 -99.000 -99.0   0.0
   2 1976 295 21353.  25.1  35.3 -99.000 -99.0   0.0
   2 1976 296 21353.  24.2  34.2 -99.000 -99.0   0.0
   2 1976 297 23195.  24.0  32.2 -99.000 -99.0   0.2
   2 1976 298 19343.  23.7  33.0 -99.000 -99.0   0.0
   2 1976 299 21185.  23.8  35.0 -99.000 -99.0   0.0
   2 1976 300 22860.  23.3  35.2 -99.000 -99.0   0.0
   2 1976 301 20850.  21.6  33.7 -99.000 -99.0   0.0
   2 1976 302 19050.  21.2  32.5 -99.000 -99.0   0.0
   2 1976 303 20725.  21.0  32.4 -99.000 -99.0   0.0
   2 1976 304 22525.  21.0  32.6 -99.000 -99.0   0.0
   2 1976 305 22358.  21.8  32.6 -99.000 -99.0   0.0
   2 1976 306 22358.  22.3  33.0 -99.000 -99.0   0.0
   2 1976 307 22358.  21.4  33.1 -99.000 -99.0   0.0
   2 1976 308 22190.  20.5  32.7 -99.000 -99.0   0.0
   2 1976 309 20390.  22.8  32.6 -99.000 -99.0   0.0
   2 1976 310 22023.  20.9  32.5 -99.000 -99.0  11.3
   2 1976 311 20264.  22.5  30.2 -99.000 -99.0   0.3
   2 1976 312 21855.  22.5  31.4 -99.000 -99.0   0.0
   2 1976 313 22316.  23.0  31.5 -99.000 -99.0   0.0
   2 1976 314 19804.  21.5  33.1 -99.000 -99.0   0.0
   2 1976 315 19594.  20.9  32.0 -99.000 -99.0   0.0
   2 1976 316 21311.  21.1  32.8 -99.000 -99.0   0.0
   2 1976 317 19469.  21.4  32.5 -99.000 -99.0   0.0
   2 1976 318 20976.  21.5  32.5 -99.000 -99.0   0.0
   2 1976 319 20976.  21.1  32.1 -99.000 -99.0   0.0
   2 1976 320 19259.  18.9  32.5 -99.000 -99.0   0.0
   2 1976 321 19134.  21.0  32.6 -99.000 -99.0   0.0
   2 1976 322 20808.  20.6  29.4 -99.000 -99.0   1.2
   2 1976 323 20641.  21.1  29.3 -99.000 -99.0   0.0
   2 1976 324 19008.  21.5  29.6 -99.000 -99.0   0.0
   2 1976 325 19008.  21.6  30.1 -99.000 -99.0   0.0
   2 1976 326 19008.  21.7  29.2 -99.000 -99.0   0.0
   2 1976 327 17208.  21.3  29.6 -99.000 -99.0   0.0
   2 1976 328 18799.  20.0  30.5 -99.000 -99.0   0.0
   2 1976 329 15533.  21.8  31.0 -99.000 -99.0   0.0
   2 1976 330 20306.  21.3  28.8 -99.000 -99.0   0.0
   2 1976 331 20306.  19.7  31.2 -99.000 -99.0   0.0
   2 1976 332 18506.  20.6  31.8 -99.000 -99.0   0.0
   2 1976 333 18506.  20.0  32.8 -99.000 -99.0   0.0
   2 1976 334 19971.  18.8  33.2 -99.000 -99.0   0.0
   2 1976 335 19971.  18.3  33.2 -99.000 -99.0   0.0
   2 1976 336 19971.  19.9  32.3 -99.000 -99.0   0.0
   2 1976 337 19971.  21.2  32.8 -99.000 -99.0   0.0
   2 1976 338 21353.  20.7  31.4 -99.000 -99.0   0.0
   2 1976 339 19804.  21.2  32.4 -99.000 -99.0   0.0
   2 1976 340 19804.  21.4  32.6 -99.000 -99.0   0.0
   2 1976 341 18213.  18.7  29.8 -99.000 -99.0   0.0
   2 1976 342 19804.  17.3  31.0 -99.000 -99.0   0.0
   2 1976 343 18213.  16.6  30.3 -99.000 -99.0   0.0
   2 1976 344  1800.  16.6  30.5 -99.000 -99.0   0.0
   2 1976 345 19594.  17.2  30.2 -99.000 -99.0   0.0
   2 1976 346 19594.  17.6  30.0 -99.000 -99.0   0.0
   2 1976 347 18003.  18.2  30.4 -99.000 -99.0   0.0
   2 1976 348 19594.  18.6  31.4 -99.000 -99.0   0.0
   2 1976 349 19594.  18.7  29.8 -99.000 -99.0   0.0
   2 1976 350 18003.  18.2  29.7 -99.000 -99.0   0.0
   2 1976 351 21185.  16.7  29.1 -99.000 -99.0   0.0
   2 1976 352 19804.  14.0  27.5 -99.000 -99.0   0.0
   2 1976 353 19804.  12.7  28.4 -99.000 -99.0   0.0
   2 1976 354 21353.  14.6  30.3 -99.000 -99.0   0.0
   2 1976 355 19804.  15.9  30.7 -99.000 -99.0   0.0
   2 1976 356 21353.  16.7  30.5 -99.000 -99.0   0.0
   2 1976 357 19804.  16.6  30.4 -99.000 -99.0   0.0
   2 1976 358 19804.  14.8  31.0 -99.000 -99.0   0.0
   2 1976 359 19971.  16.1  32.3 -99.000 -99.0   0.0
   2 1976 360 19971.  15.2  34.6 -99.000 -99.0   0.0
   2 1976 361 19971.  17.4  33.2 -99.000 -99.0   0.0
   2 1976 362 21562.  17.7  33.3 -99.000 -99.0   0.0
   2 1976 363 19971.  17.0  32.5 -99.000 -99.0   0.0
   2 1976 364 21729.  16.7  32.7 -99.000 -99.0   0.0
   2 1976 365 21729.  15.8  32.7 -99.000 -99.0   0.0
