*---------------------------------------------------------------------------*
* Station name: Kapurthala (Rice Research Station), India
* Year: 1984
* Author: Peter Uithol                                     -99.000: NIL VALUE
* Source: IRRI/WMO Special project
* Comments:
* Longitude: 75 52 E, latitude: 30 56 N, altitude: 247. m
*
* Column  Daily value
* 1       station number
* 2       year
* 3       day
* 4       irradiation                   (kJ m-2 d-1)
* 5       minimum temperature           (degrees Celsius)
* 6       maximum temperature           (degrees Celsius)
* 7       early morning vapour pressure (kPa)
* 8       mean wind speed (height: 2 m) (m s-1)
* 9       precipitation                 (mm d-1)
*---------------------------------------------------------------------------*
  75.87  30.93   247. 0.00 0.00
   6 1984   1  9666.  -1.1  19.0   0.366   0.4   0.0
   6 1984   2 10501.  -1.1  18.0   0.383   0.7   0.0
   6 1984   3 12287.  -1.1  21.0   0.415   0.5   0.0
   6 1984   4  8410.  -1.5  19.5   0.405   0.7   0.0
   6 1984   5  8449.   0.5  18.2   0.557   1.1   0.0
   6 1984   6  9475.   2.5  16.0   0.559   0.6   0.0
   6 1984   7 11149.  -0.5  16.5   0.430   0.9   0.0
   6 1984   8 10883.   2.0  19.5   0.524   0.6   0.0
   6 1984   9  7610.   1.9  15.0   0.593   0.5   0.0
   6 1984  10  9666.   3.0  17.9   0.676   0.5   0.0
   6 1984  11  9360.   2.4  18.5   0.660   0.8   2.2
   6 1984  12 11185.   3.9  22.2   0.589   0.7   0.0
   6 1984  13 11833.   4.5  18.3   0.766   1.4   0.0
   6 1984  14 11833.   2.0  18.9   0.564   0.6   0.0
   6 1984  15  9400.   1.8  17.3   0.597   0.6   0.0
   6 1984  16 10768.   3.2  17.2   0.698   0.6   0.0
   6 1984  17 11527.   1.2  17.5   0.548   0.8   0.0
   6 1984  18 10008.   6.0  17.6   0.886   1.0   0.0
   6 1984  19 12784.   4.8  18.5   0.818   1.0   0.0
   6 1984  20 12517.   2.3  18.3   0.554   0.8   0.0
   6 1984  21 12251.   0.4  18.6   0.594   0.7   0.0
   6 1984  22  6473.   4.9  18.4   0.820   1.0   0.0
   6 1984  23 12136.   1.2  17.0   0.568   0.9   0.0
   6 1984  24 11185.   0.4  18.5   0.494   0.8   0.0
   6 1984  25 12668.   1.4  18.0   0.556   0.6   0.0
   6 1984  26 11376.   0.5  16.5   0.490   0.7   0.0
   6 1984  27 13237.   1.5  18.0   0.452   0.9   0.0
   6 1984  28 14112.   1.4  18.0   0.617   1.0   0.0
   6 1984  29 14188.   0.1  18.5   0.407   0.9   0.0
   6 1984  30 13619.   0.2  19.0   0.395   0.8   0.0
   6 1984  31 13392.   1.0  23.5   0.409   0.6   0.0
   6 1984  32  6242.   4.5  17.5   0.655   0.9   0.0
   6 1984  33 11678.   2.5  24.0   0.594   1.0   0.0
   6 1984  34  9248.   7.0  20.0   0.926   1.1   0.0
   6 1984  35 14378.   3.0  18.5   0.655   0.7   0.0
   6 1984  36 15138.   1.0  17.0   0.456   0.9   0.0
   6 1984  37 12100.   1.5  19.0   0.460   0.8   0.0
   6 1984  38 12971.   3.5  19.9   0.561   0.6   0.0
   6 1984  39 15102.   4.0  18.5   0.535   1.0   0.0
   6 1984  40 15138.   3.5  19.5   0.587   1.0   0.0
   6 1984  41 14454.   6.5  20.6   0.588   0.6   0.0
   6 1984  42 13885.   5.3  19.8   0.801   0.6   0.0
   6 1984  43 15026.   4.8  21.3   0.738   0.7   0.0
   6 1984  44 16661.   4.5  20.5   0.737   0.9   0.0
   6 1984  45 14152.   3.2  21.2   0.670   0.7   0.0
   6 1984  46  8676.   9.1  21.0   1.124   0.7   0.0
   6 1984  47 12402.   8.0  23.0   0.917   1.2   0.0
   6 1984  48  9324.   9.0  22.0   1.086   2.0   8.4
   6 1984  49  6775.   9.5  16.1   1.062   2.9  38.0
   6 1984  50  2974.   9.0  12.5   1.101   1.9  28.0
   6 1984  51 14645.   7.5  15.5   0.696   2.0   0.0
   6 1984  52 15901.   4.8  14.8   0.641   0.6   0.0
   6 1984  53 17496.   4.4  15.0   0.606   1.4   0.0
   6 1984  54 17687.   4.4  14.5   0.562   1.4   0.0
   6 1984  55 18065.   2.6  15.8   0.471   1.3   0.0
   6 1984  56 18256.   2.6  17.7   0.618   1.1   0.0
   6 1984  57 18788.   3.0  19.4   0.677   1.2   0.0
   6 1984  58 19130.   4.0  20.8   0.565   1.1   0.0
   6 1984  59 18410.   6.6  21.5   0.675   2.4   0.0
   6 1984  60 19321.   7.2  23.2   0.889   1.0   0.0
   6 1984  61 19094.   7.1  24.0   0.865   0.9   0.0
   6 1984  62 19397.   6.6  24.5   0.705   0.6   0.0
   6 1984  63 18904.   7.1  24.0   0.816   0.9   0.0
   6 1984  64 18713.   7.9  25.0   0.849   0.6   0.0
   6 1984  65 19548.   8.6  25.0   0.991   0.8   0.0
   6 1984  66 18713.   8.2  26.0   0.827   0.9   0.0
   6 1984  67 19436.   9.1  26.5   0.899   1.3   0.0
   6 1984  68 19436.   9.2  25.8   0.994   1.2   0.0
   6 1984  69 14263.  10.2  27.8   1.086   0.9   0.0
   6 1984  70 16812.  13.8  27.4   1.291   2.7   0.0
   6 1984  71 17114.  12.6  29.7   1.263   0.7   0.0
   6 1984  72 18256.  13.2  27.8   1.164   0.7   0.0
   6 1984  73 16319.  11.6  28.0   1.229   0.7   0.0
   6 1984  74 16852.  14.1  28.7   1.436   0.9   0.0
   6 1984  75 14569.  17.6  27.7   1.601   1.1   0.0
   6 1984  76 17878.  16.6  28.0   1.669   2.1  22.4
   6 1984  77 14569.  14.9  27.9   1.506   1.8   0.0
   6 1984  78 20423.  13.0  23.6   1.235   1.3   0.0
   6 1984  79 22514.  10.6  26.0   1.043   1.0   0.0
   6 1984  80 21564.  10.6  26.4   1.129   0.9   0.0
   6 1984  81 22212.  11.0  29.4   1.085   0.7   0.0
   6 1984  82 21182.  13.6  30.0   1.368   0.5   0.0
   6 1984  83 20538.  13.5  31.2   1.342   1.4   0.0
   6 1984  84 16661.  17.5  28.8   1.653   1.3   0.0
   6 1984  85 21071.  16.0  30.0   1.678   0.9   0.0
   6 1984  86 19321.  14.1  28.6   1.314   0.7   0.0
   6 1984  87 20995.  14.2  30.5   1.356   0.8   0.0
   6 1984  88 17878.  17.6  31.5   1.654   0.8   0.0
   6 1984  89 20045.  17.1  32.0   1.692   1.3   0.0
   6 1984  90 14796.  17.1  31.5   1.530   1.5   0.0
   6 1984  91 16128.  18.2  28.9   1.759   2.5   1.6
   6 1984  92 21182.  17.3  31.5   1.702   1.0   0.0
   6 1984  93 21146.  14.1  31.0   1.238   1.3   0.0
   6 1984  94 24948.  15.5  29.8   1.343   1.0   0.0
   6 1984  95 24797.  12.1  30.0   1.143   1.3   0.0
   6 1984  96 23274.  15.5  31.0   1.362   0.8   0.0
   6 1984  97 23731.  13.1  31.3   1.116   0.8   0.0
   6 1984  98 16963.  13.0  27.0   1.086   2.4   0.0
   6 1984  99 24224.  10.6  29.5   1.066   1.1   0.0
   6 1984 100 25099.  10.2  29.3   1.005   0.9   0.0
   6 1984 101 24455.  12.0  31.5   0.919   0.8   0.0
   6 1984 102 21146.  14.5  33.6   1.390   1.1   0.0
   6 1984 103 25632.  16.0  35.0   1.590   1.5   0.0
   6 1984 104 23083.  18.0  37.5   1.589   0.9   0.0
   6 1984 105 18562.  18.5  37.8   1.850   0.9   0.0
   6 1984 106 22057.  18.5  37.5   1.426   1.1   0.0
   6 1984 107 19246.  17.0  34.5   1.423   1.5   0.0
   6 1984 108 24833.  16.5  35.5   1.304   1.0   0.0
   6 1984 109 20311.  17.5  36.0   1.263   2.7   0.0
   6 1984 110 13352.  17.5  31.0   1.725   2.7  17.0
   6 1984 111 17230.  16.8  29.0   1.472   1.8   1.8
   6 1984 112 23083.  15.0  31.2   1.445   0.8   0.0
   6 1984 113 24682.  16.5  33.5   1.550   0.7   0.0
   6 1984 114 24797.  17.0  35.5   1.581   0.7   0.0
   6 1984 115 23504.  17.5  37.0   1.487   0.9   0.0
   6 1984 116 23998.  19.5  38.0   1.784   1.1   0.0
   6 1984 117 22363.  20.0  39.5   1.510   2.2   0.0
   6 1984 118 18220.  21.5  35.6   2.003   2.3   0.0
   6 1984 119 26392.  16.0  36.6   1.443   1.7   0.0
   6 1984 120 26356.  17.2  37.0   1.420   1.3   0.0
   6 1984 121 26165.  17.1  37.3   1.593   2.0   0.0
   6 1984 122 26089.  16.1  39.0   1.487   1.8   0.0
   6 1984 123 25024.  18.0  40.2   0.973   1.5   0.0
   6 1984 124 24642.  20.5  40.0   0.695   1.3   0.0
   6 1984 125 25139.  19.0  41.0   0.504   1.8   0.0
   6 1984 126 24606.  20.5  42.2   0.847   1.2   0.0
   6 1984 127 23425.  22.3  42.8   0.814   1.9   0.0
   6 1984 128 19015.  24.5  40.5   1.112   1.8   0.0
   6 1984 129 22475.  24.5  41.0   1.133   1.6   0.0
   6 1984 130 21715.  21.8  42.5   0.803   2.1   0.0
   6 1984 131 22288.  24.5  39.5   1.336   2.5   0.0
   6 1984 132 23846.  23.5  39.5   0.966   1.5   0.0
   6 1984 133 20614.  19.5  40.0   0.665   1.4   0.0
   6 1984 134 22781.  20.3  41.0   0.746   1.3   0.0
   6 1984 135 23616.  22.3  40.6   0.838   1.7   0.0
   6 1984 136 25290.  23.3  41.2   0.782   1.5   0.0
   6 1984 137 27608.  20.2  41.0   0.609   1.0   0.0
   6 1984 138 27227.  21.2  41.4   0.252   2.1   0.0
   6 1984 139 26125.  19.2  42.2   0.252   1.3   0.0
   6 1984 140 25366.  24.3  42.6   0.636   1.5   0.0
   6 1984 141 26316.  20.3  42.5   0.544   2.0   0.0
   6 1984 142 27266.  21.2  43.8   0.519   2.5   0.0
   6 1984 143 25974.  20.2  44.2   0.493   1.8   0.0
   6 1984 144 25898.  22.7  44.7   0.746   1.6   0.0
   6 1984 145 25783.  24.2  45.8   0.820   1.3   0.0
   6 1984 146 24300.  24.9  44.8   1.205   2.2   0.0
   6 1984 147 23425.  29.4  43.8   1.696   3.1   0.0
   6 1984 148 23580.  30.4  43.4   1.614   2.8   0.0
   6 1984 149 24113.  24.7  43.0   0.947   2.3   0.0
   6 1984 150 26809.  24.5  43.0   1.293   2.1   0.0
   6 1984 151 25024.  28.0  43.5   1.655   1.8   0.0
   6 1984 152 24455.  28.0  43.5   1.325   1.8   0.0
   6 1984 153 24606.  27.5  43.5   1.114   1.5   0.0
   6 1984 154 24757.  28.0  43.5   1.253   1.5   0.0
   6 1984 155 24566.  28.0  44.0   1.299   1.9   0.0
   6 1984 156 24300.  28.5  42.0   1.630   2.9   0.0
   6 1984 157 23958.  27.0  42.0   1.707   2.0   0.0
   6 1984 158 24948.  28.5  43.0   1.774   1.6   0.0
   6 1984 159 23580.  28.5  41.5   1.910   3.3   0.0
   6 1984 160 23882.  30.0  41.0   2.105   2.6   0.0
   6 1984 161 23425.  30.0  41.0   2.207   3.5   3.6
   6 1984 162 23008.  24.0  37.0   1.972   3.9  68.0
   6 1984 163 19930.  21.0  38.0   1.845   1.3   0.0
   6 1984 164 23731.  20.5  35.0   1.651   1.0   0.0
   6 1984 165 25668.  27.0  36.5   2.336   1.4   0.0
   6 1984 166 24642.  28.0  37.0   2.367   2.0   0.0
   6 1984 167 25099.  26.5  41.0   2.171   1.6   0.0
   6 1984 168 25974.  29.5  39.0   2.190   3.2   0.0
   6 1984 169 17039.  25.0  39.0   1.837   3.5  27.0
   6 1984 170 16013.  19.5  30.5   1.657   3.1   3.0
   6 1984 171 17989.  23.0  33.0   2.040   1.9   0.0
   6 1984 172 14720.  26.0  34.5   2.556   0.8   0.0
   6 1984 173 22288.  27.5  38.5   2.343   1.4   0.0
   6 1984 174 13961.  26.5  36.5   2.001   1.0   0.0
   6 1984 175 12287.  26.5  33.5   2.383   1.9   0.0
   6 1984 176 13237.  27.0  36.0   2.093   1.3   0.0
   6 1984 177 17003.  29.5  37.0   2.425   1.1   0.0
   6 1984 178 18598.  29.0  37.5   2.549   1.6   0.0
   6 1984 179 19321.  27.0  36.0   2.450   1.5   2.0
   6 1984 180 14872.  26.5  35.0   2.441   1.7  17.0
   6 1984 181 14911.  27.0  29.0   2.818   1.9   0.0
   6 1984 182 22514.  27.5  30.0   2.832   1.5   0.0
   6 1984 183 19472.  25.5  33.3   2.249   1.5   0.0
   6 1984 184 23047.  26.0  35.0   2.380   1.1   0.0
   6 1984 185 23922.  28.0  36.0   2.556   1.7   0.0
   6 1984 186 22554.  27.0  35.0   2.454   1.4   0.0
   6 1984 187 19512.  26.5  33.0   2.483   2.2  93.0
   6 1984 188 21182.  23.0  32.5   2.324   1.3  27.6
   6 1984 189 20729.  22.8  31.7   2.165   2.3  30.0
   6 1984 190 19361.  20.5  30.0   2.050   1.1   0.0
   6 1984 191 25290.  26.0  33.0   2.492   1.3   0.0
   6 1984 192 25405.  26.4  33.5   2.444   1.5   0.0
   6 1984 193 20729.  23.5  31.0   2.041   1.0   0.0
   6 1984 194 24188.  24.5  32.5   2.229   1.2   0.0
   6 1984 195 21755.  26.0  34.0   2.542   0.9   0.0
   6 1984 196 20614.  27.0  34.2   2.875   1.3   0.0
   6 1984 197 25405.  25.8  34.5   2.412   1.5   0.0
   6 1984 198 14000.  27.0  30.0   2.779   1.9   0.0
   6 1984 199 24376.  27.0  35.5   2.143   1.1   0.0
   6 1984 200 20995.  29.0  33.0   2.950   1.6   0.0
   6 1984 201 18410.  27.5  34.0   2.839   1.2   0.0
   6 1984 202 13543.  27.5  33.0   3.126   1.2   4.0
   6 1984 203 21413.  25.0  33.5   2.440   1.5  24.0
   6 1984 204 16355.  23.0  33.0   2.287   1.0   0.0
   6 1984 205 28444.  26.5  34.5   2.417   0.9   0.0
   6 1984 206 23465.  27.5  35.5   2.755   1.0   0.0
   6 1984 207 21679.  28.5  35.6   2.975   1.1   0.0
   6 1984 208 22972.  27.0  35.5   2.529   1.4   0.0
   6 1984 209 11945.  25.2  31.0   2.829   1.4   1.4
   6 1984 210  7423.  23.0  31.0   2.554   1.3  18.8
   6 1984 211 17194.  22.5  31.0   2.415   0.7   0.0
   6 1984 212 23425.  27.0  33.5   2.757   1.3   0.0
   6 1984 213 19930.  26.4  32.5   2.796   1.7   0.0
   6 1984 214 25859.  26.5  34.5   2.480   0.8   0.0
   6 1984 215 25668.  28.0  34.5   2.836   0.9   0.0
   6 1984 216 21524.  28.5  33.5   2.862   2.0   0.0
   6 1984 217 21262.  25.0  34.0   2.351   0.8   0.0
   6 1984 218 19512.  26.0  34.5   2.327   0.9   0.0
   6 1984 219 15329.  27.0  35.0   2.189   0.6   0.0
   6 1984 220 20045.  26.0  34.5   2.428   1.3   0.0
   6 1984 221 24113.  24.5  34.5   2.297   0.7   0.0
   6 1984 222 15822.  26.0  35.5   2.485   0.9   0.0
   6 1984 223 10274.  25.0  33.5   2.713   1.0   0.0
   6 1984 224 19663.  24.5  34.5   2.377   0.7   0.0
   6 1984 225 12820.  25.5  31.5   2.589   0.9   0.0
   6 1984 226 20765.  24.5  34.0   2.476   0.7  36.0
   6 1984 227  4990.  25.5  34.5   2.788   1.4   0.0
   6 1984 228 17914.  25.5  31.2   2.909   0.8   0.0
   6 1984 229 22399.  25.8  32.5   2.891   1.2   0.0
   6 1984 230 14112.  27.0  32.0   3.164   1.7   2.3
   6 1984 231 10310.  24.5  30.0   2.753   0.8   0.0
   6 1984 232 15329.  24.5  33.5   2.747   0.8   0.0
   6 1984 233 13086.  27.0  34.0   3.293   0.9   0.0
   6 1984 234 14760.  25.5  32.5   2.821   0.8   0.0
   6 1984 235 19703.  26.5  33.5   2.861   0.9   0.0
   6 1984 236 18637.  23.5  33.0   2.436   1.1   0.0
   6 1984 237 16772.  25.7  31.5   2.778   1.0   0.0
   6 1984 238 16661.  23.5  33.0   2.395   1.1   2.0
   6 1984 239  8791.  26.5  29.5   2.958   1.4  30.0
   6 1984 240 19397.  22.5  31.5   2.380   0.9   0.0
   6 1984 241 20995.  24.5  33.0   2.463   1.0   0.0
   6 1984 242 23008.  24.0  32.6   2.426   0.7   0.0
   6 1984 243 15595.  25.5  33.0   2.697   1.2  26.0
   6 1984 244  9248.  23.0  32.5   2.667   1.0  50.0
   6 1984 245  5447.  23.0  28.0   2.681   1.4 104.6
   6 1984 246  7348.  21.5  27.5   2.424   0.8   0.0
   6 1984 247 22705.  22.5  32.0   2.003   0.8  20.0
   6 1984 248 17114.  24.0  34.5   2.388   1.2   0.0
   6 1984 249 13313.  24.0  31.5   2.489   1.2   0.0
   6 1984 250 19966.  21.0  31.0   1.957   1.2   0.0
   6 1984 251 17194.  21.0  29.0   2.062   0.8   0.0
   6 1984 252 21982.  21.0  30.2   1.940   0.7   0.0
   6 1984 253 22021.  20.0  32.4   1.891   0.4   0.0
   6 1984 254 20462.  22.0  32.5   2.041   0.8   0.0
   6 1984 255 18713.  25.0  32.5   2.468   0.5   0.0
   6 1984 256 21982.  24.5  33.0   2.300   0.5   0.0
   6 1984 257 19966.  25.0  33.0   2.284   0.5   0.0
   6 1984 258 20995.  24.5  33.0   2.134   0.5   0.0
   6 1984 259 20765.  25.5  33.0   2.487   0.6   0.0
   6 1984 260 19512.  26.0  33.5   2.596   1.4   0.0
   6 1984 261 19094.  24.0  32.0   2.310   1.1   1.4
   6 1984 262 20045.  22.2  32.5   1.897   1.1  14.0
   6 1984 263 20498.  20.3  31.0   1.595   0.5   0.0
   6 1984 264 15026.  21.0  30.5   1.845   0.6   0.0
   6 1984 265 20804.  19.5  30.2   1.727   0.6   0.0
   6 1984 266 20081.  20.0  31.0   1.765   1.5   0.0
   6 1984 267 18713.  18.0  29.0   1.306   0.6   0.0
   6 1984 268 19663.  18.0  30.5   1.413   0.5   0.0
   6 1984 269 19739.  18.2  30.5   1.556   0.6   0.0
   6 1984 270 19548.  18.0  31.0   1.496   0.6   0.0
   6 1984 271 19548.  17.5  30.0   1.321   0.7   0.0
   6 1984 272 20045.  16.5  30.4   1.262   0.9   0.0
   6 1984 273 18598.  17.0  31.5   1.259   0.5   0.0
   6 1984 274 18752.  17.0  31.8   1.288   0.5   0.0
   6 1984 275  9857.  17.3  31.6   1.267   0.7   0.0
   6 1984 276 18904.  16.8  30.4   1.338   0.8   0.0
   6 1984 277 18752.  15.5  31.3   1.189   0.7   0.0
   6 1984 278 18598.  15.0  31.6   1.102   0.7   0.0
   6 1984 279 21604.  15.0  31.6   1.043   0.6   0.0
   6 1984 280 13658.  14.2  31.3   1.010   0.6   0.0
   6 1984 281 17878.  15.0  31.5   1.024   0.5   0.0
   6 1984 282 17572.  13.0  33.5   0.794   0.5   0.0
   6 1984 283 16888.  14.0  31.6   0.944   0.5   0.0
   6 1984 284 18144.  12.0  30.5   0.824   0.7   0.0
   6 1984 285 17914.  12.0  30.6   0.758   0.5   0.0
   6 1984 286 17003.  12.5  30.5   0.835   0.8   0.0
   6 1984 287 17420.  12.0  31.0   0.801   0.7   0.0
   6 1984 288 16852.  12.0  31.2   0.790   0.9   0.0
   6 1984 289 16585.  12.5  31.0   0.860   0.5   0.0
   6 1984 290 20840.  12.5  31.0   0.799   1.2   0.0
   6 1984 291 12629.  12.2  31.5   0.812   0.4   0.0
   6 1984 292 16510.  13.0  31.5   0.874   0.7   0.0
   6 1984 293 16204.  13.0  32.0   0.847   0.7   0.0
   6 1984 294 16355.  13.5  31.8   0.887   0.7   0.0
   6 1984 295 15822.  11.7  32.5   0.824   0.7   0.0
   6 1984 296 13619.  15.0  32.0   0.829   1.1   0.0
   6 1984 297 14342.  18.5  31.0   1.149   0.7   0.0
   6 1984 298 12211.  15.5  30.0   1.186   0.5   0.0
   6 1984 299 14530.  13.4  29.0   1.006   0.5   0.0
   6 1984 300 14000.  13.5  29.9   1.003   1.0   0.0
   6 1984 301 14911.  11.5  27.5   0.805   0.8   0.0
   6 1984 302 14684.  12.4  27.5   0.886   0.7   0.0
   6 1984 303 15293.  10.5  26.8   1.189   0.8   0.0
   6 1984 304 15710.   8.3  26.2   0.650   1.0   0.0
   6 1984 305 15253.   8.0  26.5   0.642   0.7   0.0
   6 1984 306 14152.   8.5  26.6   0.707   0.4   0.0
   6 1984 307 14796.   9.0  26.2   0.754   0.7   0.0
   6 1984 308 13694.   9.5  25.8   0.765   0.5   0.0
   6 1984 309 13846.   9.5  26.0   0.744   0.7   0.0
   6 1984 310 12744.   9.5  26.0   0.729   0.7   0.0
   6 1984 311 12744.   9.5  27.5   0.811   0.4   0.0
   6 1984 312 12326.  10.5  26.2   0.848   0.7   0.0
   6 1984 313 13050.  12.0  26.0   0.905   0.7   0.0
   6 1984 314 14227.  10.5  25.0   0.715   1.0   0.0
   6 1984 315 14076.   8.0  24.5   0.656   0.9   0.0
   6 1984 316 13543.   9.5  25.0   0.742   0.8   0.0
   6 1984 317 12708.   8.8  26.5   0.740   0.6   0.0
   6 1984 318  8982.  11.0  25.0   0.907   0.5   0.0
   6 1984 319 12553.   9.5  25.5   0.808   0.7   0.0
   6 1984 320 12478.   9.5  27.5   0.761   0.5   0.0
   6 1984 321 11945.  10.9  28.5   0.770   0.5   0.0
   6 1984 322 12859.  10.0  26.0   0.774   1.0   0.0
   6 1984 323 12362.   9.5  25.5   0.799   0.7   0.0
   6 1984 324 12211.   8.6  26.5   0.732   0.6   0.0
   6 1984 325  7916.  10.5  24.0   0.824   1.2   0.0
   6 1984 326  3506.   9.0  23.5   0.908   1.3   6.2
   6 1984 327 12175.  10.0  23.0   0.839   1.3   0.0
   6 1984 328 12668.   7.2  22.5   0.686   0.8   0.0
   6 1984 329 12326.   5.0  22.5   0.586   0.7   0.0
   6 1984 330 12100.   4.6  22.2   0.545   0.8   0.0
   6 1984 331 11945.   5.0  23.2   0.545   0.5   0.0
   6 1984 332 11300.   6.0  24.5   0.636   0.3   0.0
   6 1984 333 10919.   6.5  25.8   0.620   0.3   0.0
   6 1984 334 10692.   6.4  24.0   0.646   0.5   0.0
   6 1984 335 10120.   6.5  24.5   0.625   0.4   0.0
   6 1984 336 10958.   5.0  22.8   0.570   0.5   0.0
   6 1984 337 11412.   5.0  23.0   0.596   0.9   0.0
   6 1984 338 11642.   5.5  23.5   0.565   1.0   0.0
   6 1984 339  9666.   8.3  23.8   0.613   0.7   0.0
   6 1984 340 10616.   5.5  22.0   0.613   0.6   0.0
   6 1984 341 10199.   6.0  24.8   0.640   0.5   0.0
   6 1984 342  9284.   5.5  23.5   0.576   0.5   0.0
   6 1984 343  8485.   7.5  21.5   0.734   1.0   0.0
   6 1984 344 10919.   8.2  23.0   0.667   1.2   0.0
   6 1984 345  8298.   8.0  20.0   0.565   1.1   0.0
   6 1984 346  6966.  10.5  22.0   0.804   1.2   0.0
   6 1984 347  5216.  11.5  17.0   1.070   1.4   0.0
   6 1984 348 10728.   5.5  19.5   0.651   0.7   0.0
   6 1984 349 11149.   3.5  20.5   0.549   0.9   0.0
   6 1984 350 11225.   3.5  20.2   0.576   1.1   0.0
   6 1984 351 11149.   3.6  20.0   0.546   1.0   0.0
   6 1984 352 11412.   0.5  20.5   0.414   0.9   0.0
   6 1984 353 11794.   0.1  19.1   0.325   0.9   0.0
   6 1984 354 11527.   0.1  19.0   0.405   0.7   0.0
   6 1984 355 11110.   0.1  20.0   0.299   0.6   0.0
   6 1984 356 11909.   0.1  19.0   0.398   0.9   0.0
   6 1984 357 11225.   0.5  20.2   0.374   0.5   0.0
   6 1984 358  7877.   1.0  17.1   0.404   0.5   0.0
   6 1984 359 10462.  -0.1  17.0   0.347   0.9   0.0
   6 1984 360 11225.   1.1  18.0   0.368   1.0   0.0
   6 1984 361 11034.   2.1  18.1   0.442   1.0   0.0
   6 1984 362 11336.   0.1  18.1   0.373   0.9   0.0
   6 1984 363  5180.   0.1  14.0   0.449   0.5   0.0
   6 1984 364  2858.   3.2  10.5   0.633   1.5   1.2
   6 1984 365  6473.   8.0  14.0   1.005   0.8   0.0
