*---------------------------------------------------------------------------*
* Station name: Cuttack (Central Rice Research Institute), India
* Year: 1984
* Author: Peter Uithol                                     -99.000: NIL VALUE
* Source: IRRI/WMO Special project
* Comments:
* Longitude: 86 0 E, latitude: 20 30 N, altitude: 23. m
*
* Column  Daily value
* 1       station number
* 2       year
* 3       day
* 4       irradiation                   (kJ m-2 d-1)
* 5       minimum temperature           (degrees Celsius)
* 6       maximum temperature           (degrees Celsius)
* 7       early morning vapour pressure (kPa)
* 8       mean wind speed (height: 2 m) (m s-1)
* 9       precipitation                 (mm d-1)
*---------------------------------------------------------------------------*
  86.00  20.50    23. 0.00 0.00
   4 1984   1 14785.  13.2  24.8   0.935   1.3   0.0
   4 1984   2 12852.  12.5  26.1   0.990   1.1   0.0
   4 1984   3  8910.  14.0  23.5   1.118   1.2   0.0
   4 1984   4 13396.  14.1  25.6   1.133   1.2   0.0
   4 1984   5 13705.  14.9  27.4   1.166   1.1   0.0
   4 1984   6 13126.  14.9  26.2   1.148   1.0   0.0
   4 1984   7 12971.  16.4  27.3   1.258   1.0   0.0
   4 1984   8 14864.  14.9  28.0   1.295   1.2   0.0
   4 1984   9 11887.  15.5  27.2   1.204   1.6   0.0
   4 1984  10 14749.  16.4  27.6   1.161   0.9   0.0
   4 1984  11 12737.  14.4  27.6   1.097   1.0   0.0
   4 1984  12 29711.  14.4  28.6   1.149   0.8   0.0
   4 1984  13  4504.  14.9  29.1   1.138   0.6   0.0
   4 1984  14  7362.  16.1  24.6   1.511   0.7   0.0
   4 1984  15  6822.  15.4  29.1   1.261   0.4   0.0
   4 1984  16 13007.  16.4  29.0   1.372   0.9   0.0
   4 1984  17 12312.  18.8  28.4   1.494   0.8   0.0
   4 1984  18 15599.  13.0  26.2   1.089   1.6   0.0
   4 1984  19 13277.  13.9  26.1   1.158   1.3   0.0
   4 1984  20 12542.  15.4  28.2   1.164   0.9   0.0
   4 1984  21 12582.  17.7  27.1   1.204   1.5   0.0
   4 1984  22  9140.  18.0  27.8   1.425   2.2   0.0
   4 1984  23 13666.  19.0  30.0   1.577   1.7   0.0
   4 1984  24 14321.  18.5  26.7   1.396   2.8   0.0
   4 1984  25 14090.  15.1  27.4   1.060   2.0   0.0
   4 1984  26 12661.  15.5  28.1   1.271   1.2   0.0
   4 1984  27  9760.  17.2  27.2   1.510   1.0   0.0
   4 1984  28 14440.  17.4  28.7   1.426   0.7   0.0
   4 1984  29 10224.  18.7  27.8   1.651   1.0   0.0
   4 1984  30 12388.  17.9  29.0   1.517   1.8   0.0
   4 1984  31 14440.  17.5  28.5   1.453   1.4   0.0
   4 1984  32 14940.  17.2  30.2   1.308   1.3   0.0
   4 1984  33 13975.  18.5  32.1   1.441   0.5   0.0
   4 1984  34 15444.  19.4  32.6   1.497   0.6   0.0
   4 1984  35 14440.  19.9  33.0   1.566   0.9   0.0
   4 1984  36 13975.  20.5  28.5   1.714   0.9   0.0
   4 1984  37  3730.  20.2  22.5   1.507   2.4   1.2
   4 1984  38  8060.  16.9  23.0   1.370   1.4   0.0
   4 1984  39 10494.  16.7  23.4   1.450   1.2   0.0
   4 1984  40 18266.  14.9  28.4   1.116   1.1   0.0
   4 1984  41 16139.  16.1  29.0   1.267   0.7   0.0
   4 1984  42 16873.  16.9  28.9   1.341   0.9   0.0
   4 1984  43 16218.  16.4  28.5   1.307   1.4   0.0
   4 1984  44 15484.  16.4  28.7   1.232   1.7   0.0
   4 1984  45  5893.  20.1  24.4   1.580   2.7   0.0
   4 1984  46  8060.  15.5  24.9   1.264   2.1   0.0
   4 1984  47 17996.  14.4  28.7   1.118   1.0   0.0
   4 1984  48 17687.  16.1  31.5   1.152   0.9   0.0
   4 1984  49 15869.  18.6  30.7   1.551   1.0   0.0
   4 1984  50 17417.  19.4  32.0   1.567   1.0   0.0
   4 1984  51 18461.  15.9  32.8   1.220   1.3   0.0
   4 1984  52 16798.  15.9  33.5   1.304   1.3   0.0
   4 1984  53 16873.  21.9  33.4   1.897   1.1   0.0
   4 1984  54 18266.  20.7  29.5   1.195   1.1   0.0
   4 1984  55 18806.  16.9  27.7   1.062   0.8   0.0
   4 1984  56 19386.  15.1  30.0   0.830   2.0   0.0
   4 1984  57 20704.  12.5  30.1   0.774   1.1   0.0
   4 1984  58 20394.  13.0  31.2   0.730   1.2   0.0
   4 1984  59 16063.  14.3  29.3   0.961   1.2   0.0
   4 1984  60 20894.  14.4  32.2   0.780   1.1   0.0
   4 1984  61 20624.  14.9  33.7   0.875   1.2   0.0
   4 1984  62 20160.  18.1  33.0   0.994   1.0   0.0
   4 1984  63 20084.  16.6  32.8   0.989   1.1   0.0
   4 1984  64 19735.  20.0  33.3   1.262   1.1   0.0
   4 1984  65 15754.  21.4  34.5   1.426   1.0   0.0
   4 1984  66 19930.  18.7  35.2   1.114   1.1   0.0
   4 1984  67 20005.  17.3  35.4   1.103   0.9   0.0
   4 1984  68 19195.  18.4  36.9   1.152   1.1   0.0
   4 1984  69 19696.  19.5  36.7   1.391   1.0   0.0
   4 1984  70 19660.  19.4  36.0   1.430   1.0   0.0
   4 1984  71 16992.  19.4  34.6   1.671   1.8   0.0
   4 1984  72 21128.  23.0  38.5   1.539   2.2   0.0
   4 1984  73 19620.  23.4  38.1   1.605   1.5   0.0
   4 1984  74 18806.  22.5  38.3   1.616   1.5   0.0
   4 1984  75 17183.  23.9  38.2   1.747   1.3   0.0
   4 1984  76 20894.  23.4  38.4   1.620   1.3   0.0
   4 1984  77 20275.  20.9  40.0   1.472   0.8   0.0
   4 1984  78 17608.  22.1  37.0   1.678   1.2   0.0
   4 1984  79 19231.  22.6  35.2   1.782   1.7   0.0
   4 1984  80 19231.  21.1  37.7   1.368   1.7   0.0
   4 1984  81 19001.  22.4  36.2   1.706   1.2   0.0
   4 1984  82 19271.  22.6  35.7   1.815   1.1   0.0
   4 1984  83 18925.  23.0  35.5   1.809   2.2   0.0
   4 1984  84 20239.  24.7  34.5   2.281   3.3   0.0
   4 1984  85 15908.  25.0  35.0   2.116   3.6   0.0
   4 1984  86 13936.  25.6  35.4   2.305   4.2   0.0
   4 1984  87 17608.  24.7  35.8   2.057   2.6   0.0
   4 1984  88 18691.  23.7  36.0   1.952   1.8   0.0
   4 1984  89 20894.  24.8  36.2   2.176   2.8   0.0
   4 1984  90 18691.  24.4  36.8   2.097   2.9   0.0
   4 1984  91 20354.  24.4  37.2   2.094   2.7   0.0
   4 1984  92 16758.  25.4  36.8   2.164   3.5   0.0
   4 1984  93 18846.  25.2  35.6   2.129   3.8   0.0
   4 1984  94 13316.  25.4  33.6   2.447   4.7   0.0
   4 1984  95 13316.  25.3  34.1   2.426   3.8   1.0
   4 1984  96 16913.  24.0  33.5   2.110   2.8   0.0
   4 1984  97 20664.  25.3  37.2   2.167   2.3   0.0
   4 1984  98 20275.  25.7  36.2   2.183   2.1   0.0
   4 1984  99 22208.  24.4  37.6   1.855   2.3   1.0
   4 1984 100 23332.  21.7  36.0   1.518   2.4   0.0
   4 1984 101 20354.  24.9  35.5   1.776   1.3   0.0
   4 1984 102 22907.  24.4  35.5   1.956   1.5   0.0
   4 1984 103 21938.  24.7  35.7   2.110   1.5   0.0
   4 1984 104 23062.  23.9  37.2   2.041   2.1   0.0
   4 1984 105 22828.  24.4  38.1   1.986   3.2   0.0
   4 1984 106 22363.  26.0  38.7   2.175   3.2   0.0
   4 1984 107 22172.  25.9  39.0   2.269   3.6   0.0
   4 1984 108 21668.  26.0  37.2   2.428   3.5   0.0
   4 1984 109 19350.  25.6  37.5   2.239   2.6   0.0
   4 1984 110 19620.  26.6  37.6   2.456   3.2   0.0
   4 1984 111 14285.  26.4  34.8   2.503   2.7   0.0
   4 1984 112 19271.  27.0  35.7   2.550   3.0  16.3
   4 1984 113 21593.  23.9  33.5   2.094   2.2   0.0
   4 1984 114 19541.  25.4  34.0   2.271   1.8   0.0
   4 1984 115 22867.  24.1  36.2   2.005   1.5   0.0
   4 1984 116 20934.  26.1  37.0   2.357   1.8   0.5
   4 1984 117 23098.  24.1  38.0   1.900   2.1   0.0
   4 1984 118 23098.  24.9  40.4   1.772   2.1   0.0
   4 1984 119 23062.  25.9  39.0   2.079   2.1   0.0
   4 1984 120 21010.  26.1  37.2   2.462   2.6   0.0
   4 1984 121 21938.  27.9  39.9   2.519   3.6   0.0
   4 1984 122 23022.  27.3  38.0   2.425   2.5   0.0
   4 1984 123 23447.  26.6  38.4   2.233   3.1   0.0
   4 1984 124 23098.  25.9  37.2   2.373   3.2   0.0
   4 1984 125 22982.  27.4  39.5   2.355   3.4   0.0
   4 1984 126 23562.  26.9  38.3   2.425   2.8   0.0
   4 1984 127 23407.  24.9  36.9   2.205   3.4   0.0
   4 1984 128 21863.  27.5  36.6   2.519   4.2   0.0
   4 1984 129 17068.  27.9  34.0   2.696   4.2   0.0
   4 1984 130 22558.  27.3  36.3   2.381   5.1   1.0
   4 1984 131 22943.  26.2  35.7   2.290   4.8   0.0
   4 1984 132 22982.  22.0  33.8   1.948   5.2   0.0
   4 1984 133 23796.  27.7  36.4   2.538   6.0   0.0
   4 1984 134 23137.  28.0  36.6   2.666   5.9   0.0
   4 1984 135 22327.  28.1  38.2   2.682   5.2   0.0
   4 1984 136 21049.  28.4  35.5   2.872   4.6   0.0
   4 1984 137 23681.  28.9  37.0   2.801   4.9   0.0
   4 1984 138 23022.  28.3  37.2   2.563   5.4   0.0
   4 1984 139 26579.  28.2  38.9   2.598   5.7   0.0
   4 1984 140 20779.  27.9  38.4   2.387   4.8   0.0
   4 1984 141 23681.  27.9  38.8   2.571   3.9   0.0
   4 1984 142 23216.  28.9  37.2   2.813   4.5   0.0
   4 1984 143 21398.  29.3  37.6   2.732   4.8   0.0
   4 1984 144 21319.  29.6  36.4   2.884   5.6   0.0
   4 1984 145 21514.  29.3  36.4   2.769   5.4   0.0
   4 1984 146 18036.  25.4  36.6   2.125   4.6  18.2
   4 1984 147 14170.  22.3  32.4   2.014   3.4   0.0
   4 1984 148 15019.  26.9  32.4   2.890   2.3   0.0
   4 1984 149 17492.  25.9  35.3   2.373   1.7   0.0
   4 1984 150 22093.  26.4  36.5   2.572   1.5   0.0
   4 1984 151 18072.  28.6  40.6   2.737   1.9   0.0
   4 1984 152 17143.  26.9  38.0   2.223   1.7   9.5
   4 1984 153 20509.  25.2  39.0   2.004   1.3  11.2
   4 1984 154  4619.  24.9  31.2   2.526   1.0   7.5
   4 1984 155  7751.  25.2  32.7   2.562   1.4   0.0
   4 1984 156 11772.  28.2  35.4   2.839   2.7   9.8
   4 1984 157 19116.  27.4  34.8   2.921   1.9   0.0
   4 1984 158 17726.  27.4  35.6   2.735   2.3   0.0
   4 1984 159 13316.  27.8  35.0   2.912   1.8  20.0
   4 1984 160 10883.  24.4  32.0   2.320   1.7   0.0
   4 1984 161 22248.  25.9  35.4   2.517   1.0   0.0
   4 1984 162 20200.  25.2  34.0   2.700   1.2   0.0
   4 1984 163 13896.  26.9  32.0   3.206   1.9  36.2
   4 1984 164  7942.  25.9  30.0   3.002   2.2  27.2
   4 1984 165  8330.  25.5  29.2   3.043   1.6   4.4
   4 1984 166 12776.  26.0  32.7   2.700   2.4   0.0
   4 1984 167 17572.  27.6  34.5   2.627   2.4   0.0
   4 1984 168 13396.  27.4  34.0   3.156   2.6  17.2
   4 1984 169  8251.  25.9  30.5   2.822   1.5  21.5
   4 1984 170 14206.  24.5  32.0   1.937   1.8   0.0
   4 1984 171 21784.  26.3  35.6   2.392   1.6   0.0
   4 1984 172 20974.  26.4  37.6   1.982   1.8   0.5
   4 1984 173 10728.  26.1  32.6   2.577   2.1   6.0
   4 1984 174 10883.  25.0  33.0   2.468   1.6   0.6
   4 1984 175  7596.  25.6  30.7   2.749   2.1   0.0
   4 1984 176 16409.  26.9  36.6   2.397   1.2   0.0
   4 1984 177 11074.  27.3  34.2   2.654   1.5   0.8
   4 1984 178  8060.  25.1  29.5   2.474   2.5   1.2
   4 1984 179  9295.  23.2  29.4   2.355   2.8   0.0
   4 1984 180  7286.  23.7  27.1   2.462   2.6   0.0
   4 1984 181 13820.  24.5  31.3   2.513   2.4   0.5
   4 1984 182 16139.  25.9  31.7   2.858   1.2   9.2
   4 1984 183 17608.  25.4  32.7   2.521   2.3  10.0
   4 1984 184 16603.  25.0  35.0   2.541   1.9  25.0
   4 1984 185  7362.  24.6  29.0   2.881   1.2   4.0
   4 1984 186 12427.  24.8  30.3   2.768   0.7   0.0
   4 1984 187 16294.  25.9  31.5   2.982   2.0   2.2
   4 1984 188 12082.  26.1  32.8   2.747   2.5  35.2
   4 1984 189 19116.  23.9  33.0   2.510   1.5  16.0
   4 1984 190 14515.  24.9  32.8   2.536   1.4  12.2
   4 1984 191 15754.  24.7  28.6   2.814   1.1   9.2
   4 1984 192  4039.  26.5  29.0   3.177   1.2   2.0
   4 1984 193 15250.  25.4  31.5   2.733   1.0   0.0
   4 1984 194 20160.  25.4  32.2   2.648   1.4   0.0
   4 1984 195 10688.  25.6  30.4   2.739   2.3   1.3
   4 1984 196 19814.  24.9  33.0   2.406   1.4   0.0
   4 1984 197  6127.  26.9  31.6   3.125   1.6  47.0
   4 1984 198 11538.  23.9  29.3   2.804   1.6  37.0
   4 1984 199 11693.  24.0  29.0   2.731   2.1   6.2
   4 1984 200 20005.  25.4  31.8   2.671   2.1   0.0
   4 1984 201  7247.  26.6  29.5   3.052   1.9   8.8
   4 1984 202 17143.  24.5  33.2   2.423   1.0  14.5
   4 1984 203 19386.  25.5  32.4   2.680   1.4   8.3
   4 1984 204 11848.  24.9  31.0   2.583   1.2   9.0
   4 1984 205 18925.  24.7  32.8   2.708   1.3  11.5
   4 1984 206 21283.  25.0  32.7   2.557   1.2  58.0
   4 1984 207 18576.  25.2  31.4   2.758   1.0   0.8
   4 1984 208 22752.  25.5  34.0   2.546   1.1   0.0
   4 1984 209 21863.  25.2  33.4   2.511   1.3   0.0
   4 1984 210 13666.  26.7  32.7   2.790   1.8   8.5
   4 1984 211 21319.  24.9  32.8   2.539   1.2  17.0
   4 1984 212 10184.  25.4  29.0   3.048   3.1  35.0
   4 1984 213 13705.  25.5  29.2   2.952   5.4  18.0
   4 1984 214 22518.  25.2  31.0   2.626   3.1   0.0
   4 1984 215 19116.  26.9  32.5   2.713   2.9   2.8
   4 1984 216 23216.  25.7  33.6   2.577   1.5   0.0
   4 1984 217 13356.  27.2  33.7   2.739   1.3  13.2
   4 1984 218  8370.  24.1  27.1   2.877   1.8  12.0
   4 1984 219  2761.  25.1  28.0   2.946   2.4  58.5
   4 1984 220  7942.  24.7  29.5   2.839   1.6   7.0
   4 1984 221 17608.  25.3  31.6   2.794   1.0   1.2
   4 1984 222 17572.  26.1  32.5   2.713   0.9   1.0
   4 1984 223 15250.  26.9  32.7   2.738   0.6   0.0
   4 1984 224 11268.  26.4  32.5   2.589   1.7  31.5
   4 1984 225 19195.  24.8  31.6   2.571   2.3   4.0
   4 1984 226 12582.  26.2  33.2   2.777   2.1  43.5
   4 1984 227  5429.  24.5  29.0   2.688   1.8 110.0
   4 1984 228  1717.  24.2  27.7   2.928   3.4 103.5
   4 1984 229 17068.  24.5  31.0   2.556   4.6   0.0
   4 1984 230 19969.  26.1  31.8   2.689   2.9   1.5
   4 1984 231 21938.  25.9  33.4   2.520   1.7   0.8
   4 1984 232 19580.  26.1  33.0   2.622   1.1   0.0
   4 1984 233 19735.  26.7  34.0   2.614   1.2   8.0
   4 1984 234 21089.  24.9  32.7   2.640   1.4  45.0
   4 1984 235 15404.  23.9  32.3   2.495   1.8  50.5
   4 1984 236 17298.  24.1  32.2   2.549   1.8   9.5
   4 1984 237 15793.  25.6  31.8   2.663   1.6  32.6
   4 1984 238  4889.  23.9  27.0   2.786   1.9   8.6
   4 1984 239 11498.  23.9  31.3   2.486   1.5   1.2
   4 1984 240 21244.  25.0  32.4   2.430   1.4   0.0
   4 1984 241 17492.  25.9  32.8   2.638   1.7  17.0
   4 1984 242 16837.  24.7  30.5   2.605   1.7   8.4
   4 1984 243 13086.  25.5  30.8   2.651   1.4  10.0
   4 1984 244  3460.  24.8  26.7   2.938   2.6  23.0
   4 1984 245  6667.  24.9  28.1   2.911   1.8   0.5
   4 1984 246 13241.  25.4  30.4   2.720   1.3   0.0
   4 1984 247  6822.  25.4  29.2   2.651   1.2   2.0
   4 1984 248 15829.  25.3  32.5   2.548   0.9   0.0
   4 1984 249 20624.  25.4  33.0   2.456   1.4   0.0
   4 1984 250 17608.  26.2  33.2   2.651   1.2   0.0
   4 1984 251 21902.  25.9  32.8   2.427   1.1  16.2
   4 1984 252 16758.  24.9  31.5   2.794   1.5   5.4
   4 1984 253 11963.  25.7  29.2   2.891   1.3  42.0
   4 1984 254 13975.  25.0  29.5   2.716   2.5  21.8
   4 1984 255 10883.  22.6  29.2   2.468   2.2   5.6
   4 1984 256 21823.  24.6  31.5   2.487   0.9   0.0
   4 1984 257 14360.  24.9  32.7   2.561   1.8   8.6
   4 1984 258 20894.  25.0  33.5   2.548   0.9   0.0
   4 1984 259 13511.  25.7  32.8   2.603   1.5   0.0
   4 1984 260 15599.  25.5  33.0   2.618   1.0   2.0
   4 1984 261 20200.  25.7  33.6   2.527   0.9  14.2
   4 1984 262 22752.  25.3  34.0   2.487   1.0   0.0
   4 1984 263 22867.  25.0  33.8   2.313   1.2   0.0
   4 1984 264 20819.  25.5  34.0   2.494   1.2   0.0
   4 1984 265 20740.  26.2  33.8   2.569   0.5   0.0
   4 1984 266 19541.  25.9  33.5   2.547   0.6   0.0
   4 1984 267 19930.  26.1  33.8   2.561   0.5   0.0
   4 1984 268 20200.  25.9  33.1   2.520   0.6   0.0
   4 1984 269 20470.  25.7  33.5   2.448   0.8   0.0
   4 1984 270 20315.  25.5  33.3   2.376   0.8   0.0
   4 1984 271 20819.  25.4  32.8   2.336   0.8   0.0
   4 1984 272 14321.  24.5  32.8   2.226   0.9   0.0
   4 1984 273 26773.  24.7  32.8   2.228   1.2   0.0
   4 1984 274 18576.  24.2  32.7   2.144   0.6   0.0
   4 1984 275 15059.  24.5  32.7   2.112   0.5   0.0
   4 1984 276 17143.  24.6  33.1   2.199   0.5   0.0
   4 1984 277 15329.  25.0  33.0   2.424   0.9   0.0
   4 1984 278 13511.  26.6  33.8   3.035   0.5   0.0
   4 1984 279 14594.  26.1  33.5   2.845   0.5   0.0
   4 1984 280 20664.  25.7  34.0   2.421   0.5   0.0
   4 1984 281 15134.  25.9  33.8   2.725   0.7   0.0
   4 1984 282 13007.  25.5  34.6   2.451   0.7   0.0
   4 1984 283 17338.  25.4  33.4   2.473   0.3   4.0
   4 1984 284 12272.  24.2  31.0   2.359   0.8   0.0
   4 1984 285  9410.  24.1  30.0   2.309   0.8   1.0
   4 1984 286  1717.  25.0  26.2   2.849   1.6  15.5
   4 1984 287  4154.  22.0  25.5   2.372   3.0  18.6
   4 1984 288 13241.  21.0  30.8   1.890   2.4   0.0
   4 1984 289 18187.  22.7  32.2   2.086   0.8   0.0
   4 1984 290 15829.  23.6  32.5   2.214   0.8   1.2
   4 1984 291 15059.  24.4  32.6   2.482   0.7   0.0
   4 1984 292 12082.  24.4  32.1   2.730   0.7   0.6
   4 1984 293 16254.  24.6  32.8   2.243   0.3   0.0
   4 1984 294 17842.  24.8  32.4   2.245   0.7   0.0
   4 1984 295 11653.  24.7  32.0   2.873   1.3   0.8
   4 1984 296 16333.  23.7  31.6   2.304   0.5   0.0
   4 1984 297 17338.  23.1  32.0   1.990   0.6   0.0
   4 1984 298 17298.  22.7  32.6   1.804   0.3   0.0
   4 1984 299 18036.  21.9  31.6   1.876   0.3   0.0
   4 1984 300 15793.  21.9  32.0   1.884   0.6   0.0
   4 1984 301 16952.  19.9  32.0   1.296   0.4   0.0
   4 1984 302 17453.  20.3  30.6   1.519   0.6   0.0
   4 1984 303 16373.  20.9  31.0   1.752   0.7   0.0
   4 1984 304 16178.  21.1  30.5   1.876   0.5   0.0
   4 1984 305 13007.  20.3  30.0   1.803   1.1   0.0
   4 1984 306 15908.  21.4  30.0   1.574   1.2   0.0
   4 1984 307 17338.  19.5  29.5   1.500   1.5   0.0
   4 1984 308 16758.  18.4  30.0   1.381   1.0   0.0
   4 1984 309 16333.  18.7  30.0   1.392   0.8   0.0
   4 1984 310 15984.  19.0  30.2   1.482   0.5   0.0
   4 1984 311 16409.  19.6  29.7   1.585   0.6   0.0
   4 1984 312 16528.  18.5  29.5   1.441   1.0   0.0
   4 1984 313 16178.  18.2  30.2   1.433   1.0   0.0
   4 1984 314 15948.  18.4  30.4   1.460   0.1   0.0
   4 1984 315 13860.  18.6  29.8   1.429   0.4   0.0
   4 1984 316 14400.  18.1  31.7   1.335   0.8   0.0
   4 1984 317 10534.  17.4  27.7   1.398   0.3   0.0
   4 1984 318 15365.  16.4  29.5   1.256   0.5   0.0
   4 1984 319 13705.  18.0  30.5   1.287   0.8   0.0
   4 1984 320 15404.  15.2  29.2   1.200   0.4   0.0
   4 1984 321 15559.  16.4  30.0   1.210   0.7   0.0
   4 1984 322 14980.  15.7  29.8   1.001   0.6   0.0
   4 1984 323 14440.  15.0  28.7   1.097   1.2   0.0
   4 1984 324 15134.  14.7  29.2   0.999   0.6   0.0
   4 1984 325 14825.  13.6  28.5   0.941   0.6   0.0
   4 1984 326 14476.  14.4  28.8   1.074   0.4   0.0
   4 1984 327 13741.  15.0  28.2   1.114   0.4   0.0
   4 1984 328 14515.  15.4  27.4   1.166   0.4   0.0
   4 1984 329 13781.  15.9  28.4   1.059   0.7   0.0
   4 1984 330 14904.  14.8  28.0   1.076   0.8   0.0
   4 1984 331 14245.  14.5  26.6   1.059   1.0   0.0
   4 1984 332 14051.  13.0  26.0   0.956   1.2   0.0
   4 1984 333 13550.  12.7  26.8   0.943   1.0   0.0
   4 1984 334  9799.  15.9  27.0   1.242   1.1   0.0
   4 1984 335  9259.  18.3  26.8   1.179   1.8   0.0
   4 1984 336 12312.  18.7  30.1   1.388   1.8   0.0
   4 1984 337 13432.  19.5  31.8   1.704   1.0   0.0
   4 1984 338 12506.  20.6  30.1   1.623   0.5   0.0
   4 1984 339 12236.  19.9  29.2   1.780   0.9   0.0
   4 1984 340 12776.  17.9  29.3   1.394   0.9   0.0
   4 1984 341 12582.  16.9  28.6   1.322   0.4   0.0
   4 1984 342 13666.  14.9  29.1   1.126   0.4   0.0
   4 1984 343 13741.  14.2  28.8   1.045   0.5   0.0
   4 1984 344 13936.  13.1  30.0   0.905   0.8   0.0
   4 1984 345 14130.  13.7  31.0   0.952   0.9   0.0
   4 1984 346 13975.  17.1  31.2   0.986   1.1   0.0
   4 1984 347 13396.  16.0  32.4   1.123   0.9   0.0
   4 1984 348 13007.  17.6  31.5   1.402   1.0   0.0
   4 1984 349 13975.  15.4  28.6   1.065   1.1   0.0
   4 1984 350 14630.  13.4  29.4   0.992   0.9   0.0
   4 1984 351 13356.  13.1  29.5   0.670   0.4   0.0
   4 1984 352 14400.  11.2  29.4   0.707   0.6   0.0
   4 1984 353 13860.  11.5  29.3   0.728   0.7   0.0
   4 1984 354 13586.  11.4  27.0   0.866   0.4   0.0
   4 1984 355 13820.  11.7  26.1   0.840   0.7   0.0
   4 1984 356 12118.  10.3  25.7   0.578   0.7   0.0
   4 1984 357 11732.  11.4  25.6   0.793   0.7   0.0
   4 1984 358 12157.  11.4  26.7   0.848   0.9   0.0
   4 1984 359  8640.  15.7  26.1   1.000   1.3   0.0
   4 1984 360  6008.  15.2  24.4   1.020   1.6   0.0
   4 1984 361 10184.  15.4  27.4   1.140   1.2   0.0
   4 1984 362 10649.  18.7  27.6   1.351   1.8   0.0
   4 1984 363 11653.  15.9  28.4   0.962   1.3   0.0
   4 1984 364 11344.  14.9  28.8   1.046   1.0   0.0
   4 1984 365 11617.  15.9  29.1   1.304   0.3   0.0
