*---------------------------------------------------------------------------*
* Station name: Bijapur, Karnataka, India
* Year: 1973
* Author: Peter Uithol                                     -99.000: NIL VALUE
* Source: ICRISAT tape FSAGRO
* Comments: No vapour pressure, wind speed and elevation data.
* Longitude: 75 48 E, latitude: 16 47 N, altitude: -99. m
*
* Column  Daily value
* 1       station number
* 2       year
* 3       day
* 4       irradiation                   (kJ m-2 d-1)
* 5       minimum temperature           (degrees Celsius)
* 6       maximum temperature           (degrees Celsius)
* 7       early morning vapour pressure (kPa)
* 8       mean wind speed (height: 2 m) (m s-1)
* 9       precipitation                 (mm d-1)
*---------------------------------------------------------------------------*
  75.80  16.78   -99. 0.00 0.00
   2 1973   1 16077.  15.7  32.7 -99.000 -99.0   0.0
   2 1973   2 20097.  17.7  32.9 -99.000 -99.0   0.0
   2 1973   3 16077.  16.5  32.0 -99.000 -99.0   0.0
   2 1973   4 23362.  18.3  32.7 -99.000 -99.0   0.0
   2 1973   5 23362.  17.4  33.0 -99.000 -99.0   0.0
   2 1973   6 23362.  18.1  33.9 -99.000 -99.0   0.0
   2 1973   7 20097.  18.1  33.6 -99.000 -99.0   0.0
   2 1973   8 23572.  17.3  33.7 -99.000 -99.0   0.0
   2 1973   9 23572.  16.3  33.4 -99.000 -99.0   0.0
   2 1973  10 18673.  17.7  33.7 -99.000 -99.0   0.0
   2 1973  11 19469.  17.6  33.8 -99.000 -99.0   0.0
   2 1973  12 18673.  17.4  32.8 -99.000 -99.0   0.0
   2 1973  13 20306.  17.6  34.2 -99.000 -99.0   0.0
   2 1973  14 19469.  18.2  34.9 -99.000 -99.0   0.0
   2 1973  15 23572.  17.4  34.4 -99.000 -99.0   0.0
   2 1973  16 23739.  14.8  33.7 -99.000 -99.0   0.0
   2 1973  17 18003.  14.4  33.0 -99.000 -99.0   0.0
   2 1973  18 23739.  18.0  34.3 -99.000 -99.0   0.0
   2 1973  19 17208.  17.2  35.4 -99.000 -99.0   0.0
   2 1973  20 17333.  16.4  34.9 -99.000 -99.0   0.0
   2 1973  21 23948.  16.7  33.0 -99.000 -99.0   0.0
   2 1973  22 22483.  14.8  30.9 -99.000 -99.0   0.0
   2 1973  23 24367.  15.2  31.5 -99.000 -99.0   0.0
   2 1973  24 24577.  16.3  32.0 -99.000 -99.0   0.0
   2 1973  25 24744.  17.7  32.6 -99.000 -99.0   0.0
   2 1973  26 24744.  18.8  32.9 -99.000 -99.0   0.0
   2 1973  27 24744.  17.3  33.7 -99.000 -99.0   0.0
   2 1973  28 24744.  16.8  32.4 -99.000 -99.0   0.0
   2 1973  29 24744.  14.3  31.9 -99.000 -99.0   0.0
   2 1973  30 23237.  17.3  31.9 -99.000 -99.0   0.0
   2 1973  31 18045.  18.0  32.5 -99.000 -99.0   0.0
   2 1973  32 24953.  17.0  32.8 -99.000 -99.0   0.0
   2 1973  33 19929.  16.8  33.5 -99.000 -99.0   0.0
   2 1973  34 12937.  19.0  33.8 -99.000 -99.0   0.0
   2 1973  35 18338.  18.7  33.1 -99.000 -99.0   0.0
   2 1973  36 20976.  18.2  33.6 -99.000 -99.0   0.0
   2 1973  37 20264.  18.8  33.2 -99.000 -99.0   0.0
   2 1973  38 25539.  20.2  33.9 -99.000 -99.0   0.0
   2 1973  39 20390.  21.2  34.2 -99.000 -99.0   0.0
   2 1973  40 22190.  20.4  33.9 -99.000 -99.0   0.0
   2 1973  41 19510.  19.2  32.8 -99.000 -99.0   0.0
   2 1973  42 25958.  19.1  32.6 -99.000 -99.0   0.0
   2 1973  43 16957.  20.2  33.4 -99.000 -99.0   0.0
   2 1973  44 22525.  20.3  33.8 -99.000 -99.0   0.0
   2 1973  45 24535.  19.5  34.0 -99.000 -99.0   0.0
   2 1973  46 24535.  20.5  35.4 -99.000 -99.0   0.0
   2 1973  47 24702.  21.9  36.3 -99.000 -99.0   0.0
   2 1973  48 24911.  22.9  36.3 -99.000 -99.0   0.0
   2 1973  49 19343.  24.7  36.9 -99.000 -99.0   0.0
   2 1973  50 13858.  23.4  36.0 -99.000 -99.0   0.0
   2 1973  51 15742.  20.6  35.9 -99.000 -99.0   0.0
   2 1973  52 19636.  22.7  34.5 -99.000 -99.0   0.0
   2 1973  53 13984.  20.2  33.8 -99.000 -99.0   0.0
   2 1973  54 19804.  20.7  33.2 -99.000 -99.0   0.0
   2 1973  55 27549.  20.7  36.4 -99.000 -99.0   0.0
   2 1973  56 27549.  20.8  37.1 -99.000 -99.0   0.0
   2 1973  57 27758.  20.8  37.5 -99.000 -99.0   0.0
   2 1973  58 27758.  20.0  37.5 -99.000 -99.0   0.0
   2 1973  59 27758.  18.3  37.6 -99.000 -99.0   0.0
   2 1973  60 27968.  18.7  37.4 -99.000 -99.0   0.0
   2 1973  61 28177.  18.8  32.9 -99.000 -99.0   0.0
   2 1973  62 28177.  19.6  34.9 -99.000 -99.0   0.0
   2 1973  63 24409.  19.4  35.7 -99.000 -99.0   0.0
   2 1973  64 24618.  22.7  34.8 -99.000 -99.0   0.0
   2 1973  65 24618.  22.3  36.3 -99.000 -99.0   0.0
   2 1973  66 28763.  21.1  38.4 -99.000 -99.0   0.0
   2 1973  67 28763.  21.1  37.0 -99.000 -99.0   0.0
   2 1973  68 26963.  23.2  38.9 -99.000 -99.0   0.0
   2 1973  69 14905.  22.5  39.2 -99.000 -99.0   0.0
   2 1973  70 24116.  24.5  39.1 -99.000 -99.0   0.0
   2 1973  71 29140.  21.2  38.9 -99.000 -99.0   0.0
   2 1973  72 27130.  21.2  37.4 -99.000 -99.0   0.0
   2 1973  73 29349.  22.0  38.2 -99.000 -99.0   0.0
   2 1973  74 29349.  21.6  38.9 -99.000 -99.0   0.0
   2 1973  75 21227.  22.5  38.2 -99.000 -99.0   0.0
   2 1973  76 23404.  23.2  37.4 -99.000 -99.0   0.0
   2 1973  77 28512.  23.2   3.3 -99.000 -99.0   0.0
   2 1973  78 29768.  23.5  37.8 -99.000 -99.0   0.0
   2 1973  79 29768.  23.7  39.0 -99.000 -99.0   0.0
   2 1973  80 27717.  22.3  38.9 -99.000 -99.0   0.0
   2 1973  81 21646.  21.7  39.4 -99.000 -99.0   0.0
   2 1973  82 25791.  22.3  37.4 -99.000 -99.0   0.0
   2 1973  83 25791.  24.6  38.4 -99.000 -99.0   0.0
   2 1973  84 23739.  24.8  38.9 -99.000 -99.0   0.0
   2 1973  85 21646.  24.8  39.0 -99.000 -99.0   0.0
   2 1973  86 21813.  23.6  38.9 -99.000 -99.0   0.0
   2 1973  87 25958.  24.9  38.7 -99.000 -99.0   0.0
   2 1973  88 13523.  25.0  38.6 -99.000 -99.0   0.0
   2 1973  89 22986.  23.7  38.7 -99.000 -99.0   0.0
   2 1973  90 24200.  23.8   3.6 -99.000 -99.0   0.0
   2 1973  91 22106.  25.8  38.7 -99.000 -99.0   0.0
   2 1973  92 14654.  25.0  39.4 -99.000 -99.0   0.0
   2 1973  93 28638.  24.4  39.4 -99.000 -99.0   0.0
   2 1973  94 22232.  25.2  39.6 -99.000 -99.0   0.0
   2 1973  95 13816.  26.6  40.0 -99.000 -99.0   0.0
   2 1973  96 22358.  25.4  39.4 -99.000 -99.0   0.0
   2 1973  97 13816.  25.2  40.0 -99.000 -99.0   0.0
   2 1973  98 13816.  24.9  35.0 -99.000 -99.0   0.0
   2 1973  99 19259.  26.2  39.2 -99.000 -99.0   0.0
   2 1973 100 18213.  24.7  41.9 -99.000 -99.0   0.0
   2 1973 101 31150.  23.7  41.6 -99.000 -99.0   0.0
   2 1973 102 27005.  24.5  41.4 -99.000 -99.0   0.0
   2 1973 103 18296.  25.7  42.9 -99.000 -99.0   0.0
   2 1973 104 18296.  26.7  43.0 -99.000 -99.0   0.0
   2 1973 105 28093.  26.0  40.6 -99.000 -99.0   0.0
   2 1973 106 24828.  26.0  41.6 -99.000 -99.0   0.0
   2 1973 107 23739.  24.8  41.9 -99.000 -99.0   0.0
   2 1973 108 24828.  25.2  40.2 -99.000 -99.0   0.0
   2 1973 109 24828.  26.3  41.6 -99.000 -99.0   0.0
   2 1973 110 21604.  27.2  41.6 -99.000 -99.0   0.0
   2 1973 111 27005.  26.2  40.6 -99.000 -99.0   0.0
   2 1973 112 24828.  26.0  42.0 -99.000 -99.0   0.0
   2 1973 113 16161.  25.8  43.0 -99.000 -99.0   0.0
   2 1973 114 22651.  27.3  40.8 -99.000 -99.0   0.0
   2 1973 115 22651.  25.4  41.8 -99.000 -99.0   0.0
   2 1973 116 25916.  21.9  42.0 -99.000 -99.0  10.2
   2 1973 117 27005.  23.7  41.9 -99.000 -99.0   0.0
   2 1973 118 31568.  23.1  42.0 -99.000 -99.0   0.0
   2 1973 119 28261.  23.1  42.4 -99.000 -99.0   0.0
   2 1973 120 21688.  25.7  43.3 -99.000 -99.0   0.0
   2 1973 121 16245.  26.5  43.6 -99.000 -99.0   0.0
   2 1973 122 27172.  24.7  41.6 -99.000 -99.0   0.0
   2 1973 123 18464.  26.2  41.0 -99.000 -99.0   1.4
   2 1973 124 27172.  26.0  41.6 -99.000 -99.0   0.0
   2 1973 125 22818.  25.7  42.0 -99.000 -99.0   0.0
   2 1973 126 18548.  24.6  42.0 -99.000 -99.0   0.0
   2 1973 127 18548.  23.4  42.8 -99.000 -99.0   0.0
   2 1973 128 25163.  23.3  42.0 -99.000 -99.0   0.0
   2 1973 129 25163.  23.2  42.2 -99.000 -99.0   0.0
   2 1973 130 25163.  23.4  42.2 -99.000 -99.0   0.0
   2 1973 131 23111.  23.2  40.9 -99.000 -99.0   0.0
   2 1973 132 16454.  22.8  40.5 -99.000 -99.0   0.0
   2 1973 133 29768.  22.8  40.4 -99.000 -99.0   0.0
   2 1973 134 25456.  23.6  40.4 -99.000 -99.0   0.0
   2 1973 135 25456.  23.4  40.8 -99.000 -99.0   0.0
   2 1973 136 29936.  24.3  40.0 -99.000 -99.0   0.0
   2 1973 137 26586.  25.1  40.2 -99.000 -99.0   0.0
   2 1973 138 29936.  25.1  40.8 -99.000 -99.0   0.0
   2 1973 139 23237.  24.8  39.8 -99.000 -99.0   0.0
   2 1973 140 29936.  25.4  40.0 -99.000 -99.0   0.0
   2 1973 141 14235.  25.1  39.6 -99.000 -99.0   0.0
   2 1973 142 18673.  21.9  40.8 -99.000 -99.0   0.0
   2 1973 143 24158.  21.9  40.3 -99.000 -99.0   0.8
   2 1973 144 15366.  24.9  41.6 -99.000 -99.0   1.4
   2 1973 145 20850.  23.2  41.2 -99.000 -99.0   0.2
   2 1973 146 17543.  22.7  40.0 -99.000 -99.0   0.0
   2 1973 147 23111.  23.2  40.8 -99.000 -99.0   7.2
   2 1973 148 14235.  23.2  41.0 -99.000 -99.0   0.0
   2 1973 149 16454.  25.2  40.6 -99.000 -99.0   0.0
   2 1973 150 18673.  25.2  40.6 -99.000 -99.0   0.0
   2 1973 151 19762.  25.2  40.6 -99.000 -99.0   0.0
   2 1973 152 16454.  25.4  37.9 -99.000 -99.0   0.0
   2 1973 153 18673.  26.3  36.8 -99.000 -99.0   0.0
   2 1973 154 14235.  23.8  40.0 -99.000 -99.0   0.0
   2 1973 155 14235.  21.7  39.5 -99.000 -99.0  55.0
   2 1973 156 18673.  22.7  37.0 -99.000 -99.0   0.8
   2 1973 157 21981.  24.3  34.2 -99.000 -99.0   0.0
   2 1973 158 16454.  23.7  35.8 -99.000 -99.0  12.8
   2 1973 159 16454.  23.7  32.4 -99.000 -99.0   0.0
   2 1973 160 14235.  23.7  34.0 -99.000 -99.0   0.0
   2 1973 161 18673.  23.2  33.8 -99.000 -99.0   0.2
   2 1973 162 14235.  22.7  34.2 -99.000 -99.0   0.0
   2 1973 163 14235.  22.8  33.1 -99.000 -99.0   0.0
   2 1973 164 14235.  23.7  31.4 -99.000 -99.0   1.2
   2 1973 165 18673.  23.2  33.2 -99.000 -99.0   0.0
   2 1973 166 15366.  23.7  34.0 -99.000 -99.0   0.0
   2 1973 167 14235.  23.2  33.0 -99.000 -99.0   0.0
   2 1973 168 14235.  22.8  32.0 -99.000 -99.0   0.4
   2 1973 169 14235.  22.3  31.9 -99.000 -99.0   0.0
   2 1973 170 16454.  22.6  33.5 -99.000 -99.0   0.0
   2 1973 171 17543.  22.9  33.8 -99.000 -99.0   0.0
   2 1973 172 17543.  23.2  34.9 -99.000 -99.0   0.0
   2 1973 173 16454.  23.3  35.9 -99.000 -99.0   0.0
   2 1973 174 18673.  22.0  36.2 -99.000 -99.0   0.0
   2 1973 175 20850.  21.7  36.1 -99.000 -99.0   1.2
   2 1973 176 23111.  22.5  36.7 -99.000 -99.0   6.4
   2 1973 177 14235.  21.6  35.4 -99.000 -99.0  13.8
   2 1973 178 14235.  21.7  29.0 -99.000 -99.0   0.8
   2 1973 179 14235.  22.7  29.1 -99.000 -99.0  19.2
   2 1973 180 14235.  21.7  28.7 -99.000 -99.0   2.0
   2 1973 181 14235.  22.7  30.9 -99.000 -99.0   0.0
   2 1973 182 14235.  22.3  30.9 -99.000 -99.0  41.8
   2 1973 183 14235.  21.7  30.0 -99.000 -99.0  34.8
   2 1973 184 14235.  22.0  24.4 -99.000 -99.0   0.0
   2 1973 185 14235.  21.2  30.4 -99.000 -99.0   2.8
   2 1973 186 14235.  22.2  27.6 -99.000 -99.0   0.4
   2 1973 187 14235.  21.8  28.2 -99.000 -99.0   0.4
   2 1973 188 14235.  21.4  26.0 -99.000 -99.0   0.6
   2 1973 189 14235.  22.2  27.8 -99.000 -99.0   2.2
   2 1973 190 14235.  21.9  27.1 -99.000 -99.0   1.2
   2 1973 191 16454.  21.7  29.4 -99.000 -99.0   0.0
   2 1973 192 16454.  21.7  30.0 -99.000 -99.0   0.2
   2 1973 193 16454.  21.7  30.4 -99.000 -99.0   0.0
   2 1973 194 14235.  22.2  32.0 -99.000 -99.0   0.0
   2 1973 195 14235.  21.6  31.0 -99.000 -99.0   0.0
   2 1973 196 14235.  21.7  24.6 -99.000 -99.0   0.0
   2 1973 197 14235.  22.0  30.0 -99.000 -99.0   3.8
   2 1973 198 14235.  22.3  31.4 -99.000 -99.0   0.0
   2 1973 199 14151.  22.2  32.2 -99.000 -99.0   3.4
   2 1973 200 14185.  22.2  32.0 -99.000 -99.0   0.0
   2 1973 201 16370.  22.2  31.3 -99.000 -99.0   0.0
   2 1973 202 17459.  21.7  32.0 -99.000 -99.0   1.6
   2 1973 203 16370.  21.7  31.3 -99.000 -99.0   0.4
   2 1973 204 17459.  21.7  32.0 -99.000 -99.0   0.0
   2 1973 205 19636.  21.5  31.8 -99.000 -99.0   0.0
   2 1973 206 14151.  21.4  32.8 -99.000 -99.0   0.0
   2 1973 207 16370.  21.9  32.8 -99.000 -99.0   0.0
   2 1973 208 14151.  21.2  34.2 -99.000 -99.0   0.0
   2 1973 209 14151.  21.6  34.4 -99.000 -99.0   5.8
   2 1973 210 14151.  22.4  34.0 -99.000 -99.0   0.0
   2 1973 211 14151.  22.4  32.0 -99.000 -99.0   0.0
   2 1973 212 14151.  21.8  30.6 -99.000 -99.0   0.0
   2 1973 213 14151.  22.7  31.6 -99.000 -99.0   0.4
   2 1973 214 14151.  21.2  27.5 -99.000 -99.0   8.2
   2 1973 215 14151.  21.5  28.4 -99.000 -99.0   7.4
   2 1973 216 14151.  21.7  29.4 -99.000 -99.0   6.3
   2 1973 217 14151.  21.6  31.2 -99.000 -99.0  48.2
   2 1973 218 16370.  21.2  29.0 -99.000 -99.0  26.8
   2 1973 219 14151.  20.9  26.0 -99.000 -99.0   2.6
   2 1973 220 14068.  21.7  29.1 -99.000 -99.0   0.0
   2 1973 221 14068.  20.6  30.0 -99.000 -99.0   0.5
   2 1973 222 14068.  22.0  28.9 -99.000 -99.0   0.5
   2 1973 223 14068.  22.0  29.8 -99.000 -99.0   0.0
   2 1973 224 14068.  21.9  30.5 -99.000 -99.0   0.0
   2 1973 225 14068.  21.7  30.0 -99.000 -99.0   1.6
   2 1973 226 14068.  22.0  27.4 -99.000 -99.0   3.4
   2 1973 227 14068.  22.1  29.4 -99.000 -99.0   0.8
   2 1973 228 14068.  21.7  31.4 -99.000 -99.0   1.4
   2 1973 229 14068.  21.7  29.2 -99.000 -99.0   0.3
   2 1973 230 14068.  21.0  29.2 -99.000 -99.0   1.0
   2 1973 231 13984.  21.1  30.0 -99.000 -99.0   0.3
   2 1973 232 13984.  21.7  29.0 -99.000 -99.0   0.4
   2 1973 233 13858.  21.0  29.8 -99.000 -99.0   0.2
   2 1973 234 13858.  21.2  30.9 -99.000 -99.0   0.0
   2 1973 235 13816.  21.0  27.4 -99.000 -99.0   0.0
   2 1973 236 13816.  21.6  29.0 -99.000 -99.0   0.0
   2 1973 237 13816.  21.8  32.2 -99.000 -99.0   0.0
   2 1973 238 13691.  21.4  32.0 -99.000 -99.0   0.0
   2 1973 239 13691.  21.0  29.4 -99.000 -99.0   0.0
   2 1973 240 13691.  21.2  29.0 -99.000 -99.0   0.4
   2 1973 241 13691.  20.9  29.2 -99.000 -99.0   0.4
   2 1973 242 13607.  21.2  31.0 -99.000 -99.0   0.0
   2 1973 243 13607.  20.9  29.4 -99.000 -99.0   0.0
   2 1973 244 13607.  20.5  30.0 -99.000 -99.0   0.0
   2 1973 245 13607.  19.7  29.4 -99.000 -99.0   0.4
   2 1973 246 13523.  21.1  31.8 -99.000 -99.0   0.0
   2 1973 247 13523.  21.3  31.6 -99.000 -99.0   0.0
   2 1973 248 13523.  20.9  30.0 -99.000 -99.0   0.0
   2 1973 249 13523.  20.3  29.4 -99.000 -99.0   0.0
   2 1973 250 13440.  21.2  30.6 -99.000 -99.0   0.0
   2 1973 251 13440.  20.9  31.0 -99.000 -99.0   0.0
   2 1973 252 16580.  20.2  31.0 -99.000 -99.0   0.0
   2 1973 253 17626.  20.2  32.7 -99.000 -99.0   0.0
   2 1973 254 19720.  20.6  31.0 -99.000 -99.0   0.0
   2 1973 255 13356.  20.9  33.4 -99.000 -99.0   0.0
   2 1973 256 13356.  20.7  33.4 -99.000 -99.0   0.0
   2 1973 257 21646.  21.4  34.0 -99.000 -99.0   0.0
   2 1973 258 13356.  21.4  34.0 -99.000 -99.0   0.0
   2 1973 259 13356.  23.8  34.2 -99.000 -99.0   0.0
   2 1973 260 13356.  22.7  33.2 -99.000 -99.0   0.0
   2 1973 261 13272.  22.3  30.4 -99.000 -99.0   0.0
   2 1973 262 13272.  21.0  26.9 -99.000 -99.0   2.4
   2 1973 263 13147.  21.1  23.0 -99.000 -99.0  14.2
   2 1973 264 13105.  21.6  28.7 -99.000 -99.0  31.4
   2 1973 265 13105.  19.7  27.4 -99.000 -99.0  17.4
   2 1973 266 12979.  20.9  30.3 -99.000 -99.0   0.5
   2 1973 267 12979.  21.7  29.4 -99.000 -99.0  23.8
   2 1973 268 12895.  20.5  29.4 -99.000 -99.0   0.0
   2 1973 269 16789.  20.2  31.0 -99.000 -99.0   0.0
   2 1973 270 14696.  21.3  32.0 -99.000 -99.0   0.0
   2 1973 271 15659.  21.2  32.4 -99.000 -99.0   0.0
   2 1973 272 12602.  22.1  33.4 -99.000 -99.0   0.0
   2 1973 273 12560.  21.6  32.9 -99.000 -99.0  38.8
   2 1973 274 12225.  21.3  30.3 -99.000 -99.0  18.2
   2 1973 275 12477.  22.2  29.8 -99.000 -99.0   0.0
   2 1973 276 12477.  20.7  29.8 -99.000 -99.0   9.0
   2 1973 277 12477.  21.6  28.7 -99.000 -99.0   0.0
   2 1973 278 12477.  21.2  25.4 -99.000 -99.0  16.6
   2 1973 279 14277.  19.2  27.1 -99.000 -99.0  14.8
   2 1973 280 12351.  21.0  29.4 -99.000 -99.0   0.0
   2 1973 281 16203.  21.5  29.8 -99.000 -99.0   0.4
   2 1973 282 12351.  20.8  30.0 -99.000 -99.0  49.0
   2 1973 283 23153.  21.8  28.6 -99.000 -99.0   0.0
   2 1973 284 14193.  20.2  30.4 -99.000 -99.0   0.0
   2 1973 285 19929.  20.5  31.4 -99.000 -99.0   0.0
   2 1973 286 19929.  19.4  31.6 -99.000 -99.0   0.0
   2 1973 287 12309.  19.1  31.8 -99.000 -99.0   0.0
   2 1973 288 19929.  20.0  32.0 -99.000 -99.0   0.0
   2 1973 289 12309.  22.9  31.6 -99.000 -99.0   1.2
   2 1973 290 16119.  21.7  32.0 -99.000 -99.0   0.8
   2 1973 291 12184.  21.4  33.0 -99.000 -99.0   0.0
   2 1973 292 12184.  19.0  32.4 -99.000 -99.0   0.0
   2 1973 293 17710.  19.7  32.2 -99.000 -99.0   0.0
   2 1973 294 16789.  21.3  32.4 -99.000 -99.0   0.0
   2 1973 295 12016.  21.1  30.6 -99.000 -99.0   0.0
   2 1973 296 12016.  21.3  28.8 -99.000 -99.0   5.1
   2 1973 297 12016.  22.4  28.4 -99.000 -99.0  31.2
   2 1973 298 11849.  22.2  27.1 -99.000 -99.0  31.6
   2 1973 299 13775.  21.5  28.0 -99.000 -99.0   1.7
   2 1973 300 11807.  20.7  29.4 -99.000 -99.0  12.3
   2 1973 301 13565.  21.2  29.4 -99.000 -99.0   4.6
   2 1973 302 11765.  21.2  27.7 -99.000 -99.0   6.8
   2 1973 303 11639.  21.3  26.3 -99.000 -99.0  22.2
   2 1973 304 15282.  19.7  28.8 -99.000 -99.0  61.8
   2 1973 305 11556.  21.4  28.5 -99.000 -99.0  22.2
   2 1973 306 11556.  21.1  29.0 -99.000 -99.0   0.0
   2 1973 307 22358.  21.1  29.0 -99.000 -99.0   0.0
   2 1973 308 23069.  18.3  30.0 -99.000 -99.0   0.0
   2 1973 309 23948.  15.4  30.0 -99.000 -99.0   0.0
   2 1973 310 11388.  15.1  28.8 -99.000 -99.0   0.0
   2 1973 311 16705.  14.7  28.6 -99.000 -99.0   0.0
   2 1973 312 20055.  15.1  28.2 -99.000 -99.0   0.0
   2 1973 313 21646.  15.2  29.0 -99.000 -99.0   0.0
   2 1973 314 24953.  14.9  28.8 -99.000 -99.0   0.0
   2 1973 315 22190.  18.2  29.7 -99.000 -99.0   0.0
   2 1973 316 11053.  22.7  31.5 -99.000 -99.0   0.0
   2 1973 317 19594.  20.7  30.8 -99.000 -99.0   0.0
   2 1973 318 17626.  20.3  30.4 -99.000 -99.0   0.0
   2 1973 319 16747.  20.8  31.2 -99.000 -99.0   0.0
   2 1973 320 14235.  20.6  31.2 -99.000 -99.0   0.0
   2 1973 321 22483.  17.0  31.0 -99.000 -99.0   0.0
   2 1973 322 24158.  13.7  30.0 -99.000 -99.0   0.0
   2 1973 323 19008.  13.8  29.4 -99.000 -99.0   0.0
   2 1973 324 19804.  16.2  29.4 -99.000 -99.0   0.0
   2 1973 325 23948.  15.6  29.3 -99.000 -99.0   0.0
   2 1973 326 23948.  14.2  29.6 -99.000 -99.0   0.0
   2 1973 327 23739.  13.7  29.5 -99.000 -99.0   0.0
   2 1973 328 23739.  13.7  28.6 -99.000 -99.0   0.0
   2 1973 329 23739.  15.7  30.0 -99.000 -99.0   0.0
   2 1973 330 23572.  15.3  30.0 -99.000 -99.0   0.0
   2 1973 331 23572.  14.1  28.9 -99.000 -99.0   0.0
   2 1973 332 23362.  13.4  29.4 -99.000 -99.0   0.0
   2 1973 333 23362.  13.5  28.2 -99.000 -99.0   0.0
   2 1973 334 16747.  16.6  28.2 -99.000 -99.0   0.0
   2 1973 335 17543.  17.4  30.4 -99.000 -99.0   0.0
   2 1973 336 16747.  17.8  30.3 -99.000 -99.0   0.0
   2 1973 337 15910.  18.2  29.6 -99.000 -99.0   0.0
   2 1973 338 18213.  18.7  30.7 -99.000 -99.0   0.0
   2 1973 339 18213.  17.7  30.9 -99.000 -99.0   0.0
   2 1973 340 19804.  18.8  31.4 -99.000 -99.0   0.0
   2 1973 341 18213.  17.7  31.3 -99.000 -99.0   0.0
   2 1973 342 10258.  15.7  30.9 -99.000 -99.0   0.0
   2 1973 343 21353.  15.1  31.4 -99.000 -99.0   0.0
   2 1973 344 22944.  16.1  30.9 -99.000 -99.0   0.0
   2 1973 345 22776.  14.6  31.2 -99.000 -99.0   0.0
   2 1973 346 10132.  13.5  30.4 -99.000 -99.0   0.0
   2 1973 347 10132.  13.8  28.4 -99.000 -99.0   0.0
   2 1973 348 14068.  13.5  26.7 -99.000 -99.0   0.0
   2 1973 349 10132.  19.0  28.3 -99.000 -99.0   0.0
   2 1973 350 13314.  18.0  24.9 -99.000 -99.0   0.0
   2 1973 351 10132.  16.7  27.2 -99.000 -99.0   0.0
   2 1973 352 10258.  17.2  27.9 -99.000 -99.0   0.0
   2 1973 353 18213.  18.1  29.4 -99.000 -99.0   0.0
   2 1973 354 19804.  15.7  30.4 -99.000 -99.0   0.0
   2 1973 355 21353.  16.5  30.5 -99.000 -99.0   0.0
   2 1973 356 22944.  18.1  30.5 -99.000 -99.0   0.0
   2 1973 357 22944.  17.8  29.9 -99.000 -99.0   0.0
   2 1973 358 22944.  16.3  31.4 -99.000 -99.0   0.0
   2 1973 359 16747.  16.2  31.2 -99.000 -99.0   0.0
   2 1973 360 19971.  14.5  30.0 -99.000 -99.0   0.0
   2 1973 361 17543.  13.7  28.0 -99.000 -99.0   0.0
   2 1973 362 16777.  16.4  27.4 -99.000 -99.0   0.0
   2 1973 363 19134.  13.8  28.0 -99.000 -99.0   0.0
   2 1973 364 23362.  16.4  28.6 -99.000 -99.0   0.0
   2 1973 365 20097.  13.8  28.7 -99.000 -99.0   0.0
