*---------------------------------------------------------------------------*
* Station name: Bijapur, Karnataka, India
* Year: 1979
* Author: Peter Uithol                                     -99.000: NIL VALUE
* Source: ICRISAT tape FSAGRO
* Comments: No vapour pressure, wind speed and elevation data.
* Longitude: 75 48 E, latitude: 16 47 N, altitude: -99. m
*
* Column  Daily value
* 1       station number
* 2       year
* 3       day
* 4       irradiation                   (kJ m-2 d-1)
* 5       minimum temperature           (degrees Celsius)
* 6       maximum temperature           (degrees Celsius)
* 7       early morning vapour pressure (kPa)
* 8       mean wind speed (height: 2 m) (m s-1)
* 9       precipitation                 (mm d-1)
*---------------------------------------------------------------------------*
  75.80  16.78   -99. 0.00 0.00
   2 1979   1 19301.  17.9  25.4 -99.000 -99.0   0.0
   2 1979   2 21729.  18.2  31.4 -99.000 -99.0   0.0
   2 1979   3 14444.  18.2  31.4 -99.000 -99.0   0.0
   2 1979   4 16077.  17.7  31.6 -99.000 -99.0   0.0
   2 1979   5 14444.  18.1  31.0 -99.000 -99.0   0.0
   2 1979   6 11221.  19.7  31.0 -99.000 -99.0   0.0
   2 1979   7 12058.  18.0  31.0 -99.000 -99.0   0.0
   2 1979   8 12100.  18.0  30.0 -99.000 -99.0   0.0
   2 1979   9 23572.  16.7  30.4 -99.000 -99.0   0.0
   2 1979  10 23572.  17.3  30.2 -99.000 -99.0   0.0
   2 1979  11 20306.  18.2  31.2 -99.000 -99.0   0.0
   2 1979  12 20306.  16.2  30.0 -99.000 -99.0   0.0
   2 1979  13 16203.  16.7  30.4 -99.000 -99.0   0.0
   2 1979  14 16203.  17.2  30.4 -99.000 -99.0   0.0
   2 1979  15 20306.  17.7  30.9 -99.000 -99.0   0.0
   2 1979  16 13063.  18.7  32.4 -99.000 -99.0   0.0
   2 1979  17 13063.  18.2  31.0 -99.000 -99.0   0.0
   2 1979  18 20473.  17.7  31.0 -99.000 -99.0   0.0
   2 1979  19 20473.  19.3  31.4 -99.000 -99.0   0.0
   2 1979  20 16454.  19.2  32.8 -99.000 -99.0   0.0
   2 1979  21 14821.  19.8  32.0 -99.000 -99.0   0.0
   2 1979  22 14947.  19.7  31.0 -99.000 -99.0   0.0
   2 1979  23 11681.  18.4  32.6 -99.000 -99.0   0.0
   2 1979  24 17752.  19.2  32.0 -99.000 -99.0   0.0
   2 1979  25 20473.  19.7  31.6 -99.000 -99.0   0.0
   2 1979  26 23069.  19.2  31.4 -99.000 -99.0   0.0
   2 1979  27 14444.  18.1  32.8 -99.000 -99.0   0.0
   2 1979  28 16203.  19.2  34.0 -99.000 -99.0   0.0
   2 1979  29 15324.  19.2  32.2 -99.000 -99.0   0.0
   2 1979  30 24953.  18.3  31.2 -99.000 -99.0   0.0
   2 1979  31 21520.  17.7  32.0 -99.000 -99.0   0.0
   2 1979  32 11974.  16.2  32.9 -99.000 -99.0   0.0
   2 1979  33 12937.  15.1  30.5 -99.000 -99.0   0.0
   2 1979  34 16454.  16.7  30.5 -99.000 -99.0   0.0
   2 1979  35 20976.  17.7  31.3 -99.000 -99.0   0.0
   2 1979  36 17459.  20.0  32.5 -99.000 -99.0   2.6
   2 1979  37 20264.  19.6  32.4 -99.000 -99.0   0.0
   2 1979  38 21101.  19.7  33.0 -99.000 -99.0   0.0
   2 1979  39 25749.  17.2  32.6 -99.000 -99.0   0.0
   2 1979  40 25749.  17.7  32.8 -99.000 -99.0   0.0
   2 1979  41 24870.  19.5  34.2 -99.000 -99.0   0.0
   2 1979  42 21436.  17.7  34.0 -99.000 -99.0   0.0
   2 1979  43 14277.  19.5  34.4 -99.000 -99.0   0.0
   2 1979  44 15282.  19.7  33.4 -99.000 -99.0   0.0
   2 1979  45 19050.  15.0  32.4 -99.000 -99.0   0.0
   2 1979  46 20850.  18.5  32.4 -99.000 -99.0   0.0
   2 1979  47 16454.  17.7  31.4 -99.000 -99.0   0.0
   2 1979  48 17459.  19.2  32.0 -99.000 -99.0   0.0
   2 1979  49 20264.  18.7  33.8 -99.000 -99.0   0.0
   2 1979  50 15742.  18.7  33.9 -99.000 -99.0   0.0
   2 1979  51 22274.  18.0  32.0 -99.000 -99.0   0.0
   2 1979  52 27172.  18.3  32.8 -99.000 -99.0   0.0
   2 1979  53 23404.  18.1  34.0 -99.000 -99.0   0.0
   2 1979  54 21646.  18.7  35.0 -99.000 -99.0   0.0
   2 1979  55 27549.  19.1  35.0 -99.000 -99.0   0.0
   2 1979  56 27549.  18.7  34.4 -99.000 -99.0   0.0
   2 1979  57 21018.  15.6  34.4 -99.000 -99.0   0.0
   2 1979  58 17166.  20.9  32.0 -99.000 -99.0   0.0
   2 1979  59 16203.  19.7  31.4 -99.000 -99.0  11.8
   2 1979  60 20222.  20.6  31.4 -99.000 -99.0   0.0
   2 1979  61 26209.  19.0  31.0 -99.000 -99.0   0.0
   2 1979  62 27172.  18.7  32.4 -99.000 -99.0   0.0
   2 1979  63 28345.  20.0  32.9 -99.000 -99.0   0.0
   2 1979  64 28554.  20.7  34.2 -99.000 -99.0   0.0
   2 1979  65 22609.  21.8  35.0 -99.000 -99.0   0.0
   2 1979  66 19804.  21.7  35.4 -99.000 -99.0   0.0
   2 1979  67 21771.  21.1  35.6 -99.000 -99.0   0.0
   2 1979  68 28973.  18.2  35.4 -99.000 -99.0   0.0
   2 1979  69 28973.  16.2  34.0 -99.000 -99.0   0.0
   2 1979  70 29140.  16.2  34.2 -99.000 -99.0   0.0
   2 1979  71 29140.  17.7  34.9 -99.000 -99.0   0.0
   2 1979  72 29140.  19.1  36.4 -99.000 -99.0   0.0
   2 1979  73 29349.  20.2  36.0 -99.000 -99.0   0.0
   2 1979  74 29349.  21.1  36.4 -99.000 -99.0   0.0
   2 1979  75 29349.  22.3  37.2 -99.000 -99.0   0.0
   2 1979  76 29559.  22.3  38.4 -99.000 -99.0   0.0
   2 1979  77 29559.  22.5  38.8 -99.000 -99.0   0.0
   2 1979  78 21520.  21.7  39.0 -99.000 -99.0   0.0
   2 1979  79 29768.  21.7  38.4 -99.000 -99.0   0.0
   2 1979  80 29768.  23.0  38.4 -99.000 -99.0   0.0
   2 1979  81 29977.  22.1  38.2 -99.000 -99.0   0.0
   2 1979  82 25791.  22.7  38.2 -99.000 -99.0   0.0
   2 1979  83 18506.  23.8  39.0 -99.000 -99.0   0.0
   2 1979  84 15407.  23.3  38.4 -99.000 -99.0   0.0
   2 1979  85 17501.  25.1  38.4 -99.000 -99.0   0.0
   2 1979  86 22860.  24.1  39.0 -99.000 -99.0   0.0
   2 1979  87 30145.  24.1  39.4 -99.000 -99.0   0.0
   2 1979  88 30354.  23.7  39.5 -99.000 -99.0   0.0
   2 1979  89 30354.  21.7  38.4 -99.000 -99.0   0.0
   2 1979  90 30564.  22.6  38.0 -99.000 -99.0   0.0
   2 1979  91 25246.  23.7  38.4 -99.000 -99.0   0.0
   2 1979  92 26293.  23.7  38.4 -99.000 -99.0   0.0
   2 1979  93 25456.  24.2  40.0 -99.000 -99.0   0.0
   2 1979  94 19008.  24.1  39.4 -99.000 -99.0   0.0
   2 1979  95 29852.  22.9  38.4 -99.000 -99.0   0.0
   2 1979  96 30940.  22.7  37.0 -99.000 -99.0   0.0
   2 1979  97 30940.  23.8  39.4 -99.000 -99.0   0.0
   2 1979  98 30940.  23.6  39.6 -99.000 -99.0   0.0
   2 1979  99 31150.  24.3  39.4 -99.000 -99.0   0.0
   2 1979 100 22525.  33.8  40.4 -99.000 -99.0   0.0
   2 1979 101 16035.  24.2  40.4 -99.000 -99.0   0.0
   2 1979 102 24828.  23.6  40.4 -99.000 -99.0   0.0
   2 1979 103 18296.  25.2  39.4 -99.000 -99.0   0.0
   2 1979 104 17208.  27.2  38.8 -99.000 -99.0   0.0
   2 1979 105 18296.  27.2  39.2 -99.000 -99.0   0.0
   2 1979 106 21604.  25.2  39.0 -99.000 -99.0   0.0
   2 1979 107 23739.  23.7  39.4 -99.000 -99.0   0.0
   2 1979 108 25916.  25.1  40.0 -99.000 -99.0   0.0
   2 1979 109 19385.  25.2  40.0 -99.000 -99.0   0.0
   2 1979 110 19385.  25.5  40.0 -99.000 -99.0   0.0
   2 1979 111 22651.  26.2  39.8 -99.000 -99.0   0.0
   2 1979 112 22651.  26.7  40.0 -99.000 -99.0   0.0
   2 1979 113 22651.  25.7  40.6 -99.000 -99.0   0.0
   2 1979 114 31359.  25.5  40.0 -99.000 -99.0   0.0
   2 1979 115 16161.  25.5  40.0 -99.000 -99.0   0.0
   2 1979 116 22651.  24.2  40.0 -99.000 -99.0   0.0
   2 1979 117 22651.  24.5  40.4 -99.000 -99.0   0.0
   2 1979 118 28261.  24.3  40.6 -99.000 -99.0   0.0
   2 1979 119 27172.  24.2  40.8 -99.000 -99.0   0.0
   2 1979 120 24995.  24.2  41.4 -99.000 -99.0   0.0
   2 1979 121 23907.  26.2  41.6 -99.000 -99.0   0.0
   2 1979 122 29349.  26.2  41.2 -99.000 -99.0   0.0
   2 1979 123 15156.  25.7  42.0 -99.000 -99.0   0.0
   2 1979 124 28261.  24.7  41.4 -99.000 -99.0   0.0
   2 1979 125 31568.  24.7  41.0 -99.000 -99.0   0.0
   2 1979 126 27340.  25.7  41.0 -99.000 -99.0   0.0
   2 1979 127 24032.  26.2  42.4 -99.000 -99.0   0.0
   2 1979 128 25163.  27.2  42.0 -99.000 -99.0   0.0
   2 1979 129 22944.  26.7  42.0 -99.000 -99.0   0.0
   2 1979 130 19636.  26.7  42.0 -99.000 -99.0   1.0
   2 1979 131 14235.  30.2  42.2 -99.000 -99.0   0.0
   2 1979 132 14235.  27.7  41.4 -99.000 -99.0   0.0
   2 1979 133 14235.  23.4  37.4 -99.000 -99.0   2.2
   2 1979 134 14319.  19.8  28.0 -99.000 -99.0  12.4
   2 1979 135 25456.  20.9  27.0 -99.000 -99.0   2.0
   2 1979 136 32155.  21.2  34.0 -99.000 -99.0   0.0
   2 1979 137 31024.  21.2  35.4 -99.000 -99.0   0.0
   2 1979 138 29936.  21.7  36.6 -99.000 -99.0   0.0
   2 1979 139 27717.  23.7  39.0 -99.000 -99.0   0.0
   2 1979 140 26586.  22.3  40.0 -99.000 -99.0   0.0
   2 1979 141 25330.  21.7  38.0 -99.000 -99.0   0.0
   2 1979 142 27507.  21.5  38.0 -99.000 -99.0   0.0
   2 1979 143 27507.  22.9  38.0 -99.000 -99.0   0.0
   2 1979 144 26419.  23.6  37.0 -99.000 -99.0   0.0
   2 1979 145 21981.  23.7  38.6 -99.000 -99.0   0.0
   2 1979 146 23111.  23.3  39.0 -99.000 -99.0   0.0
   2 1979 147 26419.  23.9  38.4 -99.000 -99.0   0.0
   2 1979 148 19762.  26.8  40.2 -99.000 -99.0   0.0
   2 1979 149 14235.  26.0  40.8 -99.000 -99.0   0.0
   2 1979 150 23111.  26.4  36.8 -99.000 -99.0   0.0
   2 1979 151 14235.  25.1  40.0 -99.000 -99.0   0.0
   2 1979 152 16454.  21.5  35.0 -99.000 -99.0   1.4
   2 1979 153 19762.  22.7  37.0 -99.000 -99.0   0.8
   2 1979 154 19762.  23.5  39.4 -99.000 -99.0   0.0
   2 1979 155 18673.  24.2  39.5 -99.000 -99.0   0.6
   2 1979 156 23111.  24.7  40.4 -99.000 -99.0   0.3
   2 1979 157 15366.  24.2  41.0 -99.000 -99.0   0.2
   2 1979 158 24158.  24.9  41.0 -99.000 -99.0   0.0
   2 1979 159 21981.  24.5  39.8 -99.000 -99.0   0.0
   2 1979 160 16454.  24.6  39.8 -99.000 -99.0   4.6
   2 1979 161 15366.  24.2  34.4 -99.000 -99.0   0.0
   2 1979 162 19762.  25.8  36.0 -99.000 -99.0   0.0
   2 1979 163 17543.  23.7  38.8 -99.000 -99.0   0.0
   2 1979 164 23111.  22.2  37.0 -99.000 -99.0  11.8
   2 1979 165 16454.  24.7  36.4 -99.000 -99.0   0.0
   2 1979 166 16454.  24.2  34.4 -99.000 -99.0   0.4
   2 1979 167 21981.  23.2  37.0 -99.000 -99.0   0.6
   2 1979 168 16454.  24.0  36.4 -99.000 -99.0   0.0
   2 1979 169 17543.  23.2  33.2 -99.000 -99.0   0.0
   2 1979 170 17543.  23.2  32.0 -99.000 -99.0   0.0
   2 1979 171 18673.  23.2  33.2 -99.000 -99.0   0.0
   2 1979 172 14235.  23.7  34.0 -99.000 -99.0   0.0
   2 1979 173 19762.  23.7  34.0 -99.000 -99.0   4.9
   2 1979 174 14235.  23.0  33.2 -99.000 -99.0   0.0
   2 1979 175 14235.  22.9  32.0 -99.000 -99.0   0.0
   2 1979 176 14235.  21.9  28.0 -99.000 -99.0   0.6
   2 1979 177 14235.  21.8  26.4 -99.000 -99.0   2.9
   2 1979 178 16454.  22.1  27.4 -99.000 -99.0   0.9
   2 1979 179 15366.  22.7  31.2 -99.000 -99.0   0.0
   2 1979 180 14235.  22.7  31.6 -99.000 -99.0   0.0
   2 1979 181 14235.  23.2  31.0 -99.000 -99.0   0.0
   2 1979 182 16454.  22.7  32.0 -99.000 -99.0   0.0
   2 1979 183 16454.  22.4  30.9 -99.000 -99.0   0.0
   2 1979 184 21981.  21.7  32.4 -99.000 -99.0   0.0
   2 1979 185 19762.  22.9  31.5 -99.000 -99.0   0.0
   2 1979 186 25330.  22.5  32.4 -99.000 -99.0   0.0
   2 1979 187 18673.  22.7  33.9 -99.000 -99.0   0.0
   2 1979 188 21981.  22.6  32.9 -99.000 -99.0   0.0
   2 1979 189 14235.  22.3  32.9 -99.000 -99.0  23.2
   2 1979 190 18673.  21.7  31.4 -99.000 -99.0   4.2
   2 1979 191 14235.  21.9  27.0 -99.000 -99.0   0.2
   2 1979 192 26419.  21.4  30.4 -99.000 -99.0   0.0
   2 1979 193 20850.  21.1  33.0 -99.000 -99.0   0.0
   2 1979 194 14235.  21.9  31.4 -99.000 -99.0   0.0
   2 1979 195 14235.  22.2  28.2 -99.000 -99.0   4.6
   2 1979 196 14235.  22.7  31.4 -99.000 -99.0   0.0
   2 1979 197 18673.  22.1  31.4 -99.000 -99.0   0.0
   2 1979 198 25330.  21.7  32.6 -99.000 -99.0   0.0
   2 1979 199 14151.  21.9  32.8 -99.000 -99.0   0.0
   2 1979 200 16370.  22.2  32.4 -99.000 -99.0   0.0
   2 1979 201 17459.  22.2  32.6 -99.000 -99.0   0.0
   2 1979 202 21855.  22.2  32.4 -99.000 -99.0   0.0
   2 1979 203 17459.  22.8  35.0 -99.000 -99.0   0.0
   2 1979 204 16370.  23.2  34.4 -99.000 -99.0   0.0
   2 1979 205 15240.  22.3  34.0 -99.000 -99.0  35.8
   2 1979 206 22944.  21.7  31.0 -99.000 -99.0   4.6
   2 1979 207 14151.  22.8  32.0 -99.000 -99.0   1.2
   2 1979 208 17459.  21.5  31.0 -99.000 -99.0   0.0
   2 1979 209 14151.  22.2  32.0 -99.000 -99.0   0.0
   2 1979 210 14151.  21.2  29.0 -99.000 -99.0   3.8
   2 1979 211 14151.  21.3  24.4 -99.000 -99.0   2.4
   2 1979 212 14151.  21.5  29.2 -99.000 -99.0   1.2
   2 1979 213 15240.  22.4  29.4 -99.000 -99.0   0.0
   2 1979 214 14151.  22.2  31.0 -99.000 -99.0   3.4
   2 1979 215 14151.  22.2  27.8 -99.000 -99.0   0.0
   2 1979 216 14151.  21.6  26.6 -99.000 -99.0   2.8
   2 1979 217 14151.  21.7  27.4 -99.000 -99.0   0.0
   2 1979 218 14151.  21.5  29.4 -99.000 -99.0   1.2
   2 1979 219 14151.  21.6  29.4 -99.000 -99.0   2.8
   2 1979 220 16245.  21.8  29.4 -99.000 -99.0   0.0
   2 1979 221 14068.  21.7  29.4 -99.000 -99.0   0.8
   2 1979 222 14068.  21.7  26.5 -99.000 -99.0   0.8
   2 1979 223 14068.  21.2  29.2 -99.000 -99.0   1.8
   2 1979 224 14068.  21.1  30.2 -99.000 -99.0   5.6
   2 1979 225 14068.  21.7  29.4 -99.000 -99.0   0.8
   2 1979 226 16245.  21.1  29.4 -99.000 -99.0   0.8
   2 1979 227 17333.  21.7  31.0 -99.000 -99.0   0.0
   2 1979 228 14068.  21.3  30.2 -99.000 -99.0   1.6
   2 1979 229 14068.  20.9  29.4 -99.000 -99.0   0.6
   2 1979 230 15156.  21.2  30.0 -99.000 -99.0   0.0
   2 1979 231 15072.  20.8  27.4 -99.000 -99.0   0.0
   2 1979 232 16161.  20.1  31.0 -99.000 -99.0   0.0
   2 1979 233 17124.  20.7  32.0 -99.000 -99.0   0.0
   2 1979 234 24660.  20.7  32.2 -99.000 -99.0   0.0
   2 1979 235 13816.  20.7  32.6 -99.000 -99.0   0.0
   2 1979 236 13816.  21.5  33.6 -99.000 -99.0   3.2
   2 1979 237 18087.  22.7  33.4 -99.000 -99.0   2.6
   2 1979 238 18003.  22.2  33.2 -99.000 -99.0   0.0
   2 1979 239 13691.  22.7  32.6 -99.000 -99.0   0.4
   2 1979 240 16915.  23.1  30.6 -99.000 -99.0   0.0
   2 1979 241 15826.  21.8  34.0 -99.000 -99.0  15.6
   2 1979 242 15701.  21.7  28.8 -99.000 -99.0   1.8
   2 1979 243 18882.  21.5  28.4 -99.000 -99.0   0.0
   2 1979 244 18882.  23.7  33.0 -99.000 -99.0   0.0
   2 1979 245 13607.  21.2  34.4 -99.000 -99.0  18.2
   2 1979 246 20850.  21.6  27.4 -99.000 -99.0   0.0
   2 1979 247 16705.  20.7  32.0 -99.000 -99.0   0.0
   2 1979 248 18757.  19.7  30.4 -99.000 -99.0   0.0
   2 1979 249 18757.  20.7  31.0 -99.000 -99.0   0.0
   2 1979 250 13440.  21.7  31.6 -99.000 -99.0   0.0
   2 1979 251 16580.  23.2  32.4 -99.000 -99.0   0.0
   2 1979 252 13440.  22.7  32.0 -99.000 -99.0   0.0
   2 1979 253 14486.  21.5  29.9 -99.000 -99.0   5.2
   2 1979 254 15533.  19.7  30.6 -99.000 -99.0  10.1
   2 1979 255 15407.  20.2  29.4 -99.000 -99.0   7.6
   2 1979 256 15407.  22.5  31.4 -99.000 -99.0   0.0
   2 1979 257 15407.  21.8  32.4 -99.000 -99.0  11.0
   2 1979 258 20599.  21.0  27.4 -99.000 -99.0   0.0
   2 1979 259 19552.  21.7  32.0 -99.000 -99.0  10.9
   2 1979 260 17501.  21.5  32.6 -99.000 -99.0  15.6
   2 1979 261 20473.  22.0  30.4 -99.000 -99.0   0.7
   2 1979 262 17375.  21.7  32.0 -99.000 -99.0   9.4
   2 1979 263 17250.  21.2  32.0 -99.000 -99.0  16.8
   2 1979 264 18171.  20.8  28.0 -99.000 -99.0   5.8
   2 1979 265 17166.  22.3  31.4 -99.000 -99.0   0.0
   2 1979 266 12979.  21.7  30.0 -99.000 -99.0  19.8
   2 1979 267 12979.  21.8  27.6 -99.000 -99.0  19.8
   2 1979 268 14905.  21.7  26.8 -99.000 -99.0   4.4
   2 1979 269 12812.  20.7  27.2 -99.000 -99.0  24.6
   2 1979 270 12728.  19.2  27.0 -99.000 -99.0 116.7
   2 1979 271 14696.  20.6  28.0 -99.000 -99.0   4.0
   2 1979 272 15575.  21.8  29.4 -99.000 -99.0   2.4
   2 1979 273 15449.  22.2  30.6 -99.000 -99.0   0.0
   2 1979 274 15449.  23.1  31.0 -99.000 -99.0   0.0
   2 1979 275 17291.  22.6  31.6 -99.000 -99.0   0.0
   2 1979 276 16329.  21.5  31.6 -99.000 -99.0   0.4
   2 1979 277 18254.  21.6  31.4 -99.000 -99.0   0.0
   2 1979 278 19259.  21.5  32.0 -99.000 -99.0   0.0
   2 1979 279 21981.  22.1  32.0 -99.000 -99.0   0.0
   2 1979 280 15240.  22.2  33.4 -99.000 -99.0  16.6
   2 1979 281 17166.  23.4  31.6 -99.000 -99.0   0.0
   2 1979 282 21981.  22.1  31.8 -99.000 -99.0   1.1
   2 1979 283 22944.  22.7  33.4 -99.000 -99.0   0.0
   2 1979 284 23739.  22.7  33.4 -99.000 -99.0   0.0
   2 1979 285 18003.  22.6  34.2 -99.000 -99.0   0.0
   2 1979 286 22776.  22.2  34.6 -99.000 -99.0   0.0
   2 1979 287 23739.  21.8  34.0 -99.000 -99.0   0.0
   2 1979 288 24660.  22.1  34.0 -99.000 -99.0   0.0
   2 1979 289 23764.  21.9  34.0 -99.000 -99.0   0.0
   2 1979 290 22776.  21.7  34.0 -99.000 -99.0   0.0
   2 1979 291 15952.  23.2  34.8 -99.000 -99.0   0.0
   2 1979 292 15952.  22.7  32.4 -99.000 -99.0   0.0
   2 1979 293 21520.  20.8  31.2 -99.000 -99.0  10.4
   2 1979 294 21520.  21.3  32.0 -99.000 -99.0   0.0
   2 1979 295 21353.  20.3  32.0 -99.000 -99.0   0.0
   2 1979 296 12016.  20.7  31.0 -99.000 -99.0   0.0
   2 1979 297 13858.  20.7  30.4 -99.000 -99.0   0.0
   2 1979 298 15659.  21.2  32.0 -99.000 -99.0   0.9
   2 1979 299 19343.  19.7  32.4 -99.000 -99.0   0.0
   2 1979 300 13649.  22.2  33.0 -99.000 -99.0   0.0
   2 1979 301 13565.  21.3  31.0 -99.000 -99.0   6.2
   2 1979 302 11765.  21.2  28.2 -99.000 -99.0   0.2
   2 1979 303 14403.  22.1  28.0 -99.000 -99.0   0.0
   2 1979 304 25246.  21.7  31.4 -99.000 -99.0   0.0
   2 1979 305 20557.  19.7  32.4 -99.000 -99.0   0.0
   2 1979 306 19636.  19.2  32.1 -99.000 -99.0   0.0
   2 1979 307 14277.  21.4  30.0 -99.000 -99.0   0.0
   2 1979 308 11472.  19.7  29.4 -99.000 -99.0 181.1
   2 1979 309 15031.  20.2  23.4 -99.000 -99.0  25.6
   2 1979 310 13147.  21.2  28.0 -99.000 -99.0   1.4
   2 1979 311 14905.  20.2  29.4 -99.000 -99.0  25.1
   2 1979 312 19217.  20.2  29.0 -99.000 -99.0   0.0
   2 1979 313 17291.  20.9  29.4 -99.000 -99.0   0.0
   2 1979 314 23237.  20.1  29.8 -99.000 -99.0   0.0
   2 1979 315 18757.  19.7  30.0 -99.000 -99.0   0.0
   2 1979 316 15324.  19.2  29.0 -99.000 -99.0   0.0
   2 1979 317 13481.  20.3  28.8 -99.000 -99.0   0.0
   2 1979 318 10844.  20.2  29.6 -99.000 -99.0   4.6
   2 1979 319 14738.  21.2  25.0 -99.000 -99.0   0.0
   2 1979 320 12560.  21.7  29.6 -99.000 -99.0   0.0
   2 1979 321 11597.  22.2  29.4 -99.000 -99.0   0.0
   2 1979 322 14110.  21.2  28.0 -99.000 -99.0   2.5
   2 1979 323 13147.  20.7  31.4 -99.000 -99.0   4.0
   2 1979 324 17333.  20.2  30.4 -99.000 -99.0   0.0
   2 1979 325 16454.  20.7  31.4 -99.000 -99.0   0.0
   2 1979 326 13147.  20.7  30.4 -99.000 -99.0  31.5
   2 1979 327 12225.  22.5  29.4 -99.000 -99.0   0.6
   2 1979 328 15533.  20.6  30.4 -99.000 -99.0   0.0
   2 1979 329 12225.  21.7  30.2 -99.000 -99.0   0.6
   2 1979 330 10509.  17.2  26.0 -99.000 -99.0   8.0
   2 1979 331 12937.  18.4  27.2 -99.000 -99.0   3.3
   2 1979 332 14444.  21.7  28.4 -99.000 -99.0   0.0
   2 1979 333 16915.  19.7  30.4 -99.000 -99.0   0.0
   2 1979 334 15910.  20.6  29.8 -99.000 -99.0   0.0
   2 1979 335 16747.  19.7  30.0 -99.000 -99.0   0.0
   2 1979 336 19134.  18.1  29.0 -99.000 -99.0   0.0
   2 1979 337 23153.  18.2  29.4 -99.000 -99.0   0.0
   2 1979 338 16580.  16.2  29.0 -99.000 -99.0   0.0
   2 1979 339 19008.  18.3  28.4 -99.000 -99.0   0.0
   2 1979 340 14989.  19.2  29.4 -99.000 -99.0   0.0
   2 1979 341 18213.  18.2  28.4 -99.000 -99.0   0.0
   2 1979 342 14193.  19.5  29.6 -99.000 -99.0   0.0
   2 1979 343 19804.  17.7  29.0 -99.000 -99.0   0.0
   2 1979 344 20557.  16.2  28.4 -99.000 -99.0   0.0
   2 1979 345 14068.  16.0  28.4 -99.000 -99.0   0.0
   2 1979 346 18003.  16.7  38.2 -99.000 -99.0   0.0
   2 1979 347 16454.  17.7  29.0 -99.000 -99.0   0.0
   2 1979 348 20390.  15.7  29.4 -99.000 -99.0   0.0
   2 1979 349 17208.  17.9  29.8 -99.000 -99.0   0.0
   2 1979 350 14905.  19.2  30.4 -99.000 -99.0   0.0
   2 1979 351 17208.  18.9  30.4 -99.000 -99.0   0.0
   2 1979 352 18213.  18.7  30.4 -99.000 -99.0   0.0
   2 1979 353 17375.  18.6  31.0 -99.000 -99.0   0.0
   2 1979 354 19804.  19.7  31.2 -99.000 -99.0   0.0
   2 1979 355 15784.  17.7  30.4 -99.000 -99.0   0.0
   2 1979 356 17375.  17.7  30.2 -99.000 -99.0   0.0
   2 1979 357 17375.  19.6  29.8 -99.000 -99.0   0.0
   2 1979 358 19008.  14.7  28.0 -99.000 -99.0   0.0
   2 1979 359 23153.  15.0  27.6 -99.000 -99.0   0.0
   2 1979 360 23153.  14.2  28.6 -99.000 -99.0   0.0
   2 1979 361 23153.  15.7  29.0 -99.000 -99.0   0.0
   2 1979 362 23153.  14.3  30.2 -99.000 -99.0   0.0
   2 1979 363 23153.  15.2  29.4 -99.000 -99.0   0.0
   2 1979 364 23362.  15.2  29.2 -99.000 -99.0   0.0
   2 1979 365 23362.  16.0  29.6 -99.000 -99.0   0.0
