*---------------------------------------------------------------------------*
* Station name: Cuttack (Central Rice Research Institute), India
* Year: 1985
* Author: Peter Uithol                                     -99.000: NIL VALUE
* Source: IRRI/WMO Special project
* Comments: Relative humidity (%) measured at 14.00 h,
*           irradiation measured as hours sunshine
* Longitude: 86 0 E, latitude: 20 30 N, altitude: 23. m
*
* Column  Daily value
* 1       station number
* 2       year
* 3       day
* 4       irradiation                   (kJ m-2 d-1)
* 5       minimum temperature           (degrees Celsius)
* 6       maximum temperature           (degrees Celsius)
* 7       early morning vapour pressure (kPa)
* 8       mean wind speed (height: 2 m) (m s-1)
* 9       precipitation                 (mm d-1)
*---------------------------------------------------------------------------*
  86.00  20.50    23. 0.00 0.00
   4 1985   1 15718.  19.9  29.1   2.163   0.5   0.0
   4 1985   2   -99.  17.1  22.8   1.659   1.6  11.8
   4 1985   3   -99.  15.6  21.4   1.100   0.4   0.0
   4 1985   4 14214.  15.4  26.2   1.051   0.4   0.0
   4 1985   5 15730.  16.2  27.8   1.124   0.6   0.0
   4 1985   6 16160.  15.9  28.0   1.121   0.5   0.0
   4 1985   7 15498.  17.1  28.4   1.386   1.0   0.0
   4 1985   8 13838.  18.9  28.0   1.224   1.1   0.0
   4 1985   9 16471.  18.3  29.1   1.263   0.7   0.0
   4 1985  10 16112.  20.6  29.5   1.555   0.9   0.0
   4 1985  11  9829.  18.9  27.8   1.246   0.7   0.0
   4 1985  12 16097.  18.6  30.1   1.309   0.7   0.0
   4 1985  13 13823.  19.9  28.0   1.559   0.9   0.0
   4 1985  14   -99.  17.7  26.3   1.257   1.5   0.0
   4 1985  15 15023.  17.1  28.0   1.230   0.8   0.0
   4 1985  16 16290.  17.9  29.2   1.663   0.7   0.0
   4 1985  17 14813.  15.9  28.3   0.886   0.9   1.5
   4 1985  18 17316.  13.7  26.8   0.612   1.0   0.0
   4 1985  19 16758.  13.0  26.7   0.734   0.5   0.0
   4 1985  20 17741.  14.4  27.5   0.755   0.5   0.0
   4 1985  21 17803.  15.0  27.1   0.939   0.5   0.0
   4 1985  22 17969.  14.7  27.5   0.753   0.2   0.0
   4 1985  23 17723.  16.8  29.6   1.111   0.1   0.0
   4 1985  24 17580.  16.2  29.0   0.885   0.2   0.0
   4 1985  25 17854.  15.1  27.4   0.910   0.1   0.0
   4 1985  26 18445.  14.5  26.5   0.777   0.2   0.0
   4 1985  27 17990.  15.1  28.5   0.842   0.1   0.0
   4 1985  28 18376.  15.1  29.2   0.945   0.1   0.0
   4 1985  29 17602.  16.4  30.5   0.896   0.3   0.0
   4 1985  30 17460.  17.3  31.2   0.810   0.3   0.0
   4 1985  31 17317.  17.0  31.5   0.931   0.7   0.0
   4 1985  32 18349.  17.6  31.1   1.027   1.0   0.0
   4 1985  33 18530.  17.1  29.0   1.015   1.1   0.0
   4 1985  34 19144.  19.1  30.0   1.372   0.5   0.0
   4 1985  35 17926.  16.9  29.5   0.597   1.2   0.0
   4 1985  36 18650.  16.9  30.5   0.848   1.0   0.0
   4 1985  37 19054.  21.0  31.8   0.847   3.1   0.0
   4 1985  38 18914.  16.5  32.3   0.620   1.1   0.0
   4 1985  39 18883.  16.5  29.0   0.714   1.3   0.0
   4 1985  40 19401.  18.4  30.4   1.250   1.0   0.0
   4 1985  41 17276.  19.7  30.0   1.333   1.1   0.0
   4 1985  42 18234.  20.6  30.7   1.360   1.1   0.0
   4 1985  43 16535.  20.9  31.7   1.707   1.2   0.0
   4 1985  44 12262.  21.4  29.6   1.710   1.4   0.0
   4 1985  45 13770.  20.4  29.0   1.728   1.3   0.0
   4 1985  46 17306.  20.1  30.0   2.167   1.9  54.5
   4 1985  47  9954.  19.9  23.6   0.884   1.5   8.6
   4 1985  48 20612.  15.3  28.2   0.713   0.6   0.0
   4 1985  49 19562.  14.5  28.0   0.562   0.6   0.0
   4 1985  50 21005.  14.0  29.1   0.480   0.7   0.0
   4 1985  51 21088.  15.5  31.2   0.599   0.5   0.0
   4 1985  52 21057.  17.3  32.5   0.593   0.9   0.0
   4 1985  53 20566.  17.1  33.6   0.820   1.1   0.0
   4 1985  54 21337.  15.7  30.2   0.589   0.9   0.0
   4 1985  55 21072.  15.9  31.0   0.705   0.4   0.0
   4 1985  56 21616.  16.7  31.8   0.685   0.8   0.0
   4 1985  57 21581.  18.6  35.0   0.815   1.3   0.0
   4 1985  58 21662.  18.5  33.5   0.384   1.1   0.0
   4 1985  59 20573.  19.5  34.7   0.567   0.7   0.0
   4 1985  60 20297.  19.1  35.0   0.797   1.0   0.0
   4 1985  61 20607.  20.9  36.0   0.891   1.0   0.0
   4 1985  62 19974.  18.3  35.0   0.674   0.8   0.0
   4 1985  63 18627.  21.5  35.2   0.976   1.0   0.0
   4 1985  64 20354.  20.9  35.3   1.114   2.1   0.0
   4 1985  65 19830.  22.3  35.2   0.809   2.1   0.0
   4 1985  66 20495.  21.9  37.0   1.052   1.4   0.0
   4 1985  67 20683.  22.4  37.6   1.139   2.4   0.0
   4 1985  68 21231.  21.0  36.1   0.946   2.3   0.0
   4 1985  69 19859.  20.9  38.5   1.015   0.9   0.0
   4 1985  70 21489.  19.9  39.1   1.024   0.7   0.0
   4 1985  71 20109.  22.4  36.8   0.949   1.0   0.0
   4 1985  72 18479.  20.9  35.0   0.619   1.1   0.0
   4 1985  73 20234.  20.6  39.1   0.996   1.4   0.0
   4 1985  74 15314.  20.9  35.2   1.138   0.5   0.0
   4 1985  75 19625.  21.0  35.8   1.220   1.0   0.0
   4 1985  76 19195.  23.9  35.3   1.188   2.0   0.0
   4 1985  77 19251.  24.4  35.2   1.408   3.2   0.0
   4 1985  78 20653.  24.4  35.3   1.530   3.2   0.0
   4 1985  79 18623.  24.8  34.2   1.818   3.5   0.0
   4 1985  80 19166.  25.3  34.8   1.938   2.3   0.0
   4 1985  81 19587.  23.9  33.6   1.693   1.9   0.0
   4 1985  82 20379.  25.4  34.6   1.820   3.2   0.0
   4 1985  83 17711.  22.4  34.5   1.492   3.0   0.0
   4 1985  84 20109.  22.5  35.0   1.337   3.0   0.0
   4 1985  85 19041.  24.7  38.2   1.620   2.7   0.0
   4 1985  86 21695.  25.4  36.0   1.820   1.8   4.0
   4 1985  87 21122.  25.8  34.8   1.897   3.2   0.0
   4 1985  88 21791.  26.3  36.3   1.988   4.1   0.0
   4 1985  89 20341.  26.0  37.6   1.751   2.7   0.0
   4 1985  90 19135.  24.4  36.8   1.653   1.5   0.0
   4 1985  91 17300.  22.9  36.6   1.538   1.8   0.0
   4 1985  92 21843.  23.9  36.0   1.515   2.0   0.0
   4 1985  93 18751.  24.3  37.3   1.217   2.4   0.0
   4 1985  94 21925.  24.9  38.0   1.672   1.6   0.0
   4 1985  95 18573.  23.4  37.5   1.326   1.4   0.0
   4 1985  96 20115.  24.1  36.5   1.563   1.3   8.2
   4 1985  97 19395.  22.6  36.4   1.071   1.0   1.0
   4 1985  98 23710.  24.9  37.5   0.946   2.1   0.0
   4 1985  99 23115.  25.9  39.5   1.473   2.8   0.0
   4 1985 100 23275.  26.6  38.5   1.535   4.3   0.0
   4 1985 101 23181.  26.1  39.3   1.321   3.3   0.0
   4 1985 102 22707.  23.4  41.0   1.124   1.8   0.0
   4 1985 103 22737.  25.8  40.8   1.065   1.9   0.0
   4 1985 104 22766.  26.0  41.6   1.515   2.3   0.0
   4 1985 105 23173.  27.4  39.2   1.755   3.3   0.0
   4 1985 106 22187.  27.0  38.0   1.964   2.2   0.0
   4 1985 107 20946.  27.0  37.6   1.679   2.9   0.0
   4 1985 108 23882.  26.4  39.0   2.000   3.2   0.0
   4 1985 109 23653.  27.7  36.5   2.233   3.9   0.0
   4 1985 110 21774.  27.5  35.8   2.317   4.2   0.0
   4 1985 111 21541.  26.2  35.4   1.874   2.6   0.0
   4 1985 112 24603.  24.4  37.7   0.796   2.7   0.0
   4 1985 113 24496.  24.2  43.1   0.786   1.6   0.0
   4 1985 114 24133.  26.0  42.5   1.852   2.1   0.0
   4 1985 115 22121.  28.2  37.5   2.414   3.4   0.0
   4 1985 116 16811.  27.3  34.7   1.854   3.1   0.0
   4 1985 117 20377.  27.9  38.0   1.920   3.8   0.0
   4 1985 118 21786.  27.4  38.2   2.194   4.0   0.0
   4 1985 119 22814.  19.1  35.6   1.461   3.4  12.5
   4 1985 120 21431.  20.9  35.0   1.633   2.6   7.0
   4 1985 121 22837.  27.4  35.0   2.230   3.6   0.0
   4 1985 122 24243.  28.3  35.8   2.466   2.7   0.0
   4 1985 123 22731.  27.7  36.0   2.307   2.6   0.0
   4 1985 124 19192.  27.1  35.2   2.120   2.6   0.0
   4 1985 125 21989.  27.6  36.0   2.109   2.2   0.0
   4 1985 126 21870.  21.6  37.6   1.679   2.3   2.0
   4 1985 127 21497.  26.9  35.0   2.237   3.9   0.0
   4 1985 128 22896.  24.0  35.0   1.942   4.2   0.0
   4 1985 129 23281.  27.3  35.6   2.108   2.3   0.0
   4 1985 130 24804.  19.9  36.5   1.559   3.7  65.0
   4 1985 131 24807.  22.7  33.6   1.547   3.0   1.5
   4 1985 132 24052.  23.0  35.6   1.772   2.9   2.0
   4 1985 133 20391.  25.4  35.0   2.242   1.7   0.0
   4 1985 134 24562.  27.4  35.2   2.267   3.6   0.0
   4 1985 135 21660.  27.4  36.3   1.938   2.8   0.0
   4 1985 136 23555.  27.7  37.5   2.307   2.4   0.0
   4 1985 137 23177.  27.7  36.4   2.419   2.5   0.0
   4 1985 138 24564.  25.2  36.0   1.830   2.6   0.0
   4 1985 139 23556.  25.9  36.3   1.506   2.3   0.0
   4 1985 140 25193.  25.9  36.6   1.874   2.3   0.0
   4 1985 141 25821.  25.9  36.0   2.008   2.2   0.0
   4 1985 142 24686.  25.2  37.0   1.670   1.9   0.0
   4 1985 143 19150.  25.3  36.0   1.938   2.3   1.0
   4 1985 144 20281.  27.1  35.0   2.371   4.9   0.0
   4 1985 145 15129.  26.9  34.0   1.846   2.2   0.0
   4 1985 146 18271.  26.0  38.3   1.650   1.2   0.0
   4 1985 147 23292.  28.0  39.8   1.969   2.1   0.0
   4 1985 148 18145.  29.4  39.4   2.136   2.7   0.0
   4 1985 149 23412.  28.0  38.0   2.083   3.1   0.0
   4 1985 150 24036.  28.0  38.0   2.083   2.5   0.0
   4 1985 151 24533.  28.0  37.8   2.007   2.4   0.0
   4 1985 152 25156.  28.5  38.1   1.949   2.7   0.0
   4 1985 153 22773.  23.4  40.8   1.470   1.8   9.0
   4 1985 154 21894.  25.6  38.5   2.466   2.2   5.6
   4 1985 155 13260.  26.7  31.5   1.614   1.9   0.0
   4 1985 156 20887.  25.4  38.8   2.664   1.8   2.0
   4 1985 157 12511.  25.3  31.6   2.552   1.8   1.0
   4 1985 158 12137.  24.4  30.8   1.653   1.6   0.0
   4 1985 159 24126.  24.4  37.4   1.592   1.9   0.0
   4 1985 160 23623.  27.7  38.8   1.898   2.6   0.0
   4 1985 161 19501.  26.7  36.3   1.474   2.0   0.0
   4 1985 162 24364.  29.4  39.2   2.300   2.8   0.0
   4 1985 163 11763.  25.6  36.0   1.315   1.7   0.0
   4 1985 164 20117.  26.9  40.2   1.598   2.2   0.5
   4 1985 165 13882.  25.9  38.8   2.042   2.1   3.2
   4 1985 166 12011.  22.6  33.0   2.444   2.2  62.4
   4 1985 167   -99.  23.9  28.8   1.693   1.8   1.5
   4 1985 168 17740.  24.1  36.1   1.714   1.8   0.0
   4 1985 169 18609.  28.0  38.0   1.856   1.9   0.0
   4 1985 170 22093.  28.3  39.6   2.042   1.7   0.0
   4 1985 171 19974.  29.4  39.0   2.136   1.8   0.0
   4 1985 172 16113.  28.4  36.5   1.938   2.1   0.0
   4 1985 173 18102.  24.4  38.0   1.898   1.8   9.8
   4 1985 174 23700.  23.1  36.2   1.868   1.4  11.8
   4 1985 175 24195.  25.9  34.7   2.845   3.3   4.0
   4 1985 176 13865.  25.7  30.6   2.845   2.0  10.0
   4 1985 177 19338.  26.7  31.8   2.211   3.1   2.0
   4 1985 178 22073.  27.7  34.5   3.051   4.0   0.0
   4 1985 179 18960.  25.7  34.0   2.580   2.0   3.0
   4 1985 180   -99.  26.1  31.7   3.014   1.7   0.0
   4 1985 181   -99.  22.7  29.2   1.768   2.3  19.0
   4 1985 182 16714.  23.9  35.0   2.495   2.4  24.0
   4 1985 183   -99.  25.5  30.2   2.648   1.1   0.0
   4 1985 184 11731.  24.8  31.8   2.383   1.9   4.2
   4 1985 185 11728.  24.4  29.6   2.816   2.1   4.0
   4 1985 186   -99.  25.1  26.5   2.777   2.2   2.5
   4 1985 187 11597.  24.4  28.2   2.724   1.4   7.2
   4 1985 188   -99.  24.9  29.1   2.239   1.0   3.4
   4 1985 189 15077.  25.0  31.7   3.078   1.6   0.0
   4 1985 190 15945.  24.2  32.2   2.359   1.4  26.4
   4 1985 191 12828.  23.5  31.8   2.610   1.1  14.0
   4 1985 192 14942.  24.5  31.4   2.402   0.9   2.0
   4 1985 193 15063.  25.9  31.8   2.644   0.8   0.0
   4 1985 194 13190.  24.4  30.6   2.418   1.2   3.8
   4 1985 195 15679.  24.0  30.6   2.450   1.3  44.8
   4 1985 196 11809.  24.0  30.2   2.839   1.3   2.0
   4 1985 197 11430.  24.4  27.4   2.449   1.4  41.0
   4 1985 198 13920.  25.1  30.0   2.298   1.3   0.6
   4 1985 199 14414.  26.0  31.0   2.862   1.3   1.0
   4 1985 200 12662.  26.0  30.5   2.963   1.3   0.0
   4 1985 201 15777.  25.0  31.7   2.380   1.2   1.4
   4 1985 202 20144.  25.0  32.8   2.951   1.3   3.0
   4 1985 203   -99.  25.5  28.2   2.582   0.5   6.2
   4 1985 204 22259.  25.5  31.8   2.353   1.7   0.0
   4 1985 205 22630.  26.0  32.6   2.727   2.1   0.0
   4 1985 206 16374.  26.1  31.5   2.608   2.1   0.0
   4 1985 207 15618.  25.9  31.4   2.443   1.5   0.0
   4 1985 208 22616.  26.0  32.7   2.256   1.9   0.0
   4 1985 209 23111.  25.9  34.0   3.146   1.8   0.0
   4 1985 210 14845.  25.9  31.7   2.544   0.9   7.4
   4 1985 211 16840.  25.4  32.8   2.469   1.0   0.0
   4 1985 212 19086.  26.0  32.2   3.030   1.2   3.2
   4 1985 213 12441.  25.0  28.6   3.078   1.7  40.2
   4 1985 214   -99.  24.4  27.0   1.500   2.0  38.0
   4 1985 215 22819.  26.9  37.5   2.237   2.4   0.0
   4 1985 216 17924.  26.6  33.5   2.512   0.9   2.0
   4 1985 217 12400.  24.0  31.8   2.899   1.6  41.2
   4 1985 218   -99.  24.4  26.0   3.000   2.5  84.2
   4 1985 219   -99.  23.4  26.2   2.335   3.0  10.5
   4 1985 220 12491.  25.6  29.2   2.466   3.4   1.5
   4 1985 221 21882.  23.4  31.8   1.931   1.7  56.4
   4 1985 222 24001.  27.4  32.7   3.071   0.9   0.0
   4 1985 223 20227.  26.3  32.8   2.159   0.8   0.0
   4 1985 224 22972.  26.4  33.6   2.827   1.4   0.0
   4 1985 225 24337.  27.1  33.5   2.874   1.2   0.0
   4 1985 226 20686.  26.7  32.8   3.263   2.7   3.2
   4 1985 227 17786.  26.0  30.4   2.458   1.9   5.4
   4 1985 228 21280.  25.4  32.5   2.892   1.8  22.8
   4 1985 229 15246.  26.9  31.0   3.231   0.7   1.2
   4 1985 230   -99.  26.4  31.0   3.137   0.6   3.0
   4 1985 231   -99.  24.9  29.2   2.555   0.5   5.0
   4 1985 232 14191.  24.7  31.5   2.774   1.6  10.0
   4 1985 233 19433.  25.4  32.6   2.502   1.6   7.2
   4 1985 234 19162.  26.2  32.2   2.385   1.8   0.0
   4 1985 235 20894.  25.9  33.0   2.510   1.8   1.0
   4 1985 236 17868.  26.3  32.3   2.536   1.0   1.0
   4 1985 237 13092.  26.0  31.8   2.492   0.9   0.8
   4 1985 238   -99.  24.9  32.0   2.712   1.3   4.5
   4 1985 239   -99.  23.2  30.0   2.420   2.1  27.0
   4 1985 240   -99.  23.9  29.5   2.703   2.0  11.0
   4 1985 241   -99.  24.4  26.8   2.847   2.9   1.6
   4 1985 242 12482.  24.1  28.0   2.615   2.2   1.4
   4 1985 243 10962.  24.6  27.8   2.478   1.3   0.0
   4 1985 244 14302.  24.6  32.2   2.664   1.0   3.4
   4 1985 245 12160.  26.0  30.2   2.727   1.2   0.0
   4 1985 246 11015.  24.9  31.0   3.028   1.2   2.0
   4 1985 247   -99.  25.0  29.1   2.887   1.1  49.0
   4 1985 248   -99.  25.2  27.3   2.761   2.1   5.2
   4 1985 249 15033.  25.7  30.8   2.448   2.2   4.0
   4 1985 250 15002.  26.1  33.0   2.777   1.4  15.6
   4 1985 251 14476.  25.6  30.5   3.157   1.0   2.5
   4 1985 252 15310.  24.4  32.0   2.571   1.9  44.1
   4 1985 253 11446.  25.4  29.3   2.924   2.9  16.2
   4 1985 254 15243.  25.1  30.6   2.904   3.0   2.2
   4 1985 255 11880.  25.6  28.5   2.893   2.1   7.5
   4 1985 256 15543.  25.1  30.3   2.681   1.2   0.0
   4 1985 257 17719.  25.9  31.5   3.280   0.9   5.5
   4 1985 258   -99.  25.4  28.0   2.827   0.7  16.0
   4 1985 259 11139.  24.4  29.6   2.541   1.3   2.5
   4 1985 260 10494.  24.9  30.0   2.712   0.9  32.0
   4 1985 261 15719.  25.9  32.0   2.778   0.5   0.5
   4 1985 262 18120.  26.1  32.7   2.845   0.5   0.0
   4 1985 263 17952.  23.3  32.5   2.435   1.8  49.5
   4 1985 264 10971.  23.4  28.0   2.680   5.8  59.8
   4 1985 265 16887.  25.3  30.0   2.681   1.3  16.0
   4 1985 266 17569.  25.9  32.0   2.243   0.9  10.0
   4 1985 267 20062.  26.0  32.8   2.424   1.2   0.0
   4 1985 268 20975.  26.0  33.0   2.256   1.2   0.0
   4 1985 269 19833.  26.1  32.4   2.608   1.5   0.0
   4 1985 270 15566.  25.2  32.1   2.248   1.4   0.0
   4 1985 271 19481.  25.9  33.0   2.276   0.9   0.0
   4 1985 272 21102.  26.2  33.2   2.555   0.8   0.0
   4 1985 273 19008.  25.5  32.0   2.125   0.7   0.0
   4 1985 274 19189.  25.9  32.7   2.510   0.7   0.0
   4 1985 275 18297.  24.9  32.3   2.775   1.8   7.0
   4 1985 276 12419.  24.9  31.0   2.807   1.3   4.0
   4 1985 277 15693.  24.1  30.8   2.766   1.4   3.4
   4 1985 278 13866.  24.4  29.5   2.418   0.8   8.5
   4 1985 279 16529.  24.4  31.7   2.234   1.4   0.0
   4 1985 280 17414.  24.1  31.6   2.315   1.3   3.0
   4 1985 281 20523.  23.7  31.2   2.260   1.6   0.0
   4 1985 282 14719.  24.8  31.0   2.445   1.1   0.0
   4 1985 283 18985.  24.9  30.8   3.059   1.7  36.8
   4 1985 284   -99.  24.5  27.8   2.463   3.4  37.0
   4 1985 285 17343.  25.2  29.7   2.248   1.7   4.0
   4 1985 286 19480.  25.2  32.0   2.280   1.1   0.0
   4 1985 287 19411.  25.9  32.6   2.979   0.4   0.0
   4 1985 288   -99.  22.4  30.8   2.468   1.5  51.2
   4 1985 289   -99.  23.0  27.0   2.476   4.6 114.5
   4 1985 290   -99.  23.4  26.5   1.989   2.8  19.6
   4 1985 291 18901.  23.6  31.0   1.750   1.0   0.0
   4 1985 292 20424.  20.4  30.7   1.392   0.7   0.0
   4 1985 293 20008.  19.9  31.5   1.024   0.4   0.0
   4 1985 294 20385.  19.2  30.5   0.913   0.4   0.0
   4 1985 295 19970.  18.4  30.0   1.059   0.4   0.0
   4 1985 296 20344.  19.2  29.4   1.314   0.8   0.0
   4 1985 297 19706.  20.4  29.6   1.416   0.4   0.0
   4 1985 298 19742.  21.3  30.0   1.420   0.4   0.0
   4 1985 299 18998.  21.6  30.5   1.395   0.7   0.0
   4 1985 300 19479.  19.7  30.6   1.034   0.8   0.0
   4 1985 301 19292.  18.3  30.6   1.010   0.5   0.0
   4 1985 302 18555.  18.9  30.8   1.071   0.4   0.0
   4 1985 303 18482.  18.1  30.2   0.998   0.4   0.0
   4 1985 304 19834.  18.5  30.8   1.109   0.5   0.0
   4 1985 305 19101.  18.7  30.0   1.015   0.4   0.0
   4 1985 306 19353.  18.5  29.9   1.087   3.1   0.0
   4 1985 307 18952.  19.7  29.8   1.402   3.1   0.0
   4 1985 308 16172.  21.0  29.0   1.469   0.8   0.0
   4 1985 309 18264.  21.4  30.7   1.659   0.7   0.0
   4 1985 310 16795.  21.4  30.0   1.378   0.4   0.0
   4 1985 311 17907.  21.9  31.5   1.737   0.3   8.0
   4 1985 312 18799.  20.3  30.0   1.335   0.5   0.0
   4 1985 313 18407.  19.3  31.0   1.188   0.3   0.0
   4 1985 314 18443.  18.6  30.5   1.030   0.3   0.0
   4 1985 315 18584.  18.9  30.4   1.115   0.6   0.0
   4 1985 316 15984.  18.1  30.0   1.039   0.9   0.0
   4 1985 317 18235.  18.4  30.0   1.165   1.1   0.0
   4 1985 318 17539.  18.9  29.0   1.377   1.2   0.0
   4 1985 319 16952.  18.7  28.2   1.101   0.9   0.0
   4 1985 320 15432.  19.4  28.7   1.331   1.4   0.0
   4 1985 321 14961.  22.4  29.8   1.573   1.8   0.0
   4 1985 322 13561.  22.4  29.8   1.872   1.8   0.0
   4 1985 323 14337.  22.9  29.1   1.622   1.8   0.0
   4 1985 324 18094.  19.4  30.0   0.902   1.3   0.0
   4 1985 325 16494.  15.7  30.0   0.714   0.6   0.0
   4 1985 326 17054.  15.8  29.5   0.701   0.5   0.0
   4 1985 327 17203.  15.7  30.6   0.625   0.4   0.0
   4 1985 328 17454.  15.9  31.0   0.777   0.3   0.0
   4 1985 329 17400.  15.9  29.8   0.868   0.4   0.0
   4 1985 330 17551.  15.3  30.0   0.800   0.4   0.0
   4 1985 331 17601.  14.4  28.5   0.689   0.7   0.0
   4 1985 332 17350.  13.7  28.4   0.659   0.6   0.0
   4 1985 333 16900.  12.6  27.5   0.642   0.9   0.0
   4 1985 334 17257.  12.2  27.3   0.569   0.8   0.0
   4 1985 335 17313.  13.0  27.6   0.779   0.7   0.0
   4 1985 336 15772.  13.6  27.4   0.701   0.5   0.0
   4 1985 337 16732.  14.7  28.4   0.787   0.8   0.0
   4 1985 338 15600.  12.9  28.2   0.685   0.6   0.0
   4 1985 339 17254.  11.8  27.6   0.540   0.5   0.0
   4 1985 340 16625.  12.0  27.9   0.631   0.6   0.0
   4 1985 341 17187.  13.0  27.7   0.644   0.4   0.0
   4 1985 342 16761.  14.4  28.5   0.854   0.3   0.0
   4 1985 343 16437.  13.9  27.3   0.747   0.5   0.0
   4 1985 344 16116.  14.5  28.5   0.843   0.4   0.0
   4 1985 345 16290.  13.7  27.2   0.769   1.1   0.0
   4 1985 346 16465.  13.6  27.1   0.764   1.0   0.0
   4 1985 347 16053.  14.9  27.5   0.831   0.6   0.0
   4 1985 348 11324.  16.4  28.5   0.821   0.3   0.0
   4 1985 349 14844.  17.9  31.6   1.088   0.3   0.0
   4 1985 350 11990.  17.4  31.2   0.895   0.4   0.0
   4 1985 351 16586.  16.9  32.0   0.906   0.4   0.0
   4 1985 352 16480.  17.9  33.1   0.985   0.3   0.0
   4 1985 353 16180.  18.0  32.0   0.950   0.4   0.0
   4 1985 354 15785.  17.7  30.3   0.811   0.6   0.0
   4 1985 355 16077.  15.0  28.3   0.683   1.6   0.0
   4 1985 356 16567.  14.5  27.4   0.628   1.2   0.0
   4 1985 357 16570.  14.7  27.6   0.854   0.6   0.0
   4 1985 358 16281.  14.9  27.8   0.763   0.5   0.0
   4 1985 359 16093.  15.9  28.5   0.850   0.3   0.0
   4 1985 360 16396.  16.6  28.4   1.078   0.9   0.0
   4 1985 361 16212.  18.4  28.2   1.271   0.7   0.0
   4 1985 362 12595.  16.3  29.4   0.853   0.6   0.0
   4 1985 363 16930.  17.7  30.7   1.135   1.1   0.0
   4 1985 364 16556.  14.9  28.0   0.729   1.1   0.0
   4 1985 365 15986.  13.5  27.6   0.712   0.7   0.0
