*---------------------------------------------------------------------------*
* Station name: Pattambi (Regional Research Station), India
* Year: 1983
* Author: Peter Uithol                                     -99.000: NIL VALUE
* Source: IRRI/WMO Special project
* Comments: Incomplete year
* Longitude: 76 12 E, latitude: 10 48 N, altitude: 25. m
*
* Column  Daily value
* 1       station number
* 2       year
* 3       day
* 4       irradiation                   (kJ m-2 d-1)
* 5       minimum temperature           (degrees Celsius)
* 6       maximum temperature           (degrees Celsius)
* 7       early morning vapour pressure (kPa)
* 8       mean wind speed (height: 2 m) (m s-1)
* 9       precipitation                 (mm d-1)
*---------------------------------------------------------------------------*
  76.20  10.80    25. 0.00 0.00
   7 1983 199 17381.  21.7  30.3   2.287   0.3  15.0
   7 1983 200 12546.  23.0  28.5   2.594   0.2  27.8
   7 1983 201 10634.  23.0  27.0   2.639   0.4  84.2
   7 1983 202  4828.  22.6  26.5   2.710   0.3  92.4
   7 1983 203 14044.  22.0  29.0   2.465   0.4  57.4
   7 1983 204 13597.  22.5  28.8   2.565   0.4  14.0
   7 1983 205 11009.  23.5  27.6   2.482   0.4  18.8
   7 1983 206  6700.  23.0  27.6   2.467   0.1   2.0
   7 1983 207 16517.  24.0  29.8   2.615   0.2   0.0
   7 1983 208 17305.  22.0  30.0   2.348   0.3   0.0
   7 1983 209 16294.  25.0  30.6   2.811   0.4   0.0
   7 1983 210 16294.  23.0  30.8   2.442   0.2   2.4
   7 1983 211 21726.  24.0  31.0   2.492   0.3   1.0
   7 1983 212 14832.  24.0  29.0   2.654   0.2  23.2
   7 1983 213 11120.  23.5  28.0   2.766   0.2  44.6
   7 1983 214  4788.  22.5  24.5   2.593   0.3  45.2
   7 1983 215 18616.  22.0  29.6   2.287   0.4   5.2
   7 1983 216 19818.  23.0  30.0   2.391   0.3   3.2
   7 1983 217 16931.  23.5  30.0   2.383   0.4   0.4
   7 1983 218 12323.  24.5  29.6   2.645   0.3   0.6
   7 1983 219 12020.  25.5  28.4   3.017   0.5   3.2
   7 1983 220 13219.  25.0  28.6   2.770   0.3  52.2
   7 1983 221  8050.  24.8  26.5   3.110   0.1  18.0
   7 1983 222 12960.  23.0  28.0   2.490   0.2  52.3
   7 1983 223  5465.  23.2  25.4   2.756   0.1  19.4
   7 1983 224 13709.  22.9  28.5   2.480   0.3  30.8
   7 1983 225 10710.  23.5  27.5   2.633   0.3  38.4
   7 1983 226  8611.  23.5  28.0   2.853   0.4  34.3
   7 1983 227 14569.  23.0  28.5   2.470   0.5   9.1
   7 1983 228 13932.  22.5  28.0   2.538   0.5  13.8
   7 1983 229  7301.  23.5  28.0   2.853   0.4  31.4
   7 1983 230 15732.  23.5  31.5   2.502   0.5  12.6
   7 1983 231  7898.  24.0  26.7   2.881   0.5  26.0
   7 1983 232 19440.  23.2  30.0   2.523   0.4   9.2
   7 1983 233 11534.  24.2  27.0   2.640   0.3   9.4
   7 1983 234  3402.  23.0  27.6   2.619   0.4   0.2
   7 1983 235 21953.  24.0  29.8   2.450   0.3   3.8
   7 1983 236 22104.  23.0  29.8   2.597   0.5   0.0
   7 1983 237 15469.  24.2  29.5   2.677   0.5   1.0
   7 1983 238 16819.  25.0  30.5   2.662   0.5   0.4
   7 1983 239 14756.  25.5  29.6   2.850   0.4  33.9
   7 1983 240 10634.  23.2  28.0   2.557   0.3  30.4
   7 1983 241 17006.  24.0  29.8   2.477   0.5   0.4
   7 1983 242 15358.  24.5  29.6   2.688   0.3   4.4
   7 1983 243 21503.  24.8  30.0   2.633   0.5   5.0
   7 1983 244 19555.  24.1  30.8   2.531   0.5   7.5
   7 1983 245 11570.  24.4  30.0   2.831   0.2   1.7
   7 1983 246 16031.  24.3  29.5   2.650   0.4  21.4
   7 1983 247 13334.  24.0  29.0   2.660   0.3  22.3
   7 1983 248 11308.  23.5  27.2   2.647   0.3  32.6
   7 1983 249 22590.  22.8  29.5   2.329   0.9  18.6
   7 1983 250 13108.  23.0  28.2   2.436   0.3   0.0
   7 1983 251 21503.  23.0  30.0   2.307   0.4   0.0
   7 1983 252 17755.  24.5  30.0   2.574   0.5   5.0
   7 1983 253 15995.  24.0  29.7   2.579   0.4  12.4
   7 1983 254 14609.  23.5  28.5   2.543   0.5  55.3
   7 1983 255 16708.  22.4  28.5   2.463   0.5   0.0
   7 1983 256 16481.  22.6  29.5   2.444   0.4  31.8
   7 1983 257 10559.  22.5  28.5   2.383   0.3  21.6
   7 1983 258  7448.  24.5  26.0   2.587   0.2  16.8
   7 1983 259 14908.  24.0  30.8   2.701   0.3  24.0
   7 1983 260  6026.  23.4  29.5   2.778   0.0  20.6
   7 1983 261 13669.  23.5  29.5   2.621   0.6  12.8
   7 1983 262 22550.  23.0  30.0   2.442   0.6   3.4
   7 1983 263 10973.  23.0  28.0   2.611   0.3  38.6
   7 1983 264  8950.  22.5  28.0   2.707   0.2  28.9
   7 1983 265 10973.  22.5  28.0   2.434   0.3  27.1
   7 1983 266 14681.  21.5  29.0   2.298   0.4   0.4
   7 1983 267 19703.  23.0  30.0   2.470   0.5   6.8
   7 1983 268 21578.  23.0  30.0   2.653   0.4   6.8
   7 1983 269 18205.  22.5  30.0   2.380   0.4   0.0
   7 1983 270 20340.  22.7  30.5   2.365   0.5   6.0
   7 1983 271 16819.  22.5  29.5   2.374   0.5   8.0
   7 1983 272  8874.  22.8  26.5   2.404   0.3  10.4
   7 1983 273 18205.  23.3  29.8   2.495   0.4   0.0
   7 1983 274 19930.  24.2  29.8   2.398   0.6   0.2
   7 1983 275 18616.  23.6  29.8   2.555   0.5   5.8
   7 1983 276 12096.  23.6  28.0   2.611   0.4  18.8
   7 1983 277 11758.  23.5  27.5   2.720   0.5  18.6
   7 1983 278 20005.  23.0  29.5   2.543   0.6   0.0
   7 1983 279 21017.  23.6  30.2   2.488   0.5   0.0
   7 1983 280 22889.  23.5  30.4   2.424   0.3   0.0
   7 1983 281 23976.  22.0  31.0   2.216   0.3   0.0
   7 1983 282 22104.  21.5  31.0   2.018   0.4   0.0
   7 1983 283 23789.  22.5  30.5   2.161   0.5   0.0
   7 1983 284 23753.  22.4  30.8   2.222   0.5   0.0
   7 1983 285 22702.  22.0  30.5   2.150   0.5   0.0
   7 1983 286 23339.  22.0  30.8   2.102   0.4   0.0
   7 1983 287 20754.  22.0  31.0   2.232   0.4   0.0
   7 1983 288 20192.  22.0  31.0   2.195   0.4   0.0
   7 1983 289 21204.  22.0  31.0   2.563   0.6  11.0
   7 1983 290 17942.  21.5  31.0   2.159   0.2   2.0
   7 1983 291 18281.  21.5  31.5   2.139   0.3   9.8
   7 1983 292 16668.  21.6  32.0   1.940   0.2   2.4
   7 1983 293 21654.  23.5  31.3   2.279   0.3   0.0
   7 1983 294 20153.  23.8  31.8   2.563   0.3   6.6
   7 1983 295 21841.  23.2  32.5   2.213   0.3   0.0
   7 1983 296 20041.  23.8  32.5   2.276   0.3   0.0
   7 1983 297 13032.  23.8  30.5   2.740   0.1   1.2
   7 1983 298 22928.  22.5  32.5   2.126   0.4  62.4
   7 1983 299 15808.  22.6  32.6   2.331   0.3  13.0
   7 1983 300 17604.  22.6  31.5   2.375   0.2   0.0
   7 1983 301 13972.  24.5  31.0   2.540   0.2   0.0
   7 1983 302 20005.  24.5  32.5   2.371   0.6  35.2
   7 1983 303 21877.  22.5  31.0   2.273   0.4   1.4
   7 1983 304 17082.  23.0  32.3   2.307   0.2   0.0
   7 1983 305 14382.  24.0  32.3   2.298   0.3  10.6
   7 1983 306 17568.  23.3  32.2   2.447   0.3  14.2
   7 1983 307 20005.  23.3  31.0   2.512   0.3   0.0
   7 1983 308 20977.  23.0  30.0   2.062   0.3   0.0
   7 1983 309 17194.  23.1  32.0   2.225   0.2   0.0
   7 1983 310 17791.  23.0  31.8   2.329   0.4   1.5
   7 1983 311 21316.  24.4  30.2   2.430   0.1   0.0
   7 1983 312 21802.  22.0  32.0   1.962   0.2   0.0
   7 1983 313 21953.  20.8  32.4   1.736   0.3   0.0
   7 1983 314 20416.  20.6  30.3   1.839   0.2   0.0
   7 1983 315 22104.  20.2  30.0   1.749   0.3   0.0
   7 1983 316 20416.  20.0  30.2   1.704   0.3   0.0
   7 1983 317 21614.  20.6  31.4   1.671   0.5   0.0
   7 1983 318 21391.  19.5  30.5   1.573   0.2   0.0
   7 1983 319 20977.  19.5  31.8   1.693   0.3   0.0
   7 1983 320 20380.  21.0  31.0   1.813   0.2   0.0
   7 1983 321 19818.  21.0  31.5   1.857   0.2   0.0
   7 1983 322 18803.  21.2  32.0   1.938   0.1   0.0
   7 1983 323 18878.  22.8  32.2   1.990   0.2   0.0
   7 1983 324 19066.  22.0  32.5   2.112   0.2   0.5
   7 1983 325  3478.  23.8  32.5   2.530   0.1  31.2
   7 1983 326 18731.  21.0  25.5   1.917   0.1   0.0
   7 1983 327 13072.  22.0  32.5   2.112   0.1   0.0
   7 1983 328 16931.  22.0  31.0   2.123   0.3   0.0
   7 1983 329 16895.  21.8  31.0   2.082   0.3   0.0
   7 1983 330 15844.  22.5  30.6   2.257   0.2   0.0
   7 1983 331 19217.  22.5  30.5   2.066   0.3   0.0
   7 1983 332 19066.  23.0  31.6   1.893   1.0   0.0
   7 1983 333 17644.  22.8  31.8   2.046   1.1   0.0
   7 1983 334 19778.  22.0  30.6   1.615   0.7   0.0
   7 1983 335 17568.  22.0  30.8   1.713   0.3   0.0
   7 1983 336 20264.  20.2  31.1   1.685   0.6   0.0
   7 1983 337 17082.  20.0  31.0   1.702   1.1   4.0
   7 1983 338 11009.  20.0  31.5   1.751   1.0   0.0
   7 1983 339 20527.  19.5  31.6   1.575   1.0   0.0
   7 1983 340 20340.  20.0  30.6   1.634   1.2   0.0
   7 1983 341 19404.  24.2  30.5   2.084   0.9   0.0
   7 1983 342 19368.  22.3  30.5   1.839   0.6   0.0
   7 1983 343 19516.  23.0  31.5   1.986   0.5   0.0
   7 1983 344 19890.  22.0  31.5   1.787   0.6   0.0
   7 1983 345 17906.  22.0  31.5   2.033   0.4   0.0
   7 1983 346 18504.  22.0  32.0   1.792   0.4   0.0
   7 1983 347 19742.  21.9  32.0   1.752   1.1   0.0
   7 1983 348 20077.  23.0  31.5   1.950   1.1   0.0
   7 1983 349 17791.  23.0  31.2   1.888   1.0   0.0
   7 1983 350 14868.  24.0  31.5   2.304   0.9   0.0
   7 1983 351 20117.  23.5  31.2   1.920   1.2   0.0
   7 1983 352 17978.  23.4  31.2   2.075   1.1   0.0
   7 1983 353 19890.  23.5  31.5   2.027   1.2   0.0
   7 1983 354 12546.  23.4  29.5   1.986   0.7   0.0
   7 1983 355  6325.  23.5  27.0   2.212   0.4   1.0
   7 1983 356  7974.  21.6  26.5   2.235   0.4   0.0
   7 1983 357  7636.  21.6  25.5   2.235   0.1   2.2
   7 1983 358 15095.  21.6  30.5   1.953   0.9  23.0
   7 1983 359 12996.  23.0  29.5   2.538   0.3   4.0
   7 1983 360 18130.  23.0  31.8   2.087   0.4   0.0
   7 1983 361 15131.  22.2  31.5   2.066   0.4   0.0
   7 1983 362 16445.  23.5  33.0   2.186   0.3   3.3
   7 1983 363 16182.  24.2  30.6   2.292   0.9   0.0
   7 1983 364 11236.  24.5  30.5   2.531   0.8   6.0
   7 1983 365 17417.  23.4  31.5   2.614   0.5   0.0
