*---------------------------------------------------------------------------*
* Station name: Patancheru ICRISAT, India
* Year: 1981
* Author: Peter Uithol                                     -99.000: NIL VALUE
* Source: ICRISAT tape FSAGRO
* Comments:
* Longitude: 78 28 E, latitude: 17 27 N, alt.: Hyderabad airport!: 21. m
*
* Column  Daily value
* 1       station number
* 2       year
* 3       day
* 4       irradiation                   (kJ m-2 d-1)
* 5       minimum temperature           (degrees Celsius)
* 6       maximum temperature           (degrees Celsius)
* 7       early morning vapour pressure (kPa)
* 8       mean wind speed (height: 2 m) (m s-1)
* 9       precipitation                 (mm d-1)
*---------------------------------------------------------------------------*
  78.47  17.45    21. 0.00 0.00
   1 1981   1 18882.  13.0  28.2   1.274   1.8   0.0
   1 1981   2 19092.  11.0  27.2   1.064   1.9   0.0
   1 1981   3 18506.  11.7  27.8   1.087   1.2   0.0
   1 1981   4 19217.  12.6  28.2   1.241   1.5   0.0
   1 1981   5 18799.  14.0  29.1   1.232   1.7   0.0
   1 1981   6 19552.  11.5  30.0   1.086   1.7   0.0
   1 1981   7 18422.  12.0  28.9   0.884   1.6   0.0
   1 1981   8 16077.  12.4  28.1   1.196   2.2   0.0
   1 1981   9 18087.  15.0  26.6   0.802   2.0   0.0
   1 1981  10  9462.  16.8  25.2   1.513   5.3   0.0
   1 1981  11  5443.  17.5  24.3   1.882   5.2   7.6
   1 1981  12  9211.  15.5  21.6   1.586   3.5   0.0
   1 1981  13 19510.  14.5  21.4   1.487   2.6   0.0
   1 1981  14 20222.  11.7  24.6   1.100   2.7   0.0
   1 1981  15 20390.  12.2  25.1   0.867   1.3   0.0
   1 1981  16 19385.  13.5  26.5   1.037   1.9   0.0
   1 1981  17 12477.  18.5  27.2   1.748   2.7   0.0
   1 1981  18  5568.  14.4  27.0   1.412   3.2   0.0
   1 1981  19 20683.  10.0  17.8   1.204   2.1   8.0
   1 1981  20 21436.  11.0  24.5   1.208   1.3   0.0
   1 1981  21 20222.  10.0  26.0   1.032   1.6   0.0
   1 1981  22 19552.  13.0  27.4   1.244   1.7   0.0
   1 1981  23 19176.  16.0  28.5   1.638   2.3   0.0
   1 1981  24 20139.  16.5  29.8   1.653   3.1   0.0
   1 1981  25 18338.  15.3  30.8   1.566   2.8   0.0
   1 1981  26 16412.  16.5  28.5   1.634   1.9   0.0
   1 1981  27 18841.  18.5  28.4   1.855   3.8   0.0
   1 1981  28 19804.  17.5  29.0   1.822   2.8   0.0
   1 1981  29 20180.  14.7  29.2   1.406   1.9   0.0
   1 1981  30 20515.  15.5  29.2   1.339   2.1   0.0
   1 1981  31 20264.  16.0  31.7   1.074   1.7   0.0
   1 1981  32 21101.  14.5  34.4   0.909   2.3   0.0
   1 1981  33 21436.  11.0  29.0   0.749   2.4   0.0
   1 1981  34 21143.  12.6  29.7   0.993   1.5   0.0
   1 1981  35 21813.  13.5  30.2   0.960   1.8   0.0
   1 1981  36 20683.  17.3  30.6   1.818   2.8   0.0
   1 1981  37 22274.  16.1  30.2   1.630   2.9   0.0
   1 1981  38 22316.  15.0  30.9   1.195   2.4   0.0
   1 1981  39 22316.  14.8  31.5   1.331   2.8   0.0
   1 1981  40 19971.  18.6  33.5   1.480   2.5   0.0
   1 1981  41 22358.  13.8  34.0   0.853   2.9   0.0
   1 1981  42 24200.  10.5  29.5   0.559   2.2   0.0
   1 1981  43 23195.  10.0  29.6   0.688   1.9   0.0
   1 1981  44 22692.  12.0  32.0   0.926   1.8   0.0
   1 1981  45 21981.  16.0  33.5   1.365   1.9   0.0
   1 1981  46 22316.  15.0  34.4   1.195   1.4   0.0
   1 1981  47 22190.  16.7  33.6   1.065   2.9   0.0
   1 1981  48 20767.  17.5  33.1   1.201   2.4   0.0
   1 1981  49 22483.  17.5  33.0   0.801   2.5   0.0
   1 1981  50 22232.  17.9  33.5   0.944   2.6   0.0
   1 1981  51 20850.  17.7  33.5   0.973   2.2   0.0
   1 1981  52 22023.  19.0  34.4   1.188   2.1   0.0
   1 1981  53 22399.  19.6  33.8   1.644   2.5   0.0
   1 1981  54 22148.  18.4  32.1   1.398   3.3   0.0
   1 1981  55 22651.  15.7  32.4   1.214   3.3   0.0
   1 1981  56 22651.  16.7  32.7   1.256   2.1   0.0
   1 1981  57 22064.  18.4  34.6   0.953   1.6   0.0
   1 1981  58 22818.  19.5  34.5   1.021   1.6   0.0
   1 1981  59 22651.  18.0  36.0   0.868   2.0   0.0
   1 1981  60 23446.  18.5  36.3   0.959   2.6   0.0
   1 1981  61 22399.  17.0  36.3   1.202   1.9   0.0
   1 1981  62 24535.  16.6  35.2   0.794   2.6   0.0
   1 1981  63 23530.  17.0  33.9   0.504   2.0   0.0
   1 1981  64 22860.  15.3  32.6   1.148   2.8   0.0
   1 1981  65 24200.  18.7  33.0   1.489   2.3   0.0
   1 1981  66 25791.  17.6  34.2   1.068   3.2   0.0
   1 1981  67 24870.  17.9  35.0   1.273   3.6   0.0
   1 1981  68 24535.  18.5  35.2   1.151   2.8   0.0
   1 1981  69 24242.  20.2  36.2   1.564   3.3   0.0
   1 1981  70 15072.  18.0  35.5   1.508   2.7   0.0
   1 1981  71 21688.  18.2  32.0   1.862   2.8  19.8
   1 1981  72 22232.  17.4  31.0   1.651   3.4  18.2
   1 1981  73 21688.  17.9  31.1   1.889   3.1   1.2
   1 1981  74 22358.  21.0  30.8   2.092   4.2   0.0
   1 1981  75 26000.  21.0  31.6   1.818   3.8   0.0
   1 1981  76 24116.  21.9  31.8   1.631   3.2   0.0
   1 1981  77 25539.  20.0  33.4   1.592   3.4   0.0
   1 1981  78 21269.  22.9  34.0   1.818   2.8   0.0
   1 1981  79 17459.  23.0  35.3   1.857   3.2   0.0
   1 1981  80 16496.  22.0  34.5   2.197   2.9   0.0
   1 1981  81 22692.  21.4  31.6   2.144   4.1  21.6
   1 1981  82 25037.  17.5  32.0   1.781   4.5  15.2
   1 1981  83 24702.  18.1  31.5   1.975   2.4   0.8
   1 1981  84 24451.  20.9  32.6   2.054   1.8   0.0
   1 1981  85 25581.  18.8  32.3   1.825   2.5   0.0
   1 1981  86 20097.  22.5  33.5   2.156   2.5   0.0
   1 1981  87 21729.  20.5  34.1   1.714   3.0   0.0
   1 1981  88 26335.  23.7  34.5   2.172   2.5   0.0
   1 1981  89 24409.  25.0  36.1   2.094   3.9   0.0
   1 1981  90 21688.  23.7  35.7   1.673   2.4   0.0
   1 1981  91 25791.  23.3  36.0   1.862   2.8   0.0
   1 1981  92 24870.  23.7  36.9   2.142   2.1   0.0
   1 1981  93 21604.  24.0  37.0   2.211   2.1   0.0
   1 1981  94 16747.  24.5  36.4   1.293   2.8   0.0
   1 1981  95 23153.  22.4  37.1   1.166   1.7   0.0
   1 1981  96 23237.  24.4  38.2   1.622   1.4   0.0
   1 1981  97 24493.  24.2  37.6   1.724   1.8   0.0
   1 1981  98 24870.  24.2  37.5   1.875   1.9   0.0
   1 1981  99 26042.  21.5  36.7   1.284   2.1   0.0
   1 1981 100 26502.  20.5  37.5   1.014   2.2   0.0
   1 1981 101 25539.  21.0  37.9   1.145   2.6   0.0
   1 1981 102 26000.  22.0  38.4   1.827   2.7   0.0
   1 1981 103 25665.  22.7  38.2   1.685   2.6   0.0
   1 1981 104 24535.  24.3  40.3   1.217   2.4   0.0
   1 1981 105 25916.  27.3  41.0   1.927   3.4   0.0
   1 1981 106 26293.  23.3  41.9   0.802   2.8   0.0
   1 1981 107 27005.  22.5  40.8   0.791   2.6   0.0
   1 1981 108 24870.  21.8  39.7   0.811   2.4   0.0
   1 1981 109 26879.  24.5  40.5   0.862   2.6   0.0
   1 1981 110 26879.  25.2  40.6   1.220   2.8   0.0
   1 1981 111 26419.  25.4  41.2   0.845   3.2   0.0
   1 1981 112 25037.  26.0  40.1   1.886   3.6   0.0
   1 1981 113 21353.  23.3  38.8   1.432   3.4   0.0
   1 1981 114 22776.  21.9  37.7   1.815   3.6   1.4
   1 1981 115 21688.  21.0  34.0   1.444   3.9   0.0
   1 1981 116 11262.  25.8  37.4   2.362   2.9   0.0
   1 1981 117 24660.  20.5  35.0   1.859   3.7   2.0
   1 1981 118 24493.  21.3  35.7   1.851   1.9   0.0
   1 1981 119 25288.  22.3  36.5   1.672   2.3   0.0
   1 1981 120 25163.  25.5  37.1   1.863   3.3   0.0
   1 1981 121 27172.  25.0  37.4   2.094   4.3   0.0
   1 1981 122 18548.  24.3  36.8   1.582   2.5   0.0
   1 1981 123 19510.  23.7  37.4   1.643   3.0   0.0
   1 1981 124 26126.  24.0  37.5   2.331   3.3   0.0
   1 1981 125 23530.  22.1  34.2   2.024   4.4   1.3
   1 1981 126 25163.  22.9  37.4   1.594   2.1   0.0
   1 1981 127 20934.  23.9  36.7   1.663   4.0   0.0
   1 1981 128 20725.  24.7  36.2   2.306   3.9   0.0
   1 1981 129 20473.  22.5  36.2   2.074   3.6   0.0
   1 1981 130 26042.  22.0  34.0   2.091   2.4   0.0
   1 1981 131 27214.  23.0  34.8   2.054   4.0   0.3
   1 1981 132 24786.  24.5  37.3   1.724   3.3   0.0
   1 1981 133 22064.  25.0  37.7   1.523   2.6   0.0
   1 1981 134 18841.  26.8  39.5   1.659   2.6   0.0
   1 1981 135 27214.  27.9  40.6   1.920   3.2   0.0
   1 1981 136 26796.  26.3  41.4   0.925   3.5   0.0
   1 1981 137 27089.  27.5  41.2   0.662   3.2   0.0
   1 1981 138 27424.  25.7  42.0   0.695   3.1   0.0
   1 1981 139 28010.  22.4  42.0   0.760   4.0   0.0
   1 1981 140 21813.  26.0  41.7   1.111   4.9   0.0
   1 1981 141 25581.  25.9  40.2   1.540   3.8   0.0
   1 1981 142 23865.  27.5  40.2   1.839   4.6   0.0
   1 1981 143 22441.  28.2  40.0   1.801   4.2   0.0
   1 1981 144 21395.  28.5  37.4   1.715   4.4   0.0
   1 1981 145 27005.  27.5  39.6   1.618   4.0   0.0
   1 1981 146 25539.  26.9  39.8   1.065   2.8   0.0
   1 1981 147 24116.  28.6  42.2   1.843   3.3   0.0
   1 1981 148 26461.  28.0  42.1   1.022   2.9   0.0
   1 1981 149 24744.  28.5  41.5   2.066   3.6   0.0
   1 1981 150 24242.  27.9  40.0   2.184   3.8   0.0
   1 1981 151 22860.  25.5  39.0   2.255   4.5   0.0
   1 1981 152 23446.  24.4  39.5   2.081   3.8   0.0
   1 1981 153 21604.  25.3  38.5   2.132   3.8   0.5
   1 1981 154 23446.  25.1  38.5   2.202   5.1   0.0
   1 1981 155 26251.  25.3  38.4   2.229   5.9   0.0
   1 1981 156 14863.  24.9  36.2   1.987   5.3   0.6
   1 1981 157 16035.  22.4  34.0   2.306   7.2   0.0
   1 1981 158 23237.  24.2  32.5   2.329   5.6   0.0
   1 1981 159 15449.  25.1  38.2   2.362   6.1   0.0
   1 1981 160 19510.  20.5  34.6   2.390   6.5   4.9
   1 1981 161 25539.  24.9  36.4   2.082   3.9   0.6
   1 1981 162 19427.  26.4  37.0   2.310   4.3   0.0
   1 1981 163 25414.  24.7  37.8   2.213   5.2   0.0
   1 1981 164 25498.  24.4  37.4   2.449   5.3   0.0
   1 1981 165 24242.  25.5  37.3   2.386   5.8   0.0
   1 1981 166 24660.  24.2  39.2   2.117   5.4   0.0
   1 1981 167 17543.  26.0  38.9   2.290   5.1   0.0
   1 1981 168 16496.  23.0  36.1   2.138   7.0   1.5
   1 1981 169 14905.  20.7  32.7   2.395   7.4  34.4
   1 1981 170 27089.  22.9  28.7   2.349   4.3   0.0
   1 1981 171 20515.  23.8  35.9   2.273   6.1   0.0
   1 1981 172 18715.  24.7  34.5   2.337   6.2   0.0
   1 1981 173 13314.  21.7  34.5   2.521   6.1  16.5
   1 1981 174 22399.  22.0  32.0   2.224   6.3  10.0
   1 1981 175 19176.  20.7  34.6   2.053   6.4  16.6
   1 1981 176 21269.  22.5  33.0   2.320   6.4  15.5
   1 1981 177 17836.  22.0  34.0   2.383   5.3  93.4
   1 1981 178 13565.  22.6  30.6   2.361   5.8   4.6
   1 1981 179 10928.  22.5  29.9   2.456   8.0   1.0
   1 1981 180 13105.  22.4  27.1   2.468   6.7   2.5
   1 1981 181 16203.  23.0  28.3   2.391   6.2   0.0
   1 1981 182 17291.  22.2  30.0   2.358   6.5   6.8
   1 1981 183 12393.  23.0  31.5   2.279   6.3   0.0
   1 1981 184 11514.  22.8  29.5   2.223   6.8   0.0
   1 1981 185 20013.  23.6  29.8   2.305   6.3   0.0
   1 1981 186 16496.  23.4  32.5   2.335   6.9   0.0
   1 1981 187 10383.  22.6  33.8   2.416   6.3   3.8
   1 1981 188 19050.  20.2  28.7   2.133   6.4  33.8
   1 1981 189 13356.  21.7  29.2   2.287   8.0   4.2
   1 1981 190 13440.  22.5  30.2   2.402   6.3   4.4
   1 1981 191 18380.  22.4  31.9   2.333   6.1  15.2
   1 1981 192 14235.  23.2  31.7   2.449   5.3   0.0
   1 1981 193 15952.  23.4  32.4   2.392   5.1   0.0
   1 1981 194 17375.  23.6  33.1   2.334   5.2   0.0
   1 1981 195 23362.  22.8  31.7   2.279   4.7   0.0
   1 1981 196 24577.  23.3  32.5   2.263   4.9   0.0
   1 1981 197 20641.  23.9  33.6   2.257   5.0   0.0
   1 1981 198 15156.  24.0  32.9   2.181   4.3   0.0
   1 1981 199 17124.  24.0  32.9   2.241   4.2   0.0
   1 1981 200 19385.  24.5  32.0   2.279   3.6   0.0
   1 1981 201 21436.  24.5  33.2   2.248   4.4   0.0
   1 1981 202 19092.  23.3  33.0   2.349   4.5   0.0
   1 1981 203 18841.  23.0  33.0   2.448   3.2  19.0
   1 1981 204 18841.  22.3  28.7   2.453   3.5  31.8
   1 1981 205 19343.  22.7  26.5   2.403   4.3   0.9
   1 1981 206 21101.  21.8  30.1   2.301   4.2   0.8
   1 1981 207 22776.  23.3  31.2   2.406   3.4   0.0
   1 1981 208 20934.  22.6  31.7   2.608   3.1  83.2
   1 1981 209 18254.  23.0  26.5   2.532   2.1   0.0
   1 1981 210 14319.  23.2  29.6   2.591   2.0   0.0
   1 1981 211 21562.  23.2  29.0   2.563   1.6   0.5
   1 1981 212  8499.  22.8  30.7   2.529   3.6   4.8
   1 1981 213 11221.  21.5  26.0   2.465   3.1   7.8
   1 1981 214 11304.  21.0  26.2   2.440   2.6  41.5
   1 1981 215  7578.  21.0  27.4   2.340   4.0  18.0
   1 1981 216  4689.  21.4  25.1   2.424   5.2  31.8
   1 1981 217 14654.  21.5  22.9   2.285   5.3   7.9
   1 1981 218 15994.  21.3  27.0   2.232   5.8   0.0
   1 1981 219 14193.  21.6  27.9   2.299   5.1   0.0
   1 1981 220  7494.  21.9  27.4   2.315   5.1   2.6
   1 1981 221 13523.  22.0  25.8   2.250   5.6   0.0
   1 1981 222 18087.  22.1  26.6   2.184   6.2   0.0
   1 1981 223 19552.  19.7  30.0   2.022   3.7   0.0
   1 1981 224 17878.  21.5  30.3   2.234   3.9   0.0
   1 1981 225 11221.  21.8  30.0   2.301   4.4  28.4
   1 1981 226  3977.  22.0  28.0   2.303   4.4   6.0
   1 1981 227  6531.  21.8  27.0   2.432   5.4   1.2
   1 1981 228 17208.  22.6  25.2   2.279   5.2   6.8
   1 1981 229 15156.  21.5  29.2   2.259   4.7   0.0
   1 1981 230 23948.  21.6  30.2   2.273   3.6   0.0
   1 1981 231 21939.  21.5  30.2   2.311   3.5   4.6
   1 1981 232 21813.  21.7  30.8   2.209   3.8   0.0
   1 1981 233 18464.  22.0  30.9   2.250   3.7   0.0
   1 1981 234 13816.  22.4  30.1   2.333   4.7   0.0
   1 1981 235 14696.  22.5  28.6   2.238   3.8   0.0
   1 1981 236 24032.  21.5  30.2   2.131   2.8   0.4
   1 1981 237 19427.  22.4  30.8   2.360   2.5   0.0
   1 1981 238  9965.  22.5  30.9   2.456   1.8   8.4
   1 1981 239 14821.  22.5  26.8   2.511   1.4   0.0
   1 1981 240 13230.  22.2  29.0   2.546   1.7   7.0
   1 1981 241 20390.  21.7  28.0   2.287   1.8   0.0
   1 1981 242 15784.  21.5  29.0   2.439   2.2  44.3
   1 1981 243 25874.  22.5  29.0   2.320   2.1   1.6
   1 1981 244 18380.  22.5  29.9   2.374   2.3   0.0
   1 1981 245 11556.  22.0  29.2   2.224   2.1   8.0
   1 1981 246 15156.  21.5  26.0   2.336   2.3  18.8
   1 1981 247 16203.  22.3  27.6   2.561   1.6   0.9
   1 1981 248 17501.  22.5  28.0   2.647   2.0   0.0
   1 1981 249 15491.  23.0  29.8   2.616   0.9   0.0
   1 1981 250 15868.  22.9  29.4   2.656   0.8   2.4
   1 1981 251 19092.  22.6  30.0   2.554   1.9   1.5
   1 1981 252 22483.  21.0  30.6   2.316  15.0   1.6
   1 1981 253 15031.  23.0  30.6   2.673   1.4   9.5
   1 1981 254 16747.  21.3  28.5   2.308   1.3  93.4
   1 1981 255 24451.  22.0  29.5   2.303   2.8   0.0
   1 1981 256 23572.  22.5  29.8   2.292   2.5   0.0
   1 1981 257 25498.  22.0  29.6   2.224   2.6   0.0
   1 1981 258 21813.  21.5  30.0   2.336   2.1   0.0
   1 1981 259 10969.  23.0  29.8   2.419   1.6   0.0
   1 1981 260 20264.  21.5  28.4   2.542   0.9   1.6
   1 1981 261 16873.  21.5  30.2   2.439   1.8  29.2
   1 1981 262 15491.  22.4  27.9   2.658   1.7  15.0
   1 1981 263 13733.  22.5  27.4   2.484   1.3  40.8
   1 1981 264  6322.  22.5  29.0   2.565   1.9   8.6
   1 1981 265 15910.  22.8  28.0   2.557   2.2   3.5
   1 1981 266  9965.  22.0  29.4   2.383   2.1   9.8
   1 1981 267 10886.  22.0  29.0   2.409   2.7   7.6
   1 1981 268 15449.  22.2  28.2   2.439   2.7   2.2
   1 1981 269  9797.  23.0  28.8   2.616   2.4   1.8
   1 1981 270 11430.  22.0  28.8   2.488   3.6  30.4
   1 1981 271 14905.  22.0  27.5   2.197   4.1   0.0
   1 1981 272 19678.  22.0  28.8   2.409   2.9   0.0
   1 1981 273 20934.  21.8  29.9   2.484   1.8   0.0
   1 1981 274 19343.  23.0  29.5   2.616   1.7   0.0
   1 1981 275 17878.  21.6  29.5   2.454   1.9  33.5
   1 1981 276 20139.  21.5  29.5   2.388   1.8   3.8
   1 1981 277 21143.  22.0  30.4   2.515   1.2   0.0
   1 1981 278 14612.  20.5  30.0   2.245   1.8  45.4
   1 1981 279 13063.  22.6  27.5   2.526   1.0  29.8
   1 1981 280 16161.  22.6  30.2   2.306   1.7  17.4
   1 1981 281 21897.  20.9  29.8   2.252   1.6  13.4
   1 1981 282 18171.  20.7  30.4   2.200   1.0   0.0
   1 1981 283 22692.  21.1  30.6   2.205   0.8   0.0
   1 1981 284 23697.  20.3  30.9   2.194   0.8   0.0
   1 1981 285 23237.  21.5  30.6   2.311   1.0   0.0
   1 1981 286 23153.  16.7  30.0   1.655   1.2   0.0
   1 1981 287 22316.  16.5  30.0   1.653   1.6   0.0
   1 1981 288 22441.  18.0  28.5   1.777   1.4   0.0
   1 1981 289 22567.  19.5  30.0   2.156   1.1   0.0
   1 1981 290 20976.  16.5  30.7   1.540   1.3   0.0
   1 1981 291 23572.  16.4  30.7   1.531   1.6   0.0
   1 1981 292 21520.  15.5  30.8   1.357   1.3   0.0
   1 1981 293 21269.  16.4  30.5   1.587   1.4   0.0
   1 1981 294 23111.  17.2  30.6   1.689   1.2   0.0
   1 1981 295 22734.  15.5  31.2   1.216   1.6   0.0
   1 1981 296 12895.  18.0  30.2   1.591   1.9   0.0
   1 1981 297 14905.  21.5  28.1   2.234   1.8   0.0
   1 1981 298 16370.  22.0  29.2   2.303   2.1   0.0
   1 1981 299 14570.  21.0  30.0   2.365   1.9   0.0
   1 1981 300 13314.  20.7  29.2   2.127   1.8   0.0
   1 1981 301  5778.  21.2  27.9   2.294   3.6   1.5
   1 1981 302  9923.  21.6  24.7   2.480   3.9   1.6
   1 1981 303 18506.  21.2  26.0   2.369   3.5   8.1
   1 1981 304 19929.  21.7  29.5   2.209   3.1   0.0
   1 1981 305 22106.  21.4  30.5   2.169   3.1   0.0
   1 1981 306 16873.  22.3  30.9   2.157   2.4   0.0
   1 1981 307 14528.  21.8  30.0   2.249   1.5   0.0
   1 1981 308 11053.  20.3  29.5   2.099   1.1   0.0
   1 1981 309 18966.  20.3  28.2   2.313   0.7   1.8
   1 1981 310 21813.  18.7  29.5   1.360   2.5   0.0
   1 1981 311 18841.  20.1  29.5   1.931   2.0   0.0
   1 1981 312 18841.  22.9  29.7   2.545   2.0   0.0
   1 1981 313 18841.  19.9  28.5   2.163   1.3   0.0
   1 1981 314 18548.  19.5  30.5   2.065   1.0   0.0
   1 1981 315 20432.  16.9  29.6   1.195   1.5   0.0
   1 1981 316 13188.  17.1  29.0   1.756   1.3   0.0
   1 1981 317 19427.  18.1  27.4   1.871   1.1   0.0
   1 1981 318 19469.  16.8  29.4   1.494   1.4   0.0
   1 1981 319 20432.  15.0  29.0   1.365   1.5   0.0
   1 1981 320 19552.  16.0  28.4   1.583   1.4   0.0
   1 1981 321 21688.  13.0  28.1   1.319   0.9   0.0
   1 1981 322 21018.  12.4  27.6   1.138   1.0   0.0
   1 1981 323 21520.  12.6  27.2   1.153   1.7   0.0
   1 1981 324 21269.  10.6  27.0   1.023   1.6   0.0
   1 1981 325 21018.  10.2  26.5   0.921   1.3   0.0
   1 1981 326 21018.   9.5  26.0   0.915   1.3   0.0
   1 1981 327 21018.   9.4  26.2   1.062   1.3   0.0
   1 1981 328 21353.   8.2  26.4   0.903   1.1   0.0
   1 1981 329 21227.   8.5  26.5   0.955   0.8   0.0
   1 1981 330 20892.   9.3  26.8   0.914   1.1   0.0
   1 1981 331 20683.   8.5  27.4   0.910   1.5   0.0
   1 1981 332 20934.  10.0  26.7   0.983   1.3   0.0
   1 1981 333 19720.  10.8  27.6   0.933   1.3   0.0
   1 1981 334 18924.  10.9  28.2   0.939   0.9   0.0
   1 1981 335 16329.  13.4  28.8   0.815   1.3   0.0
   1 1981 336 16161.  15.1  26.9   1.494   1.8   0.0
   1 1981 337 18087.  20.0  27.1   2.013   2.1   0.0
   1 1981 338 18254.  20.0  27.5   2.060   2.1   0.0
   1 1981 339 19217.  13.7  28.0   1.098   2.1   0.0
   1 1981 340 17794.  13.5  27.9   1.301   1.9   0.0
   1 1981 341 17836.  13.5  28.2   1.254   1.6   0.0
   1 1981 342 19217.  13.0  28.4   1.304   1.7   0.0
   1 1981 343 19929.  10.1  26.8   1.101   2.4   0.0
   1 1981 344 20725.   7.4  24.7   0.752   2.2   0.0
   1 1981 345 20264.   6.2  25.5   0.759   1.7   0.0
   1 1981 346 19217.   8.1  26.2   0.799   1.0   0.0
   1 1981 347 17250.  11.0  26.2   1.129   0.8   0.0
   1 1981 348 14486.  17.2  27.1   1.473   2.0   0.0
   1 1981 349 16161.  14.2  26.8   1.556   1.9   0.0
   1 1981 350 14277.  17.0  27.0   1.726   2.1   0.0
   1 1981 351 17794.  17.9  27.1   1.827   2.6   0.0
   1 1981 352 17040.  18.5  27.8   1.940   3.9   0.0
   1 1981 353 18045.  17.5  27.0   1.802   3.8   0.0
   1 1981 354 18087.  16.7  27.0   1.712   3.9   0.0
   1 1981 355 12644.  17.0  27.1   1.842   3.7   0.0
   1 1981 356 11849.  15.6  26.0   1.667   1.8   0.0
   1 1981 357 15575.  16.2  26.0   1.714   2.0   0.0
   1 1981 358 11639.  16.3  27.0   1.669   1.7   0.0
   1 1981 359 10383.  14.5  26.8   1.437   1.6   0.0
   1 1981 360 18422.  15.5  26.8   1.568   2.3   0.0
   1 1981 361 19427.  11.1  26.0   0.965   1.9   0.0
   1 1981 362 18841.  10.9  26.0   1.070   1.4   0.0
   1 1981 363 19678.   8.6  26.2   0.928   1.1   0.0
   1 1981 364 18757.  10.6  26.8   0.997   1.4   0.0
   1 1981 365 18506.  11.5  26.6   1.235   1.5   0.0
