*---------------------------------------------------------------------------*
* Station name: Bijapur, Karnataka, India
* Year: 1971
* Author: Peter Uithol                                     -99.000: NIL VALUE
* Source: ICRISAT tape FSAGRO
* Comments: No vapour pressure, wind speed and elevation data.
* Longitude: 75 48 E, latitude: 16 47 N, altitude: -99. m
*
* Column  Daily value
* 1       station number
* 2       year
* 3       day
* 4       irradiation                   (kJ m-2 d-1)
* 5       minimum temperature           (degrees Celsius)
* 6       maximum temperature           (degrees Celsius)
* 7       early morning vapour pressure (kPa)
* 8       mean wind speed (height: 2 m) (m s-1)
* 9       precipitation                 (mm d-1)
*---------------------------------------------------------------------------*
  75.80  16.78   -99. 0.00 0.00
   2 1971   1 11221.  12.7  30.0 -99.000 -99.0   0.0
   2 1971   2 20097.  11.6  29.7 -99.000 -99.0   0.0
   2 1971   3 14444.  14.9  29.5 -99.000 -99.0   0.0
   2 1971   4 10425.  15.1  29.7 -99.000 -99.0   0.0
   2 1971   5 21729.  10.3  29.4 -99.000 -99.0   0.0
   2 1971   6 23362.  10.5  30.4 -99.000 -99.0   0.0
   2 1971   7 16915.  13.6  29.2 -99.000 -99.0   0.0
   2 1971   8 17040.  13.5  29.3 -99.000 -99.0   0.0
   2 1971   9 17836.  13.7  28.5 -99.000 -99.0   0.0
   2 1971  10 10509.  14.9  28.9 -99.000 -99.0   0.0
   2 1971  11 15407.  15.3  27.9 -99.000 -99.0   0.0
   2 1971  12 18673.  15.7  30.9 -99.000 -99.0   0.0
   2 1971  13 17040.  17.1  32.0 -99.000 -99.0   0.0
   2 1971  14 18673.  17.4  30.3 -99.000 -99.0   0.0
   2 1971  15 21101.  17.6  30.9 -99.000 -99.0   0.0
   2 1971  16 23739.  15.1  30.7 -99.000 -99.0   0.0
   2 1971  17 23739.  15.8  31.4 -99.000 -99.0   0.0
   2 1971  18 23739.  15.6  31.9 -99.000 -99.0   0.0
   2 1971  19 22106.  16.9  32.4 -99.000 -99.0   0.0
   2 1971  20 23948.  15.2  31.5 -99.000 -99.0   0.0
   2 1971  21 23948.  14.4  31.0 -99.000 -99.0   0.0
   2 1971  22 24158.  15.4  30.2 -99.000 -99.0   0.0
   2 1971  23 17626.  15.7  30.9 -99.000 -99.0   0.0
   2 1971  24 12644.  17.0  31.1 -99.000 -99.0   0.0
   2 1971  25 12770.  17.9  31.4 -99.000 -99.0   0.0
   2 1971  26 11891.  18.3  30.9 -99.000 -99.0   0.0
   2 1971  27 11891.  15.1  28.4 -99.000 -99.0   0.0
   2 1971  28 17920.  16.0  29.1 -99.000 -99.0   0.0
   2 1971  29 22190.  17.4  31.4 -99.000 -99.0   0.0
   2 1971  30 24953.  15.6  32.2 -99.000 -99.0   0.0
   2 1971  31 21520.  15.7  30.9 -99.000 -99.0   0.0
   2 1971  32 18882.  17.8  30.9 -99.000 -99.0   0.0
   2 1971  33 14696.  18.6  33.2 -99.000 -99.0   0.0
   2 1971  34 19929.  19.4  32.4 -99.000 -99.0   0.0
   2 1971  35 19217.  18.8  33.0 -99.000 -99.0   0.0
   2 1971  36 24451.  20.4  33.4 -99.000 -99.0   0.0
   2 1971  37 23781.  18.6  34.0 -99.000 -99.0   0.0
   2 1971  38 21101.  19.7  35.0 -99.000 -99.0   0.0
   2 1971  39 19510.  19.9  34.8 -99.000 -99.0   0.0
   2 1971  40 25749.  20.5  33.9 -99.000 -99.0   0.0
   2 1971  41 25749.  19.7  34.6 -99.000 -99.0   0.0
   2 1971  42 20557.  19.8  35.0 -99.000 -99.0   0.0
   2 1971  43 25958.  16.4  35.0 -99.000 -99.0   0.0
   2 1971  44 18924.  17.4  33.1 -99.000 -99.0   0.0
   2 1971  45 26377.  18.0  34.2 -99.000 -99.0   0.0
   2 1971  46 17208.  20.0  33.5 -99.000 -99.0   0.0
   2 1971  47 15491.  14.6  32.7 -99.000 -99.0   0.0
   2 1971  48 19343.  14.6  32.6 -99.000 -99.0   0.0
   2 1971  49 26754.  19.4  33.1 -99.000 -99.0   0.0
   2 1971  50 26963.  18.3  33.4 -99.000 -99.0   0.0
   2 1971  51 25079.  19.2  33.9 -99.000 -99.0   0.0
   2 1971  52 21520.  18.6  33.4 -99.000 -99.0   0.0
   2 1971  53 20557.  19.4  33.4 -99.000 -99.0   0.0
   2 1971  54 14110.  20.1  34.0 -99.000 -99.0   0.0
   2 1971  55 18003.  20.7  34.5 -99.000 -99.0   0.0
   2 1971  56 19929.  19.4  34.8 -99.000 -99.0   0.0
   2 1971  57 20055.  19.4  35.9 -99.000 -99.0   0.0
   2 1971  58 25833.  16.7  34.1 -99.000 -99.0   0.0
   2 1971  59 27758.  15.1  32.1 -99.000 -99.0   0.0
   2 1971  60 27968.  15.6  32.1 -99.000 -99.0   0.0
   2 1971  61 28177.  16.6  34.2 -99.000 -99.0   0.0
   2 1971  62 28177.  19.9  34.5 -99.000 -99.0   0.0
   2 1971  63 21478.  18.4  33.9 -99.000 -99.0   0.0
   2 1971  64 28554.  16.3  33.7 -99.000 -99.0   0.0
   2 1971  65 21604.  16.3  31.4 -99.000 -99.0   0.0
   2 1971  66 28763.  17.9  31.1 -99.000 -99.0   0.0
   2 1971  67 20808.  18.1  31.5 -99.000 -99.0   0.0
   2 1971  68 20934.  20.5  32.1 -99.000 -99.0   0.0
   2 1971  69 18924.  20.2  31.3 -99.000 -99.0   0.0
   2 1971  70 18003.  22.5  32.9 -99.000 -99.0   0.0
   2 1971  71 17040.  23.0  34.8 -99.000 -99.0   0.0
   2 1971  72 29140.  18.9  35.4 -99.000 -99.0   0.0
   2 1971  73 29349.  20.4  36.2 -99.000 -99.0   0.0
   2 1971  74 21227.  21.4  36.6 -99.000 -99.0   0.0
   2 1971  75 13105.  22.8  36.4 -99.000 -99.0   0.0
   2 1971  76 13147.  25.3  35.4 -99.000 -99.0   0.0
   2 1971  77 14193.  24.5  36.6 -99.000 -99.0   0.0
   2 1971  78 19469.  24.1  36.2 -99.000 -99.0   0.0
   2 1971  79 13272.  23.2  37.1 -99.000 -99.0   0.0
   2 1971  80 21520.  21.3  34.7 -99.000 -99.0   0.0
   2 1971  81 24744.  21.8  36.6 -99.000 -99.0   0.0
   2 1971  82 26837.  23.3  37.5 -99.000 -99.0   0.2
   2 1971  83 27884.  22.8  37.7 -99.000 -99.0   0.0
   2 1971  84 27884.  22.6  37.9 -99.000 -99.0   0.0
   2 1971  85 23739.  22.7  37.9 -99.000 -99.0   0.0
   2 1971  86 21813.  23.6  38.4 -99.000 -99.0   0.0
   2 1971  87 21813.  24.6  39.2 -99.000 -99.0   0.0
   2 1971  88 21939.  23.2  39.2 -99.000 -99.0   0.0
   2 1971  89 21939.  23.7  38.7 -99.000 -99.0   0.0
   2 1971  90 25246.  24.4  38.4 -99.000 -99.0   0.0
   2 1971  91 26293.  25.0  39.8 -99.000 -99.0   0.0
   2 1971  92 22106.  25.0  40.7 -99.000 -99.0   0.0
   2 1971  93 21143.  25.2  39.4 -99.000 -99.0   0.0
   2 1971  94 22232.  23.7  39.9 -99.000 -99.0   0.0
   2 1971  95 16998.  24.2  40.0 -99.000 -99.0   0.0
   2 1971  96 22358.  22.0  39.8 -99.000 -99.0   0.0
   2 1971  97 30940.  23.0  40.4 -99.000 -99.0   0.0
   2 1971  98 25581.  22.7  39.7 -99.000 -99.0   0.0
   2 1971  99 22525.  24.7  40.6 -99.000 -99.0   0.0
   2 1971 100 20348.  21.6  39.4 -99.000 -99.0  21.0
   2 1971 101 19259.  22.8  38.3 -99.000 -99.0   0.0
   2 1971 102 20725.  23.6  38.5 -99.000 -99.0   0.0
   2 1971 103 19804.  23.7  39.2 -99.000 -99.0   0.0
   2 1971 104 12184.  26.1  39.8 -99.000 -99.0   0.0
   2 1971 105 21646.  22.8  40.1 -99.000 -99.0   0.0
   2 1971 106 22609.  23.6  39.5 -99.000 -99.0   0.0
   2 1971 107 15952.  23.7  39.5 -99.000 -99.0   0.0
   2 1971 108 15952.  22.2  38.1 -99.000 -99.0   0.0
   2 1971 109 27340.  21.6  37.6 -99.000 -99.0   0.0
   2 1971 110 27340.  22.0  38.3 -99.000 -99.0   0.0
   2 1971 111 25456.  23.2  38.2 -99.000 -99.0   0.0
   2 1971 112 22609.  24.3  38.3 -99.000 -99.0   0.0
   2 1971 113 21646.  25.7  37.4 -99.000 -99.0   0.0
   2 1971 114 20725.  24.0  38.1 -99.000 -99.0   0.0
   2 1971 115 19804.  24.9  39.0 -99.000 -99.0   0.0
   2 1971 116 17878.  23.8  40.9 -99.000 -99.0   0.0
   2 1971 117 19804.  25.6  41.8 -99.000 -99.0   0.0
   2 1971 118 21688.  24.5  40.7 -99.000 -99.0   0.0
   2 1971 119 18464.  24.9  41.1 -99.000 -99.0   0.0
   2 1971 120 21688.  23.4  40.4 -99.000 -99.0   0.0
   2 1971 121 14068.  25.1  40.4 -99.000 -99.0   0.0
   2 1971 122 15156.  24.6  39.4 -99.000 -99.0   0.0
   2 1971 123 24995.  24.6  40.6 -99.000 -99.0   0.0
   2 1971 124 21688.  23.1  40.5 -99.000 -99.0   0.0
   2 1971 125 18464.  22.8  40.9 -99.000 -99.0   0.0
   2 1971 126 17459.  22.3  41.2 -99.000 -99.0   0.0
   2 1971 127 18548.  22.8  40.7 -99.000 -99.0   0.0
   2 1971 128 22944.  23.2  41.8 -99.000 -99.0   0.0
   2 1971 129 17459.  23.4  41.2 -99.000 -99.0   0.0
   2 1971 130 21855.  23.6  40.4 -99.000 -99.0   0.0
   2 1971 131 21981.  23.6  40.0 -99.000 -99.0   0.0
   2 1971 132 29768.  23.9  40.0 -99.000 -99.0   0.0
   2 1971 133 29768.  24.0  39.7 -99.000 -99.0   0.0
   2 1971 134 22106.  24.5  41.4 -99.000 -99.0   0.0
   2 1971 135 21018.  26.0  39.1 -99.000 -99.0   0.0
   2 1971 136 15407.  21.1  39.9 -99.000 -99.0  12.6
   2 1971 137 14319.  21.0  35.1 -99.000 -99.0  11.4
   2 1971 138 18757.  22.6  34.4 -99.000 -99.0   0.0
   2 1971 139 24367.  20.7  37.5 -99.000 -99.0  26.8
   2 1971 140 16538.  23.9  36.0 -99.000 -99.0   0.0
   2 1971 141 25330.  22.7  37.3 -99.000 -99.0   0.0
   2 1971 142 27507.  23.7  37.4 -99.000 -99.0   0.0
   2 1971 143 20850.  25.7  37.9 -99.000 -99.0   0.0
   2 1971 144 15366.  24.6  38.5 -99.000 -99.0   0.0
   2 1971 145 21981.  23.4  38.5 -99.000 -99.0   0.0
   2 1971 146 19762.  24.3  38.3 -99.000 -99.0   0.0
   2 1971 147 17543.  24.0  38.3 -99.000 -99.0   0.0
   2 1971 148 16454.  22.1  37.2 -99.000 -99.0  18.6
   2 1971 149 14235.  23.0  31.9 -99.000 -99.0   5.4
   2 1971 150 14235.  23.2  34.4 -99.000 -99.0   1.8
   2 1971 151 16454.  22.5  34.5 -99.000 -99.0  10.8
   2 1971 152 14235.  22.3  32.2 -99.000 -99.0   0.0
   2 1971 153 14235.  22.3  32.4 -99.000 -99.0   0.0
   2 1971 154 14235.  21.8  29.8 -99.000 -99.0   0.0
   2 1971 155 14235.  22.6  29.1 -99.000 -99.0   0.0
   2 1971 156 14235.  21.5  30.2 -99.000 -99.0   4.2
   2 1971 157 14235.  21.3  27.1 -99.000 -99.0   5.2
   2 1971 158 14235.  21.0  30.6 -99.000 -99.0   0.0
   2 1971 159 17543.  21.3  31.7 -99.000 -99.0   0.0
   2 1971 160 14235.  21.8  33.3 -99.000 -99.0   0.0
   2 1971 161 19762.  20.8  33.6 -99.000 -99.0   0.0
   2 1971 162 21981.  20.6  33.5 -99.000 -99.0   0.0
   2 1971 163 19762.  21.6  33.4 -99.000 -99.0   0.0
   2 1971 164 14235.  21.8  33.2 -99.000 -99.0   6.4
   2 1971 165 14235.  22.4  32.9 -99.000 -99.0   2.8
   2 1971 166 14235.  22.4  34.6 -99.000 -99.0   6.6
   2 1971 167 14235.  22.1  33.4 -99.000 -99.0   0.0
   2 1971 168 15366.  22.0  34.4 -99.000 -99.0   0.0
   2 1971 169 19762.  21.3  34.4 -99.000 -99.0  27.4
   2 1971 170 14235.  21.7  32.9 -99.000 -99.0  33.8
   2 1971 171 16454.  21.4  31.4 -99.000 -99.0  10.2
   2 1971 172 14235.  21.0  29.4 -99.000 -99.0   9.2
   2 1971 173 14235.  21.9  30.5 -99.000 -99.0   9.2
   2 1971 174 14235.  22.3  27.4 -99.000 -99.0   0.0
   2 1971 175 14235.  22.3  27.2 -99.000 -99.0   0.0
   2 1971 176 14235.  22.3  30.4 -99.000 -99.0   0.0
   2 1971 177 14235.  22.3  30.6 -99.000 -99.0   0.0
   2 1971 178 14235.  22.7  32.0 -99.000 -99.0   0.0
   2 1971 179 14235.  22.3  29.9 -99.000 -99.0   0.0
   2 1971 180 14235.  22.9  30.5 -99.000 -99.0   0.0
   2 1971 181 14235.  22.1  31.6 -99.000 -99.0   0.0
   2 1971 182 14235.  22.0  31.3 -99.000 -99.0   0.0
   2 1971 183 14235.  21.2  31.3 -99.000 -99.0   0.0
   2 1971 184 14235.  22.1  32.0 -99.000 -99.0   0.0
   2 1971 185 14235.  23.1  33.2 -99.000 -99.0   0.0
   2 1971 186 14235.  22.3  32.4 -99.000 -99.0   2.2
   2 1971 187 14235.  22.6  33.9 -99.000 -99.0   0.0
   2 1971 188 14235.  21.3  33.2 -99.000 -99.0   8.4
   2 1971 189 16454.  21.0  31.9 -99.000 -99.0   1.4
   2 1971 190 24158.  21.2  33.2 -99.000 -99.0   0.0
   2 1971 191 14235.  21.7  33.0 -99.000 -99.0   0.0
   2 1971 192 14235.  21.8  32.4 -99.000 -99.0   0.0
   2 1971 193 15366.  21.4  32.4 -99.000 -99.0   0.0
   2 1971 194 14235.  21.0  33.4 -99.000 -99.0   0.0
   2 1971 195 14235.  22.1  32.6 -99.000 -99.0   0.0
   2 1971 196 14235.  21.7  31.5 -99.000 -99.0   0.0
   2 1971 197 14235.  21.5  29.6 -99.000 -99.0   0.0
   2 1971 198 14235.  21.7  30.0 -99.000 -99.0   0.0
   2 1971 199 14151.  21.8  30.6 -99.000 -99.0   0.0
   2 1971 200 14151.  21.8  30.7 -99.000 -99.0   0.0
   2 1971 201 14151.  22.0  29.4 -99.000 -99.0   0.0
   2 1971 202 14151.  21.7  30.6 -99.000 -99.0   1.8
   2 1971 203 14151.  22.2  31.6 -99.000 -99.0   0.0
   2 1971 204 14151.  22.2  32.0 -99.000 -99.0   0.0
   2 1971 205 14151.  21.0  29.4 -99.000 -99.0   0.0
   2 1971 206 14151.  21.1  35.7 -99.000 -99.0   0.0
   2 1971 207 16370.  20.8  31.9 -99.000 -99.0   0.0
   2 1971 208 14151.  21.6  32.4 -99.000 -99.0   0.0
   2 1971 209 14151.  20.6  29.4 -99.000 -99.0   0.0
   2 1971 210 14151.  21.5  31.0 -99.000 -99.0   0.0
   2 1971 211 15240.  21.3  32.0 -99.000 -99.0   0.0
   2 1971 212 14151.  21.5  32.3 -99.000 -99.0   0.0
   2 1971 213 15240.  21.2  32.3 -99.000 -99.0   0.0
   2 1971 214 14151.  21.0  32.4 -99.000 -99.0   0.0
   2 1971 215 17459.  21.7  31.8 -99.000 -99.0   0.0
   2 1971 216 22944.  20.6  31.5 -99.000 -99.0   0.0
   2 1971 217 16370.  21.8  30.4 -99.000 -99.0   0.0
   2 1971 218 14151.  21.4  33.3 -99.000 -99.0   0.0
   2 1971 219 14151.  21.3  33.6 -99.000 -99.0   0.0
   2 1971 220 14068.  22.3  31.7 -99.000 -99.0   0.0
   2 1971 221 14068.  21.1  27.8 -99.000 -99.0   0.0
   2 1971 222 15156.  21.3  30.0 -99.000 -99.0   0.8
   2 1971 223 14068.  22.4  30.9 -99.000 -99.0   0.0
   2 1971 224 14068.  21.4  31.0 -99.000 -99.0   0.0
   2 1971 225 14068.  23.3  30.9 -99.000 -99.0   0.0
   2 1971 226 14068.  21.3  31.1 -99.000 -99.0   0.0
   2 1971 227 16245.  21.0  28.2 -99.000 -99.0   0.0
   2 1971 228 17333.  22.1  31.5 -99.000 -99.0   0.0
   2 1971 229 15156.  22.0  31.4 -99.000 -99.0   0.0
   2 1971 230 14068.  21.0  33.4 -99.000 -99.0   0.0
   2 1971 231 13984.  22.3  34.1 -99.000 -99.0   0.0
   2 1971 232 13984.  23.7  34.5 -99.000 -99.0   0.0
   2 1971 233 13858.  20.8  32.1 -99.000 -99.0  20.6
   2 1971 234 13858.  21.3  28.0 -99.000 -99.0   6.6
   2 1971 235 13816.  22.3  30.7 -99.000 -99.0   1.6
   2 1971 236 13816.  20.7  28.5 -99.000 -99.0  50.8
   2 1971 237 13816.  20.7  27.4 -99.000 -99.0  24.2
   2 1971 238 13691.  20.6  29.4 -99.000 -99.0   5.2
   2 1971 239 13691.  20.9  27.9 -99.000 -99.0   1.2
   2 1971 240 15826.  21.3  29.3 -99.000 -99.0   0.0
   2 1971 241 13691.  21.6  30.0 -99.000 -99.0   0.0
   2 1971 242 13607.  21.3  29.0 -99.000 -99.0   1.2
   2 1971 243 13607.  21.4  28.6 -99.000 -99.0   2.4
   2 1971 244 13607.  21.3  29.4 -99.000 -99.0   0.0
   2 1971 245 21018.  20.8  29.9 -99.000 -99.0   0.0
   2 1971 246 28261.  20.7  31.4 -99.000 -99.0   1.2
   2 1971 247 13523.  20.9  31.4 -99.000 -99.0   0.0
   2 1971 248 16705.  21.0  31.5 -99.000 -99.0   0.0
   2 1971 249 13523.  20.9  31.9 -99.000 -99.0   0.0
   2 1971 250 15533.  20.7  31.1 -99.000 -99.0   0.0
   2 1971 251 19720.  19.7  31.6 -99.000 -99.0   0.0
   2 1971 252 21813.  19.9  32.7 -99.000 -99.0   0.0
   2 1971 253 20767.  20.8  33.4 -99.000 -99.0   0.0
   2 1971 254 13440.  20.5  34.2 -99.000 -99.0   0.0
   2 1971 255 18506.  21.3  33.0 -99.000 -99.0   0.0
   2 1971 256 18506.  21.2  34.3 -99.000 -99.0   0.0
   2 1971 257 19552.  21.7  33.9 -99.000 -99.0   0.0
   2 1971 258 20599.  24.1  35.4 -99.000 -99.0   0.0
   2 1971 259 14403.  25.7  35.2 -99.000 -99.0  26.4
   2 1971 260 13356.  22.1  35.4 -99.000 -99.0   0.6
   2 1971 261 17375.  23.0  32.2 -99.000 -99.0   0.0
   2 1971 262 17375.  22.5  34.4 -99.000 -99.0   0.0
   2 1971 263 13147.  23.6  34.5 -99.000 -99.0   0.0
   2 1971 264 13105.  24.2  34.7 -99.000 -99.0   0.0
   2 1971 265 17166.  25.1  34.7 -99.000 -99.0   0.0
   2 1971 266 12979.  23.0  34.9 -99.000 -99.0   9.4
   2 1971 267 12937.  22.2  31.9 -99.000 -99.0   8.8
   2 1971 268 12895.  21.1  30.6 -99.000 -99.0  21.8
   2 1971 269 12812.  21.7  23.1 -99.000 -99.0 147.2
   2 1971 270 16705.  20.3  27.4 -99.000 -99.0  15.4
   2 1971 271 20641.  20.2  29.9 -99.000 -99.0   0.0
   2 1971 272 12602.  20.4  30.2 -99.000 -99.0   0.0
   2 1971 273 12560.  20.4  28.6 -99.000 -99.0   0.0
   2 1971 274 12560.  21.7  29.4 -99.000 -99.0   0.0
   2 1971 275 12477.  19.2  23.9 -99.000 -99.0  65.8
   2 1971 276 12477.  20.5  23.9 -99.000 -99.0   8.4
   2 1971 277 12477.  20.3  23.1 -99.000 -99.0   1.8
   2 1971 278 19259.  20.5  30.4 -99.000 -99.0   0.0
   2 1971 279 12351.  21.5  31.6 -99.000 -99.0   0.0
   2 1971 280 12351.  21.7  28.4 -99.000 -99.0   1.6
   2 1971 281 16203.  22.6  30.6 -99.000 -99.0  19.0
   2 1971 282 19092.  22.2  31.2 -99.000 -99.0   0.0
   2 1971 283 12351.  21.3  32.1 -99.000 -99.0   0.0
   2 1971 284 12309.  21.5  32.2 -99.000 -99.0   0.0
   2 1971 285 15156.  22.1  30.0 -99.000 -99.0   3.2
   2 1971 286 12309.  20.2  31.8 -99.000 -99.0  38.4
   2 1971 287 16119.  20.2  29.0 -99.000 -99.0  61.0
   2 1971 288 12309.  20.2  27.4 -99.000 -99.0   1.2
   2 1971 289 15156.  19.7  29.5 -99.000 -99.0   6.8
   2 1971 290 21855.  17.7  29.9 -99.000 -99.0   0.0
   2 1971 291 23572.  18.7  30.9 -99.000 -99.0   0.0
   2 1971 292 23572.  21.0  30.8 -99.000 -99.0   0.0
   2 1971 293 16789.  21.5  32.4 -99.000 -99.0   0.0
   2 1971 294 12100.  22.2  32.2 -99.000 -99.0   0.0
   2 1971 295 14821.  21.1  28.3 -99.000 -99.0   0.0
   2 1971 296 15742.  20.0  29.9 -99.000 -99.0   0.0
   2 1971 297  4802.  21.0  30.5 -99.000 -99.0   1.2
   2 1971 298 11932.  20.4  28.3 -99.000 -99.0   4.2
   2 1971 299 15659.  20.3  28.7 -99.000 -99.0   0.0
   2 1971 300 20097.  21.8  27.9 -99.000 -99.0   0.0
   2 1971 301 22692.  17.9  30.1 -99.000 -99.0   0.0
   2 1971 302 11765.  17.6  30.5 -99.000 -99.0   0.0
   2 1971 303 22525.  16.4  30.0 -99.000 -99.0   0.0
   2 1971 304 24367.  17.5  30.2 -99.000 -99.0   0.0
   2 1971 305 16035.  19.7  31.5 -99.000 -99.0   0.0
   2 1971 306 12477.  20.4  31.4 -99.000 -99.0   0.0
   2 1971 307 22358.  19.2  31.1 -99.000 -99.0   0.0
   2 1971 308 18631.  16.9  30.5 -99.000 -99.0   0.0
   2 1971 309 23948.  17.2  30.9 -99.000 -99.0   0.0
   2 1971 310 25539.  15.9  30.6 -99.000 -99.0   0.0
   2 1971 311 25539.  16.2  30.5 -99.000 -99.0   0.0
   2 1971 312 23614.  17.1  31.0 -99.000 -99.0   0.0
   2 1971 313 25163.  16.9  31.0 -99.000 -99.0   0.0
   2 1971 314 24953.  13.7  29.5 -99.000 -99.0   0.0
   2 1971 315 24744.  13.8  28.0 -99.000 -99.0   0.0
   2 1971 316 12770.  14.9  28.6 -99.000 -99.0   0.0
   2 1971 317 17752.  16.4  29.5 -99.000 -99.0   0.0
   2 1971 318 15910.  17.2  30.1 -99.000 -99.0   0.0
   2 1971 319 24367.  13.6  30.5 -99.000 -99.0   0.0
   2 1971 320 17626.  13.1  29.5 -99.000 -99.0   0.0
   2 1971 321 12435.  14.2  29.0 -99.000 -99.0   0.0
   2 1971 322 22483.  15.7  29.4 -99.000 -99.0   0.0
   2 1971 323 23948.  16.5  29.4 -99.000 -99.0   0.0
   2 1971 324 20641.  16.7  30.0 -99.000 -99.0   0.0
   2 1971 325 15659.  16.3  29.1 -99.000 -99.0   0.0
   2 1971 326 23948.  15.0  28.5 -99.000 -99.0   0.0
   2 1971 327 23739.  13.5  28.3 -99.000 -99.0   0.0
   2 1971 328 23739.  14.7  29.9 -99.000 -99.0   0.0
   2 1971 329 23739.  12.9  29.0 -99.000 -99.0   0.0
   2 1971 330 23572.  13.6  28.5 -99.000 -99.0   0.0
   2 1971 331 23572.  12.7  28.3 -99.000 -99.0   0.0
   2 1971 332 23362.  13.1  28.8 -99.000 -99.0   0.0
   2 1971 333 23362.  13.4  28.3 -99.000 -99.0   0.0
   2 1971 334 23153.  12.9  28.1 -99.000 -99.0   0.0
   2 1971 335 13523.  12.7  27.7 -99.000 -99.0   0.0
   2 1971 336 21562.  12.6  28.0 -99.000 -99.0   0.0
   2 1971 337 11095.  13.8  28.5 -99.000 -99.0   0.0
   2 1971 338 21060.  14.6  29.4 -99.000 -99.0   0.0
   2 1971 339 21353.  15.2  29.4 -99.000 -99.0   0.0
   2 1971 340 16580.  13.0  29.4 -99.000 -99.0   0.0
   2 1971 341 14989.  12.5  27.9 -99.000 -99.0   0.0
   2 1971 342 10258.  12.0  28.8 -99.000 -99.0   0.0
   2 1971 343 16580.  12.3  28.9 -99.000 -99.0   0.0
   2 1971 344 22944.  12.0  28.0 -99.000 -99.0   0.0
   2 1971 345 10132.  12.1  28.2 -99.000 -99.0   0.0
   2 1971 346 20390.  12.2  27.5 -99.000 -99.0   0.0
   2 1971 347 14905.  13.7  28.8 -99.000 -99.0   0.0
   2 1971 348 11723.  15.0  27.4 -99.000 -99.0   0.0
   2 1971 349 10132.  15.2  28.1 -99.000 -99.0   0.0
   2 1971 350 11723.  16.7  29.4 -99.000 -99.0   0.0
   2 1971 351 10132.  17.7  30.0 -99.000 -99.0   0.0
   2 1971 352 10258.  12.2  29.2 -99.000 -99.0   0.0
   2 1971 353 19804.  11.6  28.1 -99.000 -99.0   0.0
   2 1971 354 21353.  11.2  28.2 -99.000 -99.0   0.0
   2 1971 355 22944.  11.0  29.4 -99.000 -99.0   0.0
   2 1971 356 13398.  11.4  30.4 -99.000 -99.0   0.0
   2 1971 357 10258.  14.5  29.9 -99.000 -99.0   0.0
   2 1971 358 10258.  13.4  30.0 -99.000 -99.0   0.0
   2 1971 359 10300.  14.2  30.4 -99.000 -99.0   0.0
   2 1971 360 10300.  15.2  31.1 -99.000 -99.0   0.0
   2 1971 361 11095.  13.6  30.0 -99.000 -99.0   0.0
   2 1971 362 22358.  14.2  30.5 -99.000 -99.0   0.0
   2 1971 363 10300.  12.2  29.4 -99.000 -99.0   0.0
   2 1971 364 23362.  12.2  29.1 -99.000 -99.0   0.0
   2 1971 365 23362.  13.3  29.3 -99.000 -99.0   0.0
