*---------------------------------------------------------------------------*
* Station name: Palmira CIAT, Colombia
* Year: 1983
* Author: Peter Uithol                                     -99.000: NIL VALUE
* Source: IRRI/WMO Special project
* Comments: Incomplete year
* Longitude: 76 19 W, latitude: 3 31 S, altitude: 1006. m
*
* Column  Daily value
* 1       station number
* 2       year
* 3       day
* 4       irradiation                   (kJ m-2 d-1)
* 5       minimum temperature           (degrees Celsius)
* 6       maximum temperature           (degrees Celsius)
* 7       early morning vapour pressure (kPa)
* 8       mean wind speed (height: 2 m) (m s-1)
* 9       precipitation                 (mm d-1)
*---------------------------------------------------------------------------*
 -76.32  -3.52  1006. 0.00 0.00
   1 1983 182 15268.  19.4  29.1   1.624   1.3   0.0
   1 1983 183 22705.  19.6  30.3   1.532   1.5   0.0
   1 1983 184 19724.  18.5  31.0   1.522   0.9   0.0
   1 1983 185 17874.  19.2  31.2   1.619   1.6   0.0
   1 1983 186 15682.  20.0  28.7   1.664   1.2   0.0
   1 1983 187 21726.  18.6  31.6   1.474   1.3   0.0
   1 1983 188 13795.  20.0  30.1   1.685   1.2  27.0
   1 1983 189 15379.  19.5  27.2   1.868   1.0   5.3
   1 1983 190 17118.  19.0  27.2   1.661   1.0   1.2
   1 1983 191 22255.  19.5  29.8   1.600   1.5   0.0
   1 1983 192 18212.  18.3  29.5   1.543   1.1   0.0
   1 1983 193 22255.  18.6  31.5   1.482   1.3   0.0
   1 1983 194 21121.  20.3  32.4   1.443   1.5   0.0
   1 1983 195 10775.  20.0  29.0   1.639   0.7   0.0
   1 1983 196 15419.  19.5  29.8   1.670   1.2   0.0
   1 1983 197  9374.  20.7  27.5   1.809   1.1   0.0
   1 1983 198 20855.  20.6  31.5   1.703   1.2   0.0
   1 1983 199 21802.  20.1  33.2   1.585   1.6   0.0
   1 1983 200 17269.  19.3  30.0   1.551   1.2   0.0
   1 1983 201 15797.  19.5  30.6   1.638   1.2   0.0
   1 1983 202 18626.  20.2  31.1   1.529   1.2   0.0
   1 1983 203 13946.  20.2  28.5   1.713   1.3   6.0
   1 1983 204 15343.  19.0  28.5   1.687   1.0   0.0
   1 1983 205 23612.  17.5  33.5   1.271   1.4   0.0
   1 1983 206 24631.  15.2  33.0   1.132   0.1   0.0
   1 1983 207 24066.  17.5  33.0   1.273   2.6   0.0
   1 1983 208 14627.  17.1  29.2   1.313   1.1   0.0
   1 1983 209 14512.  17.7  29.8   1.346   1.1   0.0
   1 1983 210 12398.  20.0  29.0   1.702   1.0   0.0
   1 1983 211 10584.  20.4  28.5   1.764   1.1   0.0
   1 1983 212 15494.  20.4  29.4   1.670   1.2   0.0
   1 1983 213 16402.  19.3  30.5   1.519   1.2   0.0
   1 1983 214 18778.  17.8  30.5   1.391   1.2   0.0
   1 1983 215 17874.  19.4  30.4   1.558   1.1   0.0
   1 1983 216 18590.  18.4  30.5   1.470   1.5   0.0
   1 1983 217 14134.  20.5  28.7   1.695   1.6   0.0
   1 1983 218 16891.  18.7  29.2   1.489   1.3   0.0
   1 1983 219 21384.  18.4  32.3   1.544   1.5   0.0
   1 1983 220 22972.  18.7  33.5   1.384   1.3   0.0
   1 1983 221 18742.  17.4  32.3   1.291   1.5   0.0
   1 1983 222 12776.  19.3  30.2   1.513   1.2   0.0
   1 1983 223 20477.  15.5  31.5   1.175   1.6   0.0
   1 1983 224 12661.  20.5  30.0   1.649   1.3   0.0
   1 1983 225 24066.  15.4  34.0   1.178   1.6   0.0
   1 1983 226 25729.  16.5  34.3   1.246   1.5   0.0
   1 1983 227 16326.  20.2  31.6   1.631   1.3   0.0
   1 1983 228 14400.  21.0  30.6   1.601   1.5   0.0
   1 1983 229 14778.  20.6  31.7   1.618   1.1   0.0
   1 1983 230 14627.  20.6  30.1   1.562   1.3   0.0
   1 1983 231 15077.  18.2  30.0   1.475   1.1   0.0
   1 1983 232 15948.  19.2  31.2   1.405   1.4   0.0
   1 1983 233 19307.  18.2  31.0   1.295   1.4   0.0
   1 1983 234 21762.  20.0  33.6   1.397   1.6   0.0
   1 1983 235 19004.  20.5  32.5   1.461   1.8   0.6
   1 1983 236 13907.  19.5  29.4   1.672   1.3   0.2
   1 1983 237 10624.  19.7  28.0   1.709   1.2   0.0
   1 1983 238 12550.  20.0  28.5   1.725   1.2   0.0
   1 1983 239 17305.  17.7  30.5   1.332   1.7   0.0
   1 1983 240 11718.  21.0  30.5   1.768   1.4   2.5
   1 1983 241 16628.  19.6  29.1   1.726   1.4   0.0
   1 1983 242 22554.  18.8  32.5   1.514   1.2   0.0
   1 1983 243 22781.  17.5  31.8   1.303   1.8   0.0
   1 1983 244 20102.  20.5  31.1   1.634   1.6   0.0
   1 1983 245 19760.  18.5  32.5   1.358   1.6   0.0
   1 1983 246 17154.  20.9  30.0   1.678   1.6   0.0
   1 1983 247 23123.  18.6  32.0   1.362   1.8   0.0
   1 1983 248 12924.  20.1  29.9   1.536   1.5   2.3
   1 1983 249 12625.  19.5  28.0   1.745   1.2   0.0
   1 1983 250 16967.  19.3  29.9   1.649   1.3   0.0
   1 1983 251 15948.  18.5  30.1   1.437   1.4   0.0
   1 1983 252 10735.  19.5  28.9   1.645   1.3   0.0
   1 1983 253 11794.  18.4  27.5   1.481   1.6   0.0
   1 1983 254 19609.  19.5  29.6   1.491   1.6   0.0
   1 1983 255 21424.  19.4  31.8   1.432   1.7   0.0
   1 1983 256 11416.  21.2  29.2   1.631   1.6   0.0
   1 1983 257 14702.  20.0  29.2   1.646   1.5   0.0
   1 1983 258 16852.  17.9  31.0   1.396   1.5   0.0
   1 1983 259 15304.  19.3  29.0   1.511   1.6   0.0
   1 1983 260 16060.  19.6  30.2   1.701   1.6   0.5
   1 1983 261 21197.  18.8  30.7   1.468   1.5   8.0
   1 1983 262 13417.  19.4  28.5   1.642   1.1   0.0
   1 1983 263 19044.  18.1  31.4   1.347   1.5   2.6
   1 1983 264 22705.  19.0  31.2   1.425   1.9   0.0
   1 1983 265 18929.  18.6  29.2   1.555   1.3   0.0
   1 1983 266 21348.  19.0  32.0   1.493   1.6   0.0
   1 1983 267 19346.  19.7  30.4   1.645   1.6   0.0
   1 1983 268 23728.  17.0  33.7   1.299   1.7   0.0
   1 1983 269 17078.  19.5  30.8   1.550   1.7   0.7
   1 1983 270 22518.  20.0  33.5   1.573   1.8   0.0
   1 1983 271 13000.  21.0  29.4   1.785   1.5   0.0
   1 1983 272 19156.  18.9  31.5   1.416   1.6   0.0
   1 1983 273 13342.  20.2  30.8   1.576   1.4   0.0
   1 1983 274 14400.  19.5  29.7   1.609   1.7   0.0
   1 1983 275 18439.  20.8  31.7   1.623   1.6  22.2
   1 1983 276 19458.  19.1  29.7   1.594   1.3   0.0
   1 1983 277 17910.  20.5  31.2   1.627   1.3  12.9
   1 1983 278 20365.  19.5  30.0   1.657   1.2   0.0
   1 1983 279 20405.  19.5  31.7   1.548   1.4   0.0
   1 1983 280 15192.  18.4  29.5   1.466   1.3   0.0
   1 1983 281 27202.  17.8  31.0   1.375   2.3   9.0
   1 1983 282 16286.  19.5  29.0   1.759   1.1   0.0
   1 1983 283 20178.  19.3  30.4   1.602   1.6   0.0
   1 1983 284 22442.  20.0  30.0   1.610   1.4   0.0
   1 1983 285 17456.  17.5  31.0   1.357   1.6   0.0
   1 1983 286  8809.  19.4  24.0   1.879   1.2   2.6
   1 1983 287 17118.  18.6  29.0   1.551   1.6   3.1
   1 1983 288 10282.  19.0  24.5   1.927   1.3   6.3
   1 1983 289  9187.  18.0  24.4   1.791   0.7   0.0
   1 1983 290 22820.  17.0  30.0   1.414   1.3   0.0
   1 1983 291 21611.  18.5  30.9   1.456   1.7   0.0
   1 1983 292  9677.  19.4  26.4   1.696   1.4   0.0
   1 1983 293 19004.  18.0  29.5   1.560   1.5   0.0
   1 1983 294 20552.  18.5  30.2   1.496   1.6   0.0
   1 1983 295 21802.  19.0  30.9   1.509   1.7   0.0
   1 1983 296 22367.  19.5  31.1   1.491   1.4   0.0
   1 1983 297 18176.  20.5  30.1   1.613   1.4   0.0
   1 1983 298 13529.  20.0  27.3   1.732   1.5   0.0
   1 1983 299 16553.  19.4  30.5   1.540   1.3   5.3
   1 1983 300 19080.  19.5  30.2   1.659   1.3   0.0
   1 1983 301 15646.  18.7  29.0   1.507   1.5   1.7
   1 1983 302 17456.  18.4  28.8   1.629   1.2   3.2
   1 1983 303 12625.  18.6  26.9   1.684   1.0   0.0
   1 1983 304 21384.  19.6  29.8   1.607   1.5   0.0
   1 1983 305 18554.  20.0  30.5   1.603   1.5   0.0
   1 1983 306 18364.  20.2  30.2   1.638   1.5   0.0
   1 1983 307 19422.  20.5  29.9   1.707   1.4   0.0
   1 1983 308 20894.  19.2  31.0   1.479   1.4   0.7
   1 1983 309 21121.  18.0  31.6   1.438   1.3   0.0
   1 1983 310 14512.  19.6  29.9   1.635   1.5  16.3
   1 1983 311 18479.  17.9  30.5   1.449   1.6   0.0
   1 1983 312  9299.  19.9  31.2   1.782   0.8   0.0
   1 1983 313 22630.  17.0  31.0   1.367   1.6   0.0
   1 1983 314 17532.  19.4  30.0   1.612   1.4   0.0
   1 1983 315 15077.  17.2  30.0   1.343   1.0   0.0
   1 1983 316 18403.  18.8  30.0   1.566   1.3   0.0
   1 1983 317 21424.  18.7  31.2   1.459   1.9  17.0
   1 1983 318 21989.  18.5  29.5   1.424   1.7   0.0
   1 1983 319 17420.  18.9  30.9   1.478   1.7   5.8
   1 1983 320 22104.  18.4  30.2   1.485   1.3   0.0
   1 1983 321  7942.  19.2  24.6   1.846   0.9   9.8
   1 1983 322 20477.  17.4  29.5   1.514   1.2   0.0
   1 1983 323 17723.  19.7  30.5   1.620   1.2   0.0
   1 1983 324 16250.  19.4  29.6   1.678   1.7   0.0
   1 1983 325 16967.  20.4  29.9   1.744   1.3  10.3
   1 1983 326 14587.  20.5  29.0   1.871   1.2   0.0
   1 1983 327 16740.  20.0  29.9   1.664   1.9  17.1
   1 1983 328 16927.  18.4  28.0   1.580   1.1   0.0
   1 1983 329 18929.  17.6  30.0   1.537   1.0   0.0
   1 1983 330 19876.  19.2  30.7   1.633   1.5   0.0
   1 1983 331 19080.  18.5  29.7   1.588   1.4   1.1
   1 1983 332 10811.  19.4  26.0   1.899   1.0   2.7
   1 1983 333 15379.  17.0  28.0   1.520   1.4  33.4
   1 1983 334 18479.  17.0  27.0   1.505   0.6   0.0
   1 1983 335 21953.  18.5  27.7   1.588   0.5   0.0
   1 1983 336 14476.  19.5  28.5   1.750   1.1   0.0
   1 1983 337 17194.  19.6  27.7   1.713   1.1   1.6
   1 1983 338 15116.  19.2  26.5   1.713   1.2   6.0
   1 1983 339 13190.  18.5  26.5   1.669   1.0   3.5
   1 1983 340 15570.  18.9  26.6   1.703   1.1   6.2
   1 1983 341 19346.  17.5  28.0   1.539   0.9   0.0
   1 1983 342 18817.  17.6  27.5   1.547   1.1   0.0
   1 1983 343 18515.  18.2  28.5   1.646   1.5   9.8
   1 1983 344 17798.  17.5  27.5   1.477   1.0   4.1
   1 1983 345 22972.  17.7  28.4   1.484   1.3   1.9
   1 1983 346 18403.  19.0  28.5   1.661   1.1   7.1
   1 1983 347 19195.  18.5  28.0   1.641   0.9   0.0
   1 1983 348 11300.  17.7  26.5   1.676   0.8   0.0
   1 1983 349 16852.  18.0  28.7   1.584   1.3   0.0
   1 1983 350 15530.  18.0  28.0   1.566   1.0   0.0
   1 1983 351 15268.  18.5  28.0   1.616   0.8   0.0
   1 1983 352 18025.  18.4  29.2   1.580   1.8  23.3
   1 1983 353 16286.  19.6  27.6   1.815   1.3   0.0
   1 1983 354 14965.  20.0  28.4   1.798   0.9   1.0
   1 1983 355 22104.  18.9  28.6   1.642   0.9   0.0
   1 1983 356 19760.  18.9  29.7   1.642   1.5   0.0
   1 1983 357 19120.  17.9  28.6   1.505   1.4   0.0
   1 1983 358 22478.  18.1  30.8   1.526   1.3   0.0
   1 1983 359 17042.  18.6  31.2   1.622   1.2   0.0
   1 1983 360  9490.  19.4  28.5   1.676   1.3  28.0
   1 1983 361 17798.  17.5  28.0   1.553   1.1   0.0
   1 1983 362 22820.  16.7  29.5   1.398   1.0   0.0
   1 1983 363 16477.  19.0  29.2   1.619   1.9   0.0
   1 1983 364 13151.  19.4  28.0   1.721   1.2  37.2
   1 1983 365 14209.  19.2  27.0   1.788   0.9   2.5
