*---------------------------------------------------------------------------*
* Station name: Palmira CIAT, Colombia
* Year: 1985
* Author: Peter Uithol                                     -99.000: NIL VALUE
* Source: IRRI/WMO Special project
* Comments: Incomplete year (January only)
* Longitude: 76 19 W, latitude: 3 31 S, altitude: 1006. m
*
* Column  Daily value
* 1       station number
* 2       year
* 3       day
* 4       irradiation                   (kJ m-2 d-1)
* 5       minimum temperature           (degrees Celsius)
* 6       maximum temperature           (degrees Celsius)
* 7       early morning vapour pressure (kPa)
* 8       mean wind speed (height: 2 m) (m s-1)
* 9       precipitation                 (mm d-1)
*---------------------------------------------------------------------------*
 -76.32  -3.52  1006. 0.00 0.00
   1 1985   1 17078.  20.8  30.5   1.739   2.2   0.0
   1 1985   2 20254.  19.4  30.8   1.554   1.3   0.0
   1 1985   3 15797.  20.0  29.5   1.704   1.3   3.2
   1 1985   4 18853.  19.8  28.8   1.803   1.4   2.3
   1 1985   5  7790.  18.6  25.0   1.800   0.7   0.0
   1 1985   6 13039.  18.8  26.5   1.692   0.9   0.0
   1 1985   7 14850.  19.5  28.5   1.668   1.2   0.0
   1 1985   8 14324.  19.8  28.0   1.722   1.3   0.0
   1 1985   9 15343.  19.0  28.5   1.601   1.3   0.0
   1 1985  10 19498.  19.3  30.2   1.562   1.4   0.0
   1 1985  11 17420.  18.0  30.0   1.444   1.3   0.0
   1 1985  12 15343.  18.8  29.0   1.527   1.4   6.2
   1 1985  13 16852.  19.6  29.0   1.676   1.3   9.4
   1 1985  14 16589.  18.4  27.8   1.627   0.9   0.2
   1 1985  15 13115.  19.0  27.0   1.608   1.3   0.0
   1 1985  16 19534.  19.0  28.5   1.471   1.2   0.0
   1 1985  17 20668.  17.5  29.2   1.413   1.5   0.0
   1 1985  18 18212.  18.0  29.0   1.452   1.2   0.0
   1 1985  19 16927.  18.8  29.5   1.551   1.4   0.0
   1 1985  20 21046.  18.0  30.0   1.492   1.6   0.0
   1 1985  21 11642.  19.6  27.5   1.756   1.3   8.4
   1 1985  22 15116.  19.0  28.0   1.650   1.2  12.9
   1 1985  23 17381.  17.9  27.1   1.579   0.7   0.7
   1 1985  24 16286.  17.0  27.4   1.472   1.4   0.0
   1 1985  25 17532.  19.5  28.0   1.706   1.3   3.3
   1 1985  26 16852.  18.8  27.0   1.614   1.5   0.6
   1 1985  27 16060.  18.5  27.1   1.627   1.0   0.0
   1 1985  28 15152.  19.3  27.5   1.735   1.2  12.4
   1 1985  29 21535.  18.9  29.2   1.580   1.4   0.0
   1 1985  30 17118.  18.5  28.5   1.533   1.4   0.0
   1 1985  31 15455.  19.3  28.4   1.697   1.1   0.0
