*---------------------------------------------------------*
*   Country: Netherlands
*   Station: Wageningen
*      Year: 1991
*    Source: Dep. of Meteorology, Wageningen Agricultural 
*            University.
*    Author: Willem Stol and L. Filippo D'Antuono
* Longitude: 05 40 E
*  Latitude: 51 58 N
* Elevation: 7 m.
*  Comments: Location Haarweg. Missing values are exchanged 
*            with daily weather data from synoptic station 
*            de Bilt, Netherlands. Wind speed data from day 
*            205-212, calculated from wind speed at 10 
*            meters.
*
*  Columns:
*  ========
*  station number
*  year
*  day
*  irradiation (kJ m-2 d-1)
*  minimum temperature (degrees Celsius)
*  maximum temperature (degrees Celsius)
*  vapour pressure (kPa)
*  mean wind speed (m s-1)
*  precipitation (mm d-1)
*---------------------------------------------------------*
   5.67  51.97     7. 0.00 0.00
   1 1991   1  3230.   1.5   6.5   0.720   4.3   1.1
   1 1991   2   750.   6.1  12.3   1.100   7.4  27.4
   1 1991   3  2010.   6.8   9.2   0.900   4.6   9.1
   1 1991   4  3290.   4.3   9.2   0.760   5.4   3.0
   1 1991   5   910.   2.7   7.7   0.730   7.0   4.4
   1 1991   6  2580.   4.9   6.8   0.650   8.3   1.0
   1 1991   7  2370.   4.9   8.8   0.780   5.3   1.7
   1 1991   8  2830.   3.3  11.1   0.820   6.1   6.4
   1 1991   9  2370.   4.5  10.3   0.840   6.8   6.5
   1 1991  10  1410.   6.8  12.6   0.940   7.6   3.7
   1 1991  11  1990.   4.4   9.0   0.850   5.3   1.9
   1 1991  12   840.   0.0   4.8   0.700   2.2   1.5
   1 1991  13  4740.  -2.8   5.5   0.580   1.2   0.0
   1 1991  14  4670.  -1.0   2.3   0.480   5.0   0.0
   1 1991  15  5070.  -1.5   4.2   0.240   6.2   0.0
   1 1991  16  4690.  -3.4   2.1   0.320   4.6   0.0
   1 1991  17  4310.  -3.0   4.3   0.420   3.1   0.0
   1 1991  18  4440.  -1.7   4.4   0.500   3.0   0.0
   1 1991  19  1220.  -1.5   4.5   0.600   2.4   2.8
   1 1991  20  1630.  -1.7   4.5   0.630   3.1   0.3
   1 1991  21  3400.   1.7   7.1   0.750   2.8   0.8
   1 1991  22  2530.  -0.1   5.0   0.690   2.7   0.5
   1 1991  23   620.  -0.9   0.7   0.560   1.6   0.0
   1 1991  24  1500.  -4.3   1.6   0.520   1.1   0.0
   1 1991  25   780.  -4.9   2.1   0.560   0.9   0.0
   1 1991  26   660.   1.0   2.8   0.610   1.0   0.1
   1 1991  27  2160.   0.9   5.4   0.640   1.3   0.0
   1 1991  28  3640.  -0.9   4.5   0.590   2.5   0.0
   1 1991  29  4980.  -5.8   2.0   0.500   2.4   0.0
   1 1991  30  4320.  -6.1   2.3   0.470   2.8   0.0
   1 1991  31  5380.  -5.2   1.4   0.420   2.6   0.0
   1 1991  32  4930.  -8.5  -0.5   0.390   1.6   0.0
   1 1991  33  6470. -10.2   1.2   0.300   1.1   0.0
   1 1991  34  5370. -11.0  -2.4   0.280   1.9   0.0
   1 1991  35  5840.  -9.4   0.7   0.300   2.5   0.0
   1 1991  36  6380.  -3.5   2.2   0.430   3.6   0.0
   1 1991  37  5220. -12.2  -2.7   0.220   5.0   0.0
   1 1991  38  2580. -12.3  -5.4   0.270   5.1   0.0
   1 1991  39  2370.  -9.4  -4.5   0.300   4.6   0.2
   1 1991  40  6040. -14.9  -3.6   0.310   2.3   0.0
   1 1991  41  4330.  -6.9  -3.3   0.370   1.0   0.1
   1 1991  42  3660.  -4.8  -1.2   0.450   2.4   2.2
   1 1991  43  4490.  -9.7   0.1   0.410   0.8   1.3
   1 1991  44  6390.  -9.6  -1.1   0.380   1.6   0.1
   1 1991  45  6310. -11.5   1.0   0.450   2.2   0.2
   1 1991  46  1920.  -2.0   2.2   0.570   5.4   5.7
   1 1991  47  5840.  -0.1   2.8   0.530   2.7   0.4
   1 1991  48  8520.  -3.4   4.2   0.470   0.7   0.0
   1 1991  49  3560.  -5.1   3.8   0.540   1.0   0.0
   1 1991  50 10150.  -8.5   4.1   0.440   1.0   0.0
   1 1991  51  2650.  -3.0   2.6   0.630   2.4   0.0
   1 1991  52  3430.   0.3   7.2   0.670   3.0   0.0
   1 1991  53  7360.   2.2   7.3   0.690   5.1   0.1
   1 1991  54  1640.   6.5  11.5   0.950   6.4   0.4
   1 1991  55  9660.   3.7  14.0   0.830   3.1   0.0
   1 1991  56  4870.   3.7   9.0   0.920   1.4   0.6
   1 1991  57  9250.  -1.2  11.5   0.760   2.9   0.0
   1 1991  58  5730.   0.5   5.7   0.590   4.3   0.0
   1 1991  59  1360.   0.7   3.9   0.610   4.2   1.2
   1 1991  60  7810.   0.5   8.5   0.680   1.8   2.4
   1 1991  61  3390.   2.2   6.1   0.750   1.7   0.5
   1 1991  62  8530.   2.3  10.0   0.750   3.2   0.0
   1 1991  63  9980.  -2.1  13.1   0.740   3.4   0.0
   1 1991  64  3820.   6.6  12.1   1.030   3.2   4.5
   1 1991  65  7850.   8.4  16.0   1.030   3.8   1.2
   1 1991  66  4650.  10.8  15.8   0.990   3.8   0.2
   1 1991  67  4160.   8.7  13.6   1.010   2.9   0.1
   1 1991  68  3220.   6.7  12.1   1.050   1.8   0.0
   1 1991  69  9370.   7.3  15.7   0.950   2.9   0.0
   1 1991  70  6880.   7.4  14.1   1.060   2.1   0.0
   1 1991  71 11740.   3.2  16.3   0.990   1.8   0.0
   1 1991  72 13220.   1.9  17.4   0.860   1.5   0.0
   1 1991  73 11520.   4.1  17.8   0.990   2.4   0.1
   1 1991  74  2190.   7.1  10.8   1.080   2.1   0.0
   1 1991  75  8060.   8.3  15.8   1.070   3.2   0.0
   1 1991  76  4720.   2.2  13.0   1.000   1.3   0.0
   1 1991  77  7110.   1.5  12.4   0.990   2.6   0.0
   1 1991  78  1940.   8.7  13.3   1.150   6.7   6.0
   1 1991  79  7940.   8.9  14.5   1.180   5.3   1.2
   1 1991  80  6970.   5.0  13.7   0.990   4.2   0.1
   1 1991  81 12290.   0.4  10.6   0.750   1.6   1.0
   1 1991  82 13000.  -3.5  11.0   0.610   1.5   0.0
   1 1991  83 12520.   1.4  12.0   0.690   2.7   0.0
   1 1991  84 16220.   2.2  10.9   0.600   5.8   0.0
   1 1991  85  9590.   4.1  11.7   0.600   6.4   0.0
   1 1991  86 17500.   2.4  13.5   0.660   3.7   0.0
   1 1991  87  9350.   0.6  11.3   0.630   1.6   0.0
   1 1991  88 17890.  -2.5  10.8   0.520   2.4   0.0
   1 1991  89 16900.  -4.1  11.2   0.570   1.4   0.0
   1 1991  90 11390.   5.2  11.9   0.910   2.2   0.0
   1 1991  91  9530.   8.2  15.1   1.020   5.2   0.0
   1 1991  92  8790.   8.0  14.9   1.000   4.7   0.4
   1 1991  93 10400.   4.7  13.1   0.890   4.1   0.1
   1 1991  94 15190.   2.8  13.8   0.760   5.6   0.2
   1 1991  95 11740.   4.2  12.0   0.810   4.5   0.0
   1 1991  96 14180.   3.9  14.0   0.780   3.9   0.0
   1 1991  97 11610.   6.2  12.6   0.900   5.7   8.7
   1 1991  98 12800.   5.4  12.7   0.950   4.4   0.5
   1 1991  99 17480.   2.0  15.6   0.790   1.4   0.0
   1 1991 100 18390.   3.7  18.0   0.830   2.6   0.0
   1 1991 101 19360.   8.7  20.9   0.810   3.9   0.0
   1 1991 102 20990.   8.6  21.5   0.800   3.4   0.0
   1 1991 103 19690.   4.7  21.7   0.960   2.1   0.0
   1 1991 104 15960.   6.7  20.3   0.810   2.7   0.0
   1 1991 105 18840.   2.8  20.8   0.820   1.8   0.0
   1 1991 106  8560.   0.8  10.2   0.700   3.1   3.4
   1 1991 107 13350.  -0.7   9.9   0.650   2.7   3.2
   1 1991 108 10210.  -0.7   7.1   0.690   2.0   4.1
   1 1991 109 15070.  -2.4   8.2   0.540   2.7   0.4
   1 1991 110 17430.  -4.8   8.1   0.460   1.7   0.0
   1 1991 111 18660.  -6.3   9.0   0.520   2.9   0.3
   1 1991 112 11790.   1.2   9.1   0.750   3.5   8.5
   1 1991 113 12060.   0.2   9.4   0.750   2.7   6.4
   1 1991 114 23520.   0.6  11.9   0.730   2.2   0.0
   1 1991 115 18620.   2.8  13.2   0.690   3.0   0.0
   1 1991 116 18250.   3.5  14.3   0.690   2.7   0.0
   1 1991 117 16840.   0.0  13.3   0.710   1.5   0.0
   1 1991 118 14990.  -1.3  11.3   0.660   1.7   0.0
   1 1991 119  8480.   1.4  10.4   0.740   1.7   0.0
   1 1991 120  6290.   5.7  11.4   0.730   3.8   0.0
   1 1991 121 11910.   2.9  11.8   0.790   3.0   0.0
   1 1991 122  7280.   4.2   9.3   0.870   3.5   0.9
   1 1991 123 13820.   2.6   9.7   0.760   3.4   2.0
   1 1991 124 10240.   3.9   9.6   0.810   2.4   7.2
   1 1991 125 12210.   1.9  10.7   0.870   1.7   7.6
   1 1991 126  6340.   6.8  10.5   0.890   1.0   0.0
   1 1991 127  9970.   5.4  12.3   0.870   1.7   0.0
   1 1991 128 24750.   4.0  15.1   0.700   2.4   0.0
   1 1991 129 22530.  -0.4  15.5   0.750   2.1   0.5
   1 1991 130 21460.   2.4  16.4   0.860   2.1   0.3
   1 1991 131 22350.   3.9  16.7   0.870   2.0   0.0
   1 1991 132 16340.   7.6  14.5   0.880   1.9   0.1
   1 1991 133 10640.   5.4  16.0   1.130   3.0   2.5
   1 1991 134 14870.   5.1  13.1   0.900   3.1   1.1
   1 1991 135 10890.   2.4  10.5   0.850   3.5  12.5
   1 1991 136 16240.   1.9  11.4   0.810   2.8   1.4
   1 1991 137 10910.   2.4  11.2   0.790   1.4   2.1
   1 1991 138 17770.  -0.4  13.3   0.720   1.1   0.0
   1 1991 139 17320.  -0.1  15.2   0.940   1.4   0.0
   1 1991 140 10390.  11.2  16.3   1.320   3.7   0.0
   1 1991 141 10450.  12.2  18.5   1.330   3.3   0.0
   1 1991 142 23200.   5.1  17.3   0.970   2.6   0.0
   1 1991 143 21890.   3.3  13.9   0.770   2.9   0.0
   1 1991 144 25200.   3.7  14.6   0.780   2.1   0.0
   1 1991 145 17260.   4.0  16.0   0.970   2.1   0.0
   1 1991 146 11210.   8.6  14.5   1.020   2.0   0.1
   1 1991 147  8300.   9.0  13.6   1.080   1.6   0.2
   1 1991 148 14190.   6.5  14.6   1.020   1.2   0.0
   1 1991 149 22010.   5.6  18.4   1.080   2.1   0.0
   1 1991 150 23860.   5.3  22.7   1.160   1.7   0.0
   1 1991 151 21110.   8.2  15.6   1.050   2.3   0.0
   1 1991 152 19270.   2.0  14.0   0.790   2.5   0.0
   1 1991 153 24130.   0.4  15.9   0.770   1.3   0.0
   1 1991 154  6260.   3.5  11.4   0.930   2.7   5.6
   1 1991 155 16170.   3.3  12.4   0.820   3.8   4.0
   1 1991 156 20260.   3.0  15.0   0.810   2.2   1.1
   1 1991 157 10840.   8.6  14.8   1.030   2.4   0.0
   1 1991 158 10450.   7.8  17.2   1.310   1.7   5.3
   1 1991 159 12750.   9.5  15.6   1.140   1.8   0.1
   1 1991 160  8480.  11.6  17.5   1.310   3.4   1.0
   1 1991 161 10250.  11.5  16.9   1.230   5.1   2.6
   1 1991 162 18240.  10.6  17.0   1.050   4.0   0.0
   1 1991 163  8490.  12.2  16.6   1.360   4.7   7.2
   1 1991 164 15470.  10.3  16.8   1.040   6.1   2.8
   1 1991 165 16290.  10.5  17.6   1.070   5.0   0.2
   1 1991 166  2850.   9.6  14.5   1.220   4.1  26.6
   1 1991 167 13170.   7.0  15.2   1.080   3.5   1.2
   1 1991 168 23330.   2.8  17.7   0.980   1.2   0.0
   1 1991 169 12710.   9.6  14.7   1.120   2.2   7.9
   1 1991 170  7200.   9.5  12.9   1.140   3.9   4.1
   1 1991 171  8110.   9.4  14.5   1.200   1.4   0.1
   1 1991 172 19530.   6.1  20.6   1.360   2.7   9.4
   1 1991 173 17400.  11.1  20.6   1.360   2.6   1.4
   1 1991 174 15670.  11.5  18.2   1.350   3.2   2.3
   1 1991 175 11950.  14.0  18.3   1.470   3.4   0.9
   1 1991 176  6360.  14.1  20.6   1.700   3.4   3.4
   1 1991 177 14880.  12.1  18.3   1.330   5.0   7.4
   1 1991 178  3890.  11.0  13.5   1.300   2.3  37.8
   1 1991 179 12690.   8.4  15.0   1.100   3.3   0.7
   1 1991 180  9920.   8.7  16.0   1.080   2.8   0.0
   1 1991 181 11220.   8.7  18.4   1.410   3.2   0.5
   1 1991 182  8290.  15.1  18.4   1.630   2.0   3.9
   1 1991 183 24950.  13.4  27.7   1.770   2.6   0.1
   1 1991 184 26550.  14.5  28.6   1.620   2.4   0.0
   1 1991 185 28290.  17.2  26.6   1.510   4.3   0.0
   1 1991 186 26120.  17.3  28.8   1.890   4.6   0.0
   1 1991 187 21880.  18.2  30.2   1.960   3.0   0.0
   1 1991 188 25810.  16.0  30.8   1.900   1.6   0.0
   1 1991 189 19850.  17.7  24.9   1.900   3.0   3.9
   1 1991 190 11600.  11.7  19.7   1.410   3.6   1.6
   1 1991 191 26610.  10.1  24.6   1.300   2.4   0.0
   1 1991 192 25380.  17.6  32.3   1.830   3.1   0.6
   1 1991 193 23220.  15.9  21.7   1.580   3.9   0.0
   1 1991 194  8960.  15.0  19.7   1.650   3.7   2.1
   1 1991 195 19690.  12.3  21.9   1.480   3.0   9.8
   1 1991 196  5720.  13.2  17.3   1.500   4.1   0.4
   1 1991 197 11250.  13.7  18.8   1.500   3.5   0.1
   1 1991 198 22640.  12.7  21.3   1.340   2.8   0.0
   1 1991 199  5740.  11.0  17.3   1.510   3.1   3.4
   1 1991 200  6010.  14.5  17.7   1.540   3.9   0.1
   1 1991 201 12650.  13.8  19.6   1.530   3.0   3.5
   1 1991 202 18530.  10.8  21.1   1.410   1.2   2.3
   1 1991 203 25740.   7.5  23.6   1.230   1.3   0.0
   1 1991 204 25340.  10.5  27.5   1.480   1.8   0.0
   1 1991 205 11420.  12.9  21.4   1.570   2.9   6.9
   1 1991 206 13430.  11.4  20.3   1.410   1.8   0.0
   1 1991 207 17620.  10.5  21.4   1.440   1.4   0.0
   1 1991 208 20590.  11.9  22.8   1.450   1.0   0.0
   1 1991 209 25820.   9.8  26.5   1.370   2.3   0.0
   1 1991 210 24810.  17.5  27.1   1.440   3.6   0.0
   1 1991 211 23030.  17.2  29.0   1.500   3.2   0.0
   1 1991 212  7530.  11.5  21.6   1.650   1.5   2.4
   1 1991 213 18600.   9.6  23.3   1.430   0.1   0.0
   1 1991 214 21280.   9.9  25.3   1.530   0.1   0.0
   1 1991 215 18610.  13.2  24.9   1.560   0.1   0.0
   1 1991 216 19160.  11.0  25.5   1.670   0.1   0.0
   1 1991 217 16580.  12.5  25.3   1.730   0.4   0.0
   1 1991 218 20470.  17.3  30.8   1.820   2.1   0.0
   1 1991 219 19620.  17.5  24.9   1.810   1.9   0.0
   1 1991 220 11810.  11.0  21.6   1.460   1.7   0.0
   1 1991 221 21790.   7.1  23.1   1.260   2.2   0.1
   1 1991 222  6390.  17.7  22.5   1.910   3.2   0.0
   1 1991 223  6400.  16.7  21.7   1.870   3.6   3.0
   1 1991 224 23380.   9.2  21.7   1.290   2.4   0.0
   1 1991 225  8380.   9.5  20.7   1.290   1.2   0.0
   1 1991 226 19110.  11.6  23.2   1.350   1.2   0.0
   1 1991 227 20910.   9.5  25.5   1.360   1.3   0.0
   1 1991 228 15960.  11.6  23.1   1.490   2.8   0.0
   1 1991 229 10980.  12.2  20.9   1.450   3.6   1.2
   1 1991 230 15280.  10.4  19.3   1.200   2.5   0.8
   1 1991 231 14380.   9.5  20.9   1.230   2.3   0.0
   1 1991 232 14200.   9.4  22.0   1.410   2.7   0.4
   1 1991 233 20840.   7.9  25.8   1.400   1.6   0.0
   1 1991 234 16300.  16.9  29.7   1.640   3.1   0.0
   1 1991 235 19050.  13.5  23.3   1.390   3.6   0.8
   1 1991 236 16410.   9.8  22.4   1.370   3.3   0.0
   1 1991 237 13440.  10.0  23.3   1.370   1.1   0.0
   1 1991 238 17510.   8.5  22.7   1.250   1.2   0.1
   1 1991 239 16580.  11.8  22.7   1.320   1.6   0.0
   1 1991 240 12690.   8.9  21.3   1.250   1.9   0.0
   1 1991 241 20200.   5.4  23.2   1.030   2.3   0.0
   1 1991 242 20650.   7.5  24.5   1.160   2.2   0.0
   1 1991 243 20670.   9.5  26.5   1.180   2.9   0.0
   1 1991 244 19750.  16.3  28.1   1.280   3.7   0.0
   1 1991 245 16480.  12.9  29.1   1.660   1.3   0.0
   1 1991 246 18900.  10.2  28.8   1.240   1.5   0.0
   1 1991 247 15970.   9.5  28.5   1.360   1.6   0.0
   1 1991 248  8900.   9.8  21.8   1.550   1.6   0.1
   1 1991 249  7960.   8.0  17.4   1.100   1.5   0.0
   1 1991 250  7270.  12.3  18.2   1.330   1.8   0.0
   1 1991 251 11710.   7.8  20.4   1.270   1.4   0.0
   1 1991 252 11600.   6.5  20.3   1.170   1.0   0.0
   1 1991 253 15500.   5.1  24.2   1.210   1.3   0.4
   1 1991 254  4630.   4.7  17.0   1.200   1.2   0.0
   1 1991 255 12970.   0.7  19.4   0.870   1.2   0.0
   1 1991 256 17750.   2.9  21.6   0.830   1.3   0.0
   1 1991 257 16270.   4.5  24.0   1.020   1.4   0.0
   1 1991 258  3730.  12.0  19.5   1.690   2.3   6.0
   1 1991 259  4990.   9.4  18.3   1.540   2.7  11.5
   1 1991 260 10560.  12.9  19.2   1.350   3.5   0.0
   1 1991 261  7560.  12.7  19.6   1.490   2.8   0.0
   1 1991 262 12290.   6.5  18.8   1.150   1.0   0.0
   1 1991 263  9710.   5.2  18.7   0.960   0.7   0.0
   1 1991 264 14120.   2.6  22.9   1.160   1.9   0.0
   1 1991 265  6530.  12.0  18.4   1.350   3.9   2.8
   1 1991 266  5350.  12.1  18.4   1.320   5.0   1.2
   1 1991 267  7040.  16.6  20.9   1.480   5.6   0.0
   1 1991 268  1840.  14.4  17.6   1.670   1.2  24.2
   1 1991 269  4060.  12.5  16.6   1.490   1.4   0.1
   1 1991 270  2030.  10.2  12.7   1.230   1.4  20.5
   1 1991 271  9790.   7.7  15.9   1.140   3.8   0.4
   1 1991 272  4230.  11.9  17.0   1.340   2.3   3.4
   1 1991 273  4110.   7.8  14.2   1.200   3.3   8.1
   1 1991 274  4980.   6.8  14.7   1.030   4.8   4.7
   1 1991 275 10250.   8.1  15.8   1.050   4.2   1.4
   1 1991 276  9490.   8.3  18.5   1.210   3.6   0.9
   1 1991 277 11000.   8.9  17.2   1.120   1.2   0.0
   1 1991 278  9510.   5.2  18.2   1.250   1.2   0.0
   1 1991 279  6090.   3.8  14.9   1.040   1.7   0.9
   1 1991 280  3940.   2.7  15.0   1.130   0.9   0.0
   1 1991 281  8020.  12.1  19.6   1.390   1.8   0.0
   1 1991 282  7460.   6.2  18.4   1.310   1.7   0.0
   1 1991 283 10140.   8.3  20.9   1.340   2.7   0.0
   1 1991 284 10170.  13.1  19.8   1.220   5.0   0.0
   1 1991 285  2590.  10.2  15.8   1.320   2.1  17.1
   1 1991 286  1660.  11.2  14.2   1.320   2.1   2.6
   1 1991 287  8560.   8.5  17.0   1.220   1.3   0.0
   1 1991 288  5610.   7.8  16.4   1.250   0.8   0.0
   1 1991 289  4410.  10.9  14.9   1.290   5.5   1.0
   1 1991 290  5250.   6.2  14.0   0.790   6.8   3.0
   1 1991 291  6170.   5.7  11.5   0.920   5.8  14.7
   1 1991 292  7200.   4.8  10.5   0.800   3.4   1.9
   1 1991 293  5970.   0.0  10.3   0.760   1.8   0.2
   1 1991 294  7820.  -2.5  10.6   0.680   1.0   0.0
   1 1991 295  5750.  -0.8  12.5   0.850   1.1   0.0
   1 1991 296  3450.   8.4  11.8   1.030   1.8   0.3
   1 1991 297  2680.   8.4  12.0   1.080   1.3   0.0
   1 1991 298  3120.   8.8  11.6   1.060   1.8   0.1
   1 1991 299  8330.   3.6  10.3   0.730   3.9   0.0
   1 1991 300  8170.   1.5  10.0   0.590   3.8   0.0
   1 1991 301  5150.   3.3   9.9   0.650   3.7   0.0
   1 1991 302  6130.   3.6  10.3   0.610   3.7   0.0
   1 1991 303  5090.   1.9   8.7   0.650   3.8   0.0
   1 1991 304  5970.   3.8  11.4   0.820   3.8   0.0
   1 1991 305  4350.   5.6  12.5   0.940   4.6   4.7
   1 1991 306  5490.  11.0  14.5   1.140   5.7   0.8
   1 1991 307  1220.   5.6  12.2   0.970   6.1   9.2
   1 1991 308  1930.   4.6   8.6   0.830   5.1  17.0
   1 1991 309  3290.   1.8   9.7   0.820   2.3   2.6
   1 1991 310  3930.   2.0   8.1   0.770   4.1   2.3
   1 1991 311   580.   7.8  12.4   1.190   7.7  17.1
   1 1991 312  1000.   6.5  11.9   1.080   5.6  12.3
   1 1991 313  3600.   2.4   6.9   0.750   2.9   8.4
   1 1991 314  4930.   2.0   8.0   0.740   4.0   0.4
   1 1991 315   620.   4.3   8.1   0.890   5.2   9.7
   1 1991 316  4390.   1.8  10.8   0.850   4.3   8.2
   1 1991 317  4120.   4.6  10.2   0.760   5.3   1.4
   1 1991 318  1240.   1.9   7.1   0.760   3.6   1.3
   1 1991 319  2780.   1.0   7.6   0.740   2.6   2.7
   1 1991 320  2940.  -2.3   2.9   0.600   1.2   0.0
   1 1991 321  2220.  -1.0   4.2   0.650   2.3   0.0
   1 1991 322   690.   4.0   8.1   0.860   3.3   3.9
   1 1991 323   930.   2.0   7.2   0.810   4.2   7.7
   1 1991 324   900.   0.8   3.5   0.640   3.8   2.4
   1 1991 325  1880.  -1.3   0.9   0.550   1.9   0.0
   1 1991 326  1220.  -0.7   4.6   0.670   2.5   0.0
   1 1991 327  1580.   4.6   5.9   0.660   1.8   0.0
   1 1991 328  1510.  -1.1   6.0   0.700   1.7   0.0
   1 1991 329   680.  -0.2   2.1   0.500   3.0   0.0
   1 1991 330  1580.   0.5   6.5   0.520   2.5   0.0
   1 1991 331  2170.   3.4   8.4   0.760   1.6   0.0
   1 1991 332  3530.   2.3   8.5   0.790   2.0   0.0
   1 1991 333  3450.   1.5   6.5   0.720   2.8   0.0
   1 1991 334  4150.  -0.7  10.2   0.680   3.2   0.0
   1 1991 335  1610.  -0.8   4.3   0.670   1.2   0.0
   1 1991 336   590.   0.1   3.8   0.630   2.2   0.0
   1 1991 337   610.  -0.8   0.9   0.560   1.3   0.0
   1 1991 338   410.   0.7   6.1   0.690   1.2   0.0
   1 1991 339  3890.  -3.1   6.2   0.630   1.8   0.0
   1 1991 340  4180.  -5.3   3.5   0.500   1.0   0.0
   1 1991 341   690.   1.1   4.2   0.680   0.7   0.0
   1 1991 342  1940.  -1.2   5.9   0.650   0.6   0.0
   1 1991 343  3520.  -1.3   4.3   0.590   2.5   0.0
   1 1991 344  3470.  -4.2  -0.4   0.280   3.9   0.0
   1 1991 345  3310.  -2.2   1.6   0.420   3.5   0.0
   1 1991 346  2490.  -3.3   3.1   0.500   1.9   0.0
   1 1991 347  2750.  -3.5   2.3   0.500   2.2   0.0
   1 1991 348  3520.  -2.8   5.8   0.470   1.7   0.0
   1 1991 349  3570.  -3.2   1.8   0.460   2.2   0.0
   1 1991 350   740.  -1.2   4.0   0.630   2.2   0.9
   1 1991 351   530.   3.0   8.3   0.860   3.6   7.3
   1 1991 352  1970.   3.9   8.8   0.750   5.6   8.2
   1 1991 353   140.   4.9  11.1   1.000   7.6  20.6
   1 1991 354  1520.   2.4   6.2   0.620   5.7   3.1
   1 1991 355   490.   2.4  12.1   0.920   5.0  14.6
   1 1991 356   620.   9.5  12.6   1.170   6.0   8.9
   1 1991 357   520.   5.9  12.2   1.000   8.3   3.2
   1 1991 358  1900.   2.3   7.8   0.700   3.3   1.0
   1 1991 359  2360.   0.8   6.0   0.700   2.3   0.0
   1 1991 360   420.   3.9   9.0   0.830   6.2   1.0
   1 1991 361  1860.   4.8   7.5   0.730   2.9   0.0
   1 1991 362  2230.   3.8   7.8   0.800   1.8   0.0
   1 1991 363   370.   4.8   5.7   0.830   2.6   0.5
   1 1991 364  1070.   5.1   7.0   0.850   0.6   0.1
   1 1991 365   410.   3.7   5.6   0.740   2.5   0.0

