*---------------------------------------------------------------------------*
* Station name: Wageningen (Haarweg), Netherlands
* Year: 1954
* Author: Peter Uithol                                     -99.000: NIL VALUE
* Source: Natuur- en Weerkunde via Nel van Keulen
* Comments: Humidity measured in mBar at 14.00 h.,
*           wind speed in Beaufort at 14.00 h.
* Longitude: 5 40 E, latitude: 51 58 N, altitude: 7 m.
*
* Column  Daily value
* 1       station number
* 2       year
* 3       day
* 4       irradiation                   (kJ m-2 d-1)
* 5       minimum temperature           (degrees Celsius)
* 6       maximum temperature           (degrees Celsius)
* 7       early morning vapour pressure (kPa)
* 8       mean wind speed (height: 2m)  (m s-1)
* 9       precipitation                 (mm d-1)
*---------------------------------------------------------------------------*
   5.67  51.97     7. 0.00 0.00
   1 1954   1  2303.  -3.0   2.8   0.600   1.2   0.4
   1 1954   2  4354.  -6.8   1.2   0.640   1.2   0.2
   1 1954   3  2386.  -3.8   4.0   0.600   2.5   2.2
   1 1954   4  1340.  -1.1   1.2   0.570   2.5   2.1
   1 1954   5  3684.  -2.8   0.8   0.550   6.3   0.2
   1 1954   6  3182.  -8.9  -2.8   0.350   1.2   0.0
   1 1954   7  1298.  -7.9  -0.4   0.550   1.2   0.0
   1 1954   8  5192.  -7.4   1.7   0.520   1.2   0.0
   1 1954   9   377.  -0.8   3.8   0.740   4.3   0.2
   1 1954  10  2973.  -0.3   4.8   0.690   4.3   8.1
   1 1954  11  1172.   4.4   8.0   0.920   6.3   5.3
   1 1954  12   879.   5.1   7.1   0.890   2.5   1.9
   1 1954  13   670.   4.0   6.7   0.890   8.6   1.3
   1 1954  14  2386.   1.2   5.8   0.730   8.6  11.6
   1 1954  15   670.   4.6  12.1   1.250  11.1   1.8
   1 1954  16  2428.   5.6  10.5   0.610  13.8   0.5
   1 1954  17  2763.   2.3   7.1   0.680  11.1   0.0
   1 1954  18  4354.   1.2   7.7   0.770   1.2   0.2
   1 1954  19  1968.   2.4   4.4   0.630   4.3   0.0
   1 1954  20   377.   3.5   9.3   0.980   4.3   5.4
   1 1954  21  1758.   1.7   7.5   0.800   2.5  10.6
   1 1954  22  2973.  -1.8   3.2   0.570   1.2   0.0
   1 1954  23  5024.  -1.2   1.0   0.430   4.3   0.0
   1 1954  24  4689.  -6.2  -0.2   0.430   2.5   0.0
   1 1954  25  4773.  -7.1  -1.3   0.400   4.3   0.0
   1 1954  26  4731.  -7.2  -3.6   0.410   8.6   0.0
   1 1954  27  5903. -10.5  -3.4   0.250   6.3   0.0
   1 1954  28  3308. -10.3  -5.1   0.270   4.3   0.0
   1 1954  29  4815.  -8.7  -0.7   0.410   6.3   0.0
   1 1954  30  6113. -10.0  -2.3   0.270   2.5   0.0
   1 1954  31  6741. -12.5  -4.7   0.350   8.6   0.0
   1 1954  32  6406. -13.8  -6.3   0.290   6.3   0.0
   1 1954  33  6071. -12.9  -5.0   0.320   6.3   0.0
   1 1954  34  7243. -11.0  -1.4   0.490   4.3   0.0
   1 1954  35  7704. -10.3  -1.4   0.470   4.3   0.1
   1 1954  36  6908. -10.0  -0.2   0.570   2.5   0.0
   1 1954  37  5275.  -7.9  -0.3   0.560   2.5   0.0
   1 1954  38  3433. -10.0  -3.9   0.650   6.3   0.0
   1 1954  39  2680.  -2.4   1.8   0.600   4.3   0.2
   1 1954  40  5945.  -1.7   1.3   0.550   1.2   8.8
   1 1954  41  1675.   0.4   1.2   0.550   2.5   1.5
   1 1954  42  2303.   1.1   4.9   0.810   1.2   5.2
   1 1954  43  2010.   0.5   2.8   0.690   1.2   1.0
   1 1954  44  2638.   2.2   8.0   0.850   1.2   0.7
   1 1954  45  1507.   2.8   6.2   0.810   0.1   2.7
   1 1954  46   167.   0.3   4.2   0.590   1.2   0.3
   1 1954  47  1130.  -1.0   1.6   0.520   1.2   0.1
   1 1954  48  4480.  -2.2   0.4   0.450   0.1   0.0
   1 1954  49  3349.  -1.1   2.7   0.530   2.5   0.0
   1 1954  50  2010.  -0.8   1.4   0.560   2.5   4.8
   1 1954  51  5150.  -0.6   3.1   0.570   1.2   3.0
   1 1954  52  7662.  -3.8   4.1   0.650   1.2   0.0
   1 1954  53  2386.  -2.0   4.6   0.760   1.2   0.0
   1 1954  54  3224.   2.6   7.4   0.820   2.5   0.1
   1 1954  55  3936.   1.7   8.3   0.850   4.3   3.1
   1 1954  56  3140.   2.3   7.8   0.930   6.3   0.8
   1 1954  57  3726.   2.5   7.3   0.730   8.6   4.5
   1 1954  58  1842.   1.2   5.0   0.770   4.3   5.8
   1 1954  59  4899.  -1.4   6.2   0.740   2.5   1.3
   1 1954  60  3098.  -2.0   2.1   0.590   6.3   0.4
   1 1954  61  2805.  -3.1   1.7   0.640   4.3   4.8
   1 1954  62  2805.   0.2   6.5   0.780   4.3   1.7
   1 1954  63  4145.   2.6   7.5   0.690   4.3   4.5
   1 1954  64  3014.   0.6   4.5   0.700   4.3   0.1
   1 1954  65  5652.   0.8   6.1   0.800   4.3   1.7
   1 1954  66  2386.   4.3   8.4   0.920  13.8   0.8
   1 1954  67  4354.   6.3  10.2   1.010   2.5   9.1
   1 1954  68  6364.   6.3  15.2   0.920   1.2   0.4
   1 1954  69  5987.   5.8  14.6   1.040   1.2   0.0
   1 1954  70  8625.  -0.4  13.7   0.930   2.5   0.1
   1 1954  71 12016.   2.6  12.4   0.650   4.3   0.0
   1 1954  72 10216.   1.9   7.3   0.670   4.3   0.0
   1 1954  73  5359.   1.9   5.4   0.670   6.3   0.0
   1 1954  74  1884.   1.3   3.4   0.640   2.5   0.0
   1 1954  75  3977.  -0.4   4.8   0.650   2.5   0.3
   1 1954  76  8625.   3.1   8.2   0.710   2.5   0.0
   1 1954  77 11765.  -2.1  13.9   0.760   1.2   0.0
   1 1954  78  4564.   2.2  12.8   1.200   0.1   0.0
   1 1954  79  5317.   7.6  13.2   1.140   4.3   0.2
   1 1954  80  9420.   6.8  15.4   0.960   4.3   0.0
   1 1954  81  9881.   6.2  18.1   0.920   4.3   0.0
   1 1954  82 10551.   9.6  17.1   0.970   4.3   0.0
   1 1954  83  3894.   7.0  13.6   0.980   4.3   0.2
   1 1954  84  3517.   3.2   9.3   0.770   2.5   0.1
   1 1954  85  3643.   6.3   8.9   0.850  11.1   6.1
   1 1954  86 11932.   3.3  11.5   0.740   1.2   0.2
   1 1954  87 10593.   0.6  12.6   0.610   1.2   0.0
   1 1954  88  6322.   6.9  12.3   1.000   4.3   4.5
   1 1954  89  9002.   7.4  14.0   0.820   8.6   0.2
   1 1954  90  3852.   6.3  11.0   0.940   6.3   0.9
   1 1954  91  5317.   4.9   8.4   0.770   6.3   3.5
   1 1954  92  5317.   2.8  10.1   1.100   4.3   2.3
   1 1954  93  6029.   8.1  13.3   1.140   6.3   7.2
   1 1954  94  3517.   7.4  11.4   1.180   6.3   4.4
   1 1954  95 15952.   3.4  10.7   0.610   4.3   4.7
   1 1954  96 17417.   0.8   9.9   0.680   2.5   0.0
   1 1954  97  7997.  -1.7   8.8   0.720   4.3   0.0
   1 1954  98 20180.  -3.2  12.3   0.550   2.5   0.0
   1 1954  99 19301.   1.0  14.0   0.480   4.3   0.0
   1 1954 100 19887.   0.8  10.3   0.480   4.3   0.0
   1 1954 101 20055.   0.1  12.6   0.330   4.3   0.0
   1 1954 102  5359.  -1.0  11.3   0.760   4.3   0.0
   1 1954 103 13900.   3.4  12.2   0.690   4.3   0.0
   1 1954 104 11179.   3.1  11.9   0.780   6.3   0.0
   1 1954 105 13188.   6.9  10.3   0.980  11.1   1.5
   1 1954 106 18589.   2.9   8.5   0.760   6.3   1.1
   1 1954 107 13984.  -1.0  11.3   0.600   4.3   1.0
   1 1954 108 11388.  -2.4   8.5   0.810   4.3   0.0
   1 1954 109 12728.   1.0   9.6   0.650   2.5   1.1
   1 1954 110 11974.   1.7  11.2   0.630   2.5   0.7
   1 1954 111 15072.   6.3  16.9   0.900   2.5   0.0
   1 1954 112 20725.   1.1  10.8   0.780   2.5   0.0
   1 1954 113 17040.   3.9  14.5   0.900   1.2   0.0
   1 1954 114 22441.   0.9  12.5   0.920   0.1   0.0
   1 1954 115 22023.  -0.2  16.7   1.020   2.5   0.0
   1 1954 116 22944.   2.9  15.7   0.550   4.3   0.0
   1 1954 117 16957.   1.8  11.4   0.760   4.3   0.0
   1 1954 118 18589.  -1.0  14.0   0.550   2.5   0.0
   1 1954 119 19929.  -1.3  12.2   0.840   4.3   0.0
   1 1954 120 22734.  -1.5  17.4   0.800   1.2   0.0
   1 1954 121 16203.   2.9  19.1   0.520   4.3   0.0
   1 1954 122  7746.   7.5  13.2   0.780   6.3   0.2
   1 1954 123  4480.   5.1  11.0   0.810   6.3   3.8
   1 1954 124 15784.   4.9  14.3   0.890   2.5   4.3
   1 1954 125 10425.   4.6  14.2   0.920   4.3   0.2
   1 1954 126 15407.   7.1  14.3   0.550   6.3   0.5
   1 1954 127 17375.   4.5  14.9   0.650   4.3   0.4
   1 1954 128 22776.   2.8  17.1   0.610   1.2   0.0
   1 1954 129 21646.   7.0  23.2   1.120   2.5   0.0
   1 1954 130 20976.  14.5  27.7   0.930   1.2   0.0
   1 1954 131 21604.  15.8  28.4   1.120   2.5   0.0
   1 1954 132 19720.  12.6  27.5   1.180   2.5   0.0
   1 1954 133 23865.  13.1  24.3   0.730   4.3   0.3
   1 1954 134 23530.   8.1  21.5   0.410   4.3   0.0
   1 1954 135 22064.   6.1  19.0   0.970   4.3   0.0
   1 1954 136 21646.   7.2  16.8   0.960   2.5   0.0
   1 1954 137  8960.   7.3  13.8   0.860   8.6   0.0
   1 1954 138 12225.   2.4  12.9   0.760   8.6   0.0
   1 1954 139 14110.   6.4  12.2   0.810   6.3   0.3
   1 1954 140  9295.   7.0  12.8   1.000   6.3   2.5
   1 1954 141 16663.   5.8  14.2   0.720   6.3   0.7
   1 1954 142  7453.   6.5  11.0   0.970   2.5   2.0
   1 1954 143 17166.   5.9  16.3   0.770   1.2   2.0
   1 1954 144 19887.   4.9  18.1   0.970   2.5   1.7
   1 1954 145 23488.   8.7  23.2   0.850   2.5   0.0
   1 1954 146 24618.  13.2  28.2   1.000   1.2   0.0
   1 1954 147 22190.  11.2  28.7   1.010   4.3   0.0
   1 1954 148 22023.  16.4  28.2   0.970   4.3   0.0
   1 1954 149  3559.  11.8  23.8   1.360   1.2   0.0
   1 1954 150  4229.  10.5  15.2   1.250   0.1  16.5
   1 1954 151  4187.  11.2  14.0   1.240   1.2   0.1
   1 1954 152  5610.   9.2  17.0   1.500   1.2   6.1
   1 1954 153  9965.  11.1  19.0   1.410   1.2   7.4
   1 1954 154 15282.   9.1  21.3   1.600   2.5   0.1
   1 1954 155 24660.  11.6  23.9   0.970   4.3   3.6
   1 1954 156 21311.  12.8  24.6   1.210   4.3   0.0
   1 1954 157  7536.  14.6  18.6   1.490   1.2  11.0
   1 1954 158 21688.   8.2  19.0   1.120   4.3   2.4
   1 1954 159 10300.  12.6  23.0   1.370   4.3   0.0
   1 1954 160 16873.  13.1  19.1   1.300   4.3   4.4
   1 1954 161 19134.  13.0  18.5   1.220   6.3   1.3
   1 1954 162 13105.  10.0  19.1   1.220   4.3   1.9
   1 1954 163 17250.   7.3  19.5   1.140   0.1   0.3
   1 1954 164 14821.  13.3  20.2   1.340   4.3  19.6
   1 1954 165 12225.  12.3  16.2   1.050   6.3  26.4
   1 1954 166 26126.   5.3  19.3   1.170   4.3   0.0
   1 1954 167 15617.   9.9  20.2   1.480   2.5   0.0
   1 1954 168 14193.  12.7  21.0   1.500   1.2   0.3
   1 1954 169 16119.  14.8  23.1   1.700   1.2   0.0
   1 1954 170 23990.  16.3  29.0   1.720   1.2   0.0
   1 1954 171 18296.  16.4  28.3   2.000   1.2   0.0
   1 1954 172  9881.  13.6  21.7   1.620   2.5   2.6
   1 1954 173  7159.  13.4  20.0   1.620   1.2   2.0
   1 1954 174 14696.  10.0  19.3   1.450   2.5   0.0
   1 1954 175 24242.  11.0  22.1   1.300   4.3   0.0
   1 1954 176  3936.  12.1  20.0   1.400   4.3   0.0
   1 1954 177 13858.  14.1  19.8   1.370   6.3  10.2
   1 1954 178 21981.  10.2  16.7   0.960   4.3   3.1
   1 1954 179  5401.   9.4  14.1   1.330   2.5   0.1
   1 1954 180 11681.  10.9  15.3   1.170   1.2   3.7
   1 1954 181 20599.   7.9  18.2   1.170   0.1   0.0
   1 1954 182 23823.   8.8  20.0   0.940   1.2   0.0
   1 1954 183 12058.  13.2  19.3   1.330   2.5   0.2
   1 1954 184  7913.  12.2  17.3   1.170   2.5   0.3
   1 1954 185 19804.  11.7  18.3   1.210   2.5   0.0
   1 1954 186 15575.   8.4  17.2   1.280   4.3   4.2
   1 1954 187 14403.  10.1  15.7   1.140   4.3   5.9
   1 1954 188 16077.   6.8  16.7   1.330   1.2   3.9
   1 1954 189 22358.   6.2  20.6   1.260   1.2   0.4
   1 1954 190 22902.   8.8  22.2   1.370   1.2   0.0
   1 1954 191 24535.   9.2  22.6   1.540   1.2   0.0
   1 1954 192  9504.  14.8  22.0   1.700   4.3   0.0
   1 1954 193  6573.  13.8  19.0   1.540   2.5   0.0
   1 1954 194  3768.  12.7  16.4   1.420   2.5   3.7
   1 1954 195  4605.  10.2  16.5   1.740   4.3   0.9
   1 1954 196 12435.  11.0  16.4   1.360   4.3   7.3
   1 1954 197 12728.   9.1  18.4   1.380   4.3   0.2
   1 1954 198  6741.  12.4  16.1   1.650   6.3   3.3
   1 1954 199  9295.  12.3  17.8   1.480   6.3  46.9
   1 1954 200  9043.  13.3  16.1   1.360   4.3   9.6
   1 1954 201 23948.   7.8  21.3   1.380   6.3   2.7
   1 1954 202 18757.  12.4  21.7   1.300   2.5   0.1
   1 1954 203 17250.  10.3  17.3   1.170   2.5   0.1
   1 1954 204 14235.  10.3  18.5   1.240   2.5   0.0
   1 1954 205  3517.  13.7  18.0   1.780   4.3   3.0
   1 1954 206  4899.  15.7  19.3   1.810   4.3   0.9
   1 1954 207  7620.  14.8  20.5   1.690   4.3  43.3
   1 1954 208 19594.  13.4  19.3   1.250   8.6   7.3
   1 1954 209  9504.  10.7  18.0   1.320   4.3   0.3
   1 1954 210 13523.  12.4  18.9   1.380   6.3  14.3
   1 1954 211  7955.  12.7  16.1   1.360   4.3   4.9
   1 1954 212  8039.  11.3  17.5   1.250   2.5   0.5
   1 1954 213 15031.  11.7  21.0   1.420   2.5   0.5
   1 1954 214 20390.  14.4  25.5   1.890   4.3   0.0
   1 1954 215 18966.  14.2  28.5   2.050   0.1   0.0
   1 1954 216 17124.  17.1  25.2   2.250   1.2   0.0
   1 1954 217 15198.  13.8  23.4   2.090   1.2   0.0
   1 1954 218 10928.  18.2  23.7   1.920   1.2   0.0
   1 1954 219 12895.  13.6  20.6   1.250   4.3   4.6
   1 1954 220  9127.  13.5  16.6   1.410   2.5   1.2
   1 1954 221 13858.  11.3  19.9   1.530   1.2   2.7
   1 1954 222  9797.  12.9  17.0   1.540   2.5   2.4
   1 1954 223 12644.  12.2  18.1   1.340   4.3  11.4
   1 1954 224  4187.  10.0  17.0   1.570   2.5   0.1
   1 1954 225 14654.  14.5  20.9   1.540   1.2  11.4
   1 1954 226 11765.  10.9  20.7   1.330   0.1   1.9
   1 1954 227 12979.  11.6  18.0   1.250   1.2  15.0
   1 1954 228 16203.   9.6  18.8   1.380   2.5   0.0
   1 1954 229 22441.  10.1  21.5   1.240   2.5   1.6
   1 1954 230 11430.  15.1  19.4   1.480   4.3   1.6
   1 1954 231  4564.  12.3  17.8   1.540   4.3   0.0
   1 1954 232 10132.  12.4  19.8   1.420   2.5   2.9
   1 1954 233  5694.   9.6  18.1   1.380   1.2   0.0
   1 1954 234  5694.  13.7  17.0   1.420   4.3   0.0
   1 1954 235  4396.  12.2  15.8   1.440   4.3   0.3
   1 1954 236  1842.  11.1  14.1   1.330   6.3  23.0
   1 1954 237  7578.  11.8  18.6   1.760   2.5  32.4
   1 1954 238 20599.  10.7  24.3   1.400   2.5   0.4
   1 1954 239 18380.  10.1  24.8   1.690   1.2   0.0
   1 1954 240 15282.  10.8  19.2   1.760   2.5   0.0
   1 1954 241 13188.  10.1  20.7   1.410   4.3   1.2
   1 1954 242  7746.  14.6  19.4   1.570   4.3   0.0
   1 1954 243  7076.  15.1  22.2   2.020   2.5   0.0
   1 1954 244 18045.  11.6  27.6   1.490   1.2   0.0
   1 1954 245 11639.  15.4  22.8   2.060   1.2   0.0
   1 1954 246 12853.  14.3  24.6   1.810   1.2   0.0
   1 1954 247 11681.  13.1  24.8   2.070   1.2   0.0
   1 1954 248  4229.  13.1  17.7   1.680   0.1  16.0
   1 1954 249  9504.  14.1  20.0   1.560   2.5   8.5
   1 1954 250  6406.  15.3  20.4   2.060   2.5   0.0
   1 1954 251 15701.   9.9  19.8   1.410   2.5   3.5
   1 1954 252  8709.  12.7  20.6   1.600   4.3   0.0
   1 1954 253 12058.  11.4  19.8   1.530   4.3   1.1
   1 1954 254  9420.  13.6  19.6   1.520   4.3   4.2
   1 1954 255 10216.  12.1  17.7   1.400   4.3   4.5
   1 1954 256 11053.  10.3  18.5   1.300   2.5   0.0
   1 1954 257 11262.  10.0  18.1   1.220   2.5   0.0
   1 1954 258  5778.   8.2  15.2   1.520   4.3   0.0
   1 1954 259  4271.  14.1  18.8   1.840   8.6   0.3
   1 1954 260  9462.  10.1  16.9   1.290   6.3   7.5
   1 1954 261  7118.  11.3  18.3   1.440   1.2   1.4
   1 1954 262  6113.   8.4  15.4   1.370   2.5   0.8
   1 1954 263 11639.  11.1  15.3   0.970   8.6   0.9
   1 1954 264  7746.   9.3  14.4   1.140   1.2   4.9
   1 1954 265  7201.   8.7  15.3   1.170   2.5   5.5
   1 1954 266  9504.   5.9  16.4   1.210   1.2   1.7
   1 1954 267  5317.   7.9  17.4   1.450   8.6   0.0
   1 1954 268  5024.   9.2  15.4   1.450   4.3   5.7
   1 1954 269  3182.   8.2  13.4   1.360   2.5   5.4
   1 1954 270  6908.   8.3  12.3   0.880   1.2   6.6
   1 1954 271  4564.   5.1  13.9   1.260   2.5   0.3
   1 1954 272  6071.   5.7  11.1   0.840   4.3   1.2
   1 1954 273  2680.   3.8  11.4   1.090   6.3   6.7
   1 1954 274  1507.   9.3  15.0   1.360   2.5   6.3
   1 1954 275  3433.  13.3  17.7   1.730   2.5   0.7
   1 1954 276 11514.  10.1  20.3   1.490   4.3   0.1
   1 1954 277  5862.  10.6  16.2   1.210   4.3   0.3
   1 1954 278  1424.   9.3  14.0   1.420   4.3   3.4
   1 1954 279  4187.   9.6  15.7   1.250   8.6  10.7
   1 1954 280  2596.   8.4  11.2   1.040   2.5  15.2
   1 1954 281  5443.   6.9  12.1   1.050   1.2   0.0
   1 1954 282  7829.   7.1  13.1   1.100   1.2   0.3
   1 1954 283  2428.   5.1  10.1   1.050   2.5   0.0
   1 1954 284  7955.   6.0  14.2   1.120   1.2   1.0
   1 1954 285  7034.   5.4  15.0   1.200   2.5   0.0
   1 1954 286  1926.  10.3  14.5   1.450   4.3   0.0
   1 1954 287  4605.  12.0  16.9   1.370   1.2   0.3
   1 1954 288  7453.   9.1  16.7   1.240   4.3   0.0
   1 1954 289  2303.  10.0  15.9   1.500   4.3   0.0
   1 1954 290  1675.  13.2  16.9   1.570   2.5   3.0
   1 1954 291  4396.  13.1  18.7   1.530   2.5   0.0
   1 1954 292  2512.  13.9  16.4   1.360   8.6  10.7
   1 1954 293  5987.  10.2  14.3   1.160   2.5   0.6
   1 1954 294  1717.  10.8  12.8   1.370   2.5   0.4
   1 1954 295  4103.   9.9  13.9   1.220   4.3   1.1
   1 1954 296  4187.   7.7  13.3   1.060   2.5  15.8
   1 1954 297  1842.  10.5  17.3   1.620   8.6   0.0
   1 1954 298  5275.   7.5  11.3   0.930   2.5   4.6
   1 1954 299  7494.   2.9  10.6   0.730   1.2   0.2
   1 1954 300  1633.   3.7  16.4   1.570   6.3   0.3
   1 1954 301  4480.  12.0  16.1   1.410   2.5  11.3
   1 1954 302  2010.   9.4  16.0   1.400   6.3   0.1
   1 1954 303  2763.   8.8  13.8   1.080   4.3   0.9
   1 1954 304  5234.   6.7  12.0   1.090   2.5   0.5
   1 1954 305  4731.   5.8  13.5   1.080   1.2   0.2
   1 1954 306  5192.   4.3  13.8   1.210   1.2   0.0
   1 1954 307  2847.   6.3  11.9   1.040   1.2   0.8
   1 1954 308  4187.   3.3  11.6   1.010   2.5   5.5
   1 1954 309  4982.   4.5  12.5   0.890   2.5   0.1
   1 1954 310  2973.   5.0  15.0   1.300   1.2   0.0
   1 1954 311   419.   6.8  12.7   1.180   1.2   3.7
   1 1954 312  4689.   2.3  10.0   0.850   2.5  21.5
   1 1954 313  4522.   4.3   9.7   0.880   4.3   1.6
   1 1954 314  3433.   0.7   8.0   0.690   2.5   0.3
   1 1954 315  3726.   3.4  11.3   0.840   6.3   5.1
   1 1954 316   837.   8.4  13.5   1.450   4.3   1.0
   1 1954 317  5192.   3.2   9.2   0.770   2.5   4.2
   1 1954 318  3559.   4.6   9.2   0.730   2.5   7.9
   1 1954 319  6071.   2.3   8.0   0.760   4.3   0.4
   1 1954 320  1340.  -0.1   6.6   0.880   1.2   1.0
   1 1954 321  3056.   4.6   8.4   0.890   1.2   5.0
   1 1954 322  3391.   4.0   8.6   0.740   2.5   0.3
   1 1954 323  2638.   2.9   7.0   0.720   1.2   0.0
   1 1954 324  4019.   0.3   5.3   0.680   1.2   0.0
   1 1954 325  3726.  -3.0   1.7   0.510   2.5   0.0
   1 1954 326  2512.  -0.9   4.8   0.650   2.5   0.0
   1 1954 327  1591.   3.3   9.4   0.770   6.3   0.0
   1 1954 328  3349.   5.1   9.2   0.770   4.3   2.5
   1 1954 329  1465.   3.0   8.9   1.010   4.3   0.8
   1 1954 330  2680.   5.8  10.3   0.860   2.5   3.5
   1 1954 331  2763.   7.8  11.0   0.900   6.3   1.5
   1 1954 332  2261.   7.5  11.7   1.180   1.2   3.2
   1 1954 333  2847.   6.1  10.3   0.860   4.3   0.2
   1 1954 334  2093.   8.8  13.4   1.040   4.3   1.8
   1 1954 335  2763.   5.4  10.9   0.920   4.3   0.4
   1 1954 336  1130.   3.5  10.6   0.940   4.3   0.1
   1 1954 337  1507.   8.8  13.1   1.170   4.3   0.5
   1 1954 338  1465.   7.2  13.0   1.240   8.6   0.5
   1 1954 339  2889.   4.2   9.4   0.820   4.3   1.9
   1 1954 340  1842.   1.8   5.7   0.760   4.3   1.6
   1 1954 341  2261.  -1.9   2.9   0.700   0.1   2.4
   1 1954 342  1800.  -1.0   2.7   0.720   6.3   0.1
   1 1954 343  1298.   1.3   8.6   0.840   6.3   3.0
   1 1954 344  2303.   3.1   8.2   0.760   2.5   0.1
   1 1954 345  1842.  -0.4   3.4   0.740   1.2   0.0
   1 1954 346  1717.   0.6   4.9   0.700   4.3   1.8
   1 1954 347  2889.   3.2   7.0   0.800   4.3   3.2
   1 1954 348   670.   3.4   5.4   0.840   1.2   6.6
   1 1954 349  2303.   4.5  11.1   0.890   4.3   2.5
   1 1954 350  1047.  -0.3   4.6   0.770   1.2   0.3
   1 1954 351   419.  -1.7   3.6   0.730   1.2   0.3
   1 1954 352  1047.  -0.5   3.6   0.770   1.2   0.8
   1 1954 353   544.   3.3   7.1   0.890   2.5   0.0
   1 1954 354  1382.   6.6   9.4   1.080   4.3   0.6
   1 1954 355  1172.   3.3   7.7   0.810   8.6   0.9
   1 1954 356  1340.   4.3   9.1   0.850   0.1   7.8
   1 1954 357  1005.   0.6   9.0   0.670  11.1  10.6
   1 1954 358  2931.   1.4   4.8   0.670   1.2  11.9
   1 1954 359   209.   0.6   7.8   0.970   2.5   3.4
   1 1954 360  1298.   6.7   9.8   0.860   8.6   8.0
   1 1954 361  1047.   7.3  10.6   1.080   6.3   0.0
   1 1954 362  1005.   7.8  10.5   1.040   4.3   0.0
   1 1954 363  1005.   7.7   9.8   1.080   1.2   0.0
   1 1954 364   837.   6.2   8.5   1.040  23.3   0.6
   1 1954 365  3224.  -1.0   6.2   0.590   1.2   0.1
