*---------------------------------------------------------*
*   Country: Netherlands
*   Station: Wageningen
*      Year: 2009
*    Source: Meteorology and Air Quality Group,
*            Wageningen University
*            www.met.wau.nl
*    Author: M. Lubbers
* Longitude: 05 40 E
*  Latitude: 51 58 N
* Elevation: 7 m.
*  Comments: Location Haarweg.
*
*  Columns:
*  ========
*  station number
*  year
*  day
*  irradiation (kJ m-2 d-1)
*  minimum temperature (degrees Celsius)
*  maximum temperature (degrees Celsius)
*  vapour pressure (kPa)
*  mean wind speed (m s-1)
*  precipitation (mm d-1)
*---------------------------------------------------------*
   5.67  51.97     7. 0.00 0.00
   1 2009   1   605.  -4.8  -0.2   0.550   1.3   0.0
   1 2009   2  1210.  -8.7   1.8   0.570   1.5   0.2
   1 2009   3  1210. -10.5   0.6   0.450   1.3   0.0
   1 2009   4   605.   0.3   2.8   0.650   3.8   3.2
   1 2009   5  3715.  -5.3   1.0   0.530   3.2   3.2
   1 2009   6  4320. -11.9  -2.6   0.320   1.3   0.0
   1 2009   7  2074.  -8.7   0.5   0.510   1.5   0.3
   1 2009   8  1555.  -8.6  -2.2   0.440   1.6   0.0
   1 2009   9  4147. -11.6  -1.6   0.350   0.6   0.0
   1 2009  10  4147. -10.9  -4.1   0.340   1.6   0.0
   1 2009  11  4061.  -6.5   1.1   0.440   3.0   0.0
   1 2009  12  2765.  -0.9   5.3   0.610   4.6   3.4
   1 2009  13   605.   3.5   4.8   0.830   3.3   5.4
   1 2009  14  1469.  -0.2   5.4   0.790   1.7   0.0
   1 2009  15  4320.   0.2   5.9   0.640   2.6   0.0
   1 2009  16  1987.   0.2   3.3   0.650   3.1   0.0
   1 2009  17   864.   3.0   6.6   0.850   3.9   0.4
   1 2009  18   950.   1.8   7.3   0.850   5.4   2.9
   1 2009  19   691.   1.9   9.0   0.830   5.4   4.7
   1 2009  20  3110.   1.8   6.7   0.740   3.7   0.2
   1 2009  21  2333.   0.6   5.4   0.710   2.3   0.0
   1 2009  22  1382.   0.7   5.4   0.750   5.4   6.1
   1 2009  23   605.   3.5   7.8   0.860   5.4  19.8
   1 2009  24  2506.   0.4   6.3   0.750   2.5   0.0
   1 2009  25  5184.   0.1   5.6   0.640   3.5   0.0
   1 2009  26  4925.  -0.8   6.3   0.590   2.9   0.0
   1 2009  27  5357.  -3.5   4.3   0.570   1.6   0.0
   1 2009  28  5098.  -2.7   1.8   0.570   2.4   0.1
   1 2009  29  5702.  -4.7   2.1   0.540   2.6   0.0
   1 2009  30  6221.  -1.8   3.3   0.540   3.8   0.0
   1 2009  31  6394.  -2.1   3.3   0.490   4.4   0.0
   1 2009  32  4925.  -2.4   1.1   0.430   4.9   0.0
   1 2009  33  2160.  -1.8   3.5   0.540   5.4   0.0
   1 2009  34  1555.   0.2   4.8   0.670   2.3   3.6
   1 2009  35  1642.  -0.1   1.2   0.630   1.1   0.3
   1 2009  36  2333.  -0.2   7.0   0.779   2.6   1.6
   1 2009  37  5702.   2.4   9.7   0.855   2.0   0.0
   1 2009  38  1728.  -1.7   4.7   0.698   1.9   1.1
   1 2009  39  4234.  -1.5   4.4   0.640   2.6   0.9
   1 2009  40  1210.  -0.3   4.4   0.720   3.5  10.9
   1 2009  41   864.   0.9   8.0   0.810   4.2   7.3
   1 2009  42  4752.  -1.6   6.0   0.670   2.9   3.8
   1 2009  43  6998.  -2.3   5.2   0.610   1.7   0.2
   1 2009  44  2419.  -0.2   3.4   0.660   1.9   1.6
   1 2009  45  7344.  -3.6   4.0   0.540   1.3   0.0
   1 2009  46  2938.  -3.6   3.9   0.650   2.6   4.9
   1 2009  47  3542.   3.9   8.6   0.920   2.9   5.4
   1 2009  48  1555.  -0.3   6.6   0.790   2.9   3.5
   1 2009  49  6826.  -2.9   3.1   0.440   2.2   0.0
   1 2009  50  2246.  -2.1   3.8   0.620   1.7   0.8
   1 2009  51  1728.   3.8   6.1   0.860   2.6   1.1
   1 2009  52  3197.   3.4   7.3   0.830   1.9   0.0
   1 2009  53  2160.   5.2   8.9   0.920   3.1   1.2
   1 2009  54  3802.   4.7   8.1   0.860   3.4   0.4
   1 2009  55  2333.   1.6   5.4   0.742   1.5   0.0
   1 2009  56  2678.   2.5   6.2   0.835   3.5   1.3
   1 2009  57  6048.   4.6   8.7   0.920   4.8   0.9
   1 2009  58  2074.   5.9   8.5   1.000   3.6   1.9
   1 2009  59  3197.   0.5   9.3   0.950   2.2   0.1
   1 2009  60  6048.  -1.5  10.7   0.909   2.0   0.1
   1 2009  61  4234.   0.9   8.6   0.830   2.5   0.0
   1 2009  62  3456.   1.0   8.9   0.750   3.5   0.7
   1 2009  63  3629.   4.9   8.8   0.740   5.0   0.4
   1 2009  64  3197.   1.6   6.6   0.820   2.6   0.8
   1 2009  65  2074.   0.4   6.2   0.790   4.2   1.3
   1 2009  66  8640.  -1.3   8.6   0.800   2.5   0.0
   1 2009  67  8467.   2.6  10.7   0.850   5.1   5.0
   1 2009  68  4406.   2.2   7.6   0.780   5.0   0.8
   1 2009  69  1987.   4.4   7.4   0.880   3.7   4.8
   1 2009  70  7776.   2.9  10.2   0.790   2.4   0.2
   1 2009  71  1642.   5.4   9.6   1.010   3.7   2.0
   1 2009  72  9331.   3.4  11.4   0.870   1.7   0.0
   1 2009  73  5789.   7.1  12.7   1.050   3.2   1.4
   1 2009  74  5098.   6.1  10.8   0.950   3.5   0.0
   1 2009  75  5616.   5.9  10.6   0.990   1.2   0.0
   1 2009  76 12787.  -0.4  13.5   0.830   1.7   0.0
   1 2009  77 11578.  -1.6  12.7   0.590   1.1   0.0
   1 2009  78 13219.   2.2  11.8   0.690   2.2   0.0
   1 2009  79 16416.  -3.2  11.0   0.500   1.9   0.0
   1 2009  80 16157.  -3.2  11.9   0.510   1.3   0.0
   1 2009  81 10195.   1.7  10.8   0.870   3.8   0.1
   1 2009  82  3715.   2.6   9.2   0.900   5.3  11.7
   1 2009  83 11750.   0.1   8.8   0.680   3.1   0.5
   1 2009  84  6566.   2.9   9.0   0.860   4.6  11.6
   1 2009  85  2851.   3.9   9.4   0.980   4.4   7.7
   1 2009  86 10195.   3.8   9.4   0.800   4.5   5.1
   1 2009  87  6480.   4.2  10.2   0.870   2.8   5.1
   1 2009  88 13133.   3.2  10.1   0.780   2.0   0.0
   1 2009  89 18144.  -0.4  10.8   0.650   1.6   0.0
   1 2009  90 18230.  -2.1  14.9   0.720   1.4   0.0
   1 2009  91 17626.   1.6  16.0   0.900   3.2   0.0
   1 2009  92 18317.   7.0  19.1   0.900   3.7   0.0
   1 2009  93 17539.   3.4  22.4   1.030   1.5   0.0
   1 2009  94  5616.   6.8  12.1   1.100   2.7   0.0
   1 2009  95 13219.   6.6  17.2   0.980   1.5   0.0
   1 2009  96 15984.   1.6  19.7   0.970   2.1   0.0
   1 2009  97  6912.   8.8  14.8   1.200   2.6   0.8
   1 2009  98  7344.   7.1  12.8   1.110   4.2   1.6
   1 2009  99  7949.   4.6  17.2   1.220   2.3   0.0
   1 2009 100 16330.  11.4  24.4   1.150   3.4   2.5
   1 2009 101 12874.  12.1  22.8   1.290   1.4   1.3
   1 2009 102 10627.   9.6  19.4   1.490   1.5   1.1
   1 2009 103 16934.   5.8  20.3   1.210   1.3   0.0
   1 2009 104 17626.   5.8  21.9   1.060   1.7   0.0
   1 2009 105 19872.   6.6  24.1   1.020   2.7   0.0
   1 2009 106 11146.   6.5  19.1   1.290   2.0   1.4
   1 2009 107 13651.   9.1  17.9   1.090   2.2   5.5
   1 2009 108 22464.   5.4  19.3   0.750   2.9   0.0
   1 2009 109 17021.   5.1  17.6   1.030   2.0   0.0
   1 2009 110 22118.   2.5  20.9   0.900   1.8   0.0
   1 2009 111 22550.   4.0  19.0   0.970   1.6   0.0
   1 2009 112 22291.   2.5  14.7   0.830   1.8   0.0
   1 2009 113 18576.   3.7  16.0   0.870   1.2   0.0
   1 2009 114 22810.   2.5  19.8   0.820   3.1   0.0
   1 2009 115 18144.  11.1  20.3   0.990   3.0   0.0
   1 2009 116 13478.  10.7  19.1   1.410   1.7   1.9
   1 2009 117 13478.   9.0  15.9   1.060   3.2   5.4
   1 2009 118  6912.   1.8  13.3   1.100   2.2   1.6
   1 2009 119 13997.   1.2  17.1   0.850   1.1   0.0
   1 2009 120 20736.   1.1  19.3   0.930   1.3   0.0
   1 2009 121 22810.   6.9  22.3   1.180   1.2   0.0
   1 2009 122 16330.   6.4  18.4   1.230   1.8   0.0
   1 2009 123 12701.   4.5  14.9   1.040   2.7   0.1
   1 2009 124 15984.   3.3  15.0   0.800   2.4   0.2
   1 2009 125  6134.   8.5  13.3   1.280   3.9   5.2
   1 2009 126  4579.  10.7  15.6   1.340   4.1   3.8
   1 2009 127 17107.  10.7  17.9   1.250   3.0   0.0
   1 2009 128 18403.   6.7  17.6   1.050   4.0   0.0
   1 2009 129 19526.   4.9  17.5   0.850   1.7   0.0
   1 2009 130 25142.   5.2  22.0   0.930   1.8   0.0
   1 2009 131 20650.   6.6  18.6   0.940   3.2   1.8
   1 2009 132 21082.   5.7  17.9   0.700   4.9   0.0
   1 2009 133 22118.  10.9  21.4   0.910   4.6   0.0
   1 2009 134 16502.  13.4  20.8   1.120   3.3   4.6
   1 2009 135  6566.   8.8  18.3   1.540   2.5   4.9
   1 2009 136 16330.   7.5  17.5   1.170   3.4   0.2
   1 2009 137 10109.  10.8  17.1   1.320   2.8   8.0
   1 2009 138 18317.   9.3  18.5   1.120   3.3   0.0
   1 2009 139 18749.   9.1  20.4   1.190   2.1   0.0
   1 2009 140 22896.   7.1  20.8   1.080   1.6   0.0
   1 2009 141 17107.   7.4  20.1   1.161   2.2   0.0
   1 2009 142 24019.   6.2  18.6   1.040   2.8   0.0
   1 2009 143 24106.   9.9  22.3   1.220   1.6   1.8
   1 2009 144 27130.   8.1  23.3   1.240   1.4   0.0
   1 2009 145 22205.  10.0  26.2   1.351   2.3   0.0
   1 2009 146 13219.   8.2  21.4   1.570   4.5   6.0
   1 2009 147 14170.   7.7  15.5   1.120   4.4   0.4
   1 2009 148 17366.   7.9  19.8   1.370   2.9   0.1
   1 2009 149 29549.   4.2  21.6   0.810   2.3   0.0
   1 2009 150 28858.  10.0  22.8   1.030   3.2   0.0
   1 2009 151 22982.  12.1  24.1   1.290   2.9   0.0
   1 2009 152 22982.  10.2  26.0   1.380   2.0   6.3
   1 2009 153 28512.   7.1  22.3   1.220   2.2   0.0
   1 2009 154 15293.   7.9  15.9   0.990   2.1   0.0
   1 2009 155 15811.   6.2  14.8   0.910   2.2   0.5
   1 2009 156 14602.   5.4  14.5   0.910   1.4   0.3
   1 2009 157 17971.   3.6  16.7   0.880   3.2   0.0
   1 2009 158 13997.   7.0  17.0   1.170   2.3   6.4
   1 2009 159 21686.   6.9  19.1   1.120   2.1   0.1
   1 2009 160 15725.  11.8  19.9   1.460   3.6   5.5
   1 2009 161 15034.  11.1  18.5   1.410   2.6  15.9
   1 2009 162 12182.   8.5  16.1   1.310   2.5  14.5
   1 2009 163 24797.   6.0  17.9   0.980   2.4   0.0
   1 2009 164 28339.   3.0  23.3   1.070   1.1   0.0
   1 2009 165  8035.  11.3  21.0   1.690   1.7  10.7
   1 2009 166 11318.   9.3  19.7   1.490   0.9   0.0
   1 2009 167 16762.   7.9  19.1   1.390   1.5  10.7
   1 2009 168 24624.   6.1  22.7   1.380   2.2   0.2
   1 2009 169 23328.  14.0  21.1   1.370   2.8   0.0
   1 2009 170 23328.  10.4  18.3   1.250   3.8   0.2
   1 2009 171 17366.  10.7  18.8   1.250   2.6   0.7
   1 2009 172 17626.   7.1  17.1   1.220   1.4   1.7
   1 2009 173 19958.   4.2  19.0   1.160   1.3   0.0
   1 2009 174 25315.   5.0  22.8   1.200   2.2   0.0
   1 2009 175 27821.   9.5  24.6   1.290   2.7   0.0
   1 2009 176 24797.  15.0  26.2   1.640   3.0   0.0
   1 2009 177 17021.  14.3  25.6   1.880   2.1   0.0
   1 2009 178 12355.  17.8  25.4   2.160   1.4   2.6
   1 2009 179 12874.  15.5  25.1   2.160   1.0   0.6
   1 2009 180 24624.  14.6  27.2   1.870   1.2   0.0
   1 2009 181 26266.  15.5  27.0   1.960   1.5   0.0
   1 2009 182 26006.  15.0  28.1   1.970   1.7   0.0
   1 2009 183 26266.  15.7  30.4   1.950   1.9   0.0
   1 2009 184 19354.  15.7  29.4   2.150   2.8   0.0
   1 2009 185 20736.  13.2  25.4   1.670   1.6   0.0
   1 2009 186 22723.  11.0  27.8   1.690   1.5   8.2
   1 2009 187 19267.  13.4  23.4   1.590   2.6  12.9
   1 2009 188 13392.  13.2  18.9   1.580   3.9   4.0
   1 2009 189 14170.  13.1  19.6   1.560   4.2   4.1
   1 2009 190 10714.  10.7  17.9   1.360   3.1   3.7
   1 2009 191  9850.  12.0  17.5   1.420   4.2   2.7
   1 2009 192 20822.  11.8  21.1   1.490   2.6   0.2
   1 2009 193 10109.  14.0  21.5   1.790   2.8   6.1
   1 2009 194 21341.  12.1  23.8   1.540   2.1   0.0
   1 2009 195 19699.  11.1  25.4   1.710   1.6   0.0
   1 2009 196 22810.  15.0  24.1   1.610   3.3   0.0
   1 2009 197 26525.  12.5  25.9   1.470   2.2   0.0
   1 2009 198 17366.  15.4  23.3   1.590   3.5   6.3
   1 2009 199  9418.  12.4  19.0   1.570   4.2   0.0
   1 2009 200 17539.  12.8  20.4   1.560   3.5   0.0
   1 2009 201 17712.  12.5  20.8   1.500   3.5   1.1
   1 2009 202 17453.  10.7  27.2   1.740   2.1   4.8
   1 2009 203 16416.  15.1  25.4   2.040   2.2   7.4
   1 2009 204 10541.  15.0  20.6   1.800   1.9   5.6
   1 2009 205 18144.  13.6  21.1   1.620   3.6   4.8
   1 2009 206 22637.  10.7  20.7   1.480   3.5   2.7
   1 2009 207 22118.  11.7  23.3   1.450   1.9   0.0
   1 2009 208 16070.  12.8  26.0   1.710   2.6   1.2
   1 2009 209 17366.  12.5  22.3   1.440   2.4   0.0
   1 2009 210 17626.  14.2  25.9   1.580   2.0   8.9
   1 2009 211 17539.  10.0  20.6   1.470   4.0   1.3
   1 2009 212 23933.   9.8  22.0   1.240   1.4   0.0
   1 2009 213 19008.  10.6  26.0   1.400   2.2   0.0
   1 2009 214  6394.   9.7  20.2   1.728   1.8  13.7
   1 2009 215 23933.   8.3  22.6   1.280   1.2   0.0
   1 2009 216 23760.   8.1  25.1   1.320   1.8   0.0
   1 2009 217 23501.  16.5  27.5   1.410   2.0   0.0
   1 2009 218 23846.  17.4  29.3   1.630   2.0   0.0
   1 2009 219 18835.  17.9  30.1   2.010   2.4   0.2
   1 2009 220  6566.  16.6  20.5   1.880   1.4   0.0
   1 2009 221 12010.  12.9  22.9   1.810   1.1   0.0
   1 2009 222 20131.  11.3  24.3   1.590   1.1   1.5
   1 2009 223 14515.  13.6  23.5   1.880   2.5   1.1
   1 2009 224  6221.  13.8  19.8   1.890   2.0   5.6
   1 2009 225 15293.  10.3  22.1   1.640   1.5   0.0
   1 2009 226 18403.   7.7  22.0   1.390   1.3   0.0
   1 2009 227 22378.  14.2  28.0   1.680   2.7   0.0
   1 2009 228 17107.  14.4  24.9   1.910   2.3   0.0
   1 2009 229 12701.  13.0  23.0   1.700   2.1   0.0
   1 2009 230 20218.  12.9  26.0   1.540   1.8   0.0
   1 2009 231 21168.  15.6  29.8   1.660   2.2   0.0
   1 2009 232 17107.  15.9  34.6   2.020   3.7   5.2
   1 2009 233 14515.  11.7  22.8   1.562   2.2   0.9
   1 2009 234 19786.   9.1  22.1   1.370   1.5   0.0
   1 2009 235 21168.  10.5  26.2   1.250   2.8   0.0
   1 2009 236 20131.  15.9  27.4   1.520   2.5   0.0
   1 2009 237  6221.  12.0  20.9   1.860   1.3   9.9
   1 2009 238 16934.  11.0  24.5   1.450   1.9   0.0
   1 2009 239 11664.  14.6  23.5   1.920   1.9   0.5
   1 2009 240 13824.  10.5  20.3   1.400   4.8   5.4
   1 2009 241 17539.  10.6  19.0   1.250   3.9   0.4
   1 2009 242 10541.  11.3  18.9   1.410   2.5   2.1
   1 2009 243 17971.  11.6  25.8   1.360   2.5   0.0
   1 2009 244  6134.  14.5  22.7   1.630   3.2   3.5
   1 2009 245 13219.  12.8  21.2   1.470   3.5   0.3
   1 2009 246 10627.  13.0  18.5   1.460   6.5   7.9
   1 2009 247 12960.  12.0  18.1   1.360   5.6   8.8
   1 2009 248 14083.  10.5  18.7   1.370   4.1   1.7
   1 2009 249  8813.  10.6  18.2   1.410   2.3   0.0
   1 2009 250 16243.  10.7  24.0   1.492   1.9   0.0
   1 2009 251 18058.  11.8  28.0   1.637   1.5   0.0
   1 2009 252  6566.  12.8  20.2   1.760   1.4   0.1
   1 2009 253 13306.  10.4  20.6   1.377   1.8   0.1
   1 2009 254  9677.   8.2  19.2   1.373   1.3   0.0
   1 2009 255 11837.   7.6  19.9   1.390   1.3   0.0
   1 2009 256  8640.   8.7  17.6   1.430   1.6   1.1
   1 2009 257  8208.   9.9  18.8   1.465   2.4   0.7
   1 2009 258  3715.  13.5  16.3   1.658   3.1   2.1
   1 2009 259 10541.  12.2  19.8   1.590   2.7   0.0
   1 2009 260 15466.   7.6  18.3   1.163   2.0   0.0
   1 2009 261 15898.   4.4  22.3   1.249   1.8   0.0
   1 2009 262 12182.   9.7  25.2   1.690   1.2   0.0
   1 2009 263  8899.   8.8  21.1   1.560   1.1   0.0
   1 2009 264 13219.   8.0  20.0   1.231   0.9   0.0
   1 2009 265 12701.   9.0  20.9   1.460   2.4   0.0
   1 2009 266  6134.  13.0  19.9   1.580   2.4   0.0
   1 2009 267 11059.   6.4  20.2   1.280   1.2   0.0
   1 2009 268  8035.   4.7  18.3   1.170   0.8   0.0
   1 2009 269 12442.   3.6  20.2   1.120   0.7   0.0
   1 2009 270 13478.   3.4  20.8   1.130   0.7   0.0
   1 2009 271  7171.   5.8  20.0   1.460   2.5   0.0
   1 2009 272  4666.  13.3  17.6   1.640   3.1   0.9
   1 2009 273  2419.  13.2  16.7   1.630   2.1   1.5
   1 2009 274  4493.   7.6  15.1   1.340   2.0   0.6
   1 2009 275  4579.   7.2  14.3   1.190   2.4   0.5
   1 2009 276  3974.   9.7  15.0   1.370   5.8   3.7
   1 2009 277 10627.   6.2  16.0   1.090   3.2   0.2
   1 2009 278  1987.   7.2  13.1   1.310   2.1   2.6
   1 2009 279  2851.  11.9  18.4   1.660   2.5   5.9
   1 2009 280  5098.  11.6  20.4   1.870   3.2  21.9
   1 2009 281  9850.   3.5  15.9   1.140   1.1  15.4
   1 2009 282 12355.   0.8  14.6   0.910   2.8   7.2
   1 2009 283  6134.   9.8  17.6   1.460   2.9   2.5
   1 2009 284  2938.   8.6  15.2   1.350   2.6  12.7
   1 2009 285  9158.   6.0  14.3   1.094   1.9   1.7
   1 2009 286  9590.   0.4  13.5   0.904   1.4   0.0
   1 2009 287 10714.  -3.0   9.8   0.620   1.0   0.0
   1 2009 288 10627.  -3.5  12.0   0.690   1.1   0.0
   1 2009 289  6912.   5.5  13.2   1.060   3.7   1.5
   1 2009 290  8726.   0.1  13.3   0.900   1.4   2.0
   1 2009 291  8640.  -0.8  13.3   0.860   1.1   0.0
   1 2009 292  3283.   5.3  10.9   0.880   2.5   0.0
   1 2009 293  9331.   4.0  12.1   0.810   4.3   0.0
   1 2009 294  7085.   6.7  15.4   0.910   4.2   0.0
   1 2009 295  2333.   3.2  11.3   1.060   2.1   1.4
   1 2009 296  6394.   2.1  15.2   1.140   1.1   0.0
   1 2009 297  1814.   7.6  14.3   1.310   3.4   5.4
   1 2009 298  4925.   9.8  15.6   1.360   3.6   0.5
   1 2009 299  2246.  10.4  14.3   1.360   4.2   2.1
   1 2009 300  4838.   9.5  15.2   1.250   1.6   0.0
   1 2009 301  6307.   7.0  15.5   1.200   1.5   0.0
   1 2009 302  3370.  10.8  16.1   1.480   0.7   0.0
   1 2009 303  4925.   5.5  14.5   1.230   2.5   0.0
   1 2009 304  4579.   7.7  13.1   1.120   2.7   0.1
   1 2009 305  1728.  10.0  14.9   1.460   3.8  15.6
   1 2009 306  2938.   4.9  12.6   1.130   2.3   1.3
   1 2009 307  3974.   3.9  10.7   1.000   3.9   6.5
   1 2009 308  2938.   5.8  10.6   1.020   3.1   6.8
   1 2009 309  1469.   5.8   9.7   1.040   3.7   6.1
   1 2009 310  2419.   5.5  10.3   1.060   3.4   0.4
   1 2009 311  2938.   4.0  11.1   1.020   3.0   4.3
   1 2009 312  6566.   2.0  11.1   0.850   1.9   0.0
   1 2009 313  1123.   4.5   8.5   0.950   2.1   0.0
   1 2009 314  1469.   4.0   8.9   1.000   2.0   0.7
   1 2009 315  2678.   4.3   9.4   0.990   2.9   0.2
   1 2009 316  2333.   3.2  12.8   1.020   3.2   3.3
   1 2009 317  1642.   9.2  16.4   1.360   4.4   0.3
   1 2009 318  2246.  11.2  14.3   1.220   5.7   2.0
   1 2009 319  1642.   7.3  12.4   1.160   3.4   1.8
   1 2009 320  1382.   7.3  14.6   1.169   3.7   0.5
   1 2009 321  2074.   8.1  12.5   1.160   3.8   0.0
   1 2009 322  1123.   8.5  13.4   1.180   6.9   0.7
   1 2009 323  4061.   8.9  12.7   1.080   4.3   0.0
   1 2009 324  3456.   8.7  15.4   1.250   3.5   1.0
   1 2009 325  3715.   8.9  16.4   1.360   2.7   1.0
   1 2009 326  3197.   6.2  13.6   1.150   5.7   7.9
   1 2009 327   864.   8.3  12.3   1.150   6.7  16.5
   1 2009 328  1296.   8.7  14.1   1.240   5.8   0.8
   1 2009 329   432.   8.2  12.9   1.110   6.0   1.7
   1 2009 330  1296.   5.4   9.6   1.000   5.9   7.8
   1 2009 331  2506.   5.4   8.5   0.946   5.7   2.9
   1 2009 332   864.   3.4   9.0   0.970   4.8  21.4
   1 2009 333  1123.   7.3  10.9   0.980   4.4   0.3
   1 2009 334  2678.   3.5   8.3   0.880   2.1   0.0
   1 2009 335  2938.  -2.4   8.8   0.780   1.0   0.0
   1 2009 336  1469.   1.3   6.7   0.790   3.8   1.3
   1 2009 337   864.   4.9  10.0   1.070   4.2   6.5
   1 2009 338   864.   1.7   6.2   0.830   4.3   6.1
   1 2009 339   691.   4.2   9.5   0.980   4.1   8.1
   1 2009 340   691.   6.7  12.0   1.190   4.3   5.6
   1 2009 341  2333.   5.0   9.1   0.950   3.5   0.4
   1 2009 342  1469.   3.3   9.1   0.970   2.5   3.1
   1 2009 343   605.   3.5   9.1   0.990   2.6   3.5
   1 2009 344  1296.   8.3  10.1   1.140   3.7   9.8
   1 2009 345  1037.   2.6   8.6   0.940   2.3   0.1
   1 2009 346  1555.   1.5   5.4   0.720   2.1   0.0
   1 2009 347  2678.  -1.4   3.4   0.630   1.6   0.0
   1 2009 348   950.  -5.3   0.0   0.520   1.8   0.0
   1 2009 349  3715.  -8.0   1.7   0.440   1.2   0.0
   1 2009 350   778.  -6.5  -0.7   0.480   1.8   0.0
   1 2009 351   518.  -3.6  -0.5   0.530   3.5   3.5
   1 2009 352  3024. -10.0  -0.9   0.420   2.2   0.0
   1 2009 353  3197. -16.6  -6.0   0.250   2.1   0.0
   1 2009 354   864.  -6.5   0.3   0.480   4.8   5.2
   1 2009 355  2506.  -5.0   0.1   0.480   3.6   2.0
   1 2009 356  1555.  -2.0   1.9   0.650   2.9   4.6
   1 2009 357  1555.  -2.9   0.8   0.590   3.3   0.0
   1 2009 358  2678.  -3.0   2.2   0.610   2.6   0.8
   1 2009 359  1037.   0.3   3.5   0.700   4.8  14.4
   1 2009 360  3542.   0.9   5.8   0.750   4.3   0.0
   1 2009 361  1469.   2.2   4.6   0.780   4.8   3.1
   1 2009 362  2678.  -3.2   6.9   0.750   1.9   0.1
   1 2009 363  1728.  -0.4   2.1   0.650   3.3   6.1
   1 2009 364   346.  -0.4   1.1   0.630   2.7   4.2
   1 2009 365   432.  -0.6   0.3   0.590   2.9   0.1
