*---------------------------------------------------------*
*   Country: Netherlands
*   Station: Wageningen
*      Year: 2011
*    Source: Meteorology and Air Quality Group,
*            Wageningen University
*            www.met.wau.nl
*    Author: M. Lubbers
* Longitude: 05 40 E
*  Latitude: 51 58 N
* Elevation: 7 m.
*  Comments: Location Haarweg.
*
*  Columns:
*  ========
*  station number
*  year
*  day
*  irradiation (kJ m-2 d-1)
*  minimum temperature (degrees Celsius)
*  maximum temperature (degrees Celsius)
*  vapour pressure (kPa)
*  mean wind speed (m s-1)
*  precipitation (mm d-1)
*---------------------------------------------------------*
   5.67  51.97     7. 0.00 0.00
   1 2011   1  1555.  -0.8   3.8   0.700   1.8   0.7
   1 2011   2  3888.  -1.0   4.1   0.620   1.5   0.1
   1 2011   3  3197.  -2.6   2.4   0.612   1.3   0.1
   1 2011   4  2419.  -0.7   1.3   0.570   3.3   0.0
   1 2011   5  3715.  -2.0   3.4   0.470   4.4   0.0
   1 2011   6   605.   3.0   6.7   0.820   2.6  17.0
   1 2011   7   518.   1.8   8.3   0.860   2.7   3.3
   1 2011   8  1382.   5.6  11.8   1.060   4.7   3.0
   1 2011   9  3456.   0.6   5.8   0.720   3.1   0.0
   1 2011  10  3974.  -1.2   4.6   0.630   2.7   0.1
   1 2011  11   605.  -0.8   5.9   0.730   4.5   1.9
   1 2011  12   605.   2.2   8.9   0.900   3.3  11.6
   1 2011  13   432.   8.3  10.7   1.200   4.4  14.4
   1 2011  14   346.   8.2  11.7   1.220   5.4  14.5
   1 2011  15  1123.   7.9   9.7   1.030   5.3   0.0
   1 2011  16  2333.   6.9  12.4   1.020   4.0   0.0
   1 2011  17   950.   6.2   9.2   1.030   3.1   0.9
   1 2011  18  1382.   3.8   6.3   0.860   1.8   8.2
   1 2011  19  3283.   0.4   6.8   0.740   1.7   3.2
   1 2011  20  5270.  -2.4   4.4   0.620   1.3   0.1
   1 2011  21  1814.  -2.1   2.3   0.610   0.8   0.3
   1 2011  22  1469.   2.0   5.8   0.800   1.6   0.2
   1 2011  23   950.   1.4   6.0   0.830   2.2   0.7
   1 2011  24  1728.   3.8   6.4   0.850   2.4   0.4
   1 2011  25  3197.   1.3   6.3   0.760   3.6   4.7
   1 2011  26  2419.  -1.0   3.3   0.630   1.5   0.6
   1 2011  27  5011.  -2.7   1.2   0.486   3.2   0.0
   1 2011  28  6221.  -4.2   0.8   0.438   3.0   0.0
   1 2011  29  5962.  -6.0   1.5   0.450   1.5   0.0
   1 2011  30  1814.  -5.6   0.4   0.513   2.1   0.0
   1 2011  31  1382.  -3.3  -1.3   0.496   1.4   0.0
   1 2011  32  1555.  -4.2   1.4   0.530   2.9   0.6
   1 2011  33  1123.   1.4   4.0   0.734   4.2   0.2
   1 2011  34  3974.   2.2   7.2   0.833   4.0   4.2
   1 2011  35   605.   5.2  10.4   0.985   8.6   0.9
   1 2011  36  1296.  10.3  11.3   1.100   9.6   0.0
   1 2011  37  1728.   8.5  11.1   0.990   8.1   0.0
   1 2011  38  5875.   6.2  10.9   0.866   5.8   0.0
   1 2011  39  7862.  -2.0   8.8   0.700   1.9   0.0
   1 2011  40  6912.  -3.6   9.8   0.620   1.9   0.0
   1 2011  41  3370.   4.4  10.3   0.970   2.7  10.5
   1 2011  42  1814.   4.8   9.7   1.070   3.0   2.3
   1 2011  43  2333.   2.7   8.3   0.890   3.8  10.4
   1 2011  44  4493.   4.3   8.9   0.890   2.8   0.0
   1 2011  45  2160.   5.0   7.2   0.910   2.5   2.7
   1 2011  46  5875.   2.8   7.9   0.830   2.9   0.5
   1 2011  47  7517.   0.9  10.4   0.840   2.3   0.1
   1 2011  48  8640.  -0.7   9.7   0.640   2.6   0.0
   1 2011  49  1037.   0.3   1.7   0.570   2.8   0.0
   1 2011  50  4666.   0.8   3.9   0.610   4.3   0.0
   1 2011  51  5357.  -1.6   1.9   0.460   5.0   0.0
   1 2011  52 10109.  -4.1   1.1   0.330   4.3   0.0
   1 2011  53  9850.  -5.7   1.8   0.340   3.1   0.0
   1 2011  54  4147.  -2.2   3.1   0.455   3.8   3.3
   1 2011  55  1728.   0.8   4.6   0.760   2.7   2.9
   1 2011  56  1728.   3.8   7.2   0.920   2.6   0.6
   1 2011  57  2678.   5.9   9.7   0.990   3.9   4.4
   1 2011  58  1382.   0.5   6.0   0.810   4.7  19.7
   1 2011  59  1901.   0.5   4.0   0.720   1.7   0.5
   1 2011  60  5184.   1.3   4.8   0.700   2.9   0.0
   1 2011  61 11750.  -1.2   6.7   0.530   3.0   0.0
   1 2011  62 12010.  -2.6   7.0   0.480   2.7   0.0
   1 2011  63 11664.  -3.1   7.5   0.490   1.8   0.0
   1 2011  64  3974.  -1.7   6.1   0.650   1.3   0.0
   1 2011  65 13046.  -3.1   7.2   0.450   1.9   0.0
   1 2011  66 13565.  -4.0   7.9   0.330   3.0   0.0
   1 2011  67 13565.  -0.7  10.8   0.390   2.7   0.0
   1 2011  68  5270.   3.4   9.7   0.800   4.6   0.6
   1 2011  69  2333.   3.9   9.6   0.920   6.1   0.2
   1 2011  70 10022.   3.9  10.6   0.750   3.7   0.0
   1 2011  71 10886.   3.6  13.1   0.800   2.6   0.1
   1 2011  72  4752.   9.0  13.2   1.110   2.4   1.5
   1 2011  73  5443.   9.0  13.8   1.210   1.0   1.4
   1 2011  74 11750.   8.5  16.7   1.130   4.4   0.0
   1 2011  75 10541.   4.5  11.2   0.890   4.8   0.0
   1 2011  76  4320.   4.4   8.2   0.890   2.5   0.0
   1 2011  77  6480.   4.4   9.6   0.910   2.5   5.3
   1 2011  78 14170.  -1.6  10.0   0.680   1.5   0.0
   1 2011  79 15898.  -2.7  11.7   0.500   0.9   0.0
   1 2011  80 16157.  -2.3  14.8   0.520   1.1   0.0
   1 2011  81 14861.  -0.7  15.6   0.740   1.1   0.0
   1 2011  82 14861.   2.0  16.2   0.820   1.3   0.0
   1 2011  83 16070.   0.0  17.4   0.860   1.1   0.0
   1 2011  84 14256.   2.9  14.8   0.810   1.6   0.0
   1 2011  85  5616.   1.0   8.2   0.730   1.2   0.0
   1 2011  86 17798.   0.3  14.3   0.560   1.7   0.0
   1 2011  87 14602.  -2.2  10.8   0.650   1.5   0.0
   1 2011  88 17712.  -3.3  15.7   0.630   0.9   0.0
   1 2011  89  9245.   0.5  15.8   1.010   2.4   1.1
   1 2011  90  2592.   9.9  13.6   1.320   4.9   5.3
   1 2011  91  3974.  10.5  15.6   1.390   3.7   0.0
   1 2011  92 16934.   9.6  23.4   1.230   3.1   0.0
   1 2011  93  7603.   8.7  14.9   1.240   2.2   3.2
   1 2011  94 13478.   7.0  14.5   0.940   4.0   0.0
   1 2011  95  4838.   5.3  12.6   0.910   4.4   0.0
   1 2011  96 10886.  10.6  20.3   1.370   3.4   0.0
   1 2011  97 12010.   4.5  16.5   1.160   2.3   0.0
   1 2011  98 19440.   3.4  17.0   0.920   2.2   0.0
   1 2011  99 19613.   4.6  16.2   0.820   2.0   0.0
   1 2011 100 19354.   2.4  20.1   0.710   1.4   0.0
   1 2011 101 19267.   4.6  21.2   0.910   2.4   2.0
   1 2011 102 13565.   3.3  11.4   0.820   3.9   0.8
   1 2011 103 16070.   2.3  13.5   0.720   2.6   0.0
   1 2011 104  9590.   1.4  12.8   0.850   1.1   0.0
   1 2011 105 20218.   0.5  16.2   0.680   1.0   0.0
   1 2011 106 15811.   0.8  16.8   0.740   1.0   0.0
   1 2011 107 17194.   4.8  18.1   0.810   1.3   0.0
   1 2011 108 21859.   2.0  19.6   0.650   2.1   0.0
   1 2011 109 21600.   8.1  23.7   0.820   2.5   0.0
   1 2011 110 22118.   5.2  23.8   0.880   1.4   0.0
   1 2011 111 20736.   5.4  26.2   0.900   1.6   0.0
   1 2011 112 20045.  14.0  26.4   0.960   2.4   0.0
   1 2011 113 21773.   9.5  26.6   0.920   2.0   0.0
   1 2011 114 22118.   7.5  25.8   0.800   2.3   0.0
   1 2011 115 23933.   5.5  24.1   0.760   2.1   0.0
   1 2011 116 20995.   4.7  21.8   0.810   2.3   0.0
   1 2011 117 10714.   7.6  16.1   1.140   2.3   0.0
   1 2011 118 15638.   9.1  18.3   1.300   2.5   5.6
   1 2011 119 18490.  11.2  22.8   1.170   3.7   0.0
   1 2011 120 23242.  10.0  20.9   0.740   4.8   0.0
   1 2011 121 26006.   7.2  18.6   0.530   4.3   0.0
   1 2011 122 26093.   5.4  14.6   0.510   4.3   0.0
   1 2011 123 27130.   2.4  14.5   0.480   2.8   0.0
   1 2011 124 22118.  -0.5  14.5   0.670   1.5   0.0
   1 2011 125 24106.   0.1  18.2   0.630   1.8   0.0
   1 2011 126 21427.   8.9  22.5   0.730   2.3   0.0
   1 2011 127 22637.  14.3  28.0   0.930   3.6   0.0
   1 2011 128 22982.  15.1  27.8   1.080   2.9   0.0
   1 2011 129  7690.  13.3  19.9   1.630   1.2   2.4
   1 2011 130 18317.  11.4  24.4   1.370   1.3   0.0
   1 2011 131 25661.   9.2  21.1   1.100   2.0   0.0
   1 2011 132 21254.   7.9  18.4   1.050   2.6   0.0
   1 2011 133 18317.   7.5  19.3   1.010   1.6   0.0
   1 2011 134 22982.   6.2  16.6   0.920   2.8   0.0
   1 2011 135 17885.   7.1  15.6   0.980   2.6   2.0
   1 2011 136  5789.  10.3  15.4   1.340   4.0   2.4
   1 2011 137  6653.   9.4  15.8   1.360   2.5   0.7
   1 2011 138 13478.   8.8  18.1   1.320   2.2   0.0
   1 2011 139  9504.   9.1  16.3   1.240   1.4   0.1
   1 2011 140 23587.   4.7  21.7   1.050   1.7   0.0
   1 2011 141 27389.   3.9  22.7   0.920   1.2   0.0
   1 2011 142 15379.  11.1  19.8   1.230   3.8   5.3
   1 2011 143 26611.   9.2  21.6   1.020   3.6   0.0
   1 2011 144 27216.   7.9  16.8   0.870   4.2   0.0
   1 2011 145 28166.   7.0  21.8   0.820   2.2   0.0
   1 2011 146 13651.  12.1  19.3   0.950   5.2   0.0
   1 2011 147 16762.   8.1  15.7   1.090   3.9   1.4
   1 2011 148 16589.   8.1  17.8   1.100   4.3   0.5
   1 2011 149 16762.  11.8  22.6   1.300   4.4   0.0
   1 2011 150 26352.  10.8  28.9   1.250   2.4   0.0
   1 2011 151  8122.   6.4  16.0   1.330   2.0   2.2
   1 2011 152 29808.   3.5  19.9   0.860   1.6   0.0
   1 2011 153 28944.   4.3  23.7   0.890   2.2   0.0
   1 2011 154 28339.  12.3  26.3   1.360   3.2   0.0
   1 2011 155 26957.  16.1  29.1   1.450   3.2   0.0
   1 2011 156 12442.  14.0  22.5   1.820   1.5  10.1
   1 2011 157 11923.  12.8  23.3   1.909   1.5  22.3
   1 2011 158 14429.  11.3  19.8   1.440   1.9   5.8
   1 2011 159 17366.  11.2  18.8   1.170   3.1   0.0
   1 2011 160 21514.   7.6  18.9   1.090   2.6   0.0
   1 2011 161 14170.   5.9  20.0   1.139   1.7   0.8
   1 2011 162 20995.   8.0  16.9   1.064   2.4   0.1
   1 2011 163 22982.   7.0  19.1   0.877   1.7   4.0
   1 2011 164 12787.  14.2  20.2   1.577   2.8   0.8
   1 2011 165 20736.  10.5  21.6   1.320   1.2   0.0
   1 2011 166 13824.  10.9  23.7   1.550   1.5   0.3
   1 2011 167 10195.  11.9  19.6   1.610   2.6  12.9
   1 2011 168 17366.  10.6  18.5   1.270   2.9   1.5
   1 2011 169 16589.  12.4  18.1   1.340   5.0   7.6
   1 2011 170  9158.  11.3  15.8   1.470   4.6  10.9
   1 2011 171 23501.  10.4  18.0   1.440   2.2   0.1
   1 2011 172 17194.  14.7  21.9   1.570   3.3   0.4
   1 2011 173  9072.  13.2  17.5   1.380   2.2   0.5
   1 2011 174 17885.  11.7  19.0   1.410   3.8   1.9
   1 2011 175 19613.  10.5  18.4   1.200   2.3   0.5
   1 2011 176  4752.  11.8  16.7   1.570   2.6   5.1
   1 2011 177 20304.  16.2  25.2   1.940   1.9   0.0
   1 2011 178 28858.  17.7  31.1   1.860   3.0   0.0
   1 2011 179 23155.  19.8  33.7   2.173   3.0  22.0
   1 2011 180  9850.  11.1  20.3   1.826   2.4   1.1
   1 2011 181 21082.   9.4  19.7   1.266   2.1   0.1
   1 2011 182 21168.   9.5  18.7   1.310   2.0   1.1
   1 2011 183 17626.   8.9  17.7   1.250   2.1   0.0
   1 2011 184 24365.   8.7  19.3   1.290   2.0   0.0
   1 2011 185 26352.   7.4  20.9   1.380   1.4   0.0
   1 2011 186 27302.   7.4  25.2   1.470   1.3   0.0
   1 2011 187 13478.  15.1  21.6   1.780   2.8   1.6
   1 2011 188 22896.  13.6  23.0   1.400   2.5   0.0
   1 2011 189 21859.  13.8  21.8   1.450   3.4   0.3
   1 2011 190 16330.  11.8  20.7   1.640   2.6   2.8
   1 2011 191 23328.  10.8  22.1   1.370   1.8   0.0
   1 2011 192 23587.   8.7  24.3   1.340   1.1   0.0
   1 2011 193 17712.  12.3  25.8   1.600   2.7  27.2
   1 2011 194  3629.  12.4  14.2   1.530   3.8   8.2
   1 2011 195  3542.  12.2  14.5   1.520   8.0  29.4
   1 2011 196 24797.  13.3  22.2   1.490   3.5   3.9
   1 2011 197 10454.  13.8  22.3   1.650   3.3  17.3
   1 2011 198 21341.  13.7  20.0   1.510   4.5   4.0
   1 2011 199  9677.  14.0  18.1   1.550   5.0   1.6
   1 2011 200 16070.  12.0  20.5   1.520   1.3   0.2
   1 2011 201 12096.  13.2  21.6   1.720   1.2   0.2
   1 2011 202  8554.  11.3  19.8   1.670   1.1  11.2
   1 2011 203 16934.  10.6  18.2   1.290   2.1   1.5
   1 2011 204 18058.  10.3  18.0   1.260   5.0   6.5
   1 2011 205  5098.  11.0  13.4   1.430   5.0  21.9
   1 2011 206 17107.   8.8  20.3   1.390   1.2   0.4
   1 2011 207  6826.  13.0  17.8   1.660   1.6   0.7
   1 2011 208 15725.  12.1  23.0   1.760   1.0   0.0
   1 2011 209 16243.  15.0  25.0   1.880   1.2   0.8
   1 2011 210 11146.  12.4  18.6   1.570   1.7   0.0
   1 2011 211  6998.  12.9  16.2   1.460   1.7   0.0
   1 2011 212 11318.   8.7  17.7   1.380   1.2   0.0
   1 2011 213 24538.   7.0  22.5   1.340   1.3   0.0
   1 2011 214 23328.  11.7  27.6   1.810   2.2   0.0
   1 2011 215  9158.  15.5  24.5   2.120   1.9   0.0
   1 2011 216 20909.  13.9  25.7   1.910   2.4   4.6
   1 2011 217 19008.  16.7  23.2   1.860   2.6   0.0
   1 2011 218 12096.  14.4  23.5   2.060   2.5  12.1
   1 2011 219 13651.  13.9  19.4   1.580   3.6   7.9
   1 2011 220 13133.  12.3  18.9   1.530   3.8  21.7
   1 2011 221 15293.  10.1  16.9   1.360   3.5   0.4
   1 2011 222 15034.   9.2  19.9   1.310   3.4   0.0
   1 2011 223 13910.  14.6  22.0   1.720   4.7   2.8
   1 2011 224  9418.  14.6  20.9   1.950   2.6   0.9
   1 2011 225  7344.  13.2  20.4   1.900   1.9   4.2
   1 2011 226  7949.  13.8  21.1   1.840   1.9  17.4
   1 2011 227 18576.  11.4  21.1   1.420   1.7   0.0
   1 2011 228 15811.  12.5  21.8   1.470   1.6   0.2
   1 2011 229 17712.  13.2  23.1   1.700   1.7   0.0
   1 2011 230 11923.  13.4  21.4   1.830   2.1   4.1
   1 2011 231 19008.  10.7  19.9   1.530   2.8   2.4
   1 2011 232 19958.  10.2  23.3   1.410   1.7   0.0
   1 2011 233 13306.  11.6  27.4   2.160   2.7   2.0
   1 2011 234 13392.  13.6  23.6   1.910   1.1   0.5
   1 2011 235  8813.  15.8  24.0   2.130   2.2  10.7
   1 2011 236  8726.  14.8  22.3   2.050   1.8   2.8
   1 2011 237 18144.  13.5  25.3   1.800   1.9   2.9
   1 2011 238  4752.  15.6  22.3   1.980   2.7  17.1
   1 2011 239 12269.  11.2  18.5   1.570   3.1   2.4
   1 2011 240 10541.  10.9  16.9   1.460   3.6  11.5
   1 2011 241 10109.   9.9  16.8   1.320   3.4   0.9
   1 2011 242  8122.   9.4  16.4   1.408   1.3   1.9
   1 2011 243  7949.   9.5  17.2   1.437   1.1   0.0
   1 2011 244 19786.   6.3  19.8   1.124   0.9   0.0
   1 2011 245 17194.   6.6  25.4   1.632   1.3   0.0
   1 2011 246 17194.  12.3  28.2   1.937   1.6   0.0
   1 2011 247  8467.  15.7  22.2   2.088   1.9   2.5
   1 2011 248 13651.  12.3  18.8   1.420   4.5   0.9
   1 2011 249  6221.  13.8  17.2   1.580   6.0  17.8
   1 2011 250  7862.  13.0  17.6   1.480   5.4   6.8
   1 2011 251  4061.  12.3  16.4   1.610   4.3   7.5
   1 2011 252  4061.  15.3  19.6   1.940   2.3   0.0
   1 2011 253 10541.  16.4  25.9   2.300   2.2   0.0
   1 2011 254  8035.  14.3  20.2   1.830   2.9   0.2
   1 2011 255  4925.  13.6  20.6   1.680   5.8   0.2
   1 2011 256 12874.  12.4  18.2   1.430   5.2   2.3
   1 2011 257 12701.  10.8  17.6   1.310   3.9   0.0
   1 2011 258 10454.  10.6  18.0   1.340   1.2   0.0
   1 2011 259 13910.   9.3  19.6   1.370   2.7   0.3
   1 2011 260  6566.  12.3  17.4   1.530   3.7   3.2
   1 2011 261 10541.   8.1  15.8   1.300   2.6   3.6
   1 2011 262 12442.   8.1  18.2   1.250   2.1   0.0
   1 2011 263  8467.  10.4  19.3   1.520   3.0   0.0
   1 2011 264  8813.  13.5  19.1   1.540   3.6   0.0
   1 2011 265 12010.  10.4  17.7   1.330   3.0   0.0
   1 2011 266 12096.   8.6  18.8   1.400   1.4   0.1
   1 2011 267 14083.   5.6  21.2   1.190   1.0   0.0
   1 2011 268 13565.   7.0  22.3   1.430   1.2   0.0
   1 2011 269 11146.  12.5  23.7   1.710   1.9   0.0
   1 2011 270  9850.  10.0  21.5   1.720   0.7   0.0
   1 2011 271 13824.   8.0  24.3   1.600   1.6   0.0
   1 2011 272 13565.  14.7  25.9   1.820   1.8   0.0
   1 2011 273 13910.  10.4  25.0   1.570   1.4   0.0
   1 2011 274 12874.   8.3  26.8   1.490   0.4   0.0
   1 2011 275 12787.   8.3  25.7   1.520   0.4   0.0
   1 2011 276 10541.  10.9  24.3   1.560   1.8   0.0
   1 2011 277  6048.  13.9  19.4   1.660   2.9   0.0
   1 2011 278  3888.  15.1  18.3   1.710   4.5   0.8
   1 2011 279  5702.   7.8  17.1   1.270   5.6   3.6
   1 2011 280  8208.   7.2  14.2   1.170   3.8  10.8
   1 2011 281  7862.   6.2  13.2   1.050   1.9   3.5
   1 2011 282  5011.   5.4  16.3   1.300   3.0   5.7
   1 2011 283  4838.  16.2  17.9   1.770   6.9   0.6
   1 2011 284  1469.  12.9  16.7   1.670   5.6   4.6
   1 2011 285  1814.  10.0  13.4   1.340   1.4  18.4
   1 2011 286  9763.   4.1  15.3   0.990   0.9   0.0
   1 2011 287 10973.   1.6  14.7   0.810   1.8   0.0
   1 2011 288 11146.   4.8  13.5   0.850   2.9   0.0
   1 2011 289 10886.   3.8  14.5   0.850   1.5   0.0
   1 2011 290  5443.   4.7  14.5   1.230   2.7   0.0
   1 2011 291  3715.   7.4  13.2   1.120   4.7   6.1
   1 2011 292  7603.   3.6  13.4   0.980   2.6   3.2
   1 2011 293  5962.   3.6  10.4   0.930   2.1   0.7
   1 2011 294  9418.   1.7  11.7   0.800   1.8   0.0
   1 2011 295  9590.   3.0  10.9   0.760   2.7   0.0
   1 2011 296  9418.   3.3  14.1   0.860   3.2   0.0
   1 2011 297  9072.   4.2  13.4   0.830   4.2   0.0
   1 2011 298  2506.   9.6  11.6   1.040   3.6   1.8
   1 2011 299  5530.   8.1  13.5   1.080   2.8   0.4
   1 2011 300  6653.   7.3  16.1   1.110   3.5   0.0
   1 2011 301  6566.   6.7  18.9   1.260   1.0   0.0
   1 2011 302  3370.   8.4  16.1   1.440   1.6   0.0
   1 2011 303  2419.  11.2  14.8   1.450   1.9   0.0
   1 2011 304  6566.  11.5  16.7   1.410   2.1   0.0
   1 2011 305  6739.   9.3  17.6   1.390   2.4  18.5
   1 2011 306  3888.  10.3  15.2   1.360   2.6   0.1
   1 2011 307  2765.  11.4  17.2   1.410   3.4   0.0
   1 2011 308  5875.  12.3  18.6   1.310   3.5   0.9
   1 2011 309  4666.   6.8  16.8   1.280   1.5   0.0
   1 2011 310  2246.   7.2  11.7   1.200   1.9   0.0
   1 2011 311   605.   9.1  10.3   1.160   3.1   0.0
   1 2011 312  5270.   6.4  11.6   1.070   2.6   0.0
   1 2011 313  5357.   4.8  13.8   1.060   1.8   0.0
   1 2011 314  2074.   5.3   8.9   0.970   2.8   0.0
   1 2011 315  2246.   4.4  10.4   0.920   3.5   0.0
   1 2011 316  5357.   3.0  11.9   0.880   2.1   0.0
   1 2011 317  2246.   1.5   6.4   0.790   2.2   0.0
   1 2011 318  5789.  -1.3   8.6   0.690   1.4   0.0
   1 2011 319  4579.  -2.2   5.5   0.660   2.2   0.0
   1 2011 320  5530.  -0.1   7.0   0.650   2.9   0.0
   1 2011 321  1555.  -1.1   7.9   0.770   1.7   0.0
   1 2011 322  2765.   0.4  10.7   1.000   1.2   0.0
   1 2011 323  4320.  -1.3  10.8   0.830   1.0   0.0
   1 2011 324  2160.  -3.2   3.3   0.640   0.7   0.0
   1 2011 325  2074.  -0.5   4.1   0.670   0.8   0.0
   1 2011 326  2851.  -0.5   6.1   0.720   0.7   0.0
   1 2011 327   950.   2.4   9.9   1.000   0.8   0.1
   1 2011 328  2851.   5.6  10.1   1.040   2.4   0.0
   1 2011 329   605.   6.2   9.0   1.030   4.1   0.8
   1 2011 330  2765.   3.8  10.3   1.000   4.2   0.0
   1 2011 331  1210.   4.5  13.4   1.020   5.5   2.4
   1 2011 332  4234.   1.8   8.8   0.800   2.0   0.0
   1 2011 333  3197.   4.5   9.9   0.940   4.8   0.5
   1 2011 334  4147.   4.5  10.7   0.880   3.0   0.0
   1 2011 335  1469.   4.5  12.3   1.180   4.5   8.9
   1 2011 336  2074.   3.7  11.9   0.920   2.9   4.2
   1 2011 337   864.   4.9   9.7   0.960   5.2  11.8
   1 2011 338  1642.   4.7   8.3   0.910   4.0   0.5
   1 2011 339  2678.   2.7   6.9   0.730   4.4   3.1
   1 2011 340  3370.   1.7   6.4   0.750   4.3   2.2
   1 2011 341  2160.   3.2   8.0   0.780   6.7   5.6
   1 2011 342   950.   2.7  10.8   0.900   6.1   7.4
   1 2011 343  2678.   2.6   8.1   0.720   5.0   1.7
   1 2011 344  3197.   0.9   6.0   0.710   2.7   0.0
   1 2011 345  1901.   0.4   5.8   0.710   2.8   0.0
   1 2011 346  3024.   4.8   8.1   0.890   4.3   2.7
   1 2011 347  1469.   5.0  11.0   0.880   7.2   8.5
   1 2011 348  1814.   2.5   6.2   0.800   4.8  13.6
   1 2011 349   778.   4.1   6.5   0.840   5.6   8.4
   1 2011 350   778.   1.0   5.3   0.780   3.7  14.3
   1 2011 351  3283.   0.7   6.8   0.730   2.7   3.6
   1 2011 352  2160.   0.0   4.8   0.670   2.5   6.8
   1 2011 353  3110.  -0.6   4.1   0.650   3.1   2.3
   1 2011 354  2074.   0.4   8.0   0.810   3.5   7.0
   1 2011 355   605.   3.8   6.1   0.870   1.9   0.2
   1 2011 356   432.   5.6  10.2   1.120   2.7   4.0
   1 2011 357  1037.   7.5  10.3   1.120   4.2   2.9
   1 2011 358  3456.   4.6   7.9   0.830   4.1   2.6
   1 2011 359   605.   6.2  10.6   1.080   4.8   0.9
   1 2011 360   691.   9.9  11.6   1.261   4.2   0.4
   1 2011 361   605.   7.3  10.0   1.000   3.0   0.0
   1 2011 362   605.   5.5   7.3   0.909   4.9   0.2
   1 2011 363  1210.   3.8   7.0   0.831   5.9   9.5
   1 2011 364  2938.   2.7   7.6   0.769   3.7   1.9
   1 2011 365   605.   3.4  10.6   1.030   3.0   8.0
