*---------------------------------------------------------------------------*
* Station name: Wageningen (Haarweg), Netherlands
* Year: 1961
* Author: Peter Uithol                                     -99.000: NIL VALUE
* Source: Natuur- en Weerkunde via Nel van Keulen
* Comments: Humidity measured in mBar at 14.00 h.,
*           wind speed in Beaufort at 14.00 h.
* Longitude: 5 40 E, latitude: 51 58 N, altitude: 7 m.
*
* Column  Daily value
* 1       station number
* 2       year
* 3       day
* 4       irradiation                   (kJ m-2 d-1)
* 5       minimum temperature           (degrees Celsius)
* 6       maximum temperature           (degrees Celsius)
* 7       early morning vapour pressure (kPa)
* 8       mean wind speed (height: 2 m) (m s-1)
* 9       precipitation                 (mm d-1)
*---------------------------------------------------------------------------*
   5.67  51.97     7. 0.00 0.00
   1 1961   1  1842.   1.6   4.9   0.760   1.2   2.5
   1 1961   2   879.   2.4   6.1   0.840   2.5   0.7
   1 1961   3  3349.   4.8   8.1   0.730   4.3  16.8
   1 1961   4  1842.   3.3   5.1   0.740   4.3   4.0
   1 1961   5  2680.   2.5   7.0   0.780   2.5   4.0
   1 1961   6  1842.   2.8   6.2   0.720   4.3   3.5
   1 1961   7  2303.   3.6   6.6   0.800   2.5   5.6
   1 1961   8  1382.   3.0   6.9   0.890   4.3   3.7
   1 1961   9  2763.   2.6   6.8   0.810   4.3   1.3
   1 1961  10  1382.   1.7   7.9   0.940   1.2   6.2
   1 1961  11  4354.  -1.2   6.7   0.700   1.2   2.5
   1 1961  12  2889.  -3.0   3.4   0.600   1.2   0.2
   1 1961  13  1089.   0.1   4.6   0.730   1.2   0.1
   1 1961  14  2805.   3.4   7.1   0.730   1.2   1.6
   1 1961  15  3726.   0.6   4.6   0.650   6.3   0.0
   1 1961  16  4145.  -2.2   3.9   0.630   1.2   0.0
   1 1961  17  3726.  -3.8   1.9   0.590   4.3   0.0
   1 1961  18  3349.  -4.1   0.2   0.470   4.3   0.0
   1 1961  19  3936.  -5.3   2.8   0.590   1.2   0.0
   1 1961  20   670.  -1.4   2.7   0.690   4.3   1.6
   1 1961  21   544.   1.9   5.1   0.850   4.3   1.4
   1 1961  22  1214.   1.5   4.8   0.700   1.2  15.7
   1 1961  23  1005.   0.7   1.9   0.610   0.1   2.1
   1 1961  24  1005.  -3.7   0.7   0.440   2.5   0.0
   1 1961  25  4396.  -4.5  -1.3   0.490   8.6   0.0
   1 1961  26  2554.  -9.1  -4.5   0.360   2.5   0.0
   1 1961  27  3014.  -7.2  -0.4   0.490   4.3   0.0
   1 1961  28   461.  -0.4   5.3   0.670   4.3   1.8
   1 1961  29  1926.   3.9   8.4   0.860   6.3  12.0
   1 1961  30  1214.   6.9   9.0   0.890   4.3  29.8
   1 1961  31  1005.   5.5   7.6   0.800   6.3   1.7
   1 1961  32  2303.   2.1   6.6   0.720  11.1   3.9
   1 1961  33  1424.   1.1   5.0   0.740   1.2   4.6
   1 1961  34  3726.  -0.3   5.1   0.780   1.2   1.8
   1 1961  35  1130.   1.0   6.0   0.740   8.6   1.7
   1 1961  36  1842.  -1.5   5.3   0.700   1.2   7.7
   1 1961  37  2889.   5.3  11.0   0.930   6.3   2.1
   1 1961  38  1758.   5.3   7.2   0.840   8.6   4.0
   1 1961  39  1424.   3.1   8.5   0.970   1.2   0.8
   1 1961  40  4312.   6.8  10.5   0.850  11.1   6.3
   1 1961  41  2931.   2.4   8.4   0.900   2.5   1.5
   1 1961  42  1968.   6.3  10.2   1.060   2.5   7.4
   1 1961  43  5820.   5.0  10.0   0.850   6.3   1.9
   1 1961  44  1507.   7.3   9.5   0.980   1.2   0.4
   1 1961  45  7411.   2.9  16.7   1.050   1.2   0.1
   1 1961  46  6155.   4.8  14.1   1.100   0.1   0.0
   1 1961  47  2261.   1.5   7.5   0.970   1.2   0.2
   1 1961  48  8081.   2.1  16.0   1.220   1.2   0.5
   1 1961  49  6071.   1.9  13.2   1.010   1.2   0.0
   1 1961  50  7034.   3.7  12.8   1.050   1.2   0.0
   1 1961  51  2303.   3.9   7.0   0.850   1.2   0.1
   1 1961  52  6908.   2.5  11.2   0.840   1.2   0.0
   1 1961  53  6992.   2.3  11.3   0.960   1.2   0.0
   1 1961  54  6071.   3.0   9.8   0.850   2.5   0.0
   1 1961  55  3475.   4.8  10.9   0.890   1.2   2.5
   1 1961  56  5736.   7.0  13.8   1.160   4.3   2.0
   1 1961  57  7369.   6.4  14.8   0.850   2.5   0.2
   1 1961  58  3349.   9.0  13.0   1.020   1.2   1.2
   1 1961  59  5443.   3.1   8.5   0.890   4.3  23.4
   1 1961  60  4731.   3.8   8.4   0.800   4.3  14.6
   1 1961  61  2889.   2.4   9.2   0.930   4.3   0.0
   1 1961  62 11221.   4.2  11.7   0.680   1.2   2.3
   1 1961  63  9588.   1.8  12.9   0.840   2.5   0.0
   1 1961  64  9713.   1.9  14.2   1.080   0.1   0.0
   1 1961  65 10467.   0.8  17.6   0.920   1.2   0.1
   1 1961  66 10090.   2.8  15.1   1.080   1.2   0.0
   1 1961  67  4396.   2.0   9.6   0.930   1.2   0.2
   1 1961  68  8081.   0.8  13.1   1.100   1.2   0.2
   1 1961  69  9797.   5.2  16.3   1.140   1.2   0.0
   1 1961  70  3056.   7.0  10.9   0.860   1.2   0.0
   1 1961  71  4815.   6.0  11.9   1.200   1.2   0.0
   1 1961  72  2470.   9.2  12.0   1.120   1.2   0.2
   1 1961  73  2596.   8.3  12.1   1.080   2.5   0.0
   1 1961  74  3098.   6.8  10.2   1.100   1.2   0.0
   1 1961  75 12770.   3.3  19.9   1.900   1.2   0.0
   1 1961  76 12853.   6.1  21.2   0.970   4.3   0.0
   1 1961  77  9127.   3.2  13.9   0.730   6.3   0.0
   1 1961  78 11807.   2.4   7.5   0.640   6.3   0.9
   1 1961  79  6238.  -0.2   6.4   0.630   8.6   1.2
   1 1961  80  9881.   3.4   7.1   0.590   4.3   7.2
   1 1961  81  5066.   1.1   7.6   0.770   4.3   3.0
   1 1961  82  4982.   6.6  11.7   0.960   2.5   1.8
   1 1961  83  9295.   4.4  12.1   1.010   1.2   0.1
   1 1961  84  8332.   5.4  13.2   0.740   2.5   0.0
   1 1961  85  9211.   4.9  11.6   0.850   6.3   0.0
   1 1961  86 12100.   2.5   9.2   0.570   8.6   1.5
   1 1961  87 10676.   0.3   8.9   0.590   2.5   2.8
   1 1961  88  4522.   4.3  10.8   0.920   2.5   0.1
   1 1961  89  1717.   8.3  12.1   1.180   4.3  11.3
   1 1961  90  7787.   2.8  10.3   0.970   1.2  11.9
   1 1961  91  4229.   6.0  11.1   0.970   4.3   2.0
   1 1961  92  3056.   5.1  11.2   1.170   4.3  12.0
   1 1961  93 10760.   3.5  10.0   0.720   0.1   4.9
   1 1961  94  6992.   3.1   8.0   0.810   2.5   5.2
   1 1961  95  7034.   7.6  17.1   1.320   2.5   5.1
   1 1961  96 10760.   9.9  22.1   1.450   1.2   2.7
   1 1961  97  4396.  11.4  14.9   1.260   2.5   1.5
   1 1961  98 13565.   5.9  11.9   0.940   2.5  11.8
   1 1961  99 19385.   3.5  13.1   0.800   2.5   0.1
   1 1961 100 12225.   6.2  17.8   1.490   0.1   0.6
   1 1961 101 15491.   4.0  16.0   1.340   1.2   0.0
   1 1961 102 15366.   5.0  19.8   1.340   2.5   0.0
   1 1961 103 11430.   9.0  19.0   1.460   1.2   0.0
   1 1961 104  9504.  12.2  16.0   1.200   1.2   0.7
   1 1961 105 11514.   6.1  17.8   1.020   1.2   0.0
   1 1961 106  2889.   8.9  14.5   1.160   0.1   9.3
   1 1961 107  9211.   8.5  16.0   1.330   1.2   0.4
   1 1961 108 16705.   5.8  16.5   1.050   2.5   0.2
   1 1961 109 19594.   3.9  16.1   0.810   2.5   0.0
   1 1961 110 10593.   9.6  17.8   1.130   1.2   0.0
   1 1961 111 12100.   9.9  19.0   1.440   1.2   0.3
   1 1961 112 10006.  11.2  17.1   1.210   0.1   0.6
   1 1961 113  7662.   8.6  15.1   1.180   1.2   0.0
   1 1961 114 13523.   3.9  16.4   1.410   1.2   3.0
   1 1961 115 15198.   6.8  16.7   1.170   1.2   0.0
   1 1961 116  7997.   9.7  16.0   1.260   1.2   0.0
   1 1961 117  6992.  10.1  15.8   1.100   4.3  19.1
   1 1961 118  4019.   9.0  12.1   1.240   0.1  10.6
   1 1961 119 15198.   8.6  15.9   1.170   2.5   8.4
   1 1961 120  7118.   9.7  13.8   1.300   1.2   0.0
   1 1961 121 13649.   4.8  16.8   1.360   1.2   0.0
   1 1961 122 16161.   9.8  17.2   1.080   1.2   4.4
   1 1961 123 12895.   9.8  16.8   1.250   1.2   0.0
   1 1961 124  9923.  10.0  19.9   1.610   1.2   0.7
   1 1961 125 13858.  13.8  18.1   1.420   1.2   7.6
   1 1961 126  7034.  10.0  18.8   1.440   2.5   0.5
   1 1961 127 20264.  11.0  16.0   1.170   2.5   0.8
   1 1961 128 17585.   7.8  15.3   0.890   6.3   5.9
   1 1961 129 13649.   9.9  12.8   0.890   6.3   2.4
   1 1961 130 16789.   7.9  12.8   0.880   1.2   0.4
   1 1961 131 14235.   7.8  12.7   1.020   2.5   0.0
   1 1961 132 16831.   7.4  18.9   1.280   1.2   0.0
   1 1961 133 21604.   9.0  16.5   1.060   2.5   0.0
   1 1961 134 13063.   6.9  14.8   1.050   1.2   0.1
   1 1961 135 12393.   3.1  14.9   1.080   1.2   0.0
   1 1961 136 15742.   5.7  17.2   1.210   1.2   0.0
   1 1961 137 12016.   5.7  17.5   1.120   1.2   0.0
   1 1961 138 22106.   4.4  16.2   1.170   4.3   0.0
   1 1961 139  6155.   7.0  12.5   1.080   1.2   0.0
   1 1961 140 15072.   8.5  13.3   0.980   2.5   0.9
   1 1961 141 12100.   8.0  14.8   1.060   2.5   7.7
   1 1961 142 15659.   8.0  16.9   1.210   2.5   6.1
   1 1961 143 11891.   5.4  14.0   0.900   2.5   0.0
   1 1961 144 22692.   9.0  20.1   1.360   1.2   0.0
   1 1961 145 21604.  10.8  22.0   1.130   1.2   0.0
   1 1961 146 11556.   7.9  17.2   1.130   1.2   0.0
   1 1961 147 20934.   3.2  13.1   0.600   6.3   0.0
   1 1961 148 19804.   2.7  13.2   0.760   4.3   0.0
   1 1961 149 18087.   3.9  14.8   0.930   2.5   1.8
   1 1961 150 21018.   2.2  16.9   1.180   1.2   0.0
   1 1961 151  6699.   8.2  13.4   1.200   1.2   1.2
   1 1961 152 18003.   9.2  20.7   1.700   1.2   1.2
   1 1961 153  3098.  11.9  15.8   1.420   2.5   0.0
   1 1961 154  3936.  11.0  14.8   1.400   2.5   5.8
   1 1961 155 12895.  11.8  19.9   1.620   1.2   0.5
   1 1961 156 21604.  10.3  25.2   1.840   1.2   0.1
   1 1961 157 19510.  14.4  25.7   2.060   1.2   5.5
   1 1961 158  6992.  15.5  21.4   1.720   1.2   3.5
   1 1961 159 13523.  11.2  21.0   1.560   1.2   0.2
   1 1961 160 17208.  11.1  19.5   1.210   1.2   3.8
   1 1961 161 24325.   7.1  20.4   1.050   1.2   0.0
   1 1961 162 11262.  11.6  19.2   1.520   4.3   0.1
   1 1961 163  8960.  10.4  17.3   1.440   1.2   5.5
   1 1961 164 13523.  11.1  17.5   1.490   2.5  10.7
   1 1961 165  9713.  11.9  16.2   1.130   0.1   2.0
   1 1961 166 26879.   4.6  19.2   1.480   1.2   0.0
   1 1961 167 15868.  10.0  23.9   1.500   1.2   0.0
   1 1961 168 22567.  16.0  23.5   1.850   1.2   0.0
   1 1961 169  4899.  13.5  20.2   1.820   1.2   0.0
   1 1961 170 21813.   9.8  19.9   1.240   2.5   0.8
   1 1961 171 26126.   7.1  20.9   1.000   1.2   0.0
   1 1961 172 18045.  11.2  20.8   1.250   1.2   0.0
   1 1961 173 17291.  12.1  22.6   1.530   2.5   0.0
   1 1961 174 19008.  12.5  24.0   1.450   1.2   0.0
   1 1961 175 22483.  12.4  27.0   1.840   1.2   0.0
   1 1961 176 26209.  13.6  27.2   1.640   1.2   0.0
   1 1961 177 22651.  14.8  28.7   1.020   1.2   0.0
   1 1961 178 12184.  14.2  20.6   1.220   4.3   2.4
   1 1961 179 21143.   8.7  20.5   1.340   1.2   2.2
   1 1961 180 24786.  11.7  25.0   1.580   0.1   0.0
   1 1961 181 25874.  14.9  29.4   1.570   1.2   0.0
   1 1961 182 24618.  16.8  32.1   1.980   1.2   0.0
   1 1961 183 24032.  16.8  32.9   1.610   1.2   0.0
   1 1961 184 11639.  16.9  28.6   1.620   1.2   0.9
   1 1961 185 12100.  11.9  17.8   1.480   4.3   1.4
   1 1961 186 18422.   8.7  16.8   1.050   6.3   6.0
   1 1961 187 15868.   8.8  18.0   1.300   1.2   0.8
   1 1961 188 18422.   9.2  23.3   1.000   2.5   0.0
   1 1961 189  4731.  14.3  18.2   1.700   4.3   3.0
   1 1961 190 11556.  12.3  19.6   1.490   4.3  11.3
   1 1961 191  8625.  10.8  19.5   1.530   1.2   0.1
   1 1961 192 12853.  14.5  23.2   1.970   1.2   0.1
   1 1961 193  6364.  15.0  26.8   2.090   4.3   0.0
   1 1961 194  7787.  12.4  18.9   1.760   1.2  18.6
   1 1961 195 17291.  10.1  20.8   1.780   1.2  11.5
   1 1961 196 11346.  11.7  19.4   1.460   4.3   0.7
   1 1961 197 10844.  11.6  16.9   1.320   1.2   2.6
   1 1961 198 13440.   9.7  20.7   1.300   2.5   5.9
   1 1961 199 10928.  13.2  18.8   1.680   1.2   1.9
   1 1961 200  9713.  12.5  17.6   1.440   2.5   9.6
   1 1961 201  4815.  12.6  16.8   1.500   4.3   9.4
   1 1961 202  7118.  13.4  16.0   1.370   2.5   0.7
   1 1961 203  7871.  12.8  16.0   1.290   2.5   0.2
   1 1961 204 12979.  12.4  17.0   1.090   1.2   0.4
   1 1961 205 21897.   8.9  19.9   1.480   1.2   0.0
   1 1961 206 16035.  13.4  22.8   1.610   1.2   0.0
   1 1961 207 10090.  13.7  21.1   1.970   2.5   0.0
   1 1961 208 12309.  15.8  19.7   1.740   1.2   0.8
   1 1961 209 13733.  11.9  18.2   1.160   2.5   8.0
   1 1961 210 13816.  11.4  18.2   1.300   1.2   0.9
   1 1961 211 10090.   8.5  17.3   1.380   1.2   1.8
   1 1961 212 23362.   7.1  22.5   1.300   0.1   0.0
   1 1961 213 16622.  10.2  23.0   1.490   0.1   0.0
   1 1961 214 10593.  14.0  19.9   1.620   1.2   0.0
   1 1961 215 19301.   9.7  20.8   1.490   2.5   5.5
   1 1961 216  3726.  13.3  19.4   1.900   4.3   3.7
   1 1961 217  8918.  17.0  24.2   2.170   1.2   2.9
   1 1961 218 13565.  13.1  22.3   1.730   1.2   0.3
   1 1961 219 21018.  11.5  22.2   1.700   1.2   0.0
   1 1961 220 13816.  13.8  24.1   1.560   2.5   0.0
   1 1961 221 16119.  12.0  23.0   1.700   2.5   0.7
   1 1961 222 15366.  14.2  22.5   1.360   1.2   0.0
   1 1961 223 15072.  15.0  23.2   1.660   1.2   0.6
   1 1961 224 15491.  11.9  18.4   1.370   1.2   0.0
   1 1961 225 12560.   8.0  18.8   1.580   1.2   0.0
   1 1961 226 10593.  12.8  20.1   1.410   2.5   5.9
   1 1961 227 13440.  12.6  18.1   1.340   2.5   4.9
   1 1961 228 11932.  10.7  18.9   1.260   1.2   5.8
   1 1961 229 13649.  11.0  17.7   1.410   1.2  16.4
   1 1961 230  5401.  11.0  18.0   1.500   2.5   0.3
   1 1961 231  6908.  11.3  16.1   1.460   1.2   6.9
   1 1961 232 11723.  10.1  18.9   1.780   1.2  13.9
   1 1961 233  3098.  13.9  17.5   1.530   2.5   0.1
   1 1961 234 11514.   0.0  16.8   1.530   1.2  17.1
   1 1961 235 13272.  10.8  19.4   1.560   4.3   5.0
   1 1961 236  4396.  11.9  16.2   1.680   1.2   0.1
   1 1961 237  9881.  14.9  20.5   1.940   1.2  12.0
   1 1961 238 13942.  15.5  26.0   2.060   4.3   0.4
   1 1961 239 14486.  15.7  22.7   1.780   2.5   0.0
   1 1961 240 19427.   9.0  25.2   1.920   1.2   0.0
   1 1961 241 18254.  11.1  27.6   2.100   1.2   0.0
   1 1961 242 16915.  17.9  31.8   2.310   1.2   0.0
   1 1961 243  3182.  17.0  22.2   1.900   1.2   0.0
   1 1961 244 12393.  16.8  26.8   2.470   0.1   0.0
   1 1961 245 15198.  13.0  30.1   1.540   1.2   0.0
   1 1961 246  9504.  16.6  25.3   2.180   1.2   0.1
   1 1961 247 15072.  15.4  26.8   2.130   1.2   0.0
   1 1961 248  9043.  16.8  22.0   1.810   1.2  22.3
   1 1961 249  5275.  12.6  16.8   1.280   1.2   5.6
   1 1961 250  5485.  10.9  14.3   1.370   1.2   7.7
   1 1961 251  6531.  10.3  17.9   1.540   1.2  16.4
   1 1961 252  6992.  12.4  17.9   1.480   2.5   0.4
   1 1961 253 15742.   9.9  22.0   1.640   1.2   0.1
   1 1961 254  7578.  10.8  20.9   1.620   1.2   0.0
   1 1961 255 10551.  11.8  18.9   1.500   1.2   0.2
   1 1961 256  7662.  12.7  20.3   1.770   4.3   0.0
   1 1961 257  5778.  15.1  19.1   1.810   8.6   8.0
   1 1961 258  9337.  11.3  22.2   2.050   2.5   1.0
   1 1961 259 14528.  15.2  29.0   2.460   1.2   0.0
   1 1961 260 12853.  14.3  27.1   2.340   1.2   0.0
   1 1961 261 13188.  14.0  26.1   2.420   1.2   0.0
   1 1961 262 13440.  17.1  29.5   2.500   2.5   0.0
   1 1961 263 10593.  16.3  25.3   2.180   2.5   0.1
   1 1961 264  6992.  14.9  19.2   1.850   1.2   0.1
   1 1961 265 11639.   8.9  22.7   1.740   1.2   0.0
   1 1961 266  8541.  15.8  23.6   2.030   1.2   0.0
   1 1961 267  5401.  12.9  20.2   1.920   2.5   0.0
   1 1961 268  7871.  14.0  20.0   1.730   1.2   0.0
   1 1961 269  4522.  11.7  16.5   1.680   0.1   0.0
   1 1961 270  7662.  11.9  23.1   1.900   1.2   0.2
   1 1961 271  7578.  13.9  24.0   1.970   2.5   4.6
   1 1961 272  4396.  15.4  18.9   1.530   1.2  21.0
   1 1961 273  2596.  15.6  19.0   1.780   2.5   0.1
   1 1961 274  6615.  13.6  20.2   1.520   1.2   0.7
   1 1961 275  3391.  13.5  16.5   1.660   0.1   0.1
   1 1961 276  1382.  12.3  14.7   1.580   0.1   0.0
   1 1961 277  6113.  11.8  18.9   1.490   1.2   8.2
   1 1961 278  7829.  12.4  19.7   1.640   1.2   0.1
   1 1961 279  8457.  13.2  23.7   1.860   2.5   0.0
   1 1961 280  2596.  12.1  18.7   1.620   1.2   0.0
   1 1961 281  6615.   9.0  16.8   1.300   4.3   0.1
   1 1961 282  8918.  10.3  19.0   1.400   1.2   0.2
   1 1961 283  9713.  11.0  22.0   1.720   2.5   0.0
   1 1961 284  5987.  10.8  19.8   1.810   1.2   0.0
   1 1961 285  7327.   8.0  18.2   1.570   0.1   0.1
   1 1961 286  9043.   3.9  16.8   1.440   1.2   0.0
   1 1961 287  9546.   3.1  16.1   1.440   1.2   0.0
   1 1961 288  7662.   3.8  17.8   1.440   1.2   0.2
   1 1961 289  3643.   6.1  14.7   1.410   1.2   0.0
   1 1961 290   837.   9.0  11.0   1.160   4.3   1.1
   1 1961 291  3726.   6.7  11.2   1.130   2.5  24.4
   1 1961 292  2010.   8.2   9.3   1.010   1.2   9.7
   1 1961 293  6280.   6.8  12.1   0.860   4.3   5.2
   1 1961 294  8667.   4.0  15.0   0.930   1.2   0.1
   1 1961 295  7243.   5.6  14.8   1.010   4.3   0.0
   1 1961 296  3643.   8.1  13.2   1.250   2.5   5.9
   1 1961 297  3349.   6.1  17.3   1.760   6.3   3.3
   1 1961 298  4271.  10.1  15.2   1.180   2.5  19.1
   1 1961 299  5527.   9.9  15.0   1.370   1.2   1.8
   1 1961 300  4061.  10.2  14.3   1.440   4.3   3.2
   1 1961 301  5066.   7.1  13.2   1.020   4.3   0.0
   1 1961 302  4271.   3.9  11.7   1.140   1.2   0.0
   1 1961 303  4647.   5.9  12.0   1.090   1.2   0.0
   1 1961 304  5108.   5.9  13.5   1.220   4.3   0.0
   1 1961 305  4271.   8.1  14.5   1.170   1.2   0.6
   1 1961 306  1005.   7.8  12.0   1.160   4.3   0.2
   1 1961 307  4145.   3.8  10.8   0.820   2.5   7.1
   1 1961 308  5862.   2.4   8.0   0.820   0.1   8.7
   1 1961 309  5443.   1.5  10.1   0.820   1.2   7.4
   1 1961 310  2763.  -0.9   3.5   0.690   1.2   0.0
   1 1961 311  1800.  -3.3   3.5   0.760   1.2   0.3
   1 1961 312  1172.   2.2   9.2   1.040   1.2   5.2
   1 1961 313  1675.   6.9   9.6   1.060   1.2   5.7
   1 1961 314  4229.   3.9   8.9   1.000   0.1   0.0
   1 1961 315  4647.   4.2   9.8   0.880   1.2   0.7
   1 1961 316  3684.   3.2   8.6   0.930   8.6   0.1
   1 1961 317   377.   6.3   9.8   0.850   8.6   0.0
   1 1961 318   377.   5.5   7.0   0.860   2.5   2.6
   1 1961 319  1298.   3.9   6.3   0.650   1.2   0.5
   1 1961 320  4354.  -1.9   5.5   0.800   0.1   0.0
   1 1961 321  1005.   4.4   7.5   1.000   1.2   0.6
   1 1961 322  1256.   5.7   8.4   0.930   0.1   0.3
   1 1961 323  1507.   5.6   9.0   0.980   0.1   0.0
   1 1961 324  4815.   0.1   6.1   0.590   2.5   0.0
   1 1961 325  4522.  -0.8   4.5   0.530   4.3   0.0
   1 1961 326  4061.  -1.3   6.2   0.720   1.2   0.0
   1 1961 327   586.   0.8   7.2   0.960   1.2   0.0
   1 1961 328  3098.  -1.8   6.9   0.900   1.2   1.1
   1 1961 329   879.   0.3   6.1   0.780   2.5   0.2
   1 1961 330  2303.   0.8   6.1   0.860   1.2   0.2
   1 1961 331   335.   4.0   4.9   0.820   6.3  12.5
   1 1961 332   209.   3.9   5.2   0.850   1.2   7.5
   1 1961 333  1800.   1.0   6.9   0.850   2.5   0.8
   1 1961 334   167.   6.6  10.8   1.050  11.1   0.1
   1 1961 335   544.   7.0  12.1   1.000   1.2  30.0
   1 1961 336  2345.   3.6  12.7   0.820   2.5  24.1
   1 1961 337  1340.   1.0   5.2   0.760   1.2   0.7
   1 1961 338   461.   3.0  13.0   0.940   1.2   3.0
   1 1961 339  1172.   6.0  13.9   1.120  13.8  22.3
   1 1961 340  2638.   2.0   6.2   0.690   2.5   2.8
   1 1961 341  2889.  -0.7   3.9   0.690   2.5   4.5
   1 1961 342  2010.  -2.0   1.9   0.630   1.2   0.0
   1 1961 343   209.   1.0   5.9   0.700   1.2   0.3
   1 1961 344   879.   5.9  11.1   1.020   1.2   2.5
   1 1961 345  2177.  10.3  13.9   1.060  11.1   9.5
   1 1961 346  1005.   9.1  12.8   1.320   2.5   7.9
   1 1961 347   167.   8.0  10.6   1.120   1.2   1.3
   1 1961 348   377.   2.1  10.9   0.840   1.2  14.8
   1 1961 349   712.  -1.2   2.1   0.670   1.2   0.0
   1 1961 350  1758.  -2.9  -0.6   0.410   1.2   0.0
   1 1961 351  2973.  -6.4  -0.9   0.370   4.3   0.0
   1 1961 352  3349.  -8.0  -1.0   0.440   0.1   0.0
   1 1961 353  3475.  -8.9  -0.5   0.480   0.1   0.0
   1 1961 354   461.  -1.4   1.9   0.630   1.2   0.1
   1 1961 355  1130.   2.1   5.5   0.840   1.2   0.3
   1 1961 356   712.   0.8   4.5   0.820   1.2   0.2
   1 1961 357  3517.  -6.3   0.8   0.310   2.5   0.2
   1 1961 358  3601.  -8.2  -2.5   0.410   1.2   0.0
   1 1961 359  3559. -10.6  -4.2   0.230   1.2   0.0
   1 1961 360  3433. -12.1  -2.1   0.270   1.2   0.0
   1 1961 361  3266.  -6.6  -2.0   0.390   1.2   0.0
   1 1961 362   461.  -8.7  -2.5   0.410   0.1   0.0
   1 1961 363  1005.  -2.5   5.0   0.800   1.2   0.0
   1 1961 364  1130.   4.1  10.0   0.920   4.3   3.4
   1 1961 365   335.   2.8   8.2   0.930   4.3   2.6
