*---------------------------------------------------------------------------*
* Station name: Wageningen (Haarweg), Netherlands
* Year: 1967
* Author: Peter Uithol                                     -99.000: NIL VALUE
* Source: Natuur- en Weerkunde via Nel van Keulen
* Comments: Humidity measured as dew point temperature at 14.00 h.
* Longitude: 5 50 E, latitude: 51 58 N, altitude: 7 m.
*
* Column  Daily value
* 1       station number
* 2       year
* 3       day
* 4       irradiation                   (kJ m-2 d-1)
* 5       minimum temperature           (degrees Celsius)
* 6       maximum temperature           (degrees Celsius)
* 7       early morning vapour pressure (kPa)
* 8       mean wind speed (height: 2 m) (m s-1)
* 9       precipitation                 (mm d-1)
*---------------------------------------------------------------------------*
   5.67  51.97     7. 0.00 0.00
   1 1967   1  2470.   3.6  10.9   0.681   4.5  11.1
   1 1967   2  1968.   1.9   6.3   0.652   4.1   0.0
   1 1967   3  2763.   0.5   4.3   0.681   3.8   4.6
   1 1967   4  2386.   0.7   4.6   0.681   3.1   2.2
   1 1967   5  2428.  -1.8   3.0   0.585   0.3   3.7
   1 1967   6  3643. -10.5   0.5   0.465   0.1   2.1
   1 1967   7  1340. -10.0  -2.3   0.424   0.0   0.0
   1 1967   8  2386.  -9.6  -4.0   0.399   0.0   0.1
   1 1967   9  4689. -12.1  -1.6   0.465   0.0   0.3
   1 1967  10  1758. -11.7  -2.0   0.572   2.9   0.0
   1 1967  11  1214.  -2.6   1.6   0.731   3.6   1.2
   1 1967  12  1675.   1.0   5.5   0.681   2.6   1.8
   1 1967  13  1089.   2.1   5.5   0.885   3.0   0.7
   1 1967  14   586.   3.6   7.6   0.885   3.2   0.0
   1 1967  15   544.   4.9   7.5   0.785   1.6   0.1
   1 1967  16   586.   3.0   4.7   0.731   0.7   0.1
   1 1967  17  3810.  -0.4   4.5   0.652   2.0   0.0
   1 1967  18   712.  -0.2   5.0   0.785   2.8   0.0
   1 1967  19  3308.   1.9   5.7   0.785   2.2   0.3
   1 1967  20  3224.   2.3   8.9   0.747   2.2   0.0
   1 1967  21  1005.   2.2   7.8   0.935   2.5   0.5
   1 1967  22  2428.   0.7   8.2   0.747   1.8   0.8
   1 1967  23  1424.   0.8   6.0   0.721   2.8   0.1
   1 1967  24  1884.   2.1   4.9   0.831   1.1   2.8
   1 1967  25  1717.   2.1   6.2   0.885   1.5   0.0
   1 1967  26  2093.   3.2   8.3   0.831   3.6   5.5
   1 1967  27  1968.   2.3   8.3   0.813   2.2   1.5
   1 1967  28  2093.   2.6   9.3   1.073   2.0   1.5
   1 1967  29  3140.   8.1  11.8   1.133   2.6   3.5
   1 1967  30  3140.   4.7  11.8   0.922   2.4   0.1
   1 1967  31  2805.   4.7  10.2   0.866   2.4   0.0
   1 1967  32   963.   6.1   9.6   1.030   4.1   0.1
   1 1967  33   879.   7.6   9.8   1.133   4.0   8.8
   1 1967  34  2386.   9.0  10.6   1.058   5.4   0.3
   1 1967  35  3977.   4.0  11.6   0.785   3.0   0.0
   1 1967  36  3977.  -0.5   8.2   0.866   1.0   0.0
   1 1967  37  2177.   1.8   8.0   0.802   2.4   0.1
   1 1967  38  2596.   3.1   4.9   0.785   1.3   0.3
   1 1967  39  3977.  -0.8   7.0   0.666   2.5   0.7
   1 1967  40  6364.  -4.0   6.0   0.585   0.7   3.5
   1 1967  41  2847.  -2.0   5.7   0.629   0.9   0.4
   1 1967  42  2889.   1.9   6.6   0.652   0.7   0.4
   1 1967  43  7243.  -0.8   5.5   0.465   2.0   0.0
   1 1967  44  4857.  -3.3   6.1   0.424   2.6   0.0
   1 1967  45  7034.  -3.9   1.1   0.358   3.5   0.0
   1 1967  46  6322.  -4.4   2.0   0.358   3.9   0.0
   1 1967  47  4982.  -3.6   4.2   0.615   3.6   0.0
   1 1967  48  2763.   0.6   7.9   0.629   3.5   0.3
   1 1967  49  6322.  -0.2   8.0   0.681   1.4   0.0
   1 1967  50  2219.   0.6   9.4   1.058   3.8   6.1
   1 1967  51  5987.   4.6  10.4   0.681   5.8   3.7
   1 1967  52  4061.   4.9  11.6   0.831   7.8  10.8
   1 1967  53  4229.   3.8   8.6   0.842   4.2   0.2
   1 1967  54  3517.   5.8  10.9   0.615   6.2   1.8
   1 1967  55  9043.   1.7  11.0   0.629   3.3   0.9
   1 1967  56  5066.   0.7   8.8   0.615   3.1   0.0
   1 1967  57  6155.   2.5   8.6   0.922   2.2   0.0
   1 1967  58  4773.   5.6  11.5   0.802   4.2   1.2
   1 1967  59  4731.   5.4  10.1   0.731   8.4  17.2
   1 1967  60  9043.   3.0  10.1   0.638   4.6   2.1
   1 1967  61  4187.   4.2   9.6   0.774   5.9   0.7
   1 1967  62  7243.   4.4   8.6   0.706   5.1   1.5
   1 1967  63  3517.   6.6  10.3   0.681   1.8   0.0
   1 1967  64  4103.   2.2   8.5   1.058   1.3   0.0
   1 1967  65  6866.   2.7  10.4   0.854   2.1   0.5
   1 1967  66  5945.   2.5  10.8   0.802   2.2   0.1
   1 1967  67  5359.   2.7  10.3   0.897   2.3   0.0
   1 1967  68  4271.   9.2  13.4   1.133   3.5   2.1
   1 1967  69  4229.   7.0  15.3   1.002   4.6   0.1
   1 1967  70  8750.   6.0  10.9   0.652   5.5   0.5
   1 1967  71  8625.   4.1  10.2   0.531   4.2   1.0
   1 1967  72  8415.   1.2   9.4   0.585   2.6   3.1
   1 1967  73  3056.   1.0   8.8   0.910   2.5   0.6
   1 1967  74  6155.   3.2   9.2   0.802   4.5   0.1
   1 1967  75  7243.   1.8  10.7   0.629   2.8   0.6
   1 1967  76  3768.   0.5   8.7   0.747   1.3   0.9
   1 1967  77  5527.   3.4   9.1   0.638   6.5   0.1
   1 1967  78  5527.   3.5   8.8   0.774   3.5   3.0
   1 1967  79  5778.   4.2   9.4   0.785   3.5   2.6
   1 1967  80  5066.   5.8   9.2   0.897   3.0   0.0
   1 1967  81  3475.   5.2  11.5   0.948   4.5   0.0
   1 1967  82 10174.   5.2   9.3   0.559   4.8   0.1
   1 1967  83 13481.   0.7   9.1   0.615   3.0   0.0
   1 1967  84 12519.   4.0  10.6   0.721   2.8   0.0
   1 1967  85  9588.   5.3  14.5   0.774   4.0   0.0
   1 1967  86  3977.   3.7  12.5   0.831   3.7   0.3
   1 1967  87  6531.   2.2   9.8   0.758   3.8  15.1
   1 1967  88  9755.   0.9   8.1   0.638   4.0   6.3
   1 1967  89  5652.   2.3   8.3   0.747   2.8   7.5
   1 1967  90  7704.  -0.3   8.6   0.666   1.0   5.2
   1 1967  91 14277.  -2.2   7.8   0.629   1.5   0.0
   1 1967  92  4689.  -1.5   8.0   0.774   3.4   0.0
   1 1967  93 11430.   3.6   7.7   0.866   3.3   6.7
   1 1967  94  6280.   3.2  11.1   0.975   2.9   1.2
   1 1967  95  5568.   5.6  12.0   0.666   1.9   0.0
   1 1967  96  4396.   1.7  10.2   0.572   3.8   9.3
   1 1967  97 10258.   0.5   5.6   0.774   2.5   0.6
   1 1967  98  7327.   1.2   9.0   0.681   1.1   1.1
   1 1967  99  8709.  -1.4   9.9   0.666   2.6   0.1
   1 1967 100  6699.   5.7  13.5   1.044   1.8   4.1
   1 1967 101 10634.   5.3  12.9   0.866   4.0   3.1
   1 1967 102 11681.   2.0  12.8   0.854   1.2   0.3
   1 1967 103 13481.   4.7  14.8   1.080   2.0   1.4
   1 1967 104 17668.   5.1  17.2   0.721   3.7   0.0
   1 1967 105 19636.   2.8  14.6   0.758   2.4   0.0
   1 1967 106 15784.   3.1  15.4   0.910   1.7   0.0
   1 1967 107 15072.   0.7  13.0   1.148   2.3   0.1
   1 1967 108 14235.   5.7  15.6   0.585   3.5   0.0
   1 1967 109 12267.  -0.2   9.3   0.547   3.2   0.1
   1 1967 110  5401.   6.2  10.4   0.681   4.5   0.4
   1 1967 111 13314.   4.0  11.0   0.666   4.3   2.7
   1 1967 112 22525.  -0.8   8.1   0.652   2.4   0.8
   1 1967 113  8122.   3.7   8.4   0.572   1.7   0.2
   1 1967 114 12853.  -4.6   8.3   0.531   0.7   0.2
   1 1967 115 21562.   1.3  10.0   0.412   2.6   0.0
   1 1967 116 21562.  -1.3  11.9   0.465   1.4   0.0
   1 1967 117 21813.   0.3  13.6   0.451   2.2   0.0
   1 1967 118 19427.  -1.1  15.4   0.602   2.4   0.0
   1 1967 119 20180.   7.2  15.2   0.854   2.5   0.3
   1 1967 120 21604.  -0.4  13.2   0.813   2.5   0.0
   1 1967 121  6615.   7.7  16.6   0.696   2.0   0.0
   1 1967 122 12770.   0.3   9.9   0.802   1.1   0.0
   1 1967 123 17124.  -1.7   8.7   0.652   1.5   0.3
   1 1967 124 20683.   1.2   9.2   0.602   3.8   0.1
   1 1967 125 20599.   7.7  15.2   0.706   4.8   0.0
   1 1967 126  9085.   9.7  21.2   0.961   1.6   3.4
   1 1967 127 15617.   5.1  15.3   1.002   2.0   2.0
   1 1967 128 19929.   4.6  15.4   0.747   1.2   1.1
   1 1967 129 20390.   1.6  17.6   0.785   0.7   0.5
   1 1967 130 22944.   3.0  19.4   0.897   1.0   0.0
   1 1967 131 18841.  10.3  23.1   1.016   2.1   0.0
   1 1967 132 16998.  11.6  27.0   1.518   1.4   0.4
   1 1967 133 15659.  12.2  25.1   1.460   1.4   2.7
   1 1967 134 17878.  12.1  21.4   1.349   2.3   0.0
   1 1967 135 18003.  13.6  25.6   1.538   2.1  13.4
   1 1967 136 11849.   9.4  20.3   1.313   0.8   1.6
   1 1967 137 14779.   6.8  18.1   1.164   1.7   3.0
   1 1967 138 15952.   8.1  16.7   0.842   2.9   0.8
   1 1967 139  9755.   2.3  12.6   0.813   3.0   0.3
   1 1967 140 18841.  10.4  14.1   0.866   5.1   1.7
   1 1967 141 21562.   8.1  16.4   0.842   2.3   0.0
   1 1967 142  7787.  10.2  17.5   1.431   2.1   0.0
   1 1967 143 15575.   9.0  18.1   0.885   1.6   2.5
   1 1967 144  7662.   7.7  16.3   1.148   2.8   0.0
   1 1967 145 13063.   8.0  13.4   0.948   2.4   4.2
   1 1967 146 14654.   7.2  14.7   0.922   2.7   6.8
   1 1967 147 21562.   6.7  15.7   1.296   2.5   1.2
   1 1967 148 23111.  14.4  21.7   1.569   2.6   0.0
   1 1967 149 13942.  11.9  26.6   1.313   1.5  13.6
   1 1967 150 12058.   6.0  18.3   1.287   1.0   0.0
   1 1967 151  4187.   8.0  17.7   1.287   2.5  12.3
   1 1967 152  9253.  10.6  13.0   1.469   1.9   7.4
   1 1967 153 13188.  10.8  16.6   1.422   0.9   0.0
   1 1967 154 14319.   7.9  19.3   1.663   0.8   0.0
   1 1967 155 19134.   8.8  19.2   1.313   2.0   0.0
   1 1967 156 21688.   9.2  20.8   1.148   1.5   1.6
   1 1967 157 21311.   9.1  19.1   1.558   1.9   0.0
   1 1967 158 11681.  13.6  22.5   1.125   2.2   0.0
   1 1967 159 23404.   4.7  18.2   0.842   1.8   0.1
   1 1967 160 19343.   6.6  16.2   0.721   1.1   0.3
   1 1967 161 16161.   4.7  15.3   0.813   2.9   0.0
   1 1967 162 18464.   8.7  15.4   0.961   2.4   0.0
   1 1967 163 19259.   6.0  15.3   0.885   1.9   0.7
   1 1967 164 26293.   4.3  18.9   1.058   2.3   0.0
   1 1967 165 16035.   7.7  17.9   1.164   2.8   0.0
   1 1967 166 18296.  10.7  16.7   0.866   2.0   4.2
   1 1967 167 14110.   8.8  18.7   1.376   2.1   0.0
   1 1967 168 22525.  11.4  20.7   1.403   2.6   0.7
   1 1967 169 10760.   8.2  21.6   1.016   1.0   0.0
   1 1967 170 21813.   3.8  15.3   1.188   0.8   0.0
   1 1967 171 18506.   4.3  19.7   1.322   2.2   0.0
   1 1967 172 17166.  13.3  21.5   1.058   2.6   0.1
   1 1967 173 14779.   9.8  18.4   1.663   2.3   0.0
   1 1967 174 11011.  14.4  22.2   1.740   1.2   0.3
   1 1967 175  6155.  13.2  23.2   1.652   1.7   5.0
   1 1967 176 12770.  14.0  20.2   2.118   2.1  12.2
   1 1967 177 18087.  11.1  23.9   1.073   1.5   0.3
   1 1967 178  7746.  11.2  21.7   1.460   1.0   0.0
   1 1967 179 21478.  11.1  17.9   1.431   1.9   2.9
   1 1967 180  9127.  12.3  21.4   1.499   3.1   0.0
   1 1967 181 21143.  14.3  20.6   1.287   1.3   0.0
   1 1967 182 21143.  10.1  20.5   1.469   0.8   0.0
   1 1967 183 21185.  11.2  24.6   1.729   1.2   0.0
   1 1967 184 15198.  13.0  25.8   1.245   2.0   2.6
   1 1967 185 15659.  11.1  20.3   1.262   2.3   0.0
   1 1967 186  8374.  10.7  18.9   1.460   0.6   0.0
   1 1967 187 21897.   6.7  19.2   1.188   1.2   0.0
   1 1967 188 11891.  12.2  23.7   1.538   0.9   0.0
   1 1967 189  6238.  14.2  25.1   1.685   2.4   0.0
   1 1967 190 18715.  10.5  18.4   1.188   2.2   2.7
   1 1967 191 21981.   4.8  19.5   1.394   0.9   0.0
   1 1967 192 23781.   8.3  22.9   1.376   0.7   0.0
   1 1967 193 22274.  14.4  27.5   1.785   2.0   0.0
   1 1967 194 21269.  14.9  27.4   1.751   1.9   0.0
   1 1967 195 16747.  18.6  30.8   1.796   1.9   3.6
   1 1967 196  6950.  14.8  26.5   1.685   1.7   0.2
   1 1967 197  7662.  10.6  19.8   1.631   0.5   0.1
   1 1967 198 21939.   9.6  20.4   1.322   1.7   1.7
   1 1967 199 21646.  15.2  25.4   1.610   2.7   0.0
   1 1967 200 18715.  17.0  31.2   1.977   2.0   5.6
   1 1967 201 21185.  13.8  26.0   1.422   2.2   1.6
   1 1967 202 16161.  10.2  22.9   1.685   0.9   0.0
   1 1967 203 13272.  10.7  22.5   1.030   1.6   0.0
   1 1967 204 14193.  12.9  21.4   1.164   1.9   0.0
   1 1967 205 22274.   7.7  22.6   1.220   0.7   0.0
   1 1967 206 16245.  10.7  23.7   1.499   1.6   0.0
   1 1967 207 18589.  14.2  23.3   1.631   1.6   0.0
   1 1967 208 23153.  13.9  23.2   1.180   1.7   0.0
   1 1967 209 11639.  12.6  25.7   1.820   1.6   0.0
   1 1967 210 15240.  16.1  22.4   1.620   1.3   4.8
   1 1967 211  5945.  14.7  22.4   2.092   1.7   0.2
   1 1967 212 14654.  14.7  23.3   1.964   0.8   0.0
   1 1967 213 17961.  14.1  27.0   1.685   1.1   0.0
   1 1967 214 13147.  15.2  30.1   2.027   1.7   0.3
   1 1967 215 14193.  15.1  26.0   1.296   2.7   0.0
   1 1967 216 16412.   9.8  20.1   1.164   1.6   0.0
   1 1967 217 17920.  10.3  20.5   1.164   2.6   3.5
   1 1967 218 17961.   5.6  19.4   0.922   0.8   0.1
   1 1967 219 18506.   5.5  21.6   0.935   1.8   0.0
   1 1967 220 17920.  13.6  23.6   1.367   2.5   0.0
   1 1967 221  6448.  16.7  26.6   1.820   1.7   4.2
   1 1967 222 15533.  15.2  22.2   1.589   1.3   0.1
   1 1967 223 10383.  13.0  23.7   1.706   2.3  17.7
   1 1967 224  9797.  13.8  21.2   1.518   2.6   2.9
   1 1967 225  8709.  12.9  18.5   1.631   2.8   0.6
   1 1967 226  8457.  10.4  17.1   1.489   2.6   3.8
   1 1967 227  9295.  13.8  17.2   1.349   3.7   8.7
   1 1967 228  5862.  15.4  19.1   1.785   2.3  30.0
   1 1967 229 14235.  12.5  19.4   1.450   3.2   2.8
   1 1967 230 11430.  12.6  18.6   1.422   2.2   3.3
   1 1967 231  5443.  14.0  20.0   1.843   1.7   0.3
   1 1967 232 19343.   5.3  18.8   1.073   1.1  21.2
   1 1967 233 13691.   5.7  19.3   1.538   0.9   0.0
   1 1967 234 19469.   9.8  20.3   1.589   2.1   0.0
   1 1967 235 17375.  11.1  20.3   1.855   1.1   0.0
   1 1967 236 18506.  10.9  24.9   1.460   1.4   0.1
   1 1967 237 10258.  11.6  23.6   2.002   0.8   0.1
   1 1967 238 14821.  11.0  22.2   1.538   1.0   0.1
   1 1967 239 13230.   8.1  21.2   1.674   0.5   0.1
   1 1967 240 16705.   7.3  22.3   1.528   0.6   0.1
   1 1967 241 12519.  11.3  22.9   1.751   1.8   0.0
   1 1967 242 12225.  11.5  22.4   1.403   1.6   0.1
   1 1967 243  8457.  12.1  20.1   1.367   2.3   0.0
   1 1967 244  2931.  14.1  19.5   1.751   2.1   0.0
   1 1967 245  6824.  15.5  17.9   1.431   3.5  20.2
   1 1967 246  6155.  12.2  20.1   1.313   3.0   2.6
   1 1967 247 12519.  11.9  17.8   1.287   3.1   2.0
   1 1967 248  3726.  10.7  17.3   1.422   3.6   1.2
   1 1967 249 11011.  11.2  15.6   1.073   2.6   3.5
   1 1967 250 10593.   6.9  18.1   1.313   1.0   1.1
   1 1967 251 14110.   3.2  17.0   1.030   1.1   9.7
   1 1967 252 10676.   5.0  18.0   1.340   0.8   0.2
   1 1967 253 13481.   3.8  17.2   1.133   0.5   3.0
   1 1967 254  7871.   3.6  18.4   1.340   0.4   0.1
   1 1967 255 11597.   8.5  17.1   1.204   1.3   0.0
   1 1967 256  4271.  11.2  18.8   1.631   1.5   0.5
   1 1967 257  3098.  13.1  16.6   1.706   1.3   0.8
   1 1967 258 10467.  14.7  17.1   1.349   2.3   2.5
   1 1967 259  8667.  10.5  19.2   1.569   0.9   0.0
   1 1967 260  9378.  11.1  20.0   1.610   0.9   5.2
   1 1967 261  8290.   8.8  18.0   1.469   1.1   0.1
   1 1967 262  5317.   8.2  19.0   1.296   2.0   6.8
   1 1967 263  8625.  10.2  15.8   1.287   3.0   3.4
   1 1967 264  2638.   6.8  15.9   1.431   1.0   3.9
   1 1967 265  7494.   9.4  13.6   1.204   3.2   8.1
   1 1967 266 12309.   9.8  16.7   1.188   1.0   1.7
   1 1967 267  7076.  11.2  18.1   1.927   1.7   1.6
   1 1967 268  5945.  14.0  20.2   1.867   0.9   0.2
   1 1967 269  8374.  16.6  21.9   2.241   1.7   0.0
   1 1967 270 10174.  11.3  26.0   1.558   0.8   0.0
   1 1967 271 11681.   7.1  21.8   1.610   0.4   0.1
   1 1967 272  8206.  10.6  23.0   1.915   1.5   0.0
   1 1967 273  9923.  14.6  22.3   1.569   3.9   1.1
   1 1967 274 10132.  10.7  18.2   1.322   2.3   0.8
   1 1967 275  5024.  10.6  18.3   1.148   2.6   0.0
   1 1967 276 10090.   8.1  15.2   0.910   3.6   1.9
   1 1967 277  7243.   9.6  15.7   1.030   3.8   6.7
   1 1967 278  5192.   8.3  14.6   1.002   4.0   4.8
   1 1967 279  5066.   7.7  13.3   1.245   2.3   5.3
   1 1967 280  3475.  10.1  14.7   1.631   4.0   0.3
   1 1967 281  3056.  13.0  16.6   1.717   3.0   0.1
   1 1967 282  2721.  14.4  17.0   1.631   3.2   3.5
   1 1967 283  1842.  14.1  17.5   1.663   2.8   0.0
   1 1967 284  4229.  13.6  15.6   1.394   1.6   0.7
   1 1967 285  6448.  10.8  16.9   1.579   1.1   0.1
   1 1967 286  5024.  14.0  19.7   0.897   2.4   6.4
   1 1967 287  8290.   5.6  14.9   0.910   2.5   1.5
   1 1967 288  5359.   9.9  15.0   1.030   4.3   1.6
   1 1967 289  4940.  10.0  15.2   1.125   3.5   9.2
   1 1967 290  2805.   9.1  17.9   0.885   7.3   8.9
   1 1967 291  7285.   4.2  18.5   0.961   5.0   5.0
   1 1967 292  7704.   2.4  11.6   0.696   3.6   1.0
   1 1967 293  7411.   3.7  12.0   0.948   2.3   0.4
   1 1967 294  7327.  11.4  18.5   1.460   1.6   0.0
   1 1967 295  4312.  12.5  20.3   1.095   1.9   5.0
   1 1967 296  6238.   3.7  14.8   1.125   1.4   0.2
   1 1967 297  4647.   5.1  15.1   1.164   1.1   0.1
   1 1967 298  4773.   6.9  13.6   1.110   2.2   0.1
   1 1967 299  6238.   8.5  13.4   1.058   4.2   1.5
   1 1967 300  2638.   7.4  15.0   1.245   2.6   0.0
   1 1967 301  3684.   8.8  13.2   1.016   4.5   5.8
   1 1967 302  3056.   6.7  12.6   0.802   3.8   1.6
   1 1967 303  6029.   4.9  10.3   0.854   2.8   0.7
   1 1967 304  2010.   5.1  10.3   0.922   3.9   0.8
   1 1967 305  3768.   6.1   9.2   0.885   3.3   3.3
   1 1967 306  4396.   6.8   9.9   0.866   3.0   6.3
   1 1967 307  2386.   7.2  11.7   0.885   3.8   3.1
   1 1967 308  3266.   5.8  10.0   0.696   4.2   1.1
   1 1967 309  2470.   7.5  10.4   0.897   2.6   4.4
   1 1967 310  1549.   5.8  10.2   0.731   5.5   4.3
   1 1967 311  5903.   2.3   7.8   0.706   2.3   1.6
   1 1967 312  6155.  -4.8   8.9   0.696   1.6   0.0
   1 1967 313  3266.  -5.2   9.8   0.758   0.7   0.0
   1 1967 314  4564.  -2.9   7.0   0.854   1.6   3.7
   1 1967 315   754.   3.1  10.2   0.948   3.3   5.7
   1 1967 316  4229.   5.8  11.9   0.747   1.9   2.9
   1 1967 317  5024.   1.2  11.0   0.897   0.9   0.1
   1 1967 318   921.   1.5  10.3   1.002   0.9   0.0
   1 1967 319  1758.   3.7   9.6   0.948   0.9   2.0
   1 1967 320  3977.   3.1   9.0   0.922   1.1   0.0
   1 1967 321  5401.  -3.4   9.0   0.666   0.3   0.4
   1 1967 322  5527.  -6.7   9.3   0.885   0.2   0.0
   1 1967 323  1340.  -6.5   8.3   0.910   0.7   0.4
   1 1967 324  4605.   1.7   6.5   0.585   2.1   0.0
   1 1967 325  4689.  -6.9   7.1   0.666   0.5   0.0
   1 1967 326  1717.  -6.1   5.7   0.831   0.6   0.1
   1 1967 327   754.   2.4   8.0   0.802   1.7   0.0
   1 1967 328  1256.   3.4   5.0   0.721   2.8   0.0
   1 1967 329   419.   1.0   3.8   0.666   2.4   0.1
   1 1967 330   586.   1.2   3.8   0.854   1.2   0.7
   1 1967 331  3140.   2.7   5.9   0.602   1.5   5.5
   1 1967 332   544.  -0.9   6.0   0.961   2.7   3.4
   1 1967 333   879.   5.2   8.9   0.866   2.4  21.5
   1 1967 334  3601.   0.3   6.9   0.897   0.7   5.3
   1 1967 335   754.   0.0   9.0   0.758   1.0   0.1
   1 1967 336  1256.   0.9   5.4   0.802   0.7   0.3
   1 1967 337   712.   0.7   5.7   0.785   2.0   0.2
   1 1967 338  2889.   1.4   5.9   0.897   2.7   0.0
   1 1967 339   502.   4.3   8.0   0.988   4.3   0.1
   1 1967 340   963.   4.6   9.1   0.666   3.0   7.6
   1 1967 341  2428.   0.8   5.3   0.602   4.6   5.3
   1 1967 342  3224.  -0.6   2.9   0.602   3.0   6.1
   1 1967 343  3684.  -2.0   0.2   0.504   3.8   1.0
   1 1967 344  1465.  -3.5   0.2   0.559   1.7   0.3
   1 1967 345  2345. -11.2  -0.4   0.316   0.7   0.0
   1 1967 346   837.  -8.5  -1.6   0.615   2.3   0.8
   1 1967 347  1675.  -1.5   3.4   0.885   0.7   2.9
   1 1967 348  1633.   2.6   6.9   1.044   0.8   2.2
   1 1967 349   419.   5.7   8.4   0.813   3.5   0.3
   1 1967 350  2638.   4.8   7.5   0.706   4.8   4.2
   1 1967 351  2470.  -0.8   6.5   0.706   2.3   1.0
   1 1967 352  2219.   0.0   4.2   0.696   3.1   2.0
   1 1967 353  2638.   0.0   3.8   0.638   1.4   2.3
   1 1967 354  2889.  -4.7   3.9   0.666   0.5   0.3
   1 1967 355  1047.  -2.1   4.1   0.358   3.1   0.2
   1 1967 356   795.  -1.0   6.9   0.948   3.9   0.8
   1 1967 357   419.   6.7  12.7   1.188   6.3  22.8
   1 1967 358  1424.   7.7  13.0   0.935   2.6   6.8
   1 1967 359  1298.   6.6   8.7   0.948   2.3   4.3
   1 1967 360  1465.   4.6   7.0   0.785   1.2   0.7
   1 1967 361  2093.   1.0   6.4   0.666   2.4   0.3
   1 1967 362  1675.   1.0   7.9   0.696   3.3  10.8
   1 1967 363  2303.   1.7   6.0   0.681   1.9   2.7
   1 1967 364  1800.  -1.4   5.9   0.629   1.7   0.8
   1 1967 365  1340.   0.1   3.5   0.615   1.5   6.5
