*---------------------------------------------------------------------------*
* Station name: Wageningen (Haarweg), Netherlands
* Year: 1968
* Author: Peter Uithol                                     -99.000: NIL VALUE
* Source: Natuur- en Weerkunde via Nel van Keulen
* Comments: Humidity measured as dew point temperature at 14.00 h.
*           Missing values are exchanged with daily weather
*           data from synoptic station de Bilt, Netherlands
*
* Longitude: 5 40 E, latitude: 51 58 N, altitude: 7 m.
*
* Column  Daily value
* 1       station number
* 2       year
* 3       day
* 4       irradiation                   (kJ m-2 d-1)
* 5       minimum temperature           (degrees Celsius)
* 6       maximum temperature           (degrees Celsius)
* 7       early morning vapour pressure (kPa)
* 8       mean wind speed (height: 2 m) (m s-1)
* 9       precipitation                 (mm d-1)
*---------------------------------------------------------------------------*
   5.67  51.97     7. 0.00 0.00
   1 1968   1  1633.  -1.2   2.3   0.615   0.8   5.2
   1 1968   2  1884.  -0.7   0.9   0.572   0.9   0.1
   1 1968   3   712.  -1.7   0.3   0.602   2.0   0.0
   1 1968   4  2428.   0.2   2.8   0.479   4.2   2.1
   1 1968   5   879.  -0.4   2.6   0.629   2.7   0.0
   1 1968   6  1717.  -0.3   8.6   0.520   1.6  23.0
   1 1968   7  1633.  -0.3   2.6   0.451   1.7   0.7
   1 1968   8  3056.  -5.8   1.2   0.602   1.9   0.5
   1 1968   9  2889.  -6.2   2.3   0.290   2.8   0.1
   1 1968  10  2261. -11.6  -4.7   0.629   2.2   0.1
   1 1968  11  3601.  -5.8   2.7   0.493   3.6   1.3
   1 1968  12  3391. -15.2   1.0   0.304   0.2   1.5
   1 1968  13  3559. -19.2  -5.9   0.277   1.4   0.1
   1 1968  14   419. -15.0   4.8   0.948   6.3  11.2
   1 1968  15  3308.   3.9  10.8   0.802   8.9   4.5
   1 1968  16   754.   3.1  10.1   1.002   2.9   0.0
   1 1968  17  1926.   5.8  10.0   0.785   5.2   2.6
   1 1968  18  2638.   5.4   9.1   0.802   4.3   5.3
   1 1968  19   837.   5.5   7.2   1.016   0.9   1.5
   1 1968  20  3768.   5.8   7.7   0.758   1.7   0.0
   1 1968  21  3056.  -4.4   7.6   0.696   0.6   0.0
   1 1968  22   879.  -2.6   3.2   0.706   0.4   0.0
   1 1968  23  1172.  -0.5   2.9   0.572   2.5   0.0
   1 1968  24  3517.  -0.8   3.0   0.602   3.9   0.3
   1 1968  25  1047.   1.3   5.3   0.885   3.8   3.4
   1 1968  26  2554.   2.9   7.1   0.681   4.1   2.6
   1 1968  27  1424.   3.7   6.3   0.706   3.7   3.3
   1 1968  28  2303.   5.3   6.4   0.813   2.8   2.6
   1 1968  29  3308.   0.2   6.8   0.774   3.1   0.4
   1 1968  30  1172.   1.0   6.1   0.854   4.2   0.2
   1 1968  31  1842.   5.7   7.1   0.910   3.2   0.6
   1 1968  32  1298.   2.6   9.0   0.731   3.5   1.5
   1 1968  33  3140.   2.3   5.2   0.696   3.8   1.6
   1 1968  34  1089.   0.5   5.6   0.666   2.1   7.5
   1 1968  35  5066.  -1.4   2.7   0.615   1.9   0.0
   1 1968  36  1675.  -1.2   4.9   0.585   5.3   0.1
   1 1968  37  6364.   0.2   3.5   0.602   4.3   4.6
   1 1968  38  2219.   1.3   6.6   0.706   3.7   1.4
   1 1968  39  3936.   3.2   6.5   0.615   2.9   2.7
   1 1968  40  1800.   1.3   7.4   0.666   2.0   0.0
   1 1968  41  1340.   1.5   3.9   0.706   1.7   5.5
   1 1968  42  2428.   0.5   3.7   0.559   1.5   0.2
   1 1968  43  4857.   0.5   3.6   0.547   2.0   0.0
   1 1968  44  1968.   0.6   5.8   0.885   1.5   0.6
   1 1968  45  2428.   2.3   7.2   0.602   2.6   0.0
   1 1968  46  3601.   1.0   3.2   0.465   2.8   2.1
   1 1968  47  5359.  -2.8   3.9   0.572   1.7   0.2
   1 1968  48  2135.  -2.2   3.8   0.638   1.5   0.2
   1 1968  49  4605.  -0.5   2.0   0.424   1.2   0.6
   1 1968  50  4605.  -2.4   5.7   0.531   0.8   0.0
   1 1968  51  7871.  -1.8   4.1   0.493   1.4   0.0
   1 1968  52  1842.  -1.8   6.5   0.602   1.9   0.0
   1 1968  53  2010.  -0.3   3.7   0.547   1.9   7.1
   1 1968  54  2010.  -0.3   0.6   0.572   4.3   0.1
   1 1968  55  2219.  -1.6   0.2   0.424   3.8   0.0
   1 1968  56 10760.  -5.0  -0.4   0.504   3.0   0.0
   1 1968  57 10593.  -6.5   1.7   0.399   1.8   0.0
   1 1968  58 10300.  -6.3   3.2   0.547   1.5   0.0
   1 1968  59  4982.  -2.8   5.4   0.559   1.5   0.0
   1 1968  60  2093.  -2.4   3.4   0.600   1.5   0.0
   1 1968  61  6071.  -1.6   0.0   0.547   3.5   0.0
   1 1968  62  9672.  -1.6   6.2   0.493   3.9   0.0
   1 1968  63  7327.  -3.8   6.9   0.572   2.2   0.0
   1 1968  64  2596.  -3.4   4.7   0.813   1.7   0.0
   1 1968  65  3810.   1.7   7.0   0.721   4.2   0.1
   1 1968  66  3810.   3.5   7.9   0.520   5.5   5.1
   1 1968  67  2135.  -2.6   4.3   0.706   3.7   2.6
   1 1968  68  7871.  -0.2   5.4   0.531   2.2   0.0
   1 1968  69  6280.   1.2   7.0   0.652   3.2   1.3
   1 1968  70  2596.   3.9   7.4   0.854   4.2   0.2
   1 1968  71  5694.   1.2   6.7   0.638   3.6   2.7
   1 1968  72  9295.  -3.6   5.7   0.465   0.9   0.6
   1 1968  73  3266.  -0.2   5.6   0.706   4.3   0.0
   1 1968  74  7411.   3.0   6.0   0.520   4.7   3.2
   1 1968  75  5694.   2.0   7.2   0.559   4.0   6.0
   1 1968  76  8667.   0.0   6.6   0.666   3.6   1.4
   1 1968  77 11011.   3.2   8.2   0.520   8.7   3.8
   1 1968  78  7159.   5.3   8.6   0.666   8.0   0.0
   1 1968  79  7913.   2.7   9.5   0.842   4.6   0.0
   1 1968  80  7243.   5.0  10.4   0.721   4.5   0.2
   1 1968  81  3266.   2.6  12.5   0.885   3.8   1.4
   1 1968  82  5903.   4.0   9.7   0.813   4.2   2.0
   1 1968  83  2596.   2.3   8.6   1.133   4.4   1.0
   1 1968  84 15701.   7.2  12.8   0.696   3.9   0.0
   1 1968  85  6741.   9.4  20.7   0.774   1.9   0.0
   1 1968  86 14068.   7.0  14.4   0.731   3.0   0.0
   1 1968  87 14612.   4.0  13.5   0.531   2.7   0.0
   1 1968  88 15575.   1.0  15.7   0.681   1.5   0.0
   1 1968  89 15491.   8.3  20.1   0.831   2.0   0.0
   1 1968  90 14905.   6.0  24.4   1.016   2.0   0.0
   1 1968  91 11765.   5.3  20.4   0.666   2.9   4.2
   1 1968  92  7871.   5.7  12.0   0.831   4.8   0.0
   1 1968  93  5150.   7.0  12.3   0.774   4.7   0.0
   1 1968  94 10844.  -0.7  14.4   0.451   5.3   3.5
   1 1968  95  8122.  -0.2   7.2   0.747   3.2   3.6
   1 1968  96 10216.   0.8   9.0   0.602   1.9   2.2
   1 1968  97 11807.  -0.8   8.1   0.479   1.5   0.0
   1 1968  98 12560.  -3.5   8.5   0.465   2.0   0.0
   1 1968  99 12770.  -6.3   7.8   0.345   1.0   0.0
   1 1968 100 17961.  -6.2   7.2   0.504   0.9   0.0
   1 1968 101 16957.  -6.0  11.6   0.412   2.0   0.0
   1 1968 102 15240.  -6.1  10.4   0.358   2.3   0.0
   1 1968 103 13816.  -5.5   9.0   0.493   3.8   0.0
   1 1968 104  7243.  -2.7   8.5   0.629   2.8   0.0
   1 1968 105 18506.   2.1  10.6   0.696   3.2   0.0
   1 1968 106 14151.   7.1  15.1   0.585   3.9   0.0
   1 1968 107 15072.   7.8  17.4   0.681   4.7   0.0
   1 1968 108 17501.  10.2  21.6   1.002   1.7   1.1
   1 1968 109 17459.  10.1  22.4   1.313   2.2   0.0
   1 1968 110 19008.  10.6  24.5   0.866   2.4   0.0
   1 1968 111 16538.  11.3  18.9   1.220   2.4   0.0
   1 1968 112 17878.  13.0  26.8   1.631   2.1   0.0
   1 1968 113 13775.   8.6  29.4   1.204   1.4   0.0
   1 1968 114  3559.   9.7  23.7   1.262   2.3   0.4
   1 1968 115 14277.   4.7  15.0   0.910   0.7   4.9
   1 1968 116 15449.   0.8  16.5   0.910   1.4   0.1
   1 1968 117 22190.  -1.0  16.7   0.602   1.2   0.0
   1 1968 118 19217.  -0.4  17.7   0.897   2.4   0.0
   1 1968 119  6029.   9.8  19.8   1.016   2.0   2.8
   1 1968 120  8876.   8.3  14.8   1.058   3.3   0.9
   1 1968 121  9462.   6.1  15.8   0.885   2.2   0.6
   1 1968 122  8876.   7.0  15.4   1.073   3.9   3.4
   1 1968 123 16831.   6.8  11.7   1.030   2.3   5.3
   1 1968 124 13481.   4.4  15.3   0.897   1.3   0.0
   1 1968 125 10174.   9.3  15.2   1.204   2.5   5.7
   1 1968 126  7159.   9.9  16.5   0.897   2.4  15.3
   1 1968 127  7871.   4.7  13.8   0.681   1.5   0.0
   1 1968 128 11556.   5.8  12.1   0.802   2.3   1.3
   1 1968 129 15156.   5.7  11.6   0.731   1.8   0.6
   1 1968 130 11179.   7.0  12.7   1.044   1.7   0.0
   1 1968 131  8834.   9.7  16.9   0.975   3.6   6.0
   1 1968 132  6531.   8.3  13.6   1.148   3.1   7.3
   1 1968 133  9923.   5.1  14.2   1.002   1.7   1.6
   1 1968 134  6908.   2.9  12.2   1.030   3.8   1.0
   1 1968 135 18715.   9.3  11.9   0.785   2.2  11.6
   1 1968 136  4899.   4.9  14.2   1.313   2.5   0.2
   1 1968 137  7411.   9.4  15.8   1.125   3.0   4.0
   1 1968 138 15282.   0.8  13.7   0.731   2.2   0.4
   1 1968 139  9295.   1.1  10.1   0.988   1.8   1.2
   1 1968 140 15659.   1.8  11.0   0.802   1.8   5.9
   1 1968 141 10551.   1.7  11.8   0.774   1.1   3.6
   1 1968 142  9002.   5.5  11.3   0.854   1.0   0.4
   1 1968 143 14905.   7.5  13.2   0.758   1.8   0.0
   1 1968 144 20725.  10.0  16.8   0.910   2.7   0.0
   1 1968 145 19636.   8.7  17.1   0.922   3.4   0.0
   1 1968 146 22106.   8.1  18.4   1.044   3.2   0.0
   1 1968 147  2638.  10.9  20.0   1.376   1.4   4.6
   1 1968 148 18882.  12.2  14.8   1.652   1.4   9.6
   1 1968 149 16077.  12.7  21.0   1.751   2.8   0.0
   1 1968 150  9923.  12.4  19.7   1.313   2.2   0.0
   1 1968 151 25288.   9.4  17.5   0.802   3.1   0.0
   1 1968 152 24786.   7.8  20.8   0.866   2.5   0.0
   1 1968 153 15617.   6.0  21.7   0.948   2.4   0.0
   1 1968 154 11681.   7.2  22.8   1.367   1.6   0.0
   1 1968 155 13063.   9.1  21.0   1.489   1.1   0.0
   1 1968 156  9755.  10.8  21.8   1.262   1.1   0.1
   1 1968 157 10886.   9.0  18.3   1.579   2.1   0.3
   1 1968 158  5945.   8.6  19.3   1.403   1.5   0.8
   1 1968 159 10676.   7.0  17.3   1.058   1.4   5.2
   1 1968 160  8834.   7.0  17.1   1.313   1.1   0.1
   1 1968 161 18841.   6.7  14.5   0.988   2.1   7.4
   1 1968 162 17459.   4.6  16.0   1.044   2.0   0.1
   1 1968 163 15198.   3.8  16.5   1.287   1.7   0.1
   1 1968 164 24786.   8.9  20.5   0.547   3.4   0.0
   1 1968 165 19008.   9.5  21.3   1.204   3.3   0.0
   1 1968 166 19929.  14.2  23.5   1.489   2.7   0.0
   1 1968 167 21311.  12.2  25.7   1.469   1.8   0.0
   1 1968 168 13272.  14.7  25.2   1.620   1.5  18.3
   1 1968 169  5820.  14.0  22.4   1.620   1.3   0.1
   1 1968 170 11137.   9.2  18.6   1.610   1.4  15.7
   1 1968 171 18673.  13.8  20.6   1.631   1.2   1.0
   1 1968 172 11095.  13.2  25.0   1.296   2.3  13.8
   1 1968 173 11597.  10.1  17.7   1.313   3.2   0.8
   1 1968 174 13481.  10.2  16.4   1.729   3.2   4.4
   1 1968 175 11556.  13.0  18.9   1.620   2.4   0.0
   1 1968 176 14612.  10.7  20.4   1.073   3.3   3.0
   1 1968 177  9085.  13.5  17.8   1.558   3.4   1.6
   1 1968 178 18841.  13.0  21.7   1.296   3.9  18.7
   1 1968 179  6238.  13.3  22.0   1.729   3.8   4.3
   1 1968 180  6448.  12.7  19.2   1.785   3.5   6.7
   1 1968 181  5820.  13.8  22.6   1.538   1.1   8.2
   1 1968 182 22399.  10.7  19.2   1.785   1.1   3.2
   1 1968 183 20348.  14.7  25.6   1.964   2.8   0.0
   1 1968 184 21060.  17.3  29.8   1.610   4.0   0.0
   1 1968 185 17543.  13.8  30.6   1.058   3.0   0.1
   1 1968 186 17459.   6.8  19.3   1.133   0.8   0.0
   1 1968 187 20390.  11.4  22.5   1.376   1.6   0.0
   1 1968 188  3224.  15.0  24.0   1.706   3.4   4.0
   1 1968 189 20725.  10.0  16.0   1.245   1.8   2.3
   1 1968 190 13063.  13.5  21.5   1.620   1.5   0.5
   1 1968 191 16287.  12.7  21.4   1.652   1.8   8.0
   1 1968 192  8667.  12.5  21.3   1.915   2.0   0.7
   1 1968 193  8290.  13.2  21.3   1.164   5.1  20.9
   1 1968 194 19510.   8.7  19.1   0.948   1.9   4.8
   1 1968 195 13230.  12.8  18.7   1.394   1.8   0.2
   1 1968 196 14696.  11.9  19.6   1.620   2.0   1.2
   1 1968 197 13858.  14.0  22.1   1.376   2.5   0.2
   1 1968 198  9002.  11.4  18.2   1.164   2.7   8.9
   1 1968 199 20055.   8.9  18.0   1.133   1.3   2.6
   1 1968 200 16077.   8.8  20.8   1.313   1.4   0.2
   1 1968 201 11179.  12.7  20.7   1.245   1.7   2.4
   1 1968 202 17124.   8.9  16.3   1.148   2.3   0.0
   1 1968 203 14612.   9.3  17.5   1.579   2.7   0.3
   1 1968 204  9504.  10.1  18.8   1.431   1.4   0.1
   1 1968 205  5317.  13.6  16.9   1.610   1.4   8.9
   1 1968 206 17920.  12.4  17.2   1.489   2.5   5.2
   1 1968 207  8834.   9.6  19.6   1.313   2.5   0.2
   1 1968 208 16287.  11.7  16.7   1.469   2.7   0.1
   1 1968 209 16077.  11.6  19.7   1.538   2.0   0.1
   1 1968 210 11514.   9.8  21.3   1.538   1.8   0.0
   1 1968 211 16705.  10.8  19.7   1.579   2.0   0.0
   1 1968 212 19845.  12.0  22.3   1.422   2.1   0.0
   1 1968 213 15198.  15.1  25.3   1.164   2.0   0.0
   1 1968 214 14654.  16.7  28.0   1.867   1.3   0.8
   1 1968 215  6322.  15.0  24.1   1.528   1.2   0.0
   1 1968 216  4396.  14.4  19.2   1.891   1.2   0.0
   1 1968 217  4689.  14.6  19.2   1.729   1.1   7.2
   1 1968 218 13942.  14.6  18.8   1.927   1.6   3.1
   1 1968 219  6741.  15.3  25.3   1.867   1.7  12.5
   1 1968 220  7955.  15.1  22.7   1.685   2.2   2.4
   1 1968 221 13523.  14.2  19.8   1.631   1.1   0.9
   1 1968 222 15491.  15.5  23.7   1.674   1.0  20.4
   1 1968 223 12812.  13.1  26.6   1.751   1.2   0.0
   1 1968 224 16119.  11.5  25.7   1.296   1.1   7.0
   1 1968 225 15491.  13.0  19.7   1.322   1.2   0.0
   1 1968 226  8122.  11.3  19.7   1.685   2.2   0.0
   1 1968 227  4940.  12.2  19.1   1.528   3.5   6.9
   1 1968 228 12979.  10.8  16.6   0.975   2.1   2.3
   1 1968 229  9504.  12.0  17.8   1.262   3.2   1.3
   1 1968 230 10886.  13.0  18.0   1.262   3.8   8.2
   1 1968 231  5945.  10.2  18.2   1.270   2.3   7.9
   1 1968 232 14989.   7.5  15.2   1.073   1.8   6.9
   1 1968 233  9295.  11.7  17.3   1.569   1.7   1.4
   1 1968 234 13188.  12.6  19.2   1.879   1.0   2.4
   1 1968 235 12895.  11.7  23.5   1.843   0.7   0.1
   1 1968 236 18045.  12.2  25.3   1.422   2.0   0.0
   1 1968 237 16831.   9.0  22.5   1.915   1.6   0.0
   1 1968 238 13691.  14.0  25.4   1.977   2.0   0.0
   1 1968 239 16705.  13.0  26.0   1.663   2.7   0.0
   1 1968 240 10048.  15.0  26.9   1.579   2.3   0.0
   1 1968 241 13147.  14.0  20.0   1.538   1.4   0.0
   1 1968 242  4312.  16.8  23.1   1.843   0.9   7.5
   1 1968 243  8248.  14.7  20.3   2.014   1.8   0.8
   1 1968 244 11137.  13.5  21.5   1.367   3.2  13.1
   1 1968 245 11807.  12.3  18.6   1.245   1.6   0.0
   1 1968 246  6531.  13.3  20.2   1.867   1.9   0.0
   1 1968 247  6908.  15.2  21.3   1.610   1.2  21.0
   1 1968 248  7285.  13.0  20.7   1.518   0.6  15.5
   1 1968 249  8750.  10.9  18.7   1.403   0.8   5.2
   1 1968 250 10760.   8.1  19.3   1.422   0.6   0.0
   1 1968 251 12519.   7.4  21.2   1.422   0.9   0.0
   1 1968 252 12686.  12.1  20.2   1.340   0.4   0.0
   1 1968 253 12225.   8.2  21.2   1.717   1.1   0.0
   1 1968 254 14068.  14.0  23.4   1.610   3.1   0.0
   1 1968 255 11597.  14.9  24.4   1.729   3.0   0.0
   1 1968 256 10593.  12.7  22.7   1.469   1.8   8.8
   1 1968 257  6824.  12.3  19.2   1.569   1.0   0.0
   1 1968 258  7955.   7.7  19.2   1.538   0.8   0.2
   1 1968 259  1884.  12.4  19.7   1.558   1.3   0.1
   1 1968 260  8290.  11.2  15.2   1.322   1.0   7.3
   1 1968 261  3852.   9.9  18.4   1.262   1.3   3.2
   1 1968 262  3098.   9.6  14.2   1.431   0.6   0.1
   1 1968 263 10258.   6.6  13.6   1.002   0.5   0.9
   1 1968 264  4647.   7.8  18.2   1.313   3.3   1.4
   1 1968 265 11514.  12.0  18.3   1.340   4.5   1.0
   1 1968 266  5987.  11.5  18.0   1.367   3.8   0.5
   1 1968 267  6322.  11.8  17.3   1.270   3.8   5.2
   1 1968 268  9337.  11.2  17.0   1.228   3.9  16.9
   1 1968 269  6113.   7.8  15.8   0.948   1.3   0.2
   1 1968 270  2219.  10.7  15.4   1.340   2.5   0.8
   1 1968 271  8583.  13.0  16.3   1.785   2.8  21.6
   1 1968 272  7369.  12.1  22.0   1.204   2.5  14.5
   1 1968 273  3852.  10.8  17.2   1.322   2.8   0.0
   1 1968 274  4312.  10.7  14.2   1.228   3.6  12.6
   1 1968 275  3726.   8.0  14.0   1.188   1.8   8.7
   1 1968 276  1675.  11.0  14.1   1.538   3.0   8.7
   1 1968 277  1298.  13.1  15.2   1.674   1.4   6.1
   1 1968 278  1926.  13.7  16.1   1.785   1.2   0.7
   1 1968 279  4271.  15.0  17.1   1.610   0.2   0.7
   1 1968 280  3768.  13.1  19.0   1.460   1.9   0.0
   1 1968 281  8876.   9.1  17.4   1.262   2.0   0.2
   1 1968 282  2135.   7.3  16.0   1.376   2.2   1.6
   1 1968 283  2596.  10.2  14.7   1.499   2.5   2.3
   1 1968 284  1507.   9.2  15.4   1.610   2.1   6.3
   1 1968 285  4061.  12.3  16.1   1.376   3.1   2.7
   1 1968 286  1424.  12.9  17.5   1.674   3.8   6.7
   1 1968 287  5820.  11.4  17.4   1.220   4.3  18.4
   1 1968 288  7076.  11.3  16.5   0.975   2.3   0.0
   1 1968 289  5150.   6.8  15.6   1.080   1.1   0.0
   1 1968 290  3810.   7.2  14.7   1.164   2.7   3.7
   1 1968 291  3308.   7.7  13.0   1.148   3.0   2.1
   1 1968 292  4689.   6.9  14.0   0.988   0.2   4.8
   1 1968 293  7997.   2.1  13.5   0.897   2.1   0.1
   1 1968 294  7704.   5.0  13.6   1.110   2.3   0.0
   1 1968 295  6950.   5.7  15.3   1.164   1.6   0.0
   1 1968 296  6908.   6.2  15.7   1.270   0.9   0.0
   1 1968 297  3810.   6.5  15.6   1.180   0.2   0.0
   1 1968 298  3726.   2.1  13.9   1.164   1.3   0.1
   1 1968 299  4731.   5.6  12.1   1.133   1.9   0.1
   1 1968 300   795.   5.3  13.3   1.110   1.3   0.2
   1 1968 301  3056.   7.2   9.7   0.922   2.1   0.3
   1 1968 302  5443.   4.1   9.3   1.125   2.7   0.1
   1 1968 303  5234.   6.3  15.8   1.110   4.2  10.0
   1 1968 304  4019.   9.0  15.3   1.460   2.0   0.0
   1 1968 305  4647.   9.7  16.5   1.394   3.0   0.1
   1 1968 306  1382.  12.6  20.2   1.538   2.3   0.3
   1 1968 307  4061.  13.7  17.2   1.270   2.0   5.4
   1 1968 308   502.  12.0  16.6   1.245   2.8   3.4
   1 1968 309  4522.   7.0  12.6   0.721   2.0  12.5
   1 1968 310  2889.   3.8   9.9   0.547   1.9   0.3
   1 1968 311  1717.   2.3   7.9   0.731   3.4   0.3
   1 1968 312  1549.   2.7   5.0   0.629   2.8   3.5
-999 1968 312      1     1     1       1     3     1
   1 1968 313   963.   1.4   2.9   0.666   1.8   0.1
   1 1968 314  2763.   1.3   4.2   0.866   1.7   0.0
   1 1968 315  2931.   1.2   7.5   0.731   2.2   0.0
   1 1968 316  2135.  -0.2   6.1   0.731   1.6   0.1
-999 1968 316      1     1     1       1     1     1
   1 1968 317  3308.   1.8   4.5   0.747   2.7   0.0
   1 1968 318  4899.   3.2   7.1   0.615   4.9   0.0
   1 1968 319  4689.   2.3   7.3   0.493   5.0   0.0
   1 1968 320  4187.  -5.3   3.3   0.345   3.5   0.0
   1 1968 321  3684.  -5.3  -0.3   0.358   3.0   0.0
   1 1968 322   712.  -4.2   2.2   0.696   2.4   0.0
   1 1968 323   754.   2.2   3.3   0.785   0.7   0.2
   1 1968 324  1800.   2.6   4.7   0.774   0.4   0.6
   1 1968 325   502.   4.1   5.8   0.866   1.1   1.8
   1 1968 326  1507.   4.6   5.5   0.854   1.2   0.3
   1 1968 327  1884.   2.4   7.0   0.615   3.0   0.0
   1 1968 328   712.   2.4   4.7   0.988   2.8   0.2
   1 1968 329  3852.   4.3  10.7   0.975   3.5  16.6
   1 1968 330  1884.   2.2  10.6   0.922   1.7   0.6
   1 1968 331  2177.   2.2   8.9   1.148   2.3   0.6
   1 1968 332  2135.   7.2  12.4   0.854   2.3   0.0
   1 1968 333  3391.   4.3  10.7   0.866   1.3   0.0
   1 1968 334   712.  -1.3  10.4   0.747   0.3   0.2
   1 1968 335   963.   0.8   6.4   0.885   1.4   0.7
   1 1968 336  1465.   4.0   7.0   0.831   1.9   0.0
   1 1968 337   628.   0.7   6.9   0.696   2.7   0.0
   1 1968 338   293.   0.8   2.6   0.602   1.7   0.0
   1 1968 339   293.   0.5   2.0   0.504   1.2   0.0
   1 1968 340   712.   0.7   2.0   0.681   2.0   0.0
   1 1968 341   419.   1.5   2.6   0.504   2.5   0.0
   1 1968 342   377.  -0.9   2.2   0.559   2.3   0.0
   1 1968 343   712.  -2.3  -0.3   0.412   2.2   0.0
   1 1968 344   712.  -2.9  -0.7   0.424   2.6   0.0
   1 1968 345   251.  -1.2   0.4   0.437   2.0   0.0
   1 1968 346  3014.  -8.0   0.7   0.316   0.5   0.0
   1 1968 347  2931. -11.2  -1.3   0.345   0.3   0.0
   1 1968 348  2596. -10.8  -2.9   0.358   0.9   0.0
   1 1968 349  2303.  -7.8  -1.7   0.332   2.0   0.0
   1 1968 350  1800.  -6.1  -1.8   0.465   3.1   0.2
   1 1968 351  1382.  -3.6   2.3   0.681   3.6   0.0
   1 1968 352  2219.  -0.4   3.7   0.629   2.7   1.9
   1 1968 353   502.   0.0   3.8   0.629   2.2   1.8
   1 1968 354  2638.  -1.8   1.7   0.585   0.7   1.4
   1 1968 355  2219.  -2.9   0.3   0.572   3.5   0.0
   1 1968 356   879.  -1.7   7.0   0.961   2.2   8.6
   1 1968 357   879.   0.0   8.0   1.016   3.8   0.6
   1 1968 358  1089.   4.4  10.2   0.813   5.4   6.6
   1 1968 359  2177.   0.9   7.6   0.721   3.6   0.6
   1 1968 360  1633.   1.6   5.9   0.547   1.8   0.5
   1 1968 361  2470.  -1.5   4.3   0.602   1.9   0.7
   1 1968 362  2596.  -4.1   2.7   0.572   2.1   0.5
   1 1968 363  2345.  -6.2   1.1   0.479   1.2   0.8
   1 1968 364  1340.  -6.2  -0.3   0.520   0.5   0.7
   1 1968 365  3056.  -6.4  -1.3   0.304   0.4   0.0
   1 1968 366  1256.  -7.9  -3.8   0.629   1.6   0.5
