*---------------------------------------------------------*
*   Country: Netherlands
*   Station: Wageningen
*      Year: 2018
*    Source: Meteorology and Air Quality Group,
*            Wageningen University
*            https://met.wur.nl/veenkampen/data/
*    Author: M. Lubbers (Plant Production Systems, WUR)
* Longitude: 05 6217 E
*  Latitude: 51 9814 N
* Elevation: 5 m.
*  Comments: Location Veenkampen.
*
*  Columns:
*  ========
*  station number
*  year
*  day
*  irradiation (kJ m-2 d-1)
*  minimum temperature (degrees Celsius)
*  maximum temperature (degrees Celsius)
*  vapour pressure (kPa)
*  mean wind speed (m s-1)
*  precipitation (mm d-1)
** WCCDESCRIPTION=Netherlands, Wageningen (nld1.018)
** WCCFORMAT=2
** WCCYEARNR=2018
*---------------------------------------------------------*
   5.6217  51.9814     5. 0.00 0.00
   1 2018   1  2562.   4.9   9.0   0.901   4.9   8.3
   1 2018   2  1840.   2.9   8.6   0.885   4.1   5.8
   1 2018   3   664.   5.8  11.3   0.966   8.2  13.2
   1 2018   4  1070.   6.4  11.0   0.979   5.8   0.9
   1 2018   5  1466.   4.1   8.3   0.903   3.8   5.0
   1 2018   6  1742.   1.4   6.3   0.784   2.0   0.0
   1 2018   7  3561.  -1.1   2.5   0.598   4.4   0.0
   1 2018   8  3760.  -1.3   4.0   0.614   4.5   0.0
   1 2018   9  2020.   0.1   6.2   0.744   2.8   0.0
   1 2018  10   740.   5.7   7.7   0.951   2.1   3.8
   1 2018  11  1162.   3.4   7.3   0.913   1.1   0.6
   1 2018  12   659.   2.6   5.2   0.822   1.0   0.0
   1 2018  13  1076.   3.3   6.2   0.802   2.4   0.0
   1 2018  14  3466.   0.9   5.5   0.697   3.2   0.0
   1 2018  15   650.   0.8   7.6   0.822   5.7  12.2
   1 2018  16  2720.   2.4   6.4   0.777   4.9  15.5
   1 2018  17  2357.   1.6   5.5   0.722   4.8   2.1
   1 2018  18  1896.  -0.3  10.2   0.776   6.4  11.8
   1 2018  19  2472.   1.5   5.6   0.723   3.1   4.1
   1 2018  20  1104.   0.7   3.5   0.693   2.4   2.5
   1 2018  21  4291.   0.0   6.2   0.688   2.4   1.6
   1 2018  22  2537.   1.7   8.4   0.879   3.1   1.5
   1 2018  23  2304.   4.2  10.8   1.001   4.2   1.2
   1 2018  24  1110.   7.3  13.8   1.246   5.7   3.0
   1 2018  25  2144.   4.7   9.0   0.966   2.9   0.2
   1 2018  26  2716.   2.2   7.6   0.871   1.3   0.0
   1 2018  27  2820.   4.9   7.2   0.845   3.9   1.4
   1 2018  28  2773.   6.3  10.7   1.128   5.3   0.6
   1 2018  29  1568.   3.4  10.6   1.031   6.5   5.9
   1 2018  30  4665.   0.7   7.0   0.756   2.2   0.0
   1 2018  31   760.   1.8   9.5   0.905   4.8  13.5
   1 2018  32  2600.   0.8   4.8   0.708   4.0   3.8
   1 2018  33  3986.   0.0   7.1   0.782   3.2   5.6
   1 2018  34  2909.  -1.1   5.2   0.677   2.0   1.2
   1 2018  35  4124.  -1.1   2.7   0.604   3.1   0.1
   1 2018  36  5610.  -3.3   4.1   0.593   3.2   0.0
   1 2018  37  5545.  -5.1   1.3   0.497   2.3   0.1
   1 2018  38  7614.  -6.2   1.8   0.485   1.6   0.0
   1 2018  39  7030.  -7.1   4.1   0.508   1.7   0.0
   1 2018  40  4792.  -2.8   2.3   0.600   3.8   0.2
   1 2018  41  4024.   0.5   6.6   0.674   2.6   0.9
   1 2018  42  4870.   1.0   7.2   0.743   5.3   8.5
   1 2018  43  5824.  -1.4   5.7   0.639   3.3   0.2
   1 2018  44  8333.  -1.9   6.2   0.597   3.6   0.1
   1 2018  45  8645.  -3.1   5.1   0.566   4.0   0.0
   1 2018  46  1954.   0.4   9.0   0.733   3.8   4.6
   1 2018  47  8694.  -3.4   8.0   0.655   2.2   0.3
   1 2018  48  6830.  -4.3   7.0   0.580   1.1   0.1
   1 2018  49  8791.  -5.3   6.9   0.593   1.8   0.1
   1 2018  50  3637.  -2.8   3.4   0.614   1.8   0.0
   1 2018  51  6035.  -4.9   5.7   0.565   1.3   0.0
   1 2018  52  9318.  -5.8   5.0   0.534   1.6   0.1
   1 2018  53 10166.  -3.9   4.6   0.550   3.1   0.0
   1 2018  54 10348.  -3.8   3.5   0.583   3.9   0.1
   1 2018  55 10280.  -3.7   3.1   0.576   5.4   0.0
   1 2018  56 11259.  -4.8   0.8   0.514   4.8   0.0
   1 2018  57  8074.  -6.6   0.3   0.462   3.5   0.0
   1 2018  58  9975.  -8.4   0.7   0.435   2.6   0.0
   1 2018  59  7053.  -8.4  -4.6   0.369   5.4   0.0
   1 2018  60  8522.  -8.2  -0.3   0.434   7.8   0.0
   1 2018  61  7820.  -7.6  -0.5   0.460   6.7   0.0
   1 2018  62  4931.  -4.2   1.0   0.535   4.1   0.0
   1 2018  63  8796.  -2.1  11.2   0.766   3.5   2.2
   1 2018  64 10787.   2.7  12.3   0.867   3.1   0.1
   1 2018  65  8002.  -3.0  11.3   0.806   1.8   0.0
   1 2018  66  8861.  -3.1  10.2   0.786   2.1   3.1
   1 2018  67  4410.   0.4   8.0   0.792   4.8   3.6
   1 2018  68  8839.   0.3  10.1   0.844   2.4   3.5
   1 2018  69  6477.   6.8  15.0   1.229   2.7   4.7
   1 2018  70  5011.   5.4  14.3   1.180   2.6   0.2
   1 2018  71  7941.   6.8  15.0   1.117   2.6   2.4
   1 2018  72  2886.   4.3   8.6   0.894   3.3   4.8
   1 2018  73 13478.  -1.2  10.8   0.810   3.0   0.1
   1 2018  74  8122.   3.0  10.5   0.837   5.2   1.8
   1 2018  75  2408.  -0.3   6.4   0.756   4.7   0.4
   1 2018  76  5364.  -2.8  -0.2   0.543   8.0   0.0
   1 2018  77  7409.  -3.4   1.2   0.556   6.9   0.0
   1 2018  78 15581.  -4.9   4.5   0.572   4.3   0.0
   1 2018  79 15811.  -3.9   8.4   0.656   3.5   0.6
   1 2018  80 10424.   0.3   8.4   0.708   2.3   0.0
   1 2018  81  5211.   3.6   9.8   0.877   3.3   2.6
   1 2018  82  4609.   4.9   7.2   0.847   3.2   0.1
   1 2018  83 12097.   0.1  12.4   0.830   1.8   0.0
   1 2018  84 12440.  -2.7  12.9   0.767   1.6   0.1
   1 2018  85 10558.   0.5  11.8   0.777   1.4   0.3
   1 2018  86  6961.   1.6  10.1   0.843   2.6   2.0
   1 2018  87  3035.   2.8   7.9   0.904   2.5  12.2
   1 2018  88 10772.   3.0  10.4   0.835   2.7   0.0
   1 2018  89 15379.   5.0  14.2   0.957   3.4   5.1
   1 2018  90 12044.   1.7  12.3   0.910   1.6  10.5
   1 2018  91  4021.   0.6   8.1   0.833   1.4   1.2
   1 2018  92  8351.  -0.1  12.7   0.931   3.1   1.2
   1 2018  93 13437.   8.7  17.5   1.252   4.6   0.7
   1 2018  94  8040.   6.6  14.5   1.123   3.1   3.9
   1 2018  95  9828.  -0.3   9.8   0.840   4.1   1.7
   1 2018  96 19304.  -0.9  15.4   0.823   3.8   0.1
   1 2018  97 17099.   7.8  21.3   1.175   2.9   0.0
   1 2018  98 16109.   5.2  24.9   1.321   1.2   0.0
   1 2018  99 10034.   9.0  18.3   1.325   2.5   0.0
   1 2018 100 12848.  11.2  19.5   1.433   2.0   0.0
   1 2018 101  9022.   6.7  16.6   1.304   1.7   0.5
   1 2018 102  8731.   6.9  15.1   1.204   2.3   0.0
   1 2018 103  9467.   2.0  15.1   1.102   1.6   0.0
   1 2018 104 13740.   4.1  15.9   1.138   1.3   1.4
   1 2018 105  9574.   9.2  17.6   1.356   1.6   3.4
   1 2018 106 18875.   4.3  16.2   1.197   2.0   0.4
   1 2018 107 20796.   3.4  20.6   1.175   2.0   0.0
   1 2018 108 21382.   6.4  23.9   1.366   1.5   0.0
   1 2018 109 22232.   9.9  27.8   1.524   2.1   0.0
   1 2018 110 21606.   9.2  26.3   1.568   1.9   0.0
   1 2018 111 21758.   6.8  23.2   1.340   1.3   0.0
   1 2018 112 18800.   8.2  26.3   1.517   1.8   2.1
   1 2018 113 17529.   8.4  16.5   1.228   3.5   0.0
   1 2018 114  6758.   8.9  15.0   1.245   3.7   0.0
   1 2018 115 11036.   7.5  14.1   1.168   4.7   5.5
   1 2018 116 17842.   4.7  14.0   1.028   4.1   0.7
   1 2018 117 12730.   3.6  15.9   1.021   2.0   0.0
   1 2018 118  9678.   6.0  15.2   1.221   2.7   0.4
   1 2018 119  5607.   2.1  14.1   1.154   2.4  15.4
   1 2018 120  6978.   5.5  13.8   1.114   4.4  23.6
   1 2018 121 17544.   4.4  12.4   0.897   4.9   5.8
   1 2018 122 23929.   2.5  16.6   1.047   3.9   0.0
   1 2018 123 22620.   3.9  15.5   0.988   1.8   0.0
   1 2018 124 25272.   1.5  18.9   1.043   1.6   0.0
   1 2018 125 25752.   5.0  21.7   1.182   2.1   0.0
   1 2018 126 26424.   5.1  25.0   1.324   2.1   0.0
   1 2018 127 26481.   7.5  24.8   1.460   1.7   0.0
   1 2018 128 26216.  11.2  26.9   1.533   1.6   0.0
   1 2018 129 24802.   8.7  27.0   1.605   1.9   0.0
   1 2018 130 11377.   5.7  16.7   1.261   2.7   3.7
   1 2018 131 23354.   1.6  18.7   1.169   1.5   0.0
   1 2018 132 20920.   7.6  23.3   1.434   2.0   0.0
   1 2018 133  6491.  11.6  17.5   1.454   2.4   4.3
   1 2018 134 23231.  11.9  25.7   1.699   2.6   0.0
   1 2018 135 25472.  12.3  24.3   1.512   2.1   0.0
   1 2018 136 15873.   8.8  21.0   1.429   3.2   0.0
   1 2018 137 26459.   5.5  14.9   1.093   3.4   0.0
   1 2018 138 20818.   5.2  14.9   1.075   2.2   0.0
   1 2018 139  7532.   4.1  14.2   1.157   1.1   0.2
   1 2018 140 26277.   4.1  23.5   1.333   1.9   0.1
   1 2018 141 22944.   9.8  24.3   1.475   2.4   0.2
   1 2018 142 14455.   0.0  25.7   1.669   1.6  10.6
   1 2018 143 15500.  14.4  24.9   1.683   1.9   0.5
   1 2018 144  8616.  13.7  21.9   1.664   2.5   0.3
   1 2018 145 24405.  16.0  25.4   1.965   1.8   0.0
   1 2018 146 26822.  14.3  28.0   1.963   2.1   0.0
   1 2018 147 12859.  15.3  25.5   1.907   1.9   0.9
   1 2018 148 25275.  14.8  29.0   2.109   1.5   0.0
   1 2018 149 21614.  16.3  30.5   2.214   1.8  12.5
   1 2018 150 22840.  15.9  26.2   2.148   1.3   0.0
   1 2018 151 15964.  14.7  24.9   2.098   1.4   2.4
   1 2018 152  9900.  13.4  22.9   1.888   2.0  11.4
   1 2018 153  7411.  14.6  19.5   1.813   2.3   0.5
   1 2018 154 20516.  15.1  24.4   1.941   1.3   0.0
   1 2018 155 17953.  15.2  23.3   1.870   2.0   0.0
   1 2018 156 17024.  12.7  21.5   1.625   1.7   0.0
   1 2018 157 28813.   9.4  28.0   1.772   1.3   0.0
   1 2018 158 27382.  12.5  28.1   1.927   1.1   0.0
   1 2018 159  8107.  16.8  21.5   1.943   1.5  18.0
   1 2018 160 25434.  15.5  25.1   2.019   2.0   0.0
   1 2018 161 27949.  13.1  23.2   1.827   2.1   0.0
   1 2018 162 26536.  11.2  23.2   1.618   2.4   0.0
   1 2018 163 12395.  11.6  17.7   1.438   1.8   0.5
   1 2018 164 12366.   8.4  18.0   1.396   1.3   1.3
   1 2018 165 13149.   9.2  19.5   1.544   2.7   0.5
   1 2018 166 23814.  13.2  23.6   1.750   1.2   0.0
   1 2018 167 20688.  11.7  23.3   1.663   2.2   0.0
   1 2018 168 10606.  13.1  18.2   1.536   3.2   0.1
   1 2018 169  7128.  14.3  19.3   1.682   3.0   1.1
   1 2018 170  6585.  14.1  19.7   1.838   2.0   0.0
   1 2018 171 20307.  12.8  25.0   1.956   2.6   0.0
   1 2018 172 20731.  10.2  17.7   1.480   3.8   0.0
   1 2018 173 16305.   8.9  16.9   1.372   3.7   0.0
   1 2018 174 15154.   8.7  19.5   1.458   1.9   0.1
   1 2018 175 12947.  10.3  18.0   1.520   1.8   0.0
   1 2018 176 20726.  10.4  21.1   1.663   1.8   0.0
   1 2018 177 27693.   8.8  22.5   1.643   1.8   0.0
   1 2018 178 27905.   8.2  25.7   1.720   2.0   0.0
   1 2018 179 24733.  12.1  27.3   1.970   1.9   0.0
   1 2018 180 28638.  11.9  26.5   1.894   2.1   0.0
   1 2018 181 29207.  10.9  27.1   1.970   2.7   0.0
   1 2018 182 29846.  15.9  25.5   1.972   4.3   0.0
   1 2018 183 29738.  10.6  26.3   1.925   2.8   0.0
   1 2018 184 29020.   9.4  27.0   1.981   1.8   0.0
   1 2018 185 24978.  13.3  27.0   1.819   1.5   0.0
   1 2018 186 26347.  12.3  24.7   1.734   1.5   0.0
   1 2018 187 22521.  12.5  24.9   1.699   1.4   0.0
   1 2018 188 27056.   9.2  24.9   1.503   1.4   0.0
   1 2018 189 28516.   9.2  23.9   1.523   1.6   0.0
   1 2018 190 15810.   8.9  23.2   1.634   1.8   0.0
   1 2018 191 14527.  11.7  21.2   1.492   2.8   1.5
   1 2018 192 19857.   9.8  23.8   1.642   2.1   0.0
   1 2018 193 27302.  12.8  25.2   1.812   2.1   0.0
   1 2018 194 27886.   9.4  24.8   1.678   1.3   0.0
   1 2018 195 28491.  10.5  25.5   1.647   1.5   0.0
   1 2018 196 27435.  10.2  28.9   1.640   1.2   0.0
   1 2018 197 26948.  10.9  29.6   1.715   1.2   0.0
   1 2018 198 24862.  10.9  26.4   1.799   2.5   0.0
   1 2018 199 19258.   9.1  25.7   1.638   1.2   0.0
   1 2018 200 20677.  13.5  26.3   1.742   1.1   0.0
   1 2018 201 23140.  10.1  26.0   1.725   1.1   0.0
   1 2018 202 25305.  13.8  28.0   1.869   1.6   0.0
   1 2018 203 23964.  12.5  27.3   1.842   1.7   0.0
   1 2018 204 24653.  11.8  29.9   1.995   0.9   0.0
   1 2018 205 24842.  15.1  32.8   2.253   1.1   0.0
   1 2018 206 22480.  18.7  31.5   2.359   1.8   0.0
   1 2018 207 23844.  17.1  35.2   2.707   1.6   0.0
   1 2018 208 26047.  19.8  35.1   3.157   2.6   0.0
   1 2018 209 16065.  12.0  26.6   2.205   2.6   1.3
   1 2018 210 16638.  12.3  26.9   2.330   2.9   0.0
   1 2018 211 22634.  16.3  31.2   2.799   2.5   0.0
   1 2018 212 23134.  13.3  27.7   2.349   2.3   0.1
   1 2018 213 19252.  11.2  28.1   2.229   0.9   0.0
   1 2018 214 21771.  14.7  30.6   2.561   1.1   0.0
   1 2018 215 24982.  14.6  32.7   2.791   1.2   0.0
   1 2018 216 21995.  15.3  29.1   2.545   1.7   0.0
   1 2018 217 25712.  14.5  26.0   2.329   1.6   0.1
   1 2018 218 25236.  12.0  31.5   2.638   1.3   0.0
   1 2018 219 22938.  13.5  34.2   3.038   1.4   0.7
   1 2018 220 10456.  12.1  24.0   2.248   3.3   6.9
   1 2018 221  9014.   9.4  22.8   1.888   3.1  21.8
   1 2018 222 16369.  12.2  21.1   1.624   4.3   7.4
   1 2018 223 20943.  10.2  21.3   1.442   2.9   0.1
   1 2018 224 17335.   9.9  26.8   1.850   1.9   0.0
   1 2018 225  7462.  15.3  21.5   1.909   2.0  10.9
   1 2018 226 17890.  15.6  23.4   1.874   2.8   0.6
   1 2018 227  9480.  14.8  23.7   1.916   2.3   0.0
   1 2018 228 16278.  13.7  24.3   1.912   2.5   0.0
   1 2018 229 17725.  10.2  23.3   1.682   1.2  13.0
   1 2018 230 13186.   9.9  22.6   1.700   2.2   0.0
   1 2018 231 13994.  15.7  24.0   1.948   3.2   0.0
   1 2018 232  8038.  15.2  23.1   2.035   1.5   0.0
   1 2018 233 14408.  14.4  26.6   2.136   0.8   0.0
   1 2018 234 18711.  11.9  26.0   2.109   1.4   0.0
   1 2018 235  9952.  12.6  23.3   2.040   2.6   2.0
   1 2018 236 14707.  11.3  19.7   1.728   3.5   0.1
   1 2018 237 13389.   8.8  17.0   1.394   2.7  21.7
   1 2018 238 16464.   7.1  19.9   1.588   3.2   0.9
   1 2018 239  9067.  13.3  20.3   1.701   4.3   0.2
   1 2018 240 14297.   9.9  22.1   1.773   1.7   0.0
   1 2018 241  8839.   7.4  21.9   1.644   1.6  12.2
   1 2018 242 15081.   7.0  19.4   1.611   2.0   0.0
   1 2018 243 12359.   5.4  19.2   1.388   0.9   0.0
   1 2018 244 16794.   3.9  21.3   1.268   0.8   0.0
   1 2018 245 19796.   7.1  22.9   1.421   1.8   0.0
   1 2018 246  8044.  14.5  23.4   1.883   1.4   1.0
   1 2018 247 16408.  16.8  25.6   2.117   1.0   0.2
   1 2018 248 12913.  16.9  24.4   2.146   1.9   3.5
   1 2018 249  6820.  13.9  20.0   1.860   1.5  14.7
   1 2018 250 14246.  10.2  17.3   1.607   3.2   5.8
   1 2018 251 12255.   9.5  18.9   1.597   2.6   0.0
   1 2018 252 14049.  11.9  23.6   1.948   2.1   0.0
   1 2018 253  9072.  13.6  20.6   1.961   2.4   0.0
   1 2018 254 11782.  13.4  23.8   2.164   4.1   0.0
   1 2018 255  4541.  11.4  18.9   1.748   2.1   1.6
   1 2018 256 17568.   5.9  19.5   1.288   1.0   0.1
   1 2018 257 14570.   3.2  20.2   1.223   2.2   0.1
   1 2018 258 11205.   7.5  19.8   1.416   2.2   0.0
   1 2018 259 13889.   7.8  22.6   1.376   1.8   0.0
   1 2018 260 15827.   9.3  24.9   1.454   1.6   0.0
   1 2018 261 15999.   9.4  26.3   1.650   3.2   0.0
   1 2018 262 14800.  12.9  24.4   1.713   3.4   0.0
   1 2018 263 13014.  14.8  24.1   1.776   3.4   0.0
   1 2018 264  8927.  10.4  20.1   1.623   5.9   6.1
   1 2018 265  7391.   8.6  16.4   1.346   3.2   6.8
   1 2018 266  2458.   6.4  10.9   1.176   1.9  12.8
   1 2018 267 13639.   4.7  15.6   1.179   2.0   1.4
   1 2018 268 14518.   1.2  16.2   1.121   0.8   0.0
   1 2018 269 14234.   3.7  18.7   1.150   2.3   0.0
   1 2018 270 14875.   5.4  21.7   1.235   1.7   0.0
   1 2018 271 10441.   2.5  16.3   1.129   1.9   0.0
   1 2018 272 13630.  -0.2  15.6   0.878   0.8   0.0
   1 2018 273 12792.  -0.8  17.7   0.997   1.3   0.0
   1 2018 274  9691.   6.1  13.1   1.047   2.7   3.3
   1 2018 275  5354.   7.7  16.4   1.178   3.4   1.9
   1 2018 276 10822.   7.0  16.2   1.173   2.2   0.1
   1 2018 277  5994.   7.6  18.2   1.389   2.4   0.0
   1 2018 278 12731.   5.8  21.2   1.251   1.5   0.0
   1 2018 279 11546.   5.6  21.7   1.402   1.9   0.4
   1 2018 280  9023.   1.9  14.8   1.062   1.8   0.2
   1 2018 281 10194.   1.1  16.6   1.009   1.4   0.0
   1 2018 282 11362.   4.3  18.8   1.114   1.2   0.0
   1 2018 283 11618.   3.4  24.1   1.343   2.2   0.1
   1 2018 284  8897.   9.4  23.4   1.578   2.4   0.0
   1 2018 285 10190.  14.1  23.9   1.776   3.1   0.0
   1 2018 286 10167.  14.7  26.0   1.789   2.5   0.0
   1 2018 287 10002.  12.4  25.1   1.670   2.3   0.0
   1 2018 288  9313.   9.8  23.2   1.662   1.6   0.0
   1 2018 289  8691.   7.9  24.9   1.561   1.1   0.0
   1 2018 290  9125.   7.9  21.1   1.517   1.0   0.0
   1 2018 291  7500.   3.9  16.9   1.272   1.4   0.2
   1 2018 292  9652.   3.2  16.9   1.031   1.0   0.0
   1 2018 293  7404.   0.1  15.4   0.961   0.8   0.0
   1 2018 294  6718.   6.5  16.1   1.237   1.3   0.0
   1 2018 295  8184.   2.7  15.6   1.176   1.7   0.3
   1 2018 296  2354.   5.9  14.6   1.320   3.9   0.0
   1 2018 297  3371.  12.4  16.0   1.529   2.9   0.6
   1 2018 298  2474.  10.8  13.6   1.353   2.9   0.0
   1 2018 299  1966.   5.4  11.3   1.140   3.8   5.3
   1 2018 300  6972.   3.5  11.7   0.932   2.0   0.6
   1 2018 301  7932.   0.3   7.3   0.767   3.0   0.0
   1 2018 302  1781.   2.3   6.2   0.803   3.4   0.0
   1 2018 303  1870.   3.4   9.4   0.873   4.4  18.0
   1 2018 304  7131.   2.7  11.6   1.034   2.8   0.1
   1 2018 305  2859.   7.3  12.4   1.191   2.9   4.3
   1 2018 306  5897.   1.1  11.6   1.020   2.6   0.6
   1 2018 307  5712.  -2.1   9.3   0.740   1.3   0.1
   1 2018 308  7018.  -1.7  13.0   0.854   1.5   0.1
   1 2018 309  3954.   1.1  11.8   0.986   1.7   0.1
   1 2018 310  5805.   3.8  19.3   1.179   1.7   0.0
   1 2018 311  3763.   8.0  14.3   1.176   3.7   2.0
   1 2018 312  6201.   0.7  13.5   0.991   1.9   0.0
   1 2018 313  3873.   6.9  11.4   1.079   2.4   0.0
   1 2018 314  1171.   9.4  13.1   1.294   4.1   4.4
   1 2018 315  2011.   7.0  13.5   1.235   4.1   2.2
   1 2018 316  1331.   7.7  11.1   1.174   1.5   5.4
   1 2018 317  4037.   5.7  12.9   1.105   3.9   0.0
   1 2018 318  5300.   2.8  12.6   0.952   1.5   0.0
   1 2018 319  5601.   1.8  12.6   0.897   1.7   0.1
   1 2018 320  4306.  -0.6   9.0   0.813   1.9   0.1
   1 2018 321  5669.  -2.6   9.4   0.724   2.5   0.1
   1 2018 322  5774.  -1.8   8.0   0.678   3.0   0.0
   1 2018 323  2177.   3.1   7.2   0.818   4.7   0.0
   1 2018 324   651.   2.3   4.4   0.747   5.8   0.0
   1 2018 325  3720.   1.9   5.8   0.753   3.5   0.0
   1 2018 326  1436.  -0.5   4.6   0.724   2.0   0.0
   1 2018 327  3228.  -1.6   7.4   0.712   1.4   0.0
   1 2018 328   908.  -0.1   3.2   0.703   2.1   0.0
   1 2018 329   767.   2.3   4.5   0.755   2.5   0.0
   1 2018 330  1045.   3.4   6.4   0.830   2.9   0.0
   1 2018 331  1811.   0.9   5.7   0.753   2.1   0.0
   1 2018 332  1169.   1.6   8.7   0.883   4.4   3.6
   1 2018 333   887.   8.3  10.2   1.138   4.3   9.9
   1 2018 334  2391.   5.0  11.5   1.124   3.6   0.0
   1 2018 335  2271.   5.4   9.7   1.017   4.5   1.4
   1 2018 336   778.   9.3  13.2   1.356   4.9  10.2
   1 2018 337  1862.   7.1  13.2   1.325   4.7   2.6
   1 2018 338  3870.  -0.8   9.0   0.777   1.1   0.6
   1 2018 339  1456.   0.2   8.0   0.837   2.7   1.5
   1 2018 340   767.   8.0  12.6   1.270   4.2   2.2
   1 2018 341   410.   5.9  11.9   1.158   5.6  10.5
   1 2018 342   816.   5.8  11.0   1.062   6.9  12.9
   1 2018 343  2165.   4.7   9.6   1.018   4.5  13.1
   1 2018 344  2247.   2.6   7.4   0.827   2.9   2.3
   1 2018 345  3364.  -3.0   7.9   0.743   1.4   0.2
   1 2018 346  1312.  -3.9   3.9   0.587   1.0   0.2
   1 2018 347  3630.  -0.6   2.7   0.612   2.5   0.2
   1 2018 348  2593.  -2.1   1.9   0.580   2.0   0.2
   1 2018 349   931.  -0.7   1.0   0.599   4.0   0.0
   1 2018 350   868.  -0.8   3.0   0.665   3.2   3.8
   1 2018 351  1166.   2.4   8.0   0.855   3.1   4.2
   1 2018 352  2220.   4.2   7.5   0.880   3.9   0.0
   1 2018 353  1325.   4.2   9.4   0.926   3.3   0.2
   1 2018 354   812.   4.8   8.6   0.965   4.2   2.4
   1 2018 355   568.   7.6  12.7   1.125   6.1  13.4
   1 2018 356  1126.   6.5  10.3   1.076   4.0   8.2
   1 2018 357   662.   5.0   8.6   0.992   2.4  10.6
   1 2018 358  3738.   0.5   7.5   0.816   1.2   0.0
   1 2018 359  2016.   0.5   6.6   0.757   2.7   0.0
   1 2018 360   804.   0.2   4.5   0.724   2.1   0.0
   1 2018 361  2460.  -2.8   4.3   0.608   1.1   0.0
   1 2018 362   378.  -4.2   4.4   0.649   1.3   0.2
   1 2018 363   790.   4.4  10.4   0.952   4.1   0.9
   1 2018 364  1216.   5.3   9.3   1.024   2.5   1.7
   1 2018 365  1125.   7.5  10.0   1.099   2.1   0.2
