*---------------------------------------------------------*
*   Country: Netherlands
*   Station: Wageningen
*      Year: 2014
*    Source: Meteorology and Air Quality Group,
*            Wageningen University
*            https://met.wur.nl/veenkampen/data/
*    Author: M. Lubbers (Plant Production Systems, WUR)
* Longitude: 05 6217 E
*  Latitude: 51 9814 N
* Elevation: 5 m.
*  Comments: Location Veenkampen.
*
*  Columns:
*  ========
*  station number
*  year
*  day
*  irradiation (kJ m-2 d-1)
*  minimum temperature (degrees Celsius)
*  maximum temperature (degrees Celsius)
*  vapour pressure (kPa)
*  mean wind speed (m s-1)
*  precipitation (mm d-1)
** WCCDESCRIPTION=Netherlands, Wageningen (nld1.014)
** WCCFORMAT=2
** WCCYEARNR=2014
*---------------------------------------------------------*
   5.6217  51.9814     5. 0.00 0.00
   1 2014   1  3316.   4.4   9.6   0.910   5.4   0.3
   1 2014   2  1514.   4.9  10.5   1.021   5.0   1.1
   1 2014   3  2008.   5.4  11.9   1.010   5.7   9.3
   1 2014   4  1962.   4.8   9.0   0.920   3.9   0.1
   1 2014   5  3866.   3.8   8.2   0.849   3.9   0.9
   1 2014   6  1432.   6.2  13.7   1.178   5.8   2.0
   1 2014   7  2059.   8.4  12.1   1.096   5.4   0.0
   1 2014   8  2412.   5.0  10.1   1.016   3.8   4.7
   1 2014   9   910.   5.8  12.1   1.053   5.8   2.0
   1 2014  10  3650.   3.4   8.1   0.862   3.9   0.0
   1 2014  11  1547.   1.5   7.5   0.783   3.3   0.4
   1 2014  12  4175.  -1.6   5.8   0.669   2.0   0.1
   1 2014  13  3252.   1.3   9.8   0.830   3.4   0.0
   1 2014  14  2325.   1.7   7.8   0.812   2.3   0.1
   1 2014  15   937.   1.5   5.9   0.785   3.9   4.1
   1 2014  16   898.   5.1   8.5   0.961   3.9   1.6
   1 2014  17  1930.   5.8   9.4   0.945   3.9   7.4
   1 2014  18  4029.   4.7   8.8   0.898   3.0   0.0
   1 2014  19  3172.   3.9   7.2   0.840   2.6   0.0
   1 2014  20   669.   1.7   4.9   0.746   1.6   0.0
   1 2014  21  1134.   1.7   5.0   0.760   1.2   0.1
   1 2014  22  2677.   0.1   5.6   0.705   2.6   0.0
   1 2014  23   763.  -0.9   4.6   0.686   2.5   6.2
   1 2014  24  1473.   1.7   5.5   0.776   1.7   0.4
   1 2014  25  2517.   1.6   5.3   0.743   4.2   8.5
   1 2014  26  3160.   3.6   6.4   0.812   4.7  11.4
   1 2014  27  3236.   2.0   5.9   0.750   4.7   1.1
   1 2014  28  5804.   1.9   7.1   0.741   5.1   0.0
   1 2014  29  3412.  -1.8   2.2   0.579   4.1   0.0
   1 2014  30  4307.  -1.7   4.4   0.600   2.3   0.2
   1 2014  31  5882.  -3.1   7.4   0.681   2.8   0.3
   1 2014  32  1528.   4.0   8.1   0.864   5.4   6.0
   1 2014  33  6474.   0.9   8.4   0.760   3.5   0.0
   1 2014  34  6946.   0.0   7.8   0.726   2.7   0.1
   1 2014  35  5140.   2.4   9.4   0.803   4.1   0.0
   1 2014  36  4960.   3.2   9.8   0.880   5.9   0.3
   1 2014  37  4557.   5.8   9.5   0.929   5.6   6.2
   1 2014  38  1121.   3.5  10.3   0.965   5.7  10.7
   1 2014  39  1167.   3.7   8.7   0.894   5.9   2.7
   1 2014  40  2782.   3.7   7.7   0.806   7.3   3.7
   1 2014  41  3051.   1.3   7.5   0.778   1.9   0.1
   1 2014  42  5416.   2.5   8.2   0.845   4.6   3.1
   1 2014  43  6999.   2.7   9.3   0.813   6.1   1.5
   1 2014  44  2440.   1.8   6.8   0.797   4.2   3.9
   1 2014  45  4114.   1.6   9.0   0.809   5.2   8.7
   1 2014  46  5062.   6.8  13.0   0.986   7.9   0.0
   1 2014  47  8617.   1.1   9.3   0.823   4.5   0.0
   1 2014  48  3975.   1.6   9.8   0.841   2.2   0.4
   1 2014  49  2963.   3.0   7.5   0.829   2.4   2.7
   1 2014  50  4651.   5.6  10.6   0.969   3.4   0.5
   1 2014  51  2089.   4.8   9.6   1.024   4.6   6.9
   1 2014  52  6678.   3.8   9.9   0.893   4.4   2.2
   1 2014  53  3701.   3.4   9.1   0.850   4.1   0.0
   1 2014  54  8412.   2.3  11.4   0.882   4.0   0.0
   1 2014  55  9349.   2.8  13.0   0.882   3.3   0.0
   1 2014  56  3615.   4.9  12.0   0.963   3.9   0.3
   1 2014  57  7918.   2.1  10.8   0.892   2.1   0.0
   1 2014  58  4044.   0.8   8.6   0.797   3.9   5.2
   1 2014  59  5354.   1.1   8.8   0.813   2.3   0.9
   1 2014  60  4451.   2.3   8.3   0.843   2.1   1.1
   1 2014  61 10306.   1.5  10.0   0.811   4.0   0.0
   1 2014  62  3178.   0.3   9.3   0.798   3.5   0.4
   1 2014  63  8618.  -1.4  10.6   0.787   1.5   0.0
   1 2014  64  7104.  -1.2  11.4   0.790   0.7   0.0
   1 2014  65 12282.  -1.5  13.1   0.788   2.0   0.0
   1 2014  66  8558.   1.4  12.7   0.903   2.6   0.0
   1 2014  67 12398.  -1.8  16.4   0.947   2.6   0.0
   1 2014  68 13864.   2.1  19.5   0.968   2.3   0.0
   1 2014  69 13555.   0.2  18.2   0.984   2.4   0.0
   1 2014  70 11248.   4.7  15.4   1.031   2.6   0.0
   1 2014  71 13769.   1.4  16.6   0.918   1.4   0.0
   1 2014  72 13560.  -1.5  16.3   0.863   1.3   0.0
   1 2014  73  9201.  -1.9  11.7   0.827   2.0   0.0
   1 2014  74  7496.   7.1  11.2   1.022   5.0   0.1
   1 2014  75  6591.   8.2  12.8   1.101   4.2   0.0
   1 2014  76  4958.   6.1  11.9   1.065   3.4   0.0
   1 2014  77  2462.   6.1  10.2   1.040   4.2   3.7
   1 2014  78 12736.   7.8  16.2   1.117   5.5   0.0
   1 2014  79 16302.   4.3  21.0   1.128   4.0   0.0
   1 2014  80  5783.   2.3  11.7   0.957   3.3  10.7
   1 2014  81  6528.   1.4   9.7   0.834   3.3   4.7
   1 2014  82  9264.  -1.3   9.2   0.763   2.3   1.5
   1 2014  83 14154.  -1.4  10.3   0.759   1.6   2.1
   1 2014  84 13788.  -3.2  11.3   0.706   1.6   0.0
   1 2014  85 11694.  -1.6  10.1   0.724   1.2   0.2
   1 2014  86 15885.   1.1  13.9   0.906   3.4   0.0
   1 2014  87 17118.   3.6  17.3   1.031   3.2   0.0
   1 2014  88 16614.   4.1  19.4   1.059   2.1   0.0
   1 2014  89 13659.   2.9  20.2   1.110   1.2   0.0
   1 2014  90 12782.   7.4  19.9   1.256   1.6   0.0
   1 2014  91 14887.   5.9  19.6   1.241   1.6   0.0
   1 2014  92 15545.   3.2  21.5   1.244   1.3   0.0
   1 2014  93 15462.   5.1  22.5   1.321   1.6   0.0
   1 2014  94  4401.  10.4  15.0   1.333   1.2   0.0
   1 2014  95 12121.   6.8  17.4   1.228   1.5   0.0
   1 2014  96  7074.   5.8  18.3   1.338   2.6   1.0
   1 2014  97 12930.  11.4  21.2   1.548   3.1   5.5
   1 2014  98 12943.   5.0  13.7   1.007   5.2   7.5
   1 2014  99 16077.   4.6  14.1   1.021   3.8   0.0
   1 2014 100  8183.   8.2  14.9   1.211   1.6   0.0
   1 2014 101 13115.   4.0  15.8   1.097   1.9   0.0
   1 2014 102 16018.   1.7  14.6   0.987   2.1   0.0
   1 2014 103 16455.   5.3  13.5   1.035   3.5   0.0
   1 2014 104 15301.   3.0  11.8   0.941   5.0   1.0
   1 2014 105 14335.   1.1  10.6   0.834   3.0   1.2
   1 2014 106 22438.  -1.9  14.3   0.827   1.5   0.0
   1 2014 107 17016.   2.3  17.4   0.984   3.5   0.8
   1 2014 108 17775.   3.2  12.2   0.910   3.6   0.1
   1 2014 109 21034.   5.8  16.4   1.068   3.2   0.0
   1 2014 110 20251.  10.3  21.1   1.346   4.2   0.0
   1 2014 111  6503.   8.1  14.6   1.210   1.7   0.0
   1 2014 112 18273.   7.6  18.4   1.266   1.8   0.0
   1 2014 113 20885.   4.0  20.9   1.262   1.3   0.0
   1 2014 114 13051.   4.8  22.2   1.337   1.5   2.9
   1 2014 115 20358.  11.7  23.7   1.569   2.5   6.5
   1 2014 116 16672.   9.2  17.8   1.328   1.7   0.0
   1 2014 117  8995.   6.3  15.4   1.250   1.2   5.0
   1 2014 118 10377.   6.2  16.5   1.324   1.1   0.1
   1 2014 119  6259.  11.1  16.5   1.459   1.1   1.6
   1 2014 120 16937.  11.0  18.5   1.450   2.0   0.0
   1 2014 121 18212.   9.9  18.8   1.326   1.7   3.1
   1 2014 122  9769.   5.5  11.7   1.034   3.2   0.0
   1 2014 123 23681.   1.5  13.7   0.898   2.4   0.0
   1 2014 124 18665.  -1.1  13.5   0.866   1.0   0.0
   1 2014 125 22640.   4.2  18.2   1.090   2.1   0.0
   1 2014 126 10250.   9.8  18.5   1.356   2.9   0.9
   1 2014 127 13380.  10.2  15.5   1.262   4.9   3.7
   1 2014 128  4723.  10.7  13.4   1.299   4.9  15.2
   1 2014 129 13045.   9.0  15.9   1.291   5.6   7.8
   1 2014 130  4622.   7.7  14.6   1.233   5.0   5.8
   1 2014 131  8026.   8.7  11.8   1.141   6.4  28.6
   1 2014 132 10361.   8.0  13.2   1.170   3.7  16.8
   1 2014 133 18609.   4.8  14.4   1.071   2.2   1.3
   1 2014 134 18600.   4.1  14.2   1.018   2.5   2.2
   1 2014 135 14748.   4.3  13.8   1.017   1.5   0.0
   1 2014 136 27334.   1.4  18.4   1.099   1.9   0.0
   1 2014 137 26957.   4.4  20.6   1.277   1.3   0.0
   1 2014 138 25809.   5.8  22.4   1.372   1.3   0.0
   1 2014 139 25895.   7.6  24.2   1.560   1.7   0.0
   1 2014 140 19151.  13.9  26.6   1.763   2.5   1.8
   1 2014 141 15930.  12.4  21.7   1.742   1.9   0.3
   1 2014 142 20487.  14.4  22.6   1.625   3.3   0.8
   1 2014 143 14582.  12.9  20.5   1.516   2.1   0.0
   1 2014 144 20004.   9.4  19.6   1.395   3.0   0.0
   1 2014 145 24301.   8.1  21.3   1.372   1.6   0.0
   1 2014 146  7898.  10.8  21.9   1.558   1.8   5.9
   1 2014 147  5951.  13.1  17.1   1.674   0.8   7.2
   1 2014 148  2914.  11.6  14.8   1.491   1.7  14.1
   1 2014 149  4366.   6.2  11.6   1.189   2.2   1.0
   1 2014 150 22179.   3.9  17.0   1.140   1.6   0.0
   1 2014 151 26703.   4.7  20.3   1.219   1.4   0.0
   1 2014 152 24469.   5.0  19.2   1.216   1.4   0.0
   1 2014 153 22721.   4.9  20.7   1.310   1.0   0.0
   1 2014 154 18556.   6.1  21.2   1.441   1.0   6.9
   1 2014 155 12071.  11.4  19.1   1.556   2.6  25.2
   1 2014 156 17290.   8.1  17.5   1.255   4.1   5.4
   1 2014 157 29119.   6.9  23.8   1.381   1.3   0.0
   1 2014 158 21691.  10.7  28.1   1.949   1.5   0.0
   1 2014 159 20118.  15.2  24.6   1.964   1.6   1.0
   1 2014 160 18242.  16.8  26.2   2.131   1.9   2.0
   1 2014 161 20130.  15.6  25.3   2.066   2.1   7.5
   1 2014 162 17350.   9.8  22.0   1.551   1.8   0.0
   1 2014 163 26088.   8.4  22.3   1.502   1.2   0.0
   1 2014 164 25727.   8.7  22.2   1.580   2.0   0.0
   1 2014 165 16526.  11.1  19.7   1.467   2.0   0.0
   1 2014 166 26575.   7.2  20.6   1.396   1.9   0.0
   1 2014 167 11574.   9.2  18.4   1.397   1.9   0.2
   1 2014 168 16329.   9.8  20.2   1.526   2.0   0.0
   1 2014 169 18083.   7.3  20.5   1.423   1.1   0.2
   1 2014 170  7068.  11.3  15.8   1.437   1.8   0.3
   1 2014 171 15140.   9.0  18.6   1.371   1.9   0.2
   1 2014 172 19548.   8.0  20.5   1.460   1.3   0.0
   1 2014 173 22654.   8.0  20.5   1.388   1.2   0.0
   1 2014 174 24395.   6.0  21.1   1.398   0.8   0.0
   1 2014 175 22251.  10.1  21.8   1.493   1.0   0.0
   1 2014 176 24576.   7.6  19.9   1.308   1.0   0.0
   1 2014 177 21898.  10.1  23.0   1.468   0.4   0.0
   1 2014 178 12940.  11.1  22.2   1.614   1.1   1.4
   1 2014 179 15309.  13.3  20.4   1.587   1.6   0.0
   1 2014 180 20154.  11.3  20.5   1.488   1.1   0.4
   1 2014 181 18197.   7.7  18.5   1.322   1.2   0.1
   1 2014 182 20124.   4.9  19.4   1.258   0.8   0.0
   1 2014 183 21669.   4.9  21.5   1.315   0.5   0.0
   1 2014 184 26312.   8.1  26.0   1.560   1.4   0.0
   1 2014 185 19786.  10.0  29.3   1.822   1.1   0.9
   1 2014 186 11812.  17.2  23.0   2.039   2.1   4.4
   1 2014 187 12744.  14.6  24.7   1.972   2.5   7.7
   1 2014 188 22477.  12.2  23.1   1.656   0.9   0.0
   1 2014 189  4148.  12.9  17.0   1.614   1.4  29.6
   1 2014 190  2590.  12.8  18.3   1.721   3.1   9.8
   1 2014 191 22331.  17.0  27.8   2.221   0.6  26.1
   1 2014 192 13922.  17.3  23.3   2.092   3.8   0.6
   1 2014 193 18799.  16.5  24.3   1.961   3.5   0.0
   1 2014 194 19532.  15.8  22.6   1.901   7.2   2.6
   1 2014 195 21298.  13.2  22.7   1.798   6.0   1.6
   1 2014 196  8737.  11.8  22.0   1.733   2.0   0.0
   1 2014 197 22889.  12.0  25.5   1.875   1.0   0.0
   1 2014 198 22708.  13.8  29.3   2.051   0.9   0.0
   1 2014 199 25674.  17.9  31.4   2.245   1.8   0.0
   1 2014 200 23932.  17.1  33.7   2.292   2.4   0.0
   1 2014 201 13843.  19.3  26.9   2.329   1.5   1.2
   1 2014 202  5858.  18.5  21.8   2.194   2.3  11.7
   1 2014 203 24445.  18.0  26.8   2.161   2.2   0.6
   1 2014 204 25950.  18.1  28.8   1.980   2.5   0.0
   1 2014 205 22815.  16.6  26.4   1.843   2.4   0.0
   1 2014 206  6164.  15.6  21.2   1.819   1.7   0.3
   1 2014 207 12652.  15.9  24.3   2.090   1.4   3.7
   1 2014 208 21328.  16.3  26.2   2.128   1.7  10.2
   1 2014 209 10362.  15.9  23.2   2.078   2.0  16.7
   1 2014 210 21607.  15.9  26.8   2.212   2.9   0.0
   1 2014 211 19551.  12.3  23.4   1.795   2.0   0.0
   1 2014 212 24224.  11.3  24.8   1.773   1.6   0.0
   1 2014 213 22258.  12.3  26.1   1.922   1.0   0.0
   1 2014 214 15377.  14.0  28.1   2.038   1.9   1.1
   1 2014 215 23025.  14.9  25.5   1.932   1.4   0.0
   1 2014 216 21244.  12.2  23.2   1.709   1.7   0.0
   1 2014 217 22934.   9.9  25.0   1.619   1.0   0.0
   1 2014 218  8620.  11.8  22.2   1.772   2.3   2.4
   1 2014 219 15217.  12.6  23.0   1.879   1.6   6.2
   1 2014 220  8603.  12.4  24.3   1.964   2.1   7.4
   1 2014 221 17319.  14.1  23.0   1.879   3.8   8.6
   1 2014 222  8379.  13.5  23.4   1.873   3.5   5.3
   1 2014 223 19258.  14.0  20.6   1.562   4.9   3.6
   1 2014 224 18636.  12.7  19.8   1.520   4.5   0.7
   1 2014 225 22686.  11.3  21.5   1.530   3.2   0.0
   1 2014 226 12143.  12.6  19.7   1.613   2.4   5.3
   1 2014 227 13204.  11.5  19.0   1.526   1.6   5.2
   1 2014 228 14273.  11.5  18.4   1.507   2.9   1.4
   1 2014 229  5417.  12.5  16.4   1.528   4.9  25.4
   1 2014 230 12967.   9.8  17.2   1.434   4.1   5.0
   1 2014 231 12294.   9.5  16.3   1.286   3.2   9.3
   1 2014 232 16495.   6.9  17.5   1.253   2.3   8.3
   1 2014 233 13506.   6.9  17.7   1.302   2.0   0.1
   1 2014 234 10339.   9.7  16.7   1.349   3.4   5.2
   1 2014 235 17366.   8.0  17.3   1.258   2.8   0.2
   1 2014 236 15679.   6.7  17.6   1.235   2.2   0.7
   1 2014 237  8786.   5.7  17.3   1.312   1.6   3.8
   1 2014 238  5966.   9.7  16.1   1.466   2.1  16.1
   1 2014 239 20949.   5.4  20.9   1.338   1.3   0.0
   1 2014 240 12461.  10.7  21.5   1.744   2.3   4.0
   1 2014 241 14352.  13.0  21.1   1.658   2.6   0.2
   1 2014 242  6598.  12.1  18.1   1.638   3.1  12.5
   1 2014 243 12123.   9.8  19.0   1.503   1.8   0.7
   1 2014 244 12997.   7.1  20.7   1.468   1.0   0.0
   1 2014 245 13963.   9.5  20.9   1.616   1.1   0.0
   1 2014 246 16203.  10.9  20.8   1.571   2.0   0.0
   1 2014 247 17778.  12.1  23.5   1.712   1.5   0.0
   1 2014 248  9653.  11.4  22.9   1.813   0.8   0.0
   1 2014 249  6067.  11.1  20.9   1.737   0.8   0.0
   1 2014 250 14365.  10.3  22.5   1.682   1.2   0.0
   1 2014 251 18019.   8.1  20.1   1.355   1.2   0.0
   1 2014 252  7169.   8.4  17.5   1.420   1.3   0.0
   1 2014 253 10458.   9.7  17.9   1.414   1.5   0.0
   1 2014 254 14952.   9.7  20.5   1.488   1.7   0.0
   1 2014 255 17504.   7.6  21.5   1.483   2.0   0.0
   1 2014 256 13924.  10.8  21.3   1.624   2.0   0.0
   1 2014 257  9318.  10.3  22.0   1.582   1.3   0.0
   1 2014 258 14065.   9.0  22.0   1.644   1.3   0.0
   1 2014 259 12383.  11.2  24.4   1.783   0.8   0.0
   1 2014 260 16478.   9.6  25.3   1.727   1.2   0.0
   1 2014 261 15266.   9.9  25.2   1.825   1.8   1.0
   1 2014 262  8725.  12.8  22.5   1.894   0.9   0.0
   1 2014 263  7277.  12.9  23.4   1.847   1.0  16.9
   1 2014 264 12017.   9.7  18.0   1.523   2.8   3.9
   1 2014 265 10693.   7.0  16.9   1.235   2.9   0.4
   1 2014 266 12780.   7.0  18.1   1.272   1.4   0.0
   1 2014 267  4137.  10.7  15.7   1.330   2.6   6.6
   1 2014 268 10783.  10.3  17.5   1.363   3.2   0.1
   1 2014 269  4023.  11.1  18.3   1.600   2.5   0.1
   1 2014 270 13280.   8.0  19.9   1.411   1.0   0.0
   1 2014 271 11731.   7.4  21.3   1.469   0.9   0.0
   1 2014 272  5059.  12.1  19.1   1.723   1.5   4.3
   1 2014 273  8145.  10.2  20.4   1.690   1.8   0.1
   1 2014 274  8887.  10.5  20.8   1.667   1.3   0.0
   1 2014 275  6620.  10.3  20.2   1.698   0.8   0.0
   1 2014 276 12268.   9.7  22.4   1.588   1.1   0.0
   1 2014 277 12128.  11.7  21.0   1.554   2.8   0.1
   1 2014 278  2989.  11.7  13.6   1.343   1.8   0.8
   1 2014 279  2790.  12.5  15.6   1.468   2.2   0.4
   1 2014 280  6389.   9.0  15.6   1.291   4.5   6.3
   1 2014 281  4367.   8.1  16.0   1.393   3.7  21.7
   1 2014 282  6814.  12.0  17.4   1.483   3.8   0.0
   1 2014 283  9394.   8.5  17.6   1.412   2.7   0.0
   1 2014 284  3372.   6.7  15.6   1.312   1.3  14.7
   1 2014 285  7439.   7.2  16.6   1.327   2.0   2.1
   1 2014 286  5029.  10.1  18.4   1.515   2.4   0.2
   1 2014 287  2762.   9.3  14.3   1.323   3.6   1.3
   1 2014 288  7039.  11.2  16.8   1.421   2.8   1.5
   1 2014 289  5217.  11.7  17.7   1.497   2.8   5.0
   1 2014 290  5710.  11.3  18.7   1.510   2.1   0.0
   1 2014 291  8435.  11.8  22.7   1.683   3.1   0.0
   1 2014 292  6842.  13.6  22.0   1.730   3.8   0.8
   1 2014 293  6422.  12.3  17.1   1.472   4.0   0.0
   1 2014 294  1935.   7.7  13.3   1.217   5.4  13.0
   1 2014 295  6510.   6.8  13.1   1.069   4.0   4.1
   1 2014 296  4225.   8.7  14.6   1.268   2.9   0.0
   1 2014 297  2711.  10.6  12.3   1.257   3.8   5.9
   1 2014 298  2673.   7.8  14.9   1.350   2.4   0.0
   1 2014 299  5584.   8.8  15.9   1.336   2.4   0.0
   1 2014 300  8207.   7.5  16.8   1.348   2.2   0.0
   1 2014 301  8844.   6.5  13.6   1.145   3.2   0.1
   1 2014 302   963.   8.5  11.7   1.250   2.0   1.3
   1 2014 303  2308.  10.9  14.9   1.444   1.9   0.3
   1 2014 304  4245.   9.6  16.4   1.457   1.8   0.1
   1 2014 305  7564.   9.5  19.2   1.552   1.7   0.0
   1 2014 306  7161.  12.3  17.4   1.656   4.0   2.8
   1 2014 307  2406.   9.8  15.0   1.448   5.2   9.1
   1 2014 308  2837.   6.0  10.7   1.143   2.1   1.0
   1 2014 309  2676.   3.0  10.0   0.947   1.2   0.0
   1 2014 310  1894.   3.4   8.1   0.913   1.6   0.0
   1 2014 311  2041.   4.1   9.6   1.022   4.9   0.2
   1 2014 312  6578.   7.2  12.9   1.083   4.1   0.0
   1 2014 313  5577.   6.5  13.3   1.057   2.4   0.1
   1 2014 314  5765.   4.9  12.2   1.079   3.2   2.8
   1 2014 315  4227.   4.1  12.3   1.085   3.4   1.1
   1 2014 316  2176.   4.2  11.7   1.092   2.0   0.1
   1 2014 317  5696.   2.5  13.8   0.997   1.7   0.0
   1 2014 318  3372.   6.5  12.6   1.150   2.8   2.5
   1 2014 319  1338.   7.6  11.4   1.172   2.0   2.3
   1 2014 320   897.   7.0   9.0   1.076   1.6  12.4
   1 2014 321  4650.   7.2  12.5   1.106   2.2   0.1
   1 2014 322   986.   6.5   8.4   1.008   2.2   0.1
   1 2014 323   683.   7.0   8.2   1.008   1.0   0.0
   1 2014 324  1033.   3.4   7.8   0.946   2.0   0.0
   1 2014 325  5365.   0.1   9.0   0.792   2.5   0.0
   1 2014 326  4399.   3.7  12.4   0.971   2.5   0.0
   1 2014 327  4202.   6.8  13.6   1.175   2.2   0.5
   1 2014 328  5171.  -0.4  11.0   0.901   1.5   1.5
   1 2014 329  4159.  -2.3   9.0   0.745   2.1   0.0
   1 2014 330  2072.   2.8   6.3   0.805   3.5   0.0
   1 2014 331  1655.   6.1   8.6   0.945   2.9   2.3
   1 2014 332  2645.   2.4   8.9   0.868   3.6   0.0
   1 2014 333  3030.   1.2   3.9   0.704   3.3   0.0
   1 2014 334   599.   1.9   3.4   0.715   2.2   0.0
   1 2014 335   630.   0.9   2.0   0.646   2.8   0.0
   1 2014 336  1032.   0.1   1.6   0.599   2.5   0.0
   1 2014 337   691.  -2.9   1.0   0.524   3.1   0.0
   1 2014 338   680.  -2.4   1.2   0.580   1.5   0.0
   1 2014 339  1199.   1.0   5.1   0.748   1.9   0.8
   1 2014 340  3529.  -1.5   8.6   0.774   1.2   0.0
   1 2014 341   736.  -1.8   6.2   0.718   3.5   2.8
   1 2014 342  2151.   0.6   4.4   0.694   2.7   2.1
   1 2014 343  1513.  -2.9   4.7   0.671   3.0   0.1
   1 2014 344  3249.   3.9   9.1   0.842   5.3   5.8
   1 2014 345  1299.   3.9   6.9   0.836   5.7   9.5
   1 2014 346   417.   3.9   9.2   0.973   6.0  16.1
   1 2014 347  1156.   1.5   5.8   0.782   2.1   0.0
   1 2014 348  3192.  -0.1   3.9   0.683   3.1   0.0
   1 2014 349  1420.   3.1   7.2   0.847   4.2   6.6
   1 2014 350  2300.   2.1   7.5   0.837   3.0   1.6
   1 2014 351   474.   3.5  10.1   0.997   4.0   4.0
   1 2014 352   807.  10.0  12.8   1.296   6.2   2.7
   1 2014 353  1397.   5.7  12.2   1.058   5.6  13.6
   1 2014 354  1088.   3.2   8.5   0.875   5.3   2.4
   1 2014 355  1108.   4.2   9.9   0.938   5.2   0.0
   1 2014 356   415.   9.0  12.4   1.201   8.1   1.7
   1 2014 357  1980.   9.3  12.7   1.157   7.0   0.5
   1 2014 358   804.   4.5   9.7   0.962   5.2   3.0
   1 2014 359  1877.   1.6   7.4   0.801   3.6   4.0
   1 2014 360  2905.  -1.5   5.2   0.700   2.1   0.1
   1 2014 361   383.  -2.5   3.0   0.616   5.9  15.8
   1 2014 362  4208.  -4.9   0.4   0.505   2.9   0.4
   1 2014 363  3223.   0.3   4.2   0.676   2.2   2.9
   1 2014 364  1047.   2.0   4.5   0.737   2.3   0.3
   1 2014 365  3020.   0.1   7.3   0.757   2.2   0.0
