*---------------------------------------------------------*
*   Country: Netherlands
*   Station: Wageningen
*      Year: 2020
*    Source: Meteorology and Air Quality Group,
*            Wageningen University
*            https://met.wur.nl/veenkampen/data/
*    Author: M. Lubbers (Plant Production Systems, WUR)
* Longitude: 05 6217 E
*  Latitude: 51 9814 N
* Elevation: 5 m.
*  Comments: Location Veenkampen.
*
*  Columns:
*  ========
*  station number
*  year
*  day
*  irradiation (kJ m-2 d-1)
*  minimum temperature (degrees Celsius)
*  maximum temperature (degrees Celsius)
*  vapour pressure (kPa)
*  mean wind speed (m s-1)
*  precipitation (mm d-1)
** WCCDESCRIPTION=Netherlands, Wageningen (nld1.020)
** WCCFORMAT=2
** WCCYEARNR=2020
*---------------------------------------------------------*
   5.6217  51.9814     5. 0.00 0.00
   1 2020   1  1111.  -1.3   1.9   0.612   2.3   0.0
   1 2020   2   716.   0.4   7.2   0.749   3.6   0.3
   1 2020   3   672.   3.2   9.7   0.983   4.3   4.0
   1 2020   4   865.   2.8   7.7   0.895   3.3   1.5
   1 2020   5   918.   5.8   7.4   0.917   2.4   0.0
   1 2020   6  2830.   2.4   6.7   0.831   3.2   0.7
   1 2020   7  1369.   5.0   7.8   0.940   3.9   0.2
   1 2020   8   884.   7.6  11.6   1.203   3.4   4.1
   1 2020   9   518.   9.1  12.6   1.294   4.7   2.9
   1 2020  10  1859.   2.2  11.4   0.907   2.9   3.3
   1 2020  11  2628.   1.4   6.7   0.814   4.5   0.2
   1 2020  12   783.   4.3  10.0   0.962   5.0   1.4
   1 2020  13  3176.   5.4  10.6   1.032   4.7   0.0
   1 2020  14   776.   8.8  12.4   1.236   6.8   9.0
   1 2020  15  1165.   4.6  12.1   1.180   5.5   2.3
   1 2020  16  4630.   2.1  10.3   0.963   3.3   0.1
   1 2020  17   937.   4.7   9.6   1.078   4.4   0.0
   1 2020  18  4450.   1.0   7.7   0.808   3.0   1.4
   1 2020  19  4456.  -1.1   7.7   0.750   1.6   0.3
   1 2020  20  2258.  -2.2   5.9   0.695   1.2   0.1
   1 2020  21  1915.  -1.5   2.5   0.607   1.9   0.0
   1 2020  22  1133.   1.0   5.2   0.768   1.3   1.2
   1 2020  23  3873.   1.5   5.7   0.795   1.4   0.1
   1 2020  24  1048.   1.2   2.9   0.684   2.0   0.2
   1 2020  25  1664.   0.7   2.2   0.663   2.6   0.1
   1 2020  26  4104.   0.7   8.7   0.837   3.1   0.1
   1 2020  27  2408.   7.1   9.4   1.026   4.4   7.8
   1 2020  28  3120.   2.8   7.4   0.809   5.7   6.0
   1 2020  29  2850.   3.0   7.3   0.809   4.7   1.4
   1 2020  30  3377.   5.2  11.3   1.022   5.3   1.5
   1 2020  31  1844.   9.3  12.4   1.268   5.3   0.0
   1 2020  32  2681.   8.5  12.1   1.255   6.0   1.3
   1 2020  33  1325.   6.5  11.3   1.124   4.6   7.4
   1 2020  34  2916.   5.9  11.0   1.155   4.8   1.8
   1 2020  35  3192.   1.5   6.7   0.838   3.3   5.9
   1 2020  36  5718.  -0.8   7.7   0.809   1.4   0.1
   1 2020  37  4257.   0.1   8.9   0.838   1.4   0.0
   1 2020  38  7600.  -0.1   8.6   0.819   3.1   0.0
   1 2020  39  2262.   2.7  10.6   0.984   3.3   0.9
   1 2020  40  1852.   6.8  12.4   1.213   8.9   5.3
   1 2020  41  3757.   5.1  10.8   1.068   8.7   3.8
   1 2020  42  4554.   4.4   7.3   0.922   7.7   0.6
   1 2020  43  6907.   3.2   7.6   0.881   5.6   0.1
   1 2020  44  1801.   2.6   8.5   0.894   4.4  13.8
   1 2020  45  3518.   5.3   8.5   0.974   3.2   0.1
   1 2020  46  4947.   6.0  13.0   1.226   6.1   0.0
   1 2020  47  2112.   8.1  17.3   1.451   8.8   8.3
   1 2020  48  7214.   5.9  11.0   1.065   6.8   1.7
   1 2020  49  6725.   5.1   9.5   1.028   6.6   1.6
   1 2020  50  6093.   4.1   8.0   0.918   4.7   3.5
   1 2020  51  3521.   4.4  10.2   1.063   6.0   4.1
   1 2020  52  4777.   3.6   8.7   0.985   5.6   0.0
   1 2020  53  2323.   6.5  11.1   1.148   7.6   1.1
   1 2020  54  1291.   3.3  12.2   1.112   6.4  27.4
   1 2020  55  1582.   2.5  11.3   1.008   5.7   6.9
   1 2020  56  8722.   1.9  10.3   0.964   4.9   1.4
   1 2020  57  5788.   0.4   6.3   0.747   3.0  12.0
   1 2020  58  2055.   0.7   3.3   0.722   2.9   6.8
   1 2020  59  5557.   0.8   7.4   0.811   4.8   9.5
   1 2020  60  5467.   5.0  13.0   1.118   6.9   1.2
   1 2020  61  8532.   3.8   9.9   0.969   5.6   0.0
   1 2020  62  2535.   3.1   7.2   0.897   3.3   7.6
   1 2020  63 10583.   1.4   9.2   0.831   2.8   0.7
   1 2020  64 11280.   2.6  10.2   0.948   2.7   0.7
   1 2020  65  2925.   4.9   7.1   0.922   3.9  11.5
   1 2020  66  7529.   4.7   8.9   0.946   5.1   1.9
   1 2020  67 11076.   2.0  10.8   0.985   3.6   0.0
   1 2020  68  3557.   6.8   9.6   1.100   5.3   1.1
   1 2020  69  7624.   6.2  10.1   1.049   4.0   5.5
   1 2020  70  2163.   6.1  12.5   1.244   6.8  16.1
   1 2020  71  7799.   8.9  12.9   1.309   4.4  11.2
   1 2020  72 13166.   5.2  10.9   1.104   7.4   7.0
   1 2020  73  7218.   2.1   9.5   0.963   4.5   5.1
   1 2020  74 12632.   0.2  11.6   0.966   3.6   0.4
   1 2020  75  4506.   6.9  11.3   1.149   3.6   0.0
   1 2020  76 11128.   3.3  13.9   1.103   1.4   0.0
   1 2020  77 15590.   2.6  13.6   1.086   2.7   0.0
   1 2020  78  9965.   4.9  14.5   1.256   3.0   0.0
   1 2020  79  3731.   7.5  10.2   1.157   2.3   0.0
   1 2020  80  4323.   3.3   8.8   0.985   4.2   0.7
   1 2020  81 16757.   0.4   9.3   0.858   5.4   0.0
   1 2020  82 18593.  -0.8   9.4   0.858   5.2   0.0
   1 2020  83 18591.   0.2  10.6   0.863   4.6   0.0
   1 2020  84 18506.  -1.3  11.1   0.855   3.4   0.0
   1 2020  85 19015.  -2.9  12.6   0.901   2.8   0.0
   1 2020  86 18356.  -0.3  11.7   0.938   3.4   0.0
   1 2020  87 17291.   1.5  15.9   1.129   3.9   0.0
   1 2020  88 18065.   3.5  13.4   1.044   5.1   0.0
   1 2020  89 12113.  -1.5   7.2   0.801   6.1   0.0
   1 2020  90 10743.  -3.2   9.6   0.776   2.6   0.1
   1 2020  91 20455.  -1.3  10.2   0.817   2.4   0.0
   1 2020  92 16018.  -3.5   9.9   0.807   1.6   0.0
   1 2020  93 10644.  -0.4  10.2   0.966   3.7   0.0
   1 2020  94  8954.  -0.7   9.7   0.955   2.4   0.7
   1 2020  95 20944.  -1.6  14.8   1.042   2.6   0.0
   1 2020  96 21230.   3.8  19.7   1.468   4.1   0.0
   1 2020  97 20136.   8.0  23.1   1.681   3.6   0.0
   1 2020  98 20562.   2.4  20.0   1.401   2.1   0.0
   1 2020  99 20689.   5.4  24.5   1.683   1.5   0.0
   1 2020 100 19551.   6.8  21.1   1.551   2.6   0.0
   1 2020 101 21242.   4.0  19.9   1.348   2.1   0.0
   1 2020 102 22471.   1.8  21.1   1.407   1.8   0.0
   1 2020 103 20079.   2.9  22.8   1.544   1.9   0.0
   1 2020 104 19600.   5.1  11.1   1.068   5.7   0.0
   1 2020 105 12274.   1.1  10.4   0.949   2.6   0.0
   1 2020 106 22435.  -1.2  17.3   1.079   1.0   0.0
   1 2020 107 21715.   2.4  21.8   1.460   1.9   0.0
   1 2020 108 22231.   5.3  18.6   1.366   3.2   0.0
   1 2020 109  7787.   4.1  15.5   1.290   1.6   1.0
   1 2020 110 23782.   8.5  18.5   1.485   3.9   0.0
   1 2020 111 24477.   6.5  18.8   1.486   6.0   0.0
   1 2020 112 24539.   8.1  19.3   1.624   6.1   0.0
   1 2020 113 25049.   7.9  21.9   1.746   4.4   0.0
   1 2020 114 25021.   4.1  23.5   1.719   1.8   0.0
   1 2020 115 23576.   6.5  18.2   1.401   3.7   0.0
   1 2020 116 22809.   4.7  15.3   1.242   2.9   0.0
   1 2020 117 25594.   1.0  17.3   1.178   1.4   0.0
   1 2020 118 23639.   0.9  20.7   1.425   2.1   0.0
   1 2020 119  6467.   7.3  13.9   1.200   2.3   1.1
   1 2020 120 12315.   9.6  15.9   1.281   3.4   2.6
   1 2020 121 20219.   8.5  16.5   1.149   4.9   0.5
   1 2020 122 14284.   7.1  14.3   1.178   4.1   1.7
   1 2020 123 15705.   5.0  14.3   1.186   3.3   2.1
   1 2020 124 15633.   5.4  16.9   1.304   1.7   0.4
   1 2020 125 24166.   4.7  16.3   1.321   3.1   0.6
   1 2020 126 26558.   1.1  15.9   0.967   2.5   0.0
   1 2020 127 27302.   2.8  17.6   1.235   1.9   0.0
   1 2020 128 26632.   1.1  20.4   1.288   1.1   0.0
   1 2020 129 23520.   4.1  23.3   1.487   1.0   0.0
   1 2020 130 27105.   6.0  25.4   1.911   2.0   0.0
   1 2020 131 11230.   6.8  23.1   1.450   3.7   0.4
   1 2020 132 23257.   1.8  12.9   1.097   5.8   0.0
   1 2020 133 14615.   1.0  12.9   1.007   1.7   0.0
   1 2020 134 20368.   0.7  12.8   0.989   3.2   0.9
   1 2020 135 24932.   0.0  13.8   1.036   3.2   0.0
   1 2020 136 22335.  -0.3  15.0   1.007   2.1   0.0
   1 2020 137 18901.   1.9  17.0   1.195   2.7   0.0
   1 2020 138 22200.   2.2  18.9   1.346   2.2   0.0
   1 2020 139 27527.   7.0  21.5   1.623   2.7   0.0
   1 2020 140 24469.   8.4  23.1   1.826   2.5   0.0
   1 2020 141 22474.   8.3  23.3   1.792   1.5   0.0
   1 2020 142 28372.   8.0  27.1   2.149   1.4   0.0
   1 2020 143 12709.  13.4  26.0   2.124   3.6   0.2
   1 2020 144 22525.  12.1  18.7   1.727   5.1   0.0
   1 2020 145  7242.  11.3  14.9   1.482   3.5   4.8
   1 2020 146 24208.   7.8  21.2   1.726   2.4   0.0
   1 2020 147 29072.   5.3  23.5   1.767   1.4   0.0
   1 2020 148 28368.   9.2  21.0   1.813   2.9   0.0
   1 2020 149 30714.   7.2  21.0   1.663   3.0   0.0
   1 2020 150 30363.   5.3  23.2   1.758   2.2   0.0
   1 2020 151 28971.   9.8  24.6   2.089   2.5   0.0
   1 2020 152 29327.  10.6  22.2   1.896   3.1   0.0
   1 2020 153 28748.  11.6  25.6   2.148   1.9   0.0
   1 2020 154 27549.   9.8  28.1   2.322   1.7   0.0
   1 2020 155 25910.  11.8  23.4   2.006   2.7   0.0
   1 2020 156  6750.   7.7  16.4   1.483   3.2   3.4
   1 2020 157 12614.   6.1  14.7   1.198   3.6   5.4
   1 2020 158 18927.   7.4  16.5   1.382   5.1   0.5
   1 2020 159 16217.   9.9  16.9   1.454   3.7   1.2
   1 2020 160 13549.  11.2  18.6   1.605   2.5   0.0
   1 2020 161 16588.   8.4  17.0   1.545   2.4   0.0
   1 2020 162  9571.   7.0  19.1   1.583   1.5   0.0
   1 2020 163 13944.  12.0  21.6   1.839   1.7   1.2
   1 2020 164 26540.  14.1  27.6   2.376   2.8   5.0
   1 2020 165 26894.  15.4  26.5   2.421   1.5   6.0
   1 2020 166 12744.  14.6  24.0   2.097   1.8  27.5
   1 2020 167 17538.  15.1  23.4   2.191   1.3   0.0
   1 2020 168 10482.  13.3  21.7   2.105   0.9   3.3
   1 2020 169 21756.  12.1  24.6   2.216   1.9   2.9
   1 2020 170 17260.  14.0  22.6   2.107   1.9   1.1
   1 2020 171 24340.  10.9  22.6   1.984   2.0   0.0
   1 2020 172 27364.  11.3  22.0   1.896   1.6   0.0
   1 2020 173 21467.  10.3  24.8   2.176   2.5   0.0
   1 2020 174 30671.  11.5  22.8   2.052   1.9   0.0
   1 2020 175 29736.   9.8  27.8   2.283   1.1   0.0
   1 2020 176 29530.  14.0  29.9   2.836   2.4   0.0
   1 2020 177 29623.  18.3  30.0   3.122   3.4   0.0
   1 2020 178 28067.  19.1  31.0   3.096   2.5   4.7
   1 2020 179 18092.  17.8  26.4   2.450   3.1   2.9
   1 2020 180 19977.  13.3  21.7   2.047   4.1   0.0
   1 2020 181 17204.  12.1  19.7   1.848   5.0   0.0
   1 2020 182 12029.  13.0  20.2   1.827   4.6  13.7
   1 2020 183 14797.  14.6  21.0   2.032   3.3  11.4
   1 2020 184 16343.  13.5  21.0   1.907   3.0   0.0
   1 2020 185 19346.  13.3  21.9   2.006   4.2   0.1
   1 2020 186  6221.  14.3  18.4   1.920   5.1   8.9
   1 2020 187 11318.  14.4  21.6   2.067   5.9   4.1
   1 2020 188 20311.  10.3  18.0   1.642   3.9   5.8
   1 2020 189 17886.   7.7  19.3   1.638   2.3   0.2
   1 2020 190  7780.  13.0  18.4   1.702   1.8   2.0
   1 2020 191  5653.  15.3  18.2   1.925   3.1  10.6
   1 2020 192 11620.   8.4  17.1   1.671   2.6   0.9
   1 2020 193 19463.   6.1  19.2   1.539   1.4   1.9
   1 2020 194 26997.   5.8  21.2   1.657   1.2   0.0
   1 2020 195 29383.   8.0  23.0   1.899   1.1   0.0
   1 2020 196  5829.  11.4  18.1   1.698   1.3   3.6
   1 2020 197 19178.   8.7  20.2   1.751   1.3   1.1
   1 2020 198  9700.  13.8  18.3   1.792   1.7   3.3
   1 2020 199 13124.  14.0  21.5   2.044   1.1   0.0
   1 2020 200 23561.  12.6  25.7   2.349   1.4   0.0
   1 2020 201 21633.  12.7  24.6   2.130   1.9   0.0
   1 2020 202 26104.  10.1  20.6   1.836   2.1   0.0
   1 2020 203 17756.   7.0  19.9   1.627   1.3   0.0
   1 2020 204 25443.   6.4  21.8   1.655   1.3   0.0
   1 2020 205 23836.   8.4  25.0   2.066   1.9   0.0
   1 2020 206 12162.  14.4  22.2   2.097   2.2   0.5
   1 2020 207  9638.  15.0  22.1   2.105   2.7   3.3
   1 2020 208 22493.  12.8  22.4   2.144   3.5   1.7
   1 2020 209 10590.  12.9  23.6   2.079   2.4   0.8
   1 2020 210 18335.  14.4  20.9   2.032   3.8   0.5
   1 2020 211 20110.  10.6  21.0   1.825   2.4   0.0
   1 2020 212 25891.   8.0  26.6   2.070   1.1   0.0
   1 2020 213 26893.  11.7  32.7   3.070   2.7   0.0
   1 2020 214 17055.  13.0  25.2   2.491   2.4   1.0
   1 2020 215 16705.   9.3  22.6   1.895   1.8   0.0
   1 2020 216 18892.   7.4  22.9   1.717   1.5   0.0
   1 2020 217 24383.   8.8  22.2   1.842   1.5   0.0
   1 2020 218 26100.  12.0  28.2   2.335   2.3   0.0
   1 2020 219 25197.  12.0  31.8   2.705   1.3   0.0
   1 2020 220 25387.  14.0  34.5   3.047   0.9   0.0
   1 2020 221 24177.  14.0  34.9   3.255   1.2   0.0
   1 2020 222 22110.  20.3  34.5   3.476   1.5   0.0
   1 2020 223 21832.  17.0  33.5   3.353   1.9   0.0
   1 2020 224 21165.  19.6  35.1   3.371   2.1   1.3
   1 2020 225 21978.  20.7  33.4   3.484   1.6   1.8
   1 2020 226 12574.  18.5  31.5   3.019   1.3   0.6
   1 2020 227 20320.  17.6  28.7   2.788   1.9   0.0
   1 2020 228 15811.  17.8  28.9   2.624   1.1   7.9
   1 2020 229 18277.  16.0  30.6   2.737   1.7   5.5
   1 2020 230 15384.  14.3  26.6   2.230   1.5   0.1
   1 2020 231 20220.  13.7  24.7   2.175   2.1   0.0
   1 2020 232 19507.  12.8  27.5   2.486   2.3   0.1
   1 2020 233 10925.  19.2  28.8   2.933   2.7   0.8
   1 2020 234 19015.  16.3  29.8   2.886   3.3   0.3
   1 2020 235 13567.  15.9  23.7   2.184   4.2   5.3
   1 2020 236 15360.  13.8  21.0   1.973   4.0   5.0
   1 2020 237 15419.  11.0  21.6   1.887   3.3   0.1
   1 2020 238  6720.  11.1  20.7   1.872   4.0   1.7
   1 2020 239  5244.  13.2  18.8   1.834   6.2   5.1
   1 2020 240 11526.  10.5  20.8   1.823   1.9   1.0
   1 2020 241 11535.  12.3  20.7   1.806   3.2   5.1
   1 2020 242 12264.  10.6  19.0   1.631   2.9   2.2
   1 2020 243  7688.  10.7  18.9   1.699   2.8   4.9
   1 2020 244 11923.   9.6  18.2   1.662   1.6   0.2
   1 2020 245 15857.   7.6  19.5   1.541   1.2   0.0
   1 2020 246 18663.   7.1  22.1   1.657   0.9   0.0
   1 2020 247  4446.  10.7  20.5   1.813   3.3   9.7
   1 2020 248 13937.  12.7  21.0   1.943   2.8   3.2
   1 2020 249 16069.  10.9  19.2   1.693   2.5   2.9
   1 2020 250 12803.   9.2  19.1   1.563   1.6   0.0
   1 2020 251 16773.   6.6  21.2   1.642   1.9   0.0
   1 2020 252  3797.  12.8  18.3   1.886   2.5   0.1
   1 2020 253  4885.   8.5  21.5   1.948   2.8   0.1
   1 2020 254 13591.   6.8  20.4   1.487   0.7   0.0
   1 2020 255 15349.   6.7  20.4   1.531   1.1   0.0
   1 2020 256  9489.   7.3  18.9   1.569   2.2   0.1
   1 2020 257 16614.  10.0  23.3   1.830   1.9   0.1
   1 2020 258 16635.   8.8  29.9   2.130   0.9   0.0
   1 2020 259 16229.  11.3  32.2   2.579   1.0   0.0
   1 2020 260 14462.  12.4  25.2   2.174   3.5   0.0
   1 2020 261 16750.   7.8  19.8   1.572   3.2   0.0
   1 2020 262 17162.   6.9  22.3   1.686   3.2   0.0
   1 2020 263 16110.   7.7  25.1   1.849   2.3   0.0
   1 2020 264 16526.   6.2  24.4   1.699   2.1   0.0
   1 2020 265 15776.   6.0  26.2   1.723   1.3   0.0
   1 2020 266 13872.   6.8  23.8   1.621   0.9   0.1
   1 2020 267  7958.  10.1  22.8   1.852   3.0   6.1
   1 2020 268 11125.  11.4  18.4   1.655   4.8   1.8
   1 2020 269  9790.   8.4  14.4   1.324   5.3   4.1
   1 2020 270 10667.  10.0  15.6   1.436   3.9  18.3
   1 2020 271  4782.  11.8  15.7   1.523   2.9   3.4
   1 2020 272  1695.  11.4  13.0   1.414   2.4   2.3
   1 2020 273  5990.  11.6  18.6   1.640   1.6   2.8
   1 2020 274  7652.  11.3  19.4   1.800   2.7   0.1
   1 2020 275  2941.   8.8  15.6   1.514   3.1   4.9
   1 2020 276  6459.   7.8  16.9   1.529   3.6   0.2
   1 2020 277  1782.   9.9  14.8   1.470   2.9   6.2
   1 2020 278  7118.  10.6  15.0   1.398   5.5   1.0
   1 2020 279  2992.  10.3  14.3   1.401   5.1   2.6
   1 2020 280  4717.  11.2  14.9   1.472   4.8   6.6
   1 2020 281  6045.   9.7  15.4   1.422   3.9   3.9
   1 2020 282  1945.   9.7  15.8   1.485   4.5  12.3
   1 2020 283  5883.   8.0  15.5   1.370   2.2   1.0
   1 2020 284  6755.   4.3  12.6   1.108   3.0   9.3
   1 2020 285  8815.   4.3  13.5   1.137   2.4   0.4
   1 2020 286  6470.   3.6  13.8   1.122   1.3   0.5
   1 2020 287  7569.   6.6  13.0   1.158   2.6   0.4
   1 2020 288  5882.   5.9  12.2   1.156   2.9   0.0
   1 2020 289  4284.   6.1  11.5   1.154   2.6   0.0
   1 2020 290  4967.   6.1  11.8   1.108   1.5   0.0
   1 2020 291  4063.   3.2  11.3   1.058   0.5   0.0
   1 2020 292  4495.   2.4  13.1   1.153   1.5   0.0
   1 2020 293  5699.   6.7  13.3   1.184   2.0   1.1
   1 2020 294  1890.   7.3  14.1   1.338   3.7   0.5
   1 2020 295  3139.  12.3  19.9   1.760   5.6   7.5
   1 2020 296  5757.   8.3  17.5   1.539   3.0   0.0
   1 2020 297  4222.   6.8  16.1   1.364   2.1   0.1
   1 2020 298  3625.  11.7  15.9   1.554   5.1   0.3
   1 2020 299  1592.   9.5  15.7   1.421   4.5   2.6
   1 2020 300  4501.   8.7  12.5   1.235   4.2   0.1
   1 2020 301  3097.   7.4  11.9   1.222   5.4   2.7
   1 2020 302  4488.   7.9  13.2   1.250   4.1  20.3
   1 2020 303  3935.   7.5  13.5   1.250   4.0  10.2
   1 2020 304  1853.  13.1  15.8   1.609   5.0   0.7
   1 2020 305  4138.  10.8  15.7   1.548   3.8   2.5
   1 2020 306  2650.   9.7  17.8   1.613   4.6   3.9
   1 2020 307  2259.  10.5  19.5   1.793   6.1   3.9
   1 2020 308  6037.   6.3  12.6   1.160   4.5   0.1
   1 2020 309  7204.   1.8  12.1   0.959   1.8   0.0
   1 2020 310  6947.   1.5  12.5   0.958   1.2   0.1
   1 2020 311  6092.   4.7  12.9   1.093   1.9   0.0
   1 2020 312  5674.   2.4  14.8   0.988   1.4   0.0
   1 2020 313  3656.   1.3  13.0   1.048   1.1   0.0
   1 2020 314  5815.   8.3  18.1   1.462   1.4   0.1
   1 2020 315  4773.   8.9  15.4   1.366   1.2   0.0
   1 2020 316  2656.   9.6  13.4   1.343   2.3   0.0
   1 2020 317  3287.   5.2  13.1   1.225   4.0   4.1
   1 2020 318  2309.   4.4  12.9   1.169   2.7   1.2
   1 2020 319  3610.   8.8  14.9   1.411   3.3   0.7
   1 2020 320  2099.   9.2  15.7   1.483   5.9  10.9
   1 2020 321  1798.   8.4  11.8   1.223   4.7   1.2
   1 2020 322  1823.  10.5  13.1   1.386   4.9   0.6
   1 2020 323  5307.  10.9  14.8   1.458   4.4   0.0
   1 2020 324  4088.   3.4  11.7   1.075   4.2   1.3
   1 2020 325  3295.   2.3   9.4   0.869   2.4   0.0
   1 2020 326  1037.   3.7   9.9   1.074   4.8   0.1
   1 2020 327  2278.   3.6  11.3   1.105   2.9   2.4
   1 2020 328  4805.   2.0  10.1   0.889   1.7   0.0
   1 2020 329  2347.   4.7  10.2   1.028   2.9   0.0
   1 2020 330  3687.   2.8   9.4   0.936   2.5   0.0
   1 2020 331   765.   7.7   9.2   1.102   1.4   2.6
   1 2020 332  1170.   3.6   8.0   0.952   1.6   2.7
   1 2020 333  2217.   3.1   4.9   0.801   2.7   0.0
   1 2020 334  4111.  -4.6   4.2   0.655   2.0   0.0
   1 2020 335   480.  -4.8   7.4   0.654   2.9   6.3
   1 2020 336  1459.   5.7   9.5   1.049   3.8   5.3
   1 2020 337   340.   4.8   6.2   0.902   1.5   0.0
   1 2020 338   506.   4.4   6.0   0.888   4.7   4.3
   1 2020 339  2191.  -0.7   8.2   0.864   5.0   0.5
   1 2020 340  3492.  -2.3   5.6   0.654   1.4   0.1
   1 2020 341  1416.  -1.9   4.0   0.694   1.5   1.0
   1 2020 342   993.   0.3   4.9   0.794   3.1   8.4
   1 2020 343  1905.  -1.4   5.0   0.685   0.8   0.1
   1 2020 344   950.  -1.4   2.5   0.663   2.3   0.0
   1 2020 345  2770.  -0.9   2.5   0.620   2.7   0.0
   1 2020 346   912.  -0.1   4.3   0.724   3.8   3.0
   1 2020 347   689.   4.1   8.2   0.953   1.9   3.2
   1 2020 348  1902.   5.9   8.2   0.998   3.3   0.6
   1 2020 349  1151.   6.4  11.1   1.146   4.4   7.6
   1 2020 350   716.   4.9   9.8   1.087   2.5   2.6
   1 2020 351  3119.   3.4   9.8   1.023   2.9   0.1
   1 2020 352  1833.   5.4  10.4   1.121   3.8   3.3
   1 2020 353  2924.   4.8  11.0   1.010   3.9   0.1
   1 2020 354  2005.   5.2  11.6   1.080   4.4   0.1
   1 2020 355  1685.   6.3  10.0   1.085   3.5   0.0
   1 2020 356   559.   4.1  12.5   1.021   4.4  14.6
   1 2020 357  1049.   8.6  13.3   1.306   4.1   5.0
   1 2020 358   456.   8.5  12.0   1.284   2.8  25.1
   1 2020 359  1293.   3.0   8.8   0.909   3.9   2.9
   1 2020 360  3519.   0.2   5.7   0.743   2.4   0.1
   1 2020 361  1490.   1.3   5.3   0.805   5.3   1.0
   1 2020 362   378.   4.3   6.8   0.885   8.3   1.1
   1 2020 363  2661.   3.2   5.2   0.814   2.2   1.7
   1 2020 364   997.   2.6   5.0   0.800   2.8   3.5
   1 2020 365  2225.   0.5   6.3   0.777   3.0   1.7
   1 2020 366  1175.  -0.6   3.7   0.725   1.5   0.1
