*---------------------------------------------------------*
*   Country: Netherlands
*   Station: Wageningen
*      Year: 2017
*    Source: Meteorology and Air Quality Group,
*            Wageningen University
*            https://met.wur.nl/veenkampen/data/
*    Author: M. Lubbers (Plant Production Systems, WUR)
* Longitude: 05 6217 E
*  Latitude: 51 9814 N
* Elevation: 5 m.
*  Comments: Location Veenkampen.
*
*  Columns:
*  ========
*  station number
*  year
*  day
*  irradiation (kJ m-2 d-1)
*  minimum temperature (degrees Celsius)
*  maximum temperature (degrees Celsius)
*  vapour pressure (kPa)
*  mean wind speed (m s-1)
*  precipitation (mm d-1)
** WCCDESCRIPTION=Netherlands, Wageningen (nld1.017)
** WCCFORMAT=2
** WCCYEARNR=2017
*---------------------------------------------------------*
   5.6217  51.9814     5. 0.00 0.00
   1 2017   1   523.  -1.1   0.8   0.609   3.2   2.6
   1 2017   2  3412.  -0.6   6.3   0.676   2.1   0.8
   1 2017   3  1407.   0.1   6.3   0.767   4.4   0.2
   1 2017   4  2955.   0.2   6.9   0.788   5.0   2.9
   1 2017   5  4017.  -6.6   2.3   0.528   1.5   1.0
   1 2017   6  4006.  -8.6  -0.7   0.459   1.9   0.0
   1 2017   7   587.  -2.4   1.0   0.581   3.5   3.1
   1 2017   8  1409.   0.6   5.4   0.759   0.7   1.1
   1 2017   9   816.   2.4   5.5   0.813   3.4   2.4
   1 2017  10  2265.   0.2   6.4   0.833   2.5   3.6
   1 2017  11  1619.   5.0   9.7   0.880   6.4   2.4
   1 2017  12  2479.   0.1   7.0   0.783   4.7  16.3
   1 2017  13  3630.   0.1   4.6   0.666   5.2  14.2
   1 2017  14  2239.  -0.9   4.4   0.641   4.1   4.5
   1 2017  15  3347.  -3.1   4.4   0.581   1.4   0.4
   1 2017  16  1585.  -4.5  -0.9   0.508   1.5   0.0
   1 2017  17  3575.  -4.8  -0.7   0.475   1.7   0.0
   1 2017  18  2356.  -5.0  -1.9   0.473   1.5   0.0
   1 2017  19  4771.  -5.8   3.6   0.511   0.9   0.0
   1 2017  20  4882.  -6.2   5.3   0.533   1.3   1.6
   1 2017  21  5270.  -7.7   4.1   0.557   1.5   0.1
   1 2017  22  6098.  -8.0   3.3   0.473   0.9   0.1
   1 2017  23  1636.  -2.2   1.6   0.609   1.9   0.1
   1 2017  24  1634.  -0.4   1.4   0.640   1.5   0.3
   1 2017  25  2124.  -6.5  -0.1   0.543   1.6   0.0
   1 2017  26  5495.  -4.4   1.2   0.532   3.0   0.0
   1 2017  27  4392.  -5.8   5.8   0.598   2.8   0.0
   1 2017  28  3334.   0.7   8.8   0.742   2.8   0.6
   1 2017  29  2991.   1.8   6.8   0.785   3.3   1.1
   1 2017  30  1174.   2.5   7.7   0.832   3.7   8.2
   1 2017  31  2627.   1.8   4.9   0.725   1.8   0.0
   1 2017  32  2876.  -0.1   5.3   0.715   3.7   0.9
   1 2017  33  4723.   4.4  12.6   0.987   3.6   0.0
   1 2017  34  3079.   4.9  11.3   1.002   2.6   0.4
   1 2017  35  2696.   2.0   7.5   0.871   2.5   8.2
   1 2017  36  5747.  -0.3   8.4   0.809   1.9   0.0
   1 2017  37  2326.  -0.5   6.2   0.753   1.4   0.0
   1 2017  38  1357.   0.9   3.9   0.699   3.5   3.4
   1 2017  39  1117.  -1.0   1.0   0.601   3.2   1.6
   1 2017  40  2015.  -3.8  -0.7   0.543   3.5   1.1
   1 2017  41  1635.  -4.9  -1.0   0.524   3.1   0.0
   1 2017  42  2347.  -1.2   1.0   0.594   3.4   5.1
   1 2017  43  5740.  -0.2   2.7   0.622   4.2   3.7
   1 2017  44  8332.  -1.3   7.4   0.659   4.4   0.0
   1 2017  45  8412.  -0.8   9.0   0.657   2.8   0.0
   1 2017  46  8008.  -1.8  13.8   0.806   2.0   0.1
   1 2017  47  3008.   1.7   8.4   0.886   2.7   0.1
   1 2017  48  3512.   4.0   9.7   0.942   3.0   0.7
   1 2017  49  5277.   1.2  10.2   0.814   1.5   0.0
   1 2017  50  2519.   1.3   8.4   0.843   2.9   0.9
   1 2017  51  1637.   6.8  10.6   1.123   4.7   4.2
   1 2017  52  6685.   7.0  11.5   1.063   4.0   0.2
   1 2017  53  1275.   8.1  11.0   1.141   6.7  15.7
   1 2017  54  2239.   3.9  10.5   1.004   8.1  14.4
   1 2017  55  7030.  -0.7   8.5   0.724   3.1   0.4
   1 2017  56  3940.  -0.8   8.0   0.769   4.3   0.6
   1 2017  57  2611.   6.3  10.1   1.011   5.0   2.9
   1 2017  58  2839.   4.5  11.4   1.005   5.6  10.5
   1 2017  59  3718.   1.9   7.0   0.769   5.3   2.4
   1 2017  60  5688.   2.4   9.3   0.870   3.5   4.7
   1 2017  61  2729.   2.5   7.8   0.850   5.9   4.5
   1 2017  62  4625.  -0.2   8.7   0.809   2.9   1.0
   1 2017  63  4862.   5.5  13.4   1.031   2.7   8.4
   1 2017  64  7982.   4.6  10.9   0.912   4.9   3.9
   1 2017  65  4521.   3.2   9.1   0.851   1.7   1.2
   1 2017  66  3561.   1.5   9.4   0.883   2.0   3.3
   1 2017  67  1594.   1.3  10.2   0.887   3.4  15.4
   1 2017  68  4844.   2.4  12.6   0.953   4.0   0.8
   1 2017  69 12563.  -1.3  12.7   0.789   1.2   0.0
   1 2017  70  9586.   1.5  12.6   0.861   1.8   0.0
   1 2017  71 13396.   1.3  14.6   0.865   2.7   0.0
   1 2017  72 10816.  -1.0  13.7   0.845   1.7   0.0
   1 2017  73 11392.   2.7  14.9   1.014   3.1   0.0
   1 2017  74 13440.   1.0  14.0   0.977   1.5   0.0
   1 2017  75 14423.  -0.2  16.5   0.942   1.9   0.1
   1 2017  76  9156.   6.3  10.2   0.922   4.6   3.2
   1 2017  77  2655.   7.0  12.4   1.144   4.5  10.9
   1 2017  78  4233.   9.6  12.9   1.233   6.1   1.0
   1 2017  79  2585.   9.3  11.3   1.192   5.3  16.5
   1 2017  80 11717.   0.8  10.0   0.868   3.7   0.4
   1 2017  81 15569.  -1.3  12.7   0.787   2.7   0.1
   1 2017  82 15348.  -0.5  13.8   0.894   3.3   0.0
   1 2017  83 15747.   3.5  13.8   0.923   3.4   0.0
   1 2017  84 16822.   0.4  14.6   0.903   3.6   0.0
   1 2017  85 13365.   2.6  13.8   0.953   2.5   0.0
   1 2017  86 17860.   0.2  17.1   0.963   1.8   0.0
   1 2017  87 16928.  -0.5  19.0   1.099   2.1   2.3
   1 2017  88  6400.   9.3  14.4   1.280   3.6   0.1
   1 2017  89 13950.   9.8  21.6   1.484   2.7   0.0
   1 2017  90 12336.   9.7  22.6   1.464   2.7   0.1
   1 2017  91  5128.   7.4  14.0   1.259   1.6   5.2
   1 2017  92 14758.   7.0  17.2   1.221   2.3   0.0
   1 2017  93 11534.   2.3  14.2   1.024   1.3   0.0
   1 2017  94 15599.   0.5  16.8   1.112   1.3   0.0
   1 2017  95 10010.   3.5  13.2   1.041   2.9   0.0
   1 2017  96  8909.   2.1  11.7   0.956   2.3   1.2
   1 2017  97  8458.   4.0  13.5   1.148   2.3   0.0
   1 2017  98 14962.   1.5  16.0   1.114   1.1   0.0
   1 2017  99 20287.  -0.3  20.8   1.207   1.2   0.0
   1 2017 100 12015.   3.6  13.3   1.118   3.3   0.0
   1 2017 101 14343.   2.7  14.2   1.001   2.9   0.0
   1 2017 102  5410.   7.2  11.4   1.073   4.3   0.9
   1 2017 103 12880.   1.9  13.1   0.999   2.9   0.1
   1 2017 104  5513.   3.1  11.4   1.019   2.5   0.0
   1 2017 105 11777.   4.2  12.4   1.136   4.2   2.3
   1 2017 106 10033.   2.7  11.4   1.008   2.6   3.7
   1 2017 107 17867.   1.1  10.9   0.923   3.1  10.5
   1 2017 108 16357.   0.4  11.2   0.882   2.7   1.7
   1 2017 109 17666.  -2.9   9.4   0.695   2.2   0.0
   1 2017 110 22185.  -4.1  12.1   0.743   1.8   0.0
   1 2017 111  7304.   7.6  14.6   1.099   3.3   0.8
   1 2017 112 14196.   3.2  11.6   0.880   4.0   0.7
   1 2017 113 12790.   1.5  10.5   0.816   2.4   0.3
   1 2017 114 11559.   0.6  13.6   0.963   3.8   2.6
   1 2017 115 19824.   0.6   9.9   0.793   3.8   2.4
   1 2017 116 17256.  -0.5  11.0   0.766   2.1   0.4
   1 2017 117 18517.  -2.6  11.4   0.754   2.1   0.0
   1 2017 118 12431.   2.0  11.4   0.877   2.5   0.8
   1 2017 119 18238.   1.0  14.2   0.844   1.4   0.0
   1 2017 120 23718.   5.1  18.8   0.981   4.8   0.0
   1 2017 121  7808.   7.9  13.1   1.148   2.6   2.7
   1 2017 122  9533.   5.2  14.6   1.119   2.2   2.9
   1 2017 123  9119.   7.5  15.5   1.169   2.4   5.1
   1 2017 124 14388.   7.3  14.4   1.112   3.9   0.2
   1 2017 125  7055.   5.4  11.2   1.019   2.6   0.2
   1 2017 126 24434.   5.4  18.8   1.197   2.9   0.0
   1 2017 127 14619.   6.6  16.5   1.207   3.1   0.0
   1 2017 128 13784.   2.5  16.0   0.998   3.1   0.1
   1 2017 129 19837.   0.3  13.5   0.846   1.9   0.0
   1 2017 130 25349.  -1.7  16.9   0.891   1.1   0.0
   1 2017 131 22267.   5.0  22.2   1.287   2.5   0.1
   1 2017 132 16646.  10.8  21.7   1.540   2.9   0.8
   1 2017 133 15974.   8.7  20.6   1.473   2.5   2.2
   1 2017 134 18096.   6.2  20.8   1.300   2.5   5.1
   1 2017 135 25143.   6.2  20.9   1.307   1.9   0.0
   1 2017 136 15136.  14.4  26.0   1.778   2.0   0.0
   1 2017 137 22740.  13.7  28.5   1.845   2.4   0.0
   1 2017 138 12283.  15.1  20.7   1.723   2.5   3.0
   1 2017 139  9005.  10.4  16.5   1.374   3.9   0.5
   1 2017 140 21409.   6.0  17.2   1.190   2.3   2.4
   1 2017 141 22886.   6.5  20.5   1.255   1.4   0.0
   1 2017 142 25605.   6.9  24.3   1.436   1.7   0.0
   1 2017 143 24626.   9.4  21.4   1.469   2.7   0.0
   1 2017 144 16692.   7.8  22.3   1.477   2.3   0.0
   1 2017 145 26195.   6.9  24.1   1.523   1.6   0.0
   1 2017 146 28616.  11.2  26.3   1.689   2.6   0.0
   1 2017 147 28155.  15.7  30.3   1.911   2.7   0.0
   1 2017 148 23208.  14.6  26.3   1.862   1.8   4.8
   1 2017 149 23871.  15.0  29.8   2.117   2.3   2.1
   1 2017 150 17941.  13.9  22.4   1.816   3.4   0.0
   1 2017 151 18992.   9.1  22.1   1.561   2.3   0.0
   1 2017 152 29055.   5.9  25.0   1.356   1.1   0.0
   1 2017 153 25167.   9.7  26.9   1.659   1.5   0.0
   1 2017 154 19507.  14.4  24.1   1.777   2.0   0.0
   1 2017 155 24348.   7.6  20.4   1.398   2.6   0.4
   1 2017 156 21199.   8.0  22.0   1.368   2.6   0.0
   1 2017 157 12297.  10.3  17.4   1.361   5.4   7.2
   1 2017 158 13904.  11.3  17.1   1.318   5.8   6.9
   1 2017 159 17583.  11.7  23.0   1.573   3.5   0.6
   1 2017 160 16986.  11.1  19.8   1.570   3.4  12.6
   1 2017 161 25027.   9.8  23.5   1.577   2.3   0.0
   1 2017 162 19980.  12.6  27.6   1.820   2.8   0.0
   1 2017 163 10071.  12.7  18.3   1.480   4.1   0.0
   1 2017 164 15062.   8.2  20.0   1.499   2.2   0.0
   1 2017 165 29600.   5.3  23.9   1.417   1.4   0.0
   1 2017 166 23275.   9.8  27.3   1.704   3.3   0.0
   1 2017 167 11183.  11.4  18.2   1.474   3.3   0.0
   1 2017 168 11264.  12.2  23.0   1.725   1.9   0.0
   1 2017 169 28973.   9.6  27.6   1.859   1.0   0.0
   1 2017 170 28716.  13.0  31.3   2.015   1.2   0.0
   1 2017 171 24845.  15.0  28.8   1.988   2.3   0.0
   1 2017 172 26488.  12.4  28.2   1.804   1.8   0.0
   1 2017 173 23900.  17.7  30.6   2.080   4.0   1.7
   1 2017 174 22569.  16.9  23.7   1.816   4.2   0.0
   1 2017 175  5837.  15.9  17.9   1.780   4.4   1.4
   1 2017 176  7886.  16.6  19.0   1.789   3.7   4.7
   1 2017 177 23744.  11.3  21.2   1.511   2.3   0.0
   1 2017 178 12707.  10.2  21.0   1.554   2.6   0.1
   1 2017 179  6522.  12.2  22.2   1.918   2.1  19.5
   1 2017 180 11386.  12.3  21.1   1.734   1.5   0.1
   1 2017 181 16288.  11.2  21.3   1.656   2.5   1.7
   1 2017 182  9208.  12.6  20.7   1.687   2.8   9.7
   1 2017 183 13665.   8.6  20.1   1.540   2.5   0.3
   1 2017 184 19390.   7.9  21.7   1.522   2.9   0.0
   1 2017 185 18438.  15.0  23.5   1.759   1.2   0.0
   1 2017 186 23674.  12.6  26.7   1.800   1.4   0.0
   1 2017 187 21691.   9.4  26.5   1.866   1.4   9.9
   1 2017 188 23308.  14.5  26.6   2.129   2.6  17.8
   1 2017 189 17600.  12.7  25.5   1.877   1.4   0.0
   1 2017 190 27202.   8.9  24.7   1.558   1.1   0.0
   1 2017 191 20228.  13.8  25.9   1.844   1.6   0.7
   1 2017 192 14122.  15.2  21.0   1.775   2.8   3.3
   1 2017 193  9498.  10.3  18.4   1.548   2.7  21.5
   1 2017 194 22289.   7.7  20.1   1.406   0.9   0.0
   1 2017 195 11770.   6.6  18.8   1.422   2.1  11.9
   1 2017 196 18204.  10.7  21.1   1.593   1.9   0.0
   1 2017 197  9896.  15.5  22.6   1.934   2.3   1.6
   1 2017 198 28279.  12.6  22.8   1.689   1.7   0.1
   1 2017 199 26317.  11.5  25.3   1.747   2.5   0.0
   1 2017 200 18804.  17.1  29.2   2.180   2.4   1.1
   1 2017 201 13817.  13.7  25.3   1.977   2.8   8.3
   1 2017 202 27285.  11.3  24.3   1.546   1.9   0.0
   1 2017 203 19202.  14.3  25.3   1.882   2.0   3.9
   1 2017 204 16953.  13.8  19.8   1.659   3.2   3.1
   1 2017 205 19177.  13.2  20.3   1.598   1.7   1.6
   1 2017 206  9620.  13.3  19.4   1.693   2.9   8.5
   1 2017 207 20132.  13.1  22.7   1.815   2.3   0.0
   1 2017 208 17379.  13.8  21.7   1.701   3.3   0.1
   1 2017 209 14334.  13.9  21.1   1.653   4.4   0.5
   1 2017 210  9463.  16.0  21.0   1.940   3.0   0.3
   1 2017 211 16943.  11.8  24.0   1.856   3.3   1.2
   1 2017 212 19615.  11.2  23.1   1.665   1.7   0.0
   1 2017 213 12636.  12.6  22.8   1.695   1.0   0.0
   1 2017 214 13617.  13.7  22.5   1.752   2.0   1.6
   1 2017 215 17417.  16.5  22.8   1.813   4.9   2.5
   1 2017 216 15935.  13.6  22.6   1.645   4.4   0.1
   1 2017 217 10969.  10.2  20.4   1.551   1.8   3.2
   1 2017 218 21810.   8.6  22.0   1.483   1.7   0.0
   1 2017 219 23410.   7.7  23.2   1.518   1.5   0.0
   1 2017 220  5109.  13.1  20.3   1.675   1.8   6.7
   1 2017 221 19903.  12.1  21.5   1.586   2.7   0.0
   1 2017 222  7961.  10.4  20.7   1.578   1.2  14.7
   1 2017 223 12244.  12.3  20.3   1.598   1.6   0.3
   1 2017 224  9949.  11.4  21.4   1.713   2.9   3.4
   1 2017 225 19568.   8.4  21.9   1.572   1.2   0.0
   1 2017 226 22130.   8.8  25.0   1.675   1.6   0.0
   1 2017 227  9007.  12.9  23.3   1.898   1.2  10.5
   1 2017 228 14253.  11.6  23.5   1.792   1.3   0.2
   1 2017 229  5376.  11.0  19.7   1.835   2.8   8.3
   1 2017 230  9826.  12.3  21.0   1.745   3.0   7.2
   1 2017 231 14765.  12.3  19.4   1.482   4.2   4.3
   1 2017 232 18088.  11.4  20.0   1.483   3.0   0.4
   1 2017 233 18637.  10.6  22.3   1.523   1.3   0.0
   1 2017 234 20208.  11.0  24.3   1.615   1.4   0.0
   1 2017 235 18309.  12.0  26.0   1.777   2.2   0.0
   1 2017 236 15087.  11.5  22.5   1.757   2.7   0.0
   1 2017 237 18086.  10.0  24.2   1.638   1.0   0.0
   1 2017 238 18057.  10.1  25.3   1.703   1.2   0.0
   1 2017 239 18763.  10.6  24.6   1.683   0.7   0.0
   1 2017 240 18418.   9.5  27.1   1.757   0.7   0.0
   1 2017 241 18366.  13.0  29.5   2.081   1.3   0.0
   1 2017 242  8450.  14.0  23.6   2.033   2.4  23.8
   1 2017 243 12951.  10.4  19.5   1.481   2.1   1.4
   1 2017 244 12017.  11.0  19.8   1.504   0.9   0.4
   1 2017 245 15629.   7.1  19.7   1.345   1.1   0.0
   1 2017 246 15312.   5.0  20.7   1.311   1.0   0.0
   1 2017 247 16588.   7.4  21.9   1.500   1.8   0.0
   1 2017 248  8150.  15.2  23.0   1.960   2.2   0.0
   1 2017 249 10644.  13.5  18.4   1.573   3.8   1.7
   1 2017 250  9031.  13.2  18.4   1.478   3.0   0.3
   1 2017 251  3397.  13.2  16.0   1.593   4.8  16.6
   1 2017 252 11053.   9.6  18.1   1.438   2.3  19.1
   1 2017 253 15357.   8.1  18.0   1.376   4.3   0.1
   1 2017 254  9553.  11.2  17.7   1.439   5.7   9.1
   1 2017 255 14907.   9.6  17.6   1.392   4.4   1.6
   1 2017 256 11911.  10.6  17.5   1.371   6.7  13.2
   1 2017 257  7445.  10.4  14.1   1.289   4.5  16.7
   1 2017 258 11471.   9.7  16.3   1.265   2.7   0.9
   1 2017 259  5554.   8.7  13.3   1.247   1.4   3.7
   1 2017 260 14034.   5.3  17.1   1.180   1.2   0.0
   1 2017 261  6683.   8.3  15.2   1.261   1.7   5.5
   1 2017 262  9990.   8.6  17.6   1.270   1.1   0.0
   1 2017 263  7505.   8.5  17.3   1.344   1.7   1.2
   1 2017 264 13249.   8.4  18.7   1.312   1.7   0.0
   1 2017 265 10879.   6.5  19.4   1.341   1.0   0.0
   1 2017 266 15565.   4.0  19.9   1.161   0.8   0.0
   1 2017 267 13795.   4.2  19.4   1.255   1.2   0.0
   1 2017 268  7592.   9.9  18.8   1.481   1.7   0.0
   1 2017 269  8281.   8.9  17.7   1.457   1.5   0.0
   1 2017 270 12100.   7.9  20.8   1.474   1.5   0.0
   1 2017 271  6955.  13.7  20.6   1.695   1.6   1.7
   1 2017 272 10225.  13.6  22.7   1.855   2.1   6.3
   1 2017 273  2874.   8.2  16.2   1.480   1.3   5.2
   1 2017 274  8559.  10.1  18.3   1.410   3.7   0.1
   1 2017 275  7854.  12.8  18.0   1.529   4.9   0.7
   1 2017 276  9889.  11.0  16.0   1.324   3.2   1.1
   1 2017 277  5229.  10.9  14.2   1.274   4.2   1.0
   1 2017 278  9133.   8.1  15.7   1.290   5.1  20.5
   1 2017 279  9684.   8.3  14.9   1.194   3.3   1.5
   1 2017 280  1997.  10.0  13.9   1.293   3.9  11.5
   1 2017 281  6501.   5.3  14.9   1.223   1.9   0.1
   1 2017 282  2195.   6.9  13.5   1.317   1.7   2.3
   1 2017 283  4190.  12.2  15.6   1.493   3.5   0.8
   1 2017 284  3089.  13.5  15.9   1.449   4.6   0.0
   1 2017 285  8669.   9.0  16.0   1.295   3.2   0.2
   1 2017 286  7023.   8.4  18.8   1.509   2.4   0.1
   1 2017 287  9380.   9.0  20.3   1.579   2.1   0.0
   1 2017 288  9895.   8.1  22.1   1.513   1.7   0.1
   1 2017 289  8829.  11.6  24.0   1.764   2.1   0.0
   1 2017 290  4221.   7.5  16.3   1.370   1.8   0.0
   1 2017 291  6580.  10.4  17.3   1.409   1.0   0.0
   1 2017 292  7681.   8.9  21.2   1.534   2.1   0.0
   1 2017 293  3646.  10.1  16.7   1.380   4.9   3.3
   1 2017 294  6016.   8.8  17.8   1.284   3.9   1.1
   1 2017 295  4000.   9.4  12.8   1.199   4.7   7.6
   1 2017 296  5702.  10.2  15.1   1.282   3.2   0.0
   1 2017 297  1646.  12.9  17.2   1.644   3.8   2.0
   1 2017 298  2570.   8.6  16.4   1.512   3.1   0.0
   1 2017 299  4015.  11.7  16.1   1.460   2.0   0.0
   1 2017 300  7306.   8.7  14.0   1.179   2.6   0.6
   1 2017 301  2349.   8.7  15.1   1.247   4.8   3.9
   1 2017 302  6117.   4.9  14.7   1.051   4.8   2.2
   1 2017 303  6688.   3.1  11.2   0.917   1.5   0.6
   1 2017 304  2295.   7.4  10.8   1.097   2.7   0.3
   1 2017 305  3554.   9.4  13.9   1.213   2.6   0.0
   1 2017 306  3640.   4.1  13.5   1.079   2.0   0.0
   1 2017 307  2583.   2.9  12.2   1.021   1.2   0.0
   1 2017 308  4727.   5.8  13.5   1.185   2.9   1.8
   1 2017 309  4040.   4.0  11.0   0.969   2.1   2.7
   1 2017 310  6007.  -1.4  10.7   0.793   0.9   0.1
   1 2017 311  5547.  -2.9   8.1   0.697   0.9   0.3
   1 2017 312  1309.   2.8   7.4   0.899   1.2   0.0
   1 2017 313  3299.   3.3  10.4   1.005   2.7   1.0
   1 2017 314  2493.   3.8  11.7   1.031   4.2   3.7
   1 2017 315  2331.   3.4   8.6   0.899   2.9   1.0
   1 2017 316  2772.   3.1   6.3   0.830   2.3   4.6
   1 2017 317  5562.   0.4   9.8   0.829   2.0   2.3
   1 2017 318  2273.   1.0   8.9   0.927   2.8   0.3
   1 2017 319  1014.   7.9   9.6   1.113   2.1   0.8
   1 2017 320   776.   6.6  10.1   1.133   2.5   2.5
   1 2017 321  4719.  -0.6  10.7   0.802   1.1   0.0
   1 2017 322  2254.   3.4   9.1   0.868   3.4   5.0
   1 2017 323  4550.   2.7   9.9   0.849   3.1   2.2
   1 2017 324   657.   4.4  11.3   0.975   3.7  11.3
   1 2017 325   536.  10.1  12.3   1.273   4.1   3.2
   1 2017 326  3707.   9.2  12.9   1.128   5.1   0.4
   1 2017 327  1351.   7.2  14.3   1.081   5.3   1.3
   1 2017 328  3014.   3.6   9.6   0.941   1.5   5.8
   1 2017 329  2755.  -1.1   6.7   0.724   2.2   0.6
   1 2017 330  2732.   2.2   7.6   0.774   3.6   3.3
   1 2017 331   530.   3.6   8.5   0.904   4.7  22.8
   1 2017 332  3064.   0.2   8.1   0.799   3.1   0.0
   1 2017 333   943.  -0.3   3.3   0.694   1.5   0.5
   1 2017 334  2543.  -2.5   5.6   0.667   1.4   0.1
   1 2017 335  2697.  -3.1   3.8   0.615   1.2   0.1
   1 2017 336  1204.  -2.3  -0.4   0.559   2.0   0.0
   1 2017 337   775.  -0.5   6.1   0.727   2.4   3.0
   1 2017 338  1748.   3.0   8.9   0.910   2.5   1.6
   1 2017 339   747.   4.5   7.8   0.919   3.4   0.0
   1 2017 340   963.   6.4   8.7   0.926   4.0   0.0
   1 2017 341   535.   4.0   6.9   0.837   5.9   8.1
   1 2017 342  1230.   0.2   5.2   0.666   4.1  14.3
   1 2017 343  1763.   0.4   3.5   0.660   4.5   7.7
   1 2017 344   421.   0.0   4.6   0.648   5.4  16.6
   1 2017 345   462.  -0.6   1.3   0.601   3.9  16.7
   1 2017 346  3402.   0.1   2.7   0.652   3.8   0.5
   1 2017 347   403.   0.3   6.3   0.771   5.4  22.9
   1 2017 348  1363.   0.4   5.7   0.736   4.3   5.7
   1 2017 349   829.   0.3   4.4   0.725   2.0   0.2
   1 2017 350  2754.   0.4   6.1   0.697   2.1   2.9
   1 2017 351  3391.  -2.2   5.4   0.696   2.5   5.4
   1 2017 352  1312.   0.6   7.3   0.855   2.5   3.7
   1 2017 353  1351.   2.3   6.8   0.857   1.7   1.3
   1 2017 354  1088.   4.6   8.1   0.984   1.4   0.6
   1 2017 355   804.   7.4   9.5   1.088   1.7   0.3
   1 2017 356  1028.   6.0   9.8   1.093   0.8   1.8
   1 2017 357   463.   8.0   9.1   1.074   4.6   0.7
   1 2017 358   583.   7.5   9.8   1.056   5.7   1.1
   1 2017 359   727.   4.0   8.8   0.938   5.5   0.4
   1 2017 360  1808.   3.6   7.4   0.827   5.3   2.9
   1 2017 361   987.   2.3   6.7   0.814   4.0   5.3
   1 2017 362  2925.   1.5   5.2   0.702   3.7   0.2
   1 2017 363      .             -99.999            
   1 2017 364      .             -99.999            
   1 2017 365      .             -99.999            
