*---------------------------------------------------------*
*   Country: Netherlands
*   Station: Wageningen
*      Year: 2013
*    Source: Meteorology and Air Quality Group,
*            Wageningen University
*            https://met.wur.nl/veenkampen/data/
*    Author: M. Lubbers (Plant Production Systems, WUR)
* Longitude: 05 6217 E
*  Latitude: 51 9814 N
* Elevation: 5 m.
*  Comments: Location Veenkampen.
*
*  Columns:
*  ========
*  station number
*  year
*  day
*  irradiation (kJ m-2 d-1)
*  minimum temperature (degrees Celsius)
*  maximum temperature (degrees Celsius)
*  vapour pressure (kPa)
*  mean wind speed (m s-1)
*  precipitation (mm d-1)
** WCCDESCRIPTION=Netherlands, Wageningen (nld1.013)
** WCCFORMAT=2
** WCCYEARNR=2013
*---------------------------------------------------------*
   5.6217  51.9814     5. 0.00 0.00
   1 2013   1  1436.   3.2   8.5   0.917   3.7  13.2
   1 2013   2  3326.   3.2   7.9   0.882   3.5   0.2
   1 2013   3   693.   7.0  10.7   1.160   4.1   1.0
   1 2013   4   495.   8.2   9.9   1.130   4.1   0.0
   1 2013   5   330.   7.1   8.6   1.025   2.4   0.0
   1 2013   6  1242.   6.6   9.6   1.047   2.5   0.0
   1 2013   7   446.   6.1   8.3   0.992   2.5   0.0
   1 2013   8  1227.   5.7   7.9   0.945   3.6   0.0
   1 2013   9   464.   5.3   7.1   0.915   3.1   4.8
   1 2013  10  2947.  -1.0   7.5   0.819   2.6   1.4
   1 2013  11  3518.  -3.7   3.6   0.573   0.9   0.0
   1 2013  12  4128.  -4.0   2.3   0.549   2.1   0.0
   1 2013  13  4223.  -5.7   0.4   0.501   2.3   0.0
   1 2013  14  3686.  -6.8  -1.3   0.488   2.3   0.0
   1 2013  15  1251.  -5.9  -2.2   0.484   3.2   0.0
   1 2013  16  2634. -12.5  -4.8   0.341   1.5   0.0
   1 2013  17  2216.  -7.1  -3.0   0.414   1.4   1.4
   1 2013  18  3303.  -3.3  -0.4   0.541   3.4   0.2
   1 2013  19  3687.  -5.4  -2.4   0.450   5.0   0.0
   1 2013  20  1525.  -5.9  -2.4   0.435   5.4   0.0
   1 2013  21  1871.  -3.0  -1.2   0.521   3.1   1.1
   1 2013  22  3335. -11.9  -1.4   0.424   1.6   0.0
   1 2013  23  2305. -12.2  -3.0   0.389   1.7   0.0
   1 2013  24  5140.  -7.7  -0.7   0.460   1.8   0.0
   1 2013  25  2778. -12.3  -2.2   0.418   2.5   0.0
   1 2013  26  1841.  -4.5   1.3   0.535   5.0   0.3
   1 2013  27   873.   1.2   5.4   0.736   5.1   5.2
   1 2013  28  4471.   1.4   7.2   0.782   4.6   3.2
   1 2013  29  1154.   7.2  12.9   1.214   5.6   7.0
   1 2013  30  2523.   7.1  13.6   1.132   7.3   7.6
   1 2013  31  1837.   6.4   9.5   0.904   7.1   1.4
   1 2013  32  1219.   1.2   7.1   0.824   3.1   5.8
   1 2013  33  5400.   0.2   5.6   0.716   3.9   3.5
   1 2013  34  2892.   1.3   6.9   0.767   4.6   4.1
   1 2013  35  5139.   6.2  10.0   0.936   5.6   2.0
   1 2013  36  4853.   0.7   6.5   0.700   5.1   3.8
   1 2013  37  6683.   0.2   4.3   0.652   3.4   9.4
   1 2013  38  4411.  -0.5   4.0   0.655   2.8   2.7
   1 2013  39  4177.  -2.7   3.4   0.603   2.1   0.8
   1 2013  40  2846.  -4.5   0.8   0.554   1.9   1.6
   1 2013  41  7563.  -2.4   0.9   0.582   4.8   1.3
   1 2013  42  3915.  -3.9   0.7   0.545   5.2   0.0
   1 2013  43  2798.  -5.8   0.0   0.550   2.2   0.0
   1 2013  44  5441.  -5.4   2.3   0.543   1.6   0.2
   1 2013  45  1873.  -2.8   0.8   0.568   4.9   4.4
   1 2013  46  4115.   0.7   6.2   0.733   1.5   0.2
   1 2013  47  3119.   1.4   7.1   0.817   1.1   0.6
   1 2013  48  7398.  -2.0   6.0   0.683   1.6   0.0
   1 2013  49  8291.  -1.7   7.0   0.661   1.0   0.0
   1 2013  50  2368.  -1.3   5.3   0.692   2.0   0.1
   1 2013  51  6305.  -4.1   2.3   0.551   2.5   0.0
   1 2013  52  5314.  -5.0   1.3   0.539   2.9   0.0
   1 2013  53  4882.  -5.7   0.8   0.504   3.4   0.0
   1 2013  54  4361.  -5.8   0.7   0.528   3.8   0.0
   1 2013  55  2557.  -1.3   0.9   0.602   3.4   1.7
   1 2013  56  1720.   0.7   2.5   0.662   3.2   0.2
   1 2013  57  4198.   0.8   5.7   0.715   2.7   0.0
   1 2013  58  1621.   0.3   1.9   0.625   2.8   0.0
   1 2013  59  6483.  -1.0   4.3   0.650   1.5   0.0
   1 2013  60  3226.   2.0   4.8   0.708   2.4   0.3
   1 2013  61  4551.   1.4   4.1   0.653   1.6   0.0
   1 2013  62  3416.  -1.7   6.1   0.716   1.3   0.5
   1 2013  63 13133.  -4.3  10.8   0.692   2.9   0.0
   1 2013  64 12569.  -0.7  15.9   0.819   2.5   0.0
   1 2013  65  8243.   3.5  16.9   0.924   1.8   0.0
   1 2013  66  4699.   5.2  11.0   0.919   2.4   0.4
   1 2013  67  6814.   6.1  13.3   1.051   3.0   2.8
   1 2013  68  1266.   2.5   6.3   0.850   2.8  27.0
   1 2013  69  2068.  -2.1   2.8   0.594   3.5   3.6
   1 2013  70  4687.  -3.0  -1.4   0.516   4.6   0.0
   1 2013  71  9766.  -7.1   0.4   0.489   4.0   0.0
   1 2013  72  8513.  -8.3   4.2   0.494   1.4   0.0
   1 2013  73 12310.  -6.3   3.5   0.552   2.0   0.3
   1 2013  74  5345.  -5.6   2.7   0.585   3.4   1.6
   1 2013  75  6900.   1.9   7.5   0.701   5.6   0.4
   1 2013  76  6131.   1.6   9.0   0.799   4.5   2.0
   1 2013  77 13070.   1.5  11.6   0.812   3.2   0.2
   1 2013  78  4632.   0.8   6.1   0.719   2.4   0.2
   1 2013  79  3730.  -0.7   2.3   0.599   2.9   0.2
   1 2013  80 10460.  -3.4   6.0   0.574   1.6   0.0
   1 2013  81 12023.  -3.9   3.8   0.562   5.1   0.0
   1 2013  82  8637.  -2.8   1.8   0.588   7.0   0.0
   1 2013  83  7246.  -3.9   2.8   0.569   7.0   0.0
   1 2013  84 15774.  -2.9   4.5   0.614   6.0   0.0
   1 2013  85 18420.  -3.8   5.0   0.620   4.9   0.0
   1 2013  86 18393.  -4.2   5.8   0.565   3.8   0.0
   1 2013  87  8572.  -4.3   3.3   0.578   2.9   0.0
   1 2013  88  4465.  -5.0   2.2   0.572   1.5   0.0
   1 2013  89  8632.  -3.9   4.1   0.570   2.0   0.0
   1 2013  90  7401.  -5.9   3.8   0.534   1.8   0.0
   1 2013  91 18816.  -5.2   7.3   0.573   2.8   0.0
   1 2013  92 20038.  -3.4   8.5   0.588   4.0   0.0
   1 2013  93 17730.  -2.2   7.9   0.583   4.3   0.0
   1 2013  94  4115.   0.7   4.8   0.637   3.9   0.0
   1 2013  95  7837.   1.6   7.0   0.674   3.5   0.0
   1 2013  96 11751.  -2.2   9.4   0.665   3.0   0.0
   1 2013  97 18773.  -6.0  10.2   0.618   1.3   0.0
   1 2013  98 13836.   0.1  10.8   0.691   2.8   0.0
   1 2013  99  9437.  -1.5  10.7   0.852   2.4   1.0
   1 2013 100 11778.   0.1  11.7   0.884   2.5   0.1
   1 2013 101  4472.   4.9  11.4   1.010   4.0   5.1
   1 2013 102  9545.   4.5  14.6   1.033   4.1   3.2
   1 2013 103 11414.   6.0  14.5   1.066   4.0   0.3
   1 2013 104 12766.  11.1  20.7   1.416   3.9   0.0
   1 2013 105  9050.   4.7  16.0   1.276   2.0   1.8
   1 2013 106 12858.   3.4  17.5   1.196   3.6   0.0
   1 2013 107 13817.   8.4  20.7   1.400   2.9   0.0
   1 2013 108 19148.   8.1  17.1   1.110   6.9   0.0
   1 2013 109 11465.   2.1  12.3   0.936   3.7   1.7
   1 2013 110 23233.  -1.8  12.1   0.763   2.8   0.0
   1 2013 111 16073.  -1.2  14.6   0.835   1.6   0.0
   1 2013 112 21697.  -2.1  14.7   0.907   2.5   0.0
   1 2013 113  8429.   4.5  14.7   1.144   3.3   1.5
   1 2013 114 21904.   4.3  20.4   1.280   2.9   0.0
   1 2013 115 17086.   9.4  22.9   1.435   1.8   0.0
   1 2013 116  2835.   4.0  11.9   1.029   2.8   7.1
   1 2013 117 19722.   0.3  11.2   0.825   3.0   0.0
   1 2013 118 24097.  -3.0  12.3   0.778   1.6   0.0
   1 2013 119 12388.   2.8  12.8   0.859   3.6   1.2
   1 2013 120 22230.   2.6  14.3   0.933   2.6   0.0
   1 2013 121 24355.   2.0  17.8   0.980   2.6   0.0
   1 2013 122 12626.   5.1  16.9   1.074   2.4   0.0
   1 2013 123 22351.   3.3  19.2   1.092   1.5   0.0
   1 2013 124 24132.   3.3  17.9   1.103   3.1   0.0
   1 2013 125 24563.   5.5  19.8   1.163   1.9   0.0
   1 2013 126 23744.   4.0  24.6   1.309   1.8   0.0
   1 2013 127 14772.   6.9  23.2   1.477   2.5   1.3
   1 2013 128 13724.  13.4  22.0   1.628   3.0  11.9
   1 2013 129 23245.   6.0  16.8   1.207   3.4   0.1
   1 2013 130  7354.   7.5  14.6   1.158   4.2   0.0
   1 2013 131 10472.   6.2  13.7   1.115   4.1   6.9
   1 2013 132 16196.   6.6  13.9   1.041   3.6   3.7
   1 2013 133  8992.   7.7  14.1   1.163   4.5   3.3
   1 2013 134 11737.   6.9  12.8   1.081   3.7   3.8
   1 2013 135 13774.   6.9  17.2   1.190   3.4   0.3
   1 2013 136  4168.   6.7  12.8   1.176   2.1   9.5
   1 2013 137  3493.   8.5  10.7   1.156   2.2   3.6
   1 2013 138  4896.   1.9  12.2   1.080   2.0   0.0
   1 2013 139 23963.   0.8  16.4   1.152   2.6   0.0
   1 2013 140  5208.   8.6  13.2   1.287   1.5   0.2
   1 2013 141  3828.   8.0  12.8   1.231   2.5   4.9
   1 2013 142  8822.   3.7  12.3   1.011   4.2   0.2
   1 2013 143 11523.   2.3   9.4   0.851   1.9   3.8
   1 2013 144 20854.   2.0  13.4   0.909   2.5   0.0
   1 2013 145 19459.   1.4  14.0   1.000   3.3   4.5
   1 2013 146 11508.   6.4  13.2   1.089   4.3   0.7
   1 2013 147 28464.   6.3  19.6   1.243   2.5   0.0
   1 2013 148 27830.   7.7  21.5   1.422   2.8   0.0
   1 2013 149  4502.  10.5  12.4   1.249   3.1   0.1
   1 2013 150 12069.   9.8  16.4   1.288   1.8   0.0
   1 2013 151 24007.  11.2  21.0   1.495   5.1   0.0
   1 2013 152  8624.   6.7  15.3   1.188   4.4   0.0
   1 2013 153 28840.   3.5  17.1   1.082   3.3   0.0
   1 2013 154 19996.   3.0  15.8   1.044   3.0   0.0
   1 2013 155 25269.   4.3  22.2   1.225   2.2   0.0
   1 2013 156 26058.   6.6  23.5   1.369   1.9   0.0
   1 2013 157 26117.   8.5  25.9   1.505   1.6   0.0
   1 2013 158 27251.   8.9  25.8   1.555   2.6   0.0
   1 2013 159 28528.   9.5  22.4   1.386   3.4   0.0
   1 2013 160 24869.   7.9  18.4   1.236   3.2   0.0
   1 2013 161 20724.   4.8  17.2   1.148   1.7   0.0
   1 2013 162 21597.   2.3  21.9   1.325   1.2   0.0
   1 2013 163 10311.  14.5  21.8   1.818   3.3   1.5
   1 2013 164  6777.  13.4  18.6   1.644   4.3   2.7
   1 2013 165 18003.   9.4  18.9   1.362   3.0   0.0
   1 2013 166 21212.   8.0  19.5   1.299   5.0   0.4
   1 2013 167 22130.   9.0  19.5   1.307   3.1   0.0
   1 2013 168 19619.   9.7  24.6   1.603   2.1   0.0
   1 2013 169 24425.  13.1  31.1   2.079   1.1   0.0
   1 2013 170 12811.  17.3  26.5   2.208   2.5   0.1
   1 2013 171  8808.  16.6  22.6   2.099   1.4   3.8
   1 2013 172  6885.  15.1  19.3   1.727   4.3   3.0
   1 2013 173 12071.  13.2  20.3   1.629   5.3   1.1
   1 2013 174 12798.  12.5  18.4   1.477   5.3   4.7
   1 2013 175 12295.  11.0  16.9   1.409   3.1   4.2
   1 2013 176 17895.   6.2  17.3   1.249   2.2   0.0
   1 2013 177 17129.   4.7  16.9   1.240   2.0   3.0
   1 2013 178 12912.  10.5  15.7   1.282   2.6   1.2
   1 2013 179  7110.  10.6  16.3   1.439   2.8  16.1
   1 2013 180 20250.   7.9  17.7   1.392   3.2   2.9
   1 2013 181 18244.   6.6  21.9   1.529   2.6   0.0
   1 2013 182 15599.   8.5  19.5   1.549   2.7   0.0
   1 2013 183 20433.   8.0  21.3   1.540   1.5   3.5
   1 2013 184  9314.  15.0  18.9   1.768   2.4   0.3
   1 2013 185 14426.  14.0  22.6   1.821   2.8   0.0
   1 2013 186 13707.  12.1  22.7   1.803   1.6   0.0
   1 2013 187 23198.  11.7  26.1   1.765   1.2   0.0
   1 2013 188 28830.  11.0  27.1   1.760   1.8   0.0
   1 2013 189 27876.  12.0  26.3   1.757   2.1   0.0
   1 2013 190 28325.  11.8  24.8   1.588   2.1   0.0
   1 2013 191 19066.  11.6  20.7   1.537   2.5   0.0
   1 2013 192 15914.   9.7  18.3   1.363   1.8   0.0
   1 2013 193 15717.   5.8  20.1   1.384   1.2   0.1
   1 2013 194 22628.   7.2  21.8   1.507   1.3   0.0
   1 2013 195 14866.   9.2  22.1   1.585   1.0   0.0
   1 2013 196 24890.  10.2  25.6   1.668   1.1   0.0
   1 2013 197 23153.  10.5  26.3   1.697   1.0   0.0
   1 2013 198 18874.  14.1  26.9   1.936   1.1   0.0
   1 2013 199 27551.  13.8  28.3   1.938   1.7   0.0
   1 2013 200 24256.  11.2  26.3   1.793   2.2   0.0
   1 2013 201 13144.  12.0  22.3   1.733   1.4   0.0
   1 2013 202 27119.  13.4  30.2   1.961   1.5   0.0
   1 2013 203 25864.  14.0  33.4   2.120   1.1   0.0
   1 2013 204 22878.  16.4  32.7   2.225   1.2   0.3
   1 2013 205 14398.  13.0  26.0   2.047   1.7   0.1
   1 2013 206 21756.  12.6  28.7   2.054   1.7   0.0
   1 2013 207 14308.  15.2  26.8   2.241   1.6   7.3
   1 2013 208 14025.  16.0  26.2   2.222   1.6  33.0
   1 2013 209 16103.  13.9  23.2   1.935   2.7   0.8
   1 2013 210 22439.  13.7  24.1   1.910   3.0   0.0
   1 2013 211 10501.  14.7  20.3   1.813   4.1   5.8
   1 2013 212 12354.  17.0  22.5   1.988   3.3   0.9
   1 2013 213 25858.  18.3  30.1   2.277   2.4   0.0
   1 2013 214 23788.  17.3  34.2   2.434   2.5   0.0
   1 2013 215 19615.  12.8  23.7   1.915   2.9   0.0
   1 2013 216 23419.  11.3  26.8   1.793   1.3   0.0
   1 2013 217 21367.  13.8  28.9   2.037   2.0   0.5
   1 2013 218 17836.  13.9  22.3   1.774   2.7   0.0
   1 2013 219  4486.  13.5  17.1   1.595   3.0  16.4
   1 2013 220 21975.  10.3  21.8   1.599   2.2   0.1
   1 2013 221 17810.   9.9  23.1   1.640   1.8   0.0
   1 2013 222 13960.   9.7  20.2   1.517   2.5   0.0
   1 2013 223 15744.  10.3  21.1   1.609   2.5   1.5
   1 2013 224 13671.  11.2  20.7   1.575   2.3   1.0
   1 2013 225 16711.   8.6  19.2   1.417   3.0   1.1
   1 2013 226 17248.   7.8  21.4   1.419   1.1   0.0
   1 2013 227 10064.   7.0  20.1   1.616   1.9   1.3
   1 2013 228 17656.  12.9  27.1   1.817   2.4   0.3
   1 2013 229 15099.  16.2  23.2   1.907   2.8   0.4
   1 2013 230 14934.  12.7  23.0   1.835   3.2   6.1
   1 2013 231 15868.   8.7  21.0   1.550   2.3   0.3
   1 2013 232 14988.   6.7  21.2   1.408   0.8   0.0
   1 2013 233 16931.  10.3  23.6   1.567   1.3   0.0
   1 2013 234 11711.  10.2  23.3   1.678   1.0   0.0
   1 2013 235 21186.  11.5  25.5   1.817   1.5   0.0
   1 2013 236 11654.  15.9  23.7   1.832   2.5   0.9
   1 2013 237  8375.  14.7  22.6   1.850   1.2   0.0
   1 2013 238 20111.  12.5  23.8   1.503   2.0   0.0
   1 2013 239 19000.   7.4  23.7   1.449   1.3   0.0
   1 2013 240 14925.  10.0  24.4   1.562   1.5   0.0
   1 2013 241 16792.   8.0  24.0   1.523   1.3   0.0
   1 2013 242 16215.   9.6  23.5   1.642   2.1   0.0
   1 2013 243 11538.   8.1  21.7   1.552   2.7   0.1
   1 2013 244 11253.   8.1  18.0   1.317   2.8   0.0
   1 2013 245  7725.  12.8  19.2   1.644   3.5   0.0
   1 2013 246  7995.  13.5  23.2   1.927   1.3   0.0
   1 2013 247 18637.  13.2  26.4   1.925   1.3   0.0
   1 2013 248 19062.  14.2  30.7   2.042   1.8   0.0
   1 2013 249 13977.  12.8  28.1   1.910   1.5   0.4
   1 2013 250  5119.  11.7  19.6   1.744   1.0   2.3
   1 2013 251 11623.  11.2  18.5   1.463   1.6  17.2
   1 2013 252 12726.   9.6  18.0   1.361   2.3  16.7
   1 2013 253  8795.  10.3  16.9   1.390   4.3  36.9
   1 2013 254 16314.  10.7  19.1   1.480   3.1   1.1
   1 2013 255 13089.  11.1  19.2   1.553   2.0   7.4
   1 2013 256 10509.  10.1  19.2   1.542   2.3   1.7
   1 2013 257  5490.   9.6  18.2   1.597   3.4   7.9
   1 2013 258 10624.   8.2  16.5   1.283   3.2   7.3
   1 2013 259 12612.   6.8  15.1   1.153   3.7   4.3
   1 2013 260 11048.   8.0  14.1   1.134   4.1   6.3
   1 2013 261 10575.   8.3  16.0   1.233   2.2   0.5
   1 2013 262  8244.   9.1  15.2   1.279   3.7   0.5
   1 2013 263  6443.   8.7  16.6   1.418   2.8   0.7
   1 2013 264 11058.   6.3  17.5   1.328   1.7   0.0
   1 2013 265  6934.  10.8  21.0   1.715   2.2   0.0
   1 2013 266  9103.  10.5  20.4   1.681   1.7   0.0
   1 2013 267  6057.  11.7  18.6   1.580   0.8   0.0
   1 2013 268  7844.   9.1  19.0   1.508   0.9   0.0
   1 2013 269  8740.   5.9  15.9   1.259   1.7   0.0
   1 2013 270 14794.   4.3  16.5   1.050   1.5   0.0
   1 2013 271 14494.   2.7  17.3   1.084   2.6   0.0
   1 2013 272 14348.   8.3  17.6   1.128   4.3   0.0
   1 2013 273 14345.   5.8  16.6   1.057   3.0   0.0
   1 2013 274 13804.   4.8  16.3   1.019   2.6   0.0
   1 2013 275 10744.   5.8  15.3   1.008   3.7   0.0
   1 2013 276 12048.   7.2  17.9   1.077   4.1   0.7
   1 2013 277  8097.  10.7  20.9   1.569   3.1   4.1
   1 2013 278  5530.   9.9  18.9   1.501   1.1   0.0
   1 2013 279  6941.   7.2  18.0   1.315   0.7   0.1
   1 2013 280  8338.   5.1  18.3   1.248   0.9   0.0
   1 2013 281  5673.   9.4  17.8   1.504   1.6   0.0
   1 2013 282  4249.   8.1  16.0   1.392   2.9   0.5
   1 2013 283  9071.   5.1  12.9   1.019   1.7   0.7
   1 2013 284  1102.   5.5   8.4   1.006   1.5  19.1
   1 2013 285  7123.   2.2  11.4   1.004   1.7  12.0
   1 2013 286   830.   7.2   9.3   1.040   5.7  38.4
   1 2013 287  2029.   8.6  12.0   1.176   3.4   5.6
   1 2013 288  2342.   5.5  11.6   1.137   2.1   5.2
   1 2013 289  5759.   4.7  13.0   1.180   2.2   0.5
   1 2013 290  8534.   6.6  16.8   1.284   4.1   0.0
   1 2013 291  3008.   7.3  13.2   1.250   2.1   0.0
   1 2013 292  6883.   8.9  16.6   1.392   2.9   3.3
   1 2013 293  6198.   9.9  18.4   1.524   3.2   1.9
   1 2013 294  5013.  11.8  18.1   1.517   3.4   0.0
   1 2013 295  8678.  12.5  21.9   1.697   3.3  13.0
   1 2013 296  4634.  11.8  18.8   1.585   4.6   1.1
   1 2013 297  8967.   6.3  16.6   1.235   1.7   0.0
   1 2013 298  2254.  10.7  18.2   1.528   3.1   0.7
   1 2013 299  5749.  13.5  19.9   1.657   3.8   0.0
   1 2013 300  3713.  12.5  15.7   1.408   6.5   3.7
   1 2013 301  4819.  10.8  17.2   1.358   7.9  10.9
   1 2013 302  5091.   7.6  13.4   1.098   5.3   2.3
   1 2013 303  7930.   4.4  13.2   0.988   2.9   0.1
   1 2013 304  5549.   5.5  13.6   1.075   4.5   0.0
   1 2013 305  3550.   9.3  13.5   1.206   4.1   0.0
   1 2013 306  1491.   8.7  12.7   1.232   3.2  11.6
   1 2013 307  5868.   6.9  11.5   1.054   6.2   8.6
   1 2013 308  1854.   5.5  12.7   1.046   4.7  19.8
   1 2013 309  1806.   4.5   9.2   0.941   4.1   7.2
   1 2013 310  1863.   5.6  14.4   1.148   4.1   6.0
   1 2013 311  1871.   9.2  14.4   1.305   3.0   6.4
   1 2013 312  3890.   7.1  10.4   1.110   2.4   9.7
   1 2013 313  6007.   4.9  10.5   1.006   5.1   9.2
   1 2013 314  5032.   3.2   9.1   0.864   2.3   4.8
   1 2013 315  4925.  -0.2   9.7   0.848   2.8   0.1
   1 2013 316   721.   3.9   8.3   0.943   2.8   1.7
   1 2013 317  6000.  -0.7  11.6   0.827   1.2   0.1
   1 2013 318   965.   4.0   7.8   0.911   2.5   1.6
   1 2013 319  5086.   1.4  11.1   0.876   1.2   0.1
   1 2013 320  1596.   4.0   5.7   0.866   1.8   0.0
   1 2013 321  1134.   4.5   7.2   0.910   1.1   0.2
   1 2013 322   688.   2.4   5.9   0.830   1.8   0.2
   1 2013 323  2518.   0.7   9.2   0.849   2.3   0.7
   1 2013 324  3463.  -2.9   6.0   0.671   3.3   1.3
   1 2013 325  2474.   0.9   4.8   0.692   2.4   0.1
   1 2013 326  1612.   1.4   5.8   0.754   2.5   0.0
   1 2013 327  1900.  -1.6   6.9   0.760   1.8   0.0
   1 2013 328  2358.   0.0   8.0   0.826   2.2   0.1
   1 2013 329  3074.   1.5   7.9   0.784   2.0   0.1
   1 2013 330  1750.   1.1   7.2   0.846   1.3   0.3
   1 2013 331  2100.   0.0   8.2   0.844   2.3   0.1
   1 2013 332  1586.   6.6  10.1   1.022   1.6   0.1
   1 2013 333   562.   4.2   8.4   0.904   3.8   3.0
   1 2013 334  2099.   2.3   9.2   0.860   1.8   1.1
   1 2013 335  3148.   2.4   9.4   0.900   1.4   0.1
   1 2013 336  3669.  -1.8   8.5   0.723   1.0   0.0
   1 2013 337  4215.  -4.3   6.2   0.595   1.1   0.0
   1 2013 338   911.   0.8   7.9   0.787   2.8   0.8
   1 2013 339   685.   1.0   8.0   0.749   6.2   7.9
   1 2013 340  2338.   0.7   4.7   0.675   4.7   2.0
   1 2013 341  1234.   1.3   7.6   0.835   2.7   0.3
   1 2013 342  1660.   5.7   9.2   1.000   5.1   1.1
   1 2013 343  1770.   6.7  10.4   1.072   4.1   0.0
   1 2013 344  3873.  -1.0   8.6   0.785   1.5   0.0
   1 2013 345  1518.  -1.3   4.2   0.684   2.5   0.1
   1 2013 346  3282.  -1.0   4.9   0.706   2.9   0.0
   1 2013 347  3458.  -1.4   4.4   0.642   2.5   0.0
   1 2013 348  1792.   1.3   8.1   0.853   3.1   4.6
   1 2013 349  1224.   6.3   8.8   0.939   4.7   1.1
   1 2013 350  2930.   7.4  11.9   1.002   4.6   0.0
   1 2013 351   376.   4.1  10.1   0.889   1.9   0.0
   1 2013 352  1818.   5.2   9.0   0.937   3.9   0.0
   1 2013 353  1916.   0.5   9.3   0.915   3.5   7.1
   1 2013 354  3410.   1.0   7.8   0.825   4.4   0.1
   1 2013 355   924.   5.5   8.0   0.887   6.9   2.6
   1 2013 356  1129.   6.3  10.4   0.978   5.8   1.6
   1 2013 357  2166.   4.2  12.0   0.961   6.3   0.6
   1 2013 358   359.   7.0  12.1   1.086   8.5   7.3
   1 2013 359  2544.   2.0   8.7   0.874   3.2   5.7
   1 2013 360  1669.   1.6   7.1   0.822   2.0   0.0
   1 2013 361   469.   1.9   9.0   0.952   6.0   7.4
   1 2013 362  3210.   3.5   8.7   0.933   2.8  11.1
   1 2013 363  3191.   1.9   7.4   0.821   3.1   0.6
   1 2013 364  2786.   1.5   6.9   0.794   5.4   0.5
   1 2013 365  2758.   4.7   8.7   0.868   4.2   0.8
