*---------------------------------------------------------*
*   Country: Netherlands
*   Station: Wageningen
*      Year: 2012
*    Source: Meteorology and Air Quality Group,
*            Wageningen University
*            https://met.wur.nl/veenkampen/data/
*    Author: M. Lubbers (Plant Production Systems, WUR)
* Longitude: 05 6217 E
*  Latitude: 51 9814 N
* Elevation: 5 m.
*  Comments: Location Veenkampen.
*
*  Columns:
*  ========
*  station number
*  year
*  day
*  irradiation (kJ m-2 d-1)
*  minimum temperature (degrees Celsius)
*  maximum temperature (degrees Celsius)
*  vapour pressure (kPa)
*  mean wind speed (m s-1)
*  precipitation (mm d-1)
** WCCDESCRIPTION=Netherlands, Wageningen (nld1.012)
** WCCFORMAT=2
** WCCYEARNR=2012
*---------------------------------------------------------*
   5.6217  51.9814     5. 0.00 0.00
   1 2012   1   537.  10.3  13.0   1.330   4.8  11.2
   1 2012   2  2274.   4.1  10.4   0.953   4.2   3.6
   1 2012   3   580.   4.4  10.8   0.915   8.0   9.4
   1 2012   4  2006.   5.0   8.0   0.878   6.8   7.6
   1 2012   5  1650.   4.2  10.0   0.902   9.1  16.0
   1 2012   6  2608.   3.7   8.0   0.855   5.8   0.2
   1 2012   7  1501.   4.8   9.1   0.933   5.6   5.4
   1 2012   8  1293.   5.1   8.0   0.916   3.9   0.2
   1 2012   9  1621.   5.3   8.8   1.008  -4.5   0.4
   1 2012  10  2708.   1.0   8.9   0.929   2.2   0.0
   1 2012  11  1165.   7.0   8.7   1.049   3.6   0.0
   1 2012  12   722.   3.8   9.9   0.963   5.9   0.0
   1 2012  13  3857.   3.1   6.7   0.765   3.7   1.8
   1 2012  14  3227.  -0.1   6.5   0.713   1.9   0.0
   1 2012  15  4199.  -2.7   6.8   0.652   1.0   0.0
   1 2012  16  4687.  -4.6   3.7   0.520   0.9   0.0
   1 2012  17  4282.  -5.0   4.8   0.533   1.3   0.0
   1 2012  18  1665.  -1.8   5.5   0.677   4.0   3.2
   1 2012  19   994.   3.9   8.2   0.909   3.7  12.6
   1 2012  20  2388.   0.8   6.6   0.740   4.2   5.2
   1 2012  21  1272.   1.3  10.3   0.929   6.1   6.4
   1 2012  22  1012.   4.1   9.5   0.866   6.3   4.4
   1 2012  23  4147.   1.5   7.3   0.791   3.3   4.8
   1 2012  24  2554.  -0.2   5.1   0.720   1.9   0.0
   1 2012  25  2143.   1.2   5.1   0.745   2.9   0.0
   1 2012  26   830.   3.0   5.1   0.780   3.2   5.0
   1 2012  27  5012.   0.7   7.9   0.769   2.4   0.0
   1 2012  28  5068.  -2.6   4.9   0.669   1.8   1.8
   1 2012  29  1155.  -2.1   0.5   0.562   2.4   0.0
   1 2012  30   734.  -2.8  -1.2   0.526   2.1   0.0
   1 2012  31  6356.  -7.3  -1.5   0.443   3.7   0.2
   1 2012  32  7278.  -8.4  -2.2   0.403   4.3   0.0
   1 2012  33  7562.  -9.9  -3.9   0.348   3.4   0.0
   1 2012  34  2586. -20.4  -5.5   0.295   1.5   0.0
   1 2012  35  8318. -20.8  -6.2   0.199   0.8   0.0
   1 2012  36  7192. -13.6  -4.4   0.341   2.1   0.0
   1 2012  37  7960. -14.5  -3.7   0.334   1.7   0.6
   1 2012  38  7010. -17.2  -3.6   0.305   2.7   0.0
   1 2012  39  6820.  -9.1  -0.9   0.465   3.3   1.6
   1 2012  40  2474. -11.9  -0.1   0.390   2.0   0.0
   1 2012  41  8622. -11.6  -2.2   0.360   2.1   0.0
   1 2012  42  7577. -13.4  -3.0   0.336   1.7   0.0
   1 2012  43  3542. -11.2  -1.5   0.433   1.7   0.0
   1 2012  44  3160.  -1.5   3.6   0.670   1.7   1.6
   1 2012  45  4526.   1.6   5.7   0.773   4.0   2.8
   1 2012  46  3485.   2.7   6.4   0.797   5.9   0.8
   1 2012  47  2704.   1.0   7.6   0.822   2.9   0.0
   1 2012  48  3696.   4.1   8.9   0.899   3.5   0.0
   1 2012  49  2164.   2.9   9.4   0.953   5.2   6.8
   1 2012  50  5864.  -2.1   5.6   0.656   3.3   0.6
   1 2012  51  8791.  -2.4   5.7   0.607   3.1   0.0
   1 2012  52  4606.   1.9   8.6   0.776   4.1   0.0
   1 2012  53  6553.   3.9   8.9   0.836   5.2   1.0
   1 2012  54  3868.   5.6  12.6   1.127   4.6   1.2
   1 2012  55  1764.   2.2   9.9   1.055   3.9   0.2
   1 2012  56  8398.   0.2   9.8   0.824   3.0   0.0
   1 2012  57  4317.   4.1   8.9   0.873   2.2   0.0
   1 2012  58  4840.   2.0   9.9   0.888   3.2   0.0
   1 2012  59  1569.   7.3   9.3   1.094 -10.5   0.0
   1 2012  60  2139.   7.2  10.2   1.118   2.1   0.0
   1 2012  61  2084.   7.7   8.7   1.058   1.0   0.0
   1 2012  62  7725.   3.7  12.6   1.034   1.7   0.0
   1 2012  63  3357.   5.1  12.0   1.064   2.4   0.0
   1 2012  64  5402.   4.0  11.7   0.997   2.5   4.6
   1 2012  65  2465.   4.1   8.0   0.825   4.3   5.0
   1 2012  66  7140.   1.7   9.5   0.828   2.1   0.0
   1 2012  67  2278.   0.4   6.0   0.759   4.4   9.2
   1 2012  68  7341.   1.2   8.4   0.790   3.1   0.6
   1 2012  69  7243.   2.5  11.2   0.916   3.2   0.0
   1 2012  70  3863.   7.4  11.1   1.077   3.0   1.0
   1 2012  71 11956.   3.3  14.4   1.001   2.1   0.0
   1 2012  72  7713.  -0.5  12.7   0.936   1.7   0.0
   1 2012  73  3202.   6.3   9.7   0.954   1.4   0.0
   1 2012  74  3718.   0.0   8.1   0.848   0.8   0.0
   1 2012  75 14676.  -2.4  15.3   0.858   1.4   0.0
   1 2012  76  8529.   3.4  12.3   0.945   2.2   0.0
   1 2012  77  8635.   4.4  12.2   1.021   2.2   0.0
   1 2012  78  6718.   3.0  10.6   0.949   3.8   0.2
   1 2012  79 14306.  -3.1  11.9   0.754   1.9   0.0
   1 2012  80 13601.   1.4  13.2   0.903   2.5   0.0
   1 2012  81 15790.   1.3  16.4   0.974   0.9   0.0
   1 2012  82 16381.   2.5  19.2   1.127   2.1   0.0
   1 2012  83 16393.   2.9  19.1   1.108   1.6   0.0
   1 2012  84 14596.   2.3  18.0   1.099   2.3   0.0
   1 2012  85 16856.   2.8  17.4   0.970   2.3   0.0
   1 2012  86 17134.   0.5  17.3   0.972   2.3   0.0
   1 2012  87 15284.   1.0  17.7   1.013   2.0   0.0
   1 2012  88 16621.   2.2  18.7   1.016   1.7   0.0
   1 2012  89  8896.   1.6  11.9   0.970   3.9   0.0
   1 2012  90  5269.   6.3  11.0   1.025   4.5   0.0
   1 2012  91  8450.  -0.8   9.3   0.835   4.4   0.0
   1 2012  92 13791.  -4.1  10.0   0.716   2.5   0.0
   1 2012  93 12075.   1.9  13.2   0.936   1.6   0.0
   1 2012  94 13281.   1.0  14.5   0.933   1.3   0.0
   1 2012  95  4539.   4.9   9.7   0.981   2.4   2.4
   1 2012  96 11640.   2.8   9.5   0.840   2.9   0.0
   1 2012  97 18169.   1.0  10.9   0.781   2.3   0.6
   1 2012  98 10050.   1.0   7.8   0.754   3.0   1.8
   1 2012  99 15606.   0.6  10.0   0.796   2.6   1.2
   1 2012 100  4598.   6.3  11.0   1.084   4.5  11.2
   1 2012 101  4558.   6.9  10.8   1.102   3.6   9.0
   1 2012 102 12073.   3.7  12.3   0.957   2.4   1.6
   1 2012 103 12408.   0.1   9.5   0.882   1.0   1.2
   1 2012 104 10608.   0.7  12.1   0.891 -48.4   0.0
   1 2012 105 18350.  -0.2  12.4   0.838   2.3   0.0
   1 2012 106  9971.  -0.6   9.6   0.787   3.9   0.0
   1 2012 107 20076.  -1.5  10.4   0.716   2.7   0.0
   1 2012 108 12341.  -2.1  10.3   0.755   4.8   1.8
   1 2012 109 12890.   3.1  13.1   0.953   4.8   3.8
   1 2012 110 13341.   4.3  13.6   0.996   4.2   0.0
   1 2012 111 12537.   4.0  12.6   0.952   2.8   2.0
   1 2012 112 15651.   3.1  11.9   0.943   3.5   4.4
   1 2012 113 14653.   4.0  12.1   0.955   3.8   0.0
   1 2012 114 13629.   5.1  13.5   0.990   3.9   0.6
   1 2012 115 14865.   6.4  13.6   1.036   2.6   1.2
   1 2012 116 10760.   4.8  13.2   1.081   5.0   2.0
   1 2012 117 11245.   9.1  15.9   1.155   5.5   3.6
   1 2012 118 15055.   9.8  15.6   1.217   3.7   1.0
   1 2012 119  9298.   9.6  16.1   1.306   3.3   4.6
   1 2012 120 10187.   7.7  18.6   1.321   2.1   0.0
   1 2012 121 19993.   4.3  22.1   1.364   2.5   0.0
   1 2012 122      .   0.0   0.0 -99.999   0.0   0.0
   1 2012 123 14926.   7.5  19.6   1.491   2.3   7.6
   1 2012 124  7690.  10.7  15.2   1.339   2.5   0.0
   1 2012 125  9506.   5.9  13.3   1.148   2.8   0.0
   1 2012 126  6991.   5.5  10.7   0.961   2.2   1.8
   1 2012 127 10535.   2.0  10.5   0.880   2.2   0.0
   1 2012 128 25057.  -0.2  14.8   0.942   1.9   0.0
   1 2012 129  9759.   8.1  18.3   1.366   2.4   1.2
   1 2012 130 11533.  13.2  19.8   1.645   2.6  25.4
   1 2012 131  6737.  15.1  21.7   1.907   3.5  17.8
   1 2012 132 11870.   6.2  17.9   1.403   4.1   0.0
   1 2012 133 17004.   2.2  12.7   0.928   2.8   0.0
   1 2012 134 23064.   0.5  14.3   0.928   1.2   0.0
   1 2012 135 26690.   4.0  16.8   1.024   2.6   0.0
   1 2012 136  8780.   6.2  11.1   1.009   2.6  11.0
   1 2012 137 21038.   3.2  12.4   0.895   3.6   0.0
   1 2012 138 22064.   1.8  15.4   0.965   1.9   0.0
   1 2012 139 13702.   9.6  19.1   1.260   2.7   0.0
   1 2012 140 22759.  10.8  21.3   1.457   2.1   0.0
   1 2012 141 18179.  10.2  23.7   1.658   1.8   7.8
   1 2012 142 19325.  12.1  25.9   1.835   2.4   0.0
   1 2012 143 23821.  14.1  29.0   2.026   1.6   0.0
   1 2012 144 21681.  12.9  29.0   1.967   1.5   7.2
   1 2012 145 25743.  15.5  27.5   1.952   1.8   2.2
   1 2012 146 28494.  12.8  25.0   1.506   3.2   0.0
   1 2012 147 28728.  12.6  24.8   1.476   2.4   0.0
   1 2012 148 23979.  11.9  26.7   1.659   1.5   0.0
   1 2012 149 28362.  11.1  24.3   1.680   2.3   0.0
   1 2012 150 13729.   9.1  19.6   1.411   2.0   0.0
   1 2012 151 24117.   8.4  22.0   1.460   1.3   0.0
   1 2012 152  9087.  11.3  18.9   1.548   3.0   6.8
   1 2012 153 11585.   6.2  15.7   1.264   2.5   0.0
   1 2012 154 24043.   3.5  16.3   1.068   1.9   0.0
   1 2012 155  4082.   7.7  10.2   1.055   1.7  12.0
   1 2012 156  5674.   5.2  10.4   1.057   2.1   9.4
   1 2012 157 21398.   4.4  15.5   1.069   2.0   0.0
   1 2012 158 12365.   9.7  18.9   1.395   3.1  11.0
   1 2012 159 12766.  12.4  21.8   1.617   2.8   2.2
   1 2012 160 21130.  11.7  19.7   1.401   5.2   1.8
   1 2012 161  9669.  10.4  15.4   1.226   5.0   0.0
   1 2012 162 25513.   8.8  20.5   1.345   2.0   0.0
   1 2012 163 10452.  12.3  20.0   1.471   1.5   7.6
   1 2012 164 18131.  10.8  18.2   1.446   2.5   0.0
   1 2012 165 13097.   6.3  14.9   1.169   1.8   0.0
   1 2012 166 27183.   5.1  18.0   1.162   1.0   0.0
   1 2012 167  7142.  12.8  18.5   1.552   3.3   8.2
   1 2012 168 15182.  11.1  19.8   1.563   3.8   0.4
   1 2012 169 19080.  10.5  19.8   1.442   3.6   0.0
   1 2012 170 16583.   8.3  18.9   1.479   2.2  10.6
   1 2012 171 21673.   6.9  20.0   1.427   0.9   0.0
   1 2012 172 14431.  12.9  21.5   1.694   1.7   0.8
   1 2012 173 14753.  13.8  21.9   1.810   2.7  16.6
   1 2012 174 17707.  11.5  17.7   1.435   4.8   1.8
   1 2012 175 23579.  10.2  19.2   1.392   4.1   0.0
   1 2012 176  7797.  11.3  16.5   1.409   4.1  10.4
   1 2012 177 17835.  10.3  18.0   1.422   3.8   0.0
   1 2012 178 19492.   7.4  21.4   1.475   1.3   0.0
   1 2012 179  9484.  15.1  21.2   1.891   2.6   0.2
   1 2012 180 19733.  13.6  28.0   2.238   2.3   0.0
   1 2012 181 13737.  15.1  22.2   1.781   2.4   0.0
   1 2012 182 24382.  13.5  24.3   1.734   3.0   0.0
   1 2012 183 19661.   9.0  19.4   1.420   3.4   0.8
   1 2012 184 21612.   8.3  21.0   1.395   2.0   0.0
   1 2012 185 21136.  11.7  24.6   1.758   1.8   0.0
   1 2012 186 22243.  15.9  26.6   1.989   1.7   0.0
   1 2012 187 22194.  16.9  27.4   2.177   1.6   0.2
   1 2012 188 15176.  13.9  22.9   1.952   2.6   0.0
   1 2012 189 22393.  12.6  24.0   1.714   2.0   0.0
   1 2012 190  7136.  15.2  20.9   1.796   3.0  13.8
   1 2012 191 13516.  13.8  19.9   1.690   3.9   0.2
   1 2012 192 13151.  11.9  18.7   1.609   2.6   0.0
   1 2012 193 14089.  12.0  18.3   1.478   4.5   4.6
   1 2012 194 20453.  11.7  18.2   1.382   3.5   3.8
   1 2012 195 10944.  11.8  19.5   1.591   2.7  13.6
   1 2012 196 10209.  12.2  17.3   1.536   3.2   8.6
   1 2012 197 18314.  12.2  18.5   1.446   1.9   0.0
   1 2012 198  8885.  12.6  17.5   1.530   4.5  23.6
   1 2012 199 14071.  15.2  20.0   1.781   3.4   1.6
   1 2012 200 19410.  14.9  20.6   1.705   5.3   0.8
   1 2012 201 14904.  11.3  18.4   1.564   4.1  10.4
   1 2012 202 15359.   9.2  18.9   1.388   1.6   0.0
   1 2012 203 15007.   6.5  17.7   1.267   1.2   0.0
   1 2012 204 27923.   5.6  20.8   1.355   0.9   0.0
   1 2012 205 26813.  10.3  24.9   1.626   1.6   0.0
   1 2012 206 27424.  10.3  28.0   1.739   1.4   0.0
   1 2012 207 25977.  12.6  29.2   1.975   1.3   0.0
   1 2012 208 25536.  13.7  27.8   1.947   1.5   0.0
   1 2012 209 19305.  16.2  28.6   2.117   1.4   0.4
   1 2012 210 15469.  15.0  22.8   1.906   1.5  19.2
   1 2012 211 19405.  13.0  20.3   1.545   2.7   1.0
   1 2012 212 17944.  11.2  19.2   1.427   3.4   2.2
   1 2012 213  9233.  10.7  17.8   1.523   2.2   0.0
   1 2012 214 23490.  12.0  27.2   1.933   2.1   6.8
   1 2012 215 14882.  13.0  21.5   1.831   2.3   0.0
   1 2012 216 20734.  12.6  22.3   1.754   2.1   0.2
   1 2012 217 20501.  13.6  23.6   1.741   2.1   0.0
   1 2012 218 18709.  12.9  24.1   1.807   1.5   1.2
   1 2012 219 15258.  14.6  21.0   1.700   3.8   2.6
   1 2012 220  9789.  13.7  19.6   1.570   3.8   2.2
   1 2012 221 18389.  12.5  21.1   1.711   2.0   0.0
   1 2012 222 20410.   9.5  21.4   1.586   1.4   0.0
   1 2012 223 21512.   7.0  21.4   1.396   1.1   0.0
   1 2012 224 19013.   7.4  20.9   1.473   1.5   0.0
   1 2012 225 23769.  13.6  24.0   1.571   2.9   0.0
   1 2012 226 11625.  14.7  22.9   1.835   1.7   6.0
   1 2012 227 14747.  14.0  26.2   2.001   0.9   3.6
   1 2012 228 19831.  13.0  28.7   2.022   2.4   0.8
   1 2012 229 18040.  13.6  23.4   1.797   1.4   0.0
   1 2012 230 20388.  13.1  26.9   1.902   1.8   0.0
   1 2012 231 21626.  15.5  31.9   2.254   2.0   0.0
   1 2012 232 20258.  19.2  32.8   2.569   1.8   0.0
   1 2012 233 16804.  15.6  26.9   2.238   1.7   0.0
   1 2012 234 14170.  15.6  26.0   2.079   1.2   0.0
   1 2012 235 17294.  12.8  21.7   1.676   3.3   0.0
   1 2012 236 18313.  11.9  22.2   1.637   1.9   0.0
   1 2012 237 16133.  13.9  23.3   1.727   1.6   1.0
   1 2012 238 11424.  14.3  21.9   1.731   4.2   0.2
   1 2012 239  7851.  10.7  19.2   1.674   3.4  25.6
   1 2012 240 19256.   9.7  21.8   1.563   2.2   0.0
   1 2012 241 12647.  11.3  22.6   1.734   2.4   0.6
   1 2012 242 18231.   9.9  24.3   1.636   1.9   0.0
   1 2012 243 14382.  11.6  21.1   1.581   2.4   6.2
   1 2012 244  8716.   8.3  16.5   1.365   3.1   5.0
   1 2012 245 19497.   7.1  19.0   1.277   1.1   0.0
   1 2012 246 11659.   9.1  19.6   1.519   1.6   0.0
   1 2012 247 18281.   9.9  22.3   1.665   0.9   0.0
   1 2012 248 18474.   8.9  23.9   1.642   1.2   0.0
   1 2012 249 12213.  11.2  20.0   1.513   1.4   0.0
   1 2012 250 10535.   9.8  18.5   1.360   1.3   0.0
   1 2012 251 15631.  10.4  22.6   1.640   2.6   0.0
   1 2012 252 17592.  10.5  25.2   1.714   1.1   0.0
   1 2012 253 18191.   7.7  27.8   1.656   1.4   0.0
   1 2012 254 13116.  13.0  23.2   1.766   2.3   0.0
   1 2012 255  6753.  10.4  17.7   1.574   2.4   1.6
   1 2012 256 15930.   8.8  16.7   1.218   2.6   1.8
   1 2012 257 10025.   9.0  17.4   1.298   1.3   0.0
   1 2012 258  3982.  10.3  16.7   1.366   3.6   1.2
   1 2012 259 10965.   7.3  18.5   1.390   1.9   0.0
   1 2012 260 10536.   7.5  19.7   1.416   1.8   0.0
   1 2012 261  7337.  13.1  19.8   1.627   2.8   0.6
   1 2012 262  8738.   7.7  17.6   1.323   2.9   1.6
   1 2012 263 12072.   5.1  14.7   1.085   2.6   4.2
   1 2012 264  7547.   4.9  15.3   1.096   2.0   0.0
   1 2012 265  8327.   7.3  15.9   1.155   1.3   0.0
   1 2012 266 13714.   2.2  15.4   1.080   1.7   0.0
   1 2012 267  6662.   0.7  13.8   0.984   2.5   9.4
   1 2012 268  6810.   9.7  21.5   1.455   5.5  11.0
   1 2012 269  9258.  11.1  16.5   1.355   4.5   2.8
   1 2012 270  6653.   9.2  15.7   1.340   4.0   1.2
   1 2012 271  5304.   9.2  15.1   1.354   2.7   9.0
   1 2012 272  9228.   9.2  16.9   1.307   3.3   0.0
   1 2012 273 12852.   8.5  16.0   1.239   3.2   1.4
   1 2012 274 13567.   6.0  16.5   1.122   2.6   0.0
   1 2012 275 11281.   6.6  18.4   1.306   3.3   0.4
   1 2012 276  7179.  12.4  16.4   1.461   3.4   0.0
   1 2012 277  2903.  10.1  15.3   1.379   4.5  18.6
   1 2012 278  7071.   9.4  14.6   1.200   3.3  12.6
   1 2012 279  4589.   9.0  16.7   1.332   4.3  11.0
   1 2012 280  7327.   2.4  14.9   1.152   1.7   9.6
   1 2012 281 10538.   1.1  14.6   0.910   1.0   0.0
   1 2012 282  7938.   0.5  13.9   0.942   1.4   0.0
   1 2012 283  9844.   0.6  13.8   0.870   0.9   0.0
   1 2012 284  9532.   1.1  14.3   0.921   0.8   0.0
   1 2012 285 11568.   0.4  14.6   0.979   2.9   0.2
   1 2012 286  3958.   6.4  14.5   1.208   4.2  13.2
   1 2012 287  3299.   6.9  11.8   1.073   3.7   8.8
   1 2012 288  6938.   5.2  12.2   0.992   3.6   0.8
   1 2012 289  9938.   6.8  13.3   1.060   3.4   0.2
   1 2012 290  5670.   8.3  14.0   1.123   4.7   1.0
   1 2012 291  4088.   5.9  15.5   1.261   3.5   4.6
   1 2012 292  3151.  13.5  19.5   1.590   2.7   0.0
   1 2012 293  7665.  13.7  21.3   1.624   2.2   0.0
   1 2012 294  3576.  13.3  17.0   1.577   1.6   0.0
   1 2012 295  3920.  10.5  16.1   1.491   1.6   0.0
   1 2012 296  8090.   9.4  22.4   1.543   0.9   0.0
   1 2012 297  6314.  10.1  19.4   1.417   1.2   0.0
   1 2012 298  2312.   9.4  12.9   1.294   1.7   0.0
   1 2012 299  2809.   7.6  13.0   1.152   1.4   0.0
   1 2012 300  5411.  -0.6   8.6   0.739   2.2   0.0
   1 2012 301  8478.  -2.6   8.2   0.643   1.4   0.0
   1 2012 302  8718.  -4.1   9.9   0.772   2.5   0.0
   1 2012 303  1932.   4.5   8.6   0.958   4.7  10.6
   1 2012 304  3294.   2.6   9.1   0.920   1.4   3.0
   1 2012 305  6755.   1.6  12.7   0.906   3.4   0.0
   1 2012 306  1910.   5.4  10.3   0.941   4.9   2.8
   1 2012 307  4638.   4.1  10.1   0.883   5.3   1.0
   1 2012 308  2094.   3.6   8.7   0.879   3.6   3.1
   1 2012 309  4050.   0.3   9.2   0.874   3.5   3.1
   1 2012 310  3113.   2.3   9.9   0.893   2.6   2.1
   1 2012 311  5588.  -0.6  10.1   0.875   3.6   4.9
   1 2012 312  1478.   9.2  10.6   1.149   4.1   1.3
   1 2012 313  2102.   8.8  10.9   1.101   4.4   0.3
   1 2012 314  2158.   7.1  10.4   1.047   2.9   1.7
   1 2012 315  1293.   7.6  11.6   1.177   3.3   1.7
   1 2012 316  4740.   5.9  11.3   1.022   3.1   0.0
   1 2012 317  2833.   4.6   8.1   0.919   3.3   0.0
   1 2012 318  1541.   6.5   9.3   1.042   3.1   1.0
   1 2012 319  6056.   0.0  11.9   0.894   1.4   0.0
   1 2012 320  2209.  -0.2   5.8   0.750   1.7   0.0
   1 2012 321  1449.   0.6   4.9   0.724   2.1   0.0
   1 2012 322  1668.   0.5   8.0   0.836   2.7   0.4
   1 2012 323  2136.  -1.4   9.2   0.881   1.2   5.3
   1 2012 324  1639.  -1.6   9.9   0.840   2.1   0.1
   1 2012 325  4122.   4.3  11.7   1.027   3.6   0.0
   1 2012 326  2575.   3.4  10.2   0.887   4.9   0.2
   1 2012 327  5169.   4.4  11.1   0.948   4.1   0.0
   1 2012 328   695.   3.2   8.2   0.897   3.2   3.1
   1 2012 329  1668.   3.6   8.9   0.959   2.2   3.6
   1 2012 330  2616.   6.6  13.3   1.066   7.2   0.4
   1 2012 331  2157.   3.8   9.7   0.942   3.0   0.0
   1 2012 332  2048.   5.1   8.9   0.926   1.8   1.0
   1 2012 333  3090.   2.9   8.3   0.878   1.7   0.0
   1 2012 334  3670.  -0.3   6.4   0.737   2.1   0.0
   1 2012 335  3593.  -4.8   5.4   0.628   1.6   0.3
   1 2012 336  2297.   1.2   4.7   0.737   3.5   4.3
   1 2012 337  4141.  -2.5   6.0   0.692   2.6   1.2
   1 2012 338   628.  -0.9   6.2   0.684   3.5   5.2
   1 2012 339  1454.  -0.3   6.4   0.745   3.6   6.7
   1 2012 340  2893.  -1.3   3.5   0.625   2.1   0.6
   1 2012 341  4136.  -3.2   2.5   0.597   3.0   1.3
   1 2012 342  1232.  -3.2   1.4   0.602   5.4  10.0
   1 2012 343  5657. -13.1   1.4   0.409   1.7   0.4
   1 2012 344   891.   1.2   7.4   0.781   5.4  11.7
   1 2012 345  1011.  -0.8   5.4   0.689   4.4   0.0
   1 2012 346  4018.  -3.5   2.3   0.589   2.4   0.0
   1 2012 347  1711.  -1.9   2.8   0.610   3.1   4.3
   1 2012 348  1735.  -2.5   0.2   0.551   2.1   0.0
   1 2012 349  1547.  -0.2   9.6   0.796   4.4   8.2
   1 2012 350  1950.   6.7   9.5   1.013   4.3   0.0
   1 2012 351  1445.   3.8   8.2   0.965   3.3   2.9
   1 2012 352   804.   2.8   7.4   0.920   2.5   5.8
   1 2012 353   734.   3.6   6.4   0.857   1.4   3.0
   1 2012 354   856.   3.7   6.0   0.869   1.9   0.0
   1 2012 355  1433.   1.9   4.2   0.716   4.9   5.2
   1 2012 356   738.   2.2   7.1   0.807   2.3   2.6
   1 2012 357   688.   6.3   8.3   0.973   3.6  13.8
   1 2012 358   765.   8.3  13.2   1.275   5.5  20.0
   1 2012 359  1018.   7.3  12.4   1.134   4.5   2.0
   1 2012 360  1601.   7.4  10.3   1.060   4.9  17.2
   1 2012 361  1890.   5.8   9.3   0.972   5.1   5.2
   1 2012 362  1632.   4.8   9.7   0.969   3.7   1.4
   1 2012 363  1091.   0.7   9.8   0.889   3.7   3.8
   1 2012 364  2133.   8.7  11.4   1.142   5.6   1.0
   1 2012 365  1879.   5.4   9.1   0.938   6.7   2.6
   1 2012 366   731.   8.1  10.1   1.039   6.9   4.6
