*---------------------------------------------------------*
*   Country: Netherlands
*   Station: Wageningen
*      Year: 2019
*    Source: Meteorology and Air Quality Group,
*            Wageningen University
*            https://met.wur.nl/veenkampen/data/
*    Author: M. Lubbers (Plant Production Systems, WUR)
* Longitude: 05 6217 E
*  Latitude: 51 9814 N
* Elevation: 5 m.
*  Comments: Location Veenkampen.
*
*  Columns:
*  ========
*  station number
*  year
*  day
*  irradiation (kJ m-2 d-1)
*  minimum temperature (degrees Celsius)
*  maximum temperature (degrees Celsius)
*  vapour pressure (kPa)
*  mean wind speed (m s-1)
*  precipitation (mm d-1)
** WCCDESCRIPTION=Netherlands, Wageningen (nld1.019)
** WCCFORMAT=2
** WCCYEARNR=2019
*---------------------------------------------------------*
   5.6217  51.9814     5. 0.00 0.00
   1 2019   1  1459.   3.8   9.1   0.930   3.8   1.0
   1 2019   2  2146.   2.9   6.9   0.799   2.1   0.2
   1 2019   3  2824.   0.1   6.8   0.742   1.1   0.1
   1 2019   4   347.   2.2   5.9   0.803   2.0   0.2
   1 2019   5   945.   5.5   7.6   0.954   3.2   0.5
   1 2019   6  2384.  -0.3   8.4   0.868   1.5   0.3
   1 2019   7   651.  -1.8   9.6   0.886   3.7   2.4
   1 2019   8  1640.   4.5   8.4   0.947   5.3   3.7
   1 2019   9  3784.   0.2   7.2   0.794   2.7   0.5
   1 2019  10   990.  -0.6   4.3   0.679   1.3   1.4
   1 2019  11  1276.   2.7   8.3   0.937   2.3   2.5
   1 2019  12   670.   5.8   8.2   0.988   4.1   5.8
   1 2019  13   525.   7.2   9.9   1.104   4.8  11.3
   1 2019  14  3749.   1.1   7.9   0.845   2.9   2.0
   1 2019  15  1912.   0.9   7.6   0.908   4.8   0.3
   1 2019  16  1354.   4.5   7.6   0.937   5.4   2.8
   1 2019  17  1861.  -0.5   4.8   0.748   3.8   5.3
   1 2019  18  4501.  -5.3   4.1   0.551   1.7   1.5
   1 2019  19  4205.  -4.5   1.9   0.544   2.6   0.0
   1 2019  20  5204.  -7.9   3.8   0.473   1.1   0.1
   1 2019  21  5828.  -8.6   3.3   0.458   1.3   0.2
   1 2019  22  1450.  -5.3  -1.1   0.512   4.4   5.6
   1 2019  23  2964.  -2.5   0.1   0.556   2.9   0.0
   1 2019  24  2544.  -3.8  -2.3   0.487   1.7   0.0
   1 2019  25  1947.  -3.4   5.4   0.595   3.5   2.7
   1 2019  26  1159.   5.2   7.6   0.942   5.0   5.2
   1 2019  27  1540.   3.2   7.1   0.865   5.3   2.7
   1 2019  28  2929.   0.6   5.8   0.735   5.4   2.9
   1 2019  29  5120.  -0.8   4.1   0.614   3.1   0.5
   1 2019  30  2759.  -0.2   2.1   0.598   2.4   2.5
   1 2019  31  2446.  -3.0   0.4   0.549   2.7   0.0
   1 2019  32  2199.  -0.8   2.1   0.647   2.5   2.7
   1 2019  33  1590.  -0.6   1.9   0.661   2.4   5.9
   1 2019  34  5607.  -2.8   6.4   0.632   1.9   0.3
   1 2019  35  2194.  -1.4   3.8   0.649   5.1   0.9
   1 2019  36  1147.   2.3   4.8   0.782   2.8   0.1
   1 2019  37  1170.   1.4   6.7   0.824   3.1  15.9
   1 2019  38  5106.   6.3   9.7   1.023   6.5   7.1
   1 2019  39  1478.   4.7   9.6   1.034   6.7   2.6
   1 2019  40  4806.   7.2  10.6   1.112   7.7   0.3
   1 2019  41  1500.   3.1   9.8   0.959   5.2  24.9
   1 2019  42  5524.   0.2   8.5   0.829   3.6   1.5
   1 2019  43  5556.   0.6   8.9   0.828   3.1   0.3
   1 2019  44  2590.   1.5   7.6   0.838   2.8   0.0
   1 2019  45  8230.  -0.7  12.1   0.753   1.5   0.1
   1 2019  46  9003.  -1.0  14.7   0.751   1.8   0.0
   1 2019  47  8389.  -0.3  13.5   0.817   1.9   0.1
   1 2019  48  8008.  -0.8  14.9   0.844   2.1   0.1
   1 2019  49  8625.  -0.4  14.3   0.891   1.7   0.1
   1 2019  50  6355.   3.8  10.7   0.966   3.6   0.3
   1 2019  51  6847.   1.6  11.9   0.953   2.7   0.0
   1 2019  52  4188.   2.8  12.1   1.033   2.7   0.5
   1 2019  53  2544.   4.6  11.6   1.108   1.4   0.0
   1 2019  54 10116.   2.7  12.0   0.981   2.9   0.1
   1 2019  55 10398.  -2.9  15.4   0.918   1.2   0.0
   1 2019  56 10775.  -2.0  18.7   0.799   1.1   0.0
   1 2019  57 10509.  -1.8  18.8   0.910   1.0   0.0
   1 2019  58 11111.  -0.1  18.3   1.029   1.6   0.0
   1 2019  59  6937.   1.5  12.3   1.013   2.6   0.8
   1 2019  60  2222.   5.0   9.1   0.919   3.0   0.2
   1 2019  61  5615.   3.7  12.2   0.997   3.6   0.1
   1 2019  62  1718.   9.0  12.7   1.204   6.1   5.2
   1 2019  63  5973.   5.3  12.7   1.102   7.3   5.2
   1 2019  64  7677.   3.3  10.3   0.969   4.8   0.8
   1 2019  65  3498.   6.6  12.7   1.211   5.0   1.5
   1 2019  66  7560.   6.5  11.4   1.158   6.9  15.8
   1 2019  67  9185.   6.2   9.9   1.040   5.1   3.1
   1 2019  68  5283.   4.5  11.4   1.083   6.2   7.0
   1 2019  69  3188.   2.3  11.1   0.904   4.7  13.0
   1 2019  70  6521.   1.8   7.6   0.789   6.1   2.9
   1 2019  71  4692.   1.5   9.5   0.825   6.4   3.0
   1 2019  72  3244.   4.6   9.0   0.889   7.0  11.0
   1 2019  73  2218.   5.9  10.7   0.964   6.3  10.7
   1 2019  74  3066.   6.0  12.8   1.089   5.0   6.3
   1 2019  75  2638.   7.0  11.6   1.201   5.9   8.3
   1 2019  76  8742.   3.0  11.1   0.985   5.6   8.2
   1 2019  77 10142.  -0.7   9.7   0.852   3.6   1.9
   1 2019  78 13397.  -2.7  11.7   0.839   1.5   0.1
   1 2019  79  4488.   3.0  11.6   1.057   2.2   0.1
   1 2019  80 13176.   3.7  13.3   1.081   1.8   0.0
   1 2019  81 13243.   5.6  20.2   1.112   1.9   0.0
   1 2019  82  5173.   1.5  11.8   1.001   2.0   0.0
   1 2019  83 14866.  -1.9  11.2   0.769   2.5   0.1
   1 2019  84  9878.   2.8  10.1   0.869   5.9   1.8
   1 2019  85  6709.   2.8   9.9   0.877   2.7   0.0
   1 2019  86  9927.   1.3  12.6   0.943   1.4   0.0
   1 2019  87  8995.   2.4  12.1   1.033   1.1   0.0
   1 2019  88 17176.   0.1  17.8   0.981   0.8   0.0
   1 2019  89 16336.   1.9  18.0   1.113   1.7   0.0
   1 2019  90 12773.   2.4  12.7   0.998   3.6   0.0
   1 2019  91 18912.   0.0  14.0   0.953   2.8   0.0
   1 2019  92 10291.   3.4  15.1   1.107   3.2   6.6
   1 2019  93  9120.   3.5   9.8   0.956   2.6   0.2
   1 2019  94  9086.   1.9   9.7   0.884   2.0   0.0
   1 2019  95 15466.  -1.0  12.3   0.933   2.2   0.0
   1 2019  96 12850.   7.3  15.4   1.132   2.6   0.0
   1 2019  97 18583.   7.3  21.1   1.237   2.6   0.0
   1 2019  98 17742.   6.5  20.9   1.165   2.0   0.0
   1 2019  99 18720.   4.7  14.9   0.939   3.9   0.0
   1 2019 100 21355.   1.5  11.6   0.743   4.8   0.0
   1 2019 101 18324.  -0.9  11.1   0.716   2.7   0.0
   1 2019 102 10031.  -0.6   8.4   0.685   2.9   0.0
   1 2019 103 17036.  -3.9   7.6   0.628   3.0   0.0
   1 2019 104 17988.  -1.2  11.2   0.739   3.1   0.1
   1 2019 105 20423.   1.9  17.0   0.973   3.9   0.0
   1 2019 106 19640.   4.3  18.4   1.027   3.1   0.1
   1 2019 107  9188.   6.6  16.1   1.220   2.2   0.0
   1 2019 108 21368.   7.6  21.4   1.185   3.7   0.0
   1 2019 109 22194.   9.1  23.7   1.211   2.5   0.0
   1 2019 110 22321.   5.4  24.2   1.205   2.4   0.0
   1 2019 111 22675.   4.9  23.2   1.131   1.9   0.0
   1 2019 112 22297.   4.4  24.8   1.191   3.9   0.0
   1 2019 113 18491.  10.1  20.8   1.248   4.2   0.0
   1 2019 114 17475.  10.0  25.2   1.440   4.2  10.6
   1 2019 115 12176.   7.6  18.7   1.249   3.8   0.0
   1 2019 116 15455.   6.9  17.2   1.192   2.2   0.2
   1 2019 117 11966.   5.7  13.6   1.052   3.9   2.0
   1 2019 118 16800.   3.6  13.9   1.021   2.4   0.1
   1 2019 119 21058.   1.1  16.0   1.050   2.8   0.0
   1 2019 120  5525.   2.9  12.0   1.088   2.4   0.0
   1 2019 121 19805.   0.4  15.2   0.983   1.6   0.0
   1 2019 122 12614.   1.4  14.7   1.073   2.8   3.5
   1 2019 123 11864.   4.4  11.4   0.910   2.8   1.7
   1 2019 124 20111.   1.8  10.4   0.799   3.8   3.3
   1 2019 125 16379.   2.6  11.7   0.842   3.4   2.7
   1 2019 126 11222.   2.1  11.1   0.884   2.3   1.7
   1 2019 127 12980.   1.3  13.0   0.911   1.5   0.0
   1 2019 128  7875.   5.8  13.1   1.084   3.2   6.1
   1 2019 129 17658.   5.5  17.0   1.189   2.6   0.4
   1 2019 130 11751.   5.8  14.4   1.116   2.3   0.1
   1 2019 131 24765.   3.0  15.3   0.981   3.6   0.0
   1 2019 132 22702.   2.1  14.5   0.941   2.7   0.1
   1 2019 133 27157.   0.0  16.2   0.930   2.6   0.0
   1 2019 134 26782.   1.9  16.8   1.001   2.5   0.0
   1 2019 135 27069.   4.8  17.2   1.076   2.6   0.0
   1 2019 136 17174.   3.6  17.9   1.122   3.2   0.0
   1 2019 137  9818.   8.5  14.1   1.188   2.6   0.2
   1 2019 138 21762.   6.8  22.1   1.496   1.7   0.0
   1 2019 139 17183.  11.6  22.5   1.631   3.3   0.7
   1 2019 140  8106.  11.8  16.9   1.494   3.5   0.0
   1 2019 141  3480.  10.6  13.6   1.340   4.3   0.1
   1 2019 142 24246.   6.2  19.5   1.379   2.4   0.0
   1 2019 143 26098.   4.9  21.9   1.489   2.3   0.0
   1 2019 144 25850.   6.8  23.1   1.585   2.7   0.0
   1 2019 145 17906.   5.9  18.4   1.378   1.3   0.0
   1 2019 146 14789.   6.7  21.1   1.689   4.0   5.9
   1 2019 147 19708.   7.9  18.5   1.545   2.9   0.0
   1 2019 148 12480.   5.0  15.7   1.298   2.3   9.7
   1 2019 149 26412.   1.5  18.7   1.256   1.8   0.0
   1 2019 150 10842.  13.3  22.0   1.693   3.6   0.0
   1 2019 151 22489.  11.0  21.2   1.831   2.9   0.0
   1 2019 152 26991.  10.0  25.8   2.047   1.7   0.0
   1 2019 153 26884.  12.2  30.1   2.600   2.6   0.0
   1 2019 154 14310.  13.7  20.8   1.729   2.1   0.0
   1 2019 155 19646.  10.0  24.6   1.715   2.7   6.7
   1 2019 156 12779.  13.5  21.0   1.727   2.6   9.8
   1 2019 157 15935.   8.9  18.8   1.395   2.7   7.6
   1 2019 158 20752.   6.7  22.8   1.404   4.1   0.5
   1 2019 159 12255.  11.1  18.3   1.305   6.7   0.9
   1 2019 160 21264.   7.9  20.2   1.351   2.0   0.0
   1 2019 161 18533.  12.0  23.5   1.625   2.2   0.4
   1 2019 162 23115.  12.2  19.8   1.461   2.3   0.6
   1 2019 163 11855.   9.9  18.5   1.491   2.7  19.5
   1 2019 164 19016.  10.1  18.8   1.394   4.3   7.6
   1 2019 165 20506.  10.0  24.3   1.664   2.0   1.7
   1 2019 166 13226.  10.4  19.6   1.668   1.8   8.5
   1 2019 167 21127.  11.4  21.5   1.624   2.2   2.2
   1 2019 168 28176.   9.5  26.0   1.733   1.5   3.9
   1 2019 169 26473.  12.6  28.6   1.891   1.1   0.0
   1 2019 170 15464.  14.0  25.8   1.934   1.7   7.7
   1 2019 171 19960.  11.2  21.1   1.682   2.9   0.2
   1 2019 172 22208.   9.8  20.6   1.429   2.4   0.0
   1 2019 173 25840.   8.6  23.8   1.529   2.2   0.0
   1 2019 174 27323.  13.8  28.8   1.872   2.5   0.0
   1 2019 175 26320.  19.9  31.4   2.250   2.5   0.0
   1 2019 176 24523.  20.4  34.0   2.521   2.4   0.0
   1 2019 177 20029.  15.2  24.1   2.029   2.8   0.0
   1 2019 178 29467.  11.7  22.2   1.560   2.9   0.0
   1 2019 179 27105.  11.6  25.0   1.582   2.0   0.0
   1 2019 180 29795.  12.3  31.3   1.910   1.6   0.0
   1 2019 181 25574.  14.9  24.3   1.865   2.6   0.0
   1 2019 182 24196.  10.6  22.1   1.622   3.1   0.0
   1 2019 183 27346.  10.8  21.7   1.504   2.0   0.0
   1 2019 184 22127.   7.6  21.2   1.373   2.0   0.0
   1 2019 185 26561.   6.2  23.4   1.478   1.3   0.0
   1 2019 186 26402.  11.7  23.9   1.823   2.6   0.0
   1 2019 187 16303.  10.8  24.2   1.728   2.7   3.2
   1 2019 188 18556.   8.3  18.8   1.447   2.5   0.0
   1 2019 189 12230.   8.9  16.9   1.362   2.6   0.4
   1 2019 190 26817.   7.9  20.5   1.428   2.0   0.1
   1 2019 191 10714.   6.9  19.2   1.446   1.4   3.5
   1 2019 192 20613.  13.3  24.5   1.976   2.2   0.2
   1 2019 193 12448.  12.4  21.8   1.746   2.2   5.5
   1 2019 194 13504.  14.4  20.4   1.699   2.6   0.6
   1 2019 195 13540.  13.4  19.4   1.521   2.2   0.3
   1 2019 196 12338.  12.8  19.0   1.493   2.3   0.5
   1 2019 197  8782.   9.7  18.3   1.541   1.5   0.0
   1 2019 198 25260.   7.7  24.3   1.875   0.9   0.0
   1 2019 199 17309.  13.6  23.8   1.820   2.7   0.8
   1 2019 200 18979.  14.0  24.6   1.942   1.7   0.0
   1 2019 201 12115.  16.8  24.7   2.166   2.7  13.1
   1 2019 202 23343.  13.4  23.4   2.141   2.4   0.0
   1 2019 203 25317.  14.5  26.6   1.975   2.4   0.0
   1 2019 204 26749.  14.0  32.4   2.274   1.3   0.0
   1 2019 205 25297.  17.9  37.1   3.510   2.1   0.0
   1 2019 206 24707.  16.8  38.0   4.066   1.9   0.0
   1 2019 207 24166.  22.7  37.3   4.208   3.5   0.0
   1 2019 208 20169.  18.5  29.9   2.871   2.3   2.9
   1 2019 209 15322.  17.1  25.0   2.322   2.6   0.0
   1 2019 210 24312.  15.1  26.4   2.348   1.8   0.0
   1 2019 211 22657.  12.9  29.1   2.643   2.5   0.0
   1 2019 212 14603.  13.6  22.3   2.120   3.7   0.4
   1 2019 213 13968.  13.0  22.4   2.041   2.6   4.0
   1 2019 214 10423.  13.8  20.7   1.972   3.0  20.4
   1 2019 215  8665.  12.1  20.8   1.902   1.5   0.1
   1 2019 216 23083.  10.3  25.7   2.210   1.0   0.0
   1 2019 217 18424.  17.4  25.2   2.471   2.5   0.1
   1 2019 218 16943.  15.3  23.6   2.222   2.9   0.0
   1 2019 219 19329.  16.4  24.0   2.252   4.0   0.0
   1 2019 220 19454.  12.3  24.1   2.136   3.1   0.0
   1 2019 221  6032.  12.5  23.8   2.320   3.4  12.0
   1 2019 222 16051.  16.7  23.7   2.374   6.1   0.8
   1 2019 223 16277.  14.0  22.3   2.084   3.9   0.0
   1 2019 224 15893.  12.5  22.8   1.828   3.0   8.2
   1 2019 225 13318.  10.4  18.3   1.592   2.6  13.0
   1 2019 226 19630.  11.3  21.5   1.860   3.0   3.5
   1 2019 227 11303.  13.6  21.4   1.988   3.9   3.7
   1 2019 228 15151.  11.6  21.6   1.980   2.7   0.8
   1 2019 229  4088.  16.1  20.5   2.016   3.4   9.8
   1 2019 230  8554.  13.8  19.9   1.891   2.6   1.3
   1 2019 231 16912.  12.2  21.0   1.814   3.6   0.1
   1 2019 232 19632.  10.1  21.1   1.780   2.7   0.0
   1 2019 233 21830.   9.7  22.8   1.811   1.4   0.0
   1 2019 234 21683.   8.7  24.7   1.918   1.6   0.0
   1 2019 235 21068.   8.9  26.4   1.738   0.9   0.0
   1 2019 236 21784.  11.1  29.8   1.750   1.4   0.0
   1 2019 237 21090.  11.0  31.6   2.218   1.1   0.0
   1 2019 238 18697.  15.3  31.6   2.231   1.6   0.0
   1 2019 239 17999.  16.0  33.2   2.354   1.1   0.0
   1 2019 240 17427.  17.7  28.6   2.591   2.0   2.1
   1 2019 241 12086.  11.5  22.8   2.042   2.1  11.3
   1 2019 242 19926.   9.5  23.7   1.871   1.5   0.1
   1 2019 243 19225.   9.5  29.8   2.205   1.9   8.7
   1 2019 244 13767.  11.4  20.8   1.852   2.3   0.0
   1 2019 245 17498.  10.6  20.6   1.429   2.5   0.1
   1 2019 246  6238.  11.8  19.3   1.579   2.8   0.0
   1 2019 247  6844.  11.6  19.9   1.697   3.4   7.8
   1 2019 248 10615.   7.7  17.0   1.517   3.1   0.3
   1 2019 249 12534.   7.1  18.6   1.442   3.2   0.5
   1 2019 250 11096.  10.8  18.0   1.470   2.0   5.1
   1 2019 251 14933.   6.9  18.0   1.351   1.7   0.0
   1 2019 252 15622.   4.8  18.0   1.285   1.1   0.1
   1 2019 253 16508.   4.4  20.0   1.399   1.1   0.0
   1 2019 254  4030.   8.6  17.3   1.593   3.4   4.4
   1 2019 255 14625.  16.8  22.3   2.122   3.5   0.0
   1 2019 256 13561.  10.4  20.9   1.807   2.4   2.2
   1 2019 257 17418.   6.0  21.0   1.308   1.1   0.0
   1 2019 258 15570.   6.7  23.1   1.613   2.1   0.0
   1 2019 259  4232.   9.3  16.4   1.522   1.3   3.2
   1 2019 260 10682.   6.9  18.0   1.366   2.4   0.0
   1 2019 261 14312.   5.0  17.9   1.282   1.6   0.0
   1 2019 262 12724.   6.1  17.2   1.347   1.2   0.0
   1 2019 263 15855.   4.0  19.2   1.308   1.3   0.0
   1 2019 264 16311.   4.6  23.9   1.717   2.8   0.0
   1 2019 265 12974.  12.8  27.0   2.156   2.8   0.2
   1 2019 266  8209.  12.1  20.2   1.812   2.2   1.2
   1 2019 267  4077.  13.0  18.6   1.718   3.5   4.8
   1 2019 268  5254.  12.8  17.7   1.729   3.4   1.3
   1 2019 269  2525.  13.9  18.4   1.805   3.9  11.5
   1 2019 270  9962.  13.1  19.0   1.758   4.6   0.0
   1 2019 271  7961.  13.3  18.4   1.763   5.3   0.7
   1 2019 272  2479.  13.1  16.6   1.682   5.2  26.6
   1 2019 273  8265.  12.8  17.4   1.605   3.6   6.7
   1 2019 274  6058.  10.1  18.2   1.706   4.2  19.6
   1 2019 275 10168.   8.0  14.0   1.150   2.9   0.5
   1 2019 276  7665.   8.4  14.6   1.226   2.3   3.9
   1 2019 277  2889.   8.9  14.9   1.229   3.6   9.3
   1 2019 278 10225.   7.2  13.3   1.109   2.3   0.5
   1 2019 279  2106.   8.3  10.0   1.080   4.8  11.6
   1 2019 280  4259.   7.1  12.1   1.148   2.8   0.5
   1 2019 281  4359.  11.7  15.8   1.421   3.8   5.0
   1 2019 282  3703.   9.4  12.3   1.283   4.2   1.4
   1 2019 283  8673.   9.2  14.8   1.253   4.3   4.7
   1 2019 284  2437.  12.7  16.8   1.478   5.6   1.3
   1 2019 285  1020.   9.5  16.6   1.425   2.2   1.8
   1 2019 286  6552.  10.2  22.4   1.830   3.6   7.7
   1 2019 287  6980.  11.6  19.8   1.698   2.3   3.2
   1 2019 288  3671.  12.7  16.8   1.619   2.2   2.6
   1 2019 289  4335.   9.9  14.5   1.472   3.8   9.9
   1 2019 290  5700.  10.3  16.3   1.507   2.5   1.3
   1 2019 291  4953.   9.9  15.2   1.420   4.9   0.7
   1 2019 292  4520.   8.1  14.1   1.324   3.1   4.6
   1 2019 293  2386.   6.4  12.6   1.258   1.5   0.1
   1 2019 294  3797.  10.9  15.8   1.436   2.7   4.3
   1 2019 295  5034.   6.9  16.0   1.427   2.1   0.0
   1 2019 296  6432.   6.1  17.3   1.402   1.7   0.2
   1 2019 297  4596.  10.4  19.3   1.637   3.2   0.0
   1 2019 298  6614.  11.2  15.7   1.559   4.6   0.2
   1 2019 299  7252.  12.8  20.0   1.850   5.4   1.6
   1 2019 300  5467.   5.9  12.7   1.161   2.7   2.2
   1 2019 301  5952.   3.5  12.7   1.004   1.0   0.2
   1 2019 302  7801.   2.0  12.6   0.940   1.5   0.1
   1 2019 303  7311.   0.2  10.8   0.762   1.8   0.1
   1 2019 304  7720.  -2.2   9.9   0.715   1.9   0.1
   1 2019 305  1554.   1.0  12.9   0.983   3.2   3.8
   1 2019 306  4854.  10.9  14.5   1.457   5.0  12.3
   1 2019 307  4371.   7.4  12.9   1.253   2.7   4.9
   1 2019 308  3209.   7.4  12.1   1.210   2.3   2.4
   1 2019 309  1687.   7.5  10.4   1.116   1.5   6.1
   1 2019 310  3675.   6.7  10.8   1.076   1.3   2.2
   1 2019 311  1806.   4.5  10.2   1.053   3.6   3.5
   1 2019 312  6315.   1.3  10.0   0.852   1.5   0.0
   1 2019 313  5017.   1.6  10.0   0.918   3.3   0.3
   1 2019 314  6191.  -1.0  10.5   0.739   0.9   0.0
   1 2019 315  1907.   0.1   7.9   0.861   4.7   2.0
   1 2019 316  2667.   3.7   7.1   0.869   4.6   5.7
   1 2019 317  2516.   4.3   8.1   0.918   3.3   7.2
   1 2019 318  2683.   3.5   8.3   0.858   2.9   0.0
   1 2019 319  1604.   2.2   6.2   0.775   2.6   0.0
   1 2019 320  2797.   0.8   5.6   0.745   1.2   0.0
   1 2019 321  3725.   0.1   7.9   0.780   1.6   2.5
   1 2019 322  1463.   4.2   8.2   0.912   3.6   4.8
   1 2019 323  3948.  -0.8   8.4   0.811   2.3   0.6
   1 2019 324  3407.  -3.0   4.9   0.638   1.8   0.2
   1 2019 325  3669.   1.2   5.6   0.728   2.8   0.0
   1 2019 326  4137.   2.7  10.5   0.893   3.5   1.0
   1 2019 327  1954.   4.3   9.0   0.869   2.9   0.0
   1 2019 328  3678.   2.3   9.5   0.859   1.3   0.0
   1 2019 329  3232.   4.3  10.0   0.961   2.0   0.0
   1 2019 330  1290.   5.8  11.2   1.123   3.3   2.6
   1 2019 331  1072.   9.5  11.7   1.179   4.8   9.5
   1 2019 332   604.   7.4  10.3   1.116   5.0  13.6
   1 2019 333  1555.  -0.2   8.3   0.770   1.9   0.1
   1 2019 334  2427.  -2.9   8.4   0.630   0.8   0.1
   1 2019 335  1725.  -2.6   3.8   0.607   1.1   0.1
   1 2019 336  2042.  -3.1   8.6   0.767   1.4   0.5
   1 2019 337  4084.   0.4   7.5   0.799   1.8   0.0
   1 2019 338  4207.  -1.6   6.2   0.640   1.4   0.2
   1 2019 339  1219.  -1.4   3.7   0.675   3.6   0.0
   1 2019 340   443.   3.3   9.2   0.906   6.3  18.7
   1 2019 341  1412.   8.3   9.5   1.057   4.4   0.2
   1 2019 342  1376.   6.8  11.2   1.035   6.6   3.5
   1 2019 343  2131.   3.1   8.0   0.874   4.1   4.1
   1 2019 344  3598.   2.3   7.0   0.770   4.9   0.0
   1 2019 345   941.   4.2   6.9   0.897   3.5   3.2
   1 2019 346  3072.   2.2   5.4   0.777   4.8   0.4
   1 2019 347   715.   3.0   6.5   0.802   4.0   8.2
   1 2019 348  2256.   3.4   7.9   0.879   5.2   7.8
   1 2019 349  2603.   4.1   9.0   0.987   5.6   2.3
   1 2019 350   727.   3.7   7.8   0.960   2.7   0.8
   1 2019 351  2120.   6.1  14.8   1.199   3.4   2.2
   1 2019 352  2639.   4.7   8.7   0.926   2.7   0.0
   1 2019 353  3367.   6.7  13.5   1.120   3.9   0.2
   1 2019 354   786.   6.7  11.8   1.085   5.0   1.4
   1 2019 355  1726.   4.8   8.7   0.936   4.3   0.1
   1 2019 356   937.   6.3   9.1   1.008   3.8  12.0
   1 2019 357  1502.   6.1   8.9   0.989   3.6   0.7
   1 2019 358   772.   5.5  10.1   1.042   4.4   7.8
   1 2019 359  2109.   5.4   9.3   1.001   2.3   0.9
   1 2019 360  1043.   4.4   6.4   0.891   2.3   0.9
   1 2019 361  3785.  -1.2   7.2   0.769   2.2   0.4
   1 2019 362  2856.  -2.3   3.4   0.603   1.4   0.1
   1 2019 363  1998.  -1.5   2.5   0.619   2.3   0.1
   1 2019 364  3815.   0.6   8.7   0.801   2.5   0.0
   1 2019 365  2940.   1.7   7.1   0.779   1.3   0.2
