*---------------------------------------------------------*
*   Country: Netherlands
*   Station: Wageningen
*      Year: 2016
*    Source: Meteorology and Air Quality Group,
*            Wageningen University
*            https://met.wur.nl/veenkampen/data/
*    Author: M. Lubbers (Plant Production Systems, WUR)
* Longitude: 05 6217 E
*  Latitude: 51 9814 N
* Elevation: 5 m.
*  Comments: Location Veenkampen.
*
*  Columns:
*  ========
*  station number
*  year
*  day
*  irradiation (kJ m-2 d-1)
*  minimum temperature (degrees Celsius)
*  maximum temperature (degrees Celsius)
*  vapour pressure (kPa)
*  mean wind speed (m s-1)
*  precipitation (mm d-1)
** WCCDESCRIPTION=Netherlands, Wageningen (nld1.016)
** WCCFORMAT=2
** WCCYEARNR=2016
*---------------------------------------------------------*
   5.6217  51.9814     5. 0.00 0.00
   1 2016   1  1423.   2.2   6.8   0.821   2.4   0.0
   1 2016   2   975.   4.4   5.7   0.835   4.4   3.8
   1 2016   3  1623.   5.1   7.6   0.929   4.8   8.2
   1 2016   4   709.   3.8   6.1   0.857   2.9  12.6
   1 2016   5  1092.   4.5   7.7   0.935   2.5   0.6
   1 2016   6  1029.   1.6   4.6   0.719   2.1   1.4
   1 2016   7   671.   2.5   7.4   0.862   4.9  10.6
   1 2016   8  4022.   0.0   8.0   0.774   3.5   0.0
   1 2016   9  1774.   0.0   7.7   0.846   3.7   0.0
   1 2016  10  4140.   3.7   9.2   0.916   4.5   1.8
   1 2016  11   802.   1.5   6.4   0.820   3.3   4.2
   1 2016  12  1547.   3.5   6.6   0.860   5.0   7.4
   1 2016  13  1577.   1.5   6.5   0.800   3.4   2.8
   1 2016  14  1217.   0.8   4.9   0.738   5.3   9.8
   1 2016  15  1233.  -1.2   3.1   0.678   3.0   0.0
   1 2016  16  2861.  -3.4   5.3   0.647   3.8   4.2
   1 2016  17  4775.  -5.3   2.4   0.533   1.6   0.0
   1 2016  18  5462.  -6.0   0.5   0.486   1.7   0.0
   1 2016  19  3927.  -7.6   0.1   0.499   1.6   0.0
   1 2016  20  2672.  -2.4   4.8   0.632   1.7   0.2
   1 2016  21  1518.  -2.3   2.4   0.581   2.1   0.0
   1 2016  22  3797.  -3.6   4.3   0.599   3.4   5.4
   1 2016  23  2608.   3.1   7.9   0.916   2.8   0.0
   1 2016  24   535.   4.3   9.4   0.981   3.0   3.0
   1 2016  25  5276.   5.9  14.0   1.137   3.1   0.0
   1 2016  26  3405.   6.4  11.1   1.078   4.9   2.0
   1 2016  27   762.   9.4  12.0   1.200   6.6  14.0
   1 2016  28  6093.   2.5  10.3   0.834   3.7   0.6
   1 2016  29  1172.   4.6   9.9   1.000   6.6   1.6
   1 2016  30   778.   3.2   9.6   0.937   5.5  18.4
   1 2016  31  2153.   2.2  10.6   0.894   3.9   5.6
   1 2016  32  1351.  10.5  12.0   1.260   7.7   1.8
   1 2016  33  2407.   5.2  11.5   1.068   6.3   2.2
   1 2016  34  5706.   1.9   7.3   0.810   3.9   1.2
   1 2016  35  1363.   1.9   7.3   0.803   3.0   2.2
   1 2016  36  1732.   4.3  10.8   1.052   3.6   0.6
   1 2016  37  2190.   8.3  10.4   1.126   5.0   0.0
   1 2016  38  4825.   6.0  10.7   1.090   5.8   2.6
   1 2016  39  4649.   6.9  10.2   1.083   8.6  15.2
   1 2016  40  1201.   3.0   8.1   0.876   5.0  11.6
   1 2016  41  4059.   0.7   8.3   0.817   3.8   9.2
   1 2016  42  6265.   0.2   7.8   0.772   2.6   0.0
   1 2016  43  5541.  -1.2   7.4   0.731   1.9   0.0
   1 2016  44  5606.  -3.4   5.3   0.648   2.5   0.8
   1 2016  45  1631.   0.2   2.4   0.640   3.0  13.2
   1 2016  46  7792.  -3.7   5.6   0.627   3.7   0.6
   1 2016  47  9989.  -4.9   5.9   0.560   1.1   0.0
   1 2016  48  9244.  -5.0   4.6   0.549   1.8   0.0
   1 2016  49  5016.  -1.0   4.1   0.642   2.1   0.0
   1 2016  50  6185.   0.9   8.1   0.714   2.5   1.2
   1 2016  51  2112.   5.0  10.7   1.005   6.2   9.2
   1 2016  52  1290.   8.8  11.8   1.215   7.2  11.6
   1 2016  53  2278.   3.4  10.6   0.934   4.1   7.6
   1 2016  54  6963.   0.6   8.0   0.774   2.9   1.0
   1 2016  55  8631.  -2.3   7.2   0.657   1.6   2.6
   1 2016  56  8669.  -2.0   5.2   0.635   2.4   0.4
   1 2016  57  3873.  -1.5   5.6   0.646   1.3   0.0
   1 2016  58 10966.  -3.0   6.7   0.610   2.5   0.0
   1 2016  59 11344.  -3.1   6.9   0.606   2.7   0.0
   1 2016  60 12001.  -4.5   6.9   0.591   2.1   0.0
   1 2016  61  3210.  -5.2   7.0   0.640   3.8   6.0
   1 2016  62  7525.   2.0   8.7   0.848   5.1   7.2
   1 2016  63  8954.  -0.7   7.9   0.720   2.4   0.2
   1 2016  64  1437.  -2.1   2.8   0.657   3.5   9.6
   1 2016  65  6961.  -4.3   5.6   0.590   0.9   0.0
   1 2016  66  8580.  -2.1   7.1   0.674   1.3   0.2
   1 2016  67  9469.  -2.1   7.4   0.662   1.3   0.6
   1 2016  68  8184.  -2.5   7.7   0.706   2.3   1.2
   1 2016  69  5779.   1.5   7.4   0.740   4.6   0.0
   1 2016  70 12490.  -1.8   9.7   0.722   2.3   0.0
   1 2016  71 11244.  -2.1   9.6   0.700   1.9   0.0
   1 2016  72 14119.  -4.0   9.6   0.652   2.0   0.0
   1 2016  73 14637.  -3.2   9.6   0.680   3.1   0.0
   1 2016  74 15378.  -3.1  10.5   0.670   3.0   0.0
   1 2016  75  4582.  -1.8   8.1   0.765   2.3   0.0
   1 2016  76 11247.   0.4   8.7   0.710   4.1   0.0
   1 2016  77 15305.  -3.4  12.6   0.729   2.3   0.0
   1 2016  78  3052.   2.1   6.7   0.815   3.0   0.0
   1 2016  79  4619.   4.8   7.4   0.824   2.9   0.0
   1 2016  80  6949.   4.1   8.9   0.911   2.9   0.0
   1 2016  81  5091.   3.7   9.2   0.918   2.8   0.4
   1 2016  82  8252.   2.2  10.4   0.937   3.0   0.0
   1 2016  83  7468.   5.6   9.6   0.940   3.1   0.2
   1 2016  84  4215.   6.1   9.7   0.964   2.6   0.0
   1 2016  85  3980.  -0.9   9.9   0.921   3.5   5.6
   1 2016  86 16643.   0.2  14.8   1.004   4.9   0.0
   1 2016  87 11064.   6.9  13.0   1.086   4.8   8.6
   1 2016  88  9037.   7.3  12.9   1.139   6.8   1.4
   1 2016  89  9597.   4.0  11.4   0.999   5.0   7.8
   1 2016  90 14285.   4.9  12.1   1.023   3.9   0.2
   1 2016  91  7272.   3.0  11.6   0.918   2.0   0.0
   1 2016  92 17681.  -0.5  14.1   0.856   1.5   0.0
   1 2016  93 10023.   3.2  13.7   1.066   1.9   0.0
   1 2016  94 12012.  11.6  20.6   1.435   2.3   0.0
   1 2016  95 12034.   8.0  16.3   1.289   2.7   0.0
   1 2016  96  7210.   6.8  13.6   1.132   2.2   0.0
   1 2016  97  5753.   4.6  11.5   1.011   5.0   1.8
   1 2016  98 11904.   4.2  10.7   0.887   4.3   1.4
   1 2016  99 13091.   2.7  12.3   0.938   1.8   0.0
   1 2016 100 18704.   0.7  15.7   0.941   2.5   0.0
   1 2016 101 18657.   6.6  16.0   1.089   2.1   0.0
   1 2016 102 20446.   7.9  17.9   1.140   4.9   0.0
   1 2016 103 15809.   4.3  17.8   1.173   1.7   0.2
   1 2016 104 14285.   2.9  14.5   1.021   1.6   0.0
   1 2016 105 17607.   2.5  16.9   1.073   1.5   0.0
   1 2016 106  7183.   8.3  13.9   1.169   3.0   1.6
   1 2016 107 12952.   2.5  12.3   0.983   4.5   0.0
   1 2016 108 14814.   2.1  11.1   0.837   2.1   0.0
   1 2016 109 16417.   0.7  12.8   0.886   3.4   0.0
   1 2016 110 15735.   2.0  14.0   0.981   3.0   0.0
   1 2016 111 22830.  -1.0  14.8   0.876   1.6   0.0
   1 2016 112 23047.   2.1  18.4   0.986   2.1   0.0
   1 2016 113 16377.   4.5  12.9   0.948   2.9   0.0
   1 2016 114 16490.   1.8  10.0   0.792   3.4   0.0
   1 2016 115 18616.   1.2   9.4   0.734   3.6   0.0
   1 2016 116  7734.   0.5   7.8   0.773   3.3   1.8
   1 2016 117 12464.   0.6   7.5   0.769   5.4   7.2
   1 2016 118 14132.   2.4   9.8   0.827   3.7   8.9
   1 2016 119 15816.   1.9   9.1   0.788   2.8   2.3
   1 2016 120  7957.   4.0   9.6   0.908   4.3   3.3
   1 2016 121 17061.   2.9  11.8   0.907   2.5   0.0
   1 2016 122 21158.   0.6  14.3   0.892   2.2   0.0
   1 2016 123 21126.   1.0  17.9   1.101   2.2   0.5
   1 2016 124 25198.   3.0  14.6   1.033   3.0   4.8
   1 2016 125 26222.   1.2  16.3   0.953   1.5   0.0
   1 2016 126 26334.   5.6  19.3   1.102   3.0   0.0
   1 2016 127 25410.  11.5  24.4   1.460   3.1   0.0
   1 2016 128 24298.   9.7  26.6   1.522   2.5   0.0
   1 2016 129 26455.  15.1  25.4   1.496   4.3   0.0
   1 2016 130 24999.  15.5  25.1   1.563   4.5   0.0
   1 2016 131 11663.  15.7  22.3   1.666   2.3   0.0
   1 2016 132 25021.  15.7  26.0   1.722   3.2   0.0
   1 2016 133 25588.  14.3  25.1   1.556   4.3   0.0
   1 2016 134 24981.   8.6  23.2   1.313   3.8   0.0
   1 2016 135 17339.   4.7  13.1   0.912   4.0   0.3
   1 2016 136 16881.   4.2  13.1   0.915   3.5   0.5
   1 2016 137 12972.   4.1  12.5   0.996   2.3   0.5
   1 2016 138 16349.   6.7  18.5   1.177   2.4   0.0
   1 2016 139 15070.   7.5  18.8   1.308   2.5   3.5
   1 2016 140 14396.   9.1  17.9   1.357   2.0   0.8
   1 2016 141  8122.   9.6  17.7   1.391   3.0   0.8
   1 2016 142 20528.   9.5  23.0   1.643   3.2   0.3
   1 2016 143  6883.  13.6  18.5   1.682   2.2  11.8
   1 2016 144  5041.  10.4  13.8   1.361   3.7  20.5
   1 2016 145 13733.   9.2  14.5   1.168   3.3   0.0
   1 2016 146  7247.   6.8  15.0   1.268   1.4   0.5
   1 2016 147 24199.   6.3  21.5   1.378   1.3   0.3
   1 2016 148 22722.  11.0  21.6   1.569   2.2   0.0
   1 2016 149 22337.  12.3  24.5   1.740   1.6   0.0
   1 2016 150  7932.  13.8  21.1   1.768   2.4  10.9
   1 2016 151  8205.  15.2  20.6   1.841   3.5  37.3
   1 2016 152 18280.  13.3  22.9   1.769   2.0   0.0
   1 2016 153 17104.  12.9  24.5   2.014   3.0   1.5
   1 2016 154 13681.  13.9  21.1   1.754   3.4   0.0
   1 2016 155 14847.  13.8  22.5   1.816   1.4   0.3
   1 2016 156 18696.  14.7  27.4   1.990   1.5   0.0
   1 2016 157 27948.  13.4  27.5   1.938   2.3   0.0
   1 2016 158 27924.  11.2  26.1   1.770   1.8   0.0
   1 2016 159 22080.  14.3  27.6   1.856   1.6   0.0
   1 2016 160 25526.  12.0  21.2   1.551   2.4   0.0
   1 2016 161 28635.   9.2  19.6   1.344   2.1   0.0
   1 2016 162 24027.   9.3  21.1   1.459   1.3   0.3
   1 2016 163 15234.  12.1  21.4   1.603   1.1   1.3
   1 2016 164 11987.  14.1  21.8   1.694   1.1  21.3
   1 2016 165 12721.  13.7  19.3   1.685   2.6   5.3
   1 2016 166 11495.  12.9  19.3   1.602   2.4   2.8
   1 2016 167 13827.  11.5  18.9   1.508   1.4  17.3
   1 2016 168 20364.  10.3  21.7   1.530   1.3   1.5
   1 2016 169 13754.  12.8  19.4   1.598   1.5  23.8
   1 2016 170 15902.  11.7  18.1   1.487   2.6   3.1
   1 2016 171 20132.  11.8  18.7   1.404   2.1   0.0
   1 2016 172  5491.  13.5  17.9   1.639   3.8  24.1
   1 2016 173  8975.  14.6  20.2   1.888   2.2   2.8
   1 2016 174 22424.  14.8  25.2   2.039   1.9   0.0
   1 2016 175 17750.  19.3  29.9   2.535   1.5   9.1
   1 2016 176 16024.  14.0  23.1   2.066   2.1   0.3
   1 2016 177  9560.  11.5  19.8   1.667   1.3   6.8
   1 2016 178 17027.  11.5  18.6   1.495   2.5   4.3
   1 2016 179  9413.  11.3  18.3   1.558   2.7   2.3
   1 2016 180 19248.  10.8  22.0   1.609   1.9   4.8
   1 2016 181 16058.  13.4  20.3   1.573   3.3   5.0
   1 2016 182  9581.  14.5  19.1   1.722   3.1   6.6
   1 2016 183  6984.  14.4  19.9   1.801   3.6   8.9
   1 2016 184 20312.  11.8  18.1   1.413   3.7   3.6
   1 2016 185 18110.  10.8  19.8   1.438   2.0  16.0
   1 2016 186 21135.  10.4  22.9   1.659   1.0   0.0
   1 2016 187 12714.  11.3  18.9   1.574   3.4   1.0
   1 2016 188 20827.   9.8  19.5   1.419   2.0   0.5
   1 2016 189 21632.   8.0  21.9   1.555   1.6   0.0
   1 2016 190 10848.  16.0  20.6   1.802   2.7   7.1
   1 2016 191 19167.  14.4  23.8   1.894   2.1   0.3
   1 2016 192 23856.  15.5  28.3   2.059   2.6   0.0
   1 2016 193 17612.  15.6  22.5   1.696   4.4   0.0
   1 2016 194      .             -99.999            
   1 2016 195      .             -99.999            
   1 2016 196 12134.  11.2  17.1   1.454   2.3   0.0
   1 2016 197 22625.   9.9  21.4   1.483   2.3   0.0
   1 2016 198 12585.  15.3  23.0   1.930   2.6   0.0
   1 2016 199 20897.  14.7  24.2   1.974   2.2   0.0
   1 2016 200 25825.  13.2  26.8   1.884   1.4   0.0
   1 2016 201 26645.  12.1  30.6   2.027   1.4   0.0
   1 2016 202 23592.  18.4  33.6   2.370   2.5   0.5
   1 2016 203 23605.  16.7  28.0   2.208   1.9   0.0
   1 2016 204 16683.  17.9  25.6   2.190   1.3  31.2
   1 2016 205 22062.  17.5  25.6   2.222   1.7   0.0
   1 2016 206 17079.  16.8  25.7   2.201   1.2   0.0
   1 2016 207 11730.  14.1  23.5   1.943   1.9   0.0
   1 2016 208 20215.  11.5  24.1   1.774   1.2   0.0
   1 2016 209 14395.  16.3  22.0   1.876   2.7   5.8
   1 2016 210 15469.  16.2  23.1   1.965   2.2   1.8
   1 2016 211 12953.  15.7  22.3   1.870   3.1   0.8
   1 2016 212  7210.  15.6  20.5   1.855   1.8   7.4
   1 2016 213 16314.  12.7  20.2   1.653   1.9   0.0
   1 2016 214 17182.  12.7  21.2   1.616   1.8   1.0
   1 2016 215  5924.  13.9  18.6   1.801   2.9   9.5
   1 2016 216  5293.  15.8  20.1   2.034   4.3   7.6
   1 2016 217 11578.  13.8  20.0   1.684   3.5   0.0
   1 2016 218 21241.  13.0  22.2   1.687   2.4   0.0
   1 2016 219 13376.  10.9  22.2   1.619   1.9   3.8
   1 2016 220 14306.  10.8  23.1   1.822   3.4   0.3
   1 2016 221 18190.  13.2  20.4   1.637   3.4   0.3
   1 2016 222 14506.  10.3  17.9   1.385   1.7   3.8
   1 2016 223 19118.   7.5  16.9   1.254   1.7   2.0
   1 2016 224  5389.   7.1  16.0   1.417   3.0   9.5
   1 2016 225 12138.  15.1  22.3   1.928   2.7   1.3
   1 2016 226 11593.  13.3  21.3   1.775   2.6   0.0
   1 2016 227 15816.  12.3  22.1   1.680   1.1   0.0
   1 2016 228 21793.   9.0  22.6   1.537   1.5   0.0
   1 2016 229 21620.  11.0  23.3   1.538   1.8   0.0
   1 2016 230 24149.  11.1  23.1   1.468   2.2   0.3
   1 2016 231 23429.   8.2  25.5   1.501   1.4   0.0
   1 2016 232 14133.   9.5  25.1   1.760   2.0   0.8
   1 2016 233 15650.  13.6  23.4   1.697   3.3   0.8
   1 2016 234 10181.  14.3  19.7   1.674   3.9  11.7
   1 2016 235  7398.  12.9  22.6   1.790   3.0   3.8
   1 2016 236 21558.  13.5  27.8   1.895   1.4   0.0
   1 2016 237 21609.  16.2  30.8   2.126   1.7   0.0
   1 2016 238 21266.  16.6  31.5   2.327   1.6   0.5
   1 2016 239 18954.  17.5  27.2   2.212   1.7   0.0
   1 2016 240 17875.  16.4  27.7   2.155   2.5   1.0
   1 2016 241 16100.  16.7  25.9   2.066   3.1   0.0
   1 2016 242 12841.   9.1  21.6   1.683   1.7   0.8
   1 2016 243 20317.   7.0  24.5   1.469   0.7   0.0
   1 2016 244 19562.   8.3  24.8   1.601   1.3   0.0
   1 2016 245 14551.  10.9  23.6   1.706   1.9   0.0
   1 2016 246 14270.   9.7  22.4   1.632   2.2   2.0
   1 2016 247 12366.  13.5  22.6   1.774   2.4   0.8
   1 2016 248 10181.  14.2  21.5   1.802   4.2   1.8
   1 2016 249 12850.  11.3  22.5   1.707   2.0   0.0
   1 2016 250 17223.  10.6  25.3   1.773   1.4   0.3
   1 2016 251 18566.  10.7  26.3   1.691   1.2   0.0
   1 2016 252 17556.  11.2  27.3   1.850   2.3   0.0
   1 2016 253 15130.  11.1  23.1   1.658   1.4   0.3
   1 2016 254 17201.   9.9  25.3   1.660   1.5   0.0
   1 2016 255  8094.  14.7  22.0   1.907   1.2   0.3
   1 2016 256 17010.  13.1  29.3   1.957   1.3   0.3
   1 2016 257 16129.  14.1  31.8   2.104   1.5   0.0
   1 2016 258 16170.  14.2  31.8   2.065   1.5   0.0
   1 2016 259 15522.  14.4  29.5   1.995   2.2  10.7
   1 2016 260  9681.  14.1  21.8   1.759   2.6   1.0
   1 2016 261  7798.  12.1  20.7   1.767   1.5   0.0
   1 2016 262 10922.  14.1  21.2   1.642   2.1   0.0
   1 2016 263 10288.   8.3  19.7   1.376   1.5   0.0
   1 2016 264 11492.   4.9  19.4   1.306   0.9   0.3
   1 2016 265 14106.   7.5  20.7   1.325   1.5   0.0
   1 2016 266 10940.   6.1  21.1   1.378   1.2   0.0
   1 2016 267 14049.   6.8  20.6   1.391   2.0   0.3
   1 2016 268 14086.   7.0  23.4   1.422   2.0   0.0
   1 2016 269 13272.  11.2  25.4   1.545   2.9   1.0
   1 2016 270 10583.   6.7  20.0   1.365   0.9   0.0
   1 2016 271 14632.   4.1  20.9   1.261   1.9   0.3
   1 2016 272 11669.  14.8  22.0   1.667   3.8   0.0
   1 2016 273  3650.  13.6  17.9   1.616   4.7   1.0
   1 2016 274 10314.  10.5  18.5   1.392   2.8   0.0
   1 2016 275  8385.   9.7  17.5   1.409   2.3   6.6
   1 2016 276  6664.   8.5  16.2   1.293   3.8   4.6
   1 2016 277 10950.  10.2  18.5   1.404   2.3   0.5
   1 2016 278  9082.   9.3  17.6   1.270   3.0   0.0
   1 2016 279 13328.   3.9  14.0   0.975   3.6   0.0
   1 2016 280  8500.   4.3  12.9   1.024   3.2   0.0
   1 2016 281  6345.   9.9  14.3   1.226   2.5   0.0
   1 2016 282  7608.   5.9  14.4   1.109   1.8   0.0
   1 2016 283 10096.   0.0  14.1   0.926   1.2   0.0
   1 2016 284  8796.   0.2  13.0   0.870   1.3   0.3
   1 2016 285  5371.  -0.1  12.4   0.983   1.5   0.5
   1 2016 286  3802.   6.8  10.9   1.009   3.3   0.0
   1 2016 287  6616.   7.6  11.3   1.011   4.9   0.0
   1 2016 288  7820.   7.3  12.8   1.065   3.9   6.3
   1 2016 289  2725.   7.3  14.0   1.198   2.2   3.3
   1 2016 290 10349.   7.2  19.1   1.266   2.4   0.0
   1 2016 291  6381.   7.6  15.9   1.282   1.7   3.0
   1 2016 292  3947.   6.5  13.0   1.148   3.2  11.4
   1 2016 293  3819.   4.6  12.2   1.027   3.4  16.5
   1 2016 294  2464.   2.7  11.9   1.063   2.3   3.0
   1 2016 295  5273.   2.9  10.8   1.006   1.6   2.3
   1 2016 296  5348.  -0.7  10.5   0.916   1.3   0.0
   1 2016 297  8071.  -2.5  10.7   0.755   1.1   0.5
   1 2016 298  2676.   4.4   9.0   0.967   2.0   0.0
   1 2016 299  2103.   7.8   9.8   1.078   1.2   0.3
   1 2016 300  5651.   6.0  12.7   1.099   1.4   0.0
   1 2016 301  2860.   9.4  13.6   1.288   2.9   0.3
   1 2016 302  1737.  10.1  14.0   1.410   3.0   1.3
   1 2016 303  7737.   3.8  14.7   1.080   0.9   0.3
   1 2016 304  6210.   3.5  15.1   1.038   0.6   0.3
   1 2016 305  7573.   1.6  16.0   0.992   0.8   0.0
   1 2016 306  3236.   3.2  13.6   1.069   1.5   0.2
   1 2016 307  5217.   2.0  11.3   0.933   2.2   3.8
   1 2016 308  4945.  -0.6  12.0   0.912   1.8   0.9
   1 2016 309  3622.   6.2  10.2   0.947   3.1   1.1
   1 2016 310  3473.   4.4  10.4   0.945   2.8   1.8
   1 2016 311  4520.   3.8   9.0   0.900   3.4   0.5
   1 2016 312  1517.   2.8   6.4   0.825   2.2   4.4
   1 2016 313  3593.  -2.9   5.2   0.669   1.7   1.0
   1 2016 314  1577.  -0.2   4.6   0.731   2.4   5.7
   1 2016 315  1439.   3.1   5.0   0.809   1.7  13.0
   1 2016 316  5657.  -3.8   5.4   0.666   2.6   0.9
   1 2016 317  3754.  -2.3   4.9   0.660   2.7   0.1
   1 2016 318  1425.   0.5   4.1   0.734   1.8   1.8
   1 2016 319  2405.  -1.6   6.3   0.725   2.6   4.1
   1 2016 320   876.   6.3  12.2   1.218   3.0   4.8
   1 2016 321  2303.   8.9  14.1   1.333   4.0   5.5
   1 2016 322  2427.   7.7  11.3   1.102   4.6   9.1
   1 2016 323  2407.   2.7   7.9   0.855   4.9   7.2
   1 2016 324  3351.   2.3   7.6   0.819   4.0   0.2
   1 2016 325  1026.   4.0  12.9   0.971   6.3   5.2
   1 2016 326  1546.   8.6  13.9   1.284   4.1   2.8
   1 2016 327  3151.   5.4  12.5   1.115   3.8   0.0
   1 2016 328  2197.   1.6  11.6   1.011   1.6   0.0
   1 2016 329  2894.   3.1   8.8   0.887   4.4   0.0
   1 2016 330  5019.  -1.4   8.1   0.668   3.7   0.0
   1 2016 331  3114.  -3.9   2.1   0.551   1.0   0.0
   1 2016 332  2655.  -0.5   9.0   0.800   1.4   0.1
   1 2016 333  4988.  -5.8   4.0   0.523   1.7   0.1
   1 2016 334  5624.  -8.2   4.6   0.455   0.6   0.1
   1 2016 335  3030.  -8.4   5.3   0.614   2.5   0.7
   1 2016 336  1363.   3.9   8.7   0.939   3.7   1.1
   1 2016 337  1938.  -2.8   8.9   0.876   2.0   1.2
   1 2016 338  3021.  -5.0   6.1   0.568   0.6   0.1
   1 2016 339  5378.  -6.9   3.9   0.507   1.1   0.1
   1 2016 340  4087.  -5.6   3.9   0.527   1.1   0.0
   1 2016 341  3980.  -5.5   4.3   0.551   1.3   0.4
   1 2016 342  1324.   0.5   8.2   0.801   2.9   0.4
   1 2016 343  2445.   5.1   9.2   0.895   3.3   0.5
   1 2016 344   934.   6.5  11.0   1.083   2.8   0.5
   1 2016 345   278.   4.9   9.0   0.989   2.9   3.7
   1 2016 346  1689.   6.1   9.7   1.019   3.9   2.9
   1 2016 347  1078.   1.1   7.4   0.886   1.6   0.1
   1 2016 348   563.   3.5   7.3   0.931   2.2   0.5
   1 2016 349  1611.   4.6   9.0   1.023   1.8   0.1
   1 2016 350   606.   5.1   8.0   0.957   3.1   0.0
   1 2016 351  2220.   3.2   7.3   0.812   2.4   0.0
   1 2016 352   835.   3.3   7.3   0.872   1.4   0.2
   1 2016 353  2073.   5.6   9.0   0.955   1.8   0.0
   1 2016 354  2567.  -2.6   7.3   0.775   1.5   0.0
   1 2016 355  3582.  -6.1   1.6   0.547   1.4   0.1
   1 2016 356  1934.  -1.6   7.0   0.726   3.8   5.6
   1 2016 357   970.   4.8   6.8   0.906   2.8   3.0
   1 2016 358  1738.   3.0   8.5   0.861   4.4   1.3
   1 2016 359  2100.   6.0   8.6   0.960   5.4   1.3
   1 2016 360   384.   7.8  11.8   1.172   6.3   1.0
   1 2016 361  3084.   3.3  11.5   0.934   5.2   1.0
   1 2016 362  3320.   2.3   8.8   0.845   2.8   0.6
   1 2016 363  1086.  -3.0   4.0   0.671   1.2   0.2
   1 2016 364  1780.  -4.6   0.0   0.533   1.5   0.1
   1 2016 365  4006.  -4.6   2.2   0.557   3.2   0.1
   1 2016 366   709.  -0.1   1.7   0.640   2.8   0.2
