*---------------------------------------------------------------------------*
* Station name: Nioro du Rip, Senegal
* Year: 1988                                              -99.000: NIL VALUE
* Author: Niek van Duivenbooden
* Source: ISRA, Service de Bioclimatologie
*
* Comments: Daily total radiation from day 152 - 212 original data
*           from field-experiment Nioro du Rip, other data from
*           Samanko (Mali) weatherstation. Vapour pressure measured
*           at 9:00 hour.
*
* Longitude: 8 00 W, latitude: 12 30 N, altitude: 345 m.
*
* Column  Daily value
* 1       station number
* 2       year
* 3       day
* 4       irradiation                   (kJ m-2 d-1)
* 5       minimum temperature           (degrees Celsius)
* 6       maximum temperature           (degrees Celsius)
* 7       early morning vapour pressure (kPa)
* 8       mean wind speed               (m s-1)
* 9       precipitation                 (mm d-1)
*---------------------------------------------------------------------------*
  -8.00  12.50   345. 0.00 0.00
   1 1988   1 18000.  17.3  28.0   1.478   1.9   0.0
   1 1988   2 16900.  17.4  29.6   1.488   1.5   0.0
   1 1988   3 15000.  18.3  33.7   1.478   1.9   0.0
   1 1988   4 16700.  19.8  32.7   1.498   1.6   0.0
   1 1988   5 14500.  18.2  32.3   1.440   1.2   0.0
   1 1988   6 16000.  19.0  32.7   1.518   1.6   0.0
   1 1988   7 15000.  19.7  32.5   1.518   1.8   0.0
   1 1988   8 22700.  19.8  33.7   1.748   2.0   0.0
   1 1988   9 22000.  20.0  28.7   1.577   1.7   0.0
   1 1988  10 18800.  20.3  33.2   1.488   1.3   0.0
   1 1988  11 22500.  19.1  35.2   1.305   1.2   0.0
   1 1988  12 12500.   7.6  34.7   1.394   1.1   0.0
   1 1988  13 13700.  15.8  35.2   1.488   1.1   0.0
   1 1988  14 13500.  16.8  35.2   1.366   1.3   0.0
   1 1988  15 13500.  15.7  36.3   1.450   1.4   0.0
   1 1988  16 15000.  18.7  32.7   1.640   2.2   0.0
   1 1988  17 15500.  19.2  32.0   1.440   2.2   0.0
   1 1988  18 17500.  17.7  28.7   1.488   2.1   0.0
   1 1988  19 11000.  19.4  31.1   1.213   2.1   0.0
   1 1988  20 12000.  18.0  31.3   1.331   1.8   0.0
   1 1988  21  8800.  16.3  32.5   1.254   1.7   0.0
   1 1988  22 10600.  18.6  34.7   1.314   1.8   0.0
   1 1988  23 15700.  17.1  33.5   1.375   2.1   0.0
   1 1988  24 14000.  19.2  33.3   1.305   1.7   0.0
   1 1988  25 12400.  19.1  34.9   1.262   1.3   0.0
   1 1988  26 10500.  19.5  36.2   1.279   1.3   0.0
   1 1988  27 14000.  17.2  36.2   1.379   1.7   0.0
   1 1988  28 15000.  18.1  32.3   1.488   2.5   0.0
   1 1988  29 16000.  19.8  29.9   1.547   2.4   0.0
   1 1988  30 14000.  18.5  31.7   1.279   2.1   0.0
   1 1988  31 12000.  20.0  33.9   1.353   1.7   0.0
   1 1988  32 13000.  19.3  34.5   1.450   1.6   0.0
   1 1988  33 16400.  19.4  35.0   1.478   1.9   0.0
   1 1988  34 15500.  19.7  34.7   1.440   1.9   0.0
   1 1988  35 15700.  20.3  36.0   1.577   1.5   0.0
   1 1988  36 12000.  20.8  36.5   1.389   1.3   0.0
   1 1988  37 14000.  21.0  36.8   1.527   1.5   0.0
   1 1988  38 16500.  19.5  35.6   1.488   2.0   0.0
   1 1988  39 19500.  18.1  33.7   1.440   1.8   0.0
   1 1988  40 15500.  20.9  32.2   1.370   2.0   0.0
   1 1988  41 15600.  21.9  32.3   1.358   1.9   0.0
   1 1988  42 17000.  21.9  33.7   1.349   1.8   0.0
   1 1988  43 15500.  22.0  33.3   1.478   1.3   0.0
   1 1988  44 20500.  21.9  33.8   1.742   1.0   0.0
   1 1988  45 16400.  22.1  35.7   1.698   1.6   0.0
   1 1988  46 22800.  22.0  35.2   1.742   1.6   0.0
   1 1988  47 18100.  20.8  37.8   1.689   2.2   0.0
   1 1988  48 17000.  20.7  39.0   1.805   1.7   0.0
   1 1988  49 20000.  20.6  39.3   1.898   1.3   0.0
   1 1988  50 20500.  21.5  37.0   2.258   1.2   0.0
   1 1988  51 21000.  22.1  40.5   2.177   1.9   0.0
   1 1988  52 23000.  20.5  31.3   2.168   3.4   0.0
   1 1988  53 24400.  19.1  33.8   2.164   1.2   0.0
   1 1988  54 24000.  21.7  33.7   2.204   1.4   0.0
   1 1988  55 23000.  22.4  32.7   2.258   1.3   0.0
   1 1988  56 24000.  21.5  36.1   2.273   2.3   0.0
   1 1988  57 23500.  21.3  30.7   2.280   3.6   0.0
   1 1988  58 22600.  21.2  34.0   2.238   2.3   0.0
   1 1988  59 21000.  15.5  35.8   2.280   1.9   0.0
   1 1988  60 21500.  18.4  36.1   2.402   1.7   0.0
   1 1988  61 18600.  19.9  32.3   2.224   2.0   0.0
   1 1988  62 16500.  19.7  30.2   1.971   2.1   0.0
   1 1988  63 15500.  18.1  30.0   1.725   2.1   0.0
   1 1988  64 13500.  21.6  30.5   1.624   2.3   0.0
   1 1988  65 14000.  21.6  33.6   1.689   2.3   0.0
   1 1988  66 16000.  22.3  37.3   1.693   1.5   0.0
   1 1988  67 17000.  21.5  39.3   1.552   1.8   0.0
   1 1988  68 17500.  22.0  39.7   1.737   1.4   0.0
   1 1988  69 16400.  21.2  39.0   1.810   1.8   0.0
   1 1988  70 16400.  21.9  42.2   1.922   2.2   0.0
   1 1988  71 18500.  20.0  42.6   1.850   2.3   0.0
   1 1988  72 21500.  17.6  41.6   1.814   1.9   0.0
   1 1988  73 18000.  20.8  39.2   2.008   1.5   0.0
   1 1988  74 17500.  22.5  39.2   1.603   1.7   0.0
   1 1988  75 15200.  22.2  41.0   1.416   1.6   0.0
   1 1988  76 17000.  21.3  40.5   1.651   1.8   0.0
   1 1988  77 18000.  23.1  40.0   2.180   1.6   0.0
   1 1988  78 23300.  22.7  41.9   2.316   1.8   0.0
   1 1988  79 22300.  22.5  42.3   1.861   1.4   0.0
   1 1988  80 16900.  15.9  41.5   1.788   1.7   0.0
   1 1988  81 16900.  19.5  40.8   1.936   1.6   0.0
   1 1988  82 16500.  21.5  41.0   2.242   1.5   0.0
   1 1988  83 17800.  22.3  42.7   2.095   1.5   0.0
   1 1988  84 18300.  21.8  41.7   2.248   1.6   0.0
   1 1988  85 20000.  21.1  41.8   2.365   2.5   0.0
   1 1988  86 19200.  21.9  38.8   2.443   1.6   0.0
   1 1988  87 19000.  21.5  39.5   2.151   1.5   0.0
   1 1988  88 19000.  21.3  41.2   1.768   1.5   0.0
   1 1988  89 21500.  22.8  42.3   1.837   2.0   0.0
   1 1988  90 25400.  23.9  43.2   1.990   2.3   0.0
   1 1988  91 24500.  22.9  42.3   2.128   2.0   0.0
   1 1988  92 21500.  18.1  42.5   2.381   2.1   0.0
   1 1988  93 21000.  21.1  40.1   2.232   2.2   0.0
   1 1988  94 19500.  17.5  40.0   2.141   1.9   0.0
   1 1988  95 23500.  19.5  41.5   2.088   2.1   0.0
   1 1988  96 23000.  20.5  41.7   1.955   2.3   0.0
   1 1988  97 23000.  20.8  41.7   1.865   2.1   0.0
   1 1988  98 22500.  22.6  39.7   1.835   2.5   0.0
   1 1988  99 20000.  21.1  41.1   1.980   3.0   0.0
   1 1988 100 19500.  13.4  39.7   2.018   2.5   0.0
   1 1988 101 21900.  19.5  40.3   2.135   2.2   0.0
   1 1988 102 18500.  16.8  42.7   2.015   2.6   0.0
   1 1988 103 18300.  22.2  43.6   2.208   2.0   0.0
   1 1988 104 22500.  20.8  43.9   2.583   2.3   0.0
   1 1988 105 21800.  21.9  43.0   2.399   1.8   0.0
   1 1988 106 22800.  22.6  43.0   2.316   1.8   0.0
   1 1988 107 22500.  20.5  40.5   2.256   1.7   0.0
   1 1988 108 19300.  12.6  37.5   2.245   1.9   0.0
   1 1988 109 16500.  21.3  36.7   2.062   2.0   0.0
   1 1988 110 16200.  19.3  37.5   2.043   2.1   0.0
   1 1988 111 16000.   9.6  39.3   2.131   2.1   0.0
   1 1988 112 17800.  15.4  41.8   2.322   1.8   0.0
   1 1988 113 18000.  11.4  44.5   2.252   2.5   0.0
   1 1988 114 17200.  20.0  41.5   2.758   2.1   0.0
   1 1988 115 22800.  21.0  41.8   2.458   2.4   0.0
   1 1988 116 19000.  22.9  38.0   2.002   2.3   0.0
   1 1988 117 18000.  22.5  40.5   2.002   1.6   0.0
   1 1988 118 20500.  22.7  41.5   1.936   1.9   0.0
   1 1988 119 20500.  23.8  41.7   1.874   2.4   0.0
   1 1988 120 22500.  20.6  43.0   2.164   2.0   0.0
   1 1988 121 22300.  22.4  39.3   2.491   2.7   0.0
   1 1988 122 23500.  18.8  39.2   2.417   2.0   0.0
   1 1988 123 23000.  11.4  38.0   2.286   2.3   0.0
   1 1988 124 20500.  23.2  41.6   2.289   2.1   0.0
   1 1988 125 22500.  15.9  42.5   2.245   3.6   0.0
   1 1988 126 20000.  18.9  37.5   2.157   2.8   0.0
   1 1988 127 19800.  17.8  39.0   2.193   3.0   0.0
   1 1988 128 19000.  23.2  41.0   2.084   2.5   0.0
   1 1988 129 19800.  25.2  43.2   2.151   2.5   0.0
   1 1988 130 19500.  22.3  39.5   2.522   2.3   0.0
   1 1988 131 19300.  19.6  39.7   2.687   3.0   0.0
   1 1988 132 18000.   9.6  39.5   2.740   2.8   0.0
   1 1988 133 18800.  15.6  39.0   2.623   2.8   0.0
   1 1988 134 18700.  19.3  35.7   2.620   2.0   0.0
   1 1988 135 18700.  20.5  41.7   2.195   2.4   0.0
   1 1988 136 21000.  17.7  41.0   2.229   2.1   0.0
   1 1988 137 22000.  11.7  41.4   2.128   3.3   0.0
   1 1988 138 20500.  15.8  40.6   2.365   2.0   0.0
   1 1988 139 19700.   9.5  40.0   2.316   2.1   0.0
   1 1988 140 20000.   9.8  41.2   2.427   1.9   0.0
   1 1988 141 22000.  20.3  44.5   2.491   2.5   0.0
   1 1988 142 21000.  17.7  43.0   2.532   2.0   0.0
   1 1988 143 22800.  22.5  41.0   2.687   2.5   0.0
   1 1988 144 22600.  22.3  43.2   2.566   2.2   0.0
   1 1988 145 21000.  18.4  42.2   2.532   2.1   0.0
   1 1988 146 21500.  19.6  38.9   2.555   3.0   0.0
   1 1988 147 25000.  22.5  37.0   2.862   2.7   0.0
   1 1988 148 21900.  11.0  36.4   2.740   2.0   0.0
   1 1988 149 23200.  22.9  38.0   2.812   2.1   0.0
   1 1988 150 25000.  20.0  39.5   2.736   2.4   0.0
   1 1988 151 23500.  21.5  41.5   2.866   2.7   0.0
   1 1988 152 23300.  15.7  38.7   3.018   3.2   0.0
   1 1988 153 24500.  21.6  41.0   2.687   2.1   0.0
   1 1988 154 21900.  12.4  38.8   2.417   2.4   0.0
   1 1988 155 21200.  24.0  39.0   2.442   2.7   0.0
   1 1988 156 24300.  22.9  37.4   2.753   2.5   0.0
   1 1988 157 18000.  23.1  37.3   2.773   1.9   0.0
   1 1988 158 23500.  18.3  38.5   2.671   1.8   0.0
   1 1988 159 24000.  24.5  39.5   2.794   1.8   0.0
   1 1988 160 23800.  17.5  37.7   2.647   1.6   0.0
   1 1988 161 23500.  17.5  37.5   2.704   1.3   0.0
   1 1988 162 23800.  24.5  39.2   2.695   1.2   0.0
   1 1988 163 24700.  23.2  37.5   2.845   1.2   0.0
   1 1988 164 25800.  22.3  38.3   2.897   2.2   0.0
   1 1988 165 15500.  21.0  37.7   2.802   1.8   2.4
   1 1988 166 24500.  24.3  36.7   2.906   3.4   0.0
   1 1988 167 24200.  23.9  35.2   2.837   2.5   0.0
   1 1988 168 23900.  17.0  38.0   2.845   2.7   0.0
   1 1988 169 25200.  15.7  37.4   3.018   2.9   0.0
   1 1988 170 25000.  21.1  35.2   3.114   2.1   0.5
   1 1988 171 23500.  21.4  39.0   2.866   2.2   0.0
   1 1988 172 26500.  21.2  39.2   2.923   2.6   3.6
   1 1988 173 21700.  23.9  33.7   2.704   2.3   0.6
   1 1988 174 23600.  25.4  37.8   2.687   2.7   0.0
   1 1988 175 24500.  21.5  36.3   2.858   2.6   5.5
   1 1988 176 21400.  21.3  33.2   3.211   1.8  24.0
   1 1988 177 22700.  23.0  32.8   2.862   1.7   0.0
   1 1988 178 24500.  22.6  35.7   3.048   2.3   0.0
   1 1988 179 24400.  17.9  37.4   2.986   2.7   0.0
   1 1988 180 25000.  21.8  36.2   3.104   3.4   0.0
   1 1988 181 25000.  23.3  35.0   3.035   3.4   0.0
   1 1988 182 24500.  24.0  35.7   2.736   2.4   0.0
   1 1988 183 23300.  22.3  35.2   2.724   2.4   0.0
   1 1988 184 25000.  21.6  35.0   2.937   2.6   5.5
   1 1988 185 21000.  24.8  32.0   2.740   2.1   0.0
   1 1988 186 24500.  25.2  35.1   3.141   2.7   0.0
   1 1988 187 25800.  24.4  36.3   3.141   2.3   0.0
   1 1988 188 25700.  14.9  36.0   3.197   2.5   0.0
   1 1988 189 26000.  23.2  36.0   3.091   3.6   0.0
   1 1988 190 25500.  22.7  36.5   3.063   3.5   0.0
   1 1988 191 26000.  18.0  36.0   3.099   3.6   0.0
   1 1988 192 25300.  24.6  34.0   2.946   2.7   0.0
   1 1988 193 22900.  25.5  34.5   2.749   1.9   0.0
   1 1988 194 24500.  18.8  35.2   3.043   2.2   2.5
   1 1988 195 23800.  22.3  33.0   3.155   2.7  54.0
   1 1988 196 19500.  25.3  31.0   2.889   2.7   3.0
   1 1988 197 22000.  20.3  30.5   2.798   2.4   5.0
   1 1988 198 23800.  20.2  33.7   2.890   2.7   0.0
   1 1988 199 24000.  17.8  33.7   3.104   3.0   0.0
   1 1988 200 25000.  23.2  34.0   3.007   2.9   0.0
   1 1988 201 23200.  23.4  32.8   2.820   2.2   0.0
   1 1988 202 24000.  24.3  35.0   2.971   1.8   0.0
   1 1988 203 25300.  19.5  33.7   3.136   2.5   0.0
   1 1988 204 20500.  25.0  31.5   2.977   1.9   7.5
   1 1988 205 20000.  25.4  33.5   3.169   2.3   0.5
   1 1988 206 24800.  25.9  32.2   3.165   1.9   0.0
   1 1988 207 25500.  24.0  34.9   3.162   2.3   0.0
   1 1988 208 24500.  25.5  33.8   3.026   2.7   0.5
   1 1988 209 24200.  26.9  33.3   3.030   3.5   0.4
   1 1988 210 24400.  28.0  31.8   3.160   1.9 173.0
   1 1988 211 21300.  25.3  30.7   3.026   1.6   1.5
   1 1988 212 24000.  25.0  30.0   3.118   1.7   7.5
   1 1988 213 23000.  21.3  29.2   2.990   2.0   1.5
   1 1988 214 23300.   9.5  31.5   3.043   2.2   4.7
   1 1988 215 24000.  18.7  32.7   3.169   1.5  54.8
   1 1988 216 22500.  19.0  32.5   3.026   1.6   0.0
   1 1988 217 23800.  18.4  38.7   3.261   1.9  21.0
   1 1988 218 22400.  18.4  28.6   3.132   1.5   9.0
   1 1988 219 21800.  20.4  31.5   2.901   1.8   0.0
   1 1988 220 24500.  19.7  32.0   3.145   2.0   0.0
   1 1988 221 24600.  21.8  32.2   3.136   1.8  22.5
   1 1988 222 21900.  20.4  28.7   2.695   1.2   0.2
   1 1988 223 22600.  20.6  30.0   2.923   1.4   0.0
   1 1988 224 22400.  24.3  32.4   3.184   1.9   0.0
   1 1988 225 24700.   9.5  32.7   3.233   2.1   0.0
   1 1988 226 28600.  18.8  32.4   3.207   2.2  29.0
   1 1988 227 23100.  19.2  31.2   3.184   1.6   0.5
   1 1988 228 24200.  25.6  32.1   3.141   0.9  25.5
   1 1988 229 23000.  24.5  30.8   3.137   1.7   4.9
   1 1988 230 23600.  12.1  31.1   3.058   2.3  31.0
   1 1988 231 23200.  19.8  31.4   3.072   1.4  16.2
   1 1988 232 24000.  17.6  30.2   3.072   1.9  35.5
   1 1988 233 20300.  15.4  31.0   2.812   1.6   4.8
   1 1988 234 22800.  21.7  27.2   2.967   1.8   4.7
   1 1988 235 23300.  19.0  30.7   3.018   1.6   7.7
   1 1988 236 23000.  18.3  30.5   2.954   2.1   0.2
   1 1988 237 23800.  23.2  31.4   3.141   2.4   1.8
   1 1988 238 23800.  19.1  31.5   2.893   1.3   0.0
   1 1988 239 23500.  15.2  33.2   3.128   1.5  38.0
   1 1988 240 20700.  18.0  27.3   2.816   1.2  28.2
   1 1988 241 22200.  15.8  29.0   2.910   1.5  33.3
   1 1988 242 23400.  22.5  31.8   3.123   1.3  25.1
   1 1988 243 22300.  17.4  33.0   2.950   1.4   7.0
   1 1988 244 22200.  19.2  30.2   2.875   1.6   4.5
   1 1988 245 23000.  19.3  32.1   3.130   1.5   2.5
   1 1988 246 22300.  12.1  31.6   2.910   1.5   7.8
   1 1988 247 23500.  18.4  31.7   3.230   1.5   0.0
   1 1988 248 23800.  20.8  32.5   3.320   1.5   0.0
   1 1988 249 22300.  11.0  29.5   2.780   1.5   0.0
   1 1988 250 23300.  17.9  32.7   3.190   1.5   7.8
   1 1988 251 23500.  21.3  32.7   3.000   1.5   0.7
   1 1988 252 22700.  19.1  31.4   2.900   1.5  26.0
   1 1988 253 21300.  21.0  31.6   3.080   1.5   0.0
   1 1988 254 24200.  23.6  32.1   3.170   1.5   0.0
   1 1988 255 24200.  12.0  31.8   3.150   1.5   0.0
   1 1988 256 23400.  15.9  30.7   3.210   1.5   4.7
   1 1988 257 22600.  22.9  32.4   3.170   1.5  33.0
   1 1988 258 20100.  17.4  31.2   2.730   1.5   1.0
   1 1988 259 24000.  17.8  32.3   2.710   1.5  14.0
   1 1988 260 21900.  17.6  30.8   3.000   1.5   0.9
   1 1988 261 22800.  17.9  31.3   3.320   1.5  16.9
   1 1988 262 23000.  20.3  31.8   3.190   1.5  13.6
   1 1988 263 23300.  21.2  32.7   3.210   1.5   0.6
   1 1988 264 23300.  22.0  31.5   3.170   1.5   0.0
   1 1988 265 24100.  18.9  33.0   3.280   1.5  24.0
   1 1988 266 21300.  18.7  32.0   2.840   1.5   0.0
   1 1988 267 25200.  18.3  34.9   3.480   1.5   6.5
   1 1988 268 21000.  20.0  33.5   2.780   1.5   0.0
   1 1988 269 24500.  20.6  33.5   3.280   1.5   0.0
   1 1988 270 23000.  15.2  33.7   2.950   1.5   0.0
   1 1988 271 23700.  22.6  33.0   3.130   1.5   0.0
   1 1988 272 22500.  20.0  33.3   3.130   1.5  20.6
   1 1988 273 19600.  19.2  32.5   2.650   1.5   3.5
   1 1988 274 22200.  21.0  32.3   2.910   1.5   0.0
   1 1988 275 22500.  21.7  32.7   3.090   1.5   0.0
   1 1988 276 21100.  21.4  31.8   2.910   1.5  17.0
   1 1988 277 21200.  18.2  32.4   2.650   1.5   1.2
   1 1988 278 19100.  18.7  32.3   2.910   1.5   0.0
   1 1988 279 22200.  18.5  34.1   3.090   1.5   0.0
   1 1988 280 24400.  19.4  36.3   3.340   1.5   0.0
   1 1988 281 25400.  20.8  36.2   3.440   1.5   0.3
   1 1988 282 21800.  18.8  34.8   3.230   1.5   0.0
   1 1988 283 23400.  16.8  36.4   3.190   1.5   0.0
   1 1988 284 23700.  17.8  36.6   3.190   1.5   0.0
   1 1988 285 23600.  21.4  36.5   3.190   1.5   0.0
   1 1988 286 24200.  19.6  35.7   3.420   1.5   0.0
   1 1988 287 23600.  20.7  33.2   3.440   1.5   0.0
   1 1988 288 21900.  21.0  34.9   2.900   1.5   0.0
   1 1988 289 21200.  21.0  35.7   2.580   1.5   0.0
   1 1988 290 19300.  20.5  34.8   2.570   1.5   0.0
   1 1988 291 20600.  17.5  34.7   2.460   1.5   0.0
   1 1988 292 19500.  17.2  34.2   2.340   1.5   0.0
   1 1988 293 18700.  20.5  37.5   2.430   1.5   0.0
   1 1988 294 18200.  21.5  37.3   2.430   1.5   0.0
   1 1988 295 22400.  13.9  36.2   3.020   1.5   0.0
   1 1988 296 23600.   8.4  38.8   3.150   1.5   0.0
   1 1988 297 22100.   8.4  36.4   2.970   1.5   0.0
   1 1988 298 23800.  12.3  36.7   3.400   1.5   0.0
   1 1988 299 22800.   8.4  37.1   3.150   1.5   0.0
   1 1988 300 20800.  17.5  37.3   3.110   1.5   0.0
   1 1988 301 20300.  19.7  36.3   2.510   1.5   0.0
   1 1988 302 21000.  15.9  34.3   3.060   1.5   0.0
   1 1988 303 21500.  18.5  36.7   2.450   1.5   0.0
   1 1988 304 22300.  20.4  36.5   2.900   1.5   0.0
   1 1988 305 22000.  17.7  38.3   3.130   1.5   0.0
   1 1988 306     0.  17.7   0.0   0.000   1.5   0.0
   1 1988 307     0.  17.6   0.0   0.000   1.5   0.0
   1 1988 308     0.  17.6   0.0   0.000   1.5   0.0
   1 1988 309     0.  17.6   0.0   0.000   1.5   0.0
   1 1988 310     0.  17.5   0.0   0.000   1.5   0.0
   1 1988 311     0.  17.5   0.0   0.000   1.5   0.0
   1 1988 312     0.  17.4   0.0   0.000   1.5   0.0
   1 1988 313     0.  17.4   0.0   0.000   1.5   0.0
   1 1988 314     0.  17.3   0.0   0.000   1.5   0.0
   1 1988 315     0.  18.2   0.0   0.000   1.5   0.0
   1 1988 316     0.  19.2   0.0   0.000   1.5   0.0
   1 1988 317     0.  17.9   0.0   0.000   1.5   0.0
   1 1988 318     0.  19.6   0.0   0.000   1.5   0.0
   1 1988 319     0.  19.1   0.0   0.000   1.5   0.0
   1 1988 320     0.  19.0   0.0   0.000   1.5   0.0
   1 1988 321     0.  19.8   0.0   0.000   1.5   0.0
   1 1988 322     0.  16.1   0.0   0.000   1.5   0.0
   1 1988 323     0.  16.9   0.0   0.000   1.5   0.0
   1 1988 324     0.  17.7   0.0   0.000   1.5   0.0
   1 1988 325     0.  18.0   0.0   0.000   1.5   0.0
   1 1988 326     0.  18.9   0.0   0.000   1.5   0.0
   1 1988 327     0.  18.2   0.0   0.000   1.5   0.0
   1 1988 328     0.  14.6   0.0   0.000   1.5   0.0
   1 1988 329     0.  19.3   0.0   0.000   1.5   0.0
   1 1988 330     0.  17.5   0.0   0.000   1.5   0.0
   1 1988 331     0.  14.5   0.0   0.000   1.5   0.0
   1 1988 332     0.  12.3   0.0   0.000   1.5   0.0
   1 1988 333     0.  19.4   0.0   0.000   1.5   0.0
   1 1988 334     0.  18.1   0.0   0.000   1.5   0.0
   1 1988 335     0.  17.1   0.0   0.000   1.5   0.0
   1 1988 336     0.  19.0   0.0   0.000   1.5   0.0
   1 1988 337     0.  19.3   0.0   0.000   1.5   0.0
   1 1988 338     0.  18.3   0.0   0.000   1.5   0.0
   1 1988 339     0.  18.3   0.0   0.000   1.5   0.0
   1 1988 340     0.  18.2   0.0   0.000   1.5   0.0
   1 1988 341     0.  16.5   0.0   0.000   1.5   0.0
   1 1988 342     0.  17.8   0.0   0.000   1.5   0.0
   1 1988 343     0.  19.1   0.0   0.000   1.5   0.0
   1 1988 344     0.  17.5   0.0   0.000   1.5   0.0
   1 1988 345     0.  18.4   0.0   0.000   1.5   0.0
   1 1988 346     0.  18.5   0.0   0.000   1.5   0.0
   1 1988 347     0.  15.8   0.0   0.000   1.5   0.0
   1 1988 348     0.  10.1   0.0   0.000   1.5   0.0
   1 1988 349     0.  14.9   0.0   0.000   1.5   0.0
   1 1988 350     0.  19.5   0.0   0.000   1.5   0.0
   1 1988 351     0.  19.0   0.0   0.000   1.5   0.0
   1 1988 352     0.  18.8   0.0   0.000   1.5   0.0
   1 1988 353     0.  14.9   0.0   0.000   1.5   0.0
   1 1988 354     0.  16.7   0.0   0.000   1.5   0.0
   1 1988 355     0.  16.4   0.0   0.000   1.5   0.0
   1 1988 356     0.  18.1   0.0   0.000   1.5   0.0
   1 1988 357     0.  18.1   0.0   0.000   1.5   0.0
   1 1988 358     0.  18.9   0.0   0.000   1.5   0.0
   1 1988 359     0.  18.0   0.0   0.000   1.5   0.0
   1 1988 360     0.   9.8   0.0   0.000   1.5   0.0
   1 1988 361     0.  15.8   0.0   0.000   1.5   0.0
   1 1988 362     0.  15.9   0.0   0.000   1.5   0.0
   1 1988 363     0.  18.7   0.0   0.000   1.5   0.0
   1 1988 364     0.  18.8   0.0   0.000   1.5   0.0
   1 1988 365     0.  17.8   0.0   0.000   1.5   0.0
