*---------------------------------------------------------------------------*
* Station name: Lelystad, Netherlands, actual data
* Year: 1996
* Author: Joost Wolf and Janette Bessembinder            -99.000: NIL VALUE
* Comments: vapour pressure calculated from minimum temperature and 
* relative humidity
* Longitude: 5 38 E, latitude: 52 34 N, altitude: -4 m.
*
* Column  Daily value
* 1       station number
* 2       year
* 3       day
* 4       irradiation                   (kJ m-2 d-1)
* 5       minimum temperature           (degrees Celsius)
* 6       maximum temperature           (degrees Celsius)
* 7       early morning vapour pressure (kPa)
* 8       mean wind speed (height: 2 m) (m s-1)
* 9       precipitation                 (mm d-1)
*
** WCCDESCRIPTION=Netherlands, Lelystad
** WCCFORMAT=2
** WCCYEARNR=1996
*---------------------------------------------------------------------------*
   5.63  52.57    -4.  -0.18 -0.55
    5 1996    1   480.0    -4.3    -2.2    0.44     5.7     0.0
    5 1996    2  2000.0    -4.6    -1.6    0.41     4.1     0.0
    5 1996    3  3540.0    -6.6    -1.4    0.35     2.6     0.0
    5 1996    4  2130.0    -6.2     0.4    0.36     4.1     0.0
    5 1996    5  3700.0    -5.7     0.0    0.35     4.6     0.0
    5 1996    6  3480.0    -6.2    -2.4    0.34     5.1     0.0
    5 1996    7   800.0    -2.4     5.8    0.50     4.1     4.4
    5 1996    8  1920.0     1.7     7.5    0.68     4.6     0.0
    5 1996    9   680.0     3.3     6.2    0.74     5.1     1.8
    5 1996   10   730.0     2.4     6.1    0.72     2.1     0.1
    5 1996   11  1520.0     3.0     8.8    0.72     4.6     0.1
    5 1996   12  2810.0     6.6    10.2    0.92     4.6     0.0
    5 1996   13  2780.0     4.9    10.2    0.83     5.1     0.0
    5 1996   14  3130.0     0.9     9.2    0.64     3.6     0.0
    5 1996   15  3590.0    -0.2     6.6    0.59     3.1     0.0
    5 1996   16  1640.0    -0.5     2.5    0.59     2.1     0.0
    5 1996   17  1400.0    -0.9     2.0    0.57     2.6     0.0
    5 1996   18  1230.0    -1.2     0.1    0.56     3.1     0.0
    5 1996   19  1270.0    -2.0    -0.7    0.51     4.1     0.0
    5 1996   20  1410.0    -2.7    -0.4    0.46     7.2     0.0
    5 1996   21  1870.0    -3.2    -0.7    0.42     7.2     0.0
    5 1996   22  4020.0    -5.6    -0.3    0.36     7.2     0.0
    5 1996   23  3330.0    -6.7    -2.6    0.33     8.7     0.0
    5 1996   24  3180.0    -7.5    -3.3    0.30     9.3     0.0
    5 1996   25  4540.0   -10.8    -5.7    0.21     9.8     0.0
    5 1996   26  1570.0   -10.4    -8.1    0.24     9.3     1.1
    5 1996   27  1950.0    -8.4    -4.6    0.29     7.2     0.2
    5 1996   28  5730.0   -10.1    -2.6    0.25     7.7     0.0
    5 1996   29  4540.0    -7.3    -1.4    0.32     7.2     0.0
    5 1996   30  5760.0    -7.5     1.0    0.31     5.7     0.0
    5 1996   31  7090.0    -8.7     2.3    0.29     4.6     0.0
    5 1996   32  6600.0    -9.7     4.4    0.26     3.1     0.0
    5 1996   33  1990.0   -10.2     1.0    0.26     2.1     0.0
    5 1996   34  3020.0    -1.9     0.2    0.50     3.6     0.0
    5 1996   35  5350.0    -4.7     2.0    0.40     2.6     0.6
    5 1996   36  5220.0    -3.8     2.8    0.43     3.1     0.3
    5 1996   37  7220.0    -8.0    -1.9    0.30     6.7     0.0
    5 1996   38  2630.0    -9.8    -3.7    0.24     5.7     0.0
    5 1996   39  5140.0   -14.0    -5.6    0.18     3.1     0.0
    5 1996   40  3860.0   -15.8     0.4    0.16     3.6     0.0
    5 1996   41  2040.0    -0.5     4.7    0.56     6.2     0.2
    5 1996   42  1070.0     2.7     4.9    0.73     6.2     4.9
    5 1996   43   870.0     0.9     4.7    0.64     5.7    10.8
    5 1996   44  1030.0     0.3     1.4    0.61     6.7     0.0
    5 1996   45  1320.0    -1.9     0.3    0.50     4.6     0.0
    5 1996   46  3080.0    -2.8     3.8    0.47     4.1     0.8
    5 1996   47  2040.0     3.6     7.5    0.76     6.2     2.7
    5 1996   48  4210.0     1.5     6.0    0.63     8.2     0.2
    5 1996   49  2750.0     2.1     6.7    0.68     6.2    12.1
    5 1996   50  3470.0    -2.4     2.8    0.50     6.2     4.1
    5 1996   51  3790.0    -4.9    -1.9    0.38     9.3     0.1
    5 1996   52 10160.0    -7.2    -1.9    0.31     4.6     0.0
    5 1996   53  8370.0    -6.8     2.5    0.33     2.1     0.0
    5 1996   54  8710.0    -3.2     1.9    0.45     5.1     0.0
    5 1996   55  4510.0    -0.8     5.0    0.55     7.7     0.8
    5 1996   56  3240.0     4.4     9.3    0.79     7.7     1.4
    5 1996   57  4560.0    -1.8     8.0    0.52     3.6     4.5
    5 1996   58  7360.0    -1.8     7.3    0.53     2.1     0.0
    5 1996   59  8070.0    -0.9     7.5    0.55     4.6     0.2
    5 1996   60  5860.0    -2.2     5.7    0.51     3.1     0.0
    5 1996   61  4850.0    -0.9     4.8    0.55     4.1     0.6
    5 1996   62  6120.0    -2.8     3.7    0.47     2.6     0.4
    5 1996   63  9840.0    -3.7     4.4    0.45     2.1     0.0
    5 1996   64  2540.0    -3.6     4.4    0.47     3.1     3.2
    5 1996   65  2090.0     0.9     3.7    0.64     3.6     0.1
    5 1996   66  5560.0     2.3     6.3    0.71     4.6     0.6
    5 1996   67  5140.0     0.5     5.2    0.59     7.7     0.0
    5 1996   68 12160.0    -1.5     7.7    0.48     6.7     0.0
    5 1996   69 12480.0    -1.2     7.5    0.47     6.2     0.0
    5 1996   70 13060.0    -3.4     7.9    0.39     5.7     0.0
    5 1996   71  8660.0    -4.4     2.3    0.37     5.7     0.0
    5 1996   72 12550.0    -7.0     1.5    0.30     5.1     0.0
    5 1996   73 12840.0    -5.7     2.0    0.34     6.2     0.0
    5 1996   74 12510.0    -5.0     5.4    0.36     7.2     0.0
    5 1996   75 11780.0    -1.0     8.4    0.48     6.7     0.0
    5 1996   76  5960.0    -0.4     8.8    0.53     6.7     0.0
    5 1996   77  3990.0     1.5     6.3    0.62     4.1     0.0
    5 1996   78  5950.0     1.8     5.4    0.65     4.1     0.0
    5 1996   79  2960.0     1.6     7.5    0.64     2.1     0.0
    5 1996   80 12000.0    -3.0    12.7    0.45     2.1     0.0
    5 1996   81  6400.0     1.2    13.6    0.63     3.1     3.7
    5 1996   82  5820.0     4.1    10.7    0.80     2.6     0.0
    5 1996   83  3790.0     3.0    11.1    0.75     3.1     0.5
    5 1996   84  4650.0     3.1     6.9    0.76     3.6     0.0
    5 1996   85 13720.0     2.8    11.0    0.69     5.7     0.0
    5 1996   86  2920.0    -0.1     4.3    0.56     6.2     0.0
    5 1996   87 17460.0    -2.9     6.5    0.41     4.1     0.0
    5 1996   88  6730.0    -2.5     7.0    0.45     5.1     1.9
    5 1996   89  9730.0     0.9     6.4    0.62     5.1     3.4
    5 1996   90 16270.0    -1.2     6.0    0.51     4.6     0.9
    5 1996   91 15740.0    -2.8     6.0    0.46     3.1     2.0
    5 1996   92 18860.0    -6.3     5.3    0.34     2.6     0.0
    5 1996   93 11640.0    -5.0     5.8    0.39     2.6     0.2
    5 1996   94 17370.0    -2.5     8.6    0.44     4.6     0.0
    5 1996   95 18780.0    -0.9    12.6    0.45     6.2     0.0
    5 1996   96 16180.0    -0.6    13.1    0.48     6.7     0.0
    5 1996   97  7510.0     4.0    11.9    0.71     3.6     0.0
    5 1996   98 14530.0     0.1    13.3    0.56     3.1     0.0
    5 1996   99  7740.0     0.3    10.2    0.57     2.6     0.0
    5 1996  100  7900.0     0.3    14.6    0.56     2.1     0.0
    5 1996  101  4210.0     7.7    12.6    1.01     2.6     2.1
    5 1996  102  2270.0     2.7    10.2    0.72     4.6     2.8
    5 1996  103 20990.0    -1.3     6.7    0.46     6.2     0.0
    5 1996  104 17780.0    -3.4    11.5    0.41     3.1     0.0
    5 1996  105 21560.0    -0.9    13.2    0.48     3.1     0.0
    5 1996  106 21360.0    -2.6    16.3    0.39     2.1     0.0
    5 1996  107 18470.0     2.9    19.0    0.55     3.6     0.0
    5 1996  108 18240.0     4.5    20.2    0.63     4.1     0.0
    5 1996  109 17100.0     3.4    17.4    0.68     4.6     0.0
    5 1996  110 15290.0     7.6    19.7    0.87     4.1     0.0
    5 1996  111 16900.0     5.4    24.9    0.70     3.6     0.0
    5 1996  112 22280.0     8.9    24.7    0.81     4.1     0.0
    5 1996  113 16520.0    11.1    24.3    0.98     3.6     0.0
    5 1996  114  9270.0     8.8    19.3    0.92     5.7     0.0
    5 1996  115 12930.0     5.7    14.9    0.80     3.6     1.0
    5 1996  116 18250.0     5.7    14.8    0.81     4.1     0.0
    5 1996  117 17280.0     6.0    16.7    0.85     4.1     0.0
    5 1996  118 20980.0     3.4    19.5    0.69     2.1     0.0
    5 1996  119 22900.0     6.2    15.1    0.82     4.1     0.0
    5 1996  120 12840.0     4.2    10.9    0.73     2.1     0.2
    5 1996  121 17030.0    -0.5    14.3    0.50     2.6     0.0
    5 1996  122 11750.0     4.8    18.5    0.75     3.1     0.5
    5 1996  123  5220.0     7.5    12.8    1.00     2.6     7.7
    5 1996  124  3490.0     7.4     9.6    0.99     2.6     2.8
    5 1996  125 13120.0     4.9     9.9    0.74     5.7     0.0
    5 1996  126 15890.0     0.8    10.5    0.55     3.6     0.0
    5 1996  127 24970.0    -1.6    13.7    0.46     3.1     0.0
    5 1996  128 25770.0     3.4    15.6    0.66     6.7     0.0
    5 1996  129 20820.0     3.3    15.2    0.63     6.2     0.0
    5 1996  130 23630.0     4.9    12.9    0.75     6.7     0.2
    5 1996  131  6590.0     5.1     8.6    0.83     4.1     2.0
    5 1996  132  7140.0     6.2    10.9    0.89     3.1     0.0
    5 1996  133  7680.0     7.1    10.5    0.93     3.6     0.0
    5 1996  134  5560.0     7.8    10.0    0.99     3.6     0.0
    5 1996  135  9480.0     7.5    12.0    0.96     4.6     0.0
    5 1996  136 12990.0     2.9    11.9    0.67     4.6     0.2
    5 1996  137 18780.0    -0.9    12.6    0.50     4.6     1.1
    5 1996  138  6450.0     5.3    11.5    0.85     4.1     1.7
    5 1996  139  5880.0     5.9    12.7    0.90     3.6     0.4
    5 1996  140 15730.0     7.4    16.8    0.93     4.1     0.3
    5 1996  141 23710.0     3.3    15.2    0.65     3.6     0.0
    5 1996  142 21640.0     1.9    17.3    0.61     2.6     0.0
    5 1996  143 12220.0     4.0    16.1    0.75     4.6     1.4
    5 1996  144 10470.0     9.9    15.8    1.15     5.7     3.7
    5 1996  145 10610.0    12.2    18.3    1.33     6.2     3.5
    5 1996  146  8360.0    10.3    14.9    1.17     3.6     2.6
    5 1996  147 16700.0     8.4    17.3    1.00     5.1     1.4
    5 1996  148  4900.0     7.7    13.1    1.00     6.2     7.0
    5 1996  149 24060.0     7.1    14.5    0.86     5.1     0.0
    5 1996  150 14430.0    11.3    19.7    1.20     5.1     0.2
    5 1996  151 23070.0    11.9    25.0    1.20     3.6     0.0
    5 1996  152 25680.0    10.5    19.9    1.06     5.1     0.0
    5 1996  153 22350.0     6.1    17.6    0.80     4.1     0.0
    5 1996  154 20620.0     5.1    18.4    0.75     2.1     0.0
    5 1996  155 24330.0     9.6    20.3    1.02     2.1     0.0
    5 1996  156 20810.0     9.8    19.7    1.07     3.1     0.0
    5 1996  157 26830.0     9.1    27.9    0.95     3.1     0.0
    5 1996  158 27000.0    11.9    29.3    1.17     2.1     0.0
    5 1996  159 25610.0    14.7    32.7    1.39     3.1     0.0
    5 1996  160 17460.0    16.6    27.9    1.70     4.1     2.4
    5 1996  161  5910.0     9.0    17.2    1.11     2.6     0.2
    5 1996  162 24660.0     8.7    26.4    0.98     2.6     0.0
    5 1996  163 27150.0    16.4    24.9    1.65     3.1     7.9
    5 1996  164 24860.0     8.7    18.0    0.97     5.1     0.0
    5 1996  165 26690.0     8.2    18.6    0.93     4.1     0.0
    5 1996  166 11840.0     6.5    15.6    0.87     2.6     0.0
    5 1996  167 27580.0     3.6    18.9    0.70     3.1     0.0
    5 1996  168 27930.0     4.9    19.4    0.79     2.6     0.0
    5 1996  169 28550.0     5.7    23.8    0.77     2.6     0.0
    5 1996  170 21830.0     9.7    19.3    1.05     4.6     0.0
    5 1996  171  7520.0     9.8    14.0    1.08     5.7     0.2
    5 1996  172 15200.0     9.4    15.0    1.00     4.6     0.0
    5 1996  173 12920.0     8.9    14.0    0.99     5.7     0.0
    5 1996  174 10980.0    10.2    14.3    1.16     5.7     1.0
    5 1996  175  6750.0    10.3    13.2    1.16     4.6     1.6
    5 1996  176  9550.0    10.4    15.2    1.17     4.1     1.5
    5 1996  177  5450.0     9.4    14.3    1.12     1.5     0.8
    5 1996  178 17450.0     9.4    21.5    1.07     1.5     0.0
    5 1996  179 12490.0     8.6    17.2    1.05     3.1     0.2
    5 1996  180 12140.0     9.7    20.7    1.09     3.6     1.3
    5 1996  181  8190.0    11.7    14.8    1.30     5.7    15.1
    5 1996  182  8740.0    12.5    16.4    1.35     4.6     2.1
    5 1996  183 14820.0    10.7    17.9    1.18     4.2     1.7
    5 1996  184 16420.0    10.3    16.8    1.16     4.2     6.8
    5 1996  185 13240.0    10.9    19.1    1.18     5.4     0.5
    5 1996  186 16550.0    12.8    19.1    1.32     6.5     5.2
    5 1996  187 12490.0    11.2    17.9    1.22     3.7     0.0
    5 1996  188  8290.0     7.9    15.0    1.02     2.1     7.6
    5 1996  189 22690.0     5.7    18.6    0.84     2.6     0.0
    5 1996  190 14030.0     5.9    16.3    0.84     5.7     0.1
    5 1996  191 14790.0    10.7    17.2    1.18     4.1     3.2
    5 1996  192 17040.0    11.5    18.0    1.27     4.3     1.8
    5 1996  193 22850.0     9.7    22.5    1.12     3.2     0.0
    5 1996  194 20090.0    12.3    21.2    1.34     2.2     0.0
    5 1996  195 11190.0    12.9    21.4    1.40     4.4     0.0
    5 1996  196  6400.0    12.1    20.0    1.37     2.8     0.2
    5 1996  197 26010.0     9.5    19.4    1.06     3.5     0.0
    5 1996  198 20430.0    10.3    18.1    1.11     4.2     0.0
    5 1996  199 25310.0     8.6    19.5    0.99     3.8     0.0
    5 1996  200  8970.0     9.4    15.7    1.06     3.5     0.0
    5 1996  201 24340.0     5.8    21.8    0.84     1.6     0.0
    5 1996  202 26990.0     7.4    24.5    0.87     2.5     0.0
    5 1996  203 25630.0     8.4    26.7    0.92     2.3     0.0
    5 1996  204 24170.0    11.1    29.1    1.05     2.5     0.0
    5 1996  205 15730.0    14.8    27.5    1.48     3.7    22.2
    5 1996  206  8470.0    14.3    19.3    1.57     5.4    12.4
    5 1996  207  8180.0    13.7    18.2    1.49     5.8     0.1
    5 1996  208 22160.0    11.1    23.3    1.21     2.1     0.0
    5 1996  209  7800.0     7.9    19.1    1.02     2.5     0.4
    5 1996  210 19910.0     6.0    20.4    0.85     1.6     0.0
    5 1996  211 15520.0    11.7    22.4    1.25     2.9     0.0
    5 1996  212 16390.0    10.3    21.6    1.18     2.7     0.0
    5 1996  213  7010.0    14.6    19.4    1.58     3.5     0.3
    5 1996  214 12460.0    11.1    20.8    1.22     3.7     0.0
    5 1996  215 24060.0     8.2    20.5    0.98     3.3     0.0
    5 1996  216 20870.0     7.1    20.9    0.91     1.8     0.0
    5 1996  217 25620.0     7.4    23.0    0.91     3.0     0.0
    5 1996  218 25740.0    10.0    24.4    1.02     4.6     0.0
    5 1996  219 10870.0    13.2    21.3    1.36     4.6     3.3
    5 1996  220  7360.0    11.6    17.7    1.30     4.2     0.0
    5 1996  221 19790.0    12.3    22.9    1.26     2.9     0.0
    5 1996  222 18240.0    11.3    28.0    1.15     2.6     0.0
    5 1996  223 10310.0    16.0    25.7    1.58     2.9     0.0
    5 1996  224 11820.0    13.3    23.6    1.46     2.0    20.8
    5 1996  225 11220.0    12.3    22.9    1.39     2.5     8.5
    5 1996  226 10890.0    16.3    22.8    1.75     4.4     0.0
    5 1996  227 11500.0    16.1    22.5    1.72     4.3     0.0
    5 1996  228 12990.0    14.1    21.9    1.49     4.2     0.0
    5 1996  229  5680.0    11.1    19.2    1.23     1.6     0.0
    5 1996  230 16980.0     9.1    23.4    1.06     1.8     0.0
    5 1996  231 19670.0     9.5    26.8    1.09     2.0     0.0
    5 1996  232 21600.0    11.9    29.4    1.18     3.7     0.0
    5 1996  233 21260.0    14.1    30.2    1.33     3.6     0.0
    5 1996  234  8640.0    14.8    23.8    1.61     2.3     1.1
    5 1996  235 18520.0    11.5    25.0    1.24     1.9     0.0
    5 1996  236 13780.0    11.7    25.9    1.25     4.4     2.3
    5 1996  237 16050.0    12.6    22.2    1.36     5.4     4.7
    5 1996  238 14170.0    11.7    20.6    1.28     5.5     2.4
    5 1996  239 18400.0    10.7    21.4    1.18     2.9     0.0
    5 1996  240 14130.0     8.4    22.7    1.02     2.1     2.4
    5 1996  241  4170.0    12.0    18.0    1.37     2.8    16.9
    5 1996  242  3930.0    13.3    16.4    1.49     3.2     4.5
    5 1996  243 10460.0    13.7    19.6    1.47     6.2     4.0
    5 1996  244 12130.0    10.9    17.7    1.17     5.6     0.8
    5 1996  245 10850.0     7.8    17.8    0.99     2.4     2.8
    5 1996  246 16510.0     6.3    19.8    0.87     1.4     0.0
    5 1996  247 18430.0     7.9    20.8    0.96     2.6     0.0
    5 1996  248  9430.0     9.6    18.9    1.09     3.2     0.0
    5 1996  249 17820.0    10.2    20.9    1.12     3.6     0.0
    5 1996  250 16710.0     6.8    19.2    0.90     3.3     0.0
    5 1996  251 17090.0     4.5    18.3    0.74     2.2     0.0
    5 1996  252 12660.0     5.3    18.3    0.80     1.8     0.0
    5 1996  253 14990.0     7.6    19.9    0.97     2.5     0.4
    5 1996  254  7220.0    10.6    17.0    1.17     4.5     2.3
    5 1996  255  7330.0    11.1    15.8    1.20     3.6     4.6
    5 1996  256 12170.0     8.9    16.4    1.02     7.2     8.9
    5 1996  257 10830.0     8.9    16.1    1.03     7.3     4.1
    5 1996  258  9450.0    11.4    16.8    1.24     4.5     0.0
    5 1996  259  8980.0     6.1    17.5    0.89     2.0     0.0
    5 1996  260 10640.0     6.7    17.8    0.91     1.5     0.0
    5 1996  261 16360.0     5.1    17.2    0.78     4.0     0.0
    5 1996  262 11370.0     8.9    15.7    1.00     6.8     0.0
    5 1996  263  7360.0     6.7    11.6    0.90     7.6     0.0
    5 1996  264 11540.0     6.6    16.3    0.87     7.0     0.0
    5 1996  265 12330.0     6.2    15.0    0.83     6.1     0.0
    5 1996  266  1780.0     8.9    10.3    1.09     4.5     6.0
    5 1996  267  6560.0     7.8    14.3    1.00     2.5     0.3
    5 1996  268  6270.0     5.6    14.3    0.86     1.5     0.0
    5 1996  269 11170.0     2.4    17.8    0.69     1.4     0.2
    5 1996  270 10900.0     6.1    19.1    0.87     3.7     0.8
    5 1996  271  8060.0    10.6    17.0    1.23     5.0    12.3
    5 1996  272  5840.0     9.5    16.2    1.14     4.5     0.6
    5 1996  273  1670.0    12.1    17.5    1.36     8.8     7.9
    5 1996  274  6250.0     9.9    18.1    1.15     3.6     5.2
    5 1996  275  4040.0     6.2    14.0    0.92     1.7     4.1
    5 1996  276 11890.0     4.0    15.6    0.76     1.7     0.0
    5 1996  277  8930.0     4.7    16.8    0.79     5.7     0.0
    5 1996  278 10080.0     8.2    15.5    0.98     5.0     2.4
    5 1996  279  8640.0     5.2    14.8    0.84     2.9     6.9
    5 1996  280  7550.0     3.0    14.9    0.72     1.8     0.0
    5 1996  281 11400.0     4.3    16.5    0.77     2.3     0.0
    5 1996  282  4580.0     3.8    15.6    0.77     1.1     0.0
    5 1996  283  1840.0    10.9    14.1    1.30     1.8     2.6
    5 1996  284  5320.0     8.8    14.6    1.08     2.0     0.0
    5 1996  285  6230.0     7.4    14.1    0.99     2.3     0.0
    5 1996  286  2610.0     5.5    12.5    0.88     3.1     0.0
    5 1996  287  9490.0     4.7    18.7    0.81     2.9     0.0
    5 1996  288  9100.0    10.6    19.9    1.14     3.2     0.0
    5 1996  289  3720.0     8.3    16.4    1.04     2.9     0.0
    5 1996  290  5590.0     4.7    13.9    0.82     1.6     0.0
    5 1996  291  8440.0     3.6    15.1    0.75     2.0     0.0
    5 1996  292  7420.0     3.3    13.8    0.73     4.9     1.8
    5 1996  293  8750.0     7.8    14.8    1.00     5.0     0.5
    5 1996  294  1700.0     8.3    14.6    1.08     4.3    11.7
    5 1996  295  3830.0     6.6    15.2    0.93     4.9     5.0
    5 1996  296  7240.0     3.6    15.3    0.76     1.9     0.0
    5 1996  297  7840.0     5.0    14.9    0.82     3.2     0.0
    5 1996  298  8360.0     3.3    15.3    0.70     4.1     0.0
    5 1996  299  5070.0     6.5    14.1    0.91     3.6     0.0
    5 1996  300  5590.0     7.5    14.3    0.98     5.0     0.4
    5 1996  301   800.0     6.9    15.4    0.96     7.7    15.5
    5 1996  302  2170.0    11.7    15.3    1.28     8.4     1.1
    5 1996  303  4620.0     8.9    13.1    1.05    10.3     7.0
    5 1996  304  3580.0     8.3    11.5    1.00     4.7     0.0
    5 1996  305  1920.0     7.9    11.6    1.02     7.1     8.1
    5 1996  306  2840.0     8.0    13.3    1.02     5.0     0.6
    5 1996  307   530.0     9.9    15.2    1.17     8.0     1.6
    5 1996  308   480.0    13.6    14.9    1.51     8.4     1.3
    5 1996  309   780.0    11.1    14.2    1.27     9.1     4.5
    5 1996  310  2830.0     7.5    12.1    0.97     7.3     4.2
    5 1996  311  3630.0     7.9    13.6    0.95    10.8     4.4
    5 1996  312  1450.0     6.4    11.4    0.92     3.5    13.5
    5 1996  313  5240.0     2.6    10.3    0.69     3.5     0.2
    5 1996  314  3960.0     3.5    11.3    0.74     4.9     0.8
    5 1996  315   710.0     3.9     7.9    0.79     4.9     9.3
    5 1996  316  2090.0     3.8     9.7    0.78     4.5     6.3
    5 1996  317  2610.0     4.8    10.4    0.84     3.4     2.0
    5 1996  318  3280.0     3.3     9.2    0.70     4.8     1.0
    5 1996  319  4360.0    -0.2     8.2    0.58     1.8     0.0
    5 1996  320  6310.0    -1.6     4.8    0.52     2.6     0.0
    5 1996  321  4000.0    -0.1     6.4    0.58     1.7     0.0
    5 1996  322  1120.0    -0.2     3.5    0.59     4.6     0.0
    5 1996  323   840.0     2.5     6.3    0.71     2.9     4.6
    5 1996  324  3110.0     0.7     6.1    0.62     4.9     4.9
    5 1996  325  1150.0     2.5     6.8    0.70     5.1     9.7
    5 1996  326  2620.0     2.9     7.0    0.71     4.1     5.1
    5 1996  327  2700.0     0.5     6.5    0.60     6.2    18.1
    5 1996  328  2480.0     0.3     4.4    0.61     4.3     5.4
    5 1996  329  1690.0    -0.7     3.4    0.57     5.3     0.1
    5 1996  330   540.0     1.1     5.7    0.66     6.0    10.9
    5 1996  331   580.0     1.5     6.0    0.65     3.8     0.0
    5 1996  332  2950.0     0.8     3.3    0.62     2.5     0.0
    5 1996  333  2970.0    -1.6     5.1    0.52     2.6     0.0
    5 1996  334   910.0    -1.7     5.8    0.53     5.4     9.1
    5 1996  335  1960.0     2.6     6.3    0.70     4.2     5.9
    5 1996  336  1350.0     1.7     8.5    0.65     5.6     0.9
    5 1996  337   970.0     5.4     7.8    0.82     6.5     3.0
    5 1996  338   510.0     2.9     8.8    0.73     8.1     5.1
    5 1996  339  3150.0     2.8     8.7    0.70     6.8     0.2
    5 1996  340  1640.0     3.3     7.4    0.75     2.1     0.0
    5 1996  341  1900.0     2.8     7.0    0.74     1.6     0.2
    5 1996  342  1080.0     3.5     6.1    0.78     2.8     0.4
    5 1996  343   940.0     0.3     3.6    0.62     2.3     0.0
    5 1996  344   340.0    -0.4     0.7    0.58     3.3     0.0
    5 1996  345   210.0    -0.9     0.0    0.56     2.9     0.0
    5 1996  346   290.0    -1.5    -0.4    0.54     2.3     0.0
    5 1996  347   340.0    -1.7     0.2    0.53     2.5     0.0
    5 1996  348  1340.0    -1.8     4.1    0.51     2.3     0.2
    5 1996  349  2710.0    -3.5     2.6    0.46     3.9     0.0
    5 1996  350  1550.0     0.3     8.7    0.60     5.0     0.0
    5 1996  351   930.0     0.0     6.5    0.61     2.5     0.0
    5 1996  352   610.0     2.1     4.0    0.71     1.3     0.0
    5 1996  353  1230.0     2.0     7.9    0.70     2.8     0.0
    5 1996  354   230.0     1.9     7.2    0.70     7.0    27.1
    5 1996  355  1020.0    -3.4     1.9    0.44     9.8     0.0
    5 1996  356  3550.0    -5.6    -2.4    0.36     7.9     0.0
    5 1996  357  3470.0    -6.0     0.5    0.32     5.3     0.0
    5 1996  358  3330.0    -4.9    -0.9    0.35     7.4     0.0
    5 1996  359  3890.0    -6.0    -1.7    0.36     5.0     0.0
    5 1996  360  1390.0    -6.1    -0.8    0.37     2.9     0.7
    5 1996  361  5450.0   -10.5    -2.7    0.27     2.2     0.0
    5 1996  362  1330.0    -8.8    -3.5    0.28     3.7     0.0
    5 1996  363  4450.0   -11.4    -6.5    0.23     3.7     0.0
    5 1996  364   820.0   -10.3     2.3    0.27     3.2     1.4
    5 1996  365  1330.0    -7.2     0.0    0.33     6.3     0.1
    5 1996  366  3250.0   -12.4    -7.2    0.21     7.0     0.0
