*---------------------------------------------------------------------------*
* Station name: Lelystad, Netherlands, actual data
* Year: 2002
* Author: Joost Wolf and Janette Bessembinder            -99.000: NIL VALUE
* Comments: vapour pressure calculated from minimum temperature and 
* relative humidity
* Longitude: 5 38 E, latitude: 52 34 N, altitude: -4 m.
*
* Column  Daily value
* 1       station number
* 2       year
* 3       day
* 4       irradiation                   (kJ m-2 d-1)
* 5       minimum temperature           (degrees Celsius)
* 6       maximum temperature           (degrees Celsius)
* 7       early morning vapour pressure (kPa)
* 8       mean wind speed (height: 2 m) (m s-1)
* 9       precipitation                 (mm d-1)
*
** WCCDESCRIPTION=Netherlands, Lelystad
** WCCFORMAT=2
** WCCYEARNR=2002
*---------------------------------------------------------------------------*
   5.63  52.57    -4.  -0.18 -0.55
    5 2002    1  4820.0    -3.5     2.0    0.46     5.5     0.0
    5 2002    2  1740.0    -3.4     0.4    0.47     3.8     0.0
    5 2002    3  3870.0    -5.9     0.1    0.36     4.5     0.0
    5 2002    4  4430.0   -10.0    -1.4    0.25     3.0     0.0
    5 2002    5  3590.0    -9.6     0.6    0.27     3.0     0.0
    5 2002    6   830.0    -2.3     3.0    0.51     2.5     0.0
    5 2002    7  1360.0     0.7     3.4    0.64     1.2     0.0
    5 2002    8   820.0    -1.1     2.2    0.55     2.0     0.0
    5 2002    9  4660.0    -3.5     1.9    0.46     1.3     0.0
    5 2002   10  2600.0    -4.0     1.6    0.44     2.1     0.0
    5 2002   11   690.0     0.0     3.3    0.60     4.1     2.2
    5 2002   12   380.0     1.8     3.7    0.68     4.1     0.7
    5 2002   13  4290.0     0.8     5.9    0.61     3.5     0.0
    5 2002   14  1080.0     0.7     3.3    0.63     4.0     0.0
    5 2002   15   400.0     2.5     4.0    0.72     4.3     5.8
    5 2002   16  3760.0     0.5     6.5    0.62     3.4     0.0
    5 2002   17  1060.0     3.9     6.5    0.79     6.1     2.8
    5 2002   18  4170.0     1.3     7.3    0.65     5.0     2.3
    5 2002   19  2660.0     4.4     8.7    0.79     7.1     1.2
    5 2002   20   550.0     3.4    10.6    0.75     9.5    11.9
    5 2002   21  1720.0     7.4    12.0    0.98     7.9     0.2
    5 2002   22  1630.0     5.6     9.5    0.85     8.1     3.0
    5 2002   23  1050.0     5.2     9.0    0.84     8.3     2.9
    5 2002   24   950.0     4.6    10.6    0.79    10.0     9.2
    5 2002   25  3330.0     1.6     9.2    0.64     5.8     2.2
    5 2002   26   990.0     8.9    11.6    1.07    13.0    13.6
    5 2002   27  3570.0     7.9    11.6    1.00     6.9     6.7
    5 2002   28  3710.0     9.7    12.8    1.08    13.8     3.4
    5 2002   29  4260.0     8.4    11.6    1.02     9.5     0.5
    5 2002   30  2500.0     8.3    11.8    1.03     6.4     0.0
    5 2002   31  4820.0     6.1    11.4    0.86     8.8     5.2
    5 2002   32  1970.0     7.5    12.8    0.95     9.6     0.1
    5 2002   33  6420.0     8.8    14.7    0.93     8.5     0.0
    5 2002   34  3940.0     5.5    14.0    0.75     6.0     0.0
    5 2002   35  1760.0     6.4    10.9    0.88    10.0    12.2
    5 2002   36  1360.0     8.2    12.5    1.03     7.8    12.7
    5 2002   37  2880.0     6.4     8.8    0.90     7.2     3.8
    5 2002   38  2950.0     3.3     7.5    0.73     6.9     1.1
    5 2002   39  4640.0     6.7    11.8    0.94     7.1     0.8
    5 2002   40  2050.0     6.9    12.2    0.91    10.3     5.0
    5 2002   41  3820.0     6.6     9.9    0.90     8.4     6.4
    5 2002   42   640.0     9.4    12.4    1.12    13.0    18.5
    5 2002   43  5570.0     9.3    12.6    1.06     9.9     0.9
    5 2002   44  4850.0     3.6     9.8    0.74     3.1     0.0
    5 2002   45  9190.0    -1.5     5.0    0.49     6.3     0.0
    5 2002   46  8960.0    -3.9     5.3    0.41     4.2     0.0
    5 2002   47  9900.0    -4.0     6.9    0.41     4.0     0.0
    5 2002   48 10110.0    -5.0     6.2    0.39     2.1     0.0
    5 2002   49  6210.0     1.7     8.0    0.65     5.6     1.2
    5 2002   50  5820.0     2.9     8.3    0.70     8.1     8.6
    5 2002   51  7210.0     2.1     9.6    0.65     8.6    16.6
    5 2002   52  8940.0     1.1     5.9    0.55     6.5     0.0
    5 2002   53  3400.0     1.9    11.3    0.64    11.2    12.7
    5 2002   54  4550.0     0.4     6.7    0.55    10.4     4.1
    5 2002   55  7990.0     0.5     6.4    0.58     6.0     4.9
    5 2002   56  1840.0     2.7    10.3    0.73     5.3    10.6
    5 2002   57  6350.0     7.1    11.7    0.92    13.1    13.0
    5 2002   58  7850.0     3.7     9.0    0.69    10.5     6.3
    5 2002   59  5930.0     3.4     8.5    0.72     8.3     0.7
    5 2002   60 10500.0    -1.7     7.7    0.49     4.1     1.5
    5 2002   61 10900.0    -4.2     7.0    0.41     3.5     0.2
    5 2002   62  9810.0    -1.9     9.2    0.49     4.1     0.0
    5 2002   63  4870.0     6.0    10.3    0.87     3.5     0.0
    5 2002   64  6900.0     2.6    10.3    0.68     3.4     0.0
    5 2002   65  2420.0     4.8    10.5    0.81     9.1     1.5
    5 2002   66 10960.0     6.7    11.1    0.86     9.5     1.7
    5 2002   67 10160.0     1.4    12.4    0.60     5.3     0.0
    5 2002   68 12070.0     4.1    12.0    0.72     8.9     2.4
    5 2002   69 12630.0     2.0    11.3    0.60     8.0     0.0
    5 2002   70 11430.0     5.0    14.5    0.76     6.1     0.0
    5 2002   71  7820.0     4.2    14.2    0.75     2.4     0.4
    5 2002   72  1890.0    -0.4     7.8    0.56     4.3     3.4
    5 2002   73 11890.0    -1.7     8.0    0.48     7.0     0.0
    5 2002   74  5550.0     0.5     5.2    0.59     6.6     1.7
    5 2002   75 11540.0     4.3    15.0    0.75     3.3     0.0
    5 2002   76  6600.0     5.6    15.3    0.86     3.4     2.6
    5 2002   77  4230.0     6.2    12.8    0.90     6.8    12.0
    5 2002   78 12330.0     6.6    11.7    0.91     7.4     1.7
    5 2002   79  8430.0     7.8    11.4    1.01     4.5     8.8
    5 2002   80 11090.0     7.5    13.3    0.97     5.5     0.1
    5 2002   81 10960.0     5.2     8.8    0.80     4.5     3.0
    5 2002   82 12440.0     1.0    10.2    0.57     3.9     0.0
    5 2002   83  9250.0    -0.8     6.9    0.52     2.2     0.0
    5 2002   84 12880.0    -1.9     7.8    0.47     1.9     0.0
    5 2002   85 11230.0    -0.2     9.8    0.52     2.1     0.0
    5 2002   86 17270.0    -1.1     9.9    0.49     3.3     0.0
    5 2002   87 18350.0    -3.2    13.7    0.41     3.4     0.0
    5 2002   88 18340.0    -2.6    16.5    0.42     3.0     0.0
    5 2002   89 10180.0     1.5    16.0    0.58     2.7     0.0
    5 2002   90 12910.0     4.4    16.8    0.71     3.3     0.1
    5 2002   91 14170.0     5.9    17.2    0.81     3.0     0.0
    5 2002   92 17490.0     6.5    21.0    0.73     4.1     0.0
    5 2002   93 18810.0     9.1    19.3    0.86     6.4     0.0
    5 2002   94 18650.0     3.1    16.7    0.60     4.9     0.0
    5 2002   95 19780.0     1.4    14.2    0.52     7.2     0.0
    5 2002   96 20630.0    -1.5    10.8    0.44     6.5     0.0
    5 2002   97 19540.0    -1.6    12.6    0.48     3.4     0.0
    5 2002   98 20100.0    -0.8    13.8    0.48     4.0     0.0
    5 2002   99  8200.0     0.7     9.5    0.59     3.8     0.1
    5 2002  100 16760.0     1.1    12.3    0.54     6.2     0.0
    5 2002  101 13160.0     1.4    12.6    0.57     4.6     0.0
    5 2002  102 18060.0     0.9    12.6    0.59     5.0     0.0
    5 2002  103 14500.0     1.1    10.3    0.58     5.0     0.0
    5 2002  104  8730.0     1.8    10.2    0.65     3.5     7.0
    5 2002  105  1700.0     6.6     7.9    0.94     5.1    11.3
    5 2002  106  4820.0     7.2     9.8    0.98     2.7     2.7
    5 2002  107  6320.0     4.6    10.7    0.80     1.0     0.0
    5 2002  108  9570.0     1.8    12.7    0.66     2.2     0.6
    5 2002  109 19180.0     1.6    13.9    0.62     2.6     0.0
    5 2002  110  6280.0     5.1    12.0    0.82     2.3     0.2
    5 2002  111 21580.0     0.6    16.9    0.57     1.5     0.0
    5 2002  112 17470.0     6.1    20.1    0.79     3.7     0.0
    5 2002  113 19950.0     7.3    16.0    0.93     3.3     0.0
    5 2002  114 20200.0     6.5    18.6    0.88     2.4     0.0
    5 2002  115 13830.0     3.6    17.5    0.75     3.5     0.0
    5 2002  116  5070.0     3.8    12.2    0.77     6.3    16.5
    5 2002  117 15660.0     6.1    11.4    0.84     7.3     4.6
    5 2002  118  5360.0     6.8    13.1    0.93     7.8    12.0
    5 2002  119 12440.0     5.8    12.4    0.82     9.6     4.2
    5 2002  120  6210.0     7.2    13.2    0.92     7.1     3.1
    5 2002  121 16610.0     4.7    14.6    0.77     6.0     1.8
    5 2002  122 10540.0     7.3    15.1    0.95     4.2     3.0
    5 2002  123 19450.0     8.4    12.7    0.99     5.0     0.0
    5 2002  124  6010.0     7.6    11.0    0.94     6.4     0.0
    5 2002  125  3410.0     7.2    10.3    0.98     5.2    12.7
    5 2002  126 14000.0     4.5    14.3    0.79     3.7     0.0
    5 2002  127 24510.0     9.6    18.0    1.08     3.3     0.0
    5 2002  128 15390.0     8.4    17.6    1.06     5.8     0.0
    5 2002  129 17040.0    11.4    24.0    1.25     4.0     0.0
    5 2002  130  7610.0    11.6    16.5    1.32     2.9     1.8
    5 2002  131  5190.0    10.4    15.0    1.21     3.3     0.0
    5 2002  132 16080.0     7.2    15.9    0.92     2.6     0.0
    5 2002  133 25270.0     6.2    22.3    0.80     4.5     0.0
    5 2002  134 14210.0    10.3    18.5    1.12     8.4     8.4
    5 2002  135 19410.0     9.4    19.2    1.04     5.1     0.0
    5 2002  136 25900.0     8.2    21.5    0.97     2.9     0.0
    5 2002  137 27190.0     7.2    21.0    0.90     4.7     0.0
    5 2002  138  8300.0     9.1    19.5    1.06     4.6     0.6
    5 2002  139 16500.0     8.9    19.5    1.04     3.6     0.0
    5 2002  140 24870.0     9.3    22.9    1.00     3.6     0.0
    5 2002  141 23710.0    14.1    25.3    1.30     5.5     2.6
    5 2002  142  5010.0    14.1    18.8    1.50     4.0     3.9
    5 2002  143 20040.0     9.3    19.6    1.04     3.4     2.1
    5 2002  144 12420.0     8.7    17.0    1.03     6.5     1.2
    5 2002  145 15370.0     9.0    16.7    1.03     5.9     2.4
    5 2002  146 13150.0     8.5    17.5    0.99     5.6     1.8
    5 2002  147 21010.0     8.5    18.7    1.00     3.8     0.0
    5 2002  148 24200.0     7.3    20.7    0.86     3.6     0.0
    5 2002  149 15260.0     9.4    15.9    1.05     6.6     1.3
    5 2002  150 17970.0     8.6    18.4    0.98     4.8     0.0
    5 2002  151 25180.0     5.8    17.5    0.80     5.0     0.0
    5 2002  152 28380.0     3.3    18.2    0.67     2.9     0.0
    5 2002  153 27370.0     6.9    23.4    0.79     4.3     0.0
    5 2002  154 17800.0    12.5    25.9    1.22     3.8     4.6
    5 2002  155 24070.0    10.4    23.1    1.10     3.4     0.0
    5 2002  156 12740.0    15.7    24.8    1.59     3.9     1.0
    5 2002  157 12910.0    13.7    21.1    1.44     2.8     3.1
    5 2002  158  8900.0    13.3    18.2    1.45     3.3     0.5
    5 2002  159 19670.0    11.8    21.2    1.22     2.5     0.0
    5 2002  160 20170.0    11.0    22.7    1.17     3.2     5.2
    5 2002  161 13840.0    10.6    16.6    1.19     5.2     3.7
    5 2002  162 16240.0    10.1    16.9    1.12     4.6     3.3
    5 2002  163  9930.0    10.7    18.3    1.22     3.8     7.0
    5 2002  164  7700.0    11.4    16.6    1.27     4.3     3.0
    5 2002  165 12320.0    13.8    22.6    1.47     3.4     3.8
    5 2002  166 20530.0    14.6    20.4    1.49     5.4     0.0
    5 2002  167 11460.0    12.1    21.5    1.33     3.6     1.1
    5 2002  168 27890.0    14.9    30.2    1.47     2.7     0.0
    5 2002  169 21780.0    12.0    30.9    1.28     4.2     0.7
    5 2002  170 23760.0    12.0    23.7    1.25     3.2     0.0
    5 2002  171  5600.0    13.8    17.3    1.53     4.0    27.6
    5 2002  172 18840.0    11.5    20.5    1.21     3.2     0.0
    5 2002  173 14980.0    12.5    21.1    1.30     4.8     1.7
    5 2002  174 25090.0    12.3    19.4    1.26     4.1     0.0
    5 2002  175 29370.0     9.9    19.2    1.07     3.6     1.0
    5 2002  176 24080.0     9.9    21.3    1.07     3.3     0.0
    5 2002  177 21360.0     9.4    22.1    1.03     4.0     0.0
    5 2002  178 24440.0    12.8    17.8    1.26     5.5     0.0
    5 2002  179 10600.0    11.6    15.6    1.21     7.3     7.1
    5 2002  180 27050.0    11.4    18.8    1.13     5.3     0.0
    5 2002  181  9250.0    11.7    17.8    1.24     6.2     0.3
    5 2002  182  4910.0    12.2    14.5    1.36     7.8     4.7
    5 2002  183 13410.0    11.9    17.9    1.27     7.0     3.8
    5 2002  184  6510.0    12.1    17.2    1.37     6.3     7.7
    5 2002  185 26310.0    11.3    18.9    1.20     5.8     0.0
    5 2002  186 10930.0    12.7    20.0    1.34     3.8     0.1
    5 2002  187 12840.0    12.6    19.5    1.36     3.6     0.1
    5 2002  188  8700.0    12.4    18.7    1.35     3.5     0.0
    5 2002  189 22050.0    13.5    24.2    1.35     3.9     0.0
    5 2002  190 13150.0    15.3    26.0    1.61     3.0    26.8
    5 2002  191  7490.0    12.0    17.3    1.34     3.3     5.3
    5 2002  192 18510.0    10.6    19.1    1.17     4.2     6.0
    5 2002  193 17870.0     9.2    21.8    1.05     2.2     0.0
    5 2002  194 13080.0    14.2    20.7    1.54     2.5     0.4
    5 2002  195 23460.0    16.0    21.5    1.72     4.9     0.0
    5 2002  196 26260.0    15.2    23.9    1.57     4.2     0.0
    5 2002  197 24680.0    14.3    24.7    1.45     4.8     0.0
    5 2002  198 23080.0    14.9    22.8    1.52     5.3     0.0
    5 2002  199 17090.0    14.7    18.5    1.43     6.5     0.0
    5 2002  200 13250.0     8.7    18.8    0.98     3.2     0.0
    5 2002  201 21500.0     6.9    21.8    0.89     2.2     4.2
    5 2002  202 12860.0    13.3    17.9    1.43     5.5     6.2
    5 2002  203 16140.0    13.8    19.5    1.38     5.4     0.0
    5 2002  204  9400.0    14.2    19.9    1.53     5.3     8.5
    5 2002  205 16470.0    12.1    19.2    1.27     4.5     1.0
    5 2002  206 14370.0    10.4    19.9    1.16     3.7     1.7
    5 2002  207 20280.0    13.4    22.7    1.43     3.8     3.1
    5 2002  208 24270.0    13.1    26.8    1.38     2.6     0.0
    5 2002  209 25080.0    16.1    30.0    1.61     2.1     0.0
    5 2002  210 25030.0    16.4    30.3    1.64     2.8     0.0
    5 2002  211 19450.0    16.9    31.7    1.72     2.7     6.6
    5 2002  212 14260.0    17.8    26.7    1.91     1.9    12.6
    5 2002  213  3540.0    13.2    19.7    1.49     4.0    26.5
    5 2002  214 23830.0    11.5    25.0    1.17     2.6     0.0
    5 2002  215  8600.0    14.0    19.5    1.51     2.5     7.3
    5 2002  216 16240.0    14.9    22.4    1.59     2.0     4.2
    5 2002  217  8520.0    15.0    20.7    1.63     1.9    13.4
    5 2002  218 15070.0    13.6    22.2    1.49     2.2     3.8
    5 2002  219 19330.0    12.0    23.6    1.30     1.5     0.0
    5 2002  220 18330.0    14.0    23.4    1.49     1.9     0.0
    5 2002  221 16090.0    12.8    24.8    1.37     2.3     9.1
    5 2002  222  9020.0    15.4    19.8    1.67     2.2     1.3
    5 2002  223 10810.0    13.9    20.9    1.51     3.3     0.0
    5 2002  224 14960.0    13.2    22.2    1.39     4.3     0.0
    5 2002  225 22560.0    13.9    22.7    1.43     3.6     0.0
    5 2002  226 16470.0    13.8    25.6    1.44     2.3     0.0
    5 2002  227 18600.0    13.1    26.9    1.35     1.8     0.0
    5 2002  228 21840.0    14.3    28.0    1.44     2.4     0.0
    5 2002  229 22130.0    13.7    28.5    1.35     3.1     0.0
    5 2002  230 21050.0    15.7    28.8    1.54     3.3     0.0
    5 2002  231 12340.0    17.5    27.0    1.82     2.2     0.1
    5 2002  232  9520.0    15.6    25.3    1.67     2.7    43.7
    5 2002  233  4090.0    16.9    19.7    1.86     3.3     8.9
    5 2002  234  7720.0    14.3    18.8    1.52     2.8     0.3
    5 2002  235 13430.0    14.3    20.9    1.51     2.2     0.0
    5 2002  236  4070.0    14.2    19.5    1.58     2.9    11.8
    5 2002  237 18330.0    13.0    21.5    1.39     2.5     0.2
    5 2002  238 17550.0    11.7    22.2    1.28     3.0     0.0
    5 2002  239 13840.0    18.3    23.8    2.01     4.4     0.0
    5 2002  240 16140.0    15.2    23.6    1.62     4.2     0.0
    5 2002  241 15590.0    14.0    23.4    1.48     1.6     0.0
    5 2002  242 11110.0    14.0    22.5    1.52     4.0     0.0
    5 2002  243 11320.0    14.9    21.0    1.51     4.7     0.2
    5 2002  244 17670.0    10.6    19.6    1.10     2.8     0.0
    5 2002  245 19640.0     9.5    22.0    1.06     4.0     0.0
    5 2002  246 20050.0     9.3    22.8    1.01     4.4     3.7
    5 2002  247 17590.0     9.6    22.9    1.07     1.7     0.0
    5 2002  248 17330.0     8.5    23.2    0.99     2.4     0.0
    5 2002  249 10270.0    14.5    21.4    1.53     6.0     0.0
    5 2002  250 10900.0    15.0    21.9    1.58     5.3    13.6
    5 2002  251 13040.0    13.7    23.6    1.42     3.1     0.0
    5 2002  252 13350.0    13.1    26.0    1.36     3.4     0.5
    5 2002  253  4150.0    12.5    17.5    1.40     1.8     6.4
    5 2002  254  6190.0    14.2    19.0    1.55     2.8     1.4
    5 2002  255 18240.0    10.7    21.7    1.18     4.7     0.0
    5 2002  256 17100.0     9.7    22.0    1.11     3.7     0.0
    5 2002  257  6970.0    14.4    19.7    1.50     4.2     0.0
    5 2002  258 13240.0     9.2    20.2    1.05     2.4     0.0
    5 2002  259  8180.0     8.4    19.0    1.02     2.3     0.6
    5 2002  260  6440.0    13.4    18.3    1.43     2.2     1.0
    5 2002  261  5610.0    13.0    16.8    1.40     1.3     0.0
    5 2002  262  6120.0    12.8    17.8    1.38     1.8     0.0
    5 2002  263  9770.0    11.7    18.6    1.24     2.3     1.6
    5 2002  264  7370.0    12.0    17.2    1.31     2.4     1.6
    5 2002  265 10780.0    11.0    16.3    1.21     4.9     5.0
    5 2002  266 13830.0     7.4    16.2    0.91     6.8     0.0
    5 2002  267 14640.0     5.8    16.6    0.82     3.9     0.4
    5 2002  268 11200.0     8.4    17.3    1.01     4.0     4.8
    5 2002  269  9020.0     9.5    16.3    1.12     3.2     1.1
    5 2002  270 10010.0     7.6    17.7    0.97     1.7     0.4
    5 2002  271  8770.0     7.1    18.7    0.95     1.8     0.2
    5 2002  272  7380.0     6.3    18.2    0.89     1.5     0.0
    5 2002  273 13960.0     5.0    19.6    0.78     2.1     0.0
    5 2002  274 12010.0     5.3    20.0    0.82     1.3     0.0
    5 2002  275 10130.0     6.6    20.8    0.91     1.7     0.0
    5 2002  276  3890.0    10.0    18.1    1.19     3.2     8.7
    5 2002  277 12300.0     6.9    17.2    0.92     3.5     0.0
    5 2002  278  1990.0     7.8    15.6    1.03     5.1    19.5
    5 2002  279  9410.0     4.0    13.9    0.74     5.4     0.5
    5 2002  280  6270.0     3.2    14.0    0.74     3.2     1.2
    5 2002  281 12650.0    -0.4    10.6    0.53     3.6     0.0
    5 2002  282 12090.0     3.1    13.8    0.68     6.3     0.0
    5 2002  283 11520.0     4.2    12.3    0.73     6.3     0.0
    5 2002  284 11820.0     2.2    10.8    0.61     6.1     0.0
    5 2002  285  3760.0     1.1     6.9    0.60     4.3     0.0
    5 2002  286  3420.0     5.2     8.4    0.83     3.8     0.0
    5 2002  287  1960.0     6.1    10.6    0.92     3.6    10.1
    5 2002  288  5250.0     4.2    11.1    0.80     3.0     0.6
    5 2002  289  2950.0    10.5    14.2    1.18     7.5     0.2
    5 2002  290  8680.0     6.6    12.2    0.90     4.8     4.8
    5 2002  291  3110.0     3.2     8.7    0.74     3.8     7.5
    5 2002  292  6910.0     1.2    10.3    0.63     4.1     3.0
    5 2002  293  5430.0     4.1    10.8    0.77     2.6     3.4
    5 2002  294  1280.0     6.0    13.4    0.91     3.8     3.2
    5 2002  295  3270.0    10.7    15.4    1.24     5.8     1.7
    5 2002  296  4290.0     4.9    13.8    0.79     6.9     4.9
    5 2002  297  6530.0     4.6    11.7    0.77     4.7     1.9
    5 2002  298  1890.0     6.6    13.8    0.92     7.5    14.8
    5 2002  299  5300.0     6.5    12.8    0.87     8.3     5.4
    5 2002  300  2080.0     9.0    15.6    1.04    13.6    10.2
    5 2002  301  8220.0     5.5    11.9    0.81     6.2     0.2
    5 2002  302  2260.0     5.9     9.8    0.88     3.5     0.5
    5 2002  303  6920.0     2.5    11.5    0.71     2.1     0.0
    5 2002  304  7410.0     0.1    11.9    0.59     1.9     0.0
    5 2002  305  1250.0    -0.4    12.5    0.59     3.1     4.3
    5 2002  306  4590.0     9.6    14.8    1.16     4.1     1.0
    5 2002  307  3860.0     6.8    14.0    0.95     4.7     8.6
    5 2002  308  4670.0     5.3    11.4    0.88     2.2     0.2
    5 2002  309  5750.0     2.3     7.8    0.69     2.3     0.0
    5 2002  310  4330.0     2.7    11.9    0.70     5.5     8.9
    5 2002  311  3320.0     3.1    10.1    0.72     3.7     7.9
    5 2002  312  2180.0     1.8    10.7    0.67     6.9    10.5
    5 2002  313  6250.0     1.1    10.5    0.61     4.5     0.2
    5 2002  314  3120.0    -0.7     8.3    0.56     3.5     4.3
    5 2002  315  5220.0     5.3    12.7    0.85     4.5     0.0
    5 2002  316  3060.0     7.9    10.9    1.01     6.8     0.3
    5 2002  317  1480.0     7.2    11.1    0.98     5.8     3.5
    5 2002  318  3840.0     7.1    13.0    0.91     5.5     0.2
    5 2002  319  3740.0     1.3    10.4    0.65     2.0     0.0
    5 2002  320  1880.0     1.8     8.3    0.69     2.7     0.0
    5 2002  321  3180.0     6.3    12.1    0.94     3.1     0.2
    5 2002  322  2720.0     5.1     9.4    0.86     3.1     0.0
    5 2002  323  1870.0     3.0     8.1    0.73     2.5     0.0
    5 2002  324  3400.0     0.4     6.9    0.61     3.6     0.0
    5 2002  325  1920.0     3.5    11.9    0.74     3.9     0.2
    5 2002  326  1830.0     5.5     9.7    0.86     3.5     0.0
    5 2002  327  4600.0     4.0    10.6    0.77     3.7     1.6
    5 2002  328  4630.0     1.7    11.0    0.67     3.0     2.2
    5 2002  329   610.0     1.7     5.9    0.68     3.9     5.1
    5 2002  330  2070.0     3.3    10.7    0.76     2.6     0.0
    5 2002  331  3670.0     1.6     8.1    0.66     3.3     0.0
    5 2002  332   680.0     4.4     8.0    0.81     3.3     5.0
    5 2002  333  1380.0     2.3     9.7    0.71     2.3     0.6
    5 2002  334  2360.0     1.2     7.9    0.67     1.8     0.0
    5 2002  335  2360.0     6.2     8.5    0.91     6.3     4.4
    5 2002  336   740.0     5.3     7.6    0.86     5.2     0.2
    5 2002  337  1830.0     2.8     8.9    0.74     2.2     0.0
    5 2002  338  1790.0     3.0     6.3    0.75     3.1     0.0
    5 2002  339  1490.0     3.3     6.6    0.75     4.4     0.0
    5 2002  340   400.0     0.6     3.9    0.60     6.8     0.0
    5 2002  341   800.0    -2.9     1.5    0.46     7.0     0.3
    5 2002  342  2510.0    -5.0    -0.7    0.36     7.3     0.0
    5 2002  343  3780.0    -8.3    -3.4    0.28     8.3     0.0
    5 2002  344  3820.0    -9.0    -3.9    0.27     6.1     0.0
    5 2002  345  3550.0    -8.9    -3.1    0.26     6.0     0.0
    5 2002  346  1970.0    -7.9    -1.6    0.28     3.8     0.0
    5 2002  347  1140.0    -3.5    -2.4    0.42     3.2     0.0
    5 2002  348   610.0    -2.9    -0.3    0.47     4.3     0.0
    5 2002  349  1020.0    -0.4     2.0    0.57     5.6     1.2
    5 2002  350   260.0     0.0     2.5    0.61     3.7     0.4
    5 2002  351   290.0    -1.3     1.6    0.55     2.3     0.0
    5 2002  352  1750.0    -4.9     2.1    0.42     1.5     0.3
    5 2002  353  1620.0    -1.0     2.2    0.56     2.3     0.0
    5 2002  354  2150.0    -4.5     0.4    0.43     1.9     0.0
    5 2002  355  1020.0    -1.7     0.6    0.54     2.1     0.0
    5 2002  356   180.0    -1.4     4.1    0.55     4.5    20.7
    5 2002  357   620.0     0.5     4.1    0.63     3.6     0.0
    5 2002  358  1420.0     3.9    10.6    0.80     3.5     4.0
    5 2002  359   930.0     6.5    10.5    0.96     3.1     0.1
    5 2002  360   570.0     8.3    10.2    1.06     5.3     5.6
    5 2002  361   490.0     7.7    11.7    1.03     4.8     7.3
    5 2002  362   840.0     6.5    10.3    0.94     4.1     4.0
    5 2002  363   950.0     5.4     8.1    0.88     3.8     9.4
    5 2002  364   350.0     1.2     6.5    0.66     6.3    16.2
    5 2002  365  3860.0    -2.7     1.4    0.44     6.5     0.0
