*---------------------------------------------------------------------------*
* Station name: Lelystad, Netherlands, actual data
* Year: 1999
* Author: Joost Wolf and Janette Bessembinder            -99.000: NIL VALUE
* Comments: vapour pressure calculated from minimum temperature and 
* relative humidity
* Longitude: 5 38 E, latitude: 52 34 N, altitude: -4 m.
*
* Column  Daily value
* 1       station number
* 2       year
* 3       day
* 4       irradiation                   (kJ m-2 d-1)
* 5       minimum temperature           (degrees Celsius)
* 6       maximum temperature           (degrees Celsius)
* 7       early morning vapour pressure (kPa)
* 8       mean wind speed (height: 2 m) (m s-1)
* 9       precipitation                 (mm d-1)
*
** WCCDESCRIPTION=Netherlands, Lelystad
** WCCFORMAT=2
** WCCYEARNR=1999
*---------------------------------------------------------------------------*
   5.63  52.57    -4.  -0.18 -0.55
    5 1999    1  2440.0     4.4     8.6    0.75     4.2     0.0
    5 1999    2   810.0     4.5     8.1    0.80     7.3     3.0
    5 1999    3   670.0     3.6     7.3    0.77     5.8     6.0
    5 1999    4   360.0     4.9    12.8    0.84     7.2     3.3
    5 1999    5  2630.0     8.9    13.3    1.09     5.9     1.3
    5 1999    6  3160.0     8.3    12.8    0.96     7.3     0.0
    5 1999    7  1680.0     5.4    10.3    0.86     4.5     2.7
    5 1999    8   210.0     3.3     7.3    0.73     5.5     6.1
    5 1999    9  3340.0    -1.2     4.4    0.51     3.7     0.0
    5 1999   10  2570.0    -2.5     0.5    0.48     2.5     0.0
    5 1999   11  5390.0    -3.1     0.8    0.45     3.9     0.0
    5 1999   12  2670.0    -3.4     1.6    0.46     5.5     5.2
    5 1999   13  2640.0     0.0     5.1    0.60     5.5     3.6
    5 1999   14  2250.0     4.4     7.7    0.77     6.5     3.2
    5 1999   15  1390.0     7.2     9.0    0.95     8.7     3.1
    5 1999   16   500.0     5.0    11.0    0.83     8.3     7.0
    5 1999   17  1950.0     3.4     7.3    0.76     5.3     0.0
    5 1999   18  4350.0     1.1     7.6    0.62     6.1     0.0
    5 1999   19   980.0     5.4    10.0    0.84     9.3     0.8
    5 1999   20  1980.0     8.0    12.4    1.00     7.0     3.4
    5 1999   21  1760.0     5.1     9.6    0.87     2.5     0.4
    5 1999   22  2710.0    -1.6     5.2    0.54     0.9     0.0
    5 1999   23  1440.0    -1.9     5.8    0.53     3.3     0.0
    5 1999   24  2710.0     4.7     9.3    0.84     5.6     1.9
    5 1999   25   450.0     6.5    12.4    0.91     9.3     5.5
    5 1999   26  2730.0     3.1     7.5    0.72     5.2     6.0
    5 1999   27  3270.0     3.2     7.1    0.73     4.8     5.2
    5 1999   28  2070.0     1.2     6.9    0.64     5.2     1.5
    5 1999   29  5400.0    -4.3     1.3    0.40     2.8     0.0
    5 1999   30  5400.0    -5.6     3.4    0.37     1.1     0.0
    5 1999   31  4540.0    -1.6     5.7    0.50     1.7     0.0
    5 1999   32  1530.0     4.5     7.2    0.83     4.2     0.0
    5 1999   33  1790.0     4.1     6.8    0.81     3.3     0.0
    5 1999   34  2120.0     4.7     8.9    0.83     3.8     0.4
    5 1999   35  2360.0     7.0    10.7    0.92     7.8     0.0
    5 1999   36  5110.0     2.6     7.5    0.65    10.5     1.6
    5 1999   37  5480.0     0.4     5.4    0.59     5.5     3.6
    5 1999   38  4710.0     0.0     3.9    0.58     6.6     5.3
    5 1999   39  5280.0    -2.8     2.4    0.48     3.7     1.8
    5 1999   40  2920.0    -5.5    -0.5    0.41     1.1     0.2
    5 1999   41  7240.0    -3.2     3.6    0.47     3.8     2.1
    5 1999   42  6840.0    -2.6     2.1    0.47     2.6     0.0
    5 1999   43  8650.0    -5.1     1.6    0.39     1.2     0.0
    5 1999   44  9610.0    -7.3     0.4    0.33     2.3     0.0
    5 1999   45  4230.0    -8.1     0.2    0.32     3.0     1.4
    5 1999   46  3350.0    -0.3     2.3    0.60     4.9     0.8
    5 1999   47  7400.0     2.2     6.4    0.65     8.3     3.2
    5 1999   48  7460.0    -0.3     5.2    0.54     8.2     2.8
    5 1999   49  6140.0     0.6     6.3    0.61     3.1     0.3
    5 1999   50  1930.0     4.0    10.0    0.80     4.8     2.3
    5 1999   51  7450.0     1.6     7.5    0.65     3.8     0.0
    5 1999   52  1790.0     3.3     7.1    0.73     5.9     3.7
    5 1999   53  3550.0     0.8     4.3    0.60     8.2     5.0
    5 1999   54  9040.0     1.4     6.2    0.64     6.4     2.9
    5 1999   55 10210.0    -0.5     5.8    0.56     2.8     0.0
    5 1999   56  5000.0    -1.5     5.8    0.51     5.0     0.2
    5 1999   57  1340.0     5.1     7.7    0.86     6.0     1.2
    5 1999   58  1300.0     4.3     6.9    0.81     5.3     1.1
    5 1999   59  9210.0     2.2     9.2    0.67     7.8     0.7
    5 1999   60  1150.0     3.4    11.3    0.77     7.0    26.8
    5 1999   61  1390.0     3.9    12.8    0.79     5.6    12.1
    5 1999   62  5990.0     5.6    11.8    0.83     7.7     0.1
    5 1999   63  2420.0     4.4     8.1    0.78     4.9     0.0
    5 1999   64  5270.0     3.6     8.6    0.75     2.8     0.0
    5 1999   65  5190.0     3.0     7.2    0.72     4.4     0.4
    5 1999   66  3000.0     3.0     4.6    0.72     6.9     0.1
    5 1999   67  2820.0     3.4     5.0    0.76     3.7     0.5
    5 1999   68  2170.0     3.5     5.1    0.77     3.7     2.7
    5 1999   69  3050.0    -0.3     4.7    0.59     2.3     1.4
    5 1999   70 13720.0    -1.9     7.8    0.49     3.1     0.0
    5 1999   71 12300.0     1.2    13.7    0.60     4.0     0.0
    5 1999   72 11280.0     6.9    17.0    0.92     3.0     0.0
    5 1999   73  9910.0     0.9    12.2    0.63     2.0     0.0
    5 1999   74 12000.0     0.5    12.0    0.60     1.3     0.0
    5 1999   75 10970.0    -0.4    10.7    0.55     1.8     0.1
    5 1999   76  6770.0     4.2    11.2    0.77     1.8     1.4
    5 1999   77  6320.0     3.8    11.9    0.75     3.4     4.2
    5 1999   78  6760.0     4.0     8.4    0.75     5.5     0.1
    5 1999   79  5750.0     3.4     7.9    0.73     4.1     0.1
    5 1999   80  2040.0     5.0     7.1    0.85     5.5     3.1
    5 1999   81  6110.0     3.9     6.8    0.75     5.6     2.2
    5 1999   82  5550.0     4.0     8.7    0.79     4.5     3.7
    5 1999   83  3490.0     4.8    10.2    0.80     4.6     0.0
    5 1999   84 13700.0     4.0    15.9    0.74     3.7     0.2
    5 1999   85  8390.0     6.8    12.9    0.93     4.4     5.8
    5 1999   86 15350.0     3.2    11.0    0.71     2.8     0.0
    5 1999   87 14080.0    -0.2    10.8    0.56     1.7     0.0
    5 1999   88 16640.0     2.6    14.9    0.63     4.5     0.0
    5 1999   89  7210.0     8.1    15.1    1.00     3.2     1.4
    5 1999   90 15760.0     7.8    18.4    0.98     2.5     0.0
    5 1999   91 16660.0     6.3    18.8    0.80     4.5     0.0
    5 1999   92 16870.0     5.9    21.2    0.77     3.4     0.0
    5 1999   93  6850.0     5.5    16.3    0.87     2.5     7.4
    5 1999   94  4160.0     7.4    11.5    1.02     3.6     0.0
    5 1999   95  3910.0     7.0    14.9    0.98     4.3     0.3
    5 1999   96  4170.0    10.2    14.0    1.20     6.0     1.9
    5 1999   97 12140.0     8.1    11.6    1.02     5.5     0.7
    5 1999   98  5340.0     3.4     9.3    0.73     4.0     0.0
    5 1999   99  4750.0     3.4    13.7    0.76     3.5     0.5
    5 1999  100  4460.0     8.0    11.9    1.04     4.8     2.7
    5 1999  101 13890.0     7.0    10.9    0.90     5.7     0.0
    5 1999  102  7510.0     4.8    10.6    0.81     6.2     7.4
    5 1999  103 14060.0     0.2     8.7    0.57     5.7    12.2
    5 1999  104 15450.0     0.9     7.8    0.60     3.1     4.6
    5 1999  105 10050.0    -0.5     7.1    0.54     3.5     0.4
    5 1999  106 19680.0     0.6    11.1    0.58     3.2     0.0
    5 1999  107  9470.0     0.8    10.9    0.60     2.5    16.6
    5 1999  108  9260.0     1.0     9.3    0.60     3.1     1.9
    5 1999  109 20770.0    -1.1    10.7    0.50     1.9     0.0
    5 1999  110 19040.0     0.0    14.4    0.52     5.9     0.6
    5 1999  111 17110.0     8.8    17.4    1.04     5.1     7.1
    5 1999  112  9130.0     7.8    14.1    0.99     5.5     5.3
    5 1999  113 16200.0     4.9    16.9    0.79     2.8     0.0
    5 1999  114 14680.0    10.0    15.8    1.10     3.7     0.0
    5 1999  115 17520.0     6.1    17.3    0.85     2.9     0.0
    5 1999  116 20470.0     8.9    18.7    1.05     5.6     0.0
    5 1999  117 19690.0     8.5    18.1    0.98     6.7     0.0
    5 1999  118 24190.0     7.9    17.4    0.97     4.9     0.0
    5 1999  119 24220.0     4.3    15.2    0.73     5.0     0.0
    5 1999  120 23340.0     2.2    16.5    0.62     2.8     0.0
    5 1999  121 18470.0     7.2    15.0    0.90     3.1     0.0
    5 1999  122 22600.0     3.4    16.6    0.67     3.3     0.0
    5 1999  123 23130.0     5.5    17.8    0.77     4.1     0.0
    5 1999  124 19130.0     6.1    18.2    0.75     7.4     0.0
    5 1999  125  9930.0     8.5    16.8    0.94     7.1     7.4
    5 1999  126  2610.0     9.2    11.9    1.15     3.9    11.4
    5 1999  127 18240.0    10.5    20.0    1.19     3.2    10.7
    5 1999  128 17540.0    12.1    16.8    1.26     5.5     1.1
    5 1999  129 20120.0    10.7    19.6    1.16     3.6     0.0
    5 1999  130 10450.0    10.0    17.9    1.13     3.3     2.7
    5 1999  131 16810.0     9.5    17.8    1.09     4.0     0.6
    5 1999  132 16800.0    10.5    16.9    1.14     4.6     0.0
    5 1999  133 15550.0     8.5    16.0    1.00     4.4     0.0
    5 1999  134 19310.0     8.3    16.4    1.02     4.3     6.5
    5 1999  135 22800.0     6.0    13.7    0.82     4.4     0.0
    5 1999  136 19760.0     2.2    13.8    0.63     2.8     0.0
    5 1999  137 26470.0     7.2    17.2    0.82     6.8     0.0
    5 1999  138 28450.0     8.3    21.0    0.83     8.0     0.0
    5 1999  139 23720.0     8.7    21.7    0.93     3.0     0.0
    5 1999  140 13410.0    10.1    20.2    1.15     2.8     1.3
    5 1999  141 23880.0    10.2    20.3    1.10     4.2     0.2
    5 1999  142 24170.0     8.9    14.8    0.97     4.9     1.3
    5 1999  143 13020.0     9.6    18.0    1.07     5.4     0.0
    5 1999  144  7250.0    11.2    16.7    1.22     5.0     0.0
    5 1999  145 24960.0     5.2    16.8    0.76     3.8     0.0
    5 1999  146 26380.0     4.6    19.4    0.73     3.2     0.0
    5 1999  147 28180.0     5.4    25.7    0.73     2.8     0.0
    5 1999  148 20390.0    11.4    21.4    1.17     4.1     0.0
    5 1999  149 26230.0     8.9    27.3    0.99     2.5     3.3
    5 1999  150 11030.0    10.7    18.3    1.22     5.0     3.2
    5 1999  151 21760.0     8.1    16.4    0.97     2.8     0.0
    5 1999  152 22750.0     7.3    20.0    0.92     3.0     0.0
    5 1999  153 15290.0     9.3    24.5    1.06     4.2     7.1
    5 1999  154 18190.0    12.4    20.1    1.28     5.9     0.7
    5 1999  155 10560.0    11.4    17.0    1.24     6.0     2.4
    5 1999  156 14830.0     9.2    15.9    1.08     4.5     6.2
    5 1999  157 18700.0     7.5    16.4    0.96     5.8     7.3
    5 1999  158 15640.0     7.5    18.9    0.96     3.7     5.2
    5 1999  159 15030.0     9.6    16.2    1.11     4.8     1.7
    5 1999  160 25700.0     8.7    17.4    0.98     4.7     0.0
    5 1999  161 22570.0     9.2    18.0    1.05     3.7     0.0
    5 1999  162 17420.0     9.9    16.7    1.13     3.0     0.7
    5 1999  163 12860.0     8.7    17.8    1.03     1.8     0.0
    5 1999  164 17660.0     8.1    21.1    0.99     3.7     0.0
    5 1999  165 28210.0    10.8    21.8    1.15     4.0     0.0
    5 1999  166 27480.0    10.0    21.4    1.09     2.9     0.0
    5 1999  167 29650.0     9.5    23.7    1.04     2.4     0.0
    5 1999  168 21460.0    10.5    23.2    1.13     4.4     0.0
    5 1999  169 23610.0     6.1    17.1    0.82     3.5     0.0
    5 1999  170 29550.0     5.0    22.4    0.72     2.5     0.0
    5 1999  171  8160.0    10.9    16.7    1.20     5.3     6.3
    5 1999  172 16200.0     8.9    15.5    1.03     3.5     1.8
    5 1999  173 20770.0     6.7    17.2    0.87     2.5     1.6
    5 1999  174 14680.0     5.6    17.3    0.81     1.8     0.1
    5 1999  175 27680.0     7.7    18.0    0.90     2.3     0.0
    5 1999  176 30380.0     5.0    18.5    0.75     3.0     0.0
    5 1999  177 30480.0     6.4    23.0    0.80     2.9     0.0
    5 1999  178 14440.0    11.3    23.1    1.22     4.0     7.1
    5 1999  179 19680.0    11.5    18.1    1.20     5.4     1.0
    5 1999  180  9380.0    13.7    21.7    1.48     5.4     6.6
    5 1999  181 16260.0    10.2    20.2    1.16     3.1     1.0
    5 1999  182 13340.0    10.2    17.1    1.15     4.1     0.4
    5 1999  183 11180.0    13.3    21.9    1.42     2.8     0.0
    5 1999  184 22450.0    12.1    26.8    1.23     4.4     0.3
    5 1999  185 15890.0    12.0    22.9    1.27     2.5     8.3
    5 1999  186  4970.0    14.9    19.3    1.64     2.1    11.3
    5 1999  187 22450.0    11.6    21.2    1.28     2.1     0.0
    5 1999  188 22770.0    10.4    22.8    1.17     2.7     0.0
    5 1999  189 22750.0    13.7    21.8    1.41     3.3     0.0
    5 1999  190 27840.0    11.1    24.4    1.17     3.4     0.0
    5 1999  191 28210.0    12.0    25.4    1.23     4.2     0.0
    5 1999  192 28770.0    16.2    26.8    1.59     4.5     0.0
    5 1999  193 26820.0    16.1    27.6    1.63     3.9     0.0
    5 1999  194 16870.0    15.9    23.4    1.69     3.1     0.0
    5 1999  195 15410.0    13.4    19.8    1.37     4.4     2.0
    5 1999  196 22860.0    11.2    20.7    1.17     3.8     0.0
    5 1999  197 25310.0     9.9    22.2    1.05     3.4     0.0
    5 1999  198 17690.0    12.1    23.3    1.29     3.2     0.0
    5 1999  199 24590.0    10.8    28.4    1.15     2.1     0.0
    5 1999  200 19010.0    14.8    28.2    1.49     3.1     0.0
    5 1999  201 14650.0    15.5    24.4    1.55     5.3     0.2
    5 1999  202 12000.0    13.8    19.2    1.35     5.6     2.3
    5 1999  203  5770.0    12.0    16.3    1.29     5.5     9.9
    5 1999  204 13960.0    12.6    18.6    1.28     4.6     0.1
    5 1999  205 26690.0    12.8    24.5    1.32     2.9     0.0
    5 1999  206 18910.0    13.7    25.4    1.42     3.5     0.0
    5 1999  207 19360.0     9.3    20.7    1.02     3.9     0.0
    5 1999  208 25990.0     7.8    20.9    0.90     4.6     0.0
    5 1999  209 27630.0     9.8    25.0    1.04     4.7     0.0
    5 1999  210 27310.0    11.1    27.5    1.08     3.6     0.0
    5 1999  211 26260.0    11.7    29.5    1.11     3.3     0.0
    5 1999  212 21640.0    12.9    30.4    1.23     2.5     0.5
    5 1999  213 25180.0    12.1    31.4    1.12     2.6     0.0
    5 1999  214 25590.0    12.7    31.6    1.13     3.1     0.0
    5 1999  215 15910.0    13.3    30.6    1.22     2.9     0.0
    5 1999  216 20310.0    15.3    29.2    1.50     2.2     0.0
    5 1999  217 14090.0    14.8    24.4    1.51     3.4     1.0
    5 1999  218 22040.0    13.0    27.5    1.29     2.7     0.0
    5 1999  219  2940.0    16.2    19.0    1.77     2.2     9.6
    5 1999  220  8750.0    16.3    21.9    1.75     1.7     1.7
    5 1999  221 16270.0    13.8    24.4    1.43     3.1     0.0
    5 1999  222  9090.0    14.6    20.7    1.54     3.0    26.4
    5 1999  223 14420.0     9.9    19.6    1.02     3.4     0.0
    5 1999  224 14240.0    10.3    20.2    1.11     1.3     0.0
    5 1999  225 12970.0     9.6    20.3    1.05     2.2     0.3
    5 1999  226  9510.0    13.0    19.6    1.39     4.4     7.0
    5 1999  227 18520.0    11.7    20.3    1.23     4.6     0.7
    5 1999  228 14380.0     8.9    20.2    1.03     2.3     0.2
    5 1999  229 10770.0     9.0    19.3    1.04     2.9     0.5
    5 1999  230 13380.0    12.2    22.3    1.30     5.1     2.7
    5 1999  231 11600.0    13.0    18.2    1.42     6.1    16.2
    5 1999  232  7820.0    12.1    18.1    1.32     5.2    23.8
    5 1999  233 15490.0     9.3    18.8    1.03     2.9     0.0
    5 1999  234 12030.0    11.1    18.8    1.15     1.6     0.1
    5 1999  235 19710.0     9.4    20.4    1.01     3.1     0.0
    5 1999  236 17740.0     9.0    22.3    1.00     4.0     0.0
    5 1999  237 13740.0    15.7    26.9    1.52     3.5     0.0
    5 1999  238 12520.0    14.4    24.2    1.51     4.1     5.7
    5 1999  239 13400.0    13.1    21.1    1.39     3.0     0.0
    5 1999  240 18770.0    10.2    22.1    1.13     1.8     0.0
    5 1999  241 18050.0     9.5    23.5    1.06     1.2     0.0
    5 1999  242 14340.0    11.2    22.0    1.20     3.0     0.0
    5 1999  243 11570.0    10.0    20.7    1.13     3.2     1.3
    5 1999  244  3610.0    14.0    19.5    1.52     1.2     0.0
    5 1999  245 16260.0    11.7    24.7    1.25     1.6     0.0
    5 1999  246 20300.0     9.3    26.0    0.99     3.6     0.0
    5 1999  247 14020.0    11.5    25.7    1.21     2.8     0.0
    5 1999  248 18420.0    10.3    27.3    1.08     2.5     0.0
    5 1999  249 15580.0    11.1    25.3    1.19     2.2     0.0
    5 1999  250  9560.0    13.2    23.4    1.41     3.6     0.0
    5 1999  251 13870.0    13.2    24.7    1.36     3.1     0.0
    5 1999  252 13400.0    13.6    24.1    1.42     3.2     0.0
    5 1999  253 13270.0    14.6    24.7    1.53     3.0     0.0
    5 1999  254 17040.0    13.7    30.1    1.29     3.1     0.0
    5 1999  255 15510.0    13.0    28.0    1.32     2.3     0.0
    5 1999  256 14060.0    13.0    24.3    1.41     3.0     0.0
    5 1999  257  5760.0    16.8    20.8    1.79     2.6     0.2
    5 1999  258  5820.0    13.1    21.9    1.45     2.0    19.1
    5 1999  259 12100.0    11.8    20.0    1.23     4.6     0.0
    5 1999  260  6090.0    11.9    18.4    1.31     3.1     1.1
    5 1999  261 16000.0     9.6    20.9    1.10     3.4     0.0
    5 1999  262 10980.0    11.5    23.2    1.23     4.0     0.0
    5 1999  263  4540.0    14.8    20.8    1.57     4.0     1.9
    5 1999  264 10350.0    13.0    19.6    1.37     4.9     0.0
    5 1999  265  6840.0    13.3    21.5    1.43     3.5     6.0
    5 1999  266 10420.0    16.2    21.7    1.68     5.2     1.8
    5 1999  267 10230.0    13.9    21.4    1.48     4.5     7.9
    5 1999  268 11970.0    13.0    20.1    1.39     4.3     0.0
    5 1999  269  9120.0    12.2    18.4    1.33     4.9    11.7
    5 1999  270  3670.0    12.1    16.3    1.35     6.4     3.6
    5 1999  271  6010.0    13.2    17.1    1.42     5.4     1.2
    5 1999  272  8430.0    13.7    19.3    1.47     6.2    14.0
    5 1999  273  5510.0    12.2    17.9    1.35     4.6     7.9
    5 1999  274  6770.0    11.7    15.1    1.24     7.1     2.8
    5 1999  275  3450.0     9.3    16.6    1.09     7.8     4.4
    5 1999  276  6530.0     8.4    13.0    1.04     5.8    14.0
    5 1999  277 11340.0     8.7    14.1    1.06     3.1     4.3
    5 1999  278  9700.0     7.7    14.2    0.96     3.2     2.3
    5 1999  279  4840.0     7.0    13.0    0.94     2.3     0.4
    5 1999  280  4830.0     6.2    13.8    0.89     4.3     1.5
    5 1999  281  2100.0     9.7    14.5    1.18     4.0     2.6
    5 1999  282  3610.0    12.5    15.9    1.39     3.9     0.5
    5 1999  283  5090.0    13.9    17.4    1.51     4.3     0.5
    5 1999  284  8230.0     7.8    16.0    0.97     3.4     1.7
    5 1999  285 10670.0     4.4    15.0    0.77     2.0     0.0
    5 1999  286 10200.0     4.5    14.4    0.79     1.6     0.0
    5 1999  287  6560.0     4.5    15.3    0.79     2.0     0.0
    5 1999  288  3160.0     5.3    13.8    0.85     1.8     0.0
    5 1999  289 10660.0     1.9    13.4    0.65     3.2     0.0
    5 1999  290 10710.0     0.8    10.8    0.60     4.5     0.0
    5 1999  291 10370.0     1.1     9.9    0.61     5.0     0.0
    5 1999  292  9970.0     1.8    10.1    0.62     5.8     0.0
    5 1999  293  9590.0     1.6     9.4    0.59     6.8     0.0
    5 1999  294  2860.0     1.1     7.3    0.60     6.1     1.6
    5 1999  295  1870.0     7.3    12.4    0.97     3.7     0.6
    5 1999  296  6790.0    10.2    17.2    1.17     5.0     0.9
    5 1999  297  3430.0     9.3    14.3    1.09     6.3     0.8
    5 1999  298  4640.0     9.7    15.2    1.14     6.0     0.4
    5 1999  299  4380.0    10.6    14.6    1.22     4.3     0.0
    5 1999  300  5870.0     9.7    15.4    1.14     4.3     0.0
    5 1999  301  3490.0     8.8    14.5    1.09     3.4     0.0
    5 1999  302  6100.0     9.2    15.0    1.13     2.2     0.0
    5 1999  303  5280.0     9.6    17.6    1.10     4.7     1.7
    5 1999  304  6550.0     9.4    14.6    1.08     6.2     0.0
    5 1999  305  3150.0     8.3    17.0    1.01     7.2     0.7
    5 1999  306  3320.0     4.7    15.1    0.80     3.9     0.1
    5 1999  307  6180.0     4.3    13.4    0.78     3.2     0.0
    5 1999  308  5080.0     3.0    12.6    0.70     2.7     0.0
    5 1999  309  4670.0     2.9    11.1    0.70     6.8     0.4
    5 1999  310   760.0     7.0    10.6    0.95     8.8    24.5
    5 1999  311  5150.0     7.8    12.8    1.00     4.1     5.0
    5 1999  312  2020.0     6.8    11.3    0.97     2.1     1.4
    5 1999  313  3310.0     8.2    11.9    1.03     4.0     4.0
    5 1999  314  6130.0     6.7    11.1    0.90     5.9     0.0
    5 1999  315  5850.0     0.8     9.6    0.62     4.2     0.0
    5 1999  316  5850.0    -0.3     7.4    0.58     2.6     0.0
    5 1999  317  2790.0    -2.7     9.3    0.50     1.9     0.8
    5 1999  318  2700.0     0.7    10.6    0.60     3.8     0.1
    5 1999  319  5870.0    -2.1     6.7    0.48     1.4     0.0
    5 1999  320  2600.0    -2.5     2.7    0.48     3.8     0.5
    5 1999  321  2400.0     1.2     6.0    0.63     3.8     3.5
    5 1999  322  1800.0     0.6     4.5    0.61     3.8     6.2
    5 1999  323  4100.0     0.8     4.8    0.61     5.0     1.7
    5 1999  324  2310.0     0.3     3.8    0.59     4.4     0.7
    5 1999  325  2980.0     0.3     4.2    0.60     2.2     0.2
    5 1999  326   920.0     2.4     8.5    0.69     4.2     3.5
    5 1999  327  2870.0     4.1    10.1    0.79     2.2     0.0
    5 1999  328   700.0     5.8     9.9    0.90     4.7     0.0
    5 1999  329   400.0     7.7     9.5    1.02     6.1     4.2
    5 1999  330  2170.0     4.9    10.3    0.81     6.7     0.0
    5 1999  331  2370.0     4.7    10.1    0.81     5.1     2.2
    5 1999  332  2090.0     6.5    11.6    0.88     7.7     0.0
    5 1999  333   850.0     6.7     9.2    0.93     4.0     0.7
    5 1999  334  2340.0     6.4    11.4    0.90     6.5     0.0
    5 1999  335  2980.0     7.4    11.6    0.92     7.3     0.0
    5 1999  336  3190.0     5.5     8.5    0.80     7.0     2.2
    5 1999  337   210.0     5.1     9.9    0.79    10.6     7.9
    5 1999  338  2870.0     1.4     6.5    0.60     5.0     2.5
    5 1999  339  3770.0    -0.4     6.9    0.54     3.4     0.1
    5 1999  340   290.0     2.7    11.1    0.70     8.8     2.9
    5 1999  341  1230.0     6.6    11.0    0.92     7.6    17.2
    5 1999  342  1740.0     4.4     9.8    0.78     7.9     2.2
    5 1999  343  2830.0     5.5     9.2    0.83     8.4     0.6
    5 1999  344  2690.0     3.4     8.5    0.74     5.2     3.7
    5 1999  345   300.0     4.0    11.7    0.77     8.5    12.7
    5 1999  346   570.0     5.0    10.2    0.83     6.0     8.5
    5 1999  347  2120.0     2.5     7.0    0.68     5.7     9.7
    5 1999  348  1920.0     1.3     4.4    0.64     4.2     2.1
    5 1999  349  2330.0    -2.1     2.4    0.50     2.8     2.2
    5 1999  350  1500.0    -3.4     3.5    0.46     3.0     0.2
    5 1999  351   300.0     3.4     8.1    0.74     7.6     6.3
    5 1999  352  2420.0     0.1     5.1    0.55     2.8     0.0
    5 1999  353  3240.0     0.3     3.6    0.59     3.5     1.3
    5 1999  354  2530.0     0.3     3.9    0.59     2.7     0.5
    5 1999  355  1320.0    -0.9     1.7    0.55     3.7     0.0
    5 1999  356  2320.0    -1.5     2.3    0.49     7.0     1.6
    5 1999  357  2800.0     1.5     8.2    0.65     7.0     2.8
    5 1999  358   200.0     4.0     9.6    0.77    10.9    13.1
    5 1999  359  2690.0     3.9    10.5    0.71    10.2     4.5
    5 1999  360  1640.0     2.6     7.0    0.70     5.0    15.8
    5 1999  361  2190.0    -0.4     6.6    0.57     2.8     1.4
    5 1999  362  2040.0    -0.7     4.6    0.57     1.7     0.3
    5 1999  363  1590.0     0.1     5.1    0.59     3.3     9.1
    5 1999  364  2180.0     0.9     3.9    0.64     4.0     1.0
    5 1999  365   430.0     2.8     4.6    0.74     2.7     0.0
