*---------------------------------------------------------------------------*
* Station name: Lelystad, Netherlands, actual data
* Year: 2005
* Author: Joost Wolf and Janette Bessembinder            -99.000: NIL VALUE
* Comments: vapour pressure calculated from minimum temperature and 
* relative humidity
* Longitude: 5 38 E, latitude: 52 34 N, altitude: -4 m.
*
* Column  Daily value
* 1       station number
* 2       year
* 3       day
* 4       irradiation                   (kJ m-2 d-1)
* 5       minimum temperature           (degrees Celsius)
* 6       maximum temperature           (degrees Celsius)
* 7       early morning vapour pressure (kPa)
* 8       mean wind speed (height: 2 m) (m s-1)
* 9       precipitation                 (mm d-1)
*
** WCCDESCRIPTION=Netherlands, Lelystad
** WCCFORMAT=2
** WCCYEARNR=2005
*---------------------------------------------------------------------------*
   5.63  52.57    -4.  -0.18 -0.55
    5 2005    1  1400.0     3.4    10.6    0.74     6.7     2.1
    5 2005    2  2350.0     5.0     8.1    0.75     9.3     0.0
    5 2005    3  1900.0     5.5     8.8    0.83     7.4     0.0
    5 2005    4   930.0     6.7     9.0    0.91     9.3     1.4
    5 2005    5  1220.0     1.9     7.4    0.67     6.0     3.5
    5 2005    6  3580.0     5.0     8.9    0.82     7.4     0.2
    5 2005    7   880.0     8.8    12.0    1.05    12.3     0.0
    5 2005    8  1950.0     4.6    11.6    0.73    12.6     0.9
    5 2005    9  2820.0     4.3    10.3    0.77     8.2     0.1
    5 2005   10  3320.0     9.1    13.0    1.07     9.5     1.1
    5 2005   11  2750.0     7.5    11.4    0.98     7.4     0.4
    5 2005   12  3460.0     4.7    10.4    0.77     7.3     0.6
    5 2005   13  3750.0     0.9     8.0    0.59     5.8     0.0
    5 2005   14  4270.0    -0.7     7.6    0.55     2.4     0.0
    5 2005   15  4790.0    -1.8     4.3    0.50     2.8     0.0
    5 2005   16  4440.0    -2.4     4.1    0.47     4.0     0.0
    5 2005   17  1490.0     3.3     7.5    0.75     8.5     3.6
    5 2005   18  2160.0     1.3     7.9    0.64     5.2     8.2
    5 2005   19  3560.0     2.7     7.0    0.69     6.5     1.8
    5 2005   20  1460.0     5.5    10.4    0.83    10.7     0.0
    5 2005   21  2940.0     3.3     7.5    0.70     8.5     4.6
    5 2005   22  4130.0     0.7     7.4    0.59     4.3     0.5
    5 2005   23  3240.0     0.0     5.5    0.57     4.8     3.2
    5 2005   24  4450.0    -2.4     3.4    0.48     4.3     1.2
    5 2005   25  5360.0    -2.2     1.7    0.48     4.3     0.0
    5 2005   26  5390.0    -3.0     1.5    0.45     3.3     0.0
    5 2005   27  2070.0    -0.6     3.0    0.57     1.7     0.2
    5 2005   28  1680.0     0.7     3.1    0.63     2.2     0.0
    5 2005   29  2290.0    -0.8     3.5    0.56     2.9     0.0
    5 2005   30  2100.0     3.5     7.6    0.77     3.5     0.2
    5 2005   31  1090.0     4.3     7.2    0.81     5.9     5.3
    5 2005   32  3620.0     3.7     6.1    0.74     5.2     0.1
    5 2005   33  3160.0     4.4     7.5    0.80     5.0     1.4
    5 2005   34  3980.0     4.9     7.8    0.82     3.5     0.2
    5 2005   35  4170.0     2.1     8.2    0.68     2.4     0.0
    5 2005   36  6370.0     0.1     4.7    0.54     3.6     0.0
    5 2005   37  6980.0    -2.4     7.8    0.45     3.0     0.0
    5 2005   38  8190.0    -5.5     4.0    0.37     2.3     0.0
    5 2005   39  6800.0    -5.4     5.0    0.38     1.9     0.0
    5 2005   40  3150.0     0.3     8.4    0.60     5.3     0.5
    5 2005   41   540.0     3.9     9.4    0.77     7.5    10.8
    5 2005   42  4420.0     3.2     7.8    0.74     1.8     1.4
    5 2005   43  1110.0     4.8    11.2    0.81    10.0    17.0
    5 2005   44  5110.0     1.0     5.9    0.59     7.9     7.1
    5 2005   45  3530.0     0.2     6.3    0.57     6.8     4.8
    5 2005   46  2180.0     0.1     3.1    0.57     6.2     0.3
    5 2005   47  6020.0    -1.9     2.3    0.47     4.5     0.0
    5 2005   48  3880.0    -1.4     2.6    0.50     1.3     0.0
    5 2005   49  1590.0     0.4     4.0    0.58     5.3     3.5
    5 2005   50  6410.0     0.4     5.9    0.59     4.4     1.8
    5 2005   51  5550.0     0.7     4.3    0.61     4.0     2.3
    5 2005   52  5290.0     0.2     4.4    0.57     5.5     0.5
    5 2005   53  5390.0    -1.5     2.3    0.50     7.7     0.6
    5 2005   54  2250.0    -2.0     1.3    0.50     4.6     0.3
    5 2005   55  4730.0    -1.7     2.4    0.51     2.4     1.4
    5 2005   56  3740.0    -2.0     1.8    0.50     2.2     0.0
    5 2005   57  2410.0    -1.5     3.2    0.51     4.5     0.0
    5 2005   58  9660.0    -6.7    -0.8    0.31     5.8     0.1
    5 2005   59 11480.0    -9.1     1.5    0.25     4.0     0.0
    5 2005   60  1870.0    -3.3     0.5    0.44     7.7     0.0
    5 2005   61  4120.0    -2.1     1.4    0.50     3.3    17.7
    5 2005   62  6950.0   -14.8    -1.2    0.18     4.1     0.9
    5 2005   63  6820.0   -17.8    -0.9    0.14     3.0     1.1
    5 2005   64  7970.0    -7.5     0.2    0.32     4.8     0.8
    5 2005   65 10230.0    -9.9     2.6    0.27     4.0     2.9
    5 2005   66  7830.0     1.4     4.2    0.64     4.0     0.9
    5 2005   67  5780.0     2.1     5.5    0.68     4.9     0.9
    5 2005   68  9760.0    -0.7     7.0    0.55     4.2     0.4
    5 2005   69  8240.0    -2.3     6.0    0.49     2.6     0.0
    5 2005   70  1330.0     1.8     6.3    0.65     8.5     3.7
    5 2005   71  7350.0     0.7     5.2    0.60     7.2     4.7
    5 2005   72  5990.0     0.1     7.5    0.57     4.5     2.8
    5 2005   73  8020.0    -0.2     7.5    0.56     3.9     0.0
    5 2005   74  7780.0     0.3    11.8    0.55     7.2     0.0
    5 2005   75 11130.0     9.1    17.6    1.01     8.4     0.6
    5 2005   76  3450.0     9.2    13.0    1.09     8.9     0.2
    5 2005   77  3660.0     6.8    11.5    0.94     6.0     0.0
    5 2005   78  4620.0     4.3    11.7    0.80     3.4     0.1
    5 2005   79 13670.0     0.8    10.7    0.57     3.5     0.0
    5 2005   80 15290.0     0.5    15.1    0.51     4.5     0.0
    5 2005   81 10070.0     6.0    17.9    0.78     4.5     0.7
    5 2005   82 13930.0     7.5    17.0    0.93     3.4     0.0
    5 2005   83 12280.0     6.5    19.9    0.87     3.8    12.3
    5 2005   84  9780.0     7.5    14.2    0.99     3.0     0.0
    5 2005   85  8810.0     7.3    14.0    0.98     2.8     8.3
    5 2005   86 10940.0     6.4    13.9    0.91     4.0     2.4
    5 2005   87  3400.0     7.9    13.3    1.04     2.9     8.5
    5 2005   88  5690.0     7.0    13.0    0.96     3.0     0.0
    5 2005   89 13400.0     5.5    15.3    0.80     4.8     0.0
    5 2005   90 17180.0     4.3    15.4    0.68     4.3     0.0
    5 2005   91 17930.0     1.4    17.3    0.53     2.9     0.0
    5 2005   92 19380.0     0.0    17.0    0.47     3.4     0.0
    5 2005   93 17770.0     5.8    20.7    0.73     3.0     0.0
    5 2005   94 13550.0     6.8    19.2    0.87     4.3     5.0
    5 2005   95 15810.0     3.3    12.0    0.66     4.8     0.1
    5 2005   96  8750.0     3.3    12.4    0.68     6.4     2.1
    5 2005   97 13880.0     5.5    11.7    0.79     9.2     9.1
    5 2005   98 12480.0     3.1     9.7    0.69     4.9     5.3
    5 2005   99 10320.0     1.7     6.9    0.62     5.7     5.7
    5 2005  100 10580.0     3.4    10.8    0.73     4.2     2.0
    5 2005  101 20750.0     3.5    15.0    0.70     3.2     0.0
    5 2005  102 17360.0     2.9    15.2    0.65     2.8     0.0
    5 2005  103  5910.0     8.0    13.0    1.01     3.9     9.6
    5 2005  104  8490.0     8.0    15.8    0.96     4.0     1.4
    5 2005  105 14980.0     6.8    19.3    0.86     4.5     1.6
    5 2005  106  4140.0     6.5    10.7    0.92     3.6     4.1
    5 2005  107 10400.0     8.7    13.9    1.07     3.3     3.9
    5 2005  108 10380.0     5.2    16.3    0.83     3.3     1.1
    5 2005  109  6440.0     4.6    11.8    0.82     2.6    16.0
    5 2005  110 15600.0     3.6    13.6    0.69     4.7     1.9
    5 2005  111 23670.0     0.3    12.6    0.53     2.9     0.0
    5 2005  112 23680.0     0.5    14.0    0.54     2.4     0.0
    5 2005  113 23330.0     1.2    17.9    0.55     3.5     0.0
    5 2005  114 21890.0     3.7    19.4    0.65     4.3     0.0
    5 2005  115 21250.0     6.0    17.5    0.76     5.5     0.0
    5 2005  116 12450.0     4.5    15.5    0.76     2.5     7.7
    5 2005  117 16190.0     6.9    14.0    0.90     5.2     5.2
    5 2005  118 16510.0     4.7    17.7    0.73     3.8     0.0
    5 2005  119 17670.0     8.8    16.8    1.05     2.5     9.7
    5 2005  120  7930.0     7.4    18.5    0.97     1.9     0.0
    5 2005  121 20980.0     9.0    27.1    1.00     2.8     0.0
    5 2005  122  9850.0     9.8    18.6    1.11     1.8     0.2
    5 2005  123  9310.0     8.5    17.7    1.05     2.5     0.7
    5 2005  124  6230.0     7.5    14.1    0.97     4.7     0.0
    5 2005  125 14720.0     6.2    12.9    0.83     5.0     3.8
    5 2005  126 17650.0     7.5    12.7    0.92     6.0     0.4
    5 2005  127  8970.0     6.7    10.8    0.89     5.0     6.0
    5 2005  128 17140.0     3.9    11.8    0.71     5.0     1.5
    5 2005  129 19800.0     5.3    11.5    0.78     5.8     1.7
    5 2005  130 21000.0     6.1    12.2    0.82     5.3     1.9
    5 2005  131 18760.0     3.4    11.5    0.69     4.2     3.3
    5 2005  132 21830.0     1.7    14.1    0.60     3.9     0.0
    5 2005  133 23130.0     5.1    17.2    0.75     6.2     0.0
    5 2005  134 26110.0     6.7    16.1    0.85     6.3     0.0
    5 2005  135 17290.0     5.6    14.5    0.85     4.2     9.7
    5 2005  136  8970.0     3.5    14.2    0.73     3.8     2.7
    5 2005  137 14440.0     2.3    10.1    0.63     2.5     2.5
    5 2005  138 26820.0     0.8    14.4    0.54     1.9     0.0
    5 2005  139 19730.0     6.8    18.6    0.79     5.0     3.8
    5 2005  140 13520.0    12.9    20.4    1.35     5.0     0.9
    5 2005  141 18850.0    11.1    19.2    1.18     4.0     2.6
    5 2005  142 23230.0     9.7    20.4    1.03     4.6     1.1
    5 2005  143 22330.0     7.3    16.9    0.88     5.3     0.0
    5 2005  144  8910.0     7.1    17.4    0.88     5.4     0.0
    5 2005  145 22430.0    12.3    21.2    1.22     4.8     0.0
    5 2005  146 22730.0    12.7    28.8    1.20     4.2     0.0
    5 2005  147 27140.0    11.1    30.5    1.04     2.5     0.0
    5 2005  148 26870.0    11.4    25.3    1.09     5.6     0.0
    5 2005  149 19070.0     8.5    19.1    0.96     3.2     3.5
    5 2005  150  5180.0     7.1    12.6    0.94     3.1    10.8
    5 2005  151 22600.0     7.0    15.9    0.89     4.4     0.1
    5 2005  152 25320.0     4.4    18.3    0.68     2.1     0.0
    5 2005  153  7660.0    12.9    17.7    1.39     4.9     0.7
    5 2005  154 14490.0    12.9    25.0    1.36     4.0    12.7
    5 2005  155 14430.0    12.0    17.7    1.26     7.5     0.4
    5 2005  156 12510.0    12.3    17.0    1.33     4.9     2.5
    5 2005  157 15270.0     8.6    13.9    0.94     4.6     0.0
    5 2005  158 16340.0     6.9    13.7    0.83     5.0     0.4
    5 2005  159 24850.0     4.8    15.8    0.75     2.6     0.0
    5 2005  160 27560.0     4.9    18.2    0.73     2.0     0.0
    5 2005  161 12400.0     5.8    17.0    0.82     3.3     0.0
    5 2005  162 14850.0     8.4    13.9    0.92     4.3     0.0
    5 2005  163 11940.0     8.5    15.0    0.99     3.5    13.4
    5 2005  164 19600.0     7.3    15.9    0.88     4.5     3.5
    5 2005  165 26980.0     7.0    20.3    0.85     3.4     0.0
    5 2005  166 22800.0     6.8    24.2    0.85     3.6     0.6
    5 2005  167 15750.0    13.9    21.7    1.40     5.3     0.0
    5 2005  168 13070.0    13.6    21.9    1.44     4.5     0.0
    5 2005  169 28790.0    12.7    23.8    1.24     2.9     0.0
    5 2005  170 29880.0    11.7    29.4    1.04     2.7     0.0
    5 2005  171 27370.0    14.5    32.4    1.32     2.9     0.0
    5 2005  172 23140.0    13.0    23.5    1.31     3.2     0.0
    5 2005  173 28700.0    11.6    23.8    1.17     2.2     0.0
    5 2005  174 28200.0    13.1    30.0    1.23     1.9     0.0
    5 2005  175 26570.0    17.2    31.4    1.63     2.0     3.1
    5 2005  176 12940.0    11.9    22.6    1.29     4.0     8.5
    5 2005  177 28340.0    10.7    21.4    1.14     3.4     0.0
    5 2005  178 29880.0     9.3    20.8    1.02     3.0     0.0
    5 2005  179 27300.0     8.1    23.3    0.94     3.0     0.0
    5 2005  180 13900.0    12.3    23.1    1.24     3.7     2.8
    5 2005  181 11740.0    12.2    22.6    1.33     2.5    24.8
    5 2005  182 16980.0    12.0    20.2    1.30     3.5     0.7
    5 2005  183  9580.0    11.8    21.6    1.31     2.2     0.8
    5 2005  184 20570.0    16.3    24.5    1.69     2.8     0.0
    5 2005  185 10980.0    12.3    25.6    1.33     4.7    18.9
    5 2005  186 17200.0    11.4    18.3    1.22     4.3     0.6
    5 2005  187 13040.0    11.0    19.5    1.21     4.1     6.9
    5 2005  188 22310.0    10.3    19.9    1.11     1.8     0.0
    5 2005  189 10000.0    10.8    18.8    1.23     1.7     2.4
    5 2005  190 11930.0    12.2    20.2    1.36     2.5     1.8
    5 2005  191 26450.0    13.9    26.2    1.40     3.7     0.0
    5 2005  192 20890.0    16.1    23.8    1.66     4.2     0.0
    5 2005  193 25870.0    15.4    23.9    1.61     3.5     0.0
    5 2005  194 24660.0    14.7    23.0    1.54     2.5     0.0
    5 2005  195 25220.0    14.0    27.5    1.38     1.5     0.0
    5 2005  196 20980.0    14.3    23.0    1.43     4.0     0.0
    5 2005  197 20610.0    10.4    20.5    1.11     2.4     0.0
    5 2005  198 20450.0     9.3    22.9    1.03     2.4     0.0
    5 2005  199 18610.0    13.1    26.0    1.30     2.9     0.1
    5 2005  200 20240.0    15.3    20.1    1.49     6.0    10.5
    5 2005  201 15820.0    13.1    18.9    1.32     7.3     1.7
    5 2005  202  5410.0    12.8    16.6    1.37     6.9     2.6
    5 2005  203  7470.0    12.9    16.4    1.35     4.5    13.8
    5 2005  204  9530.0     8.7    17.2    1.04     3.8     0.3
    5 2005  205 12980.0     8.6    22.4    1.03     1.8     4.1
    5 2005  206  7420.0    15.0    18.6    1.63     2.8    14.0
    5 2005  207  8420.0    13.5    17.0    1.38     2.4     0.4
    5 2005  208  5340.0    13.1    20.3    1.45     2.6     6.5
    5 2005  209 16680.0    16.0    27.9    1.69     1.6     0.0
    5 2005  210 13220.0    17.8    25.4    1.89     2.8    14.5
    5 2005  211 17490.0    14.1    21.0    1.46     4.8    45.6
    5 2005  212  6580.0    13.9    16.4    1.47     6.2    16.1
    5 2005  213 20570.0     9.8    19.1    1.04     3.8     0.0
    5 2005  214 21500.0     7.7    19.1    0.92     2.1     0.0
    5 2005  215 15290.0     8.3    21.6    1.00     3.6     0.8
    5 2005  216 21950.0    12.3    20.0    1.26     4.6     0.0
    5 2005  217  5330.0    13.1    16.7    1.42     4.5     8.5
    5 2005  218 14150.0    10.2    17.7    1.13     3.3     7.1
    5 2005  219 19730.0     9.0    17.6    1.04     4.5     8.5
    5 2005  220 14710.0    13.0    18.7    1.35     5.0     2.8
    5 2005  221 13100.0    13.2    17.3    1.30     4.7     0.0
    5 2005  222 14600.0    13.0    18.3    1.36     5.0     0.6
    5 2005  223 10060.0     9.8    18.4    1.12     3.4     0.1
    5 2005  224  6810.0     9.2    16.5    1.10     2.6    21.0
    5 2005  225 16430.0     8.7    20.6    1.02     3.5     0.8
    5 2005  226 14060.0    13.4    19.4    1.45     6.1    11.2
    5 2005  227  7880.0    11.7    17.9    1.26     4.3     0.0
    5 2005  228 21460.0     8.5    20.9    1.01     1.4     0.0
    5 2005  229 22940.0     9.3    23.5    1.04     2.9     0.0
    5 2005  230 21700.0    10.8    27.2    1.14     3.0     0.0
    5 2005  231 13570.0    14.1    27.3    1.49     2.8     0.0
    5 2005  232 12490.0    15.2    21.9    1.61     2.6     0.0
    5 2005  233 16080.0    13.4    21.7    1.40     2.1     0.0
    5 2005  234 11750.0    10.8    21.4    1.21     1.7     0.0
    5 2005  235 12410.0     8.9    20.1    1.08     2.5     2.3
    5 2005  236 15880.0     8.6    21.2    0.99     5.0     1.8
    5 2005  237 13930.0    10.1    19.1    1.14     5.6    11.4
    5 2005  238 17610.0    10.3    17.6    1.11     5.7     3.1
    5 2005  239 13630.0    11.1    19.7    1.22     3.8     0.3
    5 2005  240 18600.0    11.3    22.6    1.18     3.4     0.0
    5 2005  241 20280.0    11.7    24.4    1.21     3.3     0.0
    5 2005  242 19910.0     9.6    25.5    1.07     2.3     0.0
    5 2005  243 19630.0    12.7    29.3    1.26     3.5     0.0
    5 2005  244 10520.0    15.6    23.0    1.62     3.7     0.4
    5 2005  245 15110.0    13.7    22.7    1.47     2.5     0.0
    5 2005  246 15670.0    11.3    23.7    1.22     3.8     0.0
    5 2005  247 18930.0     9.8    25.0    1.06     3.5     0.0
    5 2005  248 19200.0    13.8    27.0    1.32     3.4     0.0
    5 2005  249 14790.0    10.6    26.0    1.16     1.4     0.0
    5 2005  250 14380.0    15.0    24.5    1.54     2.5     0.0
    5 2005  251 16480.0    14.4    26.9    1.44     3.4     0.0
    5 2005  252 12980.0    16.0    26.4    1.63     2.7     2.9
    5 2005  253 12130.0    17.1    24.5    1.87     2.1     0.7
    5 2005  254  4360.0    16.5    19.0    1.82     3.2     0.0
    5 2005  255 13720.0    10.6    21.5    1.14     4.2     0.0
    5 2005  256 15690.0     9.8    21.1    1.10     1.5     0.0
    5 2005  257  4560.0    11.4    19.8    1.29     4.6     0.8
    5 2005  258  4680.0    10.6    17.9    1.24     3.5    23.0
    5 2005  259 13380.0     9.4    15.7    1.03     6.0     3.5
    5 2005  260 16120.0     5.3    15.6    0.78     2.8     4.6
    5 2005  261 13420.0     4.7    17.9    0.77     1.6     0.0
    5 2005  262 16130.0     5.4    19.8    0.81     1.1     0.0
    5 2005  263 15030.0     4.8    19.7    0.78     1.0     0.0
    5 2005  264 14370.0     6.0    20.3    0.85     1.3     0.0
    5 2005  265 14520.0     6.4    21.3    0.86     1.8     0.0
    5 2005  266 13760.0     5.8    21.4    0.83     2.8     0.0
    5 2005  267 12000.0    11.7    19.1    1.25     2.4     0.0
    5 2005  268  9570.0    12.0    20.4    1.27     4.0     0.0
    5 2005  269  5240.0    12.1    18.7    1.31     4.0     0.3
    5 2005  270  3320.0    12.9    16.1    1.41     5.4     1.1
    5 2005  271 10990.0     8.6    16.2    1.00     4.9     2.7
    5 2005  272 12410.0     6.8    15.7    0.89     6.3     8.0
    5 2005  273  3710.0     6.5    14.2    0.92     5.4     7.1
    5 2005  274 11050.0     7.3    16.5    0.95     4.6     2.2
    5 2005  275 10600.0     7.1    16.0    0.94     3.0     0.0
    5 2005  276 11150.0     5.1    16.6    0.83     1.9     0.0
    5 2005  277 11470.0     6.0    16.8    0.87     4.8     0.0
    5 2005  278 11020.0     9.5    18.9    1.12     4.5     0.0
    5 2005  279  6150.0     8.7    18.4    1.11     3.0     0.0
    5 2005  280  9980.0     7.3    18.9    0.98     2.3     0.0
    5 2005  281  6960.0     6.7    18.0    0.95     3.0     0.0
    5 2005  282  6540.0    11.1    16.5    1.23     2.2     0.0
    5 2005  283 10620.0    10.7    22.3    1.16     3.3     0.0
    5 2005  284 10560.0    10.4    21.2    1.15     3.4     0.0
    5 2005  285 10120.0    11.6    20.9    1.23     3.8     0.0
    5 2005  286 10200.0    10.3    21.9    1.12     2.2     0.4
    5 2005  287  6980.0    10.3    19.0    1.21     2.1     0.0
    5 2005  288  9310.0     8.5    18.0    1.04     4.2     0.0
    5 2005  289 10530.0     5.9    16.4    0.80     5.3     0.0
    5 2005  290 10510.0     4.3    13.4    0.72     4.8     0.0
    5 2005  291  9800.0     5.6    14.1    0.78     5.5     0.0
    5 2005  292  1740.0     5.7    11.2    0.86     4.2     2.3
    5 2005  293  5760.0     6.6    15.4    0.92     5.9     2.9
    5 2005  294  2090.0     7.8    15.9    1.02     4.8     5.1
    5 2005  295  3790.0    11.0    14.2    1.25     6.8     6.9
    5 2005  296  3630.0     7.9    12.9    1.03     2.4     3.0
    5 2005  297  1010.0    10.0    15.6    1.20     6.4    15.8
    5 2005  298  1600.0    13.0    15.3    1.41     9.4     6.4
    5 2005  299  5860.0    11.2    17.5    1.25     4.8     0.0
    5 2005  300  7660.0    10.7    20.8    1.18     3.5     0.0
    5 2005  301  5780.0    14.0    19.4    1.42     4.5     0.0
    5 2005  302  5550.0    13.8    19.0    1.44     3.5     0.0
    5 2005  303  7120.0    14.0    20.6    1.41     4.5     0.0
    5 2005  304  4160.0    11.5    18.6    1.23     3.8     0.0
    5 2005  305  5240.0     6.7    15.6    0.91     6.0     0.3
    5 2005  306   990.0     7.2    15.7    0.97     6.0     3.4
    5 2005  307  5360.0    13.5    18.0    1.38     8.5     0.0
    5 2005  308  2470.0     8.5    15.0    1.03     5.2     1.2
    5 2005  309  4760.0     7.2    11.8    0.95     5.3     0.0
    5 2005  310  6120.0     8.0    14.3    0.98     7.2     0.4
    5 2005  311  1320.0     8.7    12.8    1.08     5.0     4.3
    5 2005  312  5080.0     8.2    15.9    1.00     5.1     0.0
    5 2005  313  1970.0     2.9    11.3    0.71     3.4     0.3
    5 2005  314  2900.0     3.0    11.1    0.73     6.3     2.1
    5 2005  315  1480.0    11.0    13.8    1.25     8.4     0.4
    5 2005  316  2770.0     6.1    11.2    0.90     4.8     1.9
    5 2005  317  5170.0     3.9    12.5    0.77     1.8     0.0
    5 2005  318  4970.0     0.0    10.1    0.58     3.5     0.0
    5 2005  319  1140.0     5.3    10.7    0.85     4.2     4.7
    5 2005  320  2680.0     2.1     7.9    0.66     4.1     8.9
    5 2005  321  2920.0     0.5     7.5    0.60     2.4     4.0
    5 2005  322  4570.0    -1.1     8.5    0.54     2.3     0.1
    5 2005  323  4390.0    -2.2     9.2    0.50     2.0     0.3
    5 2005  324  1320.0     1.4     8.3    0.66     2.6     0.0
    5 2005  325  2100.0     2.6    11.2    0.71     3.6     0.3
    5 2005  326  1560.0    -0.3     4.2    0.58     1.3     0.0
    5 2005  327   750.0     2.7     4.4    0.73     1.9     0.2
    5 2005  328   560.0     1.1     5.4    0.65     6.2     6.4
    5 2005  329   750.0    -0.1     2.9    0.60     4.0    24.1
    5 2005  330  1280.0     0.2     2.5    0.61     2.8     2.4
    5 2005  331  1060.0    -1.2     2.6    0.55     2.5     1.0
    5 2005  332  1680.0    -2.9     3.3    0.49     2.5     0.0
    5 2005  333  2610.0    -0.1     5.8    0.60     3.3     0.5
    5 2005  334  3830.0    -0.6     5.0    0.56     5.0     0.0
    5 2005  335  3620.0     0.4     3.2    0.58     5.3     0.0
    5 2005  336  1930.0    -0.3     5.6    0.54     5.9     0.0
    5 2005  337   950.0     4.6     9.0    0.78     6.3     0.0
    5 2005  338  1600.0     6.3     8.8    0.92     4.9     3.6
    5 2005  339  2640.0     4.3     8.5    0.81     4.7     6.0
    5 2005  340  1370.0     3.3     6.8    0.76     4.0     1.3
    5 2005  341  1530.0     3.4     7.9    0.75     4.4     5.1
    5 2005  342  3200.0    -0.2     7.6    0.59     2.8     0.0
    5 2005  343  1090.0    -0.9     3.0    0.57     1.6     0.0
    5 2005  344  2210.0    -2.1     1.7    0.52     2.3     0.0
    5 2005  345   360.0     1.3     5.8    0.64     4.5     0.0
    5 2005  346  2880.0     5.6     8.5    0.86     3.6     0.0
    5 2005  347   970.0     5.3     7.5    0.83     2.8     0.0
    5 2005  348  2590.0     4.8     8.5    0.82     3.6     1.6
    5 2005  349  1290.0     6.0     9.2    0.87     6.5     0.2
    5 2005  350  2420.0     2.5     9.5    0.67     8.4     8.7
    5 2005  351  1870.0    -0.2     3.6    0.55     5.6     3.7
    5 2005  352  3410.0     0.6     5.2    0.60     4.3     1.1
    5 2005  353  2340.0     1.5     7.9    0.65     5.0     1.1
    5 2005  354   380.0     3.9     6.7    0.76     3.7     0.0
    5 2005  355   660.0     2.5     7.3    0.72     4.9     2.2
    5 2005  356  1240.0     2.6     8.1    0.73     3.0     2.4
    5 2005  357  1270.0     6.5     9.1    0.94     4.1     1.1
    5 2005  358  1540.0     3.8     8.6    0.77     3.7     0.2
    5 2005  359  3560.0     2.2     7.4    0.67     2.9     0.7
    5 2005  360  1950.0    -1.2     5.9    0.53     3.5     1.5
    5 2005  361  2350.0    -3.1    -0.3    0.45     5.7     0.2
    5 2005  362  3550.0    -4.4    -0.4    0.41     4.4     0.0
    5 2005  363  3390.0    -6.9     1.1    0.35     3.3     0.0
    5 2005  364  2140.0    -2.7    -0.2    0.47     6.5     7.3
    5 2005  365  1250.0    -0.3     5.1    0.59     6.2     1.8
