*---------------------------------------------------------------------------*
* Station name: Lelystad, Netherlands, actual data
* Year: 1998
* Author: Joost Wolf and Janette Bessembinder            -99.000: NIL VALUE
* Comments: vapour pressure calculated from minimum temperature and 
* relative humidity
* Longitude: 5 38 E, latitude: 52 34 N, altitude: -4 m.
*
* Column  Daily value
* 1       station number
* 2       year
* 3       day
* 4       irradiation                   (kJ m-2 d-1)
* 5       minimum temperature           (degrees Celsius)
* 6       maximum temperature           (degrees Celsius)
* 7       early morning vapour pressure (kPa)
* 8       mean wind speed (height: 2 m) (m s-1)
* 9       precipitation                 (mm d-1)
*
** WCCDESCRIPTION=Netherlands, Lelystad
** WCCFORMAT=2
** WCCYEARNR=1998
*---------------------------------------------------------------------------*
   5.63  52.57    -4.  -0.18 -0.55
    5 1998    1  2430.0     2.4     7.7    0.70     5.9     0.4
    5 1998    2   910.0     5.7     9.4    0.88     8.4    10.3
    5 1998    3   360.0     4.5    11.0    0.78     9.4    14.5
    5 1998    4  1560.0     4.4     8.3    0.77     9.5     8.6
    5 1998    5   740.0     3.7     7.5    0.74     9.6    10.3
    5 1998    6  2450.0     4.3     7.7    0.78     5.9     0.9
    5 1998    7  1620.0     6.5    10.8    0.91     7.8     9.4
    5 1998    8   900.0     6.8    11.8    0.91     8.8     3.6
    5 1998    9  2240.0     7.8    12.3    1.01     6.4     0.0
    5 1998   10  3870.0     3.7    10.9    0.75     4.2     0.0
    5 1998   11  3840.0     1.7     9.5    0.65     3.8     0.0
    5 1998   12  2660.0     3.9     9.8    0.77     3.8     0.0
    5 1998   13  3040.0     3.8    10.1    0.75     4.4     0.0
    5 1998   14   540.0     4.4    10.4    0.77     8.2     1.2
    5 1998   15   950.0     3.5     9.4    0.76     7.5     0.5
    5 1998   16  1730.0     5.3     8.1    0.86     5.5     1.0
    5 1998   17  2210.0     1.8     7.6    0.66     5.7     0.3
    5 1998   18   880.0     3.2     6.9    0.71     9.2     4.2
    5 1998   19  1450.0     1.9     7.2    0.66     8.3     7.8
    5 1998   20   750.0     0.8     5.2    0.60     7.3     1.9
    5 1998   21  3410.0    -2.9     1.4    0.45     2.4     0.0
    5 1998   22  2930.0    -3.9     0.6    0.42     2.6     0.0
    5 1998   23   570.0    -3.3     1.8    0.47     2.9     0.0
    5 1998   24  3340.0     1.3     4.4    0.62     6.5     0.0
    5 1998   25  4410.0    -1.6     3.0    0.51     6.9     0.0
    5 1998   26  7320.0    -4.2     1.7    0.43     2.5     0.0
    5 1998   27  2260.0    -5.8     0.9    0.38     1.2     0.0
    5 1998   28   910.0     0.6     4.6    0.63     2.3     0.9
    5 1998   29  3000.0    -0.5     5.6    0.59     1.4     0.1
    5 1998   30  2030.0     0.4     6.8    0.62     3.8     1.2
    5 1998   31  6640.0    -5.2     4.2    0.35     5.5     0.0
    5 1998   32  4970.0    -9.7    -1.8    0.25     2.4     0.0
    5 1998   33  2730.0    -9.9     4.4    0.28     4.2     2.0
    5 1998   34  6330.0    -1.2     4.3    0.53     3.3     0.1
    5 1998   35  6250.0    -0.8     5.5    0.55     4.7     0.0
    5 1998   36  5100.0     0.5     8.8    0.62     3.5     0.0
    5 1998   37  1540.0     3.7     6.8    0.74     4.4     0.0
    5 1998   38  2630.0     0.4     6.6    0.59     5.3     1.2
    5 1998   39  5270.0     0.1     6.8    0.60     4.5     0.0
    5 1998   40  7490.0     2.6    10.6    0.66     5.1     0.0
    5 1998   41  4880.0     2.2     9.8    0.67     4.2     0.0
    5 1998   42  5100.0     3.9    10.8    0.75     6.4     0.0
    5 1998   43  3460.0     7.7    12.7    1.00     6.1     0.0
    5 1998   44  6420.0     6.5    14.7    0.91     3.8     0.0
    5 1998   45  7370.0     3.2    15.2    0.72     3.4     0.0
    5 1998   46  5120.0     6.9    15.4    0.89     4.4     0.0
    5 1998   47  4570.0     6.9    12.0    0.91     7.6     0.5
    5 1998   48  3910.0     2.8     8.1    0.69     3.7     0.0
    5 1998   49  8450.0     1.7    12.0    0.64     3.4     0.0
    5 1998   50  5210.0     2.3    10.7    0.68     4.0     0.0
    5 1998   51  7260.0     8.4    13.9    1.01     5.1     0.0
    5 1998   52  2940.0     6.8    12.1    0.93     5.3     2.3
    5 1998   53  3890.0     2.6     9.5    0.71     3.5     0.0
    5 1998   54  7000.0     0.0    10.4    0.59     4.4     1.0
    5 1998   55  4220.0     6.1    11.2    0.91     3.8     0.0
    5 1998   56  3030.0     2.3    10.9    0.70     1.6     0.0
    5 1998   57  1900.0     6.9     9.1    0.93     4.5     0.0
    5 1998   58  1900.0     6.9     9.6    0.89     9.0     0.1
    5 1998   59  8210.0     1.0     8.0    0.59     7.3    10.0
    5 1998   60  5690.0     0.9     6.1    0.63     4.9     2.0
    5 1998   61  6890.0     3.3     9.6    0.72     6.9     2.7
    5 1998   62   760.0     7.4    13.6    1.00     9.8    14.6
    5 1998   63  1900.0     4.4    13.9    0.78     8.5    14.8
    5 1998   64  5940.0     3.6     7.3    0.73     7.9     9.1
    5 1998   65  1300.0     3.3     9.9    0.76     3.9    27.6
    5 1998   66  3890.0     7.5    11.9    0.98     8.3    19.0
    5 1998   67  5170.0    -0.5     8.0    0.54     5.7     1.1
    5 1998   68 12240.0    -1.2     7.4    0.51     3.7     0.5
    5 1998   69 11270.0     0.3     8.5    0.54     4.9     0.0
    5 1998   70  2630.0     0.6     5.5    0.62     6.3     6.5
    5 1998   71  9490.0     0.6     6.9    0.57     4.4     0.0
    5 1998   72  3200.0    -0.2     8.2    0.59     4.3     0.7
    5 1998   73  6930.0     6.2     9.8    0.92     5.5     0.4
    5 1998   74  4150.0     6.7     9.8    0.96     4.5     1.4
    5 1998   75  4580.0     7.2    10.8    0.98     3.0     0.0
    5 1998   76  6360.0     7.8    10.3    1.01     3.7     0.0
    5 1998   77  9440.0     4.6    11.1    0.79     4.9     0.0
    5 1998   78 12870.0     3.8     9.1    0.73     4.1     0.8
    5 1998   79  4330.0     5.3     8.3    0.86     4.8     1.3
    5 1998   80 12490.0     1.2     9.2    0.61     2.6     0.0
    5 1998   81  5180.0     4.1     9.0    0.78     4.5     3.2
    5 1998   82  7340.0    -1.0     6.8    0.51     5.8     0.0
    5 1998   83 15240.0    -2.7     9.5    0.41     2.4     0.0
    5 1998   84 15440.0     1.3    12.0    0.52     4.2     0.0
    5 1998   85  7060.0     1.9    10.7    0.61     7.0     2.8
    5 1998   86  4600.0     8.5    13.2    1.09     4.4     1.0
    5 1998   87  5130.0     8.9    13.9    1.10     3.4     0.0
    5 1998   88 11890.0     7.9    21.0    0.94     2.8     0.0
    5 1998   89 11990.0    10.9    20.6    1.12     4.0     0.0
    5 1998   90  8070.0     6.8    14.8    0.94     2.5     0.0
    5 1998   91  5540.0     4.5    12.6    0.82     2.3     1.1
    5 1998   92  6640.0     8.7    13.6    1.10     2.4     1.9
    5 1998   93  4100.0     7.1    13.4    0.95     5.8    11.6
    5 1998   94  7040.0     7.1    12.9    0.94     7.6    13.7
    5 1998   95 11880.0     7.2    13.0    0.93     6.7     4.7
    5 1998   96 10660.0     6.8    13.5    0.92     4.7     2.1
    5 1998   97 11450.0     3.1    13.0    0.72     3.2     3.0
    5 1998   98 11450.0     5.2    11.1    0.83     3.5     0.9
    5 1998   99 10780.0     3.2    11.9    0.74     2.8     0.5
    5 1998  100  8090.0     3.8    11.2    0.76     2.0     0.9
    5 1998  101 14040.0     4.8    11.1    0.81     4.4     0.7
    5 1998  102 16620.0     3.3     9.5    0.67     6.1     0.0
    5 1998  103  9920.0     0.3     7.6    0.60     6.0     8.8
    5 1998  104  9530.0     0.3     8.3    0.59     4.7     1.0
    5 1998  105  4410.0     3.3     8.4    0.74     4.6     9.3
    5 1998  106 13320.0     1.3     9.9    0.62     4.8     1.0
    5 1998  107 11940.0     3.5    14.1    0.68     3.5     0.0
    5 1998  108  6480.0     6.9    11.1    0.94     2.3     1.7
    5 1998  109 10540.0     4.4    12.2    0.78     2.1     0.9
    5 1998  110  4380.0     7.2    12.4    0.97     4.3     9.2
    5 1998  111 14810.0     6.5    14.5    0.88     2.9     0.0
    5 1998  112 20050.0     8.2    20.3    0.92     4.2     0.0
    5 1998  113 19570.0     7.6    22.5    0.90     3.9     0.5
    5 1998  114  8030.0    10.5    14.2    1.20     5.4     3.9
    5 1998  115  6500.0     9.0    14.5    1.11     4.7    10.7
    5 1998  116 11380.0     8.1    14.1    1.00     2.9     0.1
    5 1998  117 10460.0     6.3    14.8    0.91     2.0     6.2
    5 1998  118 13320.0     7.8    14.6    0.98     2.1     0.1
    5 1998  119 21810.0     4.7    17.0    0.79     4.0     0.0
    5 1998  120  9320.0     9.7    15.5    1.15     3.1     0.0
    5 1998  121  8570.0     9.4    14.6    1.15     3.4     0.0
    5 1998  122  7960.0     8.5    12.8    1.07     5.6     1.2
    5 1998  123 10030.0     7.5    11.7    0.93     5.4     0.0
    5 1998  124 22350.0     7.1    12.2    0.88     4.1     0.0
    5 1998  125 12700.0     7.4    14.2    0.95     4.5     0.8
    5 1998  126  6680.0     9.5    14.0    1.13     7.1     3.2
    5 1998  127  7730.0    10.7    15.0    1.14     6.5     0.0
    5 1998  128 24250.0     8.5    23.9    0.91     3.8     0.0
    5 1998  129 22270.0     9.7    26.6    1.03     3.3     0.0
    5 1998  130 24270.0     9.6    29.3    1.02     3.2     0.0
    5 1998  131 22080.0    11.8    31.1    1.11     2.8     0.0
    5 1998  132 23660.0    13.5    32.2    1.24     3.0     0.0
    5 1998  133 24850.0    15.3    27.7    1.46     6.2     0.0
    5 1998  134 27630.0    11.9    25.6    1.05     6.0     0.0
    5 1998  135 27810.0     8.2    25.3    0.82     5.2     0.0
    5 1998  136 27980.0     9.9    22.2    0.94     5.6     0.0
    5 1998  137 27730.0     6.8    22.3    0.80     4.0     0.0
    5 1998  138 26820.0     9.6    23.7    1.01     3.5     0.0
    5 1998  139 27220.0     9.9    20.8    1.05     3.9     0.0
    5 1998  140 16030.0     9.7    18.3    1.06     3.3     0.0
    5 1998  141  9380.0     9.6    15.3    1.03     4.1     0.2
    5 1998  142 11730.0     8.2    13.6    0.91     4.6     1.1
    5 1998  143  7640.0     7.4    13.1    0.95     3.6     2.0
    5 1998  144  9370.0    10.5    15.0    1.22     3.8     2.7
    5 1998  145 14190.0    10.9    18.5    1.22     3.3     3.7
    5 1998  146 12060.0    10.7    16.2    1.21     2.9     3.5
    5 1998  147 13410.0     9.2    17.4    1.11     2.0     4.9
    5 1998  148 16510.0     8.4    21.7    1.03     2.8    11.0
    5 1998  149 13720.0    12.5    18.5    1.38     2.9    14.6
    5 1998  150 10320.0    12.3    17.2    1.36     1.9     0.1
    5 1998  151 17910.0    10.2    19.1    1.15     2.9     0.0
    5 1998  152 24390.0    10.2    20.6    1.09     3.2     0.0
    5 1998  153 17360.0    12.4    22.9    1.29     4.0     7.2
    5 1998  154 18660.0    12.1    19.6    1.28     5.0     4.3
    5 1998  155 13000.0     8.9    16.5    1.05     4.0     0.0
    5 1998  156 11670.0     7.3    16.0    0.97     5.3    10.4
    5 1998  157 13340.0    13.8    25.4    1.52     2.4    28.3
    5 1998  158 10650.0    12.5    18.7    1.35     3.9     6.2
    5 1998  159 13550.0    12.7    18.4    1.32     5.7     0.4
    5 1998  160  3490.0    14.3    17.5    1.60     6.2    14.1
    5 1998  161 20650.0     9.7    19.1    1.09     5.3     4.0
    5 1998  162 11890.0     7.8    18.5    1.01     3.0    34.9
    5 1998  163 13440.0     5.7    14.2    0.84     5.3    25.5
    5 1998  164 23190.0     4.6    17.4    0.73     3.9     0.0
    5 1998  165 10110.0    11.3    16.1    1.28     4.4     3.8
    5 1998  166 18270.0    10.8    19.8    1.23     2.6     3.3
    5 1998  167 11500.0    11.2    16.3    1.26     4.1     3.0
    5 1998  168 25840.0    11.3    17.9    1.18     4.8     0.0
    5 1998  169  8760.0    12.1    16.4    1.37     3.4     7.4
    5 1998  170 13780.0    13.1    21.3    1.45     2.8     0.2
    5 1998  171 25460.0    11.2    27.1    1.20     2.0     0.0
    5 1998  172 26210.0    17.3    29.1    1.77     4.0     0.2
    5 1998  173 26320.0    13.3    19.4    1.37     4.9     0.0
    5 1998  174  7540.0    13.1    18.3    1.45     4.4     2.4
    5 1998  175 11850.0    16.1    22.5    1.73     3.1     1.0
    5 1998  176 14710.0    11.4    24.6    1.25     4.6     6.4
    5 1998  177 18640.0    10.0    21.9    1.12     2.8     0.0
    5 1998  178 13520.0    12.3    21.2    1.31     4.5     9.0
    5 1998  179 24970.0    12.2    19.1    1.29     5.0     5.8
    5 1998  180 14540.0    12.4    18.3    1.34     4.4     5.6
    5 1998  181 11740.0    12.7    18.0    1.39     4.2     5.6
    5 1998  182 19980.0    11.5    18.5    1.25     4.2     0.5
    5 1998  183 11030.0    12.8    17.3    1.37     2.3     0.0
    5 1998  184 11800.0    12.8    16.7    1.33     3.8     0.0
    5 1998  185 11570.0    13.2    19.2    1.42     3.8     0.0
    5 1998  186  8190.0    14.3    18.0    1.55     4.4     1.4
    5 1998  187 18750.0    10.7    18.5    1.18     3.9     0.0
    5 1998  188 16710.0    11.2    15.9    1.18     6.0     0.7
    5 1998  189 16530.0    10.8    17.4    1.16     5.4     0.1
    5 1998  190  6580.0    13.6    17.3    1.51     3.8     1.3
    5 1998  191 14020.0    13.0    20.6    1.41     2.9     0.4
    5 1998  192 21970.0    14.0    19.1    1.44     5.5     3.3
    5 1998  193  4750.0    13.4    18.0    1.50     6.0    11.2
    5 1998  194 20920.0    10.8    18.3    1.15     5.4     1.8
    5 1998  195  8030.0    10.9    16.8    1.20     5.4     0.5
    5 1998  196 17420.0    12.2    18.5    1.33     4.1     0.0
    5 1998  197 11320.0     8.7    18.3    1.08     3.1     3.3
    5 1998  198 13660.0     7.5    20.0    0.98     4.2     4.9
    5 1998  199 17170.0    11.4    19.2    1.25     4.7     0.9
    5 1998  200 19360.0    10.9    21.5    1.20     2.8     0.0
    5 1998  201 24240.0    11.0    29.6    1.18     2.4     0.3
    5 1998  202 12040.0    12.8    22.7    1.36     5.0     1.3
    5 1998  203 24680.0    11.6    22.4    1.21     4.0     0.0
    5 1998  204 14710.0    14.9    22.4    1.51     4.3     0.0
    5 1998  205 20920.0     9.8    19.9    1.10     2.9     0.0
    5 1998  206 26040.0     8.7    20.2    1.01     2.4     0.0
    5 1998  207 24200.0     7.3    22.3    0.90     1.6     0.0
    5 1998  208 15210.0    10.4    24.3    1.14     1.6     0.0
    5 1998  209 11840.0    11.9    20.2    1.32     2.8     9.0
    5 1998  210  7380.0    12.8    19.1    1.44     4.5     3.7
    5 1998  211 14320.0    13.0    19.4    1.41     5.2    12.3
    5 1998  212 11230.0    11.5    18.3    1.30     4.3     6.3
    5 1998  213 15910.0    11.4    19.4    1.26     2.2     0.0
    5 1998  214 17560.0     9.9    19.5    1.13     2.5     0.0
    5 1998  215 20860.0     7.8    22.2    0.95     3.9     0.0
    5 1998  216 20400.0    14.3    19.2    1.49     4.8     4.5
    5 1998  217 12240.0     9.4    18.9    1.10     3.9     0.0
    5 1998  218 24270.0     8.8    23.9    0.99     3.5     0.0
    5 1998  219 22820.0    13.1    23.2    1.41     2.3     0.0
    5 1998  220 24600.0    13.1    25.0    1.38     3.0     0.0
    5 1998  221 23610.0    12.9    23.1    1.32     4.0     0.0
    5 1998  222 23750.0    11.6    29.3    1.21     3.1     0.0
    5 1998  223 22270.0    15.0    27.9    1.56     2.5     0.0
    5 1998  224 20060.0    12.9    27.0    1.35     3.0     0.0
    5 1998  225 16650.0    12.7    19.2    1.31     4.4     0.0
    5 1998  226 10070.0    11.7    22.7    1.29     3.0     0.0
    5 1998  227 10160.0     8.0    21.9    1.01     3.3     0.0
    5 1998  228 17760.0     7.2    21.2    0.92     2.0     0.0
    5 1998  229 18510.0    12.9    23.0    1.34     3.5     0.0
    5 1998  230 18360.0    10.9    21.5    1.20     2.9     0.0
    5 1998  231 20850.0     9.4    20.3    1.07     1.3     0.2
    5 1998  232 15950.0     8.9    22.1    1.04     4.8     0.0
    5 1998  233  8600.0    13.1    18.1    1.43     6.8    15.0
    5 1998  234 12530.0    12.2    17.2    1.29     5.0     6.4
    5 1998  235 11590.0     8.7    18.3    1.03     5.3    11.5
    5 1998  236 10060.0    12.9    17.0    1.34     6.8     3.1
    5 1998  237 10290.0    11.3    17.3    1.20     3.2     0.0
    5 1998  238  4990.0    10.2    14.6    1.20     3.6    25.2
    5 1998  239 19880.0     9.3    15.8    1.05     5.5     1.0
    5 1998  240  8620.0    11.0    14.6    1.17     5.3     0.2
    5 1998  241 12170.0    10.6    16.9    1.16     2.5     0.1
    5 1998  242 10420.0     7.9    18.1    1.02     2.1     1.8
    5 1998  243 19370.0     7.9    19.6    0.98     3.0     0.0
    5 1998  244  7770.0    10.8    18.9    1.20     3.9     3.0
    5 1998  245  6420.0    12.9    18.6    1.44     2.8     4.9
    5 1998  246  3100.0    15.6    19.6    1.76     3.5     9.9
    5 1998  247  9660.0    14.4    20.1    1.57     2.4     0.3
    5 1998  248  7260.0    13.1    20.0    1.45     3.7     3.9
    5 1998  249  8010.0    12.5    20.5    1.41     1.8     1.1
    5 1998  250  8690.0    12.7    20.9    1.41     3.3     2.6
    5 1998  251  7970.0    15.1    19.9    1.66     5.6     4.0
    5 1998  252  4880.0    14.4    20.2    1.58     6.7     3.8
    5 1998  253 12310.0    13.9    21.2    1.48     6.6     2.9
    5 1998  254  9710.0    10.6    17.9    1.22     4.9     2.9
    5 1998  255  5100.0     7.5    13.9    1.02     1.9     7.4
    5 1998  256  5500.0     4.1    11.3    0.81     3.5     8.2
    5 1998  257  3120.0     3.4    13.9    0.77     6.4    39.8
    5 1998  258  9650.0    11.1    16.3    1.25     6.5     4.2
    5 1998  259  8450.0    10.7    15.6    1.20     6.3     7.9
    5 1998  260  6000.0    11.5    15.2    1.28     6.9     3.0
    5 1998  261 11260.0     6.5    18.8    0.91     2.4     0.5
    5 1998  262  9340.0    13.8    20.7    1.54     2.7     3.1
    5 1998  263  8530.0    11.2    19.4    1.30     2.9     0.0
    5 1998  264 14260.0    10.9    19.9    1.24     3.4     0.0
    5 1998  265 12820.0     9.6    18.5    1.13     4.5     0.0
    5 1998  266 10930.0     7.9    17.7    1.04     3.9     0.0
    5 1998  267 13320.0     8.1    20.5    1.02     3.0     0.0
    5 1998  268  9840.0    11.8    22.8    1.29     2.2     0.0
    5 1998  269 10800.0    11.1    22.7    1.25     3.1     0.4
    5 1998  270 10710.0    10.8    21.4    1.24     2.5     0.0
    5 1998  271  8930.0     9.3    18.5    1.15     1.7     0.0
    5 1998  272  6660.0    11.8    19.0    1.34     2.3     0.0
    5 1998  273  4430.0    11.3    16.5    1.32     4.7     2.3
    5 1998  274  2120.0     8.5    13.3    1.10     5.0     0.5
    5 1998  275  7460.0     3.6     9.4    0.73     5.8     0.0
    5 1998  276  1930.0     4.4     6.5    0.81     3.3     1.2
    5 1998  277  2960.0     4.7     7.5    0.85     3.5     1.7
    5 1998  278  2130.0     5.7     8.7    0.90     6.0     0.2
    5 1998  279  9630.0     6.0    11.3    0.86     7.4     0.4
    5 1998  280  1920.0     6.8     9.2    0.97     3.3     1.0
    5 1998  281  1550.0     3.8     9.8    0.80     3.3    17.7
    5 1998  282 10250.0     3.1    12.9    0.75     4.0     3.1
    5 1998  283  5610.0     9.5    14.1    1.15     5.1     4.8
    5 1998  284  2250.0     8.9    13.3    1.10     4.4     5.8
    5 1998  285  5810.0     8.4    13.0    1.02     6.1     9.5
    5 1998  286  5600.0     5.8    13.6    0.90     5.3     1.4
    5 1998  287  1870.0     8.6    17.0    1.10     5.5     4.2
    5 1998  288  7800.0     6.4    14.1    0.91     3.3     0.5
    5 1998  289  7090.0     5.8    15.2    0.88     5.5     0.0
    5 1998  290  2040.0     9.2    15.4    1.11     7.0    12.0
    5 1998  291  8370.0     1.7    11.5    0.63     3.3     0.1
    5 1998  292  6850.0     0.3    11.1    0.60     3.4     1.7
    5 1998  293  6270.0     4.5    10.4    0.78     3.2     2.3
    5 1998  294  1430.0     8.4    14.6    1.06     8.5     3.3
    5 1998  295  3420.0    14.2    17.4    1.55     7.3     0.0
    5 1998  296   790.0     9.5    15.8    1.14     7.3    20.6
    5 1998  297  3450.0     8.4    12.6    1.07     7.2    16.4
    5 1998  298  3950.0     8.0    12.3    0.98     8.8    17.6
    5 1998  299  2980.0     4.6     9.8    0.79     4.5     4.4
    5 1998  300  1080.0     5.4    15.2    0.87     9.2    29.6
    5 1998  301  4380.0     9.6    15.6    1.07     9.6    17.1
    5 1998  302  3260.0     7.2    11.4    0.91     8.0     8.2
    5 1998  303  3940.0     4.8     9.1    0.79     5.1     9.6
    5 1998  304  3510.0     5.2     9.3    0.86     4.1     5.5
    5 1998  305  5920.0     5.2    10.1    0.84     4.8     8.1
    5 1998  306  3800.0     4.1     8.7    0.80     4.0    11.5
    5 1998  307  3360.0     6.5     9.1    0.93     6.7     4.0
    5 1998  308  4080.0     3.4     8.4    0.74     3.4     4.4
    5 1998  309  3230.0     2.3    10.3    0.69     5.8    10.9
    5 1998  310  6020.0     2.2    10.4    0.67     4.8     0.6
    5 1998  311  2950.0     0.9     9.4    0.65     3.1     0.0
    5 1998  312  1100.0     3.8    10.8    0.79     5.1     6.9
    5 1998  313  1360.0     8.4    14.8    1.08     5.0     7.5
    5 1998  314  1760.0     6.5    11.5    0.94     4.0     7.0
    5 1998  315  5930.0     2.4    10.0    0.68     2.8     0.0
    5 1998  316  4250.0     2.2     7.5    0.69     4.0     0.4
    5 1998  317  1210.0     5.4     8.5    0.88     5.0     4.7
    5 1998  318  1070.0     4.7     6.7    0.85     2.2     1.2
    5 1998  319  2540.0     4.4     7.9    0.83     1.5     2.4
    5 1998  320  4770.0     1.6     6.7    0.65     3.0     0.1
    5 1998  321  4500.0     0.3     6.2    0.61     1.5     0.7
    5 1998  322  2190.0    -0.4     4.7    0.59     1.9     1.9
    5 1998  323  4960.0    -2.8     3.0    0.48     2.0     0.0
    5 1998  324  6530.0    -4.1     1.6    0.44     1.4     0.0
    5 1998  325  7150.0    -4.4     1.3    0.41     3.0     0.0
    5 1998  326  4690.0    -6.8    -0.7    0.33     2.9     0.0
    5 1998  327  5490.0    -8.0    -1.3    0.32     1.8     0.0
    5 1998  328  3110.0    -7.1    -1.3    0.34     3.2     0.0
    5 1998  329  1220.0    -1.3     1.0    0.54     2.5     0.6
    5 1998  330   750.0     0.7     6.6    0.64     4.5     4.5
    5 1998  331  2730.0     2.5     7.4    0.71     3.2     0.1
    5 1998  332  2670.0     1.4     5.8    0.66     4.5     2.3
    5 1998  333   610.0     0.4     3.2    0.62     3.3     4.3
    5 1998  334   340.0     0.2     2.0    0.59     4.9     0.0
    5 1998  335  1480.0    -2.4     1.0    0.49     5.7     0.0
    5 1998  336   950.0    -3.5    -1.9    0.44     5.4     0.0
    5 1998  337   870.0    -2.5    -1.1    0.49     2.0     0.0
    5 1998  338  2610.0    -1.4     3.9    0.54     4.0     2.1
    5 1998  339  2460.0    -1.5     2.2    0.53     5.2     4.6
    5 1998  340  3360.0    -2.7     4.0    0.45     4.8     0.3
    5 1998  341  3580.0    -7.8     3.2    0.33     2.2     0.0
    5 1998  342  1470.0    -8.3     1.2    0.33     3.7     0.1
    5 1998  343   570.0     0.7     2.2    0.64     3.8     5.0
    5 1998  344   630.0     1.6     2.7    0.69     2.6     0.0
    5 1998  345   290.0     1.5     6.0    0.68     2.6     0.6
    5 1998  346   400.0     5.4    12.6    0.90     5.2    10.8
    5 1998  347  1650.0     6.8    12.5    0.90     7.9     0.8
    5 1998  348  2060.0     7.4    12.7    1.00     6.1     1.0
    5 1998  349   510.0     6.2    11.7    0.94     4.6    15.5
    5 1998  350  2340.0     4.6     9.0    0.83     4.0     0.0
    5 1998  351  2880.0     3.5     7.5    0.74     4.8     0.0
    5 1998  352   520.0     5.0     7.6    0.86     5.7     1.1
    5 1998  353  1370.0     4.2     8.2    0.79     6.0    13.3
    5 1998  354  3110.0     1.3     5.8    0.63     3.4     0.9
    5 1998  355  3070.0     0.0     4.5    0.59     2.4     0.1
    5 1998  356  1990.0     1.5     6.4    0.66     3.8     0.0
    5 1998  357  1240.0     4.0     6.1    0.76     6.6     0.5
    5 1998  358  2860.0     1.5     6.5    0.65     4.9     2.8
    5 1998  359   350.0     4.3     9.8    0.82     8.9     7.6
    5 1998  360  2100.0     5.6    11.4    0.84     8.7     5.1
    5 1998  361   960.0     5.8    11.8    0.84     7.5     3.6
    5 1998  362   630.0     3.8     9.6    0.77     5.4     2.2
    5 1998  363  2570.0     1.9     5.9    0.67     4.4     0.0
    5 1998  364  3130.0     4.7     9.3    0.79     4.6     0.0
    5 1998  365  1910.0     3.7     9.4    0.71     4.6     0.0
