*---------------------------------------------------------------------------*
* Station name: Lelystad, Netherlands, actual data
* Year: 2006
* Author: Joost Wolf and Janette Bessembinder            -99.000: NIL VALUE
* Comments: vapour pressure calculated from minimum temperature and 
* relative humidity
* Longitude: 5 38 E, latitude: 52 34 N, altitude: -4 m.
*
* Column  Daily value
* 1       station number
* 2       year
* 3       day
* 4       irradiation                   (kJ m-2 d-1)
* 5       minimum temperature           (degrees Celsius)
* 6       maximum temperature           (degrees Celsius)
* 7       early morning vapour pressure (kPa)
* 8       mean wind speed (height: 2 m) (m s-1)
* 9       precipitation                 (mm d-1)
*
** WCCDESCRIPTION=Netherlands, Lelystad
** WCCFORMAT=2
** WCCYEARNR=2006
*---------------------------------------------------------------------------*
   5.63  52.57    -4.  -0.18 -0.55
    5 2006    1   630.0     1.0     4.6    0.64     2.9     0.0
    5 2006    2  2850.0    -2.4     5.5    0.50     1.8     0.0
    5 2006    3  3610.0    -3.2     4.2    0.47     2.2     0.0
    5 2006    4  1080.0    -0.3     2.2    0.57     3.4     0.0
    5 2006    5   500.0    -1.6     1.5    0.52     4.8     0.0
    5 2006    6   280.0     0.7     1.6    0.62     4.4     0.0
    5 2006    7   900.0     0.5     2.0    0.60     3.8     0.0
    5 2006    8   600.0    -0.9     1.9    0.55     4.0     0.0
    5 2006    9  1200.0    -3.0    -0.7    0.48     3.0     0.0
    5 2006   10  1630.0    -1.5     4.4    0.53     5.7     0.0
    5 2006   11   390.0    -0.4     5.2    0.58     6.7     2.9
    5 2006   12   910.0    -1.7     3.9    0.53     2.9     0.0
    5 2006   13  3870.0    -1.0     3.9    0.54     3.4     0.0
    5 2006   14  4250.0    -1.4     4.0    0.51     3.8     0.0
    5 2006   15  4630.0    -3.6     2.6    0.42     3.0     0.0
    5 2006   16  3770.0    -3.7     3.6    0.43     4.9     0.4
    5 2006   17   650.0     3.3     6.3    0.75     5.5     3.7
    5 2006   18  2510.0    -1.9     6.9    0.51     2.9     0.6
    5 2006   19   640.0    -1.5     8.4    0.55     4.2     3.7
    5 2006   20   790.0     4.3     9.0    0.78     7.3     1.7
    5 2006   21  3490.0     2.4     7.3    0.67     6.0     0.0
    5 2006   22  1590.0    -4.3     2.7    0.41     4.2     0.0
    5 2006   23  5270.0    -5.7    -0.8    0.34     3.8     0.0
    5 2006   24  4520.0    -5.2     2.4    0.34     2.3     0.0
    5 2006   25  2260.0    -7.5     4.7    0.33     5.3     0.2
    5 2006   26  2010.0    -0.3     1.8    0.55     7.3     0.0
    5 2006   27  1380.0    -6.3     0.4    0.35     4.1     0.0
    5 2006   28  5690.0    -6.4     1.2    0.32     5.8     0.0
    5 2006   29  6470.0    -7.2     4.6    0.32     4.3     0.0
    5 2006   30  2750.0    -0.1     5.1    0.58     3.0     0.0
    5 2006   31  3290.0    -1.6     2.5    0.52     2.8     0.0
    5 2006   32  2330.0    -4.3    -1.6    0.44     1.8     0.0
    5 2006   33   790.0    -3.7    -1.2    0.46     1.5     0.0
    5 2006   34  1210.0    -1.6     3.9    0.53     2.5     0.0
    5 2006   35  2180.0     0.9     6.0    0.63     3.1     0.0
    5 2006   36   660.0    -0.4     5.3    0.58     3.0     0.6
    5 2006   37  1350.0     1.7     6.0    0.68     3.8     0.1
    5 2006   38  1500.0     5.4     7.4    0.84     6.5     0.3
    5 2006   39  4050.0     2.6     6.5    0.69     7.8     9.9
    5 2006   40  4430.0     0.6     5.5    0.59     8.1     3.6
    5 2006   41  1150.0     1.1     3.5    0.62     3.7     0.0
    5 2006   42  1830.0    -0.7     3.1    0.57     1.4     0.0
    5 2006   43  1960.0    -0.9     2.5    0.55     4.9     2.0
    5 2006   44  3090.0     1.4     4.4    0.63     3.6     0.0
    5 2006   45  3190.0     3.0     7.6    0.73     5.0     0.3
    5 2006   46  2120.0     5.0     9.8    0.83     7.2    10.2
    5 2006   47  3220.0     3.7     8.9    0.76     5.2     1.7
    5 2006   48  1660.0     3.1     6.5    0.74     5.8     3.0
    5 2006   49  3900.0     0.5     7.1    0.60     2.7     0.0
    5 2006   50  4520.0    -0.1     7.3    0.59     4.3     0.0
    5 2006   51  1620.0     2.1     3.7    0.67     7.8     0.0
    5 2006   52  2490.0     1.8     3.7    0.65     8.1     0.2
    5 2006   53  1360.0    -0.3     2.3    0.53     6.0     0.0
    5 2006   54  6730.0    -1.7     3.4    0.47     2.8     0.0
    5 2006   55 10090.0    -2.4     4.3    0.44     7.0     0.0
    5 2006   56 10620.0    -2.2     3.2    0.45     8.5     0.0
    5 2006   57  9090.0    -0.8     5.5    0.50     4.7     0.0
    5 2006   58  4940.0     0.0     4.9    0.57     3.5     2.9
    5 2006   59  5710.0    -0.5     4.7    0.56     4.3     6.2
    5 2006   60  4760.0    -2.6     3.5    0.48     5.8     9.9
    5 2006   61 12030.0    -4.8     2.8    0.40     5.6     5.4
    5 2006   62  7080.0   -10.8    -0.4    0.26     1.8     0.0
    5 2006   63  9390.0   -10.7     2.7    0.26     4.0     0.4
    5 2006   64 11000.0    -5.4     3.5    0.38     5.3     2.1
    5 2006   65 10150.0    -0.7     4.3    0.55     5.1     4.8
    5 2006   66 11420.0    -3.3     6.0    0.42     2.4     0.0
    5 2006   67  1810.0     1.1     5.1    0.64     3.8    10.0
    5 2006   68  3050.0     2.4     6.7    0.71     2.3     3.8
    5 2006   69  3110.0     2.0     6.5    0.68     4.5     3.1
    5 2006   70  6000.0    -4.2     3.5    0.40     6.6     0.0
    5 2006   71 13830.0    -7.4     1.2    0.30     1.8     0.0
    5 2006   72 14730.0    -7.3     3.0    0.29     3.3     0.0
    5 2006   73 10110.0    -4.4     4.1    0.37     3.7     0.0
    5 2006   74 14350.0    -3.7     4.8    0.41     5.3     0.0
    5 2006   75  3190.0     0.0     2.6    0.56     5.8     0.0
    5 2006   76  3330.0    -1.6     1.9    0.50     5.3     0.0
    5 2006   77  5290.0    -2.4     2.1    0.49     5.1     0.0
    5 2006   78  4270.0    -3.2     5.6    0.46     2.0     0.0
    5 2006   79  9510.0     1.7     8.9    0.60     4.0     0.0
    5 2006   80  8880.0    -3.4     6.7    0.40     3.9     0.0
    5 2006   81 13540.0    -5.6     5.4    0.35     2.6     0.0
    5 2006   82 17790.0    -6.9     8.9    0.29     3.8     0.0
    5 2006   83  7400.0     0.7    10.9    0.56     4.6     1.1
    5 2006   84  8200.0     6.4    14.4    0.90     5.0     5.5
    5 2006   85 11880.0    10.7    16.2    1.21     7.8     8.9
    5 2006   86  7560.0     9.4    17.5    1.08     8.4     4.3
    5 2006   87 12950.0     7.3    13.8    0.88    10.1     0.0
    5 2006   88 14650.0     5.6    10.1    0.81     5.8     3.2
    5 2006   89  8310.0     7.1    14.6    0.94     9.4     7.3
    5 2006   90 10320.0     8.9    13.8    1.04     8.8     0.9
    5 2006   91  9850.0     6.4    15.0    0.86     6.9     0.6
    5 2006   92  9380.0     5.5    12.3    0.82     7.6     7.2
    5 2006   93 10740.0     2.7     9.3    0.67     6.5     2.9
    5 2006   94 15830.0     2.8     8.3    0.66     5.1     0.9
    5 2006   95 18050.0     0.5     7.5    0.54     4.7     0.2
    5 2006   96 12640.0    -0.3    10.9    0.50     6.3     0.2
    5 2006   97 13560.0     5.0    10.5    0.76     5.5     1.3
    5 2006   98 12080.0     3.4     9.0    0.68     7.2     3.3
    5 2006   99 20050.0     2.2    10.3    0.62     5.3     0.1
    5 2006  100 18380.0     0.7     9.8    0.57     4.3     0.0
    5 2006  101 10720.0    -2.5     9.8    0.45     6.2     2.8
    5 2006  102 11450.0     4.2    10.5    0.77     5.5     3.2
    5 2006  103  7840.0     7.0    12.6    0.94     6.7     3.6
    5 2006  104 18160.0     2.1    11.8    0.63     4.5     0.0
    5 2006  105 12500.0     0.6    13.6    0.57     3.3     1.4
    5 2006  106 14720.0     7.3    13.9    0.96     4.1     3.8
    5 2006  107 18660.0     6.9    13.7    0.88     5.3     0.7
    5 2006  108 12970.0     5.6    12.8    0.85     4.5     0.3
    5 2006  109 11560.0     5.7    14.1    0.81     5.8     0.0
    5 2006  110 11120.0     5.3    15.6    0.80     3.5     0.0
    5 2006  111 16400.0     8.2    18.1    0.95     2.8     0.2
    5 2006  112  6720.0     4.1    10.6    0.77     3.3     0.2
    5 2006  113 11850.0     1.6    13.7    0.64     2.3     0.9
    5 2006  114 15980.0     8.6    17.9    1.01     2.2     0.0
    5 2006  115 19230.0     7.0    22.5    0.88     3.2     0.0
    5 2006  116 12190.0     6.1    16.1    0.88     3.1     0.0
    5 2006  117 22690.0     5.3    15.2    0.79     3.6     0.0
    5 2006  118 15370.0     0.3    11.3    0.56     4.7     0.2
    5 2006  119 18460.0     4.5    10.9    0.74     5.5     4.8
    5 2006  120 17050.0    -0.6    10.9    0.51     2.2     0.0
    5 2006  121  9200.0     3.4    10.0    0.74     5.2     2.6
    5 2006  122 22240.0     3.8    18.2    0.71     3.7     0.0
    5 2006  123 20830.0    10.9    24.3    1.12     3.4     0.0
    5 2006  124 21420.0    10.7    26.0    1.02     4.3     0.0
    5 2006  125 20850.0    13.9    24.8    1.22     4.1     0.0
    5 2006  126 23560.0    10.2    23.9    0.91     4.8     0.0
    5 2006  127 19640.0    12.0    24.0    0.99     6.1     0.0
    5 2006  128 23160.0    11.8    24.4    1.00     6.3     0.0
    5 2006  129 23100.0    10.3    24.2    0.98     5.3     0.0
    5 2006  130 26270.0     7.8    24.5    0.83     3.7     0.0
    5 2006  131 24430.0     7.4    24.0    0.82     2.9     0.0
    5 2006  132 24040.0     9.2    23.1    0.95     2.3     0.0
    5 2006  133 19580.0     7.4    22.7    0.90     3.0     0.0
    5 2006  134 25380.0     7.6    15.4    0.87     3.7     0.0
    5 2006  135 14400.0     5.9    20.8    0.77     4.0     0.0
    5 2006  136 18260.0    11.9    17.7    1.25     4.8     0.0
    5 2006  137 15760.0     9.3    21.1    1.02     3.0     1.2
    5 2006  138 17260.0    12.0    19.9    1.23     6.9     8.3
    5 2006  139  4450.0    10.5    14.6    1.19     9.1     6.2
    5 2006  140 10190.0    10.4    15.8    1.16     7.6     6.7
    5 2006  141  8450.0    10.6    16.4    1.19     4.9     4.4
    5 2006  142 14860.0    11.9    19.6    1.24     8.3     2.0
    5 2006  143 13110.0     7.4    13.2    0.92     5.6     1.8
    5 2006  144 13470.0     7.2    14.8    0.94     7.4    12.2
    5 2006  145  9730.0     4.8    13.7    0.81     4.0     2.2
    5 2006  146  6470.0     5.9    14.2    0.90     4.2     3.5
    5 2006  147  5190.0    11.8    15.8    1.34     4.7     1.3
    5 2006  148 18850.0    10.7    15.4    1.14     6.2     0.0
    5 2006  149 20800.0     7.3    14.2    0.92     5.2    11.6
    5 2006  150 18890.0     6.9    12.4    0.88     5.3     2.9
    5 2006  151  7290.0     8.6    12.1    0.99     5.8     1.5
    5 2006  152 15840.0     7.4    12.5    0.90     5.6     0.9
    5 2006  153 24390.0     3.2    16.5    0.68     2.3     0.0
    5 2006  154 21020.0     9.4    20.2    1.05     3.8     0.0
    5 2006  155 24670.0     8.9    15.3    0.95     3.8     0.0
    5 2006  156 18520.0     7.8    14.2    0.91     4.3     0.0
    5 2006  157 29590.0     6.4    16.4    0.86     3.2     0.0
    5 2006  158 22700.0     5.6    18.9    0.82     2.0     0.0
    5 2006  159 29490.0     6.5    21.8    0.83     2.1     0.0
    5 2006  160 28170.0     8.8    23.9    0.97     2.9     0.0
    5 2006  161 28890.0    10.6    28.1    1.00     3.5     0.0
    5 2006  162 29320.0    13.2    30.2    1.16     3.4     0.0
    5 2006  163 30130.0    16.0    30.0    1.32     3.6     0.0
    5 2006  164 27960.0    14.1    30.7    1.32     2.5     0.0
    5 2006  165 11700.0    12.9    18.7    1.38     5.0     1.7
    5 2006  166  3220.0    11.8    15.0    1.34     3.0     1.6
    5 2006  167 11540.0    11.4    16.7    1.19     2.8     0.0
    5 2006  168 27540.0    11.0    21.9    1.12     2.3     0.0
    5 2006  169 22530.0    10.1    28.4    1.05     2.6     0.0
    5 2006  170 22470.0    13.0    24.8    1.29     4.5     0.0
    5 2006  171 17500.0    13.4    22.3    1.33     4.6     0.0
    5 2006  172  8250.0    12.2    20.1    1.28     6.9     0.6
    5 2006  173 12900.0    11.8    18.8    1.20     6.0     0.0
    5 2006  174 20850.0     8.3    19.8    0.96     2.8     0.0
    5 2006  175 23850.0     9.7    25.8    1.01     2.2     0.0
    5 2006  176  9340.0    11.8    23.1    1.31     3.2     9.4
    5 2006  177  4790.0    13.4    18.6    1.48     4.7     0.0
    5 2006  178 14630.0    11.1    17.7    1.21     3.3     0.0
    5 2006  179 20570.0     7.8    18.8    0.95     2.4     0.0
    5 2006  180 28700.0     7.9    21.8    0.94     3.7     0.0
    5 2006  181 27380.0     9.8    26.0    1.07     3.3     0.0
    5 2006  182 28950.0    12.4    27.6    1.20     3.8     0.0
    5 2006  183 28350.0    13.1    29.9    1.21     3.3     0.0
    5 2006  184 29060.0    13.5    29.6    1.24     3.1     0.0
    5 2006  185 26980.0    13.5    32.2    1.25     2.2     0.0
    5 2006  186 20420.0    17.1    29.1    1.68     2.8     0.0
    5 2006  187 21280.0    17.9    25.8    1.87     2.4    26.9
    5 2006  188 18600.0    15.7    23.5    1.65     3.5     0.0
    5 2006  189 19870.0    14.2    22.9    1.42     3.3     0.0
    5 2006  190 15250.0    14.8    25.5    1.47     5.3     0.0
    5 2006  191 20380.0    15.0    24.6    1.48     2.7     0.0
    5 2006  192 16230.0    12.0    22.6    1.31     2.8     3.4
    5 2006  193 28800.0     9.6    23.4    1.07     2.3     0.0
    5 2006  194 27750.0    10.9    25.4    1.15     3.5     0.0
    5 2006  195 28710.0     9.7    21.7    1.03     5.5     0.0
    5 2006  196 28620.0     8.5    25.7    0.96     4.1     0.0
    5 2006  197 28490.0    11.5    28.6    1.11     3.9     0.0
    5 2006  198 28150.0    12.0    30.6    1.13     3.0     0.0
    5 2006  199 27620.0    13.3    30.8    1.27     3.3     0.0
    5 2006  200 26310.0    15.0    34.2    1.39     3.3     0.0
    5 2006  201 21420.0    18.3    30.2    1.76     3.8     0.0
    5 2006  202 25430.0    16.9    29.0    1.70     2.5     0.0
    5 2006  203 13700.0    16.6    29.8    1.75     3.0    10.1
    5 2006  204 19070.0    16.2    27.2    1.71     2.5     0.0
    5 2006  205 21490.0    14.7    27.8    1.53     2.1     0.0
    5 2006  206 25050.0    16.1    30.2    1.57     3.6     0.0
    5 2006  207 24120.0    17.2    32.3    1.66     3.2     0.0
    5 2006  208 13560.0    15.9    28.0    1.61     1.6     0.0
    5 2006  209 16390.0    17.5    26.8    1.84     2.0    30.2
    5 2006  210 17540.0    16.4    27.2    1.70     2.3     0.0
    5 2006  211 12170.0    15.0    28.0    1.56     3.1    13.1
    5 2006  212 15910.0    13.8    23.9    1.42     4.0     0.0
    5 2006  213 12630.0    14.8    21.7    1.55     5.3    12.0
    5 2006  214 10040.0    13.0    18.3    1.44     4.8    32.7
    5 2006  215  7750.0    12.1    18.4    1.37     2.6    13.3
    5 2006  216 15720.0    15.8    21.6    1.69     5.9    13.1
    5 2006  217 22770.0    17.0    24.1    1.79     4.4     0.0
    5 2006  218 22890.0    13.8    23.9    1.44     4.0     0.0
    5 2006  219 16380.0    11.7    23.9    1.26     3.9     0.0
    5 2006  220 11990.0    11.8    20.1    1.23     4.3     0.3
    5 2006  221  9240.0     9.3    19.7    1.09     3.7     1.0
    5 2006  222 10560.0     9.5    17.7    1.13     3.9     5.8
    5 2006  223  9820.0    10.7    16.5    1.25     3.3    14.9
    5 2006  224  9940.0     8.5    18.1    1.08     1.8     7.4
    5 2006  225 22590.0     7.9    21.3    0.97     2.6     0.0
    5 2006  226  8280.0    11.7    20.6    1.32     5.4    12.4
    5 2006  227 13320.0    14.5    20.1    1.53     4.7     0.0
    5 2006  228 18650.0    13.0    23.7    1.38     2.6     4.3
    5 2006  229 15620.0    13.7    23.6    1.46     2.8     0.0
    5 2006  230 12090.0    16.6    23.4    1.73     3.9     2.1
    5 2006  231 17500.0    15.0    24.6    1.52     4.0     0.1
    5 2006  232  6200.0    14.5    18.8    1.60     4.9    16.4
    5 2006  233 13090.0    13.2    21.0    1.42     4.6    19.6
    5 2006  234 11720.0    10.7    19.5    1.20     4.5     0.3
    5 2006  235 12290.0    10.7    21.1    1.20     2.3     0.0
    5 2006  236  9320.0    14.5    20.1    1.55     2.1     4.7
    5 2006  237 12630.0    11.8    20.4    1.33     2.7     3.4
    5 2006  238 12990.0    10.0    21.2    1.13     2.4     0.1
    5 2006  239 14640.0    10.9    19.6    1.22     4.0     9.6
    5 2006  240  6700.0    12.6    16.7    1.38     4.9    23.0
    5 2006  241 11440.0     9.6    15.9    1.12     3.8     9.7
    5 2006  242 13060.0     8.8    18.2    1.05     3.5    12.8
    5 2006  243  5290.0     8.7    17.9    1.09     4.6     0.1
    5 2006  244 10840.0    13.5    21.9    1.44     4.3     0.0
    5 2006  245  7590.0    12.0    20.0    1.32     5.4     0.1
    5 2006  246  6610.0    16.4    22.6    1.79     7.8     5.0
    5 2006  247 14210.0    10.7    20.5    1.18     5.1     0.0
    5 2006  248  5630.0    10.1    21.9    1.19     2.9     0.0
    5 2006  249 15320.0    16.7    24.6    1.76     3.0     0.0
    5 2006  250 10630.0    13.6    18.6    1.42     4.8     0.9
    5 2006  251 17120.0     8.3    18.4    0.96     3.8     0.0
    5 2006  252 18190.0     6.5    19.7    0.88     3.1     0.0
    5 2006  253 18430.0     7.6    24.2    0.93     2.8     0.0
    5 2006  254 16760.0    10.2    26.1    1.15     1.7     0.0
    5 2006  255 16730.0    11.5    27.5    1.24     2.0     0.0
    5 2006  256 15390.0    14.3    27.1    1.47     2.8     0.0
    5 2006  257 13590.0    16.6    27.1    1.68     2.9     0.0
    5 2006  258 15760.0    15.0    25.2    1.50     4.8     0.0
    5 2006  259 14940.0    14.7    25.3    1.51     3.2     0.0
    5 2006  260  8410.0    12.9    20.7    1.41     2.8     0.0
    5 2006  261  7360.0    14.0    21.3    1.48     2.8     0.0
    5 2006  262  7920.0    10.4    19.6    1.18     4.7     1.9
    5 2006  263 15470.0    10.3    20.7    1.12     4.3     0.0
    5 2006  264 15800.0    11.4    24.9    1.17     3.9     0.0
    5 2006  265 13660.0    16.4    26.8    1.57     4.5     0.1
    5 2006  266  6080.0    13.8    23.1    1.47     2.5     0.0
    5 2006  267  6830.0    15.8    24.2    1.66     2.3     0.0
    5 2006  268  7380.0    14.1    22.2    1.53     3.4     0.0
    5 2006  269  5450.0    12.6    19.3    1.40     4.4     0.6
    5 2006  270 10120.0     9.5    20.7    1.13     2.8     0.0
    5 2006  271  8470.0    12.7    21.5    1.37     3.4     0.0
    5 2006  272  8890.0    14.2    22.2    1.49     4.2     0.0
    5 2006  273 11000.0    10.1    21.5    1.11     3.4     0.0
    5 2006  274  5770.0    10.1    20.1    1.16     4.5    11.4
    5 2006  275  8900.0    13.1    17.5    1.42     8.4     4.5
    5 2006  276  7040.0    11.5    17.4    1.28     4.6     1.7
    5 2006  277  9060.0     9.2    17.3    1.10     3.8     2.2
    5 2006  278  8620.0    10.0    17.1    1.17     6.9     5.5
    5 2006  279  2010.0    13.9    16.6    1.54     8.8     5.6
    5 2006  280  9070.0    10.7    16.0    1.18     6.4     2.6
    5 2006  281  6110.0     8.1    16.2    1.02     4.0     0.0
    5 2006  282  9460.0     8.2    18.9    1.01     2.8     0.0
    5 2006  283  4360.0    11.8    18.4    1.34     2.2     0.1
    5 2006  284 10410.0    11.5    19.7    1.27     3.0     0.0
    5 2006  285  3830.0     9.9    19.0    1.18     2.5     0.0
    5 2006  286  3760.0     6.3    16.7    0.93     1.8     0.0
    5 2006  287  6380.0     8.6    16.2    1.03     4.1     0.0
    5 2006  288  6410.0     7.0    14.2    0.95     5.1     0.0
    5 2006  289 10310.0     4.4    16.8    0.76     3.5     0.0
    5 2006  290  9650.0     6.9    16.9    0.90     3.0     0.0
    5 2006  291  3730.0     9.9    16.4    1.15     2.7     0.0
    5 2006  292  4410.0    12.2    16.3    1.34     3.6     1.1
    5 2006  293  4020.0    13.4    16.8    1.44     4.9     0.0
    5 2006  294  5500.0    13.2    16.9    1.42     6.1     0.6
    5 2006  295  4190.0    11.9    16.6    1.31     6.6     5.6
    5 2006  296  5880.0    11.2    18.7    1.26     5.8    18.6
    5 2006  297  4050.0     8.6    15.4    1.07     5.0     5.5
    5 2006  298  4860.0     7.3    13.7    0.98     4.3     1.7
    5 2006  299  4720.0    13.4    20.6    1.39     7.0     0.0
    5 2006  300  7520.0     7.3    15.4    0.92     4.8     0.0
    5 2006  301  2560.0     6.6    16.2    0.94     4.8     1.0
    5 2006  302  4510.0     9.7    16.1    1.11     5.0     0.0
    5 2006  303  4180.0     7.8    14.2    0.98     4.7     0.0
    5 2006  304  2720.0     8.6    15.9    1.02     8.0     1.7
    5 2006  305  5810.0     0.1    11.0    0.49     8.3     0.4
    5 2006  306  5380.0     2.2     9.2    0.66     2.8     9.0
    5 2006  307  3910.0     0.5    10.6    0.61     2.0     0.4
    5 2006  308  3520.0     3.8    11.7    0.75     3.6     0.0
    5 2006  309  1880.0    10.4    12.5    1.17     4.6     0.0
    5 2006  310  2240.0     9.5    12.8    1.10     4.0     0.0
    5 2006  311  4040.0     3.1    10.1    0.72     3.8     0.0
    5 2006  312  2160.0     1.5    13.1    0.66     5.6     2.4
    5 2006  313  5220.0     6.0    12.1    0.84     4.8     0.1
    5 2006  314  3640.0     0.8    10.0    0.60     3.7     0.0
    5 2006  315  2960.0     5.8    12.5    0.85     7.7     9.7
    5 2006  316  3070.0     5.2     9.4    0.81     5.6     1.9
    5 2006  317  2110.0     6.7    14.5    0.92     6.8     1.6
    5 2006  318  1710.0     9.9    13.1    1.15     5.6     3.2
    5 2006  319  2360.0    10.4    14.8    1.18     5.9     0.6
    5 2006  320  2370.0    10.9    16.5    1.20     7.1     5.3
    5 2006  321  4580.0     8.9    13.2    1.05     4.9     0.0
    5 2006  322  3760.0     3.6    10.9    0.73     4.8     0.9
    5 2006  323  1550.0     2.9     7.3    0.72     3.4     0.0
    5 2006  324   380.0     5.6     9.5    0.86     8.5     3.7
    5 2006  325  2760.0     3.4     9.5    0.74     5.0     4.1
    5 2006  326  3070.0     3.4     8.4    0.75     6.4     4.2
    5 2006  327   700.0     7.2    13.0    0.97     7.7     7.4
    5 2006  328  3420.0     7.5    12.5    0.98     6.1     0.3
    5 2006  329  1240.0    10.0    17.5    1.10     8.5     2.3
    5 2006  330  3700.0     7.7    12.6    0.98     5.1     0.0
    5 2006  331  3440.0     5.6    13.7    0.85     4.1     0.0
    5 2006  332  3250.0     8.3    14.0    1.02     4.6     0.0
    5 2006  333  3440.0     5.9    11.8    0.89     4.5     0.0
    5 2006  334  1910.0     4.1     7.0    0.80     4.2     0.0
    5 2006  335  1800.0     6.3     9.9    0.88     6.5     0.0
    5 2006  336   630.0     7.4    10.7    0.97     5.9     5.8
    5 2006  337  1140.0     7.0    11.1    0.94     9.1     3.0
    5 2006  338  2850.0     6.8    13.3    0.92     8.7     3.6
    5 2006  339   650.0    10.0    14.6    1.13    10.6     1.9
    5 2006  340  1170.0     6.5    10.9    0.89     8.7     2.4
    5 2006  341   260.0     6.1    10.1    0.87    10.7    12.1
    5 2006  342   640.0     7.6    11.1    0.98     6.8    11.2
    5 2006  343  2640.0     1.0     9.7    0.63     3.5     0.4
    5 2006  344  3540.0     1.0     7.4    0.62     5.4     0.3
    5 2006  345   200.0     4.9     9.1    0.83     9.3     8.3
    5 2006  346  3220.0     2.5     8.8    0.69     7.0     2.1
    5 2006  347  1340.0     8.5    11.6    1.05     7.8     0.3
    5 2006  348  2080.0     9.0    11.6    1.07     9.8     0.0
    5 2006  349  1040.0     5.1     9.1    0.83     7.6     0.0
    5 2006  350   910.0     1.6     7.4    0.65     4.9     4.4
    5 2006  351  2240.0     1.9     7.9    0.67     4.5     1.5
    5 2006  352  3390.0    -1.8     8.7    0.52     1.0     0.0
    5 2006  353  2990.0    -1.8     7.1    0.52     1.1     0.0
    5 2006  354   570.0    -1.8     6.4    0.52     1.8     0.0
    5 2006  355   330.0     5.2     7.0    0.85     1.0     0.0
    5 2006  356  1190.0     4.5     7.5    0.80     1.1     0.0
    5 2006  357   610.0     2.6     5.0    0.70     3.3     0.0
    5 2006  358   490.0     2.7     5.7    0.73     3.6     0.0
    5 2006  359   480.0     4.7     6.8    0.82     1.8     0.0
    5 2006  360   440.0     1.0     6.0    0.64     2.2     0.0
    5 2006  361   230.0    -0.1     1.3    0.58     3.4     0.0
    5 2006  362   450.0     1.1     7.2    0.65     4.8     0.9
    5 2006  363  2620.0     4.2     7.6    0.76     5.6     0.0
    5 2006  364   750.0     6.8    11.4    0.91    10.6     6.9
    5 2006  365  1510.0     6.4    11.9    0.89     9.6    13.6
