*---------------------------------------------------------------------------*
* Station name: Lelystad, Netherlands, actual data
* Year: 2007
* Author: Joost Wolf and Janette Bessembinder            -99.000: NIL VALUE
* Comments: vapour pressure calculated from minimum temperature and 
* relative humidity
* Longitude: 5 38 E, latitude: 52 34 N, altitude: -4 m.
*
* Column  Daily value
* 1       station number
* 2       year
* 3       day
* 4       irradiation                   (kJ m-2 d-1)
* 5       minimum temperature           (degrees Celsius)
* 6       maximum temperature           (degrees Celsius)
* 7       early morning vapour pressure (kPa)
* 8       mean wind speed (height: 2 m) (m s-1)
* 9       precipitation                 (mm d-1)
*
** WCCDESCRIPTION=Netherlands, Lelystad
** WCCFORMAT=2
** WCCYEARNR=2007
*---------------------------------------------------------------------------*
   5.63  52.57    -4.  -0.18 -0.55
    5 2007    1  1880.0     5.1    11.8    0.79     8.7     0.7
    5 2007    2  1430.0     3.2     7.5    0.72     5.5     4.9
    5 2007    3   840.0     3.0     9.0    0.72     7.1     1.1
    5 2007    4   900.0     7.5    10.3    0.96     9.3     2.5
    5 2007    5   850.0     6.1     9.9    0.90     5.4     2.9
    5 2007    6  1650.0     5.1     9.7    0.85     4.0    11.9
    5 2007    7   940.0     5.5     8.6    0.87     7.5     0.8
    5 2007    8  2820.0     7.5    11.5    0.97     7.8     6.7
    5 2007    9  1590.0    11.5    13.1    1.23    12.0     0.4
    5 2007   10   450.0     6.8    12.7    0.90    10.2     6.9
    5 2007   11   230.0     5.4     9.8    0.81    11.5    22.3
    5 2007   12  1440.0     7.1    12.4    0.91     9.7     0.0
    5 2007   13  1120.0     9.8    12.2    1.13     8.7     0.4
    5 2007   14  4100.0     3.2    10.9    0.69     7.3     0.3
    5 2007   15  3050.0     3.3     8.4    0.72     5.6     0.0
    5 2007   16   610.0     4.2     9.5    0.79     6.8     3.2
    5 2007   17  1160.0     6.9    11.3    0.93     8.8     9.4
    5 2007   18   410.0     7.0    13.9    0.92    13.3    23.5
    5 2007   19  3480.0     7.2    11.0    0.91     7.8     1.2
    5 2007   20  1540.0     6.4    12.7    0.87    10.5     4.1
    5 2007   21  3210.0     3.0     7.8    0.69     9.0     4.8
    5 2007   22  3180.0    -2.7     5.3    0.46     4.2     2.8
    5 2007   23  5020.0    -4.1     4.6    0.43     1.3     0.0
    5 2007   24  5890.0    -4.4     2.7    0.42     2.1     0.0
    5 2007   25  6210.0    -4.4     0.6    0.40     2.8     0.0
    5 2007   26   850.0    -1.6     5.7    0.51     5.8     4.5
    5 2007   27  2550.0     1.1     5.7    0.61     4.2     0.3
    5 2007   28  1130.0     4.9     8.0    0.81     7.8     0.5
    5 2007   29  4310.0     6.7     9.4    0.93     4.3     0.0
    5 2007   30  2710.0     6.2     9.2    0.90     3.8     0.0
    5 2007   31  3930.0     5.0     8.4    0.81     6.6     0.6
    5 2007   32  1480.0     5.9    10.0    0.91     2.4     0.0
    5 2007   33  2060.0     4.0    10.0    0.79     4.4     0.0
    5 2007   34  6670.0     1.6     9.2    0.65     3.1     0.0
    5 2007   35  3230.0    -1.2     6.4    0.53     1.2     0.0
    5 2007   36  1990.0    -1.7     5.2    0.52     2.1     0.4
    5 2007   37  5560.0    -3.5     4.2    0.45     3.3     0.0
    5 2007   38  5160.0    -3.2     4.0    0.47     4.2     0.6
    5 2007   39  1330.0    -2.7     1.5    0.49     4.6     2.4
    5 2007   40   990.0     0.6     1.8    0.62     3.3     0.0
    5 2007   41  1210.0     0.8     4.1    0.63     6.2     3.6
    5 2007   42  1800.0     4.1     9.4    0.79     5.5     6.6
    5 2007   43  3140.0     5.3    10.5    0.85     5.9     5.0
    5 2007   44  3340.0     5.2     8.8    0.84     7.0     3.2
    5 2007   45  1370.0     4.3     6.3    0.80     3.5     7.2
    5 2007   46  8400.0     2.0    10.5    0.65     3.6     0.0
    5 2007   47  6550.0     2.5    11.7    0.61     5.3     0.0
    5 2007   48  5330.0     1.9    10.1    0.60     3.3     0.0
    5 2007   49  2110.0    -0.1     6.6    0.58     2.3     0.0
    5 2007   50  5770.0    -1.1     7.9    0.53     2.0     0.0
    5 2007   51  4530.0     4.4    10.4    0.79     2.3     0.0
    5 2007   52  1540.0     4.7     9.3    0.82     4.3     5.3
    5 2007   53  5860.0     3.2    11.3    0.71     4.0     0.0
    5 2007   54  4240.0     6.5    11.0    0.90     4.2     2.1
    5 2007   55  3850.0     7.5    11.9    0.98     6.0     4.2
    5 2007   56  1760.0     6.1     8.5    0.91     4.9     9.0
    5 2007   57  2770.0     5.2     8.2    0.83     5.8     0.9
    5 2007   58  2490.0     4.3    10.8    0.79     5.8     5.9
    5 2007   59  6520.0     7.9    11.1    0.97    10.6     3.9
    5 2007   60  7410.0     5.9     9.9    0.84     9.1     5.5
    5 2007   61  7400.0     0.9     8.5    0.59     5.7     0.2
    5 2007   62  4570.0     3.1     8.1    0.72     5.0    12.4
    5 2007   63  6240.0     1.0    11.5    0.61     4.5     0.0
    5 2007   64  8040.0     6.6    11.0    0.86     7.7     8.1
    5 2007   65  1730.0     7.7     9.2    0.99     8.3    14.9
    5 2007   66  3320.0     5.9    10.4    0.89     4.3     1.6
    5 2007   67 12860.0     2.2    11.8    0.67     3.3     0.0
    5 2007   68  2900.0     4.9     8.4    0.82     4.7     4.8
    5 2007   69 11190.0     0.1    11.3    0.57     4.8     0.0
    5 2007   70 12530.0     4.1    12.9    0.77     4.4     0.0
    5 2007   71 13990.0     3.0    15.9    0.67     2.5     0.0
    5 2007   72 12410.0     1.5    11.9    0.63     2.6     0.0
    5 2007   73 12100.0     0.4    13.0    0.58     1.9     0.0
    5 2007   74 12740.0    -1.0    12.8    0.52     2.8     0.0
    5 2007   75  8200.0     4.8    11.8    0.79     4.7     0.0
    5 2007   76  6190.0     8.3    12.1    1.01     8.3     0.8
    5 2007   77  9830.0     1.6    10.0    0.60    11.2     7.6
    5 2007   78  7360.0     0.1     6.5    0.58     4.1     7.3
    5 2007   79  8760.0     0.8     7.7    0.59     5.5     1.8
    5 2007   80  8820.0     2.5     8.4    0.65     6.1     1.0
    5 2007   81 11490.0     5.0     8.8    0.75     8.3     0.0
    5 2007   82  5830.0     3.7     9.3    0.70     7.2     0.0
    5 2007   83  6370.0     5.5    12.1    0.83     5.2     0.1
    5 2007   84 13560.0     5.2    13.6    0.75     5.8     0.0
    5 2007   85 16220.0     4.5    16.2    0.69     6.1     0.0
    5 2007   86 16190.0     3.8    16.7    0.63     4.8     0.0
    5 2007   87 16570.0     3.5    17.2    0.62     3.4     0.0
    5 2007   88  7280.0     0.3    14.0    0.57     2.6     0.0
    5 2007   89 12250.0     2.6    14.6    0.68     3.6     0.0
    5 2007   90 16070.0     4.7    15.5    0.74     6.3     0.0
    5 2007   91 17910.0     4.9    16.9    0.69     5.9     0.0
    5 2007   92 17150.0     3.3    18.1    0.64     5.0     0.0
    5 2007   93  9870.0     4.3    10.8    0.73     6.0     0.0
    5 2007   94 18170.0     1.0    11.3    0.56     3.7     0.0
    5 2007   95 18260.0    -0.4    14.4    0.54     3.3     0.0
    5 2007   96 17340.0     1.5    15.4    0.61     3.0     0.0
    5 2007   97 17610.0     2.8    12.5    0.66     2.9     0.4
    5 2007   98 18870.0     0.2    14.6    0.53     4.1     0.0
    5 2007   99 15970.0     4.4    14.3    0.76     4.5     0.0
    5 2007  100 11840.0     8.5    14.1    1.01     4.1     0.0
    5 2007  101 12110.0     5.5    14.8    0.79     2.8     0.0
    5 2007  102 19350.0     4.4    19.5    0.73     4.0     0.0
    5 2007  103 15060.0     6.9    22.7    0.85     4.2     0.0
    5 2007  104 19300.0     7.6    26.2    0.85     3.4     0.0
    5 2007  105 21070.0     8.1    27.7    0.83     2.9     0.0
    5 2007  106 20740.0     7.3    25.8    0.87     3.0     0.0
    5 2007  107 15720.0     7.9    14.2    0.93     4.1     0.0
    5 2007  108 15830.0     3.2    14.2    0.65     2.8     0.0
    5 2007  109 20670.0     2.6    17.3    0.63     5.6     0.0
    5 2007  110 18550.0     2.1    11.6    0.59     3.1     0.0
    5 2007  111 22090.0     0.3    15.0    0.51     2.4     0.0
    5 2007  112 22380.0     1.7    20.0    0.55     1.7     0.0
    5 2007  113 15470.0     7.4    23.1    0.82     3.4     0.0
    5 2007  114 13440.0    10.9    21.4    1.17     2.7     0.0
    5 2007  115 19580.0    13.8    28.3    1.29     2.6     0.0
    5 2007  116 17580.0    12.4    24.9    1.29     3.1     0.0
    5 2007  117 22750.0    11.0    27.4    1.07     5.1     0.0
    5 2007  118 22730.0     9.4    24.6    1.00     4.8     0.0
    5 2007  119 24460.0     9.2    21.4    0.90     6.8     0.0
    5 2007  120 25230.0     5.7    19.9    0.68     6.6     0.0
    5 2007  121 24950.0     6.3    21.8    0.72     4.7     0.0
    5 2007  122 25800.0     4.8    21.6    0.66     4.8     0.0
    5 2007  123 22540.0     7.6    20.2    0.91     4.7     0.0
    5 2007  124 24300.0     7.5    22.6    0.88     6.0     0.0
    5 2007  125 24390.0     5.7    17.5    0.82     4.7     0.0
    5 2007  126 15440.0     5.9    17.6    0.83     5.2     0.0
    5 2007  127  4490.0    10.1    13.3    1.20     3.5    16.5
    5 2007  128 12340.0    10.0    15.8    1.13     7.3    15.7
    5 2007  129 21700.0    10.6    16.2    1.15     5.3     4.1
    5 2007  130 15290.0    10.1    16.8    1.14     7.5    16.5
    5 2007  131  7700.0     9.0    14.2    1.11     5.8    11.1
    5 2007  132 11350.0    10.2    16.6    1.15     7.4     6.8
    5 2007  133 13970.0     8.3    18.7    0.99     4.1     0.0
    5 2007  134 11390.0    10.0    16.3    1.12     6.4     2.0
    5 2007  135 21130.0     8.6    16.5    0.95     3.5     0.2
    5 2007  136 17400.0     8.1    15.0    0.99     4.5     1.5
    5 2007  137 18630.0     6.2    15.0    0.85     2.0     0.5
    5 2007  138 19680.0     6.1    23.2    0.85     6.1     0.0
    5 2007  139 26380.0     8.0    18.9    0.89     5.5     0.0
    5 2007  140 18990.0     6.2    21.0    0.84     3.1     5.6
    5 2007  141 11750.0    14.3    18.9    1.57     2.7     0.0
    5 2007  142  9710.0     8.0    16.6    1.02     2.5     0.0
    5 2007  143 27810.0     6.6    20.6    0.85     1.6     0.0
    5 2007  144 27350.0    10.2    23.6    1.06     2.2     0.0
    5 2007  145 25300.0    11.8    24.9    1.20     2.8     0.0
    5 2007  146 13440.0    12.0    18.0    1.21     4.9     1.8
    5 2007  147 10450.0    11.9    19.4    1.33     3.5     6.3
    5 2007  148  8310.0    10.4    15.7    1.22     2.0     2.4
    5 2007  149  8200.0     7.6    13.1    0.98     5.6     1.5
    5 2007  150 26540.0     7.6    20.7    0.87     4.9     0.0
    5 2007  151 16940.0    11.7    18.6    1.29     2.5     2.7
    5 2007  152 24990.0    10.6    23.8    1.11     3.5     0.0
    5 2007  153 25120.0    11.1    23.3    1.16     3.7     0.0
    5 2007  154 12330.0    13.1    19.9    1.42     2.9     0.0
    5 2007  155 22270.0    12.5    22.7    1.31     4.1     0.0
    5 2007  156 24040.0    14.3    22.8    1.47     4.8     0.0
    5 2007  157 18920.0    13.9    20.5    1.51     3.8     0.0
    5 2007  158 22380.0    15.2    27.1    1.60     4.0     0.0
    5 2007  159 23680.0    18.1    31.2    1.84     4.0     6.0
    5 2007  160 17270.0    16.2    23.8    1.77     2.9     0.0
    5 2007  161 14490.0    15.6    22.2    1.72     2.5     0.3
    5 2007  162 24810.0    16.4    25.7    1.77     2.7     0.0
    5 2007  163  4910.0    15.4    18.4    1.69     3.4     0.3
    5 2007  164 19300.0    13.5    23.0    1.45     4.2     0.0
    5 2007  165 11350.0    12.9    24.5    1.44     3.6     8.5
    5 2007  166 11110.0    16.5    22.2    1.78     3.2     0.8
    5 2007  167 15100.0    14.1    19.8    1.52     4.6     0.6
    5 2007  168 11460.0    13.8    18.9    1.50     4.5     2.0
    5 2007  169 10640.0    11.9    20.8    1.36     1.9    10.4
    5 2007  170 27330.0    11.0    24.0    1.17     3.0     0.0
    5 2007  171 23890.0    11.4    22.3    1.21     3.9     0.0
    5 2007  172 10230.0    11.9    20.5    1.29     1.9     1.3
    5 2007  173 13000.0    13.2    22.1    1.44     2.3     9.2
    5 2007  174 12130.0    13.3    19.7    1.47     4.1     2.4
    5 2007  175 15320.0    13.2    20.4    1.43     4.5     3.9
    5 2007  176 11760.0    10.0    21.0    1.18     3.7     4.2
    5 2007  177 11190.0    10.2    15.2    1.17     7.0     4.7
    5 2007  178 21500.0     9.6    17.5    1.06     6.6     3.4
    5 2007  179 27670.0    11.5    17.8    1.19     5.0     0.9
    5 2007  180  8110.0    12.2    17.5    1.35     6.7     9.6
    5 2007  181 17070.0    13.0    20.5    1.38     3.9     0.1
    5 2007  182 18540.0    14.3    22.5    1.53     3.5    17.0
    5 2007  183 17800.0    14.0    21.0    1.52     4.3     9.8
    5 2007  184 11750.0    12.2    18.3    1.36     5.4    33.6
    5 2007  185 14400.0    11.6    19.0    1.30     4.2    13.6
    5 2007  186 22380.0    12.4    19.2    1.35     5.1     3.8
    5 2007  187  5720.0    12.9    16.5    1.41     7.8    10.1
    5 2007  188 23910.0    12.2    19.7    1.30     6.3     0.6
    5 2007  189 25780.0     9.9    20.8    1.10     2.8     5.5
    5 2007  190 19530.0     9.5    19.8    1.09     2.1     1.4
    5 2007  191 22920.0     9.0    19.7    1.06     3.0     1.1
    5 2007  192 11030.0    12.7    18.7    1.39     4.9     1.0
    5 2007  193 11620.0    12.9    19.3    1.40     4.6     2.0
    5 2007  194 18950.0    16.6    23.9    1.76     4.3     0.2
    5 2007  195 17580.0    13.0    24.4    1.35     5.2     0.0
    5 2007  196 12900.0    11.5    26.2    1.30     2.8     0.3
    5 2007  197 18010.0    16.0    27.5    1.70     3.1     4.5
    5 2007  198 24430.0    16.3    23.1    1.67     5.4     1.2
    5 2007  199 21420.0    11.9    22.4    1.26     3.5     1.2
    5 2007  200 22580.0    11.2    23.9    1.21     2.8     0.0
    5 2007  201  8930.0    13.6    22.0    1.49     5.2    23.4
    5 2007  202 22310.0    12.9    22.7    1.34     4.2     0.5
    5 2007  203 14270.0    10.5    19.5    1.21     2.7    10.9
    5 2007  204 10150.0     8.4    20.3    1.06     4.0    10.4
    5 2007  205 14400.0    13.0    19.0    1.41     5.9     2.0
    5 2007  206 22690.0    11.7    22.3    1.24     5.2     0.0
    5 2007  207  9130.0    15.3    21.7    1.62     5.7     7.0
    5 2007  208 18670.0    13.7    21.3    1.38     6.9     0.0
    5 2007  209 17820.0    12.8    20.4    1.38     4.4     1.0
    5 2007  210 11130.0    12.4    18.3    1.33     4.5     9.8
    5 2007  211 21830.0    10.5    17.8    1.11     6.3     5.6
    5 2007  212 20410.0     9.3    18.5    1.02     3.7     0.0
    5 2007  213 22390.0     8.3    22.6    0.96     2.3     0.0
    5 2007  214 11950.0    11.3    21.2    1.23     3.0     0.0
    5 2007  215 24270.0    12.2    22.3    1.24     3.0     0.0
    5 2007  216 24520.0    12.1    25.3    1.23     3.5     0.0
    5 2007  217 24300.0    15.1    29.1    1.40     3.6     0.0
    5 2007  218 18590.0    17.6    27.8    1.75     3.6     0.0
    5 2007  219 11490.0    14.9    21.6    1.56     2.1     0.4
    5 2007  220 16540.0    11.6    19.3    1.24     4.3     0.0
    5 2007  221  5560.0    14.4    18.3    1.53     5.6     0.4
    5 2007  222 10030.0    13.2    19.6    1.45     4.4     2.0
    5 2007  223 21490.0    10.5    20.2    1.17     2.5     0.0
    5 2007  224 19840.0     8.0    23.9    0.99     2.3     2.2
    5 2007  225 16910.0    13.1    22.1    1.37     4.3     0.0
    5 2007  226 15940.0    12.0    24.4    1.24     5.3     4.7
    5 2007  227 14540.0    16.4    25.3    1.72     7.1     5.8
    5 2007  228 11810.0    12.9    18.9    1.38     5.5     6.4
    5 2007  229 10930.0    10.5    18.1    1.20     3.7    12.8
    5 2007  230 13290.0    10.3    20.0    1.15     3.2     0.0
    5 2007  231 15210.0    14.7    23.4    1.48     3.1     0.0
    5 2007  232 12870.0    13.1    21.3    1.42     2.7     0.2
    5 2007  233 10990.0    11.3    20.5    1.30     4.1     2.2
    5 2007  234 13970.0    13.3    22.6    1.41     6.5     0.0
    5 2007  235 12460.0    12.6    22.0    1.38     2.7     0.0
    5 2007  236 18960.0    12.4    24.0    1.36     2.0     0.0
    5 2007  237 18740.0    13.2    23.4    1.42     2.9     0.0
    5 2007  238 16260.0    12.7    20.8    1.36     3.5     0.0
    5 2007  239 16750.0    10.7    19.5    1.14     2.8     0.0
    5 2007  240 16740.0     8.7    17.6    0.99     2.5     1.6
    5 2007  241 18880.0     7.1    18.2    0.89     2.1     0.0
    5 2007  242  8370.0     8.8    18.8    1.06     4.7     0.2
    5 2007  243  7010.0    12.1    19.3    1.34     4.3     0.0
    5 2007  244 11530.0    11.2    19.6    1.25     2.8     0.7
    5 2007  245 10660.0    13.4    20.8    1.43     5.3     8.3
    5 2007  246 16750.0    11.6    17.2    1.24     4.3    14.2
    5 2007  247 18050.0    10.4    16.1    1.08     5.1     5.6
    5 2007  248  4240.0     6.4    14.4    0.93     2.7     2.1
    5 2007  249  9980.0    13.8    19.2    1.52     4.0     0.0
    5 2007  250 13120.0    11.9    19.5    1.32     4.3     0.0
    5 2007  251  7050.0    13.4    19.4    1.47     3.8     0.5
    5 2007  252  7830.0    10.5    16.9    1.16     3.8     0.3
    5 2007  253  8790.0    12.7    17.5    1.38     6.1     6.9
    5 2007  254 11990.0    10.4    17.7    1.15     4.4     0.0
    5 2007  255  6530.0     6.8    18.2    0.95     2.0     0.0
    5 2007  256  8400.0     8.8    18.4    1.06     1.2     0.0
    5 2007  257  6800.0     6.7    19.4    0.93     4.0     0.1
    5 2007  258 14050.0     9.3    17.7    1.04     2.5     0.0
    5 2007  259 12600.0     8.9    21.4    1.04     5.2     0.0
    5 2007  260  2840.0    11.3    15.5    1.32     2.8     9.3
    5 2007  261 12330.0     5.4    14.4    0.82     4.7     7.1
    5 2007  262  9700.0     6.4    17.0    0.89     6.7     0.1
    5 2007  263  4250.0    13.0    17.2    1.43     8.0     1.9
    5 2007  264  6370.0    12.1    19.9    1.33     5.5     0.2
    5 2007  265  6120.0    10.1    19.1    1.20     2.3     0.0
    5 2007  266 13010.0     7.7    22.5    0.98     2.9     0.0
    5 2007  267  5660.0    10.4    19.1    1.20     5.8     2.1
    5 2007  268  9130.0     9.0    15.5    1.11     5.4     2.7
    5 2007  269  5920.0     6.2    12.7    0.91     3.6     1.4
    5 2007  270 11500.0     7.1    17.1    0.95     6.2     0.0
    5 2007  271  4750.0    12.3    16.6    1.40     5.6     7.5
    5 2007  272  2140.0    11.3    13.1    1.32     4.6    13.1
    5 2007  273  8410.0     6.3    15.9    0.91     3.1     0.4
    5 2007  274  4570.0     5.7    13.9    0.89     3.0     0.8
    5 2007  275  5020.0     9.3    14.1    1.12     3.9     0.0
    5 2007  276  2060.0    10.7    15.2    1.27     2.3     8.1
    5 2007  277  4780.0     6.9    17.0    0.97     3.3     0.1
    5 2007  278  6540.0     5.4    17.6    0.86     1.8     0.0
    5 2007  279  8910.0     6.5    15.3    0.95     3.5     0.0
    5 2007  280  9940.0     4.1    17.1    0.79     1.5     0.0
    5 2007  281  3930.0     3.0    14.0    0.75     1.4     0.0
    5 2007  282  3600.0     7.8    14.3    1.00     2.3     0.0
    5 2007  283  9420.0     5.8    15.6    0.88     3.2     0.0
    5 2007  284  9100.0     4.1    15.2    0.77     2.7     0.0
    5 2007  285  7670.0    11.5    17.5    1.27     3.5     0.0
    5 2007  286 10130.0     7.1    16.7    0.94     1.8     0.0
    5 2007  287 10300.0     3.9    17.9    0.72     2.0     0.0
    5 2007  288  7330.0     6.3    18.0    0.88     4.3     0.0
    5 2007  289  8850.0    10.7    17.6    1.18     5.6     0.0
    5 2007  290  1860.0     9.0    14.1    1.08     4.2     7.4
    5 2007  291  6990.0     8.7    12.6    0.98     4.6     2.7
    5 2007  292  6510.0     3.8    12.3    0.72     3.0     0.6
    5 2007  293  7810.0     0.1    11.1    0.56     1.0     0.0
    5 2007  294  3120.0     5.1    12.5    0.83     2.8     0.6
    5 2007  295  9450.0     0.4     9.7    0.58     3.0     0.0
    5 2007  296  9080.0    -1.3     9.0    0.51     4.2     0.0
    5 2007  297  2650.0     3.4     9.5    0.72     5.3     0.0
    5 2007  298  1960.0     6.8     9.7    0.93     3.7     0.0
    5 2007  299  1740.0     7.2     8.8    0.95     2.3     0.0
    5 2007  300  1210.0     7.6     9.9    0.96     3.3     0.0
    5 2007  301  3590.0     8.3    11.9    1.00     6.5     1.0
    5 2007  302   840.0     5.7    10.2    0.91     3.5     2.0
    5 2007  303  7390.0     3.3    12.2    0.73     2.4     0.4
    5 2007  304  2550.0     2.4    12.7    0.69     3.8     0.0
    5 2007  305  2520.0    11.4    14.6    1.29     4.0     0.0
    5 2007  306  1810.0    12.5    14.5    1.43     2.4     0.7
    5 2007  307  2200.0     8.5    13.8    1.07     3.0     0.4
    5 2007  308  2680.0     8.1    11.8    1.00     1.7     0.0
    5 2007  309  2140.0     8.2    12.1    1.01     4.3     3.2
    5 2007  310  5210.0     6.8    10.6    0.88     5.7     0.3
    5 2007  311  1570.0     8.3    12.3    1.01     6.5     0.5
    5 2007  312  2730.0     5.0    12.9    0.82     5.8     7.8
    5 2007  313  3620.0     3.9     8.2    0.71     8.0     4.4
    5 2007  314  3120.0     5.8    10.8    0.87     4.3    23.7
    5 2007  315  4170.0     4.4    11.2    0.77     6.9     8.6
    5 2007  316  4090.0     4.8     9.3    0.76     5.1     0.1
    5 2007  317   870.0     2.2     6.7    0.69     4.1     4.2
    5 2007  318  4910.0     1.2     6.0    0.61     3.3     0.2
    5 2007  319  4620.0    -2.5     5.6    0.47     1.8     0.0
    5 2007  320  2640.0    -1.2     8.7    0.54     3.3     0.0
    5 2007  321  2870.0    -0.3     8.5    0.57     3.2     0.0
    5 2007  322  4400.0    -1.1     6.8    0.53     3.5     0.0
    5 2007  323  2840.0     2.7     6.0    0.68     3.8     0.0
    5 2007  324  2770.0     3.7     9.2    0.72     3.7     1.0
    5 2007  325   670.0     5.3    10.9    0.82     4.1     0.1
    5 2007  326  4280.0     4.1    12.1    0.79     4.3     0.0
    5 2007  327  2280.0     3.6     7.4    0.74     3.8     1.6
    5 2007  328  2720.0    -0.3     8.5    0.56     4.9     1.5
    5 2007  329  2850.0     3.9     8.7    0.74     6.2     4.6
    5 2007  330  2470.0     3.4     7.0    0.71     4.5     0.8
    5 2007  331  2850.0     2.3     7.4    0.68     2.2     0.0
    5 2007  332  1170.0     4.2     6.8    0.77     5.4     0.1
    5 2007  333   550.0     5.0     7.6    0.84     6.5     1.5
    5 2007  334   730.0     2.5     9.8    0.71     7.0     3.2
    5 2007  335  3660.0     7.3    10.4    0.93     9.8     2.7
    5 2007  336   570.0     5.1    10.9    0.82    10.3    14.0
    5 2007  337  2720.0     4.8     8.7    0.79     6.5     3.1
    5 2007  338  1280.0     4.6    11.0    0.80     5.3     0.0
    5 2007  339   880.0     9.4    12.6    1.10     9.4     1.2
    5 2007  340   660.0     7.5    12.9    1.00     7.6    17.0
    5 2007  341  1470.0     6.1    13.4    0.86    10.3    16.9
    5 2007  342  2080.0     3.6     7.7    0.74     7.2     8.3
    5 2007  343  2990.0     6.3     9.0    0.90     5.8     3.0
    5 2007  344  2370.0     5.4     8.2    0.86     4.2     0.4
    5 2007  345  2300.0     0.4     7.6    0.58     4.5     0.2
    5 2007  346  1140.0     0.7     5.5    0.64     1.1     0.0
    5 2007  347  1030.0    -1.3     3.5    0.54     1.7     0.0
    5 2007  348  2760.0    -1.4     4.5    0.54     1.9     0.0
    5 2007  349  1380.0    -1.5     3.7    0.51     3.0     0.0
    5 2007  350  4040.0    -3.4     0.9    0.44     3.9     0.0
    5 2007  351   990.0    -2.4     1.2    0.48     5.3     0.0
    5 2007  352  1530.0    -3.4    -0.7    0.46     4.3     0.0
    5 2007  353   790.0    -3.5    -2.4    0.47     3.7     0.0
    5 2007  354   450.0    -4.4    -2.9    0.44     2.5     0.0
    5 2007  355  1080.0    -5.3    -3.3    0.41     1.3     0.0
    5 2007  356  3470.0    -7.3     1.4    0.35     2.0     0.0
    5 2007  357  3010.0    -2.4     7.3    0.50     2.1     0.0
    5 2007  358   760.0    -1.0     3.3    0.56     3.6     0.0
    5 2007  359  1780.0     0.8     4.9    0.59     6.3     1.6
    5 2007  360  1200.0     1.6     5.3    0.68     4.9     0.2
    5 2007  361   750.0     3.0     8.3    0.74     7.3     0.0
    5 2007  362  1020.0     5.7     8.6    0.86     8.8     0.0
    5 2007  363  2970.0     4.3     8.3    0.77     8.9     2.3
    5 2007  364  1720.0     0.5     7.1    0.60     4.5     1.4
    5 2007  365  1890.0    -1.1     6.3    0.56     1.1     0.0
