*---------------------------------------------------------------------------*
* Station name: Lelystad, Netherlands, actual data
* Year: 1993
* Author: Joost Wolf and Janette Bessembinder            -99.000: NIL VALUE
* Comments: vapour pressure calculated from minimum temperature and 
* relative humidity
* Longitude: 5 38 E, latitude: 52 34 N, altitude: -4 m.
*
* Column  Daily value
* 1       station number
* 2       year
* 3       day
* 4       irradiation                   (kJ m-2 d-1)
* 5       minimum temperature           (degrees Celsius)
* 6       maximum temperature           (degrees Celsius)
* 7       early morning vapour pressure (kPa)
* 8       mean wind speed (height: 2 m) (m s-1)
* 9       precipitation                 (mm d-1)
*
** WCCDESCRIPTION=Netherlands, Lelystad
** WCCFORMAT=2
** WCCYEARNR=1993
*---------------------------------------------------------------------------*
   5.63  52.57    -4.  -0.18 -0.55
    5 1993    1  2920.0    -9.0    -2.3    0.31     2.1     0.0
    5 1993    2  4790.0    -9.6    -0.1    0.28     3.1     0.0
    5 1993    3  4140.0   -11.5    -5.8    0.24     3.6     0.0
    5 1993    4  1900.0   -11.0    -2.9    0.24     4.1     0.0
    5 1993    5   640.0    -2.9     4.3    0.47     7.7     8.7
    5 1993    6   450.0     4.2     7.9    0.82     5.7    13.1
    5 1993    7  1940.0    -1.1     8.7    0.56     4.1     0.6
    5 1993    8  3070.0     0.3     9.3    0.59     6.2     2.9
    5 1993    9   520.0     0.5    10.4    0.60     8.2     4.3
    5 1993   10   440.0     6.9    11.9    0.94    10.8     7.4
    5 1993   11   940.0     6.0    11.3    0.85     9.8    10.8
    5 1993   12  3380.0     2.7     7.2    0.66     9.3     2.4
    5 1993   13  1600.0     3.7    14.3    0.73    10.3     2.6
    5 1993   14  3460.0     1.4     7.6    0.60     7.2     0.0
    5 1993   15  1650.0     2.7    11.9    0.68    10.3     0.1
    5 1993   16  1060.0     8.8    13.2    1.03     9.3     0.0
    5 1993   17  2090.0     4.9    11.2    0.77     8.7     0.3
    5 1993   18  3860.0     2.7     7.1    0.68     5.1     0.0
    5 1993   19  1100.0     3.3     7.8    0.72     7.7     1.1
    5 1993   20   420.0     7.8    10.8    1.01    10.8    12.4
    5 1993   21  3100.0     6.5    11.9    0.89     9.3     4.6
    5 1993   22   640.0     5.7    12.3    0.82    11.3     5.0
    5 1993   23  2510.0     5.2    11.0    0.78     9.3     0.4
    5 1993   24  2120.0     1.6    12.1    0.59    13.9     3.1
    5 1993   25  1970.0     0.7     5.2    0.55    11.8     0.7
    5 1993   26   820.0     1.8     5.3    0.62     8.2     1.7
    5 1993   27  2440.0     2.2     5.6    0.65     4.1     0.3
    5 1993   28   510.0     1.2     8.0    0.65     4.1    16.3
    5 1993   29   850.0    -2.1     8.0    0.49     6.7     3.6
    5 1993   30  2670.0    -2.6     2.1    0.46     4.1     0.0
    5 1993   31  5130.0    -1.6     4.5    0.52     2.1     0.0
    5 1993   32  7030.0    -3.8     1.2    0.42     3.6     0.0
    5 1993   33  1040.0    -0.7     2.6    0.57     4.1     0.0
    5 1993   34  1390.0     0.4     4.0    0.62     4.1     0.0
    5 1993   35  1510.0    -0.8     2.5    0.57     3.6     0.0
    5 1993   36  1110.0     0.9     4.4    0.64     4.6     0.0
    5 1993   37  1210.0     3.1     6.9    0.74     4.6     0.9
    5 1993   38  1740.0     3.3     6.2    0.75     1.5     0.3
    5 1993   39  2510.0     3.3     6.3    0.76     2.1     0.1
    5 1993   40  1440.0     2.4     5.4    0.73     5.1     0.0
    5 1993   41  1770.0     1.7     2.8    0.69     3.6     0.0
    5 1993   42  1330.0     0.1     2.6    0.59     3.1     0.0
    5 1993   43  3530.0    -1.4     3.0    0.53     2.1     0.0
    5 1993   44  2350.0    -2.3     0.7    0.52     2.1     0.0
    5 1993   45  1830.0    -2.7    -0.7    0.50     3.1     0.0
    5 1993   46  1830.0    -1.3     3.1    0.54     3.1     0.2
    5 1993   47  3910.0    -0.5     8.0    0.58     3.6     2.4
    5 1993   48  1990.0     2.6     7.4    0.71     6.7     2.2
    5 1993   49  1960.0     0.6     7.2    0.62     5.1     1.4
    5 1993   50  5980.0     1.2     7.2    0.59    10.8     2.0
    5 1993   51  4690.0     2.2     6.8    0.67     8.2     5.2
    5 1993   52  7370.0     0.4     5.5    0.58    10.8     4.9
    5 1993   53  8970.0    -0.8     4.3    0.54     4.1     3.9
    5 1993   54 10420.0    -3.2     3.4    0.42     3.1     0.0
    5 1993   55  7150.0    -4.1     2.5    0.43     2.1     0.0
    5 1993   56  3540.0    -0.8     3.9    0.55     3.6     0.1
    5 1993   57  2510.0     1.6     3.9    0.67     4.6     5.1
    5 1993   58  8780.0    -0.8     4.1    0.51     6.7     0.4
    5 1993   59  7900.0    -1.9     3.5    0.51     4.1     3.6
    5 1993   60  7940.0    -2.4     4.2    0.48     7.2     0.0
    5 1993   61  9150.0    -1.2     3.5    0.51    10.8     0.0
    5 1993   62  9570.0    -3.1     1.6    0.44     6.7     0.0
    5 1993   63  3280.0    -2.4     2.6    0.48     2.6     0.0
    5 1993   64  3590.0    -1.9     4.8    0.51     4.1     1.4
    5 1993   65  4280.0     3.9     7.4    0.79     5.7     0.4
    5 1993   66  5230.0     2.3     7.5    0.70     3.1     0.2
    5 1993   67 12980.0    -0.5     8.2    0.53     4.6     0.0
    5 1993   68 12740.0    -2.6     8.0    0.44     4.1     0.0
    5 1993   69  9590.0    -0.2    10.6    0.55     4.1     0.7
    5 1993   70  6770.0     0.4    11.4    0.61     2.6     0.0
    5 1993   71 11490.0     1.8    15.8    0.62     2.6     0.0
    5 1993   72 12010.0     1.5    16.8    0.58     3.1     0.0
    5 1993   73 11100.0     0.2    16.8    0.55     3.1     0.1
    5 1993   74 12330.0     4.8    17.9    0.75     3.6     0.0
    5 1993   75  2780.0     5.6    11.3    0.86     6.2     1.4
    5 1993   76  9280.0     7.0    12.8    0.94     8.7     3.1
    5 1993   77  3550.0     4.4    12.0    0.76     7.2     0.3
    5 1993   78 14740.0     0.9     9.6    0.59     5.1     0.0
    5 1993   79 14150.0     0.3    11.1    0.56     4.1     0.0
    5 1993   80 12850.0     0.3    15.9    0.55     3.6     0.0
    5 1993   81  5700.0     6.1    14.2    0.89     5.7     2.8
    5 1993   82 13000.0     2.7     9.2    0.66     6.7     0.1
    5 1993   83 14930.0     0.2     9.3    0.55     5.1     0.0
    5 1993   84 11720.0     3.0     8.2    0.66     8.2     0.2
    5 1993   85 15060.0    -2.6    10.3    0.41     5.1     0.0
    5 1993   86 14300.0    -5.3     8.1    0.35     2.6     0.0
    5 1993   87 18420.0    -5.7     7.9    0.33     4.1     0.0
    5 1993   88 18290.0    -5.1     8.3    0.34     3.6     0.0
    5 1993   89 15910.0    -3.6    12.9    0.35     4.1     0.0
    5 1993   90  4370.0     6.0    13.7    0.87     3.6     2.2
    5 1993   91  5620.0     6.4    15.4    0.90     3.6     0.5
    5 1993   92  4950.0    -0.7     8.6    0.55     3.6     0.0
    5 1993   93 12530.0    -0.7    10.7    0.54     2.1     0.0
    5 1993   94  6600.0     1.3     9.8    0.63     4.1     0.6
    5 1993   95  7020.0     0.9    10.8    0.61     8.2     5.9
    5 1993   96  5290.0     5.9    10.1    0.86     8.2     1.7
    5 1993   97  4210.0     1.7     8.3    0.65     5.1     0.0
    5 1993   98 11400.0     1.8    10.1    0.63     2.6     0.0
    5 1993   99 14800.0     2.0    13.1    0.61     6.2     0.2
    5 1993  100 17140.0     4.4    14.0    0.74     3.6     0.0
    5 1993  101  8250.0     2.1    11.8    0.66     3.6     1.4
    5 1993  102  7550.0     3.3    10.4    0.73     3.6     0.0
    5 1993  103 12240.0     2.3    12.9    0.66     3.6     0.0
    5 1993  104 16230.0     3.1    13.7    0.70     3.6     0.0
    5 1993  105 15770.0     3.8    14.4    0.75     3.6     0.0
    5 1993  106 17240.0     0.3    15.8    0.56     3.6     0.0
    5 1993  107  3340.0     9.3    11.4    1.13     5.7     2.0
    5 1993  108  4650.0     5.6    12.4    0.89     7.2    15.6
    5 1993  109  3560.0     7.2    10.4    1.00     3.1     5.3
    5 1993  110 20160.0     7.5    20.9    0.92     4.6     0.0
    5 1993  111 14740.0     6.7    20.2    0.86     4.6     0.0
    5 1993  112  9970.0     5.8    18.0    0.87     3.1     2.0
    5 1993  113 17960.0     9.2    19.2    1.02     5.7     0.1
    5 1993  114 17730.0    12.6    22.5    1.19     5.7     0.0
    5 1993  115 18700.0     9.2    21.3    1.04     3.6     0.0
    5 1993  116 19260.0     9.8    20.9    1.08     3.6     0.0
    5 1993  117 23060.0     9.0    23.8    0.95     6.2     0.0
    5 1993  118 22110.0     9.3    27.8    0.91     6.7     0.0
    5 1993  119 20380.0    12.4    27.3    1.11     5.7     0.0
    5 1993  120 21610.0    12.5    27.9    1.13     4.1     0.0
    5 1993  121 18040.0    11.4    25.0    1.15     4.1     0.0
    5 1993  122  2510.0     9.5    13.2    1.14     5.1     0.4
    5 1993  123 16430.0     3.9    12.8    0.69     4.6     0.0
    5 1993  124 25530.0     0.3    14.7    0.51     3.6     0.0
    5 1993  125 20220.0     1.4    13.8    0.56     4.1     0.0
    5 1993  126 22200.0     3.4    15.6    0.64     5.7     0.0
    5 1993  127  7510.0     7.1    15.5    0.90     6.7     0.0
    5 1993  128 21530.0     9.1    19.1    0.98     7.2     0.0
    5 1993  129 22220.0     9.4    26.0    0.99     6.2    10.5
    5 1993  130 21510.0    11.4    24.6    1.21     4.1     4.3
    5 1993  131 24090.0    12.9    26.2    1.21     5.1     0.0
    5 1993  132 24160.0    12.6    25.8    1.23     4.1     0.0
    5 1993  133  4890.0     9.5    14.9    1.13     4.1     0.4
    5 1993  134  6960.0     9.4    13.9    1.11     3.1     0.0
    5 1993  135 13080.0     5.0    15.2    0.78     4.6     0.5
    5 1993  136 22290.0     4.8    17.9    0.71     4.6     0.0
    5 1993  137 25170.0     9.4    24.9    0.88     6.2     0.0
    5 1993  138 12860.0    14.5    21.4    1.47     3.6    25.1
    5 1993  139 18090.0    12.1    21.6    1.33     3.6     2.9
    5 1993  140 14880.0    11.4    23.0    1.26     3.6     2.7
    5 1993  141  9270.0     9.0    15.0    1.06     4.1     0.0
    5 1993  142 27000.0     6.9    18.2    0.89     3.1     0.0
    5 1993  143 26510.0     7.4    20.7    0.88     3.6     0.0
    5 1993  144 25460.0     9.5    23.1    1.08     4.1     0.0
    5 1993  145 21440.0    11.1    22.8    1.21     4.6     0.0
    5 1993  146 21440.0    11.3    21.8    1.20     6.2     0.0
    5 1993  147  2570.0    12.3    15.5    1.40     5.7    15.9
    5 1993  148  5960.0     9.6    13.6    1.12     4.1     9.3
    5 1993  149 25620.0    10.4    19.0    1.12     4.6     0.0
    5 1993  150 21270.0    11.9    20.7    1.20     6.2     0.0
    5 1993  151 16800.0    11.3    16.9    1.16     7.7     0.1
    5 1993  152 13270.0     9.6    18.0    1.10     3.1     0.0
    5 1993  153 14580.0    12.6    22.8    1.36     3.1    12.8
    5 1993  154  7770.0    11.2    14.8    1.26     3.6     7.2
    5 1993  155 24780.0     9.4    20.3    1.08     3.1     0.0
    5 1993  156 20000.0    11.8    22.2    1.22     3.1     0.0
    5 1993  157 25820.0    10.6    21.0    1.10     3.1     0.0
    5 1993  158 23990.0     8.2    22.9    0.97     2.6     0.0
    5 1993  159 26370.0     8.9    24.4    1.00     2.1     0.0
    5 1993  160 28120.0    11.3    27.3    1.16     4.1     0.0
    5 1993  161 20090.0    15.0    29.7    1.48     3.1    14.9
    5 1993  162 20130.0    13.6    22.3    1.37     5.7     0.0
    5 1993  163  8890.0     9.9    15.9    1.10     5.1     0.0
    5 1993  164 11390.0     9.2    16.7    1.06     3.6     0.7
    5 1993  165  6230.0    10.3    13.3    1.14     2.6     4.2
    5 1993  166 26930.0     7.9    16.1    0.93     3.1     0.0
    5 1993  167  3260.0    10.0    15.1    1.19     4.6    14.4
    5 1993  168 26500.0    12.2    18.5    1.28     5.1     0.0
    5 1993  169  7610.0    13.0    17.2    1.44     5.7     3.0
    5 1993  170 12190.0    11.3    17.1    1.25     4.6     6.7
    5 1993  171 26640.0     8.7    18.0    1.02     3.6     0.0
    5 1993  172 19580.0     8.9    18.9    1.03     2.1     0.0
    5 1993  173 21320.0     7.9    18.6    0.95     3.1     0.0
    5 1993  174 12700.0     9.2    16.4    1.05     4.1     0.6
    5 1993  175 25480.0     9.1    16.1    0.98     5.7     0.0
    5 1993  176 11600.0     9.5    14.9    1.03     3.1     0.0
    5 1993  177 10320.0     8.3    17.2    1.00     3.6     0.1
    5 1993  178 25210.0    11.7    18.1    1.21     6.2     0.5
    5 1993  179 19180.0     9.9    17.8    1.07     3.6     0.4
    5 1993  180 28580.0     7.9    22.5    0.94     4.1     0.0
    5 1993  181 29090.0    10.1    23.9    1.07     4.1     0.0
    5 1993  182 25030.0    10.5    23.1    1.17     4.1     0.0
    5 1993  183 27670.0     9.9    20.5    1.11     4.1     0.0
    5 1993  184 22770.0     9.6    22.4    1.09     4.1     0.0
    5 1993  185 27760.0    14.2    24.5    1.46     3.6     0.0
    5 1993  186  7750.0    11.5    16.6    1.25     4.1    28.5
    5 1993  187 15360.0    11.1    17.6    1.16     5.1     2.6
    5 1993  188 16640.0    10.4    16.7    1.10     5.7     0.0
    5 1993  189 15840.0     7.8    21.4    0.95     4.1     0.0
    5 1993  190 13460.0    12.2    20.3    1.30     6.2     0.1
    5 1993  191 21400.0     8.9    17.0    1.00     4.6     0.7
    5 1993  192 16740.0     6.4    16.8    0.87     3.1     0.3
    5 1993  193 17040.0     5.0    16.9    0.81     3.6     0.9
    5 1993  194 18700.0     8.5    18.2    0.98     3.1     0.0
    5 1993  195  6390.0    11.9    18.1    1.38     4.1    21.4
    5 1993  196  8740.0    12.2    18.4    1.36     2.1     6.5
    5 1993  197 12180.0    15.2    21.4    1.65     4.1     5.5
    5 1993  198 14120.0    13.2    19.8    1.42     4.6     0.0
    5 1993  199 21470.0    11.4    19.6    1.21     3.1     0.0
    5 1993  200  8960.0    13.2    18.0    1.45     3.1     1.2
    5 1993  201 12400.0    12.7    19.0    1.39     5.1     4.5
    5 1993  202 16800.0    12.2    18.2    1.29     5.1     0.9
    5 1993  203 17130.0     8.9    19.0    1.06     3.6     0.0
    5 1993  204 10550.0    11.8    20.5    1.30     5.1     0.1
    5 1993  205 13970.0    15.5    22.4    1.67     4.6    16.3
    5 1993  206 18080.0    12.2    18.3    1.33     5.1    12.0
    5 1993  207 19020.0    10.8    17.9    1.18     5.7    18.2
    5 1993  208  4150.0    10.6    17.3    1.28     5.7    14.2
    5 1993  209 12490.0    13.2    19.9    1.45     4.1     0.2
    5 1993  210  6790.0    15.0    21.0    1.66     4.1     2.8
    5 1993  211  3610.0    15.3    18.2    1.74     2.6    20.9
    5 1993  212 16960.0    12.0    18.9    1.32     4.1     1.1
    5 1993  213 13750.0    12.1    19.8    1.34     3.1     0.0
    5 1993  214 19020.0    13.7    23.0    1.39     2.6     0.0
    5 1993  215 14810.0    11.3    20.5    1.24     4.1     1.6
    5 1993  216 14400.0    13.1    19.8    1.41     3.1     0.0
    5 1993  217 11910.0    14.0    20.7    1.48     5.7     3.8
    5 1993  218 14380.0     8.3    17.7    1.02     7.2     1.6
    5 1993  219 14600.0     9.2    21.2    1.10     3.1     0.0
    5 1993  220 15560.0     9.5    21.1    1.13     3.1     0.0
    5 1993  221  5240.0    10.1    18.7    1.22     5.1     3.0
    5 1993  222 17370.0     8.1    16.8    0.99     5.7     2.7
    5 1993  223  6990.0     7.4    17.7    0.99     6.2     2.3
    5 1993  224  6190.0    11.0    18.6    1.28     6.2     7.8
    5 1993  225 20700.0     8.4    18.0    1.00     3.6     0.0
    5 1993  226 17170.0     8.4    23.2    1.02     2.6     0.1
    5 1993  227 10300.0    11.3    22.4    1.31     3.1     7.7
    5 1993  228 11420.0    11.7    20.2    1.33     4.1     0.0
    5 1993  229 21700.0     8.0    19.3    0.98     2.6     0.0
    5 1993  230 20030.0     8.1    20.4    0.98     2.6     0.0
    5 1993  231 20330.0     6.9    20.9    0.90     1.5     0.0
    5 1993  232  5610.0    12.1    18.8    1.38     3.1     0.5
    5 1993  233 11790.0    12.7    19.6    1.40     2.6     0.0
    5 1993  234  3400.0     9.1    13.5    1.14     3.6    17.4
    5 1993  235 13860.0     7.0    16.6    0.95     3.1     0.9
    5 1993  236 12720.0     7.8    16.4    1.00     3.6     2.7
    5 1993  237 12050.0    10.3    16.1    1.20     3.1     3.0
    5 1993  238 14950.0     7.4    17.8    0.98     2.6     0.3
    5 1993  239 10120.0     6.2    15.4    0.91     3.6     0.7
    5 1993  240 13670.0     5.5    17.5    0.85     2.6     0.0
    5 1993  241 14470.0     4.2    18.4    0.78     2.6     0.0
    5 1993  242  7090.0    10.9    16.5    1.24     5.1     2.5
    5 1993  243 11680.0     9.7    17.7    1.14     5.1     0.1
    5 1993  244  8420.0     9.7    18.0    1.17     1.5     1.5
    5 1993  245  4430.0    10.2    16.2    1.23     3.1     0.7
    5 1993  246  8670.0    11.9    15.4    1.35     6.2    14.4
    5 1993  247 11120.0    10.3    16.1    1.19     4.6     1.1
    5 1993  248 17120.0     5.9    16.8    0.85     3.1     1.0
    5 1993  249 17450.0     3.8    17.9    0.74     1.5     0.0
    5 1993  250 17320.0     6.5    19.0    0.90     4.1     0.0
    5 1993  251  4270.0    10.1    18.8    1.23     2.6    16.8
    5 1993  252  6890.0    12.2    19.6    1.41     3.1    15.8
    5 1993  253  7090.0    12.0    18.2    1.38     4.6     6.0
    5 1993  254 13100.0     6.9    17.8    0.96     3.1     0.0
    5 1993  255 16470.0     5.3    18.6    0.84     3.1     2.5
    5 1993  256  1310.0    10.8    13.3    1.29     6.2    21.7
    5 1993  257  3640.0    10.2    14.4    1.24     3.6     5.8
    5 1993  258  7230.0    11.8    16.1    1.35     3.6     7.3
    5 1993  259  3680.0     9.6    14.7    1.19     3.1     8.4
    5 1993  260  6500.0     4.3    12.8    0.81     1.5     0.7
    5 1993  261 14350.0     2.4    15.4    0.68     1.5     0.0
    5 1993  262 15760.0     4.0    18.1    0.77     3.6     0.0
    5 1993  263 12330.0     7.8    22.8    1.01     3.1     0.0
    5 1993  264  7450.0     9.8    18.4    1.17     4.1     0.3
    5 1993  265  4150.0     9.6    17.3    1.19     2.1     2.0
    5 1993  266  5660.0    11.0    16.3    1.29     2.1     0.0
    5 1993  267  8410.0     9.6    15.3    1.16     3.6     0.0
    5 1993  268  1060.0    11.1    12.8    1.31     7.2    37.8
    5 1993  269  3220.0    10.5    12.8    1.26     7.2     7.9
    5 1993  270  2360.0    10.4    13.1    1.26     4.1     7.1
    5 1993  271  6240.0     7.6    14.6    1.02     5.1     0.0
    5 1993  272 11600.0     5.1    16.3    0.85     3.1     0.0
    5 1993  273  4470.0     8.8    14.2    1.11     4.1     0.0
    5 1993  274  4280.0    10.9    14.8    1.25     7.2     0.0
    5 1993  275  7490.0    10.5    15.8    1.20     4.6     0.0
    5 1993  276  1430.0    11.6    13.5    1.34     8.2     0.0
    5 1993  277  5490.0    10.5    16.5    1.22     5.7     0.0
    5 1993  278  6610.0     9.8    17.6    1.19     4.1     2.4
    5 1993  279  7090.0    11.8    16.7    1.33     4.6     0.0
    5 1993  280  7660.0     7.9    15.7    1.02     5.1     0.0
    5 1993  281  7730.0     9.1    15.9    1.13     2.6     0.0
    5 1993  282  5090.0     9.0    13.9    1.12     5.1     0.0
    5 1993  283  8090.0     8.1    15.1    1.05     4.1     0.0
    5 1993  284  6210.0     9.9    17.5    1.19     4.1     0.5
    5 1993  285  4100.0    11.8    17.5    1.35     7.2     6.9
    5 1993  286  5750.0    11.4    16.1    1.30     5.7     0.4
    5 1993  287  1820.0     5.4    11.5    0.87     4.6    16.0
    5 1993  288  7480.0     1.9    11.1    0.68     2.6     0.1
    5 1993  289  5070.0     0.9     8.7    0.63     2.1     0.4
    5 1993  290  9740.0     0.4    11.3    0.60     2.6     0.6
    5 1993  291 10600.0    -0.9     8.2    0.54     4.1     0.0
    5 1993  292  9570.0    -1.7     7.9    0.52     2.6     0.0
    5 1993  293  5060.0    -2.0     9.0    0.52     2.6     3.9
    5 1993  294  7160.0     2.6    10.3    0.73     3.1     4.5
    5 1993  295  3740.0     4.3     9.6    0.80     5.7     0.0
    5 1993  296  5380.0     3.9     8.7    0.77     7.2     0.0
    5 1993  297  8100.0     5.6     8.8    0.85     5.1     0.0
    5 1993  298  2290.0     7.4    10.2    0.99     4.1     0.0
    5 1993  299  5010.0     7.8    12.5    1.05     3.6     0.1
    5 1993  300  2410.0     8.2    10.3    1.08     2.6     0.5
    5 1993  301  2530.0     3.9     9.1    0.79     3.1     0.0
    5 1993  302  6650.0     1.9     9.3    0.69     5.1     0.0
    5 1993  303  2460.0     1.8     5.4    0.70     4.6     0.0
    5 1993  304  1340.0     1.6     3.6    0.69     3.6     0.0
    5 1993  305   690.0     1.8     2.7    0.70     2.6     0.0
    5 1993  306  1980.0     1.3     4.1    0.66     3.6     0.0
    5 1993  307  3510.0     2.5     7.4    0.73     4.1     0.0
    5 1993  308  5380.0     2.6    13.6    0.72     2.6     0.0
    5 1993  309  4630.0     1.7     7.1    0.69     5.7     0.0
    5 1993  310  1190.0     4.7     6.7    0.85     6.2     0.0
    5 1993  311  1180.0     4.5     6.0    0.84     4.1     6.5
    5 1993  312  1470.0     5.4     7.7    0.89     2.6     0.2
    5 1993  313  2490.0     3.6     9.9    0.79     3.1     0.0
    5 1993  314   880.0     6.5     8.6    0.96     7.2     9.9
    5 1993  315  4140.0     4.9    10.1    0.85     5.1     4.3
    5 1993  316  3910.0     3.0     9.2    0.75     4.1     0.6
    5 1993  317  1690.0     4.1     8.4    0.81     6.7     0.9
    5 1993  318   780.0     5.7    10.8    0.90    10.3    17.5
    5 1993  319  2260.0     3.2     8.3    0.74     5.1     0.0
    5 1993  320  4410.0    -0.3     4.7    0.57     2.6     0.0
    5 1993  321  4780.0    -1.0     4.5    0.54     3.6     0.0
    5 1993  322  4610.0    -2.3     1.7    0.50     3.6     0.0
    5 1993  323  6110.0    -3.5     1.9    0.44     3.6     0.0
    5 1993  324  1950.0    -3.8     2.0    0.43     4.6     0.0
    5 1993  325  1770.0    -5.7    -1.7    0.36     6.7     0.0
    5 1993  326  3300.0    -7.9    -2.8    0.32     2.1     0.0
    5 1993  327  1030.0    -8.3    -0.1    0.31     3.6     0.0
    5 1993  328  4620.0    -5.2     0.5    0.38     3.1     0.0
    5 1993  329  3540.0    -4.1     2.7    0.42     2.1     0.0
    5 1993  330  1150.0    -4.8     0.9    0.42     2.6     0.0
    5 1993  331   560.0    -3.8    -2.2    0.44     5.1     0.0
    5 1993  332  2090.0    -3.3    -0.4    0.45     4.1     0.0
    5 1993  333  4630.0    -4.5     1.5    0.40     4.1     0.0
    5 1993  334  1460.0    -5.2    -0.7    0.37     4.1     0.7
    5 1993  335   850.0    -2.3     1.9    0.50     3.6     0.2
    5 1993  336  1790.0     1.8    10.4    0.67     6.7     0.5
    5 1993  337  1260.0     7.9     9.7    1.01     7.2     0.0
    5 1993  338   380.0     2.3    10.9    0.67     8.2     2.1
    5 1993  339  2380.0     1.5     8.3    0.65     5.1     0.0
    5 1993  340  1030.0     5.6     7.8    0.88     5.1     0.0
    5 1993  341   350.0     3.2     6.7    0.71     7.7     9.9
    5 1993  342   610.0     1.9    10.7    0.66     7.7    14.7
    5 1993  343   370.0     6.1     9.4    0.84    11.8     8.8
    5 1993  344   640.0     4.2     8.3    0.76     6.7     1.7
    5 1993  345  2280.0     1.9     6.0    0.64     5.7     0.7
    5 1993  346  2060.0     1.0     4.9    0.63     4.1     7.5
    5 1993  347   890.0     2.1     9.4    0.69     6.2    14.5
    5 1993  348  3420.0    -0.8     3.8    0.52     5.1     0.5
    5 1993  349   410.0     0.4     3.7    0.59     8.7     4.5
    5 1993  350  1850.0     3.6     7.0    0.73     8.7     3.9
    5 1993  351  2800.0     2.3     6.4    0.67     4.6     0.3
    5 1993  352   450.0     5.0    11.6    0.84     7.7     1.1
    5 1993  353   300.0     6.7    13.2    0.91    12.3    10.7
    5 1993  354   510.0     2.5     6.8    0.69     4.1     6.0
    5 1993  355  1550.0     0.4     4.1    0.60     4.6     7.5
    5 1993  356   520.0     0.9     6.5    0.61     7.7    12.7
    5 1993  357  1580.0     2.5     5.7    0.69     6.2     4.9
    5 1993  358   710.0     2.4     4.6    0.70     4.1     3.1
    5 1993  359  3160.0    -1.4     2.6    0.52     2.6     0.0
    5 1993  360   790.0     0.8     3.2    0.61     5.7     1.8
    5 1993  361   580.0     0.4     3.3    0.61     1.5     1.5
    5 1993  362  1260.0    -0.3     3.2    0.58     3.6     0.0
    5 1993  363   520.0     1.9     7.5    0.68     6.7     5.9
    5 1993  364   610.0     3.6     8.1    0.76     5.1    14.7
    5 1993  365  1730.0     2.4     7.7    0.70     5.1     4.4
