*---------------------------------------------------------------------------*
* Station name: Lelystad, Netherlands, actual data
* Year: 2000
* Author: Joost Wolf and Janette Bessembinder            -99.000: NIL VALUE
* Comments: vapour pressure calculated from minimum temperature and 
* relative humidity
* Longitude: 5 38 E, latitude: 52 34 N, altitude: -4 m.
*
* Column  Daily value
* 1       station number
* 2       year
* 3       day
* 4       irradiation                   (kJ m-2 d-1)
* 5       minimum temperature           (degrees Celsius)
* 6       maximum temperature           (degrees Celsius)
* 7       early morning vapour pressure (kPa)
* 8       mean wind speed (height: 2 m) (m s-1)
* 9       precipitation                 (mm d-1)
*
** WCCDESCRIPTION=Netherlands, Lelystad
** WCCFORMAT=2
** WCCYEARNR=2000
*---------------------------------------------------------------------------*
   5.63  52.57    -4.  -0.18 -0.55
    5 2000    1  2020.0     1.0     8.2    0.65     3.0     1.3
    5 2000    2   800.0     4.3     8.2    0.82     4.2     0.0
    5 2000    3   380.0     5.3     9.5    0.87     6.9     5.5
    5 2000    4   490.0     2.2     9.3    0.69     4.0     4.6
    5 2000    5  3590.0     0.8     7.1    0.61     5.0     0.0
    5 2000    6   990.0     4.8     8.5    0.83     6.2     0.8
    5 2000    7  2500.0     2.6     7.3    0.71     5.8     0.0
    5 2000    8   780.0     2.0     7.9    0.68     5.4     1.5
    5 2000    9  3890.0    -0.8     6.4    0.56     2.3     0.0
    5 2000   10  4170.0    -2.6     4.4    0.49     2.4     0.0
    5 2000   11  2450.0    -0.3     4.2    0.56     5.8     0.0
    5 2000   12  2710.0    -0.3     3.1    0.55     6.5     0.0
    5 2000   13  2170.0    -0.4     3.2    0.55     5.1     0.0
    5 2000   14  1400.0     1.6     4.0    0.68     2.6     0.0
    5 2000   15  2730.0     1.8     5.2    0.67     2.6     0.0
    5 2000   16  1570.0     2.4     6.7    0.71     4.1     0.5
    5 2000   17  1130.0     5.5     7.3    0.88     6.4     0.1
    5 2000   18  3220.0     4.5     7.8    0.77     8.0     0.4
    5 2000   19  1750.0     2.4     5.3    0.67     4.0     0.0
    5 2000   20   930.0     4.3     6.0    0.78     5.1     0.3
    5 2000   21  3230.0     3.1     6.6    0.71     5.0     0.3
    5 2000   22  2660.0     3.9     6.4    0.76     5.7     5.0
    5 2000   23  1530.0    -3.5     4.7    0.43     3.3     0.5
    5 2000   24  4600.0    -6.1     0.1    0.34     1.8     0.0
    5 2000   25  3960.0    -1.5     2.6    0.50     3.5     0.0
    5 2000   26  3080.0     0.2     6.2    0.59     3.3     0.0
    5 2000   27   560.0     1.1     4.7    0.62     5.0     0.0
    5 2000   28  1210.0     0.8     5.6    0.61     7.4     2.6
    5 2000   29   730.0     5.4    10.7    0.83     9.8    13.7
    5 2000   30  2120.0     6.4    10.8    0.87     7.3     2.6
    5 2000   31  2140.0     8.3    10.6    1.01     7.8     0.5
    5 2000   32  2120.0     7.5     9.7    0.96     7.0     2.0
    5 2000   33  5150.0     6.2     8.2    0.89     6.1     4.7
    5 2000   34  5060.0     4.3     8.3    0.78     4.7     0.0
    5 2000   35   770.0     4.2     8.7    0.80     7.3     5.4
    5 2000   36  5420.0     6.6    10.9    0.89     5.5     0.0
    5 2000   37  1390.0     4.5     8.7    0.80     5.4     0.6
    5 2000   38  4140.0     6.1     9.2    0.88     7.8     6.2
    5 2000   39  1210.0     6.2    11.1    0.85     8.3     6.4
    5 2000   40  4450.0     4.3     8.0    0.73     8.2     0.6
    5 2000   41  2090.0     4.8     7.8    0.79     7.8     9.9
    5 2000   42  7530.0     1.5     8.6    0.63     4.6     0.0
    5 2000   43  3000.0     2.2     6.5    0.67     6.8     3.0
    5 2000   44  6850.0     2.1     7.4    0.65     5.2     0.0
    5 2000   45  6420.0    -1.1     7.4    0.53     4.2     1.0
    5 2000   46  5630.0     4.0     8.1    0.76     4.0     0.5
    5 2000   47  6180.0     0.0     5.1    0.56     6.3    12.4
    5 2000   48  5050.0     0.5     6.7    0.60     5.5     8.5
    5 2000   49  2230.0     0.8     7.5    0.62     5.3     6.5
    5 2000   50  1910.0     3.0     5.5    0.71     6.1     3.0
    5 2000   51  9380.0    -1.7     6.5    0.50     3.0     1.1
    5 2000   52  5680.0    -2.5     5.4    0.49     3.1     0.1
    5 2000   53  4330.0     0.7     7.5    0.63     2.4     0.0
    5 2000   54  8560.0    -1.4     9.7    0.52     3.0     0.0
    5 2000   55  6040.0     4.2     9.3    0.77     5.3     8.9
    5 2000   56  9820.0     1.8     7.7    0.65     4.1     7.7
    5 2000   57  9300.0     0.3     9.3    0.58     3.2     0.0
    5 2000   58  8580.0     0.9    11.7    0.57     6.7     0.0
    5 2000   59  1370.0     4.6    12.8    0.79     6.8     6.2
    5 2000   60  5930.0     3.9     8.7    0.76     8.5     6.8
    5 2000   61  8490.0     3.4     7.6    0.72     6.1     0.6
    5 2000   62  5000.0     2.3     8.5    0.67     7.6    16.8
    5 2000   63  8090.0     2.8     9.9    0.68     8.6    12.9
    5 2000   64  9090.0    -0.2     4.8    0.57     7.5     1.0
    5 2000   65  6540.0     0.1     6.4    0.58     3.6     0.3
    5 2000   66  3300.0     3.1     8.4    0.73     7.1     0.0
    5 2000   67  7000.0     7.8    12.1    1.01     7.6     1.9
    5 2000   68  2920.0     9.5    12.5    1.15     7.5    10.7
    5 2000   69  7010.0     5.6    11.9    0.86     7.7     4.3
    5 2000   70  6170.0     2.4     9.3    0.66     3.4     2.8
    5 2000   71  9040.0     6.5    10.4    0.92     7.4     0.6
    5 2000   72  9300.0     5.5    11.8    0.84     2.4     0.0
    5 2000   73  3920.0     5.0     9.6    0.85     3.1     0.4
    5 2000   74  3290.0     3.9     9.6    0.76     6.8     3.2
    5 2000   75  9300.0     2.8     7.7    0.68     7.8     1.0
    5 2000   76  2690.0     6.2     8.7    0.92     5.3     0.6
    5 2000   77  5850.0     7.0     9.6    0.96     5.7     0.4
    5 2000   78  6940.0     5.8     8.3    0.88     6.5     3.4
    5 2000   79 13730.0     2.5     9.2    0.69     3.8     0.0
    5 2000   80  9080.0     0.8    10.2    0.62     1.9     0.0
    5 2000   81  4940.0     2.3     9.3    0.67     0.7     0.0
    5 2000   82 15050.0     0.4    14.9    0.58     1.4     0.0
    5 2000   83  8070.0     0.0    10.5    0.60     3.2     0.0
    5 2000   84  2480.0     4.8    10.8    0.84     2.9     7.6
    5 2000   85 10040.0     5.6    12.4    0.86     3.0     0.0
    5 2000   86  9330.0     2.6    10.0    0.70     2.8     7.1
    5 2000   87  6200.0     3.0     8.5    0.72     4.4     1.5
    5 2000   88  1620.0     3.8     4.9    0.76     6.2     0.0
    5 2000   89  4750.0     4.0     7.7    0.78     7.5     0.0
    5 2000   90  3130.0     5.2     7.7    0.85     4.7     0.0
    5 2000   91  5850.0     4.0     8.0    0.77     1.2     0.0
    5 2000   92  5070.0     3.2     9.2    0.73     1.4     1.1
    5 2000   93 11950.0     3.7    13.8    0.73     3.6     0.4
    5 2000   94 12440.0     6.2    17.5    0.83     3.3     0.8
    5 2000   95  8370.0     3.9    13.5    0.76     5.5     0.5
    5 2000   96 11510.0     1.4     7.7    0.57     7.0     0.0
    5 2000   97 13110.0    -0.3     9.8    0.53     3.2     0.0
    5 2000   98 20900.0    -1.6    11.3    0.48     2.3     0.0
    5 2000   99 11680.0    -1.9    11.9    0.46     1.5     0.0
    5 2000  100 20160.0     3.4    14.6    0.66     6.2     0.0
    5 2000  101 21520.0     0.1    10.1    0.51     4.8     0.0
    5 2000  102 17230.0    -1.4    12.2    0.47     2.3     0.0
    5 2000  103  8740.0     3.4     9.7    0.71     5.5     2.8
    5 2000  104  7830.0     3.5     9.1    0.73     5.5     2.9
    5 2000  105 13260.0     1.4    10.4    0.63     3.3     1.3
    5 2000  106  7650.0     3.7    13.8    0.74     5.2     3.5
    5 2000  107 16590.0     6.0    12.6    0.78     5.6     0.0
    5 2000  108 13120.0     7.0    14.9    0.89     5.6     5.5
    5 2000  109 16630.0     6.2    14.8    0.82     5.4     0.0
    5 2000  110 17490.0     7.4    18.7    0.90     2.8     0.0
    5 2000  111 13270.0     6.6    17.2    0.86     4.8     0.0
    5 2000  112 14860.0     9.9    17.8    1.05     3.6     0.4
    5 2000  113  5560.0     8.9    17.9    1.01     2.9     1.9
    5 2000  114  3680.0     9.5    12.7    1.16     2.9     7.1
    5 2000  115 15990.0     8.5    16.0    1.01     2.2     0.1
    5 2000  116 20130.0     8.0    20.4    0.89     4.7     0.0
    5 2000  117 19860.0    10.0    23.6    1.05     4.0     0.0
    5 2000  118 11880.0    11.3    20.2    1.21     3.3     0.1
    5 2000  119 20400.0    10.0    22.1    1.13     2.4     0.0
    5 2000  120  4250.0     9.5    13.2    1.14     2.7     2.9
    5 2000  121  4920.0     9.7    13.6    1.15     2.0     0.7
    5 2000  122  9990.0     9.0    14.5    1.09     3.5     0.0
    5 2000  123  4570.0     8.6    12.0    1.07     4.7     0.0
    5 2000  124  7760.0     9.1    14.6    1.09     3.4     0.3
    5 2000  125 18040.0     9.2    18.1    1.08     4.0     0.9
    5 2000  126 25240.0     8.6    25.5    0.90     4.7     0.0
    5 2000  127 23870.0    11.2    27.4    1.06     4.9     0.0
    5 2000  128 25440.0    12.8    28.3    1.17     4.6     0.0
    5 2000  129 21720.0    12.4    26.4    1.20     2.8     0.0
    5 2000  130 22500.0    12.7    25.8    1.24     2.3     0.0
    5 2000  131 20070.0    13.7    27.8    1.28     3.6     0.0
    5 2000  132 25900.0    11.9    24.8    1.13     5.5     0.0
    5 2000  133 24820.0    10.9    25.2    1.04     5.5     0.0
    5 2000  134 27770.0    10.2    25.4    0.91     4.0     0.0
    5 2000  135 27040.0     9.3    26.4    0.93     2.1     0.0
    5 2000  136 25890.0    11.3    28.8    1.04     2.4     0.0
    5 2000  137 22500.0    12.8    29.2    1.24     3.8     9.5
    5 2000  138 14380.0    10.9    16.5    1.13     6.3     0.8
    5 2000  139 15590.0     8.7    14.5    0.97     6.0     2.0
    5 2000  140 11480.0     8.7    14.7    1.01     3.9     2.8
    5 2000  141 23500.0     5.9    15.3    0.80     3.9     0.1
    5 2000  142  6540.0     5.2    13.0    0.82     2.8     7.5
    5 2000  143 12600.0     7.5    15.1    0.94     2.4     1.0
    5 2000  144 13470.0     7.3    18.4    0.93     4.6     5.2
    5 2000  145 19650.0    11.5    16.4    1.21     3.3     5.7
    5 2000  146 13890.0    10.7    14.6    1.16     6.4     6.2
    5 2000  147 16620.0     9.1    16.8    1.00     4.4     3.7
    5 2000  148 17470.0     9.5    16.6    1.02     8.2     1.2
    5 2000  149  5880.0     7.5    13.3    0.95     8.6    11.2
    5 2000  150 19270.0     7.0    14.2    0.91     4.7     6.9
    5 2000  151 12670.0     4.4    14.5    0.76     2.3     0.1
    5 2000  152 25590.0     4.8    17.7    0.73     1.8     0.0
    5 2000  153  8970.0    11.0    18.2    1.19     4.6     1.7
    5 2000  154 23040.0    10.9    19.7    1.17     4.0     0.0
    5 2000  155 21180.0     9.8    23.4    1.10     3.9     8.8
    5 2000  156 22970.0     9.2    20.5    1.04     3.9     0.2
    5 2000  157  8250.0     8.0    15.7    1.00     2.7     4.7
    5 2000  158  8880.0    11.3    14.3    1.21     3.8     0.1
    5 2000  159 17930.0     6.4    15.3    0.86     4.1     0.1
    5 2000  160 29930.0     5.3    22.1    0.73     3.7     0.0
    5 2000  161 28210.0    11.5    28.9    1.13     3.8     0.0
    5 2000  162 22200.0    11.1    19.3    1.19     3.0     0.0
    5 2000  163 22500.0     8.7    19.3    0.99     3.2     0.0
    5 2000  164 21120.0    11.7    20.2    1.22     4.8     0.0
    5 2000  165 10290.0    14.1    19.1    1.48     3.5     0.3
    5 2000  166 10230.0    15.0    19.3    1.57     3.9     6.9
    5 2000  167 24720.0     9.3    18.2    1.03     4.0     0.0
    5 2000  168 29780.0     7.8    16.7    0.90     3.5     0.0
    5 2000  169 30110.0     5.9    21.5    0.77     1.5     0.0
    5 2000  170 29250.0    10.2    27.4    1.03     2.6     0.0
    5 2000  171 29300.0    15.1    31.9    1.39     3.6     0.0
    5 2000  172 27030.0    19.1    32.2    1.89     2.8     0.0
    5 2000  173 16920.0    15.5    25.7    1.55     4.0     1.2
    5 2000  174 13240.0    13.2    19.3    1.34     4.6     3.8
    5 2000  175 12100.0    11.7    19.3    1.24     4.9    10.5
    5 2000  176 15760.0    11.2    16.6    1.20     4.8     6.3
    5 2000  177 12020.0    11.6    15.1    1.20     5.4     0.8
    5 2000  178 21680.0     8.8    15.8    0.94     5.8     0.0
    5 2000  179 24680.0     8.7    15.9    0.96     4.1     0.0
    5 2000  180 21190.0    10.5    15.5    1.07     4.4     0.0
    5 2000  181 24350.0     9.7    16.4    0.99     4.3     0.0
    5 2000  182 25410.0     8.7    17.2    0.96     2.4     0.0
    5 2000  183  6190.0     7.6    14.5    0.97     2.1     9.2
    5 2000  184 18350.0    13.5    23.5    1.42     2.5     0.0
    5 2000  185 22610.0    12.1    23.2    1.28     2.3     0.0
    5 2000  186 22970.0    12.2    21.3    1.31     2.8     0.0
    5 2000  187  6950.0    13.9    17.8    1.48     3.0     2.5
    5 2000  188 26740.0    12.6    19.5    1.30     2.8     0.0
    5 2000  189 14740.0    10.1    16.9    1.09     4.4     0.0
    5 2000  190 11750.0     9.2    16.3    1.05     3.3     0.2
    5 2000  191  4710.0    12.6    14.6    1.37     5.9     4.8
    5 2000  192 16360.0    11.7    18.4    1.25     5.4    37.8
    5 2000  193  9560.0    11.7    15.1    1.26     6.4     1.7
    5 2000  194 25460.0     8.9    16.1    0.97     5.0     0.0
    5 2000  195  8040.0     9.5    17.6    1.11     3.4     6.9
    5 2000  196 17350.0    11.9    16.7    1.27     4.6     6.0
    5 2000  197 19680.0    11.2    16.5    1.21     5.3     5.8
    5 2000  198 10020.0    12.0    16.4    1.30     3.7     3.8
    5 2000  199  7580.0    12.3    15.6    1.32     3.0     0.3
    5 2000  200 14520.0    11.7    16.1    1.23     3.6     0.0
    5 2000  201 15600.0    13.4    18.7    1.40     4.5     0.0
    5 2000  202 25650.0    11.2    20.4    1.19     3.5     0.0
    5 2000  203 18620.0    12.1    17.2    1.28     4.8     0.0
    5 2000  204 13390.0    12.5    19.7    1.36     3.6     0.0
    5 2000  205 10670.0    13.3    20.1    1.44     3.1     0.0
    5 2000  206 16680.0    13.8    22.9    1.47     5.4     5.2
    5 2000  207 14580.0    15.3    21.2    1.64     4.1     0.1
    5 2000  208 11870.0    10.3    19.5    1.17     2.6     0.0
    5 2000  209 15350.0    11.1    21.3    1.21     1.5     2.6
    5 2000  210 17790.0    12.2    21.0    1.33     2.8     1.4
    5 2000  211 19980.0    11.2    22.0    1.24     2.3     0.0
    5 2000  212 16840.0    13.8    21.0    1.47     2.4     0.0
    5 2000  213 21420.0    13.9    23.4    1.42     1.9     0.0
    5 2000  214 21480.0    15.0    27.7    1.51     2.7    12.2
    5 2000  215 21090.0    13.9    21.7    1.43     4.2     0.0
    5 2000  216 17970.0    12.9    22.4    1.34     4.0     7.7
    5 2000  217 22380.0    10.7    21.2    1.18     2.4     0.0
    5 2000  218 19800.0    11.5    21.5    1.23     1.9     0.0
    5 2000  219 17370.0    12.0    22.6    1.28     3.4     0.0
    5 2000  220 13850.0    13.9    20.9    1.44     2.2     0.0
    5 2000  221 17650.0    14.2    21.2    1.50     3.2     0.9
    5 2000  222 19320.0    12.9    23.6    1.30     2.5     0.0
    5 2000  223  6760.0    16.5    20.0    1.75     3.5     1.0
    5 2000  224 22130.0    14.7    22.9    1.46     2.5     0.0
    5 2000  225 23910.0    10.1    23.1    1.08     1.6     0.0
    5 2000  226 18920.0    10.9    29.2    1.11     3.1     0.0
    5 2000  227 14110.0    18.3    26.2    1.91     3.1     2.8
    5 2000  228 11700.0    13.1    22.5    1.38     3.8     0.0
    5 2000  229 16390.0    13.3    22.8    1.34     3.8     0.0
    5 2000  230 19320.0    12.2    23.0    1.23     4.4     0.0
    5 2000  231 16560.0    12.1    23.0    1.23     2.8     0.0
    5 2000  232 11730.0    15.7    23.5    1.59     2.7     0.0
    5 2000  233 14250.0    12.2    21.9    1.27     2.9     9.0
    5 2000  234 11670.0    11.6    19.4    1.26     2.2     0.4
    5 2000  235 13390.0     9.1    20.2    1.09     1.6    22.0
    5 2000  236 21540.0     8.8    20.2    1.01     3.2     0.0
    5 2000  237 21870.0     7.1    21.8    0.87     2.3     0.0
    5 2000  238 12530.0    12.8    21.3    1.34     2.2     0.0
    5 2000  239 19430.0    12.1    25.3    1.22     4.5     0.0
    5 2000  240  3920.0    13.4    19.9    1.50     2.0     5.7
    5 2000  241 13120.0    10.5    19.4    1.20     3.3     0.4
    5 2000  242 14530.0     9.6    20.0    1.10     2.8     0.0
    5 2000  243 18110.0     7.9    19.3    0.98     2.4     0.0
    5 2000  244 16220.0     8.4    19.9    1.02     2.1     0.0
    5 2000  245  8850.0    10.7    19.2    1.18     3.7     2.7
    5 2000  246  9770.0    12.7    18.5    1.39     3.8     9.2
    5 2000  247  9460.0    12.6    18.0    1.33     5.4     7.7
    5 2000  248 14370.0    12.1    17.4    1.28     3.0     2.8
    5 2000  249 12510.0    10.1    19.7    1.14     2.8     0.3
    5 2000  250  4560.0    12.8    16.8    1.40     6.5    13.1
    5 2000  251 11840.0    14.1    17.4    1.45     5.8     0.2
    5 2000  252  2500.0    14.7    18.9    1.65     4.6     2.7
    5 2000  253  4910.0    13.6    18.3    1.53     1.2     3.4
    5 2000  254 10970.0    10.3    22.8    1.21     1.3     0.0
    5 2000  255 15950.0    12.5    22.9    1.39     3.0     0.0
    5 2000  256  7150.0    12.2    21.2    1.36     3.4     0.0
    5 2000  257  9180.0    12.9    18.3    1.41     3.4     0.0
    5 2000  258 10440.0    11.7    19.9    1.30     1.6     0.0
    5 2000  259 10430.0    12.7    21.4    1.40     3.0     4.8
    5 2000  260 11340.0    10.0    19.8    1.15     3.5     0.0
    5 2000  261  4280.0     9.5    17.4    1.17     2.0     0.1
    5 2000  262 12660.0    11.2    19.8    1.24     4.6     0.0
    5 2000  263 15010.0    12.8    21.0    1.35     5.5     0.0
    5 2000  264  1940.0    11.4    14.8    1.32     3.4    10.9
    5 2000  265  6150.0     8.6    14.0    1.10     2.3     4.3
    5 2000  266 11360.0     7.4    19.8    0.99     3.3     0.0
    5 2000  267 14170.0    11.2    20.3    1.24     3.6     0.0
    5 2000  268 15020.0     8.9    19.2    1.01     4.5     0.1
    5 2000  269  9440.0    10.6    18.1    1.23     2.2     8.5
    5 2000  270  4910.0    12.8    20.5    1.42     3.0    12.6
    5 2000  271 11110.0    13.3    19.1    1.43     4.3     0.7
    5 2000  272  3580.0    14.1    16.9    1.53     6.0     3.6
    5 2000  273  6190.0    12.3    20.1    1.36     2.6     0.0
    5 2000  274  8720.0    10.3    20.2    1.20     1.9     0.2
    5 2000  275  1870.0    10.9    16.0    1.29     2.0     8.5
    5 2000  276  8360.0     9.1    16.4    1.12     3.6     0.0
    5 2000  277  7190.0     8.4    16.5    1.05     3.5     0.0
    5 2000  278  3190.0     9.7    15.0    1.18     4.1     0.5
    5 2000  279  6870.0     7.0    16.6    0.97     3.8     4.6
    5 2000  280  8790.0     6.0    13.9    0.89     3.5     5.8
    5 2000  281 10620.0     3.1    13.7    0.72     2.7     0.0
    5 2000  282  1840.0     4.9    11.9    0.85     4.5     5.2
    5 2000  283  9280.0     3.7    14.0    0.74     4.2     0.8
    5 2000  284  4670.0     7.2    11.4    0.96     8.4     6.2
    5 2000  285  5220.0     7.8    12.3    0.99     8.5     6.9
    5 2000  286  9400.0     8.3    15.0    1.01     6.4     0.2
    5 2000  287  8430.0     6.3    15.5    0.91     3.8     0.0
    5 2000  288  3930.0     5.5    11.8    0.90     2.4     0.0
    5 2000  289  3440.0     7.3    13.6    1.02     3.4     0.4
    5 2000  290  2940.0    10.7    16.1    1.26     6.2     2.7
    5 2000  291  8320.0     4.8    13.9    0.83     3.8     2.2
    5 2000  292  3080.0     4.3    11.7    0.80     5.5     0.3
    5 2000  293  6540.0     4.0    15.3    0.79     3.2     6.4
    5 2000  294  6690.0     3.2    14.2    0.75     3.6     0.0
    5 2000  295  4960.0    11.3    17.8    1.28     3.9     0.0
    5 2000  296  6140.0    10.5    17.9    1.22     2.6     0.0
    5 2000  297  6320.0    11.7    18.7    1.30     5.5     2.3
    5 2000  298  3110.0    11.2    13.6    1.26     5.5     1.1
    5 2000  299  1390.0     9.3    14.6    1.11     6.9     3.7
    5 2000  300  6920.0     7.0    13.0    0.94     4.4     3.3
    5 2000  301  1150.0     8.2    12.9    1.08     5.8     6.4
    5 2000  302  1290.0    11.9    14.1    1.36     6.9     1.7
    5 2000  303  4910.0     8.3    12.5    1.00     9.7     2.7
    5 2000  304   800.0     6.9    13.3    0.93    12.6    18.0
    5 2000  305  2580.0     7.5    10.9    0.97     8.6     3.8
    5 2000  306  2320.0     6.2     9.3    0.91     7.9     1.9
    5 2000  307  3500.0     5.1    10.9    0.84     7.6     9.5
    5 2000  308  6120.0     4.8    10.5    0.80     6.3     0.0
    5 2000  309  6450.0     4.3    10.7    0.81     5.2     0.7
    5 2000  310  5900.0     3.8     9.8    0.76     5.4     0.1
    5 2000  311  1900.0     6.8    10.3    0.92     7.1     3.5
    5 2000  312  1900.0     6.0     9.6    0.91     5.1     2.6
    5 2000  313  1320.0     7.2     9.1    0.98     7.5     4.4
    5 2000  314  1630.0     7.3     8.6    1.00     6.5    17.1
    5 2000  315  1680.0     5.7     8.2    0.90     5.7    24.9
    5 2000  316  2880.0     5.8    10.2    0.85     8.2     0.7
    5 2000  317   810.0     7.9     9.5    1.01     7.5     9.2
    5 2000  318  2220.0     4.3     9.4    0.82     4.2     0.4
    5 2000  319  3330.0     2.2     9.3    0.71     2.6     0.0
    5 2000  320  1500.0     3.5     7.1    0.77     5.0     0.0
    5 2000  321  2320.0     5.1     8.9    0.85     6.9     3.9
    5 2000  322  4180.0     1.6     7.7    0.68     3.6     4.0
    5 2000  323  3380.0     3.2     7.9    0.75     6.5     2.2
    5 2000  324  1210.0     7.5    10.8    1.01     7.2     4.3
    5 2000  325  1930.0     4.0     7.8    0.79     4.8     3.1
    5 2000  326  1970.0     3.7     7.5    0.75     5.9     1.4
    5 2000  327  2640.0     6.4    10.6    0.90     7.8     1.8
    5 2000  328  1070.0     4.6    10.6    0.83     4.3     5.1
    5 2000  329  2300.0     4.2     9.2    0.80     5.1     0.3
    5 2000  330  1960.0     4.1     8.9    0.79     6.7     7.7
    5 2000  331  1980.0     5.8     8.8    0.89     6.5     4.3
    5 2000  332  3660.0     4.8     8.6    0.83     5.2     1.0
    5 2000  333   810.0     6.7    14.1    0.95     5.9     3.3
    5 2000  334  2990.0     9.7    13.7    1.13     5.2     0.0
    5 2000  335  3560.0     8.0    11.7    1.03     3.7     0.0
    5 2000  336  1530.0     9.7    13.1    1.14     6.4     0.7
    5 2000  337  2080.0     9.0    12.5    1.12     3.9     2.0
    5 2000  338  2320.0     5.2    10.9    0.86     4.1     4.2
    5 2000  339  1920.0     4.8     9.1    0.82     6.8     0.2
    5 2000  340  2660.0     6.3    12.3    0.89     6.1     0.1
    5 2000  341  1110.0     8.1    11.8    1.04     5.4     2.1
    5 2000  342  1840.0     7.0    11.4    0.97     4.8     0.9
    5 2000  343  1340.0     9.9    14.1    1.10     8.3     0.6
    5 2000  344  2420.0     7.7    10.6    0.98     7.4     0.0
    5 2000  345   950.0     7.2    11.3    0.95     7.4     9.1
    5 2000  346  1830.0     9.1    13.0    1.09     7.8    10.1
    5 2000  347   330.0    12.2    13.6    1.37     8.0     5.9
    5 2000  348  1270.0     8.8    12.7    1.02    11.6     6.9
    5 2000  349  1970.0     5.0     9.5    0.82     5.8     1.1
    5 2000  350  1410.0     3.4     7.3    0.74     6.3    11.8
    5 2000  351  2210.0     3.1     6.4    0.72     4.4     6.5
    5 2000  352  1550.0     0.3     5.7    0.61     2.8     0.0
    5 2000  353   970.0     0.0     4.0    0.60     2.3     0.0
    5 2000  354  3750.0    -1.0     3.1    0.56     3.4     0.0
    5 2000  355  3000.0    -0.7     2.5    0.53     5.8     0.0
    5 2000  356  3300.0    -3.0     1.7    0.42     4.2     0.0
    5 2000  357  4540.0    -6.0     1.7    0.35     2.0     0.0
    5 2000  358  2270.0    -6.9     0.3    0.34     1.7     0.0
    5 2000  359   400.0    -0.2     0.6    0.58     3.9    11.5
    5 2000  360  2580.0    -3.8     0.8    0.42     6.8     0.0
    5 2000  361  2340.0    -4.8    -1.5    0.39     5.8     0.0
    5 2000  362  1100.0    -1.6    -0.8    0.52     3.7     2.8
    5 2000  363  1890.0    -1.2     2.6    0.54     4.4     2.5
    5 2000  364  1830.0    -1.4     1.5    0.53     6.1    10.1
    5 2000  365  1950.0    -1.5     2.6    0.53     3.4     3.8
    5 2000  366  3170.0    -7.2     1.2    0.34     4.0     0.0
