*---------------------------------------------------------------------------*
* Station name: Lelystad, Netherlands, actual data
* Year: 1994
* Author: Joost Wolf and Janette Bessembinder            -99.000: NIL VALUE
* Comments: vapour pressure calculated from minimum temperature and 
* relative humidity
* Longitude: 5 38 E, latitude: 52 34 N, altitude: -4 m.
*
* Column  Daily value
* 1       station number
* 2       year
* 3       day
* 4       irradiation                   (kJ m-2 d-1)
* 5       minimum temperature           (degrees Celsius)
* 6       maximum temperature           (degrees Celsius)
* 7       early morning vapour pressure (kPa)
* 8       mean wind speed (height: 2 m) (m s-1)
* 9       precipitation                 (mm d-1)
*
** WCCDESCRIPTION=Netherlands, Lelystad
** WCCFORMAT=2
** WCCYEARNR=1994
*---------------------------------------------------------------------------*
   5.63  52.57    -4.  -0.18 -0.55
    5 1994    1  3100.0     1.1     5.3    0.62     3.6     0.0
    5 1994    2   490.0     0.4     7.4    0.60     6.7     6.5
    5 1994    3   900.0     2.6     7.9    0.71     6.2     5.9
    5 1994    4  2140.0     3.8     8.0    0.75     8.7     4.6
    5 1994    5   610.0     3.8     8.4    0.76     7.2     5.3
    5 1994    6  1620.0     3.9     7.8    0.77     5.1     2.2
    5 1994    7  2480.0     2.9     6.1    0.71     6.2     0.0
    5 1994    8  1460.0     1.3     4.2    0.64     4.6     0.0
    5 1994    9  3350.0     0.0     4.5    0.58     4.6     0.0
    5 1994   10  2500.0     0.1     5.4    0.58     4.1     0.0
    5 1994   11  1010.0     0.8     6.2    0.63     4.1     0.2
    5 1994   12   600.0     5.4    12.3    0.87     8.7     8.4
    5 1994   13  2760.0     7.5    11.5    0.94    10.8     1.2
    5 1994   14  1590.0     4.6     8.0    0.78     8.2     3.5
    5 1994   15  1800.0     4.0     6.4    0.78     4.1     1.2
    5 1994   16  2850.0    -2.2     4.2    0.50     2.6     0.0
    5 1994   17  5590.0    -3.2     2.2    0.46     2.1     0.0
    5 1994   18  1760.0    -0.3     3.7    0.57     6.7     0.0
    5 1994   19   550.0     0.0     3.7    0.60     5.7     1.4
    5 1994   20  4060.0    -0.3     6.7    0.57     4.6     0.0
    5 1994   21   770.0     4.8     6.0    0.85     6.2     0.2
    5 1994   22   700.0     2.7     8.6    0.73     4.6     2.0
    5 1994   23  1680.0     4.0    10.2    0.76     8.7    18.9
    5 1994   24  3090.0     0.7     6.3    0.60     4.1     0.0
    5 1994   25  2420.0     3.4    10.8    0.76     7.7    13.3
    5 1994   26  2930.0     3.7     6.6    0.74     8.2     6.0
    5 1994   27   990.0     3.8    10.4    0.74    11.8    10.7
    5 1994   28  3000.0     0.6     6.0    0.56    12.3     2.2
    5 1994   29  1330.0     2.2     8.2    0.67     6.2     0.1
    5 1994   30  3890.0     5.1     8.8    0.80     9.3     0.4
    5 1994   31  3290.0     4.0     7.0    0.76     4.6     0.0
    5 1994   32  1480.0     4.1     7.2    0.75     7.7     1.9
    5 1994   33  5920.0    -0.9     6.3    0.52     3.6     0.0
    5 1994   34  3490.0    -1.4     4.3    0.52     5.7     3.8
    5 1994   35  1030.0     3.5     6.2    0.77     4.1     0.0
    5 1994   36  2120.0     2.4     4.7    0.69     3.6     0.0
    5 1994   37  2030.0     1.3     6.9    0.65     2.1     0.0
    5 1994   38  2360.0     0.7     5.8    0.62     3.1     0.1
    5 1994   39  6240.0     0.3     8.1    0.60     2.6     0.6
    5 1994   40  3620.0     0.3     8.1    0.59     5.7     1.1
    5 1994   41  3430.0     3.2     6.6    0.71     6.2     1.8
    5 1994   42  2350.0    -0.2     4.3    0.57     3.6     0.0
    5 1994   43  7230.0    -1.0     2.7    0.53     5.7     0.0
    5 1994   44  6190.0    -7.4    -0.5    0.29     9.8     0.0
    5 1994   45  7500.0    -8.3    -1.8    0.24    11.3     0.0
    5 1994   46  6930.0    -5.5     2.4    0.29     7.2     0.0
    5 1994   47  8030.0    -6.5     5.1    0.30     3.6     0.0
    5 1994   48  8290.0    -8.7     3.0    0.27     2.6     0.0
    5 1994   49  9310.0    -8.6     2.9    0.27     4.1     0.0
    5 1994   50  9140.0    -9.2     2.0    0.25     3.6     0.0
    5 1994   51  8140.0   -10.1    -1.0    0.26     3.6     0.0
    5 1994   52  6440.0   -10.4    -1.1    0.25     3.1     0.0
    5 1994   53  1520.0   -10.2    -2.0    0.27     2.6     1.0
    5 1994   54  5350.0    -5.7     1.0    0.37     4.6     0.0
    5 1994   55  4470.0    -2.6    -0.3    0.48     4.1     3.3
    5 1994   56  7100.0    -3.3     2.2    0.45     2.1     0.0
    5 1994   57  5970.0     0.5    11.7    0.60     3.6     0.0
    5 1994   58  3800.0     3.8    11.5    0.77     3.1     3.5
    5 1994   59  4780.0     4.3    10.9    0.82     3.1    15.7
    5 1994   60  1830.0     2.2     7.6    0.71     2.6     0.0
    5 1994   61  1400.0     1.4     6.5    0.66     5.1     4.9
    5 1994   62  4080.0     1.9     8.5    0.66     6.7     6.6
    5 1994   63 10020.0     0.9     9.7    0.59     4.6     0.0
    5 1994   64  7570.0     3.4    11.6    0.69     6.2     0.8
    5 1994   65  9110.0     3.6     9.0    0.72     5.7     0.0
    5 1994   66  6120.0     6.6    12.2    0.93     7.2     1.8
    5 1994   67  2600.0     8.7    11.6    1.11     7.7     0.1
    5 1994   68  1370.0     6.6     9.6    0.96     6.2     0.4
    5 1994   69 13450.0     1.7     9.0    0.63     5.1     0.0
    5 1994   70 12600.0    -0.3    10.9    0.53     3.6     0.0
    5 1994   71  9170.0     3.3     8.0    0.70     5.1     0.7
    5 1994   72  4170.0     5.3    10.2    0.79    12.3     7.3
    5 1994   73  8520.0     5.4    11.9    0.81     8.7     3.3
    5 1994   74  2550.0     5.1     8.6    0.85     3.6     8.6
    5 1994   75 10920.0     1.2     7.8    0.59     7.7     1.8
    5 1994   76  3980.0     2.9     6.0    0.66     9.8     0.2
    5 1994   77  6600.0     2.4     8.7    0.67     5.7    11.8
    5 1994   78 12610.0     0.3     8.7    0.55     8.2     4.6
    5 1994   79 13260.0     0.8     7.1    0.58     6.2     0.0
    5 1994   80 13400.0    -0.7     7.3    0.52     3.1     0.0
    5 1994   81  3230.0    -1.8     8.4    0.52     5.1     1.0
    5 1994   82  1520.0     8.4    12.6    1.06    12.3     1.8
    5 1994   83 15930.0     6.4    11.5    0.83     8.7     4.0
    5 1994   84  1850.0     5.6    10.6    0.87     7.7    28.1
    5 1994   85 12190.0     3.1     8.1    0.69     8.2     0.4
    5 1994   86 14620.0     0.7     9.2    0.54     3.1     0.0
    5 1994   87  4160.0     4.5    11.6    0.77     6.7     1.3
    5 1994   88 12070.0     7.2    13.1    0.93     6.7     0.0
    5 1994   89 13340.0     5.6    18.0    0.81     5.7     0.4
    5 1994   90 11030.0     7.9    15.5    0.91     9.3     5.6
    5 1994   91  5950.0     5.1    11.5    0.80    10.8    13.3
    5 1994   92 13450.0     1.2     8.1    0.60     5.1     3.1
    5 1994   93 12130.0     1.2     9.1    0.59     5.1     2.2
    5 1994   94  5450.0     2.7     9.8    0.70     8.2    22.0
    5 1994   95  8860.0     1.6     6.9    0.65     6.2     2.3
    5 1994   96 10930.0    -0.1     9.0    0.57     3.1     1.2
    5 1994   97 12600.0    -0.3     9.6    0.54     3.6     0.2
    5 1994   98  7220.0     4.9     9.1    0.80     4.6     1.8
    5 1994   99 11170.0     1.6     7.8    0.63     4.6     8.6
    5 1994  100 11330.0     1.0     8.0    0.61     4.1     3.5
    5 1994  101 19570.0     5.3    13.0    0.79     7.2     0.0
    5 1994  102 12330.0     5.8    11.8    0.82     5.7     0.0
    5 1994  103 13940.0     5.7    10.3    0.80     9.8     0.0
    5 1994  104 13530.0     3.8     8.6    0.71     7.2     2.7
    5 1994  105  5210.0     4.0     8.7    0.77     2.6     4.1
    5 1994  106 20110.0     2.6    12.2    0.69     5.7     0.0
    5 1994  107  9470.0     4.2     8.6    0.75     6.7     0.0
    5 1994  108 18980.0    -0.3     9.6    0.52     4.6     0.0
    5 1994  109 10290.0    -0.1     9.5    0.54     2.1     0.0
    5 1994  110 16150.0     0.3    14.2    0.54     2.1     0.0
    5 1994  111  7480.0     1.8    13.8    0.62     2.6     0.0
    5 1994  112 18290.0     0.8    18.2    0.53     3.1     0.0
    5 1994  113 19150.0     7.7    23.3    0.87     4.6     0.0
    5 1994  114 12560.0     6.0    21.1    0.85     2.6     4.9
    5 1994  115 10920.0     4.4    13.7    0.76     3.6     0.1
    5 1994  116  5320.0     5.8    14.7    0.87     4.6     1.0
    5 1994  117  6130.0     9.7    14.6    1.17     5.1     0.1
    5 1994  118  6320.0     7.0    17.0    0.96     4.1     0.0
    5 1994  119 19720.0     7.0    21.7    0.90     2.6     0.0
    5 1994  120 21950.0     8.7    17.8    0.98     5.1     0.0
    5 1994  121 10200.0     6.1    10.1    0.77     4.6     0.0
    5 1994  122 22400.0     4.6    13.7    0.69     3.6     0.0
    5 1994  123 23960.0     3.8    21.0    0.63     5.7     0.0
    5 1994  124 13210.0     8.2    15.6    0.91     5.1     0.0
    5 1994  125 18140.0     7.7    14.6    0.89     4.6     0.7
    5 1994  126  5110.0     8.6    13.1    1.10     3.6     9.8
    5 1994  127 12800.0    11.3    20.0    1.24     3.6     0.0
    5 1994  128  3430.0     9.3    14.6    1.10     4.1     3.2
    5 1994  129  8470.0     6.7    12.0    0.91     3.6     0.0
    5 1994  130 15370.0     5.3    14.4    0.83     2.6     0.0
    5 1994  131 19250.0     7.5    21.9    0.91     4.6     0.0
    5 1994  132 25090.0    10.6    23.5    1.00     6.2     0.0
    5 1994  133 24510.0    10.2    22.5    1.01     6.7     0.0
    5 1994  134 23120.0    10.5    24.8    1.08     5.1     2.7
    5 1994  135 14310.0     8.6    16.9    1.05     4.1     4.4
    5 1994  136 10880.0     7.4    16.2    0.99     2.6     2.1
    5 1994  137  6200.0     8.0    16.0    1.01     4.1     8.6
    5 1994  138 18700.0     8.7    14.8    1.05     4.1     0.0
    5 1994  139 21670.0     8.2    16.5    0.97     3.1     0.0
    5 1994  140 15870.0    10.2    17.5    1.14     3.6     1.3
    5 1994  141  9960.0    11.8    18.8    1.33     4.1    12.7
    5 1994  142  9320.0    10.0    16.3    1.16     5.7     3.0
    5 1994  143 13650.0     8.6    14.9    1.05     3.6     0.0
    5 1994  144 12640.0    10.8    15.7    1.19     2.6     0.0
    5 1994  145  9070.0    10.6    15.1    1.21     3.6     2.6
    5 1994  146  7800.0     8.8    15.0    1.03     3.1     0.0
    5 1994  147  7870.0     8.9    12.4    1.04     4.6     4.0
    5 1994  148 13180.0     6.5    13.8    0.88     3.1     0.0
    5 1994  149 18280.0     4.6    13.2    0.74     4.1     0.3
    5 1994  150 20460.0     4.9    13.9    0.75     2.6     1.1
    5 1994  151 27110.0     3.8    17.9    0.68     4.1     0.0
    5 1994  152 28000.0     7.1    24.7    0.79     3.1     0.0
    5 1994  153  5840.0    11.8    19.0    1.28     4.6     4.3
    5 1994  154 12980.0    10.4    17.2    1.15     6.7    10.8
    5 1994  155 10580.0     9.5    14.5    1.13     5.7    14.1
    5 1994  156 24230.0     9.4    13.8    1.04     6.2     1.1
    5 1994  157  7790.0     9.0    14.4    1.12     4.6     0.7
    5 1994  158  5370.0    11.5    15.5    1.30     5.1     0.0
    5 1994  159  8060.0     8.8    15.8    1.07     3.1     7.9
    5 1994  160 16850.0     8.5    14.4    1.01     5.1     2.9
    5 1994  161 21500.0     9.2    13.7    1.06     7.2     7.9
    5 1994  162 23050.0     8.7    15.3    1.02     5.1     2.7
    5 1994  163 23510.0     7.8    16.7    0.98     3.1     0.0
    5 1994  164 23210.0     5.5    17.8    0.83     2.6     0.0
    5 1994  165 28340.0     5.5    20.7    0.81     3.6     0.0
    5 1994  166 20940.0     7.7    18.1    0.92     4.6     0.0
    5 1994  167  8000.0    10.4    14.9    1.17     4.6     3.4
    5 1994  168 12980.0     9.7    15.4    1.11     2.1     0.1
    5 1994  169 10730.0    12.8    17.5    1.34     4.6     0.0
    5 1994  170 12460.0    12.5    17.5    1.34     4.6     0.4
    5 1994  171  9370.0    12.5    18.8    1.38     2.6     0.2
    5 1994  172 11190.0    13.3    18.5    1.40     7.2     2.0
    5 1994  173 13810.0    10.2    18.4    1.12     6.2     0.1
    5 1994  174 29140.0     8.3    17.8    0.94     3.1     0.0
    5 1994  175 26820.0     7.3    24.5    0.83     5.1     0.0
    5 1994  176 12500.0    12.5    24.9    1.31     3.6     0.5
    5 1994  177 14790.0    12.4    23.9    1.34     3.1     0.0
    5 1994  178 22890.0    11.6    23.0    1.26     3.1     0.0
    5 1994  179 26400.0    11.6    28.5    1.21     2.1     0.0
    5 1994  180 22470.0     9.8    23.5    1.11     3.6     2.2
    5 1994  181 24170.0     7.6    22.3    0.90     2.6     0.0
    5 1994  182 28530.0     9.5    24.7    1.02     5.1     0.0
    5 1994  183 23860.0    12.4    28.2    1.24     4.1     0.0
    5 1994  184 25520.0    15.2    27.6    1.57     2.6     0.0
    5 1994  185 16590.0    15.5    26.0    1.62     2.6     0.0
    5 1994  186 17630.0     8.0    22.0    0.96     4.1     0.0
    5 1994  187 17780.0     7.2    23.1    0.89     2.1     0.0
    5 1994  188  9530.0    10.2    18.7    1.17     3.1    10.4
    5 1994  189 23560.0     9.3    21.7    1.08     2.6     0.0
    5 1994  190 24790.0     9.2    22.9    1.05     2.1     0.0
    5 1994  191 24740.0     8.9    25.6    1.01     2.6     0.0
    5 1994  192 25870.0    11.2    29.2    1.12     2.1     0.0
    5 1994  193 25490.0    14.2    31.3    1.30     3.6     0.0
    5 1994  194 23550.0    13.5    31.1    1.31     3.1     1.6
    5 1994  195 22650.0    14.2    25.5    1.48     3.6     0.7
    5 1994  196 23570.0    10.5    26.0    1.12     2.1     0.0
    5 1994  197 20610.0    14.0    24.8    1.43     3.1     0.0
    5 1994  198 26750.0    11.5    24.4    1.19     4.6     0.0
    5 1994  199 28370.0     9.3    24.5    1.01     4.1     0.0
    5 1994  200 26440.0    13.6    26.7    1.28     4.6     0.0
    5 1994  201 26150.0    12.8    27.0    1.20     3.6     0.0
    5 1994  202 24710.0    12.1    28.7    1.18     3.1     0.0
    5 1994  203 23020.0    15.0    29.2    1.48     3.1     0.0
    5 1994  204 23120.0    16.8    29.2    1.70     4.1     0.0
    5 1994  205 21450.0    15.9    33.4    1.50     3.1     0.0
    5 1994  206 19060.0    17.7    30.3    1.72     3.1     0.0
    5 1994  207 21870.0    14.5    29.7    1.43     2.6     0.0
    5 1994  208 20190.0    17.2    30.5    1.67     2.6     1.0
    5 1994  209 14200.0    17.0    28.6    1.80     4.6     2.6
    5 1994  210 21560.0    15.1    24.7    1.51     3.6     0.0
    5 1994  211 21440.0    13.6    32.1    1.35     3.1     0.0
    5 1994  212 21730.0    16.3    32.2    1.58     3.6     8.3
    5 1994  213  9660.0    13.9    24.1    1.51     2.6     6.8
    5 1994  214 20790.0    13.0    24.6    1.35     3.1     0.0
    5 1994  215 23180.0    14.8    29.0    1.44     2.1     0.0
    5 1994  216 22290.0    14.8    33.9    1.42     3.1     0.0
    5 1994  217 13410.0    16.8    26.5    1.77     3.1     0.2
    5 1994  218 22360.0    14.9    25.7    1.51     3.6     0.0
    5 1994  219 16740.0    12.8    24.8    1.30     3.6     0.0
    5 1994  220 20460.0    10.8    23.2    1.13     3.6     0.0
    5 1994  221 16790.0     8.9    23.7    1.00     3.1     0.0
    5 1994  222 14600.0    13.5    26.0    1.38     4.6     0.0
    5 1994  223 16050.0    15.6    23.9    1.64     4.1    31.6
    5 1994  224  2880.0    13.5    16.4    1.48     7.7    14.4
    5 1994  225 18690.0    12.0    18.3    1.19     7.7     0.1
    5 1994  226 18010.0    10.6    18.2    1.05     6.2     0.0
    5 1994  227 13950.0     6.0    18.6    0.81     3.1     0.0
    5 1994  228 21410.0     4.5    23.1    0.73     2.1     0.0
    5 1994  229  9700.0     9.6    18.8    1.11     5.1     8.4
    5 1994  230 17600.0     9.9    18.7    1.12     6.2    22.0
    5 1994  231  7320.0    11.5    19.5    1.31     4.1     1.9
    5 1994  232 14370.0     8.1    19.7    0.99     2.1     0.0
    5 1994  233 18150.0     8.8    22.5    1.02     2.1     0.0
    5 1994  234 12970.0    10.2    22.0    1.11     4.6     0.0
    5 1994  235  5590.0    13.5    21.7    1.48     3.1     0.0
    5 1994  236 13150.0    13.1    20.5    1.39     3.1    18.3
    5 1994  237 15460.0    12.5    21.5    1.33     2.6     0.2
    5 1994  238 12030.0    12.6    20.8    1.39     4.1     2.6
    5 1994  239  7180.0    11.0    20.5    1.28     4.1     1.5
    5 1994  240 16530.0    10.5    18.5    1.13     5.7     0.0
    5 1994  241 12210.0    10.8    19.2    1.17     5.1     0.5
    5 1994  242 12160.0     9.5    19.0    1.11     2.1     3.5
    5 1994  243 14180.0    11.9    21.1    1.24     3.6     4.4
    5 1994  244  7580.0    15.1    18.8    1.61     5.1     1.6
    5 1994  245  9060.0    12.5    17.7    1.38     5.7     3.4
    5 1994  246  8800.0    11.7    18.5    1.33     4.1     9.7
    5 1994  247  6810.0    12.0    19.4    1.34     4.1     3.5
    5 1994  248 13220.0     8.8    17.8    1.04     5.1     5.0
    5 1994  249  9700.0     8.8    17.5    1.05     2.6     0.2
    5 1994  250  4220.0     8.7    15.3    1.10     3.1     0.0
    5 1994  251  9630.0     8.6    19.3    1.07     4.1     6.1
    5 1994  252  8220.0     9.6    16.2    1.12     7.2     3.5
    5 1994  253 10060.0     9.1    15.7    1.06     7.2     7.2
    5 1994  254  9770.0     9.4    15.2    1.13     5.1     0.4
    5 1994  255  9140.0    12.7    20.5    1.36     6.7     8.4
    5 1994  256 15950.0     9.7    18.4    1.11     4.6     0.0
    5 1994  257  3010.0     9.6    15.0    1.16     3.6    14.3
    5 1994  258  2430.0    11.8    13.4    1.35     6.7    25.9
    5 1994  259  5770.0    10.2    14.2    1.17     7.2    14.8
    5 1994  260  5340.0     9.9    14.3    1.16     5.7     3.8
    5 1994  261 13070.0     8.7    16.3    1.07     4.1     0.7
    5 1994  262  8380.0     7.4    16.4    0.99     2.6     0.0
    5 1994  263  3780.0     9.8    12.9    1.17     4.1     4.5
    5 1994  264 13620.0     9.1    17.5    1.09     4.6     0.0
    5 1994  265 13940.0     7.9    17.5    1.00     3.1     0.0
    5 1994  266 13690.0     6.5    19.1    0.89     4.6     0.0
    5 1994  267  9370.0     9.9    18.7    1.16     3.1     1.7
    5 1994  268 10330.0     8.3    20.8    1.04     1.5     0.0
    5 1994  269  7740.0    10.0    19.0    1.19     1.5     0.0
    5 1994  270  6160.0     9.5    15.7    1.13     3.6     0.7
    5 1994  271 11210.0     5.4    16.9    0.84     3.1     0.0
    5 1994  272  4220.0    12.0    16.3    1.31     3.6     0.0
    5 1994  273  6100.0    11.7    16.6    1.26     3.6     0.0
    5 1994  274  5270.0     9.6    14.5    1.13     2.6     0.9
    5 1994  275  3970.0     9.4    16.0    1.14     3.6     2.5
    5 1994  276  3160.0     3.8    13.5    0.76     4.6    18.7
    5 1994  277  7700.0     3.2     9.6    0.71     4.1     2.7
    5 1994  278  9090.0     3.9    11.6    0.76     3.6     4.7
    5 1994  279  4850.0     4.7    11.7    0.82     3.6     0.0
    5 1994  280  8140.0     2.9    13.6    0.69     3.6     0.0
    5 1994  281  9000.0     1.2    12.9    0.62     2.1     0.0
    5 1994  282  8720.0     5.5    15.1    0.85     1.5     0.0
    5 1994  283  8060.0     3.7    15.7    0.76     2.1     0.0
    5 1994  284  8270.0     4.1    14.8    0.80     2.6     0.0
    5 1994  285  4110.0     1.3    10.1    0.67     2.1     0.0
    5 1994  286  9430.0     4.0    14.8    0.79     2.1     0.0
    5 1994  287 10080.0     2.3    19.7    0.68     1.5     0.0
    5 1994  288  6810.0     1.8    13.9    0.68     1.5     0.0
    5 1994  289  6760.0     6.9    12.6    0.89     4.1     0.0
    5 1994  290  9550.0     0.0     9.9    0.54     2.6     0.0
    5 1994  291 10630.0    -1.1     9.8    0.48     5.1     0.0
    5 1994  292  9000.0     0.0    11.1    0.52     5.1     0.0
    5 1994  293  7180.0     1.6    10.5    0.60     5.1     0.0
    5 1994  294  6630.0     3.5    13.2    0.71     3.6     0.0
    5 1994  295  2770.0     8.1    14.6    1.03     6.7     3.5
    5 1994  296  5190.0     9.1    15.9    1.09     6.7     5.6
    5 1994  297  5110.0     6.3    13.3    0.93     4.6     2.7
    5 1994  298  3780.0     7.6    11.9    1.01     6.2     8.3
    5 1994  299  2120.0     6.1    10.6    0.92     5.7    15.2
    5 1994  300  1760.0     5.7     9.2    0.89     5.7     8.2
    5 1994  301  5430.0     4.6    11.3    0.82     4.6     2.4
    5 1994  302  1460.0     4.2    11.2    0.80     6.2    12.2
    5 1994  303  1120.0    10.0    15.0    1.21     6.7    24.2
    5 1994  304  1760.0    11.2    14.8    1.27     9.3    13.8
    5 1994  305  4860.0     5.2    12.0    0.80     5.7     0.0
    5 1994  306  5900.0     1.4    12.4    0.64     3.1     0.0
    5 1994  307  6050.0     4.3    14.4    0.76     5.1     0.0
    5 1994  308  5500.0     9.2    17.5    1.05     4.6     0.0
    5 1994  309  3810.0     7.6    14.9    0.99     2.6     0.0
    5 1994  310  3870.0     7.5    14.9    1.00     2.6     0.0
    5 1994  311  2050.0     9.2    12.3    1.15     2.1     0.0
    5 1994  312  2610.0     8.2    12.4    1.08     2.6     0.0
    5 1994  313  2000.0     7.0    11.3    0.99     4.1     0.0
    5 1994  314   710.0     8.3    10.7    1.09     2.1     3.6
    5 1994  315   500.0     8.0     9.3    1.07     3.1     4.2
    5 1994  316  1270.0     6.0     8.1    0.93     4.6     1.5
    5 1994  317  1310.0     6.7    12.8    0.97     5.7     0.8
    5 1994  318   350.0    12.4    14.7    1.40     9.8    12.1
    5 1994  319  4280.0    10.0    13.5    1.11     7.2     0.9
    5 1994  320  4150.0     5.8    11.1    0.85     5.7     2.1
    5 1994  321  2860.0     5.6    10.5    0.85     5.7     9.1
    5 1994  322  1030.0     4.1    10.9    0.81     4.6     9.0
    5 1994  323   470.0     4.4    13.9    0.83     5.1     0.7
    5 1994  324   900.0     9.7    14.6    1.15     7.7     3.4
    5 1994  325  1850.0     5.6    10.7    0.90     2.1     0.0
    5 1994  326  3540.0     2.8    10.4    0.75     1.5     0.0
    5 1994  327  1030.0     4.6    12.1    0.84     4.1     0.0
    5 1994  328  2660.0     4.1    12.0    0.79     4.1     0.4
    5 1994  329  3840.0     2.2    10.9    0.70     2.6     0.0
    5 1994  330   420.0     8.4    11.7    1.10     3.6     1.8
    5 1994  331   480.0     8.6    10.3    1.11     1.5     0.0
    5 1994  332  2720.0     2.1    11.9    0.70     1.5     0.0
    5 1994  333  1270.0     3.2     8.1    0.75     2.6     0.0
    5 1994  334   750.0     4.7     6.0    0.84     4.6     0.0
    5 1994  335  3020.0     1.8     6.6    0.67     3.1     0.0
    5 1994  336  3020.0    -0.4     4.8    0.58     2.6     0.0
    5 1994  337  3090.0     1.6    11.2    0.66     5.7     1.3
    5 1994  338  1030.0     6.5    12.3    0.93     7.2     0.1
    5 1994  339  2400.0     6.4    10.3    0.89     6.7     3.0
    5 1994  340  2940.0     4.3     9.7    0.75     5.7     1.6
    5 1994  341  1430.0     4.0     9.7    0.76     8.7     0.5
    5 1994  342   260.0     5.7    10.1    0.88     9.8    12.2
    5 1994  343  3250.0     0.0     8.9    0.59     3.6     4.0
    5 1994  344   640.0     0.1    13.9    0.60     7.2     2.6
    5 1994  345  1200.0    11.5    13.8    1.27     9.3     0.0
    5 1994  346  1050.0    11.0    13.3    1.23     9.3     0.7
    5 1994  347  2170.0     5.9    11.8    0.88     5.7     9.9
    5 1994  348  2670.0    -0.8     7.2    0.54     3.1     0.2
    5 1994  349  1690.0    -1.7     1.9    0.54     3.1     0.0
    5 1994  350  2220.0     0.0     8.3    0.59     4.1     0.1
    5 1994  351   600.0    -0.2     5.8    0.60     5.1     0.1
    5 1994  352  1490.0     4.6     6.4    0.82     7.2     2.0
    5 1994  353  2970.0     3.0     6.8    0.73     5.1     2.0
    5 1994  354  2690.0     0.7     5.9    0.62     3.6     2.3
    5 1994  355  3460.0    -1.4     5.2    0.55     2.1     0.2
    5 1994  356  2620.0    -2.4     1.7    0.51     2.1     0.0
    5 1994  357   540.0    -2.9    -0.7    0.49     2.6     0.0
    5 1994  358  4450.0    -6.0    -0.9    0.39     2.1     0.0
    5 1994  359   570.0    -6.1     0.0    0.38     6.2     1.6
    5 1994  360   500.0    -0.2     4.6    0.60     7.2    10.1
    5 1994  361   310.0     4.6    11.3    0.84     7.2    25.8
    5 1994  362   400.0     5.5    13.7    0.88     7.7    11.1
    5 1994  363   660.0     7.3    13.5    0.97    10.3     7.8
    5 1994  364  1600.0     5.7     8.2    0.86     9.3     3.7
    5 1994  365  1790.0     3.0     7.5    0.70     6.2     2.9
