*---------------------------------------------------------------------------*
* Station name: Lelystad, Netherlands, actual data
* Year: 2003
* Author: Joost Wolf and Janette Bessembinder            -99.000: NIL VALUE
* Comments: vapour pressure calculated from minimum temperature and 
* relative humidity
* Longitude: 5 38 E, latitude: 52 34 N, altitude: -4 m.
*
* Column  Daily value
* 1       station number
* 2       year
* 3       day
* 4       irradiation                   (kJ m-2 d-1)
* 5       minimum temperature           (degrees Celsius)
* 6       maximum temperature           (degrees Celsius)
* 7       early morning vapour pressure (kPa)
* 8       mean wind speed (height: 2 m) (m s-1)
* 9       precipitation                 (mm d-1)
*
** WCCDESCRIPTION=Netherlands, Lelystad
** WCCFORMAT=2
** WCCYEARNR=2003
*---------------------------------------------------------------------------*
   5.63  52.57    -4.  -0.18 -0.55
    5 2003    1   270.0    -2.4    10.0    0.49     5.1    17.3
    5 2003    2   610.0     4.2     9.6    0.82     4.4    22.4
    5 2003    3  1240.0     0.5     4.8    0.61     3.3     1.4
    5 2003    4  1900.0    -5.4     0.5    0.37     5.3     0.0
    5 2003    5  2120.0    -7.5     0.2    0.34     3.5     0.5
    5 2003    6  2980.0    -4.4     0.9    0.40     5.4     0.0
    5 2003    7  3790.0    -8.8    -3.9    0.29     2.8     0.0
    5 2003    8  2650.0    -9.0    -4.1    0.28     3.4     0.2
    5 2003    9  5180.0   -11.4    -5.7    0.23     3.4     0.0
    5 2003   10  3400.0    -9.2    -1.5    0.27     2.8     0.0
    5 2003   11  5080.0   -10.4     0.1    0.25     2.1     0.0
    5 2003   12  3620.0    -3.4     3.0    0.45     5.7     0.0
    5 2003   13   770.0     2.4     7.7    0.71     7.2     4.3
    5 2003   14  1540.0     6.0     9.0    0.89     7.3     0.0
    5 2003   15  1560.0     4.0     7.4    0.76     9.1     0.2
    5 2003   16  4120.0     1.5     8.2    0.66     6.0     0.0
    5 2003   17  2770.0     1.3     5.4    0.63     7.5     0.5
    5 2003   18  1310.0     2.3     5.7    0.70     6.0     0.4
    5 2003   19  1310.0     2.0     7.4    0.66     7.3     1.1
    5 2003   20  1270.0     6.0     8.8    0.89     8.3     2.2
    5 2003   21  3810.0     6.0     9.6    0.89     5.5     2.3
    5 2003   22   880.0     6.0     7.8    0.91     5.9     7.6
    5 2003   23   810.0     1.7     6.8    0.66     4.7     0.3
    5 2003   24  5190.0    -2.4     6.5    0.49     3.0     0.0
    5 2003   25  1880.0     0.7     6.1    0.62     6.2     2.9
    5 2003   26  1780.0     0.3     9.3    0.62     5.1     3.5
    5 2003   27  3660.0     6.6    10.7    0.95     5.6     1.3
    5 2003   28  1860.0     4.0     8.4    0.74     9.1     4.8
    5 2003   29  3300.0     1.9     5.7    0.66     5.5     6.7
    5 2003   30  3850.0    -2.3     2.8    0.46     5.6     1.6
    5 2003   31  6160.0    -6.9    -0.2    0.31     3.5     0.0
    5 2003   32  2400.0    -6.0     0.2    0.36     6.0     3.8
    5 2003   33  1580.0     0.2     4.1    0.60     7.5     3.6
    5 2003   34  4150.0     0.7     5.0    0.59     6.1     2.1
    5 2003   35  3210.0    -1.2     3.9    0.53     6.1     4.8
    5 2003   36  5270.0    -0.2     5.1    0.56     4.7     1.4
    5 2003   37  7850.0    -4.0     3.8    0.42     3.2     0.0
    5 2003   38  1390.0     2.0     6.1    0.69     4.5     0.5
    5 2003   39  1530.0     5.9     8.3    0.91     4.3     1.2
    5 2003   40  1090.0     3.3     6.8    0.74     3.6     0.1
    5 2003   41  7680.0    -2.4     6.0    0.47     2.0     0.0
    5 2003   42  1270.0    -4.2    -0.6    0.44     1.9     0.0
    5 2003   43  1020.0    -5.1    -1.9    0.41     3.1     0.0
    5 2003   44  8140.0    -7.8     0.9    0.31     4.1     0.0
    5 2003   45  8260.0    -8.0     3.1    0.28     4.1     0.0
    5 2003   46  1300.0    -1.9     0.2    0.49     4.9     0.0
    5 2003   47  9550.0    -7.5     0.9    0.30     4.7     0.0
    5 2003   48  9930.0    -8.8     2.4    0.27     3.9     0.0
    5 2003   49  9900.0    -9.0     1.3    0.27     5.0     0.0
    5 2003   50  9480.0    -5.9     4.4    0.35     4.8     0.0
    5 2003   51 10800.0    -5.7     5.8    0.36     4.3     0.0
    5 2003   52 10590.0    -6.5     8.9    0.34     2.9     0.0
    5 2003   53 10560.0    -6.2     9.2    0.34     3.5     0.0
    5 2003   54  9810.0    -5.8    11.1    0.34     3.1     0.0
    5 2003   55  9910.0    -3.1    13.5    0.42     2.6     0.0
    5 2003   56 11200.0    -4.3    10.9    0.38     3.3     0.0
    5 2003   57 10930.0    -5.6    13.1    0.33     2.4     0.0
    5 2003   58  8610.0    -0.9    15.1    0.49     2.2     0.0
    5 2003   59  8940.0     2.7    14.5    0.64     3.3     0.9
    5 2003   60  8970.0     5.1    12.5    0.79     4.2     1.2
    5 2003   61  4580.0     5.1    10.0    0.84     3.4     1.3
    5 2003   62  8640.0     3.5    10.6    0.71     2.1     0.0
    5 2003   63  7650.0     1.2    10.3    0.59     4.8     0.3
    5 2003   64  4280.0     8.1    13.2    1.01     3.7     0.0
    5 2003   65  2640.0    -0.2    11.0    0.57     4.4     0.7
    5 2003   66  7060.0     0.2     9.5    0.57     5.4     0.3
    5 2003   67  4430.0     4.7     9.2    0.78    10.7    12.4
    5 2003   68  7230.0     6.6    11.2    0.89     8.0     2.0
    5 2003   69  7900.0     7.1    13.1    0.90     7.4     0.0
    5 2003   70  2660.0     6.9    10.4    0.93     6.6     2.9
    5 2003   71  5110.0     1.5     8.5    0.63     6.2     0.0
    5 2003   72 14020.0     0.3     8.8    0.56     3.5     0.0
    5 2003   73 15040.0    -2.7    10.9    0.43     4.5     0.0
    5 2003   74 14800.0    -1.9    10.5    0.46     4.3     0.0
    5 2003   75 15220.0    -3.8    13.5    0.40     2.0     0.0
    5 2003   76  7630.0    -3.9     7.0    0.43     2.9     0.0
    5 2003   77 15470.0    -2.8    12.8    0.44     2.3     0.0
    5 2003   78  5860.0    -2.1     7.1    0.49     2.7     0.0
    5 2003   79  8230.0    -0.8     7.3    0.52     2.4     0.0
    5 2003   80 12750.0    -2.8    10.9    0.42     4.4     0.0
    5 2003   81 16980.0    -5.3    13.2    0.31     3.3     0.0
    5 2003   82 17310.0    -5.1    16.8    0.31     2.0     0.0
    5 2003   83 14940.0     0.7    20.6    0.51     4.1     0.0
    5 2003   84 11170.0     1.5    15.6    0.61     2.2     0.0
    5 2003   85 16610.0     1.4    16.6    0.57     2.9     0.0
    5 2003   86 15880.0    -1.1    16.0    0.50     2.3     0.0
    5 2003   87 15450.0     3.0    18.7    0.64     4.4     0.0
    5 2003   88  5760.0     3.4    15.0    0.68     2.0     0.0
    5 2003   89 15220.0     5.2    12.1    0.81     3.4     0.0
    5 2003   90 15290.0     0.8    11.3    0.56     3.0     0.0
    5 2003   91  7820.0    -0.1    13.3    0.54     6.8    10.1
    5 2003   92 11620.0     4.5     9.8    0.74     8.1     2.4
    5 2003   93 14170.0     0.1     8.5    0.51     6.7     1.2
    5 2003   94  7340.0    -1.9    10.8    0.49     4.3     0.1
    5 2003   95 10690.0     4.9     9.1    0.76     7.1     0.0
    5 2003   96 14880.0    -0.5    10.0    0.47     5.0     0.0
    5 2003   97 18510.0    -3.8     7.7    0.35     3.9     0.0
    5 2003   98 14550.0    -5.4     6.9    0.33     3.5     0.0
    5 2003   99 16170.0    -6.4     6.6    0.31     3.5     0.0
    5 2003  100 14610.0    -3.1     7.0    0.43     2.8     0.0
    5 2003  101 15660.0    -0.5    11.6    0.50     3.2     0.2
    5 2003  102 19790.0    -3.6    14.0    0.38     2.3     0.0
    5 2003  103 19810.0    -0.8    17.6    0.43     4.1     0.0
    5 2003  104 20810.0     6.9    20.4    0.70     5.9     0.0
    5 2003  105 21680.0     4.9    23.7    0.64     4.2     0.0
    5 2003  106 21580.0     6.0    23.8    0.69     4.5     0.0
    5 2003  107 22020.0     6.3    21.8    0.69     6.0     0.0
    5 2003  108 22770.0     4.0    17.7    0.64     6.7     0.0
    5 2003  109 12620.0     3.2    13.2    0.66     7.0     0.3
    5 2003  110 20450.0     3.7    16.9    0.65     4.1     0.0
    5 2003  111 15590.0     4.1    23.5    0.68     3.5     5.2
    5 2003  112 18030.0     7.4    16.1    0.90     3.0     0.5
    5 2003  113 21020.0     4.1    14.5    0.75     3.8     0.0
    5 2003  114 21150.0     3.0    21.7    0.59     2.8     0.0
    5 2003  115 11720.0     8.8    23.2    0.92     3.0     0.4
    5 2003  116  4260.0     7.4    15.0    0.98     3.8    12.4
    5 2003  117 12090.0     8.1    15.6    0.97     7.9     1.2
    5 2003  118 11590.0     9.4    21.8    1.05     5.5     0.8
    5 2003  119 17120.0     8.9    17.2    0.99     6.4     0.9
    5 2003  120  6430.0     7.7    16.1    0.96     3.5     6.0
    5 2003  121 13940.0     7.5    15.0    0.91     8.1     3.2
    5 2003  122 12740.0     7.3    20.4    0.91     4.8     3.4
    5 2003  123 15130.0     8.7    14.2    0.98     8.8     6.7
    5 2003  124 25230.0     8.5    22.6    0.88     4.5     0.0
    5 2003  125  4540.0    10.8    17.9    1.20     2.8     5.3
    5 2003  126 13890.0     5.5    15.7    0.81     3.0     3.7
    5 2003  127 22890.0     3.7    17.3    0.69     2.1     0.0
    5 2003  128 21420.0     4.6    18.6    0.76     2.8     0.4
    5 2003  129 12310.0     7.2    15.5    0.89     1.4     0.2
    5 2003  130 22480.0     6.3    16.7    0.82     3.3     0.0
    5 2003  131 19070.0     9.5    19.9    1.00     3.7     4.2
    5 2003  132 10950.0     8.7    14.6    1.04     4.9    13.0
    5 2003  133 21490.0     6.5    13.4    0.84     5.4     2.6
    5 2003  134 18130.0     6.2    13.4    0.84     5.7     1.1
    5 2003  135 26290.0     5.2    14.4    0.74     3.0     0.0
    5 2003  136 22080.0     2.9    16.6    0.61     2.5     0.0
    5 2003  137 11480.0    10.8    18.0    1.11     4.4     8.8
    5 2003  138 13660.0    10.9    17.3    1.18     5.6     2.6
    5 2003  139  7860.0    10.3    15.4    1.17     5.3     9.3
    5 2003  140 14070.0     8.7    14.8    1.02     7.9     8.3
    5 2003  141 17360.0    10.1    16.0    1.12     5.0     1.2
    5 2003  142  6230.0    10.7    15.8    1.21     5.5     1.1
    5 2003  143  8680.0    11.5    16.0    1.28     6.3     7.9
    5 2003  144  6840.0    10.5    15.7    1.19     1.6     2.2
    5 2003  145 10400.0     6.9    15.7    0.92     3.5     0.9
    5 2003  146 26380.0     6.6    19.1    0.87     2.5     0.0
    5 2003  147 23990.0     6.6    20.3    0.84     2.5     0.0
    5 2003  148 25030.0     9.1    22.8    0.99     3.8     0.0
    5 2003  149 26530.0     9.6    25.3    1.02     3.4     0.0
    5 2003  150 26310.0    11.7    27.0    1.18     3.9     0.0
    5 2003  151 27040.0    10.9    24.0    1.14     3.7     0.0
    5 2003  152 24730.0    12.1    27.7    1.18     2.7     0.0
    5 2003  153 20580.0    13.9    28.8    1.39     3.8     1.6
    5 2003  154 20930.0    11.3    25.3    1.18     2.0     2.7
    5 2003  155 22720.0    14.8    28.3    1.53     3.7     4.5
    5 2003  156 20790.0     9.8    20.0    1.08     3.1     0.0
    5 2003  157 27520.0     9.3    24.5    0.97     3.1     0.0
    5 2003  158 24230.0    14.0    26.3    1.37     2.8     0.0
    5 2003  159 12330.0    12.4    25.5    1.30     4.1     7.7
    5 2003  160 24090.0    11.1    19.7    1.14     4.5     0.0
    5 2003  161 12890.0    10.6    24.2    1.14     3.3    27.6
    5 2003  162 21380.0    10.6    21.5    1.10     4.6     0.0
    5 2003  163 15710.0     9.7    21.4    1.08     2.2     0.7
    5 2003  164 24190.0     8.6    22.5    0.97     2.6     0.0
    5 2003  165 19600.0     8.5    20.5    0.98     3.7     0.0
    5 2003  166 26280.0     7.5    21.2    0.91     2.3     0.0
    5 2003  167 25490.0     8.6    22.0    0.99     2.1     0.0
    5 2003  168 20010.0     9.9    23.8    1.07     2.4     1.5
    5 2003  169 20340.0    16.4    22.6    1.66     4.3     0.6
    5 2003  170  9390.0    14.9    21.1    1.54     6.7     0.9
    5 2003  171 22440.0     9.1    18.2    0.96     6.2     0.0
    5 2003  172 23890.0     9.0    19.0    1.00     3.6     0.0
    5 2003  173 17600.0    10.3    24.0    1.06     2.5     0.0
    5 2003  174 19220.0    13.2    26.5    1.35     4.6     0.0
    5 2003  175 23020.0    11.1    20.0    1.14     4.2     0.0
    5 2003  176 21870.0     9.2    20.0    1.02     3.0     0.0
    5 2003  177 30390.0     8.0    23.4    0.92     4.1     0.0
    5 2003  178 27010.0    11.2    26.9    1.08     3.7     0.0
    5 2003  179 12970.0     9.9    20.6    1.11     2.8     1.2
    5 2003  180 22040.0     9.0    22.3    1.00     1.8     0.0
    5 2003  181  9190.0    10.3    21.5    1.15     2.7     6.1
    5 2003  182 13550.0    13.6    19.4    1.45     4.5    23.0
    5 2003  183 13110.0    13.6    18.6    1.45     6.2    10.4
    5 2003  184 14590.0    13.1    19.3    1.39     6.0     9.1
    5 2003  185  8480.0    14.2    17.8    1.48     5.8     0.0
    5 2003  186 10780.0    13.8    18.5    1.43     4.5     0.3
    5 2003  187  7350.0    12.2    17.8    1.29     1.7     0.0
    5 2003  188 22370.0     9.6    21.6    1.05     1.5     0.0
    5 2003  189 18250.0     9.6    23.0    1.07     2.8     0.0
    5 2003  190 24790.0    11.3    20.9    1.19     2.9     0.0
    5 2003  191 27260.0     9.5    24.9    1.01     1.8     0.0
    5 2003  192 20630.0    14.6    25.2    1.41     4.6     0.0
    5 2003  193 25050.0    10.2    21.6    1.08     3.3     0.0
    5 2003  194 27460.0     9.1    22.9    1.01     2.8     0.0
    5 2003  195 28390.0    11.4    26.6    1.11     4.5     0.0
    5 2003  196 27560.0    12.3    29.9    1.13     4.5     0.0
    5 2003  197 25150.0    15.9    32.8    1.47     4.7     6.3
    5 2003  198  7700.0    16.6    21.2    1.77     5.8     2.6
    5 2003  199 14380.0    13.8    23.7    1.41     4.9     0.1
    5 2003  200 26810.0    12.5    30.1    1.19     2.8     0.0
    5 2003  201 20750.0    14.7    30.8    1.42     3.6     0.0
    5 2003  202 23460.0    12.9    27.5    1.25     2.5     0.2
    5 2003  203 18760.0    13.3    23.3    1.31     3.8     0.0
    5 2003  204 21130.0    12.6    24.9    1.25     2.9     0.8
    5 2003  205 11560.0    13.6    21.7    1.41     2.9     2.5
    5 2003  206 18150.0    13.6    23.4    1.38     4.3     2.2
    5 2003  207 14540.0    15.5    23.2    1.56     3.8     0.5
    5 2003  208 17370.0    12.2    23.6    1.29     5.2     0.5
    5 2003  209 18740.0    12.5    23.1    1.26     2.7     0.0
    5 2003  210 19360.0    11.0    25.6    1.07     3.0     0.0
    5 2003  211 12370.0    14.2    23.5    1.48     2.7    14.4
    5 2003  212 23000.0    11.9    25.6    1.25     1.6     0.0
    5 2003  213 19700.0    12.6    26.4    1.28     2.4     0.0
    5 2003  214 21970.0    15.0    25.0    1.53     2.3     0.0
    5 2003  215 24060.0    13.1    24.9    1.36     3.1     0.0
    5 2003  216 24700.0    11.8    26.5    1.22     3.3     0.0
    5 2003  217 21710.0    12.5    28.2    1.26     3.8     0.0
    5 2003  218 21430.0    15.4    31.1    1.42     4.1     0.0
    5 2003  219 22230.0    15.0    33.5    1.40     2.4     0.0
    5 2003  220 20020.0    17.2    29.3    1.80     2.7     0.0
    5 2003  221 19730.0    18.3    25.6    1.96     3.3     0.0
    5 2003  222 21980.0    17.2    27.9    1.75     1.8     0.0
    5 2003  223 19310.0    14.6    30.9    1.47     1.9     0.0
    5 2003  224 20830.0    17.0    34.1    1.67     3.5     0.0
    5 2003  225 18810.0    15.9    24.9    1.57     4.3     0.0
    5 2003  226 20840.0    16.6    22.1    1.54     4.9     0.0
    5 2003  227 20250.0    10.9    22.1    1.07     3.8     0.0
    5 2003  228 16580.0     9.3    22.1    1.00     2.3     0.1
    5 2003  229 12150.0     9.2    22.3    1.01     3.5     0.6
    5 2003  230 14790.0    13.8    26.6    1.39     3.3     0.5
    5 2003  231 15030.0    13.3    22.7    1.30     4.4     0.1
    5 2003  232 15550.0    10.1    22.5    1.06     2.5     0.0
    5 2003  233 15600.0     8.7    23.9    0.96     4.2     0.0
    5 2003  234  5160.0    13.6    20.4    1.47     4.7     1.4
    5 2003  235 16850.0    11.2    23.3    1.20     3.5     1.9
    5 2003  236  8390.0    11.8    21.0    1.22     2.7     0.0
    5 2003  237 17740.0    14.4    22.8    1.43     3.0     0.0
    5 2003  238 16480.0    13.0    22.0    1.31     3.6     0.0
    5 2003  239  7480.0    13.8    19.8    1.34     3.1     0.1
    5 2003  240  7950.0    13.6    19.5    1.35     2.0     0.0
    5 2003  241  5180.0    11.1    16.4    1.23     3.2     2.8
    5 2003  242 17640.0     7.4    19.9    0.90     3.8     0.0
    5 2003  243 14560.0     9.1    19.4    1.00     4.5     0.0
    5 2003  244 16700.0    10.3    18.4    1.08     4.1     0.6
    5 2003  245 16270.0     7.1    19.9    0.86     1.9     0.0
    5 2003  246 14780.0     5.2    20.6    0.79     1.8     0.0
    5 2003  247 18730.0     5.4    22.4    0.79     1.6     0.0
    5 2003  248 17460.0     7.6    25.1    0.87     3.0     0.0
    5 2003  249  6980.0    13.7    21.3    1.41     3.4     1.8
    5 2003  250 10710.0    11.3    20.1    1.25     2.0     0.0
    5 2003  251  7040.0    11.2    19.1    1.23     1.8     0.0
    5 2003  252 12310.0     9.8    19.7    1.08     3.3     2.7
    5 2003  253  3670.0     9.4    13.5    1.13     2.7    10.1
    5 2003  254 10370.0    12.1    19.0    1.27     4.2     0.5
    5 2003  255  6480.0     8.4    18.1    1.04     2.6     1.3
    5 2003  256 16760.0     5.7    19.7    0.82     1.5     0.0
    5 2003  257 16920.0     4.7    21.5    0.74     1.8     0.0
    5 2003  258 12580.0     6.1    22.9    0.84     1.4     0.0
    5 2003  259 13450.0     8.7    23.5    1.01     1.7     0.0
    5 2003  260 14950.0     9.9    25.5    1.04     2.2     0.0
    5 2003  261 14780.0    11.7    28.3    1.14     3.9     0.0
    5 2003  262 11860.0    12.1    23.7    1.28     3.8     0.0
    5 2003  263 14080.0    11.1    26.7    1.19     2.4     0.0
    5 2003  264 14110.0    13.8    24.3    1.34     2.8     0.0
    5 2003  265 13540.0    11.7    26.1    1.15     6.4    11.3
    5 2003  266  8210.0     8.9    14.5    0.97     4.5     5.4
    5 2003  267 14560.0     5.9    16.2    0.80     1.7     0.0
    5 2003  268 14570.0     3.2    18.6    0.66     2.2     0.0
    5 2003  269 10350.0     4.6    18.2    0.74     3.3     1.3
    5 2003  270 12910.0     6.0    17.5    0.83     1.8     0.0
    5 2003  271  3250.0     5.4    13.1    0.85     3.2     5.0
    5 2003  272  9650.0     6.6    16.5    0.89     3.0     0.5
    5 2003  273 10340.0     3.8    17.5    0.73     2.5     0.0
    5 2003  274  9970.0     5.2    16.3    0.82     3.3     0.0
    5 2003  275 10510.0     8.3    17.9    1.01     1.6     0.1
    5 2003  276  5620.0    10.8    17.7    1.22     2.3     2.1
    5 2003  277  8470.0     6.1    14.3    0.86     3.0     6.1
    5 2003  278  9280.0     3.4    13.2    0.71     3.4     2.2
    5 2003  279  5580.0     5.9    14.9    0.84     7.4     4.3
    5 2003  280  6310.0     6.1    12.4    0.86     7.4    22.0
    5 2003  281  2680.0     9.8    14.2    1.11     6.1    12.8
    5 2003  282  3670.0     8.9    14.6    1.04     4.4     0.2
    5 2003  283  8050.0     8.2    16.5    0.99     5.9     0.9
    5 2003  284  4860.0     5.3    14.4    0.80     3.2     0.0
    5 2003  285  9970.0     2.2    14.1    0.65     2.1     0.0
    5 2003  286  8600.0     2.0    12.9    0.63     4.2     0.0
    5 2003  287 11030.0     3.0    12.0    0.67     5.0     0.0
    5 2003  288 10950.0     0.4    12.3    0.57     4.7     0.0
    5 2003  289 10810.0     0.2    11.1    0.56     4.3     0.0
    5 2003  290 10540.0     0.1    11.1    0.55     4.6     0.0
    5 2003  291 10100.0    -1.7    11.9    0.49     4.2     0.0
    5 2003  292  9410.0    -2.4    12.0    0.47     2.7     0.0
    5 2003  293  4100.0     2.6     8.7    0.69     3.9     0.0
    5 2003  294  5240.0     1.1     8.8    0.61     3.3     0.0
    5 2003  295  5850.0     0.6     8.2    0.59     4.2     0.0
    5 2003  296  9260.0    -4.1     7.1    0.40     4.8     0.0
    5 2003  297  6870.0    -4.8     5.9    0.40     3.8     1.1
    5 2003  298  5030.0    -2.4    10.5    0.49     4.3     5.2
    5 2003  299  6180.0    -2.2     9.8    0.49     3.6     0.0
    5 2003  300  9260.0    -4.6     7.6    0.39     1.5     0.0
    5 2003  301  8280.0    -3.0     7.2    0.46     2.7     0.0
    5 2003  302  5610.0    -1.1     9.0    0.51     4.1     0.0
    5 2003  303  2180.0     4.5    10.3    0.80     4.2     0.9
    5 2003  304  3300.0     4.5    11.1    0.80     3.8     4.5
    5 2003  305  2980.0     7.0    11.8    0.96     4.1     1.0
    5 2003  306  2950.0     6.3    11.8    0.90     7.8     1.6
    5 2003  307  3690.0     8.7    13.3    1.02     8.5     5.0
    5 2003  308  6450.0     3.2    13.5    0.71     4.3     0.0
    5 2003  309  5940.0     7.2    13.6    0.92     3.7     0.0
    5 2003  310  6600.0     2.3    13.9    0.66     2.4     0.0
    5 2003  311  6410.0     1.2     8.8    0.61     5.1     0.0
    5 2003  312  6200.0     2.0     9.7    0.64     5.9     0.0
    5 2003  313  5560.0    -0.6    10.5    0.53     2.9     0.0
    5 2003  314  3820.0     2.8    12.2    0.70     3.2     0.0
    5 2003  315   890.0     1.0     4.1    0.63     3.4     0.0
    5 2003  316  4260.0    -0.1     7.8    0.56     2.9     0.0
    5 2003  317  4770.0     5.1    13.2    0.84     3.6     0.1
    5 2003  318  1930.0     6.1     9.0    0.87     5.8     0.0
    5 2003  319  2070.0     5.3    11.2    0.84     6.5     0.0
    5 2003  320   960.0     4.0     7.7    0.79     2.3     4.0
    5 2003  321  2570.0     6.7     9.6    0.93     6.5     0.3
    5 2003  322   640.0     8.9    13.0    1.10     6.2     0.1
    5 2003  323  1560.0    11.0    13.7    1.25     7.0     0.0
    5 2003  324   530.0     8.5    11.8    1.07     5.5     0.3
    5 2003  325  1550.0     7.7    10.0    1.00     4.4     1.4
    5 2003  326  1860.0     9.0    13.6    1.08     4.6     1.2
    5 2003  327   920.0     9.8    13.3    1.16     2.3     4.8
    5 2003  328   540.0     6.5     9.9    0.95     3.8    16.2
    5 2003  329  3780.0     3.9     9.4    0.78     3.2     0.0
    5 2003  330  2430.0     6.6    10.3    0.91     6.7     2.2
    5 2003  331  1750.0     1.2     7.2    0.66     1.5     0.0
    5 2003  332  4110.0    -1.2     8.9    0.55     2.3     0.0
    5 2003  333  1860.0     2.4     6.3    0.68     5.1     0.0
    5 2003  334   710.0     3.9     7.9    0.79     4.0     1.9
    5 2003  335  1730.0     5.5    12.4    0.86     3.7     7.0
    5 2003  336  1960.0     2.5     7.9    0.70     3.2     0.0
    5 2003  337   900.0     1.9     6.3    0.68     3.3     0.0
    5 2003  338   380.0     4.4     6.3    0.79     6.1     0.0
    5 2003  339   950.0     4.4     6.1    0.80     2.7     0.0
    5 2003  340  2910.0    -2.7     9.4    0.45     4.7     0.6
    5 2003  341  4230.0    -5.4     1.8    0.37     2.8     0.0
    5 2003  342  4200.0    -7.6     1.8    0.31     2.3     0.0
    5 2003  343  3840.0    -6.9     2.5    0.34     2.3     0.0
    5 2003  344  3500.0    -6.8     3.3    0.34     2.2     0.0
    5 2003  345   750.0    -1.1     6.4    0.55     6.7     2.6
    5 2003  346  1550.0    -2.0     8.7    0.51     3.4     1.7
    5 2003  347   170.0     8.6    12.2    1.08     9.2    21.1
    5 2003  348  2650.0     2.6     9.4    0.67     8.1     5.5
    5 2003  349  1990.0     1.7     5.4    0.62     6.6     1.3
    5 2003  350  2200.0     1.6     7.9    0.64     3.5     0.1
    5 2003  351  2930.0    -0.1     6.8    0.56     4.3     0.0
    5 2003  352  3350.0    -1.7     5.9    0.50     2.6     0.0
    5 2003  353   500.0    -0.1     5.2    0.59     3.4     0.0
    5 2003  354   410.0     3.8    10.4    0.77     7.0     5.1
    5 2003  355  1390.0     1.2     7.5    0.60     9.6    11.7
    5 2003  356  2350.0    -2.9     4.4    0.44     4.9     0.3
    5 2003  357   420.0    -2.0     2.1    0.51     5.1     5.4
    5 2003  358   430.0     1.5     6.3    0.67     6.0     0.3
    5 2003  359   920.0     6.3     9.1    0.91     7.0     0.0
    5 2003  360   420.0     6.1     8.8    0.88     7.8     0.1
    5 2003  361  3100.0     4.9     9.2    0.78     8.3     0.1
    5 2003  362   340.0     3.3     8.6    0.73     5.7    27.4
    5 2003  363  2490.0     0.6     6.0    0.60     4.6     0.2
    5 2003  364   620.0     0.0     3.6    0.59     1.9     0.0
    5 2003  365  1840.0    -0.9     2.6    0.55     3.1     0.0
