*---------------------------------------------------------------------------*
* Station name: Lelystad, Netherlands, KNMI G-scenario for period around 2050 
* Year: 2042
* Author: Joost Wolf and Janette Bessembinder            -99.000: NIL VALUE
* Comments: vapour pressure calculated from minimum temperature and 
* relative humidity
* Longitude: 5 38 E, latitude: 52 34 N, altitude: -4 m.
*
* Column  Daily value
* 1       station number
* 2       year
* 3       day
* 4       irradiation                   (kJ m-2 d-1)
* 5       minimum temperature           (degrees Celsius)
* 6       maximum temperature           (degrees Celsius)
* 7       early morning vapour pressure (kPa)
* 8       mean wind speed (height: 2 m) (m s-1)
* 9       precipitation                 (mm d-1)
*
** WCCDESCRIPTION=Netherlands, Lelystad, G-scenario
** WCCFORMAT=2
** WCCYEARNR=2042
*---------------------------------------------------------------------------*
   5.63  52.57    -4.  -0.18 -0.55
    6 2042    1  3100.0     2.0     6.2    0.67     3.6     0.0
    6 2042    2   490.0     1.3     8.3    0.64     6.7     6.7
    6 2042    3   900.0     3.5     8.8    0.75     6.2     6.1
    6 2042    4  2140.0     4.7     8.9    0.79     8.7     4.8
    6 2042    5   610.0     4.7     9.3    0.81     7.2     5.5
    6 2042    6  1620.0     4.8     8.7    0.82     5.1     2.3
    6 2042    7  2480.0     3.8     7.0    0.75     6.2     0.0
    6 2042    8  1460.0     2.2     5.1    0.69     4.6     0.0
    6 2042    9  3350.0     0.9     5.4    0.62     4.6     0.0
    6 2042   10  2500.0     1.0     6.3    0.62     4.1     0.0
    6 2042   11  1010.0     1.7     7.1    0.67     4.1     0.2
    6 2042   12   600.0     6.2    13.1    0.92     8.7     8.7
    6 2042   13  2760.0     8.3    12.3    0.99    10.8     1.2
    6 2042   14  1590.0     5.5     8.9    0.83     8.2     3.6
    6 2042   15  1800.0     4.9     7.3    0.84     4.1     1.2
    6 2042   16  2850.0    -1.3     5.1    0.53     2.6     0.0
    6 2042   17  5590.0    -2.2     3.2    0.50     2.1     0.0
    6 2042   18  1760.0     0.6     4.6    0.61     6.7     0.0
    6 2042   19   550.0     0.9     4.6    0.64     5.7     1.4
    6 2042   20  4060.0     0.6     7.6    0.61     4.6     0.0
    6 2042   21   770.0     5.7     6.9    0.90     6.2     0.2
    6 2042   22   700.0     3.6     9.5    0.78     4.6     2.1
    6 2042   23  1680.0     4.9    11.1    0.81     8.7    19.6
    6 2042   24  3090.0     1.6     7.2    0.64     4.1     0.0
    6 2042   25  2420.0     4.3    11.7    0.81     7.7    13.8
    6 2042   26  2930.0     4.6     7.5    0.79     8.2     6.2
    6 2042   27   990.0     4.7    11.3    0.79    11.8    11.1
    6 2042   28  3000.0     1.5     6.9    0.60    12.3     2.3
    6 2042   29  1330.0     3.1     9.1    0.72     6.2     0.1
    6 2042   30  3890.0     6.0     9.7    0.85     9.3     0.4
    6 2042   31  3290.0     4.9     7.9    0.81     4.6     0.0
    6 2042   32  1480.0     5.0     8.1    0.80     7.7     2.0
    6 2042   33  5920.0     0.0     7.2    0.56     3.6     0.0
    6 2042   34  3490.0    -0.5     5.2    0.56     5.7     3.9
    6 2042   35  1030.0     4.4     7.1    0.82     4.1     0.0
    6 2042   36  2120.0     3.3     5.6    0.74     3.6     0.0
    6 2042   37  2030.0     2.2     7.8    0.69     2.1     0.0
    6 2042   38  2360.0     1.6     6.7    0.66     3.1     0.1
    6 2042   39  6240.0     1.2     9.0    0.64     2.6     0.6
    6 2042   40  3620.0     1.2     9.0    0.63     5.7     1.1
    6 2042   41  3430.0     4.1     7.5    0.76     6.2     1.8
    6 2042   42  2350.0     0.7     5.2    0.61     3.6     0.0
    6 2042   43  7230.0     0.0     3.7    0.57     5.7     0.0
    6 2042   44  6190.0    -6.4     0.5    0.31     9.8     0.0
    6 2042   45  7500.0    -7.2    -0.7    0.27    11.3     0.0
    6 2042   46  6930.0    -4.5     3.4    0.32     7.2     0.0
    6 2042   47  8030.0    -5.5     6.1    0.32     3.6     0.0
    6 2042   48  8290.0    -7.7     4.0    0.29     2.6     0.0
    6 2042   49  9310.0    -7.6     3.9    0.29     4.1     0.0
    6 2042   50  9140.0    -8.2     3.0    0.27     3.6     0.0
    6 2042   51  8140.0    -9.0     0.1    0.28     3.6     0.0
    6 2042   52  6440.0    -9.3     0.0    0.28     3.1     0.0
    6 2042   53  1520.0    -9.2    -1.0    0.30     2.6     1.0
    6 2042   54  5350.0    -4.7     2.0    0.40     4.6     0.0
    6 2042   55  4470.0    -1.6     0.7    0.52     4.1     3.4
    6 2042   56  7100.0    -2.3     3.2    0.48     2.1     0.0
    6 2042   57  5970.0     1.4    12.6    0.64     3.6     0.0
    6 2042   58  3800.0     4.7    12.4    0.82     3.1     3.6
    6 2042   59  4780.0     5.2    11.8    0.87     3.1    16.4
    6 2042   60  1830.0     3.1     8.5    0.76     2.6     0.0
    6 2042   61  1400.0     2.3     7.4    0.70     5.1     5.1
    6 2042   62  4080.0     2.8     9.4    0.71     6.7     6.9
    6 2042   63 10020.0     1.8    10.6    0.63     4.6     0.0
    6 2042   64  7570.0     4.3    12.5    0.73     6.2     0.8
    6 2042   65  9110.0     4.5     9.9    0.77     5.7     0.0
    6 2042   66  6120.0     7.5    13.1    0.98     7.2     1.8
    6 2042   67  2600.0     9.6    12.5    1.18     7.7     0.1
    6 2042   68  1370.0     7.5    10.5    1.02     6.2     0.4
    6 2042   69 13450.0     2.6     9.9    0.67     5.1     0.0
    6 2042   70 12600.0     0.6    11.8    0.57     3.6     0.0
    6 2042   71  9170.0     4.2     8.9    0.75     5.1     0.7
    6 2042   72  4170.0     6.2    11.1    0.84    12.3     7.6
    6 2042   73  8520.0     6.3    12.8    0.86     8.7     3.4
    6 2042   74  2550.0     6.0     9.5    0.91     3.6     9.0
    6 2042   75 10920.0     2.1     8.7    0.63     7.7     1.8
    6 2042   76  3980.0     3.8     6.9    0.70     9.8     0.2
    6 2042   77  6600.0     3.3     9.6    0.72     5.7    12.4
    6 2042   78 12610.0     1.2     9.6    0.59     8.2     4.8
    6 2042   79 13260.0     1.7     8.0    0.62     6.2     0.0
    6 2042   80 13400.0     0.2     8.2    0.55     3.1     0.0
    6 2042   81  3230.0    -0.9     9.3    0.55     5.1     1.0
    6 2042   82  1520.0     9.3    13.5    1.13    12.3     1.8
    6 2042   83 15930.0     7.3    12.4    0.88     8.7     4.1
    6 2042   84  1850.0     6.5    11.5    0.92     7.7    29.7
    6 2042   85 12190.0     4.0     9.0    0.73     8.2     0.4
    6 2042   86 14620.0     1.6    10.1    0.58     3.1     0.0
    6 2042   87  4160.0     5.4    12.5    0.82     6.7     1.3
    6 2042   88 12070.0     8.1    14.0    0.99     6.7     0.0
    6 2042   89 13340.0     6.5    18.9    0.86     5.7     0.4
    6 2042   90 11030.0     8.8    16.4    0.97     9.3     5.8
    6 2042   91  5950.0     6.0    12.4    0.85    10.8    14.3
    6 2042   92 13450.0     2.2     9.1    0.64     5.1     3.2
    6 2042   93 12130.0     2.2    10.1    0.64     5.1     2.2
    6 2042   94  5450.0     3.7    10.8    0.75     8.2    23.8
    6 2042   95  8860.0     2.6     7.9    0.70     6.2     2.3
    6 2042   96 10930.0     0.9    10.0    0.61     3.1     1.2
    6 2042   97 12600.0     0.7    10.6    0.58     3.6     0.2
    6 2042   98  7220.0     5.8    10.0    0.85     4.6     1.8
    6 2042   99 11170.0     2.6     8.8    0.68     4.6     9.1
    6 2042  100 11330.0     2.0     9.0    0.66     4.1     3.6
    6 2042  101 19570.0     6.2    13.9    0.84     7.2     0.0
    6 2042  102 12330.0     6.7    12.7    0.87     5.7     0.0
    6 2042  103 13940.0     6.6    11.2    0.85     9.8     0.0
    6 2042  104 13530.0     4.8     9.6    0.77     7.2     2.7
    6 2042  105  5210.0     4.9     9.6    0.82     2.6     4.2
    6 2042  106 20110.0     3.5    13.1    0.74     5.7     0.0
    6 2042  107  9470.0     5.2     9.6    0.80     6.7     0.0
    6 2042  108 18980.0     0.7    10.6    0.56     4.6     0.0
    6 2042  109 10290.0     0.9    10.5    0.58     2.1     0.0
    6 2042  110 16150.0     1.2    15.1    0.58     2.1     0.0
    6 2042  111  7480.0     2.7    14.7    0.66     2.6     0.0
    6 2042  112 18290.0     1.7    19.1    0.57     3.1     0.0
    6 2042  113 19150.0     8.6    24.2    0.92     4.6     0.0
    6 2042  114 16136.2     6.9    22.0    0.86     2.6     0.0
    6 2042  115 10920.0     5.3    14.6    0.81     3.6     0.1
    6 2042  116  5320.0     6.7    15.6    0.93     4.6     1.0
    6 2042  117  6130.0    10.6    15.5    1.24     5.1     0.1
    6 2042  118  6320.0     7.9    17.9    1.02     4.1     0.0
    6 2042  119 19720.0     7.9    22.6    0.96     2.6     0.0
    6 2042  120 21950.0     9.6    18.7    1.04     5.1     0.0
    6 2042  121 10200.0     7.1    11.1    0.83     4.6     0.0
    6 2042  122 22400.0     5.5    14.6    0.73     3.6     0.0
    6 2042  123 23960.0     4.7    21.9    0.67     5.7     0.0
    6 2042  124 13210.0     9.1    16.5    0.97     5.1     0.0
    6 2042  125 18140.0     8.6    15.5    0.94     4.6     0.7
    6 2042  126  5110.0     9.5    14.0    1.17     3.6    10.4
    6 2042  127 12800.0    12.2    20.9    1.32     3.6     0.0
    6 2042  128  3430.0    10.2    15.5    1.17     4.1     3.2
    6 2042  129  8470.0     7.6    12.9    0.96     3.6     0.0
    6 2042  130 15370.0     6.2    15.3    0.88     2.6     0.0
    6 2042  131 19250.0     8.4    22.8    0.97     4.6     0.0
    6 2042  132 25090.0    11.5    24.4    1.06     6.2     0.0
    6 2042  133 24510.0    11.1    23.4    1.08     6.7     0.0
    6 2042  134 23120.0    11.4    25.7    1.15     5.1     2.7
    6 2042  135 14310.0     9.5    17.8    1.11     4.1     4.5
    6 2042  136 10880.0     8.3    17.1    1.06     2.6     2.1
    6 2042  137  6200.0     8.9    16.9    1.08     4.1     9.1
    6 2042  138 18700.0     9.6    15.7    1.11     4.1     0.0
    6 2042  139 21670.0     9.1    17.4    1.03     3.1     0.0
    6 2042  140 20970.6    11.1    18.4    1.14     3.6     1.2
    6 2042  141  9960.0    12.7    19.7    1.41     4.1    13.7
    6 2042  142  9320.0    10.9    17.2    1.23     5.7     3.0
    6 2042  143 13650.0     9.5    15.8    1.11     3.6     0.0
    6 2042  144 12640.0    11.7    16.6    1.26     2.6     0.0
    6 2042  145  9070.0    11.5    16.0    1.29     3.6     2.6
    6 2042  146  7800.0     9.7    15.9    1.09     3.1     0.0
    6 2042  147  7870.0     9.8    13.3    1.11     4.6     4.1
    6 2042  148 13180.0     7.4    14.7    0.94     3.1     0.0
    6 2042  149 18280.0     5.5    14.1    0.79     4.1     0.3
    6 2042  150 20970.6     5.8    14.8    0.79     2.6     1.0
    6 2042  151 27110.0     4.7    18.8    0.73     4.1     0.0
    6 2042  152 28000.0     8.0    25.6    0.84     3.1     0.0
    6 2042  153  5840.0    12.7    19.9    1.36     4.6     4.3
    6 2042  154 12980.0    11.3    18.1    1.22     6.7    11.4
    6 2042  155 10580.0    10.4    15.4    1.20     5.7    15.2
    6 2042  156 23069.8    10.3    14.7    1.10     6.2     1.0
    6 2042  157 23069.8     9.9    15.3    1.07     4.6     0.6
    6 2042  158  5370.0    12.4    16.4    1.38     5.1     0.0
    6 2042  159  8060.0     9.7    16.7    1.14     3.1     8.2
    6 2042  160 23069.8     9.4    15.3    1.03     5.1     2.8
    6 2042  161 21500.0    10.1    14.6    1.12     7.2     8.2
    6 2042  162 23069.8     9.6    16.2    1.05     5.1     2.6
    6 2042  163 23510.0     8.7    17.6    1.04     3.1     0.0
    6 2042  164 23210.0     6.4    18.7    0.88     2.6     0.0
    6 2042  165 28340.0     6.4    21.6    0.86     3.6     0.0
    6 2042  166 20940.0     8.6    19.0    0.98     4.6     0.0
    6 2042  167  8000.0    11.3    15.8    1.24     4.6     3.4
    6 2042  168 12980.0    10.6    16.3    1.17     2.1     0.1
    6 2042  169 10730.0    13.7    18.4    1.42     4.6     0.0
    6 2042  170 12460.0    13.4    18.4    1.42     4.6     0.4
    6 2042  171  9370.0    13.4    19.7    1.47     2.6     0.2
    6 2042  172 23069.8    14.2    19.4    1.42     7.2     1.9
    6 2042  173 13810.0    11.1    19.3    1.19     6.2     0.1
    6 2042  174 29140.0     9.2    18.7    1.00     3.1     0.0
    6 2042  175 26820.0     8.2    25.4    0.89     5.1     0.0
    6 2042  176 23069.8    13.5    25.9    1.35     3.6     0.4
    6 2042  177 14790.0    13.3    24.8    1.42     3.1     0.0
    6 2042  178 22890.0    12.5    23.9    1.33     3.1     0.0
    6 2042  179 26400.0    12.6    29.5    1.29     2.1     0.0
    6 2042  180 23069.8    10.7    24.4    1.13     3.6     2.1
    6 2042  181 24170.0     8.5    23.2    0.95     2.6     0.0
    6 2042  182 28530.0    10.4    25.6    1.08     5.1     0.0
    6 2042  183 23860.0    13.4    29.2    1.32     4.1     0.0
    6 2042  184 25520.0    16.2    28.6    1.67     2.6     0.0
    6 2042  185 16590.0    16.5    27.0    1.72     2.6     0.0
    6 2042  186 17630.0     8.9    22.9    1.02     4.1     0.0
    6 2042  187 17780.0     8.1    24.0    0.95     2.1     0.0
    6 2042  188  9530.0    11.1    19.6    1.25     3.1    11.0
    6 2042  189 23560.0    10.2    22.6    1.15     2.6     0.0
    6 2042  190 24790.0    10.1    23.8    1.12     2.1     0.0
    6 2042  191 24740.0     9.8    26.5    1.08     2.6     0.0
    6 2042  192 25870.0    12.2    30.2    1.20     2.1     0.0
    6 2042  193 25490.0    15.3    32.4    1.40     3.6     0.0
    6 2042  194 21330.6    14.6    32.2    1.49     3.1     1.5
    6 2042  195 21330.6    15.2    26.5    1.54     3.6     0.6
    6 2042  196 23570.0    11.4    26.9    1.18     2.1     0.0
    6 2042  197 20610.0    14.9    25.7    1.51     3.1     0.0
    6 2042  198 26750.0    12.4    25.3    1.26     4.6     0.0
    6 2042  199 28370.0    10.2    25.4    1.07     4.1     0.0
    6 2042  200 26440.0    14.6    27.7    1.36     4.6     0.0
    6 2042  201 26150.0    13.8    28.0    1.28     3.6     0.0
    6 2042  202 24710.0    13.1    29.7    1.26     3.1     0.0
    6 2042  203 23020.0    16.0    30.2    1.58     3.1     0.0
    6 2042  204 23120.0    17.8    30.2    1.81     4.1     0.0
    6 2042  205 21450.0    17.0    34.5    1.61     3.1     0.0
    6 2042  206 19060.0    18.8    31.4    1.84     3.1     0.0
    6 2042  207 21870.0    15.5    30.7    1.53     2.6     0.0
    6 2042  208 21330.6    18.3    31.6    1.88     2.6     0.9
    6 2042  209 21330.6    18.0    29.6    1.84     4.6     2.5
    6 2042  210 21560.0    16.0    25.6    1.60     3.6     0.0
    6 2042  211 21440.0    14.6    33.1    1.44     3.1     0.0
    6 2042  212 21730.0    17.4    33.3    1.70     3.6     8.6
    6 2042  213  9660.0    14.8    25.0    1.61     2.6     7.0
    6 2042  214 20790.0    13.9    25.5    1.43     3.1     0.0
    6 2042  215 23180.0    15.9    30.1    1.54     2.1     0.0
    6 2042  216 22290.0    16.0    35.1    1.53     3.1     0.0
    6 2042  217 13410.0    17.8    27.5    1.88     3.1     0.2
    6 2042  218 22360.0    15.9    26.7    1.61     3.6     0.0
    6 2042  219 16740.0    13.7    25.7    1.38     3.6     0.0
    6 2042  220 20460.0    11.6    24.0    1.19     3.6     0.0
    6 2042  221 16790.0     9.7    24.5    1.06     3.1     0.0
    6 2042  222 14600.0    14.4    26.9    1.46     4.6     0.0
    6 2042  223 16050.0    16.5    24.8    1.73     4.1    35.3
    6 2042  224  2880.0    14.4    17.3    1.57     7.7    15.4
    6 2042  225 18690.0    12.9    19.2    1.26     7.7     0.1
    6 2042  226 18010.0    11.5    19.1    1.11     6.2     0.0
    6 2042  227 13950.0     6.9    19.5    0.86     3.1     0.0
    6 2042  228 21410.0     5.4    24.0    0.78     2.1     0.0
    6 2042  229  9700.0    10.5    19.7    1.18     5.1     8.7
    6 2042  230 17600.0    10.8    19.6    1.19     6.2    24.1
    6 2042  231 17994.1    12.4    20.4    1.28     4.1     0.0
    6 2042  232 14370.0     9.0    20.6    1.06     2.1     0.0
    6 2042  233 18150.0     9.7    23.4    1.08     2.1     0.0
    6 2042  234 12970.0    11.0    22.8    1.17     4.6     0.0
    6 2042  235  5590.0    14.3    22.5    1.56     3.1     0.0
    6 2042  236 13150.0    13.9    21.3    1.47     3.1    19.8
    6 2042  237 15460.0    13.4    22.4    1.41     2.6     0.2
    6 2042  238 17994.1    13.5    21.7    1.38     4.1     2.5
    6 2042  239 17994.1    11.9    21.4    1.24     4.1     1.4
    6 2042  240 16530.0    11.4    19.4    1.20     5.7     0.0
    6 2042  241 17994.1    11.7    20.1    1.22     5.1     0.4
    6 2042  242 12160.0    10.4    19.9    1.18     2.1     3.5
    6 2042  243 14180.0    12.7    21.9    1.31     3.6     4.4
    6 2042  244 12505.6    16.1    19.8    1.68     5.1     1.5
    6 2042  245  9060.0    13.4    18.6    1.46     5.7     3.4
    6 2042  246  8800.0    12.6    19.4    1.41     4.1    10.1
    6 2042  247  6810.0    12.9    20.3    1.43     4.1     3.5
    6 2042  248 13220.0     9.7    18.7    1.10     5.1     5.1
    6 2042  249  9700.0     9.7    18.4    1.12     2.6     0.2
    6 2042  250  4220.0     9.6    16.2    1.17     3.1     0.0
    6 2042  251  9630.0     9.5    20.2    1.14     4.1     6.2
    6 2042  252  8220.0    10.5    17.1    1.19     7.2     3.5
    6 2042  253 10060.0    10.0    16.6    1.13     7.2     7.4
    6 2042  254  9770.0    10.3    16.1    1.20     5.1     0.4
    6 2042  255 12505.6    13.6    21.4    1.43     6.7     0.0
    6 2042  256 15950.0    10.6    19.3    1.18     4.6     0.0
    6 2042  257  3010.0    10.5    15.9    1.24     3.6    15.2
    6 2042  258  2430.0    12.7    14.3    1.43     6.7    28.4
    6 2042  259  5770.0    11.1    15.1    1.24     7.2    15.8
    6 2042  260  5340.0    10.8    15.2    1.23     5.7     3.8
    6 2042  261 12505.6     9.6    17.2    1.09     4.1     0.6
    6 2042  262  8380.0     8.3    17.3    1.05     2.6     0.0
    6 2042  263  3780.0    10.7    13.8    1.24     4.1     4.5
    6 2042  264 13620.0    10.0    18.4    1.15     4.6     0.0
    6 2042  265 13940.0     8.8    18.4    1.06     3.1     0.0
    6 2042  266 13690.0     7.4    20.0    0.95     4.6     0.0
    6 2042  267 12505.6    10.8    19.6    1.19     3.1     1.6
    6 2042  268 10330.0     9.2    21.7    1.11     1.5     0.0
    6 2042  269  7740.0    10.9    19.9    1.26     1.5     0.0
    6 2042  270 12505.6    10.4    16.6    1.15     3.6     0.6
    6 2042  271 11210.0     6.3    17.8    0.89     3.1     0.0
    6 2042  272  4220.0    12.9    17.2    1.39     3.6     0.0
    6 2042  273  6100.0    12.6    17.5    1.34     3.6     0.0
    6 2042  274  5270.0    10.5    15.4    1.20     2.6     0.9
    6 2042  275  3970.0    10.3    16.9    1.21     3.6     2.5
    6 2042  276  3160.0     4.7    14.4    0.81     4.6    20.0
    6 2042  277  7700.0     4.1    10.5    0.76     4.1     2.7
    6 2042  278  9090.0     4.8    12.5    0.81     3.6     4.8
    6 2042  279  4850.0     5.6    12.6    0.87     3.6     0.0
    6 2042  280  8140.0     3.8    14.5    0.74     3.6     0.0
    6 2042  281  9000.0     2.1    13.8    0.66     2.1     0.0
    6 2042  282  8720.0     6.4    16.0    0.90     1.5     0.0
    6 2042  283  8060.0     4.6    16.6    0.81     2.1     0.0
    6 2042  284  8270.0     5.0    15.7    0.85     2.6     0.0
    6 2042  285  4110.0     2.2    11.0    0.72     2.1     0.0
    6 2042  286  9430.0     4.9    15.7    0.84     2.1     0.0
    6 2042  287 10080.0     3.2    20.6    0.73     1.5     0.0
    6 2042  288  6810.0     2.7    14.8    0.73     1.5     0.0
    6 2042  289  6760.0     7.8    13.5    0.95     4.1     0.0
    6 2042  290  9550.0     0.9    10.8    0.58     2.6     0.0
    6 2042  291 10630.0    -0.1    10.8    0.51     5.1     0.0
    6 2042  292  9000.0     0.9    12.0    0.55     5.1     0.0
    6 2042  293  7180.0     2.5    11.4    0.64     5.1     0.0
    6 2042  294  6630.0     4.4    14.1    0.76     3.6     0.0
    6 2042  295  2770.0     9.0    15.5    1.09     6.7     3.5
    6 2042  296  5190.0    10.0    16.8    1.15     6.7     5.7
    6 2042  297  5110.0     7.2    14.2    0.98     4.6     2.7
    6 2042  298  3780.0     8.5    12.8    1.08     6.2     8.6
    6 2042  299  2120.0     7.0    11.5    0.98     5.7    16.1
    6 2042  300  1760.0     6.6    10.1    0.94     5.7     8.5
    6 2042  301  5430.0     5.5    12.2    0.88     4.6     2.4
    6 2042  302  1460.0     5.1    12.1    0.86     6.2    12.9
    6 2042  303  1120.0    10.9    15.9    1.28     6.7    26.1
    6 2042  304  1760.0    12.1    15.7    1.35     9.3    14.6
    6 2042  305  4860.0     6.1    12.9    0.85     5.7     0.0
    6 2042  306  5900.0     2.3    13.3    0.68     3.1     0.0
    6 2042  307  6050.0     5.2    15.3    0.80     5.1     0.0
    6 2042  308  5500.0    10.1    18.4    1.11     4.6     0.0
    6 2042  309  3810.0     8.5    15.8    1.05     2.6     0.0
    6 2042  310  3870.0     8.4    15.8    1.07     2.6     0.0
    6 2042  311  2050.0    10.1    13.2    1.22     2.1     0.0
    6 2042  312  2610.0     9.1    13.3    1.14     2.6     0.0
    6 2042  313  2000.0     7.9    12.2    1.05     4.1     0.0
    6 2042  314   710.0     9.2    11.6    1.16     2.1     3.7
    6 2042  315   500.0     8.9    10.2    1.14     3.1     4.3
    6 2042  316  1270.0     6.9     9.0    0.99     4.6     1.5
    6 2042  317  1310.0     7.6    13.7    1.03     5.7     0.8
    6 2042  318   350.0    13.3    15.6    1.49     9.8    12.6
    6 2042  319  4280.0    10.9    14.4    1.18     7.2     0.9
    6 2042  320  4150.0     6.7    12.0    0.91     5.7     2.1
    6 2042  321  2860.0     6.5    11.4    0.91     5.7     9.5
    6 2042  322  1030.0     5.0    11.8    0.86     4.6     9.4
    6 2042  323   470.0     5.3    14.8    0.88     5.1     0.7
    6 2042  324   900.0    10.6    15.5    1.22     7.7     3.5
    6 2042  325  1850.0     6.5    11.6    0.96     2.1     0.0
    6 2042  326  3540.0     3.7    11.3    0.80     1.5     0.0
    6 2042  327  1030.0     5.5    13.0    0.90     4.1     0.0
    6 2042  328  2660.0     5.0    12.9    0.84     4.1     0.4
    6 2042  329  3840.0     3.1    11.8    0.75     2.6     0.0
    6 2042  330   420.0     9.3    12.6    1.17     3.6     1.8
    6 2042  331   480.0     9.5    11.2    1.18     1.5     0.0
    6 2042  332  2720.0     3.0    12.8    0.75     1.5     0.0
    6 2042  333  1270.0     4.1     9.0    0.80     2.6     0.0
    6 2042  334   750.0     5.6     6.9    0.90     4.6     0.0
    6 2042  335  3020.0     2.7     7.5    0.72     3.1     0.0
    6 2042  336  3020.0     0.5     5.7    0.62     2.6     0.0
    6 2042  337  3090.0     2.5    12.1    0.71     5.7     1.3
    6 2042  338  1030.0     7.3    13.1    0.98     7.2     0.1
    6 2042  339  2400.0     7.2    11.1    0.94     6.7     3.1
    6 2042  340  2940.0     5.2    10.6    0.80     5.7     1.6
    6 2042  341  1430.0     4.9    10.6    0.81     8.7     0.5
    6 2042  342   260.0     6.6    11.0    0.93     9.8    12.7
    6 2042  343  3250.0     0.9     9.8    0.63     3.6     4.1
    6 2042  344   640.0     1.0    14.8    0.64     7.2     2.7
    6 2042  345  1200.0    12.3    14.6    1.34     9.3     0.0
    6 2042  346  1050.0    11.8    14.1    1.30     9.3     0.7
    6 2042  347  2170.0     6.7    12.6    0.93     5.7    10.3
    6 2042  348  2670.0     0.1     8.1    0.57     3.1     0.2
    6 2042  349  1690.0    -0.7     2.9    0.58     3.1     0.0
    6 2042  350  2220.0     0.9     9.2    0.63     4.1     0.1
    6 2042  351   600.0     0.7     6.7    0.64     5.1     0.1
    6 2042  352  1490.0     5.5     7.3    0.87     7.2     2.1
    6 2042  353  2970.0     3.9     7.7    0.78     5.1     2.1
    6 2042  354  2690.0     1.6     6.8    0.66     3.6     2.4
    6 2042  355  3460.0    -0.5     6.1    0.58     2.1     0.2
    6 2042  356  2620.0    -1.4     2.7    0.55     2.1     0.0
    6 2042  357   540.0    -1.9     0.3    0.53     2.6     0.0
    6 2042  358  4450.0    -5.0     0.1    0.42     2.1     0.0
    6 2042  359   570.0    -5.1     1.0    0.41     6.2     1.6
    6 2042  360   500.0     0.7     5.5    0.64     7.2    10.5
    6 2042  361   310.0     5.5    12.2    0.89     7.2    27.0
    6 2042  362   400.0     6.3    14.5    0.93     7.7    11.5
    6 2042  363   660.0     8.1    14.3    1.02    10.3     8.1
    6 2042  364  1600.0     6.6     9.1    0.92     9.3     3.8
    6 2042  365  1790.0     3.9     8.4    0.75     6.2     3.0
