*---------------------------------------------------------------------------*
* Station name: Lelystad, Netherlands, KNMI G-scenario for period around 2050 
* Year: 2052
* Author: Joost Wolf and Janette Bessembinder            -99.000: NIL VALUE
* Comments: vapour pressure calculated from minimum temperature and 
* relative humidity
* Longitude: 5 38 E, latitude: 52 34 N, altitude: -4 m.
*
* Column  Daily value
* 1       station number
* 2       year
* 3       day
* 4       irradiation                   (kJ m-2 d-1)
* 5       minimum temperature           (degrees Celsius)
* 6       maximum temperature           (degrees Celsius)
* 7       early morning vapour pressure (kPa)
* 8       mean wind speed (height: 2 m) (m s-1)
* 9       precipitation                 (mm d-1)
*
** WCCDESCRIPTION=Netherlands, Lelystad, G-scenario
** WCCFORMAT=2
** WCCYEARNR=2052
*---------------------------------------------------------------------------*
   5.63  52.57    -4.  -0.18 -0.55
    6 2052    1   830.0     0.4     1.8    0.58     4.4     0.0
    6 2052    2  3610.0    -5.3     0.9    0.38     4.8     0.0
    6 2052    3  1810.0    -5.7     0.0    0.37     2.7     0.3
    6 2052    4  1400.0    -2.6     5.9    0.47     4.6     2.4
    6 2052    5  1410.0     2.9     6.4    0.73     3.0     0.5
    6 2052    6   320.0     3.7     9.6    0.78     5.9     5.1
    6 2052    7  1040.0     1.9     8.6    0.69     3.8     0.2
    6 2052    8  1280.0     5.3     8.0    0.84     6.7     2.9
    6 2052    9  1570.0     5.2     9.0    0.85     4.8     3.1
    6 2052   10  2550.0     3.6     9.3    0.76     4.3     0.0
    6 2052   11   870.0     5.1    12.2    0.83     7.7    13.2
    6 2052   12  1160.0     4.8     7.2    0.81     5.8     2.7
    6 2052   13  1380.0     5.5    10.3    0.83     9.8     5.8
    6 2052   14   910.0     2.1     7.7    0.66     5.7    14.7
    6 2052   15  1510.0     4.6     7.0    0.79     6.0     2.8
    6 2052   16  1480.0     5.5     8.1    0.85    10.1    15.6
    6 2052   17   820.0     4.1     6.5    0.77     8.7     6.4
    6 2052   18  4540.0     0.4     4.6    0.57     4.7     0.0
    6 2052   19   590.0     4.1     9.3    0.79     6.9    26.0
    6 2052   20  3660.0     0.8     7.3    0.61     2.5     0.1
    6 2052   21  4320.0    -1.3     3.8    0.50     2.0     0.0
    6 2052   22   900.0     0.9     3.5    0.58     4.8     0.1
    6 2052   23  2630.0     1.4     5.5    0.62     3.8     0.0
    6 2052   24  1030.0     1.6     7.2    0.64     4.0     4.0
    6 2052   25  3320.0    -0.3     8.2    0.57     2.5     0.8
    6 2052   26  1670.0    -2.4     2.7    0.51     2.5     0.0
    6 2052   27  3440.0    -0.5     4.5    0.57     2.3     1.0
    6 2052   28  3640.0    -0.6     4.4    0.56     4.6     4.3
    6 2052   29  3550.0    -0.7     5.1    0.54     5.9     3.5
    6 2052   30  2400.0     1.7     5.7    0.61     7.5     0.0
    6 2052   31   460.0     2.8    11.6    0.69    12.2    20.9
    6 2052   32  4310.0     8.4    11.8    1.01     9.7    13.0
    6 2052   33   800.0    10.1    12.5    1.16     8.8     7.0
    6 2052   34  2970.0    11.2    16.1    1.18     9.8     0.1
    6 2052   35  1860.0    11.8    15.9    1.23     9.3     2.9
    6 2052   36  2010.0    11.2    15.5    1.26     7.8     8.0
    6 2052   37   700.0     8.9    12.7    1.09     7.6    11.4
    6 2052   38  2570.0     4.6     9.9    0.77     9.9     9.7
    6 2052   39  4260.0     3.5     6.9    0.70    10.0     6.5
    6 2052   40  4520.0     2.7     6.5    0.67     6.1     0.9
    6 2052   41  2150.0     1.5     8.7    0.64     6.8     9.9
    6 2052   42  1510.0     2.4     8.7    0.69     4.5     0.7
    6 2052   43  2120.0     1.9     8.1    0.68     2.5     0.1
    6 2052   44  2110.0     7.1     9.9    0.98     3.0     0.2
    6 2052   45  3890.0     5.7    10.2    0.87     2.8     0.0
    6 2052   46  1930.0     1.5     8.7    0.66     1.1     0.0
    6 2052   47  3700.0     0.7     4.8    0.64     2.2     0.0
    6 2052   48  2650.0     3.2     7.4    0.74     3.3     0.7
    6 2052   49  4490.0     2.3     8.7    0.67     5.5     2.0
    6 2052   50  8210.0    -0.2     5.3    0.54     6.4     0.0
    6 2052   51  9880.0    -1.9     4.5    0.45     6.5     0.0
    6 2052   52  4640.0    -4.1     3.4    0.41     4.0     0.0
    6 2052   53  6980.0     0.5     7.1    0.56     5.0     0.7
    6 2052   54  9490.0    -0.8     6.3    0.52     3.8     1.0
    6 2052   55  4380.0    -1.3     6.9    0.53     5.1     9.9
    6 2052   56  6850.0    -0.7     4.1    0.55     4.2     2.1
    6 2052   57  7150.0    -0.9     5.5    0.54     5.0     0.9
    6 2052   58  5680.0    -2.9     2.2    0.46     3.7     0.0
    6 2052   59 11680.0    -5.4     5.2    0.37     1.6     0.0
    6 2052   60  9670.0    -4.8     5.1    0.40     3.5     0.0
    6 2052   61  9240.0    -4.5     6.0    0.40     3.0     0.0
    6 2052   62  7900.0    -0.1     8.3    0.55     4.3     0.0
    6 2052   63  9850.0    -2.5     9.1    0.46     2.8     0.0
    6 2052   64  6510.0     0.3    10.4    0.53     3.8     0.0
    6 2052   65  7590.0     0.7     9.0    0.55     3.8     0.0
    6 2052   66  4730.0     1.2     4.9    0.61     2.5     0.7
    6 2052   67  8870.0    -1.4     9.3    0.51     3.5     0.9
    6 2052   68  8180.0    -3.4     8.2    0.43     3.4     0.0
    6 2052   69  7760.0    -0.3     5.9    0.53     6.2     0.0
    6 2052   70  3050.0    -0.8     3.7    0.54     5.3     0.0
    6 2052   71  6980.0     1.4     6.4    0.61     3.7     0.1
    6 2052   72  8700.0     1.0     8.6    0.57     4.9     0.0
    6 2052   73  2470.0     5.9    10.7    0.85     6.1     1.7
    6 2052   74  7260.0     5.8    14.6    0.80     8.8     0.1
    6 2052   75  6200.0    10.9    14.8    1.15     9.5     0.0
    6 2052   76  5220.0    10.6    16.9    1.17     6.9     0.0
    6 2052   77 12770.0     5.2    19.5    0.80     3.5     0.0
    6 2052   78  4810.0     3.5    16.3    0.74     3.8     5.1
    6 2052   79  4160.0     7.3    12.2    0.95     9.0    14.1
    6 2052   80  2210.0     7.5    13.5    0.95    12.2     9.2
    6 2052   81  8290.0     6.1    11.7    0.83    10.6     4.8
    6 2052   82 10590.0     0.9    10.4    0.60     6.0     1.1
    6 2052   83 15880.0     0.1    10.4    0.57     2.3     0.0
    6 2052   84  7830.0    -0.4     9.4    0.55     2.8     0.5
    6 2052   85 13480.0    -0.9     8.9    0.51     2.4     0.0
    6 2052   86  9360.0    -2.0     9.1    0.48     2.5     0.2
    6 2052   87 16350.0    -2.2    10.5    0.47     2.3     0.0
    6 2052   88  9510.0     1.9    13.3    0.61     3.8     0.0
    6 2052   89 15400.0     3.0    15.1    0.67     2.7     0.0
    6 2052   90 17590.0     2.1    16.6    0.60     5.5     0.0
    6 2052   91 16620.0     1.6    17.7    0.56     3.7     0.0
    6 2052   92 16130.0     7.7    20.4    0.83     4.4     0.0
    6 2052   93 10320.0     8.5    19.3    0.94     4.0     0.0
    6 2052   94  8530.0    10.2    16.1    1.11     6.2     0.1
    6 2052   95 11320.0     8.5    13.2    0.98     8.7     4.8
    6 2052   96 10020.0     5.3    11.9    0.81     7.6     8.7
    6 2052   97  9490.0     5.1     9.7    0.81     6.6     8.1
    6 2052   98 11540.0     5.5    10.5    0.82     6.0     4.9
    6 2052   99  8180.0     4.4     9.9    0.77     4.3    11.4
    6 2052  100  8970.0     0.7     9.9    0.58     3.1     0.0
    6 2052  101  8020.0     1.4    10.0    0.60     4.2     2.0
    6 2052  102 10090.0     2.1    10.4    0.63     2.1     0.0
    6 2052  103 17820.0     1.9    13.1    0.64     2.3     0.0
    6 2052  104 13490.0     2.4    13.1    0.67     2.8     0.6
    6 2052  105 21720.0     1.4    16.1    0.60     1.8     0.0
    6 2052  106 18490.0     2.0    18.5    0.58     2.7     0.0
    6 2052  107 19830.0     5.1    21.1    0.70     2.6     0.0
    6 2052  108 18420.0     7.9    22.3    0.86     4.3     0.1
    6 2052  109 12070.0     7.8    14.7    0.92     7.3     1.0
    6 2052  110 11540.0     5.6    12.2    0.78     5.0     0.0
    6 2052  111 17380.0     2.3    15.5    0.62     1.7     0.0
    6 2052  112 13990.0     3.7    18.8    0.70     4.0     0.0
    6 2052  113 16860.0     8.4    17.4    1.00     2.7     1.0
    6 2052  114 22820.0     4.5    16.8    0.74     3.1     0.0
    6 2052  115 17820.0     5.3    16.7    0.77     2.3     0.0
    6 2052  116 19920.0     3.9    18.5    0.70     2.5     0.0
    6 2052  117 19770.0     5.8    21.4    0.76     2.3     0.0
    6 2052  118 20480.0     7.4    22.2    0.86     4.0     0.0
    6 2052  119 14430.0    10.5    21.6    1.12     4.5    10.2
    6 2052  120 10000.0    12.7    19.0    1.32     4.3     3.2
    6 2052  121 21220.0    11.2    23.8    1.13     5.0     0.3
    6 2052  122 12490.0    10.1    19.7    1.13     3.8     0.0
    6 2052  123  5920.0     8.9    14.2    1.06     4.3     0.0
    6 2052  124 17620.0     9.2    20.9    1.03     4.3     0.2
    6 2052  125 13000.0     6.1    14.4    0.85     6.5     0.6
    6 2052  126 19080.0     6.2    16.5    0.80     5.3     0.0
    6 2052  127 20590.0     3.5    16.5    0.69     2.6     0.0
    6 2052  128  2540.0     9.9    13.7    1.18     5.6    19.7
    6 2052  129 10250.0     8.8    14.8    1.04     4.3     0.0
    6 2052  130 18230.0     8.9    16.8    1.04     2.3     0.0
    6 2052  131 11670.0    11.2    16.7    1.26     2.8     0.0
    6 2052  132 14660.0    10.1    15.1    1.11     4.5     0.0
    6 2052  133 11630.0     9.6    13.3    1.03     4.8     0.0
    6 2052  134 14300.0    10.0    14.7    1.10     4.4     0.0
    6 2052  135 20960.0     9.4    17.2    1.02     2.4     0.0
    6 2052  136 23080.0    10.5    20.2    1.13     3.9     0.0
    6 2052  137 26200.0     9.4    20.1    1.04     2.9     0.0
    6 2052  138 27010.0     7.8    22.8    0.91     1.9     0.0
    6 2052  139 26900.0     7.0    20.7    0.85     2.5     0.0
    6 2052  140 26740.0     7.3    22.7    0.86     4.7     0.0
    6 2052  141 22640.0     9.0    19.9    0.98     3.8     0.0
    6 2052  142 17850.0     6.2    16.3    0.79     5.4     0.1
    6 2052  143 19950.0     6.4    14.9    0.80     5.7     2.7
    6 2052  144 27730.0     8.0    14.4    0.89     4.7     6.0
    6 2052  145 25340.0     7.7    18.5    0.90     4.3     0.0
    6 2052  146 11090.0     6.3    15.4    0.83     3.4     0.1
    6 2052  147 14450.0     8.1    14.2    0.89     3.1     0.0
    6 2052  148 17980.0     6.7    15.9    0.86     2.8     0.4
    6 2052  149 28500.0     4.2    20.1    0.72     2.6     0.0
    6 2052  150 28010.0     6.4    24.3    0.75     2.9     0.0
    6 2052  151 13630.0    12.3    24.4    1.22     2.5    12.0
    6 2052  152 12960.0     9.0    18.1    1.08     2.0     3.0
    6 2052  153 22090.0     6.6    21.9    0.88     2.3     0.0
    6 2052  154  4670.0    12.0    16.6    1.34     4.3     9.5
    6 2052  155 21690.0    12.7    17.9    1.34     3.6     0.3
    6 2052  156  8180.0    12.2    18.4    1.33     4.4     5.4
    6 2052  157  7010.0    11.7    15.2    1.26     3.8     0.1
    6 2052  158 19890.0     8.7    21.0    1.01     1.3     0.0
    6 2052  159 25000.0    11.0    26.1    1.15     2.8     0.0
    6 2052  160 24940.0    12.7    28.9    1.26     1.9     0.0
    6 2052  161 20820.0    15.3    24.7    1.55     3.8     0.0
    6 2052  162 14390.0    14.5    24.2    1.52     3.2     0.3
    6 2052  163 23230.0    12.8    21.1    1.30     5.1     0.0
    6 2052  164 17000.0    12.5    18.8    1.30     5.5     8.1
    6 2052  165 16490.0     9.3    17.8    1.04     3.5     0.4
    6 2052  166 21150.0     8.8    23.6    1.04     4.0     0.0
    6 2052  167 15090.0    13.8    22.3    1.42     4.6     0.0
    6 2052  168 20040.0    12.7    19.3    1.23     4.3     0.0
    6 2052  169 13870.0    14.3    19.6    1.43     6.5     0.2
    6 2052  170 14780.0    11.1    19.1    1.19     3.6     4.2
    6 2052  171 23069.8    10.0    16.8    1.07     4.8     1.6
    6 2052  172 23069.8     8.5    17.1    0.97     4.7     2.0
    6 2052  173 17950.0     8.8    18.2    1.01     3.5     5.7
    6 2052  174 22990.0     8.3    21.0    0.96     2.9     0.0
    6 2052  175 10990.0    14.0    21.9    1.50     8.5    47.1
    6 2052  176  7480.0    12.6    17.3    1.29     9.8    22.0
    6 2052  177 17700.0     8.7    18.7    1.03     5.9     7.9
    6 2052  178 19930.0     7.0    21.4    0.88     2.0     0.1
    6 2052  179 16050.0    14.4    22.4    1.49     4.4     5.1
    6 2052  180 26300.0    10.4    19.9    1.10     4.8     0.0
    6 2052  181 21460.0    10.5    21.0    1.15     4.3     0.0
    6 2052  182 23069.8    14.2    23.9    1.42     3.8     1.5
    6 2052  183 23650.0    12.7    19.6    1.31     5.1     8.5
    6 2052  184 13410.0    11.9    19.4    1.27     5.8     5.9
    6 2052  185 19000.0    12.3    19.5    1.29     6.7    44.5
    6 2052  186 13640.0    13.6    20.0    1.44     4.8     8.3
    6 2052  187 26890.0    10.4    20.2    1.14     3.0     0.0
    6 2052  188 28360.0     8.7    21.3    0.99     2.0     0.0
    6 2052  189 21330.6     8.7    22.0    1.01     5.8     2.2
    6 2052  190 16800.0    14.2    23.1    1.48     3.2     7.8
    6 2052  191 21330.6    13.3    19.7    1.37     3.8     1.3
    6 2052  192 24850.0    12.1    19.1    1.22     5.5     0.3
    6 2052  193 15450.0    12.1    18.9    1.30     5.6     7.1
    6 2052  194 21330.6    13.0    17.5    1.34     5.0     0.5
    6 2052  195 21330.6    12.6    18.6    1.30     4.0     0.5
    6 2052  196 21330.6    12.6    21.5    1.30     5.5     2.6
    6 2052  197 11840.0    16.2    21.1    1.71     4.2     0.2
    6 2052  198 21330.6    14.3    20.6    1.46     2.2     3.2
    6 2052  199 19610.0    12.3    28.5    1.31     2.7    12.3
    6 2052  200 21330.6    15.6    22.3    1.58     2.8     1.3
    6 2052  201 17710.0    11.4    21.8    1.24     3.3     0.0
    6 2052  202  7970.0    10.5    20.8    1.22     2.6     4.6
    6 2052  203 21330.6    11.6    25.0    1.22     1.6     2.9
    6 2052  204 22760.0    14.1    26.5    1.47     1.6     0.0
    6 2052  205 21330.6    14.8    24.5    1.51     3.4     1.5
    6 2052  206 18260.0    11.1    23.6    1.18     2.4     0.0
    6 2052  207 21330.6    13.6    17.8    1.39     3.6     3.1
    6 2052  208 21330.6    10.6    20.2    1.14     3.8     2.0
    6 2052  209 21560.0     9.9    22.5    1.10     2.0     0.0
    6 2052  210 23500.0    11.5    23.2    1.21     2.6     0.0
    6 2052  211 24680.0    11.6    26.8    1.17     3.1     0.0
    6 2052  212 22670.0    12.5    28.0    1.26     1.8     0.0
    6 2052  213 21190.0    13.1    25.6    1.36     2.1     0.0
    6 2052  214 20270.0    13.5    22.6    1.44     2.6     0.0
    6 2052  215 22420.0    13.0    26.3    1.37     2.6     0.0
    6 2052  216 23900.0    14.2    27.7    1.44     3.1     0.0
    6 2052  217 21260.0    15.9    27.5    1.62     3.3     0.0
    6 2052  218 18100.0    17.3    31.2    1.75     2.8     0.0
    6 2052  219 22190.0    16.8    30.9    1.65     2.7     0.0
    6 2052  220 13400.0    17.6    26.1    1.88     2.1     0.0
    6 2052  221 22950.0    16.9    32.5    1.55     4.1     0.0
    6 2052  222 21920.0    19.5    33.4    1.69     4.9     0.0
    6 2052  223 17994.1    19.6    30.4    2.03     4.2     2.6
    6 2052  224 15530.0    17.1    27.2    1.77     2.8     7.9
    6 2052  225  9300.0    16.3    26.9    1.71     3.1     7.3
    6 2052  226  6710.0    16.7    20.0    1.82     5.6    15.6
    6 2052  227 18640.0    16.1    24.1    1.68     3.7     0.0
    6 2052  228 14810.0    17.3    25.7    1.78     3.0     0.1
    6 2052  229 10430.0    15.8    23.1    1.69     3.3    17.2
    6 2052  230 17850.0    15.7    25.0    1.59     3.3     0.0
    6 2052  231 17994.1    18.3    27.4    1.87     5.2     1.0
    6 2052  232 17994.1    16.6    24.1    1.68     8.0     1.6
    6 2052  233  7450.0    14.0    20.1    1.49     5.1    19.2
    6 2052  234  9850.0     8.9    19.1    1.04     3.9     5.5
    6 2052  235 14210.0     9.3    22.0    1.06     2.4     0.0
    6 2052  236 10800.0    10.6    22.6    1.17     2.8    15.4
    6 2052  237  8780.0    15.0    23.2    1.61     4.5    18.2
    6 2052  238 11210.0    14.6    20.8    1.57     5.8    19.2
    6 2052  239 12780.0    12.9    20.3    1.37     5.4     6.3
    6 2052  240  2860.0    14.4    17.4    1.59     6.0     8.3
    6 2052  241 20060.0     9.9    20.2    1.10     2.5     0.0
    6 2052  242 17994.1     9.1    21.6    1.03     4.3     1.3
    6 2052  243 10670.0    13.2    19.3    1.42     6.0    16.6
    6 2052  244 17994.1     9.9    19.2    1.09     5.6     2.1
    6 2052  245 17400.0     8.5    21.3    1.00     1.7     0.0
    6 2052  246 18540.0     8.3    24.2    0.97     2.2     0.0
    6 2052  247 17550.0    10.7    25.9    1.14     1.6     0.0
    6 2052  248 17910.0    14.1    26.2    1.45     2.0     0.0
    6 2052  249 15600.0    13.2    27.9    1.42     2.1     0.0
    6 2052  250 18360.0    14.3    26.6    1.49     4.7     0.0
    6 2052  251 17850.0    12.1    24.0    1.30     5.2     0.0
    6 2052  252 17300.0     9.8    22.2    1.11     3.8     0.0
    6 2052  253 18040.0    10.2    22.9    1.06     3.7     0.0
    6 2052  254 16840.0     8.8    25.9    0.95     4.0     0.0
    6 2052  255 12130.0    17.2    23.7    1.78     5.4     0.0
    6 2052  256 14180.0    14.8    19.4    1.42     8.6     0.0
    6 2052  257 12505.6    13.2    19.1    1.39     8.0     1.8
    6 2052  258 13270.0    12.3    20.4    1.29     8.5     5.5
    6 2052  259 12180.0    10.6    17.5    1.17     4.7     3.8
    6 2052  260 13500.0     6.2    18.9    0.85     2.8     0.2
    6 2052  261 13840.0    10.0    20.6    1.04     4.8     0.0
    6 2052  262 12505.6    13.6    22.0    1.43     5.7     0.9
    6 2052  263 13820.0    11.0    19.2    1.17     4.6     0.0
    6 2052  264  1960.0    12.6    16.5    1.34     8.8     6.0
    6 2052  265 10850.0    11.3    17.7    1.18     9.3     7.9
    6 2052  266  3370.0    11.6    14.6    1.26     5.7     3.8
    6 2052  267  5910.0    12.6    15.5    1.36     5.5     4.8
    6 2052  268  8490.0    11.2    15.9    1.22     5.2     5.6
    6 2052  269 12505.6    11.7    15.7    1.26     4.6     1.2
    6 2052  270 11350.0    12.0    18.0    1.30     3.7     0.0
    6 2052  271 11400.0    12.0    18.6    1.30     4.0     0.1
    6 2052  272  4520.0    13.5    18.8    1.46     5.1     7.0
    6 2052  273 11090.0    10.5    16.1    1.16     4.1     0.5
    6 2052  274 12505.6    11.1    16.4    1.21     2.4     0.6
    6 2052  275  3780.0    12.7    17.4    1.41     2.7     9.0
    6 2052  276  8170.0    12.7    17.6    1.33     5.5     4.0
    6 2052  277  6820.0    11.5    17.6    1.24     5.0     0.8
    6 2052  278  5490.0    13.9    19.0    1.45     5.6     1.6
    6 2052  279  5730.0    11.8    17.3    1.29     4.2     0.4
    6 2052  280  8820.0    10.4    16.8    1.14     7.0     0.8
    6 2052  281  9080.0     7.2    16.5    0.93     5.4     0.9
    6 2052  282  7900.0     5.7    16.1    0.86     1.9     0.0
    6 2052  283 11040.0     4.1    16.0    0.76     2.5     0.0
    6 2052  284 11360.0     3.8    13.2    0.73     5.1     0.0
    6 2052  285 11850.0     3.9    13.1    0.70     6.6     0.0
    6 2052  286  8970.0     5.0    12.3    0.74     5.6     0.0
    6 2052  287  9640.0     7.2    16.9    0.92     4.1     0.0
    6 2052  288  5870.0    11.3    16.0    1.21     5.0     0.4
    6 2052  289  7570.0     8.9    14.2    1.04     3.8     0.4
    6 2052  290  2640.0     7.3    10.4    0.97     3.6     6.7
    6 2052  291  2680.0     6.2    11.3    0.91     3.7     1.1
    6 2052  292  3360.0     6.4    12.9    0.92     3.9     9.2
    6 2052  293  9120.0     4.9    15.2    0.81     3.1     0.0
    6 2052  294  1370.0     8.0    17.9    1.03     4.9     4.9
    6 2052  295  8790.0    11.4    17.2    1.17     9.1     4.5
    6 2052  296  8370.0    11.2    17.5    1.18     7.7     0.0
    6 2052  297   760.0    14.0    18.0    1.50     7.9    13.2
    6 2052  298  2590.0    15.3    17.8    1.61     6.0     3.4
    6 2052  299  4350.0    10.5    16.9    1.14     9.3     1.4
    6 2052  300  5990.0     5.1    14.4    0.82     3.4     0.0
    6 2052  301  5370.0     1.4    12.5    0.63     3.7     0.0
    6 2052  302  2240.0    10.2    14.7    1.19     3.1     2.7
    6 2052  303  7280.0     9.5    17.8    1.13     2.3     3.5
    6 2052  304  3840.0     5.0    13.6    0.85     1.5     0.0
    6 2052  305  2640.0     9.3    13.2    1.08     2.5     0.0
    6 2052  306  3070.0     6.0    11.1    0.86     3.7     0.0
    6 2052  307  1270.0     8.1    10.2    1.02     4.0     1.0
    6 2052  308  1780.0     7.4    12.5    1.01     2.1     3.5
    6 2052  309  3370.0     6.0    13.7    0.90     3.8     1.0
    6 2052  310  4820.0     6.3    12.8    0.87     4.6     1.0
    6 2052  311  3720.0     6.8    12.4    0.93     2.8     1.5
    6 2052  312  4890.0     6.3    12.1    0.88     2.1     0.0
    6 2052  313  2350.0     5.2    10.1    0.82     2.4     0.0
    6 2052  314  4290.0     0.7     5.7    0.61     2.7     0.0
    6 2052  315  1580.0     5.2     9.4    0.85     3.6    12.3
    6 2052  316  3860.0     0.6     6.7    0.61     2.1     0.0
    6 2052  317  2110.0     0.9    10.9    0.63     5.7     2.9
    6 2052  318  4510.0     1.8     9.7    0.63     4.5     3.0
    6 2052  319  5010.0     2.6    10.3    0.69     2.4     0.0
    6 2052  320   470.0     4.2    10.4    0.78     4.1     0.1
    6 2052  321   840.0    10.0    12.1    1.19     4.4     3.2
    6 2052  322  1450.0    11.0    13.4    1.26     8.2     5.7
    6 2052  323  1110.0     3.5    13.0    0.72     6.1    20.7
    6 2052  324  3320.0     2.9     7.1    0.68     6.3     2.0
    6 2052  325  2600.0     0.3     6.5    0.58     4.0     5.1
    6 2052  326  4570.0    -0.7     6.6    0.55     4.0     1.1
    6 2052  327  1690.0     6.5    13.2    0.91     8.3     2.9
    6 2052  328  3120.0     0.5    11.2    0.59     3.5     2.7
    6 2052  329  3900.0    -1.0     7.6    0.54     1.5     0.0
    6 2052  330  1560.0    -1.9     1.6    0.52     2.2     0.0
    6 2052  331  1050.0    -1.4     8.9    0.54     5.8     4.2
    6 2052  332  1780.0     4.4    10.1    0.81     3.0     0.1
    6 2052  333   760.0     6.8     9.8    0.96     3.1     2.6
    6 2052  334  1220.0     5.8     8.9    0.91     1.5     0.0
    6 2052  335  1580.0     3.1     7.8    0.75     3.0     0.0
    6 2052  336   250.0     2.3     4.6    0.69     2.8     0.6
    6 2052  337  3360.0    -0.6     6.5    0.57     1.7     0.0
    6 2052  338  1900.0    -0.8     5.4    0.57     2.1     0.0
    6 2052  339   960.0     1.5     6.2    0.67     3.9     0.4
    6 2052  340  1020.0     2.3    10.2    0.71     3.8     0.0
    6 2052  341  1110.0     2.3     9.4    0.71     4.1     0.0
    6 2052  342  1300.0     6.5     8.6    0.95     3.4     0.0
    6 2052  343  1370.0     0.6     7.4    0.61     1.5     0.0
    6 2052  344  1060.0    -0.9     2.3    0.56     3.6     0.0
    6 2052  345   500.0    -2.5     2.6    0.50     3.0     0.0
    6 2052  346   660.0     2.5     5.2    0.72     1.5     0.0
    6 2052  347  1010.0     2.9     5.7    0.73     2.7     0.0
    6 2052  348   430.0    -0.8     4.5    0.55     3.1     0.0
    6 2052  349   420.0    -1.0     4.9    0.55     4.1     0.0
    6 2052  350   950.0     2.7     6.9    0.70     6.3     0.2
    6 2052  351   560.0     4.0     7.9    0.79     7.1     3.6
    6 2052  352   830.0     5.3     8.7    0.84     5.5     6.6
    6 2052  353  1110.0     0.6     7.4    0.58     5.5     3.1
    6 2052  354  3410.0    -1.9     5.9    0.50     2.5     0.0
    6 2052  355  3800.0    -2.5     4.2    0.47     2.8     0.0
    6 2052  356  2930.0    -4.2     1.0    0.42     3.2     0.0
    6 2052  357   250.0    -0.1     7.6    0.59     8.3     2.1
    6 2052  358  1500.0     7.4    11.8    0.97     8.3     0.8
    6 2052  359  1880.0     7.9    11.1    0.96     8.8     4.3
    6 2052  360  2210.0     1.2     8.0    0.63     5.4     0.5
    6 2052  361  2960.0    -3.2     2.4    0.48     1.3     0.0
    6 2052  362  3650.0    -5.0     3.3    0.41     2.6     0.0
    6 2052  363   850.0    -1.0     5.4    0.54     6.6     7.7
    6 2052  364  3210.0     0.9     6.7    0.62     3.4     1.1
    6 2052  365   380.0     5.2     8.8    0.86     7.3     0.1
    6 2052  366   490.0     4.9    10.0    0.84     5.0     2.5
