*---------------------------------------------------------------------------*
* Station name: Lelystad, Netherlands, KNMI G-scenario for period around 2050 
* Year: 2040
* Author: Joost Wolf and Janette Bessembinder            -99.000: NIL VALUE
* Comments: vapour pressure calculated from minimum temperature and 
* relative humidity
* Longitude: 5 38 E, latitude: 52 34 N, altitude: -4 m.
*
* Column  Daily value
* 1       station number
* 2       year
* 3       day
* 4       irradiation                   (kJ m-2 d-1)
* 5       minimum temperature           (degrees Celsius)
* 6       maximum temperature           (degrees Celsius)
* 7       early morning vapour pressure (kPa)
* 8       mean wind speed (height: 2 m) (m s-1)
* 9       precipitation                 (mm d-1)
*
** WCCDESCRIPTION=Netherlands, Lelystad, G-scenario
** WCCFORMAT=2
** WCCYEARNR=2040
*---------------------------------------------------------------------------*
   5.63  52.57    -4.  -0.18 -0.55
    6 2040    1   580.0     5.0     9.3    0.85     8.7     0.0
    6 2040    2   600.0     7.3     9.3    0.98     9.3     0.0
    6 2040    3  1710.0     4.0     8.5    0.77    10.8     0.0
    6 2040    4  2480.0     3.9     9.5    0.79     6.7     5.9
    6 2040    5   270.0     3.2    11.1    0.77     5.7    23.0
    6 2040    6  2380.0     5.1    11.4    0.86     7.7     1.3
    6 2040    7   730.0     2.6     5.4    0.73     6.7     0.0
    6 2040    8  1480.0     2.8    10.8    0.70     7.7     0.3
    6 2040    9   300.0     4.7    10.4    0.84     5.1    16.7
    6 2040   10  3710.0    -0.4     4.9    0.58     5.1     0.0
    6 2040   11  1280.0    -2.8    -0.3    0.50     2.6     0.0
    6 2040   12   920.0    -1.8     6.0    0.53     2.6     0.7
    6 2040   13  1860.0     3.5     6.8    0.74     2.6     0.0
    6 2040   14  1160.0     6.1     8.0    0.93     4.1     0.2
    6 2040   15   560.0     6.3     7.9    0.92     3.6     0.0
    6 2040   16   510.0     4.6     7.2    0.81     4.6     0.0
    6 2040   17  1570.0     5.1     7.4    0.80     4.1     0.0
    6 2040   18  2350.0     4.4     8.2    0.82     4.1     0.0
    6 2040   19  1050.0     4.3     8.5    0.82     7.2     4.7
    6 2040   20  2300.0    -3.4     5.7    0.45     8.2     0.0
    6 2040   21  5170.0    -5.2     0.4    0.39     4.6     0.0
    6 2040   22  4400.0    -6.1    -1.0    0.36     4.6     0.0
    6 2040   23  4190.0    -6.9    -1.1    0.36     2.6     0.0
    6 2040   24  3050.0    -8.3     0.6    0.32     1.5     0.0
    6 2040   25   730.0    -6.7    -0.5    0.37     2.1     0.0
    6 2040   26  4890.0    -0.6     6.8    0.57     3.6     0.0
    6 2040   27  1720.0     0.7     5.2    0.64     2.1     0.1
    6 2040   28  3840.0    -2.6     3.4    0.50     1.5     0.0
    6 2040   29  1360.0     1.9     3.6    0.70     3.6     0.0
    6 2040   30  1200.0     1.4     3.5    0.68     2.6     0.0
    6 2040   31  1550.0    -0.4     1.6    0.59     2.1     0.0
    6 2040   32  1530.0    -1.4     0.1    0.55     1.5     0.0
    6 2040   33   920.0    -0.2     2.2    0.60     4.6     0.2
    6 2040   34  5150.0     1.2     7.6    0.63     8.7     2.3
    6 2040   35  2980.0     2.0     5.7    0.69     3.6     1.8
    6 2040   36  2150.0     3.4     8.7    0.76     6.7     0.7
    6 2040   37  4600.0     6.8    11.1    0.97     4.1     0.0
    6 2040   38  3500.0     1.0     8.7    0.64     4.6     0.0
    6 2040   39  5920.0     0.7     9.4    0.62     3.6     0.0
    6 2040   40  2010.0     1.8     8.1    0.68     6.2     1.0
    6 2040   41  4560.0     5.3     8.3    0.86     6.7     3.0
    6 2040   42  1080.0     6.7     8.6    0.98     3.6     2.2
    6 2040   43  2090.0     7.6    13.0    1.03     5.1     1.3
    6 2040   44  4460.0     4.6    12.7    0.82     5.7     0.6
    6 2040   45  4010.0     4.2     9.2    0.80     7.2     0.6
    6 2040   46  3500.0     4.7    10.6    0.81     8.7     2.6
    6 2040   47  4520.0     1.3     6.5    0.63     8.7     3.8
    6 2040   48  7270.0    -2.1     3.2    0.48     4.6     0.0
    6 2040   49  7190.0    -5.4     3.5    0.38     1.5     0.0
    6 2040   50  4110.0     0.6     6.1    0.61     3.6     0.4
    6 2040   51  6920.0     1.4     6.8    0.65     3.1     0.0
    6 2040   52  2730.0     1.9     7.2    0.68     4.1     0.0
    6 2040   53  3700.0     1.9     7.3    0.68     8.2     0.1
    6 2040   54  6830.0     0.4    11.0    0.60     6.7     2.5
    6 2040   55  1810.0     0.9     9.1    0.65     3.1     0.0
    6 2040   56  5500.0     3.9     9.9    0.78     2.6     0.0
    6 2040   57  3820.0     3.8     9.6    0.77     4.1     0.0
    6 2040   58  7850.0     3.7    13.4    0.74     3.6     0.0
    6 2040   59  8480.0     2.6    13.1    0.69     3.1     0.0
    6 2040   60  9920.0     4.7    15.9    0.77     4.1     0.0
    6 2040   61 10080.0     4.4    16.1    0.71     5.7     0.0
    6 2040   62  7120.0     5.9     9.9    0.83     7.7     2.0
    6 2040   63  2080.0     3.1    10.2    0.72     6.7     0.0
    6 2040   64  4010.0     3.9    13.5    0.79     4.1     0.0
    6 2040   65 10450.0     4.3    17.2    0.74     4.6     1.0
    6 2040   66 10830.0     3.3    10.7    0.72     5.7     3.5
    6 2040   67 10990.0     3.5    14.4    0.69     4.6     0.0
    6 2040   68  9770.0     4.9    13.4    0.81     3.1     0.0
    6 2040   69  6970.0     2.8    11.1    0.68     2.6     0.0
    6 2040   70 10310.0     4.6    13.1    0.76     7.7     5.8
    6 2040   71  6480.0     3.1     8.7    0.68     8.2     0.4
    6 2040   72   910.0     6.1    10.6    0.89    11.8    19.7
    6 2040   73  3590.0     1.5     9.3    0.62    10.8    15.0
    6 2040   74  9810.0     1.7     6.9    0.62     8.2     1.9
    6 2040   75  8640.0     2.0     7.3    0.60     8.2     0.3
    6 2040   76 12990.0     2.4     9.7    0.63     4.1     0.0
    6 2040   77  6200.0     7.7    13.4    1.01     3.1     0.0
    6 2040   78  3650.0     6.5    11.5    0.91     4.1     0.2
    6 2040   79 12040.0     6.4    11.6    0.86     4.1     0.1
    6 2040   80  3310.0     8.8    11.5    1.09     7.2     3.4
    6 2040   81  3470.0     6.0    11.0    0.85    10.3     3.6
    6 2040   82  4920.0     3.6     8.6    0.75     5.1     5.4
    6 2040   83 12430.0     2.5     9.2    0.69     3.6     0.3
    6 2040   84  8510.0     2.8     8.7    0.69     6.7     0.0
    6 2040   85  7250.0     4.4     7.7    0.75     4.6     0.8
    6 2040   86  4460.0     3.9     6.9    0.78     5.7     2.7
    6 2040   87  6600.0     2.2    10.1    0.68     5.7     1.0
    6 2040   88 10170.0     1.9     7.2    0.63     7.7     3.0
    6 2040   89 12670.0     0.0     8.6    0.53     3.1     0.2
    6 2040   90 13430.0     4.3    12.7    0.73     5.7     1.0
    6 2040   91  8400.0     6.0    13.7    0.84     5.7     1.4
    6 2040   92  8410.0     4.0    10.5    0.76     4.1    12.2
    6 2040   93 10270.0     2.5    11.5    0.68     3.1     1.2
    6 2040   94  7440.0     5.4     9.1    0.83     3.1     0.9
    6 2040   95 13270.0     3.4     9.6    0.71     5.1     0.2
    6 2040   96 12940.0     1.0    10.6    0.60     4.1     0.1
    6 2040   97 11020.0     4.3    12.0    0.76     4.6     0.0
    6 2040   98 12270.0     4.8    15.4    0.72     4.1     0.0
    6 2040   99 18130.0     2.5    16.8    0.61     5.1     0.0
    6 2040  100 19030.0     4.0    16.2    0.71     3.6     0.0
    6 2040  101 18380.0     1.6    16.8    0.59     2.6     0.0
    6 2040  102 17160.0     3.5    17.1    0.70     1.5     0.0
    6 2040  103 13100.0     3.9    16.2    0.74     5.1     2.0
    6 2040  104  9080.0     5.4    10.9    0.82     7.2     2.1
    6 2040  105 10350.0     8.4    13.1    0.97     7.2     2.7
    6 2040  106  4340.0     4.8     9.4    0.81     9.8     3.0
    6 2040  107 14490.0     3.7     8.1    0.69     8.7     4.2
    6 2040  108  3140.0     4.0     8.3    0.80     3.6     6.2
    6 2040  109  8620.0     7.7    15.2    1.01     6.2     0.6
    6 2040  110 22250.0     4.4    12.5    0.75     7.2     0.0
    6 2040  111 19670.0     4.0    11.5    0.72     3.1     0.4
    6 2040  112 16970.0     3.0    16.3    0.64     3.1     0.0
    6 2040  113 15730.0     8.2    15.5    1.01     3.6     0.0
    6 2040  114  6720.0     6.3    13.4    0.91     3.6     0.6
    6 2040  115 11390.0     6.8    16.8    0.90     5.7     0.0
    6 2040  116 15740.0     9.1    16.7    1.04     5.1     1.0
    6 2040  117  5330.0     9.0    14.8    1.12     7.2     9.6
    6 2040  118 15900.0     9.0    15.1    1.04     7.7     0.0
    6 2040  119  7500.0     8.4    12.6    1.06     4.6     6.0
    6 2040  120 18840.0     5.8    13.0    0.86     5.1     0.0
    6 2040  121 16680.0     4.5    15.2    0.77     6.7     1.8
    6 2040  122  8270.0     6.7    12.2    0.95     7.7    12.4
    6 2040  123 13700.0     4.3    12.5    0.78     5.1     2.1
    6 2040  124 23050.0     3.5    13.2    0.72     4.1     0.7
    6 2040  125 24980.0     1.3    15.6    0.60     2.1     0.0
    6 2040  126 22940.0     3.0    17.6    0.68     2.6     0.0
    6 2040  127 21280.0     8.6    16.7    0.99     4.6     0.0
    6 2040  128  9940.0    11.8    18.0    1.31     5.7     0.0
    6 2040  129 12110.0     9.4    13.1    1.05     7.2     1.8
    6 2040  130  5950.0     7.4    12.3    0.98     6.7    15.9
    6 2040  131 17390.0     6.5    13.7    0.90     3.6     2.6
    6 2040  132 21330.0     7.8    14.4    0.99     4.1     2.0
    6 2040  133  6180.0     7.5    14.5    0.98     8.2     0.0
    6 2040  134 20690.0    12.5    21.7    1.35     3.6     0.0
    6 2040  135 26130.0    12.0    29.7    1.18     5.1     0.0
    6 2040  136 24710.0    12.2    27.3    1.31     3.6     0.0
    6 2040  137 27520.0     9.8    18.0    1.07     5.7     0.0
    6 2040  138 27220.0     8.8    16.6    1.02     4.6     0.0
    6 2040  139 26650.0     7.5    22.7    0.91     4.6     0.0
    6 2040  140 27000.0    10.1    24.1    1.02     4.6     0.0
    6 2040  141 26350.0    10.4    24.6    1.05     3.6     0.0
    6 2040  142 25900.0     9.4    25.6    1.00     2.6     0.0
    6 2040  143 25840.0    10.9    27.5    1.08     3.6     0.0
    6 2040  144 24650.0    14.1    27.8    1.33     5.1     0.0
    6 2040  145 24110.0    15.0    27.9    1.45     4.1     0.0
    6 2040  146 22510.0    15.0    27.8    1.41     4.1     0.0
    6 2040  147 27360.0    12.8    23.9    1.12     6.7     0.0
    6 2040  148 24880.0    13.1    24.1    1.20     7.2     0.0
    6 2040  149 25990.0    14.8    26.6    1.32     6.7     0.0
    6 2040  150 25470.0    13.5    25.7    1.26     5.7     3.0
    6 2040  151 16780.0    15.1    25.0    1.60     3.6    24.4
    6 2040  152 21570.0    15.1    25.5    1.56     3.1     3.3
    6 2040  153 23069.8    13.7    25.3    1.37     4.1     2.3
    6 2040  154 13710.0    14.9    23.9    1.67     2.6    19.3
    6 2040  155 16470.0    14.2    20.5    1.55     4.1     6.7
    6 2040  156  4320.0    13.5    14.9    1.54     4.6    16.0
    6 2040  157 16770.0    13.7    20.9    1.49     4.1     0.2
    6 2040  158 18860.0    14.9    23.7    1.61     3.6     0.0
    6 2040  159  7060.0    12.8    19.1    1.46     2.1     4.8
    6 2040  160 22400.0    14.1    24.5    1.51     3.1     0.1
    6 2040  161 15740.0    13.5    23.2    1.47     3.1     0.2
    6 2040  162 27740.0    13.5    23.2    1.38     5.1     0.0
    6 2040  163 26740.0     9.6    21.2    1.05     5.1     0.2
    6 2040  164 19680.0    12.5    21.5    1.32     3.6     0.4
    6 2040  165 26590.0    10.4    23.2    1.18     3.1     0.0
    6 2040  166 23930.0    10.4    24.1    1.16     2.6     0.0
    6 2040  167 25030.0    11.5    26.5    1.22     3.1     0.2
    6 2040  168 20080.0    12.5    20.8    1.30     6.2     0.0
    6 2040  169 23410.0    11.2    19.8    1.17     5.1     0.0
    6 2040  170 13250.0    10.3    16.8    1.15     4.6     3.7
    6 2040  171 21990.0     9.5    17.7    1.10     4.1     7.0
    6 2040  172 28170.0    13.1    24.3    1.33     6.7     0.0
    6 2040  173 28960.0    11.5    21.1    1.29     4.1     0.0
    6 2040  174 19660.0    12.6    19.8    1.33     2.6     0.0
    6 2040  175 17860.0    11.3    19.6    1.26     3.6     0.0
    6 2040  176 15180.0    10.3    21.0    1.16     4.1     0.0
    6 2040  177 25790.0    11.7    22.3    1.29     4.1     0.0
    6 2040  178 24270.0     8.8    22.3    1.07     3.6     0.0
    6 2040  179 27260.0    14.5    25.4    1.53     3.6     0.0
    6 2040  180 27350.0    14.1    28.4    1.41     3.1     0.0
    6 2040  181 27390.0    12.3    29.4    1.22     2.6     0.0
    6 2040  182 23069.8    12.9    30.7    1.30     2.6     0.8
    6 2040  183 21330.6    17.0    23.5    1.73     4.1     0.3
    6 2040  184 21330.6    13.9    19.5    1.42     3.1     2.2
    6 2040  185 17030.0    13.6    24.1    1.45     2.6    12.8
    6 2040  186 10230.0    15.6    21.7    1.71     3.1    11.2
    6 2040  187 16140.0    15.1    23.4    1.63     4.6     0.0
    6 2040  188 26050.0    14.5    22.6    1.44     7.2     0.0
    6 2040  189 26990.0     9.6    20.8    1.11     4.1     0.0
    6 2040  190 25960.0     7.9    22.6    0.98     2.1     0.0
    6 2040  191 22900.0    10.5    26.8    1.15     2.1     0.0
    6 2040  192 21330.6    13.5    20.3    1.38     4.1     1.0
    6 2040  193 21330.6    14.4    22.0    1.47     2.6     0.3
    6 2040  194 15000.0    14.7    20.9    1.61     5.1     4.9
    6 2040  195  5730.0    14.6    17.6    1.64     6.7     7.8
    6 2040  196 20040.0    10.4    20.1    1.18     6.2     8.0
    6 2040  197 25010.0     7.7    21.2    0.95     2.6     0.0
    6 2040  198 18320.0    14.5    26.7    1.53     2.1     6.9
    6 2040  199  4320.0    16.0    19.5    1.82     4.1     7.0
    6 2040  200 13650.0    14.5    21.2    1.55     4.6     0.0
    6 2040  201 24400.0    14.7    27.7    1.51     4.1     0.0
    6 2040  202 23200.0    19.1    29.1    2.06     2.6     0.0
    6 2040  203 21330.6    15.6    26.2    1.58     4.6     2.5
    6 2040  204 24560.0    11.5    24.4    1.22     2.6     0.0
    6 2040  205 22380.0     9.3    27.0    1.03     2.1     0.0
    6 2040  206 15560.0    14.8    29.5    1.53     3.1     7.9
    6 2040  207 21250.0    14.1    24.9    1.50     3.1     0.0
    6 2040  208 17660.0    14.3    23.9    1.51     3.6     0.0
    6 2040  209 13300.0    12.3    21.9    1.29     5.1     0.1
    6 2040  210 23810.0    11.1    22.2    1.16     4.6     0.0
    6 2040  211 24390.0     8.8    27.2    0.98     3.1     0.0
    6 2040  212 20920.0    11.7    25.3    1.25     3.1     0.0
    6 2040  213 21860.0    12.3    25.8    1.27     4.1     0.0
    6 2040  214 17994.1    12.9    29.6    1.33     4.1     1.0
    6 2040  215 13360.0    15.3    22.4    1.61     4.6     0.0
    6 2040  216 13400.0    15.5    23.9    1.56     6.2     0.0
    6 2040  217 23150.0    11.8    22.3    1.24     5.1     0.0
    6 2040  218 24470.0    12.5    26.7    1.25     5.1     0.0
    6 2040  219 14950.0    11.2    24.1    1.23     4.1     0.0
    6 2040  220 21200.0    10.0    26.6    1.11     4.1     0.0
    6 2040  221 19550.0    16.7    32.9    1.69     3.6     0.4
    6 2040  222 22170.0    19.9    31.4    2.04     4.6     0.1
    6 2040  223  8350.0    14.6    22.5    1.63     5.1    30.2
    6 2040  224 17730.0    13.7    21.7    1.46     5.1     0.1
    6 2040  225  9210.0    14.1    20.2    1.51     7.7     7.3
    6 2040  226 12110.0    14.0    19.7    1.49     6.2    11.9
    6 2040  227 15980.0    13.1    21.2    1.39     5.1     8.5
    6 2040  228 19160.0    11.1    21.6    1.16     3.1     0.0
    6 2040  229  8110.0    13.0    22.8    1.40     4.6     5.1
    6 2040  230 17994.1    12.2    21.3    1.27     4.1     0.6
    6 2040  231 17994.1    10.6    20.5    1.14     2.6     1.4
    6 2040  232 14680.0    14.6    23.9    1.56     2.6     0.0
    6 2040  233  4470.0    13.4    22.7    1.50     4.1    15.1
    6 2040  234 14080.0    13.4    22.1    1.42     4.1     0.0
    6 2040  235 17994.1    13.5    25.6    1.38     2.6     1.4
    6 2040  236 17994.1    12.3    19.7    1.27     5.1     1.7
    6 2040  237 17994.1    13.6    21.1    1.39     5.1     2.5
    6 2040  238 10780.0    15.9    23.1    1.67     6.7    10.7
    6 2040  239 17994.1    15.1    22.1    1.53     5.1     1.7
    6 2040  240 10710.0    16.7    24.3    1.70     6.7     0.4
    6 2040  241 17994.1    14.6    21.6    1.48     5.7     1.3
    6 2040  242  7320.0    11.6    19.4    1.30     3.6    10.1
    6 2040  243  8760.0    10.7    18.2    1.19     7.7     3.7
    6 2040  244 12970.0    11.7    19.3    1.26     4.6    19.0
    6 2040  245 12390.0     9.9    17.6    1.12     5.1     6.0
    6 2040  246  6430.0    11.6    17.4    1.30     8.2     2.9
    6 2040  247  6150.0    11.1    17.2    1.25     5.7    12.3
    6 2040  248 10020.0    10.0    16.5    1.14     6.2    12.3
    6 2040  249 12505.6    11.1    16.5    1.21     4.6     2.0
    6 2040  250 16940.0     7.4    18.5    0.91     4.1     0.0
    6 2040  251 12505.6     8.2    20.3    1.00     5.1     0.5
    6 2040  252 10910.0     9.5    16.6    1.10     5.1     3.3
    6 2040  253 13060.0    10.6    19.6    1.16     4.6     0.0
    6 2040  254 14980.0    11.4    21.6    1.18     3.1     0.0
    6 2040  255 10170.0    10.8    23.5    1.18     5.1     0.1
    6 2040  256 13250.0     9.4    18.9    1.06     3.6     0.0
    6 2040  257 12505.6     7.3    19.5    0.94     3.6     2.5
    6 2040  258 11660.0     9.3    17.8    1.06     4.1     0.0
    6 2040  259 14590.0    12.2    20.1    1.30     6.7     0.0
    6 2040  260  8920.0     6.3    18.0    0.86     3.6     0.0
    6 2040  261 15730.0     4.6    19.6    0.77     4.1     0.0
    6 2040  262 12505.6     8.2    20.4    1.00     3.1     1.4
    6 2040  263  9530.0    12.7    20.5    1.39     3.1     0.0
    6 2040  264  5510.0     9.7    20.3    1.17     2.1     0.0
    6 2040  265 10100.0    10.9    22.0    1.21     3.6     0.0
    6 2040  266  8620.0    15.3    24.0    1.59     3.6     0.0
    6 2040  267  6520.0    11.9    18.8    1.29     6.7     0.4
    6 2040  268  8810.0     9.9    19.2    1.10     5.1     0.1
    6 2040  269  9720.0    13.1    22.3    1.36     3.6     0.0
    6 2040  270 13260.0     9.9    25.5    1.12     2.6     0.0
    6 2040  271 12320.0     9.7    26.3    1.09     3.6     0.0
    6 2040  272 12410.0    12.1    24.7    1.31     3.6     0.0
    6 2040  273  2150.0    10.3    15.8    1.25     2.1     0.0
    6 2040  274  5230.0    13.4    19.7    1.50     1.5     3.2
    6 2040  275  3890.0     9.4    17.3    1.16     2.6     0.0
    6 2040  276  7550.0     9.3    17.0    1.11     1.5     0.0
    6 2040  277  5600.0     8.8    16.2    1.06     5.7     0.0
    6 2040  278 10940.0     9.2    16.7    1.03     8.2     0.0
    6 2040  279  1180.0     7.2    11.9    0.95     7.2     1.6
    6 2040  280  1030.0    10.4    12.4    1.24     7.7     5.3
    6 2040  281  5400.0     9.0    15.3    1.08     4.1     0.2
    6 2040  282  2700.0    11.1    13.8    1.23     2.1     0.0
    6 2040  283  6780.0     5.6    15.2    0.83     4.1     0.9
    6 2040  284 11140.0     3.1    15.0    0.70     3.1     0.0
    6 2040  285  3930.0     3.6    13.5    0.76     2.6     0.8
    6 2040  286 10790.0     1.8    12.6    0.61     4.1     0.0
    6 2040  287 10790.0    -1.1    12.1    0.51     2.1     0.0
    6 2040  288  3040.0    -1.4    12.5    0.54     5.1    15.7
    6 2040  289  7030.0     4.5    10.5    0.79     6.7     9.6
    6 2040  290  2980.0     3.3     8.3    0.76     5.1    17.9
    6 2040  291  7370.0     1.1    10.9    0.64     4.1     0.6
    6 2040  292  6270.0     4.2    10.7    0.79     5.1     0.3
    6 2040  293  5020.0     7.7    13.0    0.98     6.2     0.7
    6 2040  294  7070.0     2.2    13.9    0.68     3.6     1.6
    6 2040  295  4870.0     2.6     9.7    0.73     3.1     0.1
    6 2040  296  1350.0     3.1     9.6    0.76     3.6     1.2
    6 2040  297  2970.0     5.3    11.6    0.88     4.6     7.0
    6 2040  298  5560.0     3.8    10.6    0.77     4.6    14.4
    6 2040  299  1020.0     4.2     9.6    0.82     4.1    18.9
    6 2040  300  7400.0     3.7    11.9    0.76     3.6     0.3
    6 2040  301  4090.0     5.3     9.7    0.88     5.1     5.1
    6 2040  302  5600.0     5.4     9.9    0.87     6.2     0.3
    6 2040  303  4760.0     4.5     9.7    0.82     4.6     1.1
    6 2040  304  6140.0     1.6     9.8    0.68     2.1     0.0
    6 2040  305  3370.0     3.9     8.6    0.80     4.1     0.0
    6 2040  306  5490.0     3.9     9.4    0.77     7.2     0.0
    6 2040  307  1060.0     6.8    11.2    0.96    10.3    14.8
    6 2040  308  4810.0     6.1    11.5    0.90     5.7     0.7
    6 2040  309  5060.0     6.8    11.7    0.97     5.1     0.1
    6 2040  310  2930.0     8.7    14.9    1.12     4.6     0.1
    6 2040  311  3320.0     9.4    13.9    1.17     6.2     0.0
    6 2040  312   890.0     9.0    12.2    1.15     6.2     1.0
    6 2040  313  3360.0     3.3    11.5    0.76     1.5     0.0
    6 2040  314  2180.0     2.4    10.7    0.71     5.7     0.2
    6 2040  315  3830.0     6.2    11.9    0.93     6.2     0.3
    6 2040  316   630.0     5.9    12.8    0.90     9.3    18.1
    6 2040  317  3200.0     4.4     9.3    0.77     7.7     3.6
    6 2040  318  3530.0     3.8     8.2    0.75     5.1     3.0
    6 2040  319  3510.0     3.0     8.9    0.73     3.6     0.9
    6 2040  320   520.0     3.9     8.6    0.79     4.6    13.0
    6 2040  321   680.0     6.7     8.6    0.98     5.7     1.8
    6 2040  322  1080.0     6.8     8.6    0.97     5.7     9.2
    6 2040  323  3250.0     5.0     9.8    0.85     7.2     2.1
    6 2040  324  2880.0     5.5     9.5    0.81     8.7     3.1
    6 2040  325  4400.0     4.6     8.4    0.78     6.7     0.0
    6 2040  326  2990.0     4.6     8.6    0.83     3.6     5.1
    6 2040  327  1110.0     8.6    12.8    1.12     5.7    15.4
    6 2040  328  1080.0     9.5    13.4    1.15     7.7     0.3
    6 2040  329  2770.0     9.2    11.9    1.16     4.6     1.1
    6 2040  330  3050.0     9.3    13.1    1.11     9.8    10.6
    6 2040  331  2500.0     7.7    13.9    1.00     8.2     7.0
    6 2040  332  3040.0     2.7     9.4    0.72     6.7     6.3
    6 2040  333  2350.0     1.2    11.5    0.64     5.1     2.0
    6 2040  334  2480.0     0.8    11.4    0.64     4.6     0.3
    6 2040  335  3460.0    10.9    13.7    1.26     7.7     0.4
    6 2040  336  3480.0     6.8    11.5    0.92     8.7     0.4
    6 2040  337  1010.0     6.4    13.0    0.94    10.8     6.4
    6 2040  338  3220.0     5.9     9.5    0.88     7.7     2.7
    6 2040  339   940.0     2.0     6.5    0.69     6.2     6.7
    6 2040  340  2840.0     3.1     7.1    0.76     5.7     0.1
    6 2040  341  3180.0     2.4     5.9    0.72     5.1     0.4
    6 2040  342   470.0     4.0     8.4    0.81     6.2     6.0
    6 2040  343  1050.0     2.8     6.6    0.75     2.6     0.0
    6 2040  344  1000.0     0.6     4.4    0.63     2.6     0.0
    6 2040  345  1400.0     1.5     4.5    0.68     1.5     0.0
    6 2040  346   690.0     0.3    10.5    0.62     6.7    21.5
    6 2040  347  2570.0     5.4     8.8    0.86     5.7     3.1
    6 2040  348  1870.0     2.8    10.2    0.74     5.7     0.0
    6 2040  349   850.0     8.5    10.3    1.09     6.7     0.0
    6 2040  350   420.0     3.3     9.0    0.75     5.1     0.0
    6 2040  351  1710.0     5.7     9.0    0.90     5.1     0.0
    6 2040  352   920.0     5.2     8.0    0.88     3.1     0.0
    6 2040  353  2170.0     5.3    10.5    0.85     8.2     3.0
    6 2040  354   730.0     5.6    10.9    0.90     2.6     2.7
    6 2040  355   860.0     2.8     5.5    0.74     4.6     2.6
    6 2040  356   400.0     2.7     3.6    0.74     4.6     0.0
    6 2040  357   330.0     3.2     4.1    0.77     3.1     0.1
    6 2040  358   420.0     2.7     3.8    0.74     2.1     0.0
    6 2040  359   680.0     1.9     5.2    0.70     2.1     0.0
    6 2040  360   420.0    -0.2     3.5    0.60     3.6     0.0
    6 2040  361   910.0    -0.9     1.8    0.57     4.6     0.0
    6 2040  362  1960.0     0.0     2.2    0.61     5.7     0.0
    6 2040  363  2930.0    -3.6     1.0    0.47     3.6     0.0
    6 2040  364  4630.0    -5.0     0.6    0.42     2.1     0.0
    6 2040  365  5120.0    -6.1     1.1    0.38     2.6     0.0
    6 2040  366  4590.0    -7.1    -0.2    0.36     1.5     0.0
