*---------------------------------------------------------------------------*
* Station name: Lelystad, Netherlands, KNMI G-scenario for period around 2050 
* Year: 2054
* Author: Joost Wolf and Janette Bessembinder            -99.000: NIL VALUE
* Comments: vapour pressure calculated from minimum temperature and 
* relative humidity
* Longitude: 5 38 E, latitude: 52 34 N, altitude: -4 m.
*
* Column  Daily value
* 1       station number
* 2       year
* 3       day
* 4       irradiation                   (kJ m-2 d-1)
* 5       minimum temperature           (degrees Celsius)
* 6       maximum temperature           (degrees Celsius)
* 7       early morning vapour pressure (kPa)
* 8       mean wind speed (height: 2 m) (m s-1)
* 9       precipitation                 (mm d-1)
*
** WCCDESCRIPTION=Netherlands, Lelystad, G-scenario
** WCCFORMAT=2
** WCCYEARNR=2054
*---------------------------------------------------------------------------*
   5.63  52.57    -4.  -0.18 -0.55
    6 2054    1   630.0     1.9     5.5    0.68     2.9     0.0
    6 2054    2  2850.0    -1.5     6.4    0.53     1.8     0.0
    6 2054    3  3610.0    -2.2     5.2    0.50     2.2     0.0
    6 2054    4  1080.0     0.6     3.1    0.61     3.4     0.0
    6 2054    5   500.0    -0.6     2.5    0.56     4.8     0.0
    6 2054    6   280.0     1.6     2.5    0.66     4.4     0.0
    6 2054    7   900.0     1.4     2.9    0.65     3.8     0.0
    6 2054    8   600.0     0.0     2.8    0.58     4.0     0.0
    6 2054    9  1200.0    -2.0     0.3    0.52     3.0     0.0
    6 2054   10  1630.0    -0.6     5.3    0.57     5.7     0.0
    6 2054   11   390.0     0.5     6.1    0.62     6.7     3.0
    6 2054   12   910.0    -0.8     4.8    0.56     2.9     0.0
    6 2054   13  3870.0    -0.1     4.8    0.58     3.4     0.0
    6 2054   14  4250.0    -0.5     4.9    0.54     3.8     0.0
    6 2054   15  4630.0    -2.6     3.6    0.46     3.0     0.0
    6 2054   16  3770.0    -2.7     4.6    0.46     4.9     0.4
    6 2054   17   650.0     4.2     7.2    0.80     5.5     3.8
    6 2054   18  2510.0    -1.0     7.8    0.55     2.9     0.6
    6 2054   19   640.0    -0.6     9.3    0.58     4.2     3.8
    6 2054   20   790.0     5.2     9.9    0.83     7.3     1.8
    6 2054   21  3490.0     3.3     8.2    0.72     6.0     0.0
    6 2054   22  1590.0    -3.3     3.7    0.44     4.2     0.0
    6 2054   23  5270.0    -4.7     0.2    0.37     3.8     0.0
    6 2054   24  4520.0    -4.2     3.4    0.37     2.3     0.0
    6 2054   25  2260.0    -6.5     5.7    0.35     5.3     0.2
    6 2054   26  2010.0     0.6     2.7    0.58     7.3     0.0
    6 2054   27  1380.0    -5.3     1.4    0.37     4.1     0.0
    6 2054   28  5690.0    -5.4     2.2    0.35     5.8     0.0
    6 2054   29  6470.0    -6.2     5.6    0.35     4.3     0.0
    6 2054   30  2750.0     0.8     6.0    0.62     3.0     0.0
    6 2054   31  3290.0    -0.6     3.5    0.56     2.8     0.0
    6 2054   32  2330.0    -3.3    -0.6    0.47     1.8     0.0
    6 2054   33   790.0    -2.7    -0.2    0.50     1.5     0.0
    6 2054   34  1210.0    -0.7     4.8    0.56     2.5     0.0
    6 2054   35  2180.0     1.8     6.9    0.67     3.1     0.0
    6 2054   36   660.0     0.5     6.2    0.62     3.0     0.6
    6 2054   37  1350.0     2.6     6.9    0.72     3.8     0.1
    6 2054   38  1500.0     6.3     8.3    0.90     6.5     0.3
    6 2054   39  4050.0     3.5     7.4    0.73     7.8    10.3
    6 2054   40  4430.0     1.5     6.4    0.63     8.1     3.7
    6 2054   41  1150.0     2.0     4.4    0.67     3.7     0.0
    6 2054   42  1830.0     0.2     4.0    0.61     1.4     0.0
    6 2054   43  1960.0     0.1     3.5    0.59     4.9     2.1
    6 2054   44  3090.0     2.3     5.3    0.67     3.6     0.0
    6 2054   45  3190.0     3.9     8.5    0.78     5.0     0.3
    6 2054   46  2120.0     5.9    10.7    0.89     7.2    10.6
    6 2054   47  3220.0     4.6     9.8    0.81     5.2     1.7
    6 2054   48  1660.0     4.0     7.4    0.78     5.8     3.1
    6 2054   49  3900.0     1.4     8.0    0.65     2.7     0.0
    6 2054   50  4520.0     0.8     8.2    0.63     4.3     0.0
    6 2054   51  1620.0     3.0     4.6    0.72     7.8     0.0
    6 2054   52  2490.0     2.7     4.6    0.69     8.1     0.2
    6 2054   53  1360.0     0.7     3.3    0.57     6.0     0.0
    6 2054   54  6730.0    -0.7     4.4    0.51     2.8     0.0
    6 2054   55 10090.0    -1.4     5.3    0.47     7.0     0.0
    6 2054   56 10620.0    -1.2     4.2    0.48     8.5     0.0
    6 2054   57  9090.0     0.1     6.4    0.53     4.7     0.0
    6 2054   58  4940.0     0.9     5.8    0.61     3.5     3.0
    6 2054   59  5710.0     0.4     5.6    0.59     4.3     6.4
    6 2054   60  4760.0    -1.6     4.5    0.52     5.8    10.3
    6 2054   61 12030.0    -3.8     3.8    0.43     5.6     5.6
    6 2054   62  7080.0    -9.7     0.7    0.29     1.8     0.0
    6 2054   63  9390.0    -9.6     3.8    0.28     4.0     0.4
    6 2054   64 11000.0    -4.4     4.5    0.41     5.3     2.1
    6 2054   65 10150.0     0.3     5.3    0.59     5.1     5.0
    6 2054   66 11420.0    -2.3     7.0    0.46     2.4     0.0
    6 2054   67  1810.0     2.1     6.1    0.69     3.8    10.5
    6 2054   68  3050.0     3.3     7.6    0.76     2.3     3.9
    6 2054   69  3110.0     2.9     7.4    0.73     4.5     3.2
    6 2054   70  6000.0    -3.2     4.5    0.43     6.6     0.0
    6 2054   71 13830.0    -6.3     2.3    0.33     1.8     0.0
    6 2054   72 14730.0    -6.2     4.1    0.32     3.3     0.0
    6 2054   73 10110.0    -3.4     5.1    0.39     3.7     0.0
    6 2054   74 14350.0    -2.7     5.8    0.44     5.3     0.0
    6 2054   75  3190.0     1.0     3.6    0.60     5.8     0.0
    6 2054   76  3330.0    -0.6     2.9    0.54     5.3     0.0
    6 2054   77  5290.0    -1.4     3.1    0.52     5.1     0.0
    6 2054   78  4270.0    -2.2     6.6    0.50     2.0     0.0
    6 2054   79  9510.0     2.6     9.8    0.64     4.0     0.0
    6 2054   80  8880.0    -2.4     7.7    0.43     3.9     0.0
    6 2054   81 13540.0    -4.6     6.4    0.38     2.6     0.0
    6 2054   82 17790.0    -5.9     9.9    0.31     3.8     0.0
    6 2054   83  7400.0     1.6    11.8    0.60     4.6     1.1
    6 2054   84  8200.0     7.3    15.3    0.96     5.0     5.7
    6 2054   85 11880.0    11.6    17.1    1.28     7.8     9.3
    6 2054   86  7560.0    10.3    18.4    1.15     8.4     4.4
    6 2054   87 12950.0     8.2    14.7    0.94    10.1     0.0
    6 2054   88 14650.0     6.5    11.0    0.87     5.8     3.3
    6 2054   89  8310.0     8.0    15.5    1.00     9.4     7.6
    6 2054   90 10320.0     9.8    14.7    1.10     8.8     0.9
    6 2054   91  9850.0     7.3    15.9    0.91     6.9     0.6
    6 2054   92  9380.0     6.4    13.2    0.87     7.6     7.6
    6 2054   93 10740.0     3.6    10.2    0.72     6.5     3.0
    6 2054   94 15830.0     3.8     9.3    0.71     5.1     0.9
    6 2054   95 18050.0     1.5     8.5    0.58     4.7     0.2
    6 2054   96 12640.0     0.7    11.9    0.54     6.3     0.2
    6 2054   97 13560.0     5.9    11.4    0.81     5.5     1.3
    6 2054   98 12080.0     4.3     9.9    0.73     7.2     3.4
    6 2054   99 20050.0     3.1    11.2    0.66     5.3     0.1
    6 2054  100 18380.0     1.7    10.8    0.61     4.3     0.0
    6 2054  101 10720.0    -1.5    10.8    0.48     6.2     2.8
    6 2054  102 11450.0     5.1    11.4    0.82     5.5     3.3
    6 2054  103  7840.0     7.9    13.5    1.00     6.7     3.7
    6 2054  104 18160.0     3.0    12.7    0.67     4.5     0.0
    6 2054  105 12500.0     1.5    14.5    0.61     3.3     1.4
    6 2054  106 14720.0     8.2    14.8    1.02     4.1     3.9
    6 2054  107 18660.0     7.8    14.6    0.94     5.3     0.7
    6 2054  108 12970.0     6.5    13.7    0.90     4.5     0.3
    6 2054  109 11560.0     6.6    15.0    0.86     5.8     0.0
    6 2054  110 11120.0     6.2    16.5    0.85     3.5     0.0
    6 2054  111 16400.0     9.1    19.0    1.01     2.8     0.2
    6 2054  112  6720.0     5.0    11.5    0.82     3.3     0.2
    6 2054  113 11850.0     2.5    14.6    0.68     2.3     0.9
    6 2054  114 15980.0     9.5    18.8    1.07     2.2     0.0
    6 2054  115 19230.0     7.9    23.4    0.93     3.2     0.0
    6 2054  116 12190.0     7.0    17.0    0.94     3.1     0.0
    6 2054  117 22690.0     6.2    16.1    0.84     3.6     0.0
    6 2054  118 15370.0     1.2    12.2    0.60     4.7     0.2
    6 2054  119 18460.0     5.4    11.8    0.78     5.5     5.0
    6 2054  120 17050.0     0.3    11.8    0.54     2.2     0.0
    6 2054  121  9200.0     4.4    11.0    0.79     5.2     2.6
    6 2054  122 22240.0     4.7    19.1    0.76     3.7     0.0
    6 2054  123 20830.0    11.8    25.2    1.19     3.4     0.0
    6 2054  124 21420.0    11.7    27.0    1.09     4.3     0.0
    6 2054  125 20850.0    14.9    25.8    1.30     4.1     0.0
    6 2054  126 23560.0    11.1    24.8    0.96     4.8     0.0
    6 2054  127 19640.0    12.9    24.9    1.06     6.1     0.0
    6 2054  128 23160.0    12.7    25.3    1.06     6.3     0.0
    6 2054  129 23100.0    11.2    25.1    1.04     5.3     0.0
    6 2054  130 26270.0     8.7    25.4    0.88     3.7     0.0
    6 2054  131 24430.0     8.3    24.9    0.87     2.9     0.0
    6 2054  132 24040.0    10.1    24.0    1.01     2.3     0.0
    6 2054  133 19580.0     8.3    23.6    0.95     3.0     0.0
    6 2054  134 25380.0     8.5    16.3    0.92     3.7     0.0
    6 2054  135 14400.0     6.8    21.7    0.82     4.0     0.0
    6 2054  136 18260.0    12.8    18.6    1.33     4.8     0.0
    6 2054  137 20970.6    10.2    22.0    1.07     3.0     1.1
    6 2054  138 17260.0    12.9    20.8    1.31     6.9     8.7
    6 2054  139  4450.0    11.4    15.5    1.26     9.1     6.4
    6 2054  140 10190.0    11.3    16.7    1.23     7.6     7.0
    6 2054  141  8450.0    11.5    17.3    1.27     4.9     4.5
    6 2054  142 14860.0    12.8    20.5    1.31     8.3     2.0
    6 2054  143 13110.0     8.3    14.1    0.98     5.6     1.8
    6 2054  144 13470.0     8.1    15.7    1.00     7.4    13.1
    6 2054  145  9730.0     5.7    14.6    0.86     4.0     2.2
    6 2054  146  6470.0     6.8    15.1    0.96     4.2     3.5
    6 2054  147 20970.6    12.7    16.7    1.26     4.7     1.2
    6 2054  148 18850.0    11.6    16.3    1.21     6.2     0.0
    6 2054  149 20800.0     8.2    15.1    0.98     5.2    12.4
    6 2054  150 18890.0     7.8    13.3    0.94     5.3     2.9
    6 2054  151  7290.0     9.5    13.0    1.06     5.8     1.5
    6 2054  152 23069.8     8.4    13.5    0.96     5.6     0.8
    6 2054  153 24390.0     4.1    17.4    0.72     2.3     0.0
    6 2054  154 21020.0    10.3    21.1    1.11     3.8     0.0
    6 2054  155 24670.0     9.8    16.2    1.01     3.8     0.0
    6 2054  156 18520.0     8.7    15.1    0.97     4.3     0.0
    6 2054  157 29590.0     7.3    17.3    0.91     3.2     0.0
    6 2054  158 22700.0     6.5    19.8    0.88     2.0     0.0
    6 2054  159 29490.0     7.4    22.7    0.88     2.1     0.0
    6 2054  160 28170.0     9.7    24.8    1.03     2.9     0.0
    6 2054  161 28890.0    11.6    29.1    1.07     3.5     0.0
    6 2054  162 29320.0    14.3    31.3    1.25     3.4     0.0
    6 2054  163 30130.0    17.1    31.1    1.41     3.6     0.0
    6 2054  164 27960.0    15.2    31.8    1.41     2.5     0.0
    6 2054  165 23069.8    13.8    19.6    1.38     5.0     1.6
    6 2054  166 23069.8    12.7    15.9    1.28     3.0     1.5
    6 2054  167 11540.0    12.3    17.6    1.26     2.8     0.0
    6 2054  168 27540.0    11.9    22.8    1.19     2.3     0.0
    6 2054  169 22530.0    11.1    29.4    1.12     2.6     0.0
    6 2054  170 22470.0    14.0    25.8    1.37     4.5     0.0
    6 2054  171 17500.0    14.3    23.2    1.41     4.6     0.0
    6 2054  172 23069.8    13.1    21.0    1.32     6.9     0.5
    6 2054  173 12900.0    12.7    19.7    1.27     6.0     0.0
    6 2054  174 20850.0     9.2    20.7    1.02     2.8     0.0
    6 2054  175 23850.0    10.6    26.7    1.07     2.2     0.0
    6 2054  176  9340.0    12.7    24.0    1.39     3.2     9.9
    6 2054  177  4790.0    14.3    19.5    1.57     4.7     0.0
    6 2054  178 14630.0    12.0    18.6    1.29     3.3     0.0
    6 2054  179 20570.0     8.7    19.7    1.01     2.4     0.0
    6 2054  180 28700.0     8.8    22.7    1.00     3.7     0.0
    6 2054  181 27380.0    10.8    27.0    1.15     3.3     0.0
    6 2054  182 28950.0    13.4    28.6    1.28     3.8     0.0
    6 2054  183 28350.0    14.1    30.9    1.29     3.3     0.0
    6 2054  184 29060.0    14.5    30.6    1.32     3.1     0.0
    6 2054  185 26980.0    14.6    33.3    1.34     2.2     0.0
    6 2054  186 20420.0    18.2    30.2    1.81     2.8     0.0
    6 2054  187 21280.0    18.9    26.8    1.99     2.4    30.2
    6 2054  188 18600.0    16.6    24.4    1.74     3.5     0.0
    6 2054  189 19870.0    15.1    23.8    1.50     3.3     0.0
    6 2054  190 15250.0    15.8    26.5    1.57     5.3     0.0
    6 2054  191 20380.0    16.0    25.6    1.58     2.7     0.0
    6 2054  192 21330.6    12.9    23.5    1.33     2.8     3.3
    6 2054  193 28800.0    10.5    24.3    1.14     2.3     0.0
    6 2054  194 27750.0    11.8    26.3    1.22     3.5     0.0
    6 2054  195 28710.0    10.6    22.6    1.09     5.5     0.0
    6 2054  196 28620.0     9.4    26.6    1.02     4.1     0.0
    6 2054  197 28490.0    12.5    29.6    1.19     3.9     0.0
    6 2054  198 28150.0    13.0    31.6    1.21     3.0     0.0
    6 2054  199 27620.0    14.4    31.9    1.37     3.3     0.0
    6 2054  200 26310.0    16.1    35.3    1.49     3.3     0.0
    6 2054  201 21420.0    19.4    31.3    1.89     3.8     0.0
    6 2054  202 25430.0    18.0    30.1    1.82     2.5     0.0
    6 2054  203 13700.0    17.6    30.8    1.87     3.0    10.6
    6 2054  204 19070.0    17.2    28.2    1.82     2.5     0.0
    6 2054  205 21490.0    15.7    28.8    1.63     2.1     0.0
    6 2054  206 25050.0    17.2    31.3    1.69     3.6     0.0
    6 2054  207 24120.0    18.3    33.4    1.77     3.2     0.0
    6 2054  208 13560.0    17.0    29.1    1.72     1.6     0.0
    6 2054  209 16390.0    18.5    27.8    1.96     2.0    34.0
    6 2054  210 17540.0    17.4    28.2    1.82     2.3     0.0
    6 2054  211 21330.6    16.0    29.0    1.63     3.1     0.0
    6 2054  212 15910.0    14.7    24.8    1.50     4.0     0.0
    6 2054  213 12630.0    15.7    22.6    1.64     5.3    12.7
    6 2054  214 10040.0    13.9    19.2    1.52     4.8    36.7
    6 2054  215  7750.0    13.0    19.3    1.46     2.6    14.2
    6 2054  216 15720.0    16.7    22.5    1.79     5.9    13.9
    6 2054  217 22770.0    18.0    25.1    1.91     4.4     0.0
    6 2054  218 22890.0    14.7    24.8    1.53     4.0     0.0
    6 2054  219 16380.0    12.6    24.8    1.34     3.9     0.0
    6 2054  220 11990.0    12.6    20.9    1.30     4.3     0.3
    6 2054  221 17994.1    10.2    20.6    1.11     3.7     0.9
    6 2054  222 10560.0    10.4    18.6    1.20     3.9     5.9
    6 2054  223  9820.0    11.6    17.4    1.33     3.3    16.0
    6 2054  224  9940.0     9.4    19.0    1.14     1.8     7.6
    6 2054  225 22590.0     8.8    22.2    1.03     2.6     0.0
    6 2054  226  8280.0    12.6    21.5    1.40     5.4    13.1
    6 2054  227 13320.0    15.3    20.9    1.61     4.7     0.0
    6 2054  228 18650.0    13.9    24.6    1.47     2.6     4.3
    6 2054  229 15620.0    14.6    24.5    1.54     2.8     0.0
    6 2054  230 17994.1    17.5    24.3    1.78     3.9     2.0
    6 2054  231 17500.0    15.9    25.5    1.61     4.0     0.1
    6 2054  232  6200.0    15.4    19.7    1.69     4.9    17.7
    6 2054  233 13090.0    14.0    21.8    1.50     4.6    21.3
    6 2054  234 11720.0    11.6    20.4    1.27     4.5     0.3
    6 2054  235 12290.0    11.6    22.0    1.28     2.3     0.0
    6 2054  236  9320.0    15.3    20.9    1.63     2.1     4.7
    6 2054  237 17994.1    12.7    21.3    1.31     2.7     3.3
    6 2054  238 12990.0    10.9    22.1    1.20     2.4     0.1
    6 2054  239 14640.0    11.8    20.5    1.30     4.0    10.0
    6 2054  240  6700.0    13.5    17.6    1.46     4.9    25.3
    6 2054  241 11440.0    10.5    16.8    1.19     3.8    10.1
    6 2054  242 13060.0     9.7    19.1    1.12     3.5    13.6
    6 2054  243  5290.0     9.6    18.8    1.16     4.6     0.1
    6 2054  244 10840.0    14.5    22.9    1.53     4.3     0.0
    6 2054  245  7590.0    13.0    21.0    1.41     5.4     0.1
    6 2054  246  6610.0    17.5    23.7    1.92     7.8     5.1
    6 2054  247 14210.0    11.6    21.4    1.25     5.1     0.0
    6 2054  248  5630.0    11.1    22.9    1.27     2.9     0.0
    6 2054  249 15320.0    17.8    25.7    1.88     3.0     0.0
    6 2054  250 12505.6    14.5    19.5    1.51     4.8     0.8
    6 2054  251 17120.0     9.2    19.3    1.02     3.8     0.0
    6 2054  252 18190.0     7.4    20.6    0.94     3.1     0.0
    6 2054  253 18430.0     8.5    25.1    0.99     2.8     0.0
    6 2054  254 16760.0    11.2    27.1    1.23     1.7     0.0
    6 2054  255 16730.0    12.6    28.6    1.33     2.0     0.0
    6 2054  256 15390.0    15.4    28.2    1.58     2.8     0.0
    6 2054  257 13590.0    17.7    28.2    1.80     2.9     0.0
    6 2054  258 15760.0    16.1    26.3    1.61     4.8     0.0
    6 2054  259 14940.0    15.8    26.4    1.62     3.2     0.0
    6 2054  260  8410.0    13.9    21.7    1.51     2.8     0.0
    6 2054  261  7360.0    15.0    22.3    1.58     2.8     0.0
    6 2054  262 12505.6    11.3    20.5    1.23     4.7     1.8
    6 2054  263 15470.0    11.2    21.6    1.19     4.3     0.0
    6 2054  264 15800.0    12.4    25.9    1.25     3.9     0.0
    6 2054  265 13660.0    17.5    27.9    1.69     4.5     0.1
    6 2054  266  6080.0    14.8    24.1    1.57     2.5     0.0
    6 2054  267  6830.0    16.9    25.3    1.78     2.3     0.0
    6 2054  268  7380.0    15.1    23.2    1.63     3.4     0.0
    6 2054  269 12505.6    13.5    20.2    1.42     4.4     0.5
    6 2054  270 10120.0    10.4    21.6    1.20     2.8     0.0
    6 2054  271  8470.0    13.6    22.4    1.45     3.4     0.0
    6 2054  272  8890.0    15.2    23.2    1.59     4.2     0.0
    6 2054  273 11000.0    11.0    22.4    1.18     3.4     0.0
    6 2054  274  5770.0    11.1    21.1    1.24     4.5    12.0
    6 2054  275  8900.0    14.0    18.4    1.51     8.4     4.6
    6 2054  276  7040.0    12.4    18.3    1.36     4.6     1.7
    6 2054  277  9060.0    10.1    18.2    1.17     3.8     2.2
    6 2054  278  8620.0    10.9    18.0    1.24     6.9     5.6
    6 2054  279  2010.0    14.9    17.6    1.64     8.8     5.7
    6 2054  280  9070.0    11.6    16.9    1.26     6.4     2.6
    6 2054  281  6110.0     9.0    17.1    1.08     4.0     0.0
    6 2054  282  9460.0     9.1    19.8    1.07     2.8     0.0
    6 2054  283  4360.0    12.8    19.4    1.43     2.2     0.1
    6 2054  284 10410.0    12.5    20.7    1.35     3.0     0.0
    6 2054  285  3830.0    10.8    19.9    1.26     2.5     0.0
    6 2054  286  3760.0     7.2    17.6    0.98     1.8     0.0
    6 2054  287  6380.0     9.5    17.1    1.10     4.1     0.0
    6 2054  288  6410.0     7.9    15.1    1.01     5.1     0.0
    6 2054  289 10310.0     5.3    17.7    0.81     3.5     0.0
    6 2054  290  9650.0     7.8    17.8    0.96     3.0     0.0
    6 2054  291  3730.0    10.8    17.3    1.22     2.7     0.0
    6 2054  292  4410.0    13.1    17.2    1.42     3.6     1.1
    6 2054  293  4020.0    14.3    17.7    1.52     4.9     0.0
    6 2054  294  5500.0    14.1    17.8    1.51     6.1     0.6
    6 2054  295  4190.0    12.8    17.5    1.39     6.6     5.7
    6 2054  296  5880.0    12.2    19.7    1.35     5.8    19.9
    6 2054  297  4050.0     9.5    16.3    1.13     5.0     5.6
    6 2054  298  4860.0     8.2    14.6    1.04     4.3     1.7
    6 2054  299  4720.0    14.4    21.6    1.48     7.0     0.0
    6 2054  300  7520.0     8.2    16.3    0.98     4.8     0.0
    6 2054  301  2560.0     7.5    17.1    1.00     4.8     1.0
    6 2054  302  4510.0    10.6    17.0    1.17     5.0     0.0
    6 2054  303  4180.0     8.7    15.1    1.05     4.7     0.0
    6 2054  304  2720.0     9.5    16.8    1.08     8.0     1.7
    6 2054  305  5810.0     1.0    11.9    0.52     8.3     0.4
    6 2054  306  5380.0     3.1    10.1    0.71     2.8     9.4
    6 2054  307  3910.0     1.4    11.5    0.65     2.0     0.4
    6 2054  308  3520.0     4.7    12.6    0.80     3.6     0.0
    6 2054  309  1880.0    11.3    13.4    1.24     4.6     0.0
    6 2054  310  2240.0    10.4    13.7    1.17     4.0     0.0
    6 2054  311  4040.0     4.0    11.0    0.77     3.8     0.0
    6 2054  312  2160.0     2.4    14.0    0.70     5.6     2.4
    6 2054  313  5220.0     6.9    13.0    0.89     4.8     0.1
    6 2054  314  3640.0     1.7    10.9    0.65     3.7     0.0
    6 2054  315  2960.0     6.7    13.4    0.90     7.7    10.1
    6 2054  316  3070.0     6.1    10.3    0.86     5.6     1.9
    6 2054  317  2110.0     7.6    15.4    0.98     6.8     1.6
    6 2054  318  1710.0    10.8    14.0    1.22     5.6     3.3
    6 2054  319  2360.0    11.3    15.7    1.26     5.9     0.6
    6 2054  320  2370.0    11.8    17.4    1.27     7.1     5.5
    6 2054  321  4580.0     9.8    14.1    1.12     4.9     0.0
    6 2054  322  3760.0     4.5    11.8    0.78     4.8     0.9
    6 2054  323  1550.0     3.8     8.2    0.77     3.4     0.0
    6 2054  324   380.0     6.5    10.4    0.92     8.5     3.8
    6 2054  325  2760.0     4.3    10.4    0.79     5.0     4.2
    6 2054  326  3070.0     4.3     9.3    0.80     6.4     4.3
    6 2054  327   700.0     8.1    13.9    1.03     7.7     7.7
    6 2054  328  3420.0     8.4    13.4    1.04     6.1     0.3
    6 2054  329  1240.0    10.9    18.4    1.17     8.5     2.3
    6 2054  330  3700.0     8.6    13.5    1.04     5.1     0.0
    6 2054  331  3440.0     6.5    14.6    0.91     4.1     0.0
    6 2054  332  3250.0     9.2    14.9    1.09     4.6     0.0
    6 2054  333  3440.0     6.8    12.7    0.94     4.5     0.0
    6 2054  334  1910.0     5.0     7.9    0.85     4.2     0.0
    6 2054  335  1800.0     7.2    10.8    0.93     6.5     0.0
    6 2054  336   630.0     8.2    11.5    1.03     5.9     6.0
    6 2054  337  1140.0     7.9    12.0    1.00     9.1     3.1
    6 2054  338  2850.0     7.6    14.1    0.97     8.7     3.7
    6 2054  339   650.0    10.8    15.4    1.20    10.6     1.9
    6 2054  340  1170.0     7.3    11.7    0.95     8.7     2.5
    6 2054  341   260.0     7.0    11.0    0.93    10.7    12.6
    6 2054  342   640.0     8.4    11.9    1.04     6.8    11.6
    6 2054  343  2640.0     1.9    10.6    0.67     3.5     0.4
    6 2054  344  3540.0     1.9     8.3    0.67     5.4     0.3
    6 2054  345   200.0     5.8    10.0    0.88     9.3     8.6
    6 2054  346  3220.0     3.4     9.7    0.74     7.0     2.2
    6 2054  347  1340.0     9.3    12.4    1.11     7.8     0.3
    6 2054  348  2080.0     9.8    12.4    1.13     9.8     0.0
    6 2054  349  1040.0     6.0    10.0    0.88     7.6     0.0
    6 2054  350   910.0     2.5     8.3    0.69     4.9     4.5
    6 2054  351  2240.0     2.8     8.8    0.71     4.5     1.5
    6 2054  352  3390.0    -0.9     9.6    0.56     1.0     0.0
    6 2054  353  2990.0    -0.9     8.0    0.56     1.1     0.0
    6 2054  354   570.0    -0.9     7.3    0.55     1.8     0.0
    6 2054  355   330.0     6.1     7.9    0.90     1.0     0.0
    6 2054  356  1190.0     5.4     8.4    0.85     1.1     0.0
    6 2054  357   610.0     3.5     5.9    0.75     3.3     0.0
    6 2054  358   490.0     3.6     6.6    0.77     3.6     0.0
    6 2054  359   480.0     5.6     7.7    0.87     1.8     0.0
    6 2054  360   440.0     1.9     6.9    0.69     2.2     0.0
    6 2054  361   230.0     0.9     2.3    0.63     3.4     0.0
    6 2054  362   450.0     2.0     8.1    0.69     4.8     0.9
    6 2054  363  2620.0     5.1     8.5    0.81     5.6     0.0
    6 2054  364   750.0     7.6    12.2    0.96    10.6     7.1
    6 2054  365  1510.0     7.2    12.7    0.94     9.6    14.2
