*---------------------------------------------------------------------------*
* Station name: Lelystad, Netherlands, KNMI G+-scenario for period around 2050 
* Year: 2046
* Author: Joost Wolf and Janette Bessembinder            -99.000: NIL VALUE
* Comments: vapour pressure calculated from minimum temperature and 
* relative humidity
* Longitude: 5 38 E, latitude: 52 34 N, altitude: -4 m.
*
* Column  Daily value
* 1       station number
* 2       year
* 3       day
* 4       irradiation                   (kJ m-2 d-1)
* 5       minimum temperature           (degrees Celsius)
* 6       maximum temperature           (degrees Celsius)
* 7       early morning vapour pressure (kPa)
* 8       mean wind speed (height: 2 m) (m s-1)
* 9       precipitation                 (mm d-1)
*
** WCCDESCRIPTION=Netherlands, Lelystad, G+-scenario
** WCCFORMAT=2
** WCCYEARNR=2046
*---------------------------------------------------------------------------*
   5.63  52.57    -4.  -0.18 -0.55
    7 2046    1  2430.0     3.5     8.8    0.76     5.9     0.4
    7 2046    2   910.0     6.7    10.4    0.94     8.4    10.9
    7 2046    3   360.0     5.5    12.0    0.84     9.4    15.3
    7 2046    4  1560.0     5.4     9.3    0.83     9.5     9.1
    7 2046    5   740.0     4.7     8.5    0.79     9.6    10.9
    7 2046    6  2450.0     5.3     8.7    0.83     5.9     1.0
    7 2046    7  1620.0     7.4    11.7    0.97     7.8    10.0
    7 2046    8   900.0     7.7    12.7    0.97     8.8     3.8
    7 2046    9  2240.0     8.6    13.1    1.07     6.4     0.0
    7 2046   10  3870.0     4.7    11.9    0.80     4.2     0.0
    7 2046   11  3840.0     2.8    10.6    0.70     3.8     0.0
    7 2046   12  2660.0     4.9    10.8    0.83     3.8     0.0
    7 2046   13  3040.0     4.8    11.1    0.80     4.4     0.0
    7 2046   14   540.0     5.3    11.3    0.82     8.2     1.3
    7 2046   15   950.0     4.5    10.4    0.81     7.5     0.5
    7 2046   16  1730.0     6.3     9.1    0.93     5.5     1.1
    7 2046   17  2210.0     2.9     8.7    0.72     5.7     0.3
    7 2046   18   880.0     4.3     8.0    0.77     9.2     4.5
    7 2046   19  1450.0     3.0     8.3    0.72     8.3     8.3
    7 2046   20   750.0     2.0     6.4    0.66     7.3     2.0
    7 2046   21  3410.0    -1.6     2.7    0.49     2.4     0.0
    7 2046   22  2930.0    -2.5     2.0    0.47     2.6     0.0
    7 2046   23   570.0    -2.0     3.1    0.52     2.9     0.0
    7 2046   24  3340.0     2.5     5.6    0.68     6.5     0.0
    7 2046   25  4410.0    -0.3     4.3    0.56     6.9     0.0
    7 2046   26  7320.0    -2.8     3.1    0.47     2.5     0.0
    7 2046   27  2260.0    -4.4     2.3    0.43     1.2     0.0
    7 2046   28   910.0     1.8     5.8    0.68     2.3     1.0
    7 2046   29  3000.0     0.7     6.8    0.64     1.4     0.1
    7 2046   30  2030.0     1.5     7.9    0.67     3.8     1.3
    7 2046   31  6640.0    -3.9     5.5    0.39     5.5     0.0
    7 2046   32  4970.0    -8.1    -0.2    0.28     2.4     0.0
    7 2046   33  2730.0    -8.5     5.8    0.31     4.2     2.1
    7 2046   34  6330.0     0.1     5.6    0.58     3.3     0.1
    7 2046   35  6250.0     0.4     6.7    0.60     4.7     0.0
    7 2046   36  5100.0     1.7    10.0    0.68     3.5     0.0
    7 2046   37  1540.0     4.8     7.9    0.80     4.4     0.0
    7 2046   38  2630.0     1.6     7.8    0.64     5.3     1.3
    7 2046   39  5270.0     1.3     8.0    0.65     4.5     0.0
    7 2046   40  7490.0     3.7    11.7    0.71     5.1     0.0
    7 2046   41  4880.0     3.3    10.9    0.73     4.2     0.0
    7 2046   42  5100.0     4.9    11.8    0.80     6.4     0.0
    7 2046   43  3460.0     8.6    13.6    1.06     6.1     0.0
    7 2046   44  6420.0     7.4    15.6    0.97     3.8     0.0
    7 2046   45  7370.0     4.1    16.1    0.77     3.4     0.0
    7 2046   46  5120.0     7.8    16.3    0.95     4.4     0.0
    7 2046   47  4570.0     7.8    12.9    0.97     7.6     0.5
    7 2046   48  3910.0     3.9     9.2    0.75     3.7     0.0
    7 2046   49  8450.0     2.8    13.1    0.69     3.4     0.0
    7 2046   50  5210.0     3.3    11.7    0.73     4.0     0.0
    7 2046   51  7260.0     9.3    14.8    1.08     5.1     0.0
    7 2046   52  2940.0     7.7    13.0    0.99     5.3     2.4
    7 2046   53  3890.0     3.6    10.5    0.76     3.5     0.0
    7 2046   54  7000.0     1.1    11.5    0.64     4.4     1.1
    7 2046   55  4220.0     7.0    12.1    0.97     3.8     0.0
    7 2046   56  3030.0     3.3    11.9    0.75     1.6     0.0
    7 2046   57  1900.0     7.9    10.1    1.00     4.5     0.0
    7 2046   58  1900.0     7.9    10.6    0.95     9.0     0.1
    7 2046   59  8210.0     2.1     9.1    0.64     7.3    10.6
    7 2046   60  5690.0     2.2     7.4    0.69     4.9     2.1
    7 2046   61  6890.0     4.4    10.7    0.78     6.9     2.8
    7 2046   62   760.0     8.4    14.6    1.07     9.8    15.4
    7 2046   63  1900.0     5.5    15.0    0.84     8.5    15.6
    7 2046   64  5940.0     4.8     8.5    0.80     7.9     9.6
    7 2046   65  1300.0     4.6    11.2    0.83     3.9    29.1
    7 2046   66  3890.0     8.6    13.0    1.05     8.3    20.0
    7 2046   67  5170.0     0.8     9.3    0.59     5.7     1.2
    7 2046   68 12240.0     0.1     8.7    0.56     3.7     0.5
    7 2046   69 11270.0     1.6     9.8    0.60     4.9     0.0
    7 2046   70  2630.0     1.9     6.8    0.68     6.3     6.8
    7 2046   71  9490.0     1.9     8.2    0.63     4.4     0.0
    7 2046   72  3200.0     1.1     9.5    0.64     4.3     0.7
    7 2046   73  6930.0     7.3    10.9    1.00     5.5     0.4
    7 2046   74  4150.0     7.8    10.9    1.04     4.5     1.5
    7 2046   75  4580.0     8.3    11.9    1.06     3.0     0.0
    7 2046   76  6360.0     8.9    11.4    1.09     3.7     0.0
    7 2046   77  9440.0     5.7    12.2    0.86     4.9     0.0
    7 2046   78 12870.0     5.0    10.3    0.80     4.1     0.8
    7 2046   79  4330.0     6.5     9.5    0.93     4.8     1.4
    7 2046   80 12490.0     2.4    10.4    0.66     2.6     0.0
    7 2046   81  5180.0     5.3    10.2    0.85     4.5     3.4
    7 2046   82  7340.0     0.3     8.1    0.56     5.8     0.0
    7 2046   83 15240.0    -1.4    10.8    0.45     2.4     0.0
    7 2046   84 15440.0     2.5    13.2    0.57     4.2     0.0
    7 2046   85  7060.0     3.1    11.9    0.66     7.0     2.9
    7 2046   86  4600.0     9.5    14.2    1.17     4.4     1.0
    7 2046   87  5130.0     9.9    14.9    1.18     3.4     0.0
    7 2046   88 11890.0     8.8    21.9    1.00     2.8     0.0
    7 2046   89 11990.0    11.8    21.5    1.19     4.0     0.0
    7 2046   90  8070.0     7.8    15.8    1.00     2.5     0.0
    7 2046   91  5540.0     5.7    13.8    0.89     2.3     1.1
    7 2046   92  6640.0     9.9    14.8    1.19     2.4     1.9
    7 2046   93  4100.0     8.3    14.6    1.03     5.8    12.2
    7 2046   94  7040.0     8.3    14.1    1.02     7.6    14.5
    7 2046   95 11880.0     8.4    14.2    1.01     6.7     4.9
    7 2046   96 10660.0     8.0    14.7    1.00     4.7     2.2
    7 2046   97 11450.0     4.4    14.3    0.79     3.2     3.1
    7 2046   98 11450.0     6.5    12.4    0.90     3.5     0.9
    7 2046   99 10780.0     4.5    13.2    0.81     2.8     0.5
    7 2046  100  8090.0     5.1    12.5    0.83     2.0     0.9
    7 2046  101 14040.0     6.1    12.4    0.88     4.4     0.7
    7 2046  102 16620.0     4.6    10.8    0.73     6.1     0.0
    7 2046  103  9920.0     1.7     9.0    0.66     6.0     9.2
    7 2046  104  9530.0     1.7     9.7    0.66     4.7     1.0
    7 2046  105  4410.0     4.6     9.7    0.81     4.6     9.8
    7 2046  106 13320.0     2.6    11.2    0.68     4.8     1.0
    7 2046  107 11940.0     4.7    15.3    0.74     3.5     0.0
    7 2046  108  6480.0     8.2    12.4    1.03     2.3     1.7
    7 2046  109 10540.0     5.7    13.5    0.85     2.1     0.9
    7 2046  110  4380.0     8.4    13.6    1.05     4.3     9.7
    7 2046  111 14810.0     7.7    15.7    0.96     2.9     0.0
    7 2046  112 20050.0     9.4    21.5    1.00     4.2     0.0
    7 2046  113 19570.0     8.8    23.7    0.97     3.9     0.5
    7 2046  114  8030.0    11.7    15.4    1.30     5.4     4.0
    7 2046  115  6500.0    10.2    15.7    1.20     4.7    11.3
    7 2046  116 11380.0     9.3    15.3    1.09     2.9     0.1
    7 2046  117 10460.0     7.5    16.0    0.98     2.0     6.5
    7 2046  118 13320.0     9.0    15.8    1.07     2.1     0.1
    7 2046  119 21810.0     5.9    18.2    0.86     4.0     0.0
    7 2046  120  9320.0    10.9    16.7    1.24     3.1     0.0
    7 2046  121  8570.0    10.7    15.9    1.26     3.4     0.0
    7 2046  122 20970.6     9.8    14.1    1.04     5.6     1.2
    7 2046  123 10030.0     8.8    13.0    1.01     5.4     0.0
    7 2046  124 22350.0     8.4    13.5    0.96     4.1     0.0
    7 2046  125 12700.0     8.7    15.5    1.04     4.5     0.8
    7 2046  126  6680.0    10.8    15.3    1.23     7.1     3.2
    7 2046  127  7730.0    12.0    16.3    1.25     6.5     0.0
    7 2046  128 24250.0     9.9    25.3    1.01     3.8     0.0
    7 2046  129 22270.0    11.1    28.0    1.13     3.3     0.0
    7 2046  130 24270.0    11.1    30.8    1.12     3.2     0.0
    7 2046  131 22080.0    13.4    32.7    1.24     2.8     0.0
    7 2046  132 23660.0    15.1    33.8    1.37     3.0     0.0
    7 2046  133 24850.0    16.8    29.2    1.60     6.2     0.0
    7 2046  134 27630.0    13.3    27.0    1.15     6.0     0.0
    7 2046  135 27810.0     9.6    26.7    0.90     5.2     0.0
    7 2046  136 27980.0    11.3    23.6    1.04     5.6     0.0
    7 2046  137 27730.0     8.2    23.7    0.89     4.0     0.0
    7 2046  138 26820.0    11.0    25.1    1.11     3.5     0.0
    7 2046  139 27220.0    11.3    22.2    1.16     3.9     0.0
    7 2046  140 16030.0    11.0    19.6    1.16     3.3     0.0
    7 2046  141  9380.0    10.9    16.6    1.12     4.1     0.2
    7 2046  142 20970.6     9.5    14.9    1.02     4.6     1.1
    7 2046  143  7640.0     8.7    14.4    1.03     3.6     2.0
    7 2046  144  9370.0    11.8    16.3    1.33     3.8     2.7
    7 2046  145 14190.0    12.2    19.8    1.33     3.3     3.7
    7 2046  146 12060.0    12.0    17.5    1.32     2.9     3.5
    7 2046  147 13410.0    10.5    18.7    1.21     2.0     5.0
    7 2046  148 16510.0     9.8    23.1    1.13     2.8    11.4
    7 2046  149 13720.0    13.9    19.9    1.51     2.9    15.3
    7 2046  150 10320.0    13.6    18.5    1.48     1.9     0.1
    7 2046  151 17910.0    11.6    20.5    1.26     2.9     0.0
    7 2046  152 24390.0    11.6    22.0    1.19     3.2     0.0
    7 2046  153 17360.0    13.9    24.4    1.42     4.0     7.2
    7 2046  154 18660.0    13.5    21.0    1.41     5.0     4.2
    7 2046  155 13000.0    10.2    17.8    1.15     4.0     0.0
    7 2046  156 11670.0     8.6    17.3    1.05     5.3    10.6
    7 2046  157 13340.0    15.3    26.9    1.68     2.4    30.0
    7 2046  158 10650.0    13.9    20.1    1.48     3.9     6.2
    7 2046  159 13550.0    14.1    19.8    1.45     5.7     0.4
    7 2046  160  3490.0    15.7    18.9    1.75     6.2    14.6
    7 2046  161 20650.0    11.0    20.4    1.19     5.3     3.9
    7 2046  162 11890.0     9.1    19.8    1.11     3.0    37.0
    7 2046  163 13440.0     6.9    15.4    0.91     5.3     0.0
    7 2046  164 23190.0     5.9    18.7    0.80     3.9     0.0
    7 2046  165 10110.0    12.6    17.4    1.39     4.4     3.7
    7 2046  166 18270.0    12.1    21.1    1.34     2.6     3.2
    7 2046  167 23069.8    12.5    17.6    1.27     4.1     2.9
    7 2046  168 25840.0    12.6    19.2    1.28     4.8     0.0
    7 2046  169  8760.0    13.4    17.7    1.50     3.4     7.4
    7 2046  170 13780.0    14.6    22.8    1.60     2.8     0.2
    7 2046  171 25460.0    13.0    28.9    1.35     2.0     0.0
    7 2046  172 26210.0    19.2    31.0    2.00     4.0     0.2
    7 2046  173 26320.0    14.8    20.9    1.50     4.9     0.0
    7 2046  174 23069.8    14.5    19.7    1.44     4.4     2.3
    7 2046  175 23069.8    17.7    24.1    1.77     3.1     0.9
    7 2046  176 14710.0    12.9    26.1    1.37     4.6     6.4
    7 2046  177 18640.0    11.4    23.3    1.23     2.8     0.0
    7 2046  178 13520.0    13.7    22.6    1.44     4.5     9.1
    7 2046  179 24970.0    13.6    20.5    1.42     5.0     5.8
    7 2046  180 14540.0    13.8    19.7    1.47     4.4     5.6
    7 2046  181 11740.0    14.0    19.3    1.52     4.2     5.6
    7 2046  182 21330.6    12.8    19.8    1.32     4.2     0.4
    7 2046  183 11030.0    14.0    18.5    1.48     2.3     0.0
    7 2046  184 11800.0    14.0    17.9    1.44     3.8     0.0
    7 2046  185 11570.0    14.5    20.5    1.54     3.8     0.0
    7 2046  186 21330.6    15.6    19.3    1.58     4.4     1.3
    7 2046  187 18750.0    11.9    19.7    1.28     3.9     0.0
    7 2046  188 21330.6    12.3    17.0    1.28     6.0     0.6
    7 2046  189 16530.0    12.0    18.6    1.26     5.4     0.1
    7 2046  190 21330.6    14.9    18.6    1.51     3.8     1.2
    7 2046  191 21330.6    14.3    21.9    1.46     2.9     0.3
    7 2046  192 21330.6    15.3    20.4    1.55     5.5     3.1
    7 2046  193  4750.0    14.7    19.3    1.64     6.0    11.3
    7 2046  194 21330.6    12.1    19.6    1.26     5.4     1.7
    7 2046  195 21330.6    12.0    17.9    1.25     5.4     0.4
    7 2046  196 17420.0    13.5    19.8    1.44     4.1     0.0
    7 2046  197 21330.6     9.9    19.5    1.09     3.1     3.1
    7 2046  198 13660.0     8.7    21.2    1.07     4.2     4.7
    7 2046  199 21330.6    12.7    20.5    1.31     4.7     0.8
    7 2046  200 19360.0    12.2    22.8    1.31     2.8     0.0
    7 2046  201 24240.0    12.8    31.4    1.33     2.4     0.3
    7 2046  202 21330.6    14.4    24.3    1.47     5.0     1.2
    7 2046  203 24680.0    13.0    23.8    1.32     4.0     0.0
    7 2046  204 14710.0    16.4    23.9    1.67     4.3     0.0
    7 2046  205 20920.0    11.1    21.2    1.20     2.9     0.0
    7 2046  206 26040.0     9.9    21.4    1.09     2.4     0.0
    7 2046  207 24200.0     8.6    23.6    0.99     1.6     0.0
    7 2046  208 15210.0    11.9    25.8    1.26     1.6     0.0
    7 2046  209 11840.0    13.2    21.5    1.43     2.8     9.0
    7 2046  210  7380.0    14.1    20.4    1.57     4.5     3.5
    7 2046  211 14320.0    14.3    20.7    1.54     5.2    12.5
    7 2046  212 11230.0    12.8    19.6    1.42     4.3     0.0
    7 2046  213 15910.0    12.7    20.7    1.37     2.2     0.0
    7 2046  214 17560.0    11.2    20.8    1.23     2.5     0.0
    7 2046  215 20860.0     9.2    23.6    1.05     3.9     0.0
    7 2046  216 20400.0    15.7    20.6    1.63     4.8     4.3
    7 2046  217 12240.0    10.7    20.2    1.20     3.9     0.0
    7 2046  218 24270.0    10.3    25.4    1.10     3.5     0.0
    7 2046  219 22820.0    14.7    24.8    1.56     2.3     0.0
    7 2046  220 24600.0    14.8    26.7    1.54     3.0     0.0
    7 2046  221 23610.0    14.5    24.7    1.47     4.0     0.0
    7 2046  222 23750.0    13.4    31.1    1.37     3.1     0.0
    7 2046  223 22270.0    16.9    29.8    1.76     2.5     0.0
    7 2046  224 20060.0    14.6    28.7    1.51     3.0     0.0
    7 2046  225 16650.0    14.0    20.5    1.42     4.4     0.0
    7 2046  226 10070.0    13.2    24.2    1.42     3.0     0.0
    7 2046  227 10160.0     9.4    23.3    1.11     3.3     0.0
    7 2046  228 17760.0     8.4    22.4    1.00     2.0     0.0
    7 2046  229 18510.0    14.4    24.5    1.47     3.5     0.0
    7 2046  230 18360.0    12.3    22.9    1.31     2.9     0.0
    7 2046  231 20850.0    10.6    21.5    1.16     1.3     0.2
    7 2046  232 15950.0    10.3    23.5    1.14     4.8     0.0
    7 2046  233 17994.1    14.4    19.4    1.46     6.8     0.0
    7 2046  234 12530.0    13.4    18.4    1.40     5.0     6.2
    7 2046  235 11590.0     9.9    19.5    1.12     5.3    11.5
    7 2046  236 17994.1    14.1    18.2    1.43     6.8     0.0
    7 2046  237 10290.0    12.4    18.4    1.29     3.2     0.0
    7 2046  238  4990.0    11.1    15.5    1.27     3.6    26.4
    7 2046  239 17994.1    10.3    16.8    1.12     5.5     0.9
    7 2046  240  8620.0    12.0    15.6    1.25     5.3     0.2
    7 2046  241 12170.0    11.7    18.0    1.25     2.5     0.1
    7 2046  242 17994.1     9.0    19.2    1.02     2.1     1.6
    7 2046  243 19370.0     9.0    20.7    1.06     3.0     0.0
    7 2046  244  7770.0    12.3    20.4    1.33     3.9     2.8
    7 2046  245  6420.0    14.5    20.2    1.60     2.8     4.8
    7 2046  246  3100.0    17.4    21.4    1.97     3.5     9.9
    7 2046  247  9660.0    16.1    21.8    1.75     2.4     0.3
    7 2046  248  7260.0    14.7    21.6    1.61     3.7     3.7
    7 2046  249 12505.6    14.1    22.1    1.47     1.8     1.0
    7 2046  250 12505.6    14.4    22.6    1.50     3.3     2.4
    7 2046  251  7970.0    16.8    21.6    1.85     5.6     3.8
    7 2046  252  4880.0    16.1    21.9    1.76     6.7     3.6
    7 2046  253 12310.0    15.6    22.9    1.65     6.6     2.7
    7 2046  254  9710.0    11.9    19.2    1.33     4.9     2.7
    7 2046  255  5100.0     8.7    15.1    1.10     1.9     7.3
    7 2046  256  5500.0     5.1    12.3    0.86     3.5     8.2
    7 2046  257  3120.0     4.5    15.0    0.83     6.4    42.3
    7 2046  258  9650.0    12.4    17.6    1.37     6.5     4.0
    7 2046  259  8450.0    12.0    16.9    1.30     6.3     7.8
    7 2046  260  6000.0    12.8    16.5    1.40     6.9     2.8
    7 2046  261 11260.0     7.9    20.2    1.00     2.4     0.4
    7 2046  262  9340.0    15.4    22.3    1.71     2.7     2.9
    7 2046  263  8530.0    12.7    20.9    1.44     2.9     0.0
    7 2046  264 14260.0    12.3    21.3    1.36     3.4     0.0
    7 2046  265 12820.0    10.9    19.8    1.24     4.5     0.0
    7 2046  266 10930.0     9.1    18.9    1.13     3.9     0.0
    7 2046  267 13320.0     9.5    21.9    1.12     3.0     0.0
    7 2046  268  9840.0    13.4    24.4    1.44     2.2     0.0
    7 2046  269 10800.0    12.8    24.4    1.40     3.1     0.3
    7 2046  270 10710.0    12.3    22.9    1.36     2.5     0.0
    7 2046  271  8930.0    10.6    19.8    1.25     1.7     0.0
    7 2046  272  6660.0    13.2    20.4    1.47     2.3     0.0
    7 2046  273 12505.6    12.6    17.8    1.34     4.7     2.2
    7 2046  274  2120.0     9.8    14.6    1.20     5.0     0.5
    7 2046  275  7460.0     4.9    10.7    0.80     5.8     0.0
    7 2046  276  1930.0     5.7     7.8    0.89     3.3     1.2
    7 2046  277  2960.0     6.0     8.8    0.93     3.5     1.7
    7 2046  278  2130.0     7.0    10.0    0.98     6.0     0.2
    7 2046  279  9630.0     7.3    12.6    0.95     7.4     0.4
    7 2046  280  1920.0     8.1    10.5    1.06     3.3     1.0
    7 2046  281  1550.0     5.1    11.1    0.87     3.3    18.6
    7 2046  282 10250.0     4.4    14.2    0.82     4.0     3.1
    7 2046  283  5610.0    10.8    15.4    1.26     5.1     4.8
    7 2046  284  2250.0    10.2    14.6    1.21     4.4     5.9
    7 2046  285  5810.0     9.7    14.3    1.12     6.1     9.8
    7 2046  286  5600.0     7.1    14.9    0.98     5.3     1.4
    7 2046  287  1870.0    10.0    18.4    1.21     5.5     0.0
    7 2046  288  7800.0     7.7    15.4    1.00     3.3     0.0
    7 2046  289  7090.0     7.1    16.5    0.96     5.5     0.0
    7 2046  290  2040.0    10.6    16.8    1.22     7.0    12.4
    7 2046  291  8370.0     3.0    12.8    0.69     3.3     0.1
    7 2046  292  6850.0     1.6    12.4    0.66     3.4     1.7
    7 2046  293  6270.0     5.8    11.7    0.86     3.2     2.3
    7 2046  294  1430.0     9.7    15.9    1.16     8.5     3.3
    7 2046  295  3420.0    15.7    18.9    1.71     7.3     0.0
    7 2046  296   790.0    10.9    17.2    1.26     7.3    21.7
    7 2046  297  3450.0     9.7    13.9    1.17     7.2    17.2
    7 2046  298  3950.0     9.3    13.6    1.06     8.8    18.5
    7 2046  299  2980.0     5.9    11.1    0.87     4.5     4.4
    7 2046  300  1080.0     6.7    16.5    0.95     9.2    31.4
    7 2046  301  4380.0    11.0    17.0    1.17     9.6    17.9
    7 2046  302  3260.0     8.5    12.7    0.99     8.0     8.4
    7 2046  303  3940.0     6.1    10.4    0.87     5.1     9.9
    7 2046  304  3510.0     6.5    10.6    0.94     4.1     5.6
    7 2046  305  5920.0     6.4    11.3    0.91     4.8     8.5
    7 2046  306  3800.0     5.3     9.9    0.87     4.0    12.1
    7 2046  307  3360.0     7.7    10.3    1.01     6.7     4.2
    7 2046  308  4080.0     4.6     9.6    0.81     3.4     4.6
    7 2046  309  3230.0     3.5    11.5    0.75     5.8    11.5
    7 2046  310  6020.0     3.4    11.6    0.72     4.8     0.6
    7 2046  311  2950.0     2.2    10.7    0.71     3.1     0.0
    7 2046  312  1100.0     5.0    12.0    0.85     5.1     7.2
    7 2046  313  1360.0     9.5    15.9    1.16     5.0     7.9
    7 2046  314  1760.0     7.7    12.7    1.02     4.0     7.3
    7 2046  315  5930.0     3.6    11.2    0.74     2.8     0.0
    7 2046  316  4250.0     3.5     8.8    0.75     4.0     0.4
    7 2046  317  1210.0     6.6     9.7    0.96     5.0     4.9
    7 2046  318  1070.0     5.9     7.9    0.92     2.2     1.2
    7 2046  319  2540.0     5.6     9.1    0.90     1.5     2.5
    7 2046  320  4770.0     2.9     8.0    0.71     3.0     0.1
    7 2046  321  4500.0     1.6     7.5    0.67     1.5     0.7
    7 2046  322  2190.0     1.0     6.1    0.65     1.9     2.0
    7 2046  323  4960.0    -1.4     4.4    0.53     2.0     0.0
    7 2046  324  6530.0    -2.6     3.1    0.49     1.4     0.0
    7 2046  325  7150.0    -2.9     2.8    0.46     3.0     0.0
    7 2046  326  4690.0    -5.3     0.8    0.37     2.9     0.0
    7 2046  327  5490.0    -6.4     0.3    0.36     1.8     0.0
    7 2046  328  3110.0    -5.6     0.2    0.38     3.2     0.0
    7 2046  329  1220.0     0.1     2.4    0.60     2.5     0.6
    7 2046  330   750.0     2.0     7.9    0.70     4.5     4.7
    7 2046  331  2730.0     3.8     8.7    0.78     3.2     0.1
    7 2046  332  2670.0     2.7     7.1    0.72     4.5     2.4
    7 2046  333   610.0     1.7     4.5    0.68     3.3     0.0
    7 2046  334   340.0     1.6     3.4    0.66     4.9     0.0
    7 2046  335  1480.0    -1.1     2.3    0.54     5.7     0.0
    7 2046  336   950.0    -2.1    -0.5    0.49     5.4     0.0
    7 2046  337   870.0    -1.1     0.3    0.54     2.0     0.0
    7 2046  338  2610.0    -0.1     5.2    0.59     4.0     2.2
    7 2046  339  2460.0    -0.2     3.5    0.58     5.2     4.9
    7 2046  340  3360.0    -1.4     5.3    0.49     4.8     0.3
    7 2046  341  3580.0    -6.4     4.6    0.36     2.2     0.0
    7 2046  342  1470.0    -6.9     2.6    0.36     3.7     0.1
    7 2046  343   570.0     1.9     3.4    0.70     3.8     5.3
    7 2046  344   630.0     2.8     3.9    0.75     2.6     0.0
    7 2046  345   290.0     2.7     7.2    0.74     2.6     0.6
    7 2046  346   400.0     6.4    13.6    0.96     5.2    11.4
    7 2046  347  1650.0     7.8    13.5    0.97     7.9     0.8
    7 2046  348  2060.0     8.3    13.6    1.07     6.1     1.1
    7 2046  349   510.0     7.1    12.6    1.00     4.6    16.4
    7 2046  350  2340.0     5.6    10.0    0.89     4.0     0.0
    7 2046  351  2880.0     4.6     8.6    0.80     4.8     0.0
    7 2046  352   520.0     6.1     8.7    0.93     5.7     1.2
    7 2046  353  1370.0     5.3     9.3    0.85     6.0    14.1
    7 2046  354  3110.0     2.5     7.0    0.69     3.4     1.0
    7 2046  355  3070.0     1.2     5.7    0.64     2.4     0.1
    7 2046  356  1990.0     2.7     7.6    0.72     3.8     0.0
    7 2046  357  1240.0     5.1     7.2    0.83     6.6     0.5
    7 2046  358  2860.0     2.7     7.7    0.70     4.9     3.0
    7 2046  359   350.0     5.3    10.8    0.88     8.9     8.1
    7 2046  360  2100.0     6.6    12.4    0.90     8.7     5.4
    7 2046  361   960.0     6.8    12.8    0.90     7.5     3.8
    7 2046  362   630.0     4.8    10.6    0.82     5.4     2.3
    7 2046  363  2570.0     3.0     7.0    0.72     4.4     0.0
    7 2046  364  3130.0     5.8    10.4    0.85     4.6     0.0
    7 2046  365  1910.0     4.8    10.5    0.77     4.6     0.0
