*---------------------------------------------------------------------------*
* Station name: Lelystad, Netherlands, KNMI G+-scenario for period around 2050 
* Year: 2042
* Author: Joost Wolf and Janette Bessembinder            -99.000: NIL VALUE
* Comments: vapour pressure calculated from minimum temperature and 
* relative humidity
* Longitude: 5 38 E, latitude: 52 34 N, altitude: -4 m.
*
* Column  Daily value
* 1       station number
* 2       year
* 3       day
* 4       irradiation                   (kJ m-2 d-1)
* 5       minimum temperature           (degrees Celsius)
* 6       maximum temperature           (degrees Celsius)
* 7       early morning vapour pressure (kPa)
* 8       mean wind speed (height: 2 m) (m s-1)
* 9       precipitation                 (mm d-1)
*
** WCCDESCRIPTION=Netherlands, Lelystad, G+-scenario
** WCCFORMAT=2
** WCCYEARNR=2042
*---------------------------------------------------------------------------*
   5.63  52.57    -4.  -0.18 -0.55
    7 2042    1  3100.0     2.3     6.5    0.68     3.6     0.0
    7 2042    2   490.0     1.5     8.5    0.65     6.7     6.9
    7 2042    3   900.0     3.7     9.0    0.76     6.2     6.3
    7 2042    4  2140.0     4.8     9.0    0.80     8.7     4.9
    7 2042    5   610.0     4.9     9.5    0.82     7.2     5.6
    7 2042    6  1620.0     4.9     8.8    0.83     5.1     2.3
    7 2042    7  2480.0     4.0     7.2    0.76     6.2     0.0
    7 2042    8  1460.0     2.5     5.4    0.70     4.6     0.0
    7 2042    9  3350.0     1.2     5.7    0.63     4.6     0.0
    7 2042   10  2500.0     1.3     6.6    0.64     4.1     0.0
    7 2042   11  1010.0     1.9     7.3    0.68     4.1     0.2
    7 2042   12   600.0     6.3    13.2    0.93     8.7     8.9
    7 2042   13  2760.0     8.4    12.4    1.00    10.8     1.3
    7 2042   14  1590.0     5.6     9.0    0.83     8.2     3.7
    7 2042   15  1800.0     5.1     7.5    0.85     4.1     1.3
    7 2042   16  2850.0    -1.0     5.4    0.54     2.6     0.3
    7 2042   17  5590.0    -1.9     3.5    0.51     2.1     0.0
    7 2042   18  1760.0     0.9     4.9    0.62     6.7     0.0
    7 2042   19   550.0     1.2     4.9    0.65     5.7     1.5
    7 2042   20  4060.0     0.9     7.9    0.63     4.6     0.0
    7 2042   21   770.0     5.9     7.1    0.91     6.2     0.2
    7 2042   22   700.0     3.7     9.6    0.79     4.6     2.1
    7 2042   23  1680.0     5.0    11.2    0.82     8.7    20.0
    7 2042   24  3090.0     1.9     7.5    0.65     4.1     0.0
    7 2042   25  2420.0     4.3    11.7    0.81     7.7    14.1
    7 2042   26  2930.0     4.8     7.7    0.80     8.2     6.4
    7 2042   27   990.0     4.7    11.3    0.79    11.8    11.3
    7 2042   28  3000.0     1.8     7.2    0.62    12.3     2.3
    7 2042   29  1330.0     3.3     9.3    0.73     6.2     0.1
    7 2042   30  3890.0     6.1     9.8    0.86     9.3     0.4
    7 2042   31  3290.0     5.1     8.1    0.82     4.6     0.0
    7 2042   32  1480.0     5.2     8.3    0.81     7.7     2.0
    7 2042   33  5920.0     0.3     7.5    0.57     3.6     0.0
    7 2042   34  3490.0    -0.2     5.5    0.57     5.7     4.0
    7 2042   35  1030.0     4.6     7.3    0.83     4.1     0.0
    7 2042   36  2120.0     3.6     5.9    0.75     3.6     0.0
    7 2042   37  2030.0     2.5     8.1    0.71     2.1     0.0
    7 2042   38  2360.0     1.9     7.0    0.68     3.1     0.1
    7 2042   39  6240.0     1.4     9.2    0.65     2.6     0.6
    7 2042   40  3620.0     1.4     9.2    0.64     5.7     1.2
    7 2042   41  3430.0     4.3     7.7    0.77     6.2     1.9
    7 2042   42  2350.0     1.0     5.5    0.62     3.6     0.0
    7 2042   43  7230.0     0.3     4.0    0.58     5.7     0.0
    7 2042   44  6190.0    -5.9     1.0    0.33     9.8     0.0
    7 2042   45  7500.0    -6.7    -0.2    0.28    11.3     0.0
    7 2042   46  6930.0    -4.1     3.8    0.33     7.2     0.0
    7 2042   47  8030.0    -5.1     6.5    0.33     3.6     0.0
    7 2042   48  8290.0    -7.2     4.5    0.30     2.6     0.0
    7 2042   49  9310.0    -7.1     4.4    0.30     4.1     0.0
    7 2042   50  9140.0    -7.7     3.5    0.28     3.6     0.0
    7 2042   51  8140.0    -8.5     0.6    0.29     3.6     0.0
    7 2042   52  6440.0    -8.8     0.5    0.29     3.1     0.0
    7 2042   53  1520.0    -8.7    -0.5    0.31     2.6     1.1
    7 2042   54  5350.0    -4.3     2.4    0.41     4.6     0.0
    7 2042   55  4470.0    -1.2     1.1    0.53     4.1     3.5
    7 2042   56  7100.0    -2.0     3.5    0.49     2.1     0.0
    7 2042   57  5970.0     1.6    12.8    0.65     3.6     0.0
    7 2042   58  3800.0     4.8    12.5    0.83     3.1     3.7
    7 2042   59  4780.0     5.3    11.9    0.88     3.1    16.6
    7 2042   60  1830.0     3.4     8.8    0.77     2.6     0.0
    7 2042   61  1400.0     2.7     7.8    0.72     5.1     5.2
    7 2042   62  4080.0     3.1     9.7    0.72     6.7     6.9
    7 2042   63 10020.0     2.1    10.9    0.64     4.6     0.0
    7 2042   64  7570.0     4.5    12.7    0.74     6.2     0.8
    7 2042   65  9110.0     4.8    10.2    0.78     5.7     0.0
    7 2042   66  6120.0     7.7    13.3    1.00     7.2     1.9
    7 2042   67  2600.0     9.8    12.7    1.19     7.7     0.1
    7 2042   68  1370.0     7.7    10.7    1.03     6.2     0.4
    7 2042   69 13450.0     2.9    10.2    0.69     5.1     0.0
    7 2042   70 12600.0     0.9    12.1    0.58     3.6     0.0
    7 2042   71  9170.0     4.5     9.2    0.76     5.1     0.7
    7 2042   72  4170.0     6.4    11.3    0.85    12.3     7.7
    7 2042   73  8520.0     6.5    13.0    0.88     8.7     3.5
    7 2042   74  2550.0     6.3     9.8    0.93     3.6     9.1
    7 2042   75 10920.0     2.4     9.0    0.64     7.7     1.9
    7 2042   76  3980.0     4.2     7.3    0.72     9.8     0.2
    7 2042   77  6600.0     3.6     9.9    0.73     5.7    12.4
    7 2042   78 12610.0     1.5     9.9    0.60     8.2     4.8
    7 2042   79 13260.0     2.1     8.4    0.64     6.2     0.0
    7 2042   80 13400.0     0.6     8.6    0.57     3.1     0.0
    7 2042   81  3230.0    -0.5     9.7    0.57     5.1     1.0
    7 2042   82  1520.0     9.4    13.6    1.14    12.3     1.9
    7 2042   83 15930.0     7.5    12.6    0.90     8.7     4.2
    7 2042   84  1850.0     6.7    11.7    0.94     7.7    29.7
    7 2042   85 12190.0     4.3     9.3    0.75     8.2     0.4
    7 2042   86 14620.0     1.9    10.4    0.59     3.1     0.0
    7 2042   87  4160.0     5.6    12.7    0.83     6.7     1.4
    7 2042   88 12070.0     8.2    14.1    1.00     6.7     0.0
    7 2042   89 13340.0     6.6    19.0    0.87     5.7     0.4
    7 2042   90 11030.0     8.9    16.5    0.97     9.3     5.9
    7 2042   91  5950.0     6.3    12.7    0.87    10.8    14.0
    7 2042   92 13450.0     2.5     9.4    0.66     5.1     3.2
    7 2042   93 12130.0     2.5    10.4    0.65     5.1     2.3
    7 2042   94  5450.0     4.0    11.1    0.77     8.2    23.3
    7 2042   95  8860.0     3.0     8.3    0.72     6.2     2.4
    7 2042   96 10930.0     1.3    10.4    0.63     3.1     1.2
    7 2042   97 12600.0     1.0    10.9    0.59     3.6     0.2
    7 2042   98  7220.0     6.2    10.4    0.88     4.6     1.8
    7 2042   99 11170.0     2.9     9.1    0.70     4.6     9.0
    7 2042  100 11330.0     2.3     9.3    0.67     4.1     3.6
    7 2042  101 19570.0     6.5    14.2    0.86     7.2     0.0
    7 2042  102 12330.0     7.0    13.0    0.89     5.7     0.0
    7 2042  103 13940.0     7.0    11.6    0.88     9.8     0.0
    7 2042  104 13530.0     5.1     9.9    0.78     7.2     2.8
    7 2042  105  5210.0     5.3    10.0    0.84     2.6     4.2
    7 2042  106 20110.0     3.9    13.5    0.76     5.7     0.0
    7 2042  107  9470.0     5.5     9.9    0.82     6.7     0.0
    7 2042  108 18980.0     1.0    10.9    0.57     4.6     0.0
    7 2042  109 10290.0     1.2    10.8    0.59     2.1     0.0
    7 2042  110 16150.0     1.6    15.5    0.60     2.1     0.0
    7 2042  111  7480.0     3.1    15.1    0.68     2.6     0.0
    7 2042  112 18290.0     2.0    19.4    0.58     3.1     0.0
    7 2042  113 19150.0     8.9    24.5    0.94     4.6     0.0
    7 2042  114 16136.2     7.2    22.3    0.88     2.6     0.0
    7 2042  115 10920.0     5.6    14.9    0.83     3.6     0.1
    7 2042  116  5320.0     7.0    15.9    0.95     4.6     1.0
    7 2042  117  6130.0    10.9    15.8    1.26     5.1     0.1
    7 2042  118  6320.0     8.2    18.2    1.04     4.1     0.0
    7 2042  119 19720.0     8.2    22.9    0.98     2.6     0.0
    7 2042  120 21950.0     9.9    19.0    1.07     5.1     0.0
    7 2042  121 10200.0     7.4    11.4    0.84     4.6     0.0
    7 2042  122 22400.0     5.9    15.0    0.75     3.6     0.0
    7 2042  123 23960.0     5.1    22.3    0.69     5.7     0.0
    7 2042  124 13210.0     9.5    16.9    1.00     5.1     0.0
    7 2042  125 18140.0     9.0    15.9    0.97     4.6     0.7
    7 2042  126  5110.0     9.9    14.4    1.20     3.6    10.1
    7 2042  127 12800.0    12.7    21.4    1.36     3.6     0.0
    7 2042  128  3430.0    10.6    15.9    1.20     4.1     3.2
    7 2042  129  8470.0     8.0    13.3    0.99     3.6     0.0
    7 2042  130 15370.0     6.6    15.7    0.91     2.6     0.0
    7 2042  131 19250.0     8.8    23.2    1.00     4.6     0.0
    7 2042  132 25090.0    12.0    24.9    1.10     6.2     0.0
    7 2042  133 24510.0    11.6    23.9    1.11     6.7     0.0
    7 2042  134 23120.0    11.9    26.2    1.19     5.1     2.7
    7 2042  135 14310.0     9.9    18.2    1.15     4.1     4.5
    7 2042  136 10880.0     8.7    17.5    1.08     2.6     2.1
    7 2042  137  6200.0     9.3    17.3    1.11     4.1     8.9
    7 2042  138 18700.0    10.0    16.1    1.14     4.1     0.0
    7 2042  139 21670.0     9.5    17.8    1.06     3.1     0.0
    7 2042  140 20970.6    11.5    18.8    1.17     3.6     0.0
    7 2042  141  9960.0    13.1    20.1    1.45     4.1    13.2
    7 2042  142  9320.0    11.3    17.6    1.26     5.7     3.0
    7 2042  143 13650.0     9.9    16.2    1.15     3.6     0.0
    7 2042  144 12640.0    12.1    17.0    1.30     2.6     0.0
    7 2042  145  9070.0    11.9    16.4    1.32     3.6     2.6
    7 2042  146  7800.0    10.1    16.3    1.12     3.1     0.0
    7 2042  147  7870.0    10.2    13.7    1.14     4.6     4.0
    7 2042  148 13180.0     7.8    15.1    0.96     3.1     0.0
    7 2042  149 18280.0     5.9    14.5    0.81     4.1     0.3
    7 2042  150 20970.6     6.2    15.2    0.82     2.6     1.1
    7 2042  151 27110.0     5.1    19.2    0.75     4.1     0.0
    7 2042  152 28000.0     8.6    26.2    0.87     3.1     0.0
    7 2042  153  5840.0    13.2    20.4    1.40     4.6     4.2
    7 2042  154 12980.0    11.7    18.5    1.26     6.7    11.0
    7 2042  155 10580.0    10.7    15.7    1.22     5.7    14.6
    7 2042  156 23069.8    10.6    15.0    1.12     6.2     1.0
    7 2042  157 23069.8    10.2    15.6    1.09     4.6     0.0
    7 2042  158  5370.0    12.8    16.8    1.42     5.1     0.0
    7 2042  159  8060.0    10.0    17.0    1.16     3.1     8.0
    7 2042  160 23069.8     9.7    15.6    1.05     5.1     2.8
    7 2042  161 21500.0    10.4    14.9    1.15     7.2     8.0
    7 2042  162 23069.8     9.9    16.5    1.07     5.1     2.6
    7 2042  163 23510.0     9.0    17.9    1.06     3.1     0.0
    7 2042  164 23210.0     6.8    19.1    0.91     2.6     0.0
    7 2042  165 28340.0     6.8    22.0    0.89     3.6     0.0
    7 2042  166 20940.0     9.0    19.4    1.00     4.6     0.0
    7 2042  167  8000.0    11.6    16.1    1.27     4.6     3.3
    7 2042  168 12980.0    11.0    16.7    1.21     2.1     0.1
    7 2042  169 10730.0    14.1    18.8    1.46     4.6     0.0
    7 2042  170 12460.0    13.9    18.9    1.47     4.6     0.4
    7 2042  171  9370.0    13.9    20.2    1.51     2.6     0.2
    7 2042  172 23069.8    14.7    19.9    1.46     7.2     1.9
    7 2042  173 13810.0    11.6    19.8    1.23     6.2     0.1
    7 2042  174 29140.0     9.6    19.1    1.03     3.1     0.0
    7 2042  175 26820.0     8.8    26.0    0.92     5.1     0.0
    7 2042  176 23069.8    14.1    26.5    1.41     3.6     0.5
    7 2042  177 14790.0    13.9    25.4    1.48     3.1     0.0
    7 2042  178 22890.0    13.1    24.5    1.39     3.1     0.0
    7 2042  179 26400.0    13.4    30.3    1.36     2.1     0.0
    7 2042  180 23069.8    11.3    25.0    1.17     3.6     2.1
    7 2042  181 24170.0     9.0    23.7    0.99     2.6     0.0
    7 2042  182 28530.0    11.0    26.2    1.13     5.1     0.0
    7 2042  183 23860.0    14.2    30.0    1.39     4.1     0.0
    7 2042  184 25520.0    17.1    29.5    1.77     2.6     0.0
    7 2042  185 16590.0    17.2    27.7    1.80     2.6     0.0
    7 2042  186 17630.0     9.4    23.4    1.05     4.1     0.0
    7 2042  187 17780.0     8.6    24.5    0.98     2.1     0.0
    7 2042  188  9530.0    11.3    19.8    1.26     3.1    10.5
    7 2042  189 23560.0    10.6    23.0    1.18     2.6     0.0
    7 2042  190 24790.0    10.6    24.3    1.16     2.1     0.0
    7 2042  191 24740.0    10.4    27.1    1.12     2.6     0.0
    7 2042  192 25870.0    13.0    31.0    1.26     2.1     0.0
    7 2042  193 25490.0    16.2    33.3    1.48     3.6     0.0
    7 2042  194 21330.6    15.5    33.1    1.57     3.1     0.0
    7 2042  195 21330.6    15.9    27.2    1.62     3.6     0.6
    7 2042  196 23570.0    12.1    27.6    1.24     2.1     0.0
    7 2042  197 20610.0    15.6    26.4    1.58     3.1     0.0
    7 2042  198 26750.0    13.0    25.9    1.31     4.6     0.0
    7 2042  199 28370.0    10.7    25.9    1.11     4.1     0.0
    7 2042  200 26440.0    15.3    28.4    1.42     4.6     0.0
    7 2042  201 26150.0    14.5    28.7    1.34     3.6     0.0
    7 2042  202 24710.0    13.9    30.5    1.33     3.1     0.0
    7 2042  203 23020.0    16.9    31.1    1.67     3.1     0.0
    7 2042  204 23120.0    18.7    31.1    1.92     4.1     0.0
    7 2042  205 21450.0    18.0    35.5    1.71     3.1     0.0
    7 2042  206 19060.0    19.7    32.3    1.95     3.1     0.0
    7 2042  207 21870.0    16.4    31.6    1.62     2.6     0.0
    7 2042  208 21330.6    19.2    32.5    1.99     2.6     0.9
    7 2042  209 21330.6    18.8    30.4    1.94     4.6     2.4
    7 2042  210 21560.0    16.8    26.4    1.68     3.6     0.0
    7 2042  211 21440.0    15.5    34.0    1.53     3.1     0.0
    7 2042  212 21730.0    18.4    34.3    1.81     3.6     8.2
    7 2042  213  9660.0    15.6    25.8    1.69     2.6     6.6
    7 2042  214 20790.0    14.6    26.2    1.49     3.1     0.0
    7 2042  215 23180.0    16.8    31.0    1.63     2.1     0.0
    7 2042  216 22290.0    17.1    36.2    1.65     3.1     0.0
    7 2042  217 13410.0    18.7    28.4    1.99     3.1     0.2
    7 2042  218 22360.0    16.7    27.5    1.69     3.6     0.0
    7 2042  219 16740.0    14.3    26.3    1.43     3.6     0.0
    7 2042  220 20460.0    12.2    24.6    1.24     3.6     0.0
    7 2042  221 16790.0    10.3    25.1    1.10     3.1     0.0
    7 2042  222 14600.0    15.2    27.7    1.54     4.6     0.0
    7 2042  223 16050.0    17.3    25.6    1.82     4.1     0.0
    7 2042  224  2880.0    14.8    17.7    1.61     7.7    14.6
    7 2042  225 18690.0    13.2    19.5    1.29     7.7     0.0
    7 2042  226 18010.0    11.7    19.3    1.13     6.2     0.0
    7 2042  227 13950.0     7.1    19.7    0.87     3.1     0.0
    7 2042  228 21410.0     5.7    24.3    0.79     2.1     0.0
    7 2042  229  9700.0    10.7    19.9    1.20     5.1     8.3
    7 2042  230 17600.0    11.1    19.9    1.21     6.2    22.9
    7 2042  231 17994.1    12.8    20.8    1.32     4.1     0.0
    7 2042  232 14370.0     9.3    20.9    1.08     2.1     0.0
    7 2042  233 18150.0    10.1    23.8    1.11     2.1     0.0
    7 2042  234 12970.0    11.6    23.4    1.22     4.6     0.0
    7 2042  235  5590.0    14.9    23.1    1.62     3.1     0.0
    7 2042  236 13150.0    14.5    21.9    1.53     3.1    18.8
    7 2042  237 15460.0    13.8    22.8    1.45     2.6     0.2
    7 2042  238 17994.1    13.9    22.1    1.41     4.1     2.4
    7 2042  239 17994.1    12.2    21.7    1.27     4.1     1.3
    7 2042  240 16530.0    11.7    19.7    1.22     5.7     0.0
    7 2042  241 17994.1    11.9    20.3    1.24     5.1     0.4
    7 2042  242 12160.0    10.7    20.2    1.21     2.1     3.3
    7 2042  243 14180.0    13.3    22.5    1.36     3.6     4.2
    7 2042  244 12505.6    16.8    20.5    1.75     5.1     1.5
    7 2042  245  9060.0    13.9    19.1    1.51     5.7     3.2
    7 2042  246  8800.0    13.2    20.0    1.47     4.1     9.7
    7 2042  247  6810.0    13.6    21.0    1.49     4.1     3.3
    7 2042  248 13220.0    10.2    19.2    1.14     5.1     4.9
    7 2042  249  9700.0    10.1    18.8    1.15     2.6     0.0
    7 2042  250  4220.0    10.0    16.6    1.20     3.1     0.0
    7 2042  251  9630.0     9.9    20.6    1.17     4.1     6.0
    7 2042  252  8220.0    10.9    17.5    1.22     7.2     3.3
    7 2042  253 10060.0    10.4    17.0    1.16     7.2     7.1
    7 2042  254  9770.0    10.6    16.4    1.22     5.1     0.3
    7 2042  255 12505.6    14.2    22.0    1.48     6.7     8.4
    7 2042  256 15950.0    11.1    19.8    1.22     4.6     0.0
    7 2042  257  3010.0    10.9    16.3    1.27     3.6    14.6
    7 2042  258  2430.0    13.1    14.7    1.47     6.7    27.2
    7 2042  259  5770.0    11.4    15.4    1.27     7.2    15.1
    7 2042  260  5340.0    11.1    15.5    1.25     5.7     3.6
    7 2042  261 12505.6    10.0    17.6    1.12     4.1     0.6
    7 2042  262  8380.0     8.6    17.6    1.07     2.6     0.0
    7 2042  263  3780.0    11.0    14.1    1.27     4.1     4.3
    7 2042  264 13620.0    10.4    18.8    1.18     4.6     0.0
    7 2042  265 13940.0     9.1    18.7    1.09     3.1     0.0
    7 2042  266 13690.0     7.8    20.4    0.97     4.6     0.0
    7 2042  267 12505.6    11.3    20.1    1.23     3.1     1.6
    7 2042  268 10330.0     9.7    22.2    1.15     1.5     0.0
    7 2042  269  7740.0    11.4    20.4    1.31     1.5     0.0
    7 2042  270 12505.6    10.8    17.0    1.19     3.6     0.6
    7 2042  271 11210.0     6.6    18.1    0.91     3.1     0.0
    7 2042  272  4220.0    13.4    17.7    1.44     3.6     0.0
    7 2042  273  6100.0    13.0    17.9    1.38     3.6     0.0
    7 2042  274  5270.0    11.0    15.9    1.24     2.6     0.9
    7 2042  275  3970.0    10.8    17.4    1.25     3.6     2.5
    7 2042  276  3160.0     5.1    14.8    0.83     4.6    19.7
    7 2042  277  7700.0     4.5    10.9    0.78     4.1     2.7
    7 2042  278  9090.0     5.2    12.9    0.83     3.6     4.7
    7 2042  279  4850.0     6.0    13.0    0.89     3.6     0.0
    7 2042  280  8140.0     4.2    14.9    0.76     3.6     0.0
    7 2042  281  9000.0     2.5    14.2    0.68     2.1     0.0
    7 2042  282  8720.0     6.8    16.4    0.93     1.5     0.0
    7 2042  283  8060.0     5.0    17.0    0.83     2.1     0.0
    7 2042  284  8270.0     5.4    16.1    0.88     2.6     0.0
    7 2042  285  4110.0     2.6    11.4    0.74     2.1     0.0
    7 2042  286  9430.0     5.3    16.1    0.87     2.1     0.0
    7 2042  287 10080.0     3.6    21.0    0.75     1.5     0.0
    7 2042  288  6810.0     3.1    15.2    0.75     1.5     0.0
    7 2042  289  6760.0     8.2    13.9    0.98     4.1     0.0
    7 2042  290  9550.0     1.3    11.2    0.59     2.6     0.0
    7 2042  291 10630.0     0.2    11.1    0.52     5.1     0.0
    7 2042  292  9000.0     1.3    12.4    0.57     5.1     0.0
    7 2042  293  7180.0     2.9    11.8    0.66     5.1     0.0
    7 2042  294  6630.0     4.8    14.5    0.78     3.6     0.0
    7 2042  295  2770.0     9.5    16.0    1.13     6.7     3.5
    7 2042  296  5190.0    10.4    17.2    1.18     6.7     5.7
    7 2042  297  5110.0     7.6    14.6    1.01     4.6     2.7
    7 2042  298  3780.0     8.9    13.2    1.10     6.2     8.5
    7 2042  299  2120.0     7.4    11.9    1.01     5.7    15.9
    7 2042  300  1760.0     7.0    10.5    0.97     5.7     8.4
    7 2042  301  5430.0     5.9    12.6    0.90     4.6     2.4
    7 2042  302  1460.0     5.5    12.5    0.88     6.2    12.7
    7 2042  303  1120.0    11.4    16.4    1.33     6.7    25.6
    7 2042  304  1760.0    12.6    16.2    1.39     9.3    14.4
    7 2042  305  4860.0     6.4    13.2    0.87     5.7     0.0
    7 2042  306  5900.0     2.6    13.6    0.70     3.1     0.0
    7 2042  307  6050.0     5.5    15.6    0.82     5.1     0.0
    7 2042  308  5500.0    10.3    18.6    1.13     4.6     0.0
    7 2042  309  3810.0     8.7    16.0    1.07     2.6     0.0
    7 2042  310  3870.0     8.6    16.0    1.08     2.6     0.0
    7 2042  311  2050.0    10.4    13.5    1.25     2.1     0.0
    7 2042  312  2610.0     9.4    13.6    1.17     2.6     0.0
    7 2042  313  2000.0     8.2    12.5    1.07     4.1     0.0
    7 2042  314   710.0     9.5    11.9    1.18     2.1     3.7
    7 2042  315   500.0     9.2    10.5    1.16     3.1     4.4
    7 2042  316  1270.0     7.2     9.3    1.01     4.6     1.5
    7 2042  317  1310.0     7.9    14.0    1.05     5.7     0.8
    7 2042  318   350.0    13.5    15.8    1.51     9.8    12.7
    7 2042  319  4280.0    11.1    14.6    1.19     7.2     0.9
    7 2042  320  4150.0     7.0    12.3    0.93     5.7     2.2
    7 2042  321  2860.0     6.8    11.7    0.93     5.7     9.5
    7 2042  322  1030.0     5.3    12.1    0.88     4.6     9.4
    7 2042  323   470.0     5.6    15.1    0.90     5.1     0.7
    7 2042  324   900.0    10.8    15.7    1.24     7.7     3.5
    7 2042  325  1850.0     6.8    11.9    0.98     2.1     0.0
    7 2042  326  3540.0     4.0    11.6    0.81     1.5     0.0
    7 2042  327  1030.0     5.8    13.3    0.92     4.1     0.0
    7 2042  328  2660.0     5.3    13.2    0.86     4.1     0.4
    7 2042  329  3840.0     3.4    12.1    0.76     2.6     0.0
    7 2042  330   420.0     9.6    12.9    1.19     3.6     1.9
    7 2042  331   480.0     9.8    11.5    1.20     1.5     0.0
    7 2042  332  2720.0     3.3    13.1    0.77     1.5     0.0
    7 2042  333  1270.0     4.4     9.3    0.82     2.6     0.0
    7 2042  334   750.0     6.0     7.3    0.92     4.6     0.0
    7 2042  335  3020.0     3.0     7.8    0.73     3.1     0.0
    7 2042  336  3020.0     0.8     6.0    0.63     2.6     0.0
    7 2042  337  3090.0     2.6    12.2    0.71     5.7     1.4
    7 2042  338  1030.0     7.5    13.3    0.99     7.2     0.1
    7 2042  339  2400.0     7.4    11.3    0.96     6.7     3.2
    7 2042  340  2940.0     5.3    10.7    0.81     5.7     1.7
    7 2042  341  1430.0     5.1    10.8    0.82     8.7     0.5
    7 2042  342   260.0     6.7    11.1    0.94     9.8    12.9
    7 2042  343  3250.0     1.1    10.0    0.63     3.6     4.2
    7 2042  344   640.0     1.1    14.9    0.64     7.2     2.8
    7 2042  345  1200.0    12.3    14.6    1.34     9.3     0.0
    7 2042  346  1050.0    11.9    14.2    1.31     9.3     0.7
    7 2042  347  2170.0     6.9    12.8    0.94     5.7    10.5
    7 2042  348  2670.0     0.3     8.3    0.58     3.1     0.2
    7 2042  349  1690.0    -0.4     3.2    0.59     3.1     0.0
    7 2042  350  2220.0     1.2     9.5    0.64     4.1     0.1
    7 2042  351   600.0     1.0     7.0    0.65     5.1     0.1
    7 2042  352  1490.0     5.7     7.5    0.88     7.2     2.1
    7 2042  353  2970.0     4.1     7.9    0.79     5.1     2.1
    7 2042  354  2690.0     1.9     7.1    0.68     3.6     2.4
    7 2042  355  3460.0    -0.1     6.5    0.60     2.1     0.2
    7 2042  356  2620.0    -1.1     3.0    0.56     2.1     0.0
    7 2042  357   540.0    -1.5     0.7    0.55     2.6     0.0
    7 2042  358  4450.0    -4.5     0.6    0.43     2.1     0.0
    7 2042  359   570.0    -4.7     1.4    0.43     6.2     1.7
    7 2042  360   500.0     1.1     5.9    0.66     7.2    10.7
    7 2042  361   310.0     5.6    12.3    0.90     7.2    27.3
    7 2042  362   400.0     6.4    14.6    0.93     7.7    11.8
    7 2042  363   660.0     8.2    14.4    1.03    10.3     8.3
    7 2042  364  1600.0     6.8     9.3    0.93     9.3     3.9
    7 2042  365  1790.0     4.1     8.6    0.76     6.2     3.1
