*---------------------------------------------------------------------------*
* Station name: Lelystad, Netherlands, KNMI G+-scenario for period around 2050 
* Year: 2048
* Author: Joost Wolf and Janette Bessembinder            -99.000: NIL VALUE
* Comments: vapour pressure calculated from minimum temperature and 
* relative humidity
* Longitude: 5 38 E, latitude: 52 34 N, altitude: -4 m.
*
* Column  Daily value
* 1       station number
* 2       year
* 3       day
* 4       irradiation                   (kJ m-2 d-1)
* 5       minimum temperature           (degrees Celsius)
* 6       maximum temperature           (degrees Celsius)
* 7       early morning vapour pressure (kPa)
* 8       mean wind speed (height: 2 m) (m s-1)
* 9       precipitation                 (mm d-1)
*
** WCCDESCRIPTION=Netherlands, Lelystad, G+-scenario
** WCCFORMAT=2
** WCCYEARNR=2048
*---------------------------------------------------------------------------*
   5.63  52.57    -4.  -0.18 -0.55
    7 2048    1  2020.0     2.1     9.3    0.70     3.0     1.4
    7 2048    2   800.0     5.3     9.2    0.88     4.2     0.0
    7 2048    3   380.0     6.2    10.4    0.92     6.9     5.8
    7 2048    4   490.0     3.3    10.4    0.75     4.0     4.9
    7 2048    5  3590.0     1.9     8.2    0.67     5.0     0.0
    7 2048    6   990.0     5.8     9.5    0.88     6.2     0.9
    7 2048    7  2500.0     3.7     8.4    0.77     5.8     0.0
    7 2048    8   780.0     3.1     9.0    0.74     5.4     1.6
    7 2048    9  3890.0     0.4     7.6    0.61     2.3     0.0
    7 2048   10  4170.0    -1.3     5.7    0.54     2.4     0.0
    7 2048   11  2450.0     0.9     5.4    0.61     5.8     0.0
    7 2048   12  2710.0     1.0     4.4    0.61     6.5     0.0
    7 2048   13  2170.0     0.8     4.4    0.60     5.1     0.0
    7 2048   14  1400.0     2.8     5.2    0.74     2.6     0.0
    7 2048   15  2730.0     3.0     6.4    0.73     2.6     0.0
    7 2048   16  1570.0     3.5     7.8    0.76     4.1     0.5
    7 2048   17  1130.0     6.5     8.3    0.94     6.4     0.1
    7 2048   18  3220.0     5.5     8.8    0.83     8.0     0.4
    7 2048   19  1750.0     3.5     6.4    0.73     4.0     0.0
    7 2048   20   930.0     5.4     7.1    0.85     5.1     0.3
    7 2048   21  3230.0     4.2     7.7    0.77     5.0     0.3
    7 2048   22  2660.0     5.0     7.5    0.82     5.7     5.3
    7 2048   23  1530.0    -2.2     6.0    0.48     3.3     0.5
    7 2048   24  4600.0    -4.7     1.5    0.38     1.8     0.0
    7 2048   25  3960.0    -0.2     3.9    0.55     3.5     0.0
    7 2048   26  3080.0     1.4     7.4    0.64     3.3     0.0
    7 2048   27   560.0     2.3     5.9    0.68     5.0     0.0
    7 2048   28  1210.0     2.0     6.8    0.66     7.4     2.8
    7 2048   29   730.0     6.3    11.6    0.89     9.8    14.5
    7 2048   30  2120.0     7.3    11.7    0.93     7.3     2.8
    7 2048   31  2140.0     9.2    11.5    1.08     7.8     0.5
    7 2048   32  2120.0     8.4    10.6    1.02     7.0     2.1
    7 2048   33  5150.0     7.2     9.2    0.95     6.1     5.0
    7 2048   34  5060.0     5.4     9.4    0.84     4.7     0.0
    7 2048   35   770.0     5.2     9.7    0.85     7.3     5.7
    7 2048   36  5420.0     7.6    11.9    0.95     5.5     0.0
    7 2048   37  1390.0     5.5     9.7    0.86     5.4     0.6
    7 2048   38  4140.0     7.1    10.2    0.94     7.8     6.6
    7 2048   39  1210.0     7.2    12.1    0.91     8.3     6.8
    7 2048   40  4450.0     5.3     9.0    0.79     8.2     0.6
    7 2048   41  2090.0     5.9     8.9    0.85     7.8    10.5
    7 2048   42  7530.0     2.6     9.7    0.68     4.6     0.0
    7 2048   43  3000.0     3.4     7.7    0.73     6.8     3.2
    7 2048   44  6850.0     3.2     8.5    0.70     5.2     0.0
    7 2048   45  6420.0     0.0     8.5    0.57     4.2     1.1
    7 2048   46  5630.0     5.1     9.2    0.83     4.0     0.5
    7 2048   47  6180.0     1.2     6.3    0.62     6.3    13.1
    7 2048   48  5050.0     1.7     7.9    0.66     5.5     9.0
    7 2048   49  2230.0     1.9     8.6    0.67     5.3     6.9
    7 2048   50  1910.0     4.1     6.6    0.77     6.1     3.2
    7 2048   51  9380.0    -0.5     7.7    0.54     3.0     1.2
    7 2048   52  5680.0    -1.3     6.6    0.53     3.1     0.1
    7 2048   53  4330.0     1.9     8.7    0.68     2.4     0.0
    7 2048   54  8560.0    -0.3    10.8    0.57     3.0     0.0
    7 2048   55  6040.0     5.2    10.3    0.82     5.3     9.4
    7 2048   56  9820.0     2.9     8.8    0.70     4.1     8.2
    7 2048   57  9300.0     1.5    10.5    0.63     3.2     0.0
    7 2048   58  8580.0     1.9    12.7    0.62     6.7     0.0
    7 2048   59  1370.0     5.6    13.8    0.85     6.8     6.6
    7 2048   60  5930.0     4.9     9.7    0.82     8.5     7.2
    7 2048   61  8490.0     4.6     8.8    0.79     6.1     0.6
    7 2048   62  5000.0     3.5     9.7    0.73     7.6    17.7
    7 2048   63  8090.0     4.0    11.1    0.74     8.6    13.6
    7 2048   64  9090.0     1.2     6.2    0.63     7.5     1.0
    7 2048   65  6540.0     1.4     7.7    0.64     3.6     0.3
    7 2048   66  3300.0     4.3     9.6    0.79     7.1     0.0
    7 2048   67  7000.0     8.9    13.2    1.09     7.6     2.0
    7 2048   68  2920.0    10.5    13.5    1.23     7.5    11.3
    7 2048   69  7010.0     6.7    13.0    0.93     7.7     4.5
    7 2048   70  6170.0     3.6    10.5    0.72     3.4     2.9
    7 2048   71  9040.0     7.6    11.5    0.99     7.4     0.6
    7 2048   72  9300.0     6.6    12.9    0.91     2.4     0.0
    7 2048   73  3920.0     6.1    10.7    0.92     3.1     0.4
    7 2048   74  3290.0     5.0    10.7    0.82     6.8     3.4
    7 2048   75  9300.0     4.0     8.9    0.74     7.8     1.0
    7 2048   76  2690.0     7.3     9.8    1.00     5.3     0.6
    7 2048   77  5850.0     8.1    10.7    1.04     5.7     0.4
    7 2048   78  6940.0     7.0     9.5    0.96     6.5     3.6
    7 2048   79 13730.0     3.7    10.4    0.75     3.8     0.0
    7 2048   80  9080.0     2.0    11.4    0.68     1.9     0.0
    7 2048   81  4940.0     3.5    10.5    0.73     0.7     0.0
    7 2048   82 15050.0     1.6    16.1    0.63     1.4     0.0
    7 2048   83  8070.0     1.2    11.7    0.65     3.2     0.0
    7 2048   84  2480.0     5.9    11.9    0.91     2.9     8.0
    7 2048   85 10040.0     6.7    13.5    0.93     3.0     0.0
    7 2048   86  9330.0     3.8    11.2    0.76     2.8     7.5
    7 2048   87  6200.0     4.2     9.7    0.78     4.4     1.6
    7 2048   88  1620.0     5.1     6.2    0.83     6.2     0.0
    7 2048   89  4750.0     5.2     8.9    0.85     7.5     0.0
    7 2048   90  3130.0     6.4     8.9    0.92     4.7     0.0
    7 2048   91  5850.0     5.2     9.2    0.84     1.2     0.0
    7 2048   92  5070.0     4.5    10.5    0.80     1.4     1.1
    7 2048   93 11950.0     4.9    15.0    0.80     3.6     0.4
    7 2048   94 12440.0     7.4    18.7    0.90     3.3     0.8
    7 2048   95  8370.0     5.1    14.7    0.83     5.5     0.5
    7 2048   96 11510.0     2.8     9.1    0.63     7.0     0.0
    7 2048   97 13110.0     1.0    11.1    0.58     3.2     0.0
    7 2048   98 20900.0    -0.3    12.6    0.53     2.3     0.0
    7 2048   99 11680.0    -0.6    13.2    0.51     1.5     0.0
    7 2048  100 20160.0     4.7    15.9    0.72     6.2     0.0
    7 2048  101 21520.0     1.4    11.4    0.56     4.8     0.0
    7 2048  102 17230.0    -0.1    13.5    0.52     2.3     0.0
    7 2048  103  8740.0     4.7    11.0    0.78     5.5     2.9
    7 2048  104  7830.0     4.8    10.4    0.80     5.5     3.0
    7 2048  105 13260.0     2.7    11.7    0.69     3.3     1.3
    7 2048  106  7650.0     5.0    15.1    0.81     5.2     3.6
    7 2048  107 16590.0     7.2    13.8    0.85     5.6     0.0
    7 2048  108 13120.0     8.2    16.1    0.97     5.6     5.7
    7 2048  109 16630.0     7.4    16.0    0.90     5.4     0.0
    7 2048  110 17490.0     8.6    19.9    0.97     2.8     0.0
    7 2048  111 13270.0     7.8    18.4    0.93     4.8     0.0
    7 2048  112 14860.0    11.1    19.0    1.14     3.6     0.4
    7 2048  113  5560.0    10.1    19.1    1.10     2.9     1.9
    7 2048  114  3680.0    10.7    13.9    1.25     2.9     7.4
    7 2048  115 15990.0     9.7    17.2    1.09     2.2     0.1
    7 2048  116 20130.0     9.2    21.6    0.96     4.7     0.0
    7 2048  117 19860.0    11.2    24.8    1.14     4.0     0.0
    7 2048  118 11880.0    12.5    21.4    1.31     3.3     0.1
    7 2048  119 20400.0    11.2    23.3    1.23     2.4     0.0
    7 2048  120  4250.0    10.7    14.4    1.24     2.7     0.0
    7 2048  121  4920.0    10.9    14.8    1.25     2.0     0.7
    7 2048  122  9990.0    10.3    15.8    1.19     3.5     0.0
    7 2048  123  4570.0     9.9    13.3    1.16     4.7     0.0
    7 2048  124  7760.0    10.4    15.9    1.19     3.4     0.3
    7 2048  125 20970.6    10.5    19.4    1.09     4.0     0.0
    7 2048  126 25240.0    10.0    26.9    0.99     4.7     0.0
    7 2048  127 23870.0    12.7    28.9    1.17     4.9     0.0
    7 2048  128 25440.0    14.3    29.8    1.29     4.6     0.0
    7 2048  129 21720.0    13.9    27.9    1.32     2.8     0.0
    7 2048  130 22500.0    14.2    27.3    1.37     2.3     0.0
    7 2048  131 20070.0    15.2    29.3    1.41     3.6     0.0
    7 2048  132 25900.0    13.3    26.2    1.24     5.5     0.0
    7 2048  133 24820.0    12.3    26.6    1.14     5.5     0.0
    7 2048  134 27770.0    11.6    26.8    1.00     4.0     0.0
    7 2048  135 27040.0    10.8    27.9    1.03     2.1     0.0
    7 2048  136 25890.0    12.8    30.3    1.14     2.4     0.0
    7 2048  137 22500.0    14.3    30.7    1.37     3.8     9.8
    7 2048  138 14380.0    12.2    17.8    1.23     6.3     0.8
    7 2048  139 15590.0    10.0    15.8    1.06     6.0     2.0
    7 2048  140 11480.0    10.0    16.0    1.10     3.9     2.8
    7 2048  141 23500.0     7.2    16.6    0.88     3.9     0.1
    7 2048  142  6540.0     6.5    14.3    0.90     2.8     7.7
    7 2048  143 20970.6     8.8    16.4    0.98     2.4     1.0
    7 2048  144 13470.0     8.6    19.7    1.02     4.6     5.3
    7 2048  145 19650.0    12.8    17.7    1.31     3.3     5.8
    7 2048  146 13890.0    12.0    15.9    1.26     6.4     6.3
    7 2048  147 16620.0    10.4    18.1    1.10     4.4     3.7
    7 2048  148 20970.6    10.8    17.9    1.12     8.2     1.2
    7 2048  149  5880.0     8.8    14.6    1.04     8.6    11.6
    7 2048  150 19270.0     8.3    15.5    0.99     4.7     7.1
    7 2048  151 12670.0     5.7    15.8    0.83     2.3     0.1
    7 2048  152 25590.0     6.1    19.0    0.80     1.8     0.0
    7 2048  153 23069.8    12.3    19.5    1.25     4.6     1.6
    7 2048  154 23040.0    12.3    21.1    1.29     4.0     0.0
    7 2048  155 21180.0    11.3    24.9    1.22     3.9     8.9
    7 2048  156 22970.0    10.7    22.0    1.15     3.9     0.2
    7 2048  157  8250.0     9.2    16.9    1.09     2.7     4.6
    7 2048  158  8880.0    12.6    15.6    1.32     3.8     0.1
    7 2048  159 17930.0     7.6    16.5    0.93     4.1     0.1
    7 2048  160 29930.0     6.7    23.5    0.81     3.7     0.0
    7 2048  161 28210.0    13.3    30.7    1.27     3.8     0.0
    7 2048  162 22200.0    12.5    20.7    1.30     3.0     0.0
    7 2048  163 22500.0    10.0    20.6    1.08     3.2     0.0
    7 2048  164 21120.0    13.1    21.6    1.33     4.8     0.0
    7 2048  165 10290.0    15.5    20.5    1.62     3.5     0.3
    7 2048  166 10230.0    16.5    20.8    1.72     3.9     6.9
    7 2048  167 24720.0    10.6    19.5    1.12     4.0     0.0
    7 2048  168 29780.0     9.1    18.0    0.98     3.5     0.0
    7 2048  169 30110.0     7.2    22.8    0.85     1.5     0.0
    7 2048  170 29250.0    11.9    29.1    1.15     2.6     0.0
    7 2048  171 29300.0    17.1    33.9    1.58     3.6     0.0
    7 2048  172 27030.0    21.2    34.3    2.15     2.8     0.0
    7 2048  173 23069.8    17.2    27.4    1.72     4.0     1.1
    7 2048  174 13240.0    14.6    20.7    1.47     4.6     3.7
    7 2048  175 12100.0    13.0    20.6    1.35     4.9    10.7
    7 2048  176 15760.0    12.5    17.9    1.31     4.8     6.3
    7 2048  177 23069.8    12.9    16.4    1.30     5.4     0.7
    7 2048  178 21680.0    10.1    17.1    1.02     5.8     0.0
    7 2048  179 24680.0    10.0    17.2    1.04     4.1     0.0
    7 2048  180 21190.0    11.8    16.8    1.16     4.4     0.0
    7 2048  181 24350.0    11.0    17.7    1.08     4.3     0.0
    7 2048  182 25410.0    10.0    18.5    1.04     2.4     0.0
    7 2048  183  6190.0     8.6    15.5    1.04     2.1     9.2
    7 2048  184 18350.0    15.0    25.0    1.57     2.5     0.0
    7 2048  185 22610.0    13.6    24.7    1.42     2.3     0.0
    7 2048  186 22970.0    13.7    22.8    1.45     2.8     0.0
    7 2048  187 21330.6    15.2    19.1    1.54     3.0     2.3
    7 2048  188 26740.0    13.9    20.8    1.42     2.8     0.0
    7 2048  189 14740.0    11.2    18.0    1.17     4.4     0.0
    7 2048  190 11750.0    10.3    17.4    1.13     3.3     0.2
    7 2048  191  4710.0    13.7    15.7    1.47     5.9     4.6
    7 2048  192 16360.0    12.9    19.6    1.35     5.4    40.1
    7 2048  193 21330.6    12.8    16.2    1.32     6.4     1.6
    7 2048  194 25460.0    10.0    17.2    1.05     5.0     0.0
    7 2048  195  8040.0    10.7    18.8    1.21     3.4     6.8
    7 2048  196 17350.0    13.0    17.8    1.37     4.6     5.9
    7 2048  197 19680.0    12.3    17.6    1.30     5.3     5.7
    7 2048  198 10020.0    13.1    17.5    1.40     3.7     3.6
    7 2048  199  7580.0    13.4    16.7    1.42     3.0     0.3
    7 2048  200 14520.0    12.8    17.2    1.32     3.6     0.0
    7 2048  201 15600.0    14.7    20.0    1.52     4.5     0.0
    7 2048  202 25650.0    12.5    21.7    1.30     3.5     0.0
    7 2048  203 18620.0    13.3    18.4    1.38     4.8     0.0
    7 2048  204 13390.0    13.8    21.0    1.48     3.6     0.0
    7 2048  205 10670.0    14.6    21.4    1.57     3.1     0.0
    7 2048  206 16680.0    15.2    24.3    1.61     5.4     5.0
    7 2048  207 14580.0    16.7    22.6    1.79     4.1     0.0
    7 2048  208 11870.0    11.6    20.8    1.28     2.6     0.0
    7 2048  209 21330.6    12.5    22.7    1.30     1.5     2.4
    7 2048  210 21330.6    13.6    22.4    1.39     2.8     1.3
    7 2048  211 19980.0    12.6    23.4    1.36     2.3     0.0
    7 2048  212 16840.0    15.2    22.4    1.61     2.4     0.0
    7 2048  213 21420.0    15.5    25.0    1.57     1.9     0.0
    7 2048  214 21480.0    16.9    29.6    1.70     2.7    12.3
    7 2048  215 21090.0    15.4    23.2    1.57     4.2     0.0
    7 2048  216 17970.0    14.3    23.8    1.47     4.0     7.6
    7 2048  217 22380.0    12.1    22.6    1.30     2.4     0.0
    7 2048  218 19800.0    12.9    22.9    1.34     1.9     0.0
    7 2048  219 17370.0    13.5    24.1    1.41     3.4     0.0
    7 2048  220 13850.0    15.4    22.4    1.58     2.2     0.0
    7 2048  221 17994.1    15.6    22.6    1.58     3.2     0.8
    7 2048  222 19320.0    14.5    25.2    1.44     2.5     0.0
    7 2048  223 17994.1    18.1    21.6    1.85     3.5     0.9
    7 2048  224 22130.0    16.3    24.5    1.62     2.5     0.0
    7 2048  225 23910.0    11.6    24.6    1.19     1.6     0.0
    7 2048  226 18920.0    12.8    31.1    1.26     3.1     0.0
    7 2048  227 17994.1    20.2    28.1    2.11     3.1     2.6
    7 2048  228 11700.0    14.7    24.1    1.53     3.8     0.0
    7 2048  229 16390.0    14.8    24.3    1.48     3.8     0.0
    7 2048  230 19320.0    13.7    24.5    1.36     4.4     0.0
    7 2048  231 16560.0    13.6    24.5    1.35     2.8     0.0
    7 2048  232 11730.0    17.3    25.1    1.75     2.7     0.0
    7 2048  233 14250.0    13.7    23.4    1.40     2.9     8.9
    7 2048  234 11670.0    12.8    20.6    1.37     2.2     0.3
    7 2048  235 13390.0    10.3    21.4    1.18     1.6    22.9
    7 2048  236 21540.0    10.0    21.4    1.10     3.2     0.0
    7 2048  237 21870.0     8.4    23.1    0.95     2.3     0.0
    7 2048  238 12530.0    14.2    22.7    1.46     2.2     0.0
    7 2048  239 19430.0    13.7    26.9    1.35     4.5     0.0
    7 2048  240  3920.0    14.8    21.3    1.64     2.0     5.5
    7 2048  241 13120.0    11.7    20.6    1.30     3.3     0.3
    7 2048  242 14530.0    10.8    21.2    1.20     2.8     0.0
    7 2048  243 18110.0     9.0    20.4    1.06     2.4     0.0
    7 2048  244 16220.0     9.5    21.0    1.10     2.1     0.0
    7 2048  245  8850.0    12.2    20.7    1.31     3.7     2.5
    7 2048  246  9770.0    14.1    19.9    1.52     3.8     9.2
    7 2048  247  9460.0    14.0    19.4    1.45     5.4     7.6
    7 2048  248 14370.0    13.5    18.8    1.41     3.0     2.6
    7 2048  249 12510.0    11.6    21.2    1.26     2.8     0.3
    7 2048  250  4560.0    14.2    18.2    1.54     6.5    13.3
    7 2048  251 11840.0    15.6    18.9    1.59     5.8     0.2
    7 2048  252  2500.0    16.4    20.6    1.83     4.6     2.5
    7 2048  253  4910.0    15.1    19.8    1.69     1.2     3.2
    7 2048  254 10970.0    11.9    24.4    1.35     1.3     0.0
    7 2048  255 15950.0    14.3    24.7    1.56     3.0     0.0
    7 2048  256  7150.0    13.9    22.9    1.52     3.4     0.0
    7 2048  257  9180.0    14.4    19.8    1.56     3.4     0.0
    7 2048  258 10440.0    13.3    21.5    1.44     1.6     0.0
    7 2048  259 10430.0    14.4    23.1    1.56     3.0     4.6
    7 2048  260 11340.0    11.5    21.3    1.27     3.5     0.0
    7 2048  261  4280.0    10.8    18.7    1.27     2.0     0.1
    7 2048  262 12660.0    12.8    21.4    1.37     4.6     0.0
    7 2048  263 15010.0    14.5    22.7    1.51     5.5     0.0
    7 2048  264  1940.0    12.7    16.1    1.44     3.4    11.0
    7 2048  265  6150.0     9.8    15.2    1.19     2.3     0.0
    7 2048  266 11360.0     8.8    21.2    1.09     3.3     0.0
    7 2048  267 14170.0    12.7    21.8    1.36     3.6     0.0
    7 2048  268 15020.0    10.3    20.6    1.11     4.5     0.1
    7 2048  269  9440.0    12.0    19.5    1.34     2.2     8.5
    7 2048  270  4910.0    14.4    22.1    1.57     3.0    12.8
    7 2048  271 12505.6    14.8    20.6    1.54     4.3     0.6
    7 2048  272  3580.0    15.6    18.4    1.69     6.0     3.4
    7 2048  273  6190.0    13.9    21.7    1.51     2.6     0.0
    7 2048  274  8720.0    11.8    21.7    1.33     1.9     0.2
    7 2048  275  1870.0    12.3    17.4    1.41     2.0     8.7
    7 2048  276  8360.0    10.4    17.7    1.22     3.6     0.0
    7 2048  277  7190.0     9.8    17.9    1.15     3.5     0.0
    7 2048  278  3190.0    11.0    16.3    1.28     4.1     0.5
    7 2048  279  6870.0     8.3    17.9    1.06     3.8     4.6
    7 2048  280  8790.0     7.3    15.2    0.97     3.5     5.9
    7 2048  281 10620.0     4.4    15.0    0.79     2.7     0.0
    7 2048  282  1840.0     6.2    13.2    0.93     4.5     0.0
    7 2048  283  9280.0     5.0    15.3    0.82     4.2     0.8
    7 2048  284  4670.0     8.5    12.7    1.05     8.4     6.3
    7 2048  285  5220.0     9.1    13.6    1.08     8.5     7.0
    7 2048  286  9400.0     9.6    16.3    1.10     6.4     0.2
    7 2048  287  8430.0     7.6    16.8    0.99     3.8     0.0
    7 2048  288  3930.0     6.8    13.1    0.98     2.4     0.0
    7 2048  289  3440.0     8.6    14.9    1.12     3.4     0.4
    7 2048  290  2940.0    12.1    17.5    1.38     6.2     2.7
    7 2048  291  8320.0     6.1    15.2    0.91     3.8     2.2
    7 2048  292  3080.0     5.6    13.0    0.87     5.5     0.3
    7 2048  293  7555.3     5.3    16.6    0.83     3.2     0.0
    7 2048  294  6690.0     4.5    15.5    0.82     3.6     0.0
    7 2048  295  4960.0    12.7    19.2    1.40     3.9     0.0
    7 2048  296  6140.0    11.9    19.3    1.34     2.6     0.0
    7 2048  297  6320.0    13.1    20.1    1.43     5.5     2.3
    7 2048  298  3110.0    12.5    14.9    1.38     5.5     1.1
    7 2048  299  1390.0    10.6    15.9    1.21     6.9     3.7
    7 2048  300  6920.0     8.3    14.3    1.02     4.4     3.3
    7 2048  301  1150.0     9.5    14.2    1.17     5.8     6.5
    7 2048  302  1290.0    13.3    15.5    1.49     6.9     1.7
    7 2048  303  4910.0     9.6    13.8    1.09     9.7     2.7
    7 2048  304   800.0     8.2    14.6    1.02    12.6    18.9
    7 2048  305  2580.0     8.8    12.2    1.06     8.6     3.8
    7 2048  306  2320.0     7.4    10.5    0.99     7.9     2.0
    7 2048  307  3500.0     6.3    12.1    0.91     7.6     0.0
    7 2048  308  6120.0     6.0    11.7    0.87     6.3     0.0
    7 2048  309  6450.0     5.5    11.9    0.88     5.2     0.7
    7 2048  310  5900.0     5.0    11.0    0.82     5.4     0.1
    7 2048  311  1900.0     8.0    11.5    1.00     7.1     3.6
    7 2048  312  1900.0     7.2    10.8    0.99     5.1     2.7
    7 2048  313  1320.0     8.4    10.3    1.07     7.5     4.6
    7 2048  314  1630.0     8.5     9.8    1.09     6.5    18.0
    7 2048  315  1680.0     6.9     9.4    0.98     5.7    26.3
    7 2048  316  2880.0     7.0    11.4    0.93     8.2     0.7
    7 2048  317   810.0     9.1    10.7    1.10     7.5     9.7
    7 2048  318  2220.0     5.5    10.6    0.89     4.2     0.4
    7 2048  319  3330.0     3.4    10.5    0.77     2.6     0.0
    7 2048  320  1500.0     4.7     8.3    0.84     5.0     0.0
    7 2048  321  2320.0     6.3    10.1    0.93     6.9     4.1
    7 2048  322  4180.0     2.9     9.0    0.74     3.6     4.2
    7 2048  323  3380.0     4.4     9.1    0.81     6.5     2.3
    7 2048  324  1210.0     8.7    12.0    1.10     7.2     4.5
    7 2048  325  1930.0     5.2     9.0    0.86     4.8     3.2
    7 2048  326  1970.0     4.9     8.7    0.81     5.9     1.4
    7 2048  327  2640.0     7.6    11.8    0.98     7.8     1.9
    7 2048  328  1070.0     5.8    11.8    0.90     4.3     5.3
    7 2048  329  2300.0     5.4    10.4    0.87     5.1     0.3
    7 2048  330  1960.0     5.3    10.1    0.85     6.7     8.1
    7 2048  331  1980.0     7.0    10.0    0.97     6.5     4.5
    7 2048  332  3660.0     6.0     9.8    0.91     5.2     1.0
    7 2048  333   810.0     7.8    15.2    1.03     5.9     3.4
    7 2048  334  2990.0    10.8    14.8    1.22     5.2     0.0
    7 2048  335  3560.0     9.2    12.9    1.12     3.7     0.0
    7 2048  336  1530.0    10.6    14.0    1.21     6.4     0.7
    7 2048  337  2080.0     9.9    13.4    1.19     3.9     2.1
    7 2048  338  2320.0     6.2    11.9    0.92     4.1     4.5
    7 2048  339  1920.0     5.8    10.1    0.88     6.8     0.2
    7 2048  340  2660.0     7.3    13.3    0.95     6.1     0.1
    7 2048  341  1110.0     9.0    12.7    1.10     5.4     2.2
    7 2048  342  1840.0     8.0    12.4    1.04     4.8     1.0
    7 2048  343  1340.0    10.8    15.0    1.16     8.3     0.6
    7 2048  344  2420.0     8.7    11.6    1.05     7.4     0.0
    7 2048  345   950.0     8.2    12.3    1.02     7.4     9.6
    7 2048  346  1830.0    10.0    13.9    1.15     7.8    10.7
    7 2048  347   330.0    13.0    14.4    1.44     8.0     6.3
    7 2048  348  1270.0     9.7    13.6    1.08    11.6     7.3
    7 2048  349  1970.0     6.0    10.5    0.88     5.8     1.2
    7 2048  350  1410.0     4.5     8.4    0.80     6.3    12.5
    7 2048  351  2210.0     4.2     7.5    0.78     4.4     6.9
    7 2048  352  1550.0     1.5     6.9    0.67     2.8     0.0
    7 2048  353   970.0     1.2     5.2    0.66     2.3     0.0
    7 2048  354  3750.0     0.3     4.4    0.61     3.4     0.0
    7 2048  355  3000.0     0.6     3.8    0.58     5.8     0.0
    7 2048  356  3300.0    -1.7     3.0    0.46     4.2     0.0
    7 2048  357  4540.0    -4.6     3.1    0.39     2.0     0.0
    7 2048  358  2270.0    -5.5     1.7    0.38     1.7     0.0
    7 2048  359   400.0     1.1     1.9    0.64     3.9    12.2
    7 2048  360  2580.0    -2.5     2.1    0.46     6.8     0.0
    7 2048  361  2340.0    -3.4    -0.1    0.43     5.8     0.0
    7 2048  362  1100.0    -0.2     0.6    0.58     3.7     3.0
    7 2048  363  1890.0     0.1     3.9    0.59     4.4     2.7
    7 2048  364  1830.0    -0.1     2.8    0.58     6.1    10.7
    7 2048  365  1950.0    -0.2     3.9    0.58     3.4     4.0
    7 2048  366  3170.0    -5.8     2.6    0.38     4.0     0.0
