*---------------------------------------------------------------------------*
* Station name: Lelystad, Netherlands, KNMI G+-scenario for period around 2050 
* Year: 2041
* Author: Joost Wolf and Janette Bessembinder            -99.000: NIL VALUE
* Comments: vapour pressure calculated from minimum temperature and 
* relative humidity
* Longitude: 5 38 E, latitude: 52 34 N, altitude: -4 m.
*
* Column  Daily value
* 1       station number
* 2       year
* 3       day
* 4       irradiation                   (kJ m-2 d-1)
* 5       minimum temperature           (degrees Celsius)
* 6       maximum temperature           (degrees Celsius)
* 7       early morning vapour pressure (kPa)
* 8       mean wind speed (height: 2 m) (m s-1)
* 9       precipitation                 (mm d-1)
*
** WCCDESCRIPTION=Netherlands, Lelystad, G+-scenario
** WCCFORMAT=2
** WCCYEARNR=2041
*---------------------------------------------------------------------------*
   5.63  52.57    -4.  -0.18 -0.55
    7 2041    1  2920.0    -7.5    -0.8    0.35     2.1     0.0
    7 2041    2  4790.0    -8.1     1.4    0.31     3.1     0.0
    7 2041    3  4140.0    -9.8    -4.1    0.28     3.6     0.0
    7 2041    4  1900.0    -9.5    -1.4    0.28     4.1     0.0
    7 2041    5   640.0    -1.6     5.6    0.52     7.7     9.2
    7 2041    6   450.0     5.2     8.9    0.88     5.7    13.9
    7 2041    7  1940.0     0.1     9.9    0.62     4.1     0.6
    7 2041    8  3070.0     1.4    10.4    0.64     6.2     3.1
    7 2041    9   520.0     1.5    11.4    0.65     8.2     4.6
    7 2041   10   440.0     7.7    12.7    0.99    10.8     7.8
    7 2041   11   940.0     6.9    12.2    0.90     9.8    11.4
    7 2041   12  3380.0     3.8     8.3    0.71     9.3     2.6
    7 2041   13  1600.0     4.7    15.3    0.78    10.3     2.8
    7 2041   14  3460.0     2.5     8.7    0.65     7.2     0.0
    7 2041   15  1650.0     3.6    12.8    0.72    10.3     0.1
    7 2041   16  1060.0     9.6    14.0    1.09     9.3     0.0
    7 2041   17  2090.0     5.8    12.1    0.82     8.7     0.3
    7 2041   18  3860.0     3.8     8.2    0.74     5.1     0.0
    7 2041   19  1100.0     4.4     8.9    0.77     7.7     1.2
    7 2041   20   420.0     8.7    11.7    1.08    10.8    13.1
    7 2041   21  3100.0     7.4    12.8    0.95     9.3     4.9
    7 2041   22   640.0     6.6    13.2    0.88    11.3     5.3
    7 2041   23  2510.0     6.2    12.0    0.83     9.3     0.4
    7 2041   24  2120.0     2.5    13.0    0.63    13.9     3.3
    7 2041   25  1970.0     1.9     6.4    0.60    11.8     0.7
    7 2041   26   820.0     2.9     6.4    0.67     8.2     1.8
    7 2041   27  2440.0     3.3     6.7    0.70     4.1     0.3
    7 2041   28   510.0     2.3     9.1    0.70     4.1    17.2
    7 2041   29   850.0    -0.9     9.2    0.54     6.7     3.8
    7 2041   30  2670.0    -1.3     3.4    0.51     4.1     0.0
    7 2041   31  5130.0    -0.3     5.8    0.57     2.1     0.0
    7 2041   32  7030.0    -2.4     2.6    0.47     3.6     0.0
    7 2041   33  1040.0     0.6     3.9    0.62     4.1     0.0
    7 2041   34  1390.0     1.6     5.2    0.68     4.1     0.0
    7 2041   35  1510.0     0.5     3.8    0.63     3.6     0.0
    7 2041   36  1110.0     2.1     5.6    0.70     4.6     0.0
    7 2041   37  1210.0     4.2     8.0    0.80     4.6     1.0
    7 2041   38  1740.0     4.4     7.3    0.81     1.5     0.3
    7 2041   39  2510.0     4.4     7.4    0.82     2.1     0.1
    7 2041   40  1440.0     3.5     6.5    0.78     5.1     0.0
    7 2041   41  1770.0     2.9     4.0    0.75     3.6     0.0
    7 2041   42  1330.0     1.4     3.9    0.65     3.1     0.0
    7 2041   43  3530.0    -0.1     4.3    0.58     2.1     0.0
    7 2041   44  2350.0    -0.9     2.1    0.57     2.1     0.0
    7 2041   45  1830.0    -1.3     0.7    0.56     3.1     0.0
    7 2041   46  1830.0     0.0     4.4    0.60     3.1     0.2
    7 2041   47  3910.0     0.6     9.1    0.62     3.6     2.6
    7 2041   48  1990.0     3.7     8.5    0.77     6.7     2.3
    7 2041   49  1960.0     1.7     8.3    0.68     5.1     1.5
    7 2041   50  5980.0     2.3     8.3    0.64    10.8     2.1
    7 2041   51  4690.0     3.3     7.9    0.72     8.2     5.5
    7 2041   52  7370.0     1.6     6.7    0.63    10.8     5.2
    7 2041   53  8970.0     0.5     5.6    0.60     4.1     4.1
    7 2041   54 10420.0    -1.9     4.7    0.47     3.1     0.0
    7 2041   55  7150.0    -2.7     3.9    0.48     2.1     0.0
    7 2041   56  3540.0     0.5     5.2    0.60     3.6     0.1
    7 2041   57  2510.0     2.8     5.1    0.73     4.6     5.4
    7 2041   58  8780.0     0.4     5.3    0.56     6.7     0.4
    7 2041   59  7900.0    -0.6     4.8    0.56     4.1     3.8
    7 2041   60  7940.0    -1.0     5.6    0.53     7.2     0.0
    7 2041   61  9150.0     0.2     4.9    0.56    10.8     0.0
    7 2041   62  9570.0    -1.6     3.1    0.49     6.7     0.0
    7 2041   63  3280.0    -1.0     4.0    0.53     2.6     0.0
    7 2041   64  3590.0    -0.5     6.2    0.57     4.1     1.5
    7 2041   65  4280.0     5.1     8.6    0.86     5.7     0.4
    7 2041   66  5230.0     3.5     8.7    0.76     3.1     0.2
    7 2041   67 12980.0     0.8     9.5    0.59     4.6     0.0
    7 2041   68 12740.0    -1.2     9.4    0.48     4.1     0.0
    7 2041   69  9590.0     1.0    11.8    0.60     4.1     0.7
    7 2041   70  6770.0     1.6    12.6    0.66     2.6     0.0
    7 2041   71 11490.0     2.9    16.9    0.67     2.6     0.0
    7 2041   72 12010.0     2.6    17.9    0.63     3.1     0.0
    7 2041   73 11100.0     1.3    17.9    0.59     3.1     0.1
    7 2041   74 12330.0     5.8    18.9    0.80     3.6     0.0
    7 2041   75  2780.0     6.7    12.4    0.93     6.2     1.5
    7 2041   76  9280.0     8.1    13.9    1.01     8.7     3.3
    7 2041   77  3550.0     5.5    13.1    0.83     7.2     0.3
    7 2041   78 14740.0     2.1    10.8    0.64     5.1     0.0
    7 2041   79 14150.0     1.5    12.3    0.62     4.1     0.0
    7 2041   80 12850.0     1.4    17.0    0.60     3.6     0.0
    7 2041   81  5700.0     7.2    15.3    0.96     5.7     2.9
    7 2041   82 13000.0     3.9    10.4    0.71     6.7     0.1
    7 2041   83 14930.0     1.4    10.5    0.60     5.1     0.0
    7 2041   84 11720.0     4.2     9.4    0.72     8.2     0.2
    7 2041   85 15060.0    -1.4    11.5    0.45     5.1     0.0
    7 2041   86 14300.0    -3.9     9.5    0.39     2.6     0.0
    7 2041   87 18420.0    -4.3     9.3    0.37     4.1     0.0
    7 2041   88 18290.0    -3.7     9.7    0.38     3.6     0.0
    7 2041   89 15910.0    -2.4    14.1    0.38     4.1     0.0
    7 2041   90  4370.0     7.0    14.7    0.93     3.6     2.3
    7 2041   91  5620.0     7.6    16.6    0.98     3.6     0.5
    7 2041   92  4950.0     0.6     9.9    0.60     3.6     0.0
    7 2041   93 12530.0     0.6    12.0    0.60     2.1     0.0
    7 2041   94  6600.0     2.6    11.1    0.70     4.1     0.6
    7 2041   95  7020.0     2.2    12.1    0.67     8.2     6.1
    7 2041   96  5290.0     7.2    11.4    0.94     8.2     1.7
    7 2041   97  4210.0     3.0     9.6    0.72     5.1     0.0
    7 2041   98 11400.0     3.1    11.4    0.69     2.6     0.0
    7 2041   99 14800.0     3.3    14.4    0.67     6.2     0.2
    7 2041  100 17140.0     5.6    15.2    0.80     3.6     0.0
    7 2041  101  8250.0     3.4    13.1    0.73     3.6     1.4
    7 2041  102  7550.0     4.6    11.7    0.80     3.6     0.0
    7 2041  103 12240.0     3.6    14.2    0.72     3.6     0.0
    7 2041  104 16230.0     4.4    15.0    0.77     3.6     0.0
    7 2041  105 15770.0     5.1    15.7    0.82     3.6     0.0
    7 2041  106 17240.0     1.5    17.0    0.61     3.6     0.0
    7 2041  107  3340.0    10.5    12.6    1.22     5.7     2.0
    7 2041  108  4650.0     6.8    13.6    0.97     7.2    16.5
    7 2041  109  3560.0     8.4    11.6    1.09     3.1     5.5
    7 2041  110 20160.0     8.7    22.1    1.00     4.6     0.0
    7 2041  111 14740.0     7.9    21.4    0.93     4.6     0.0
    7 2041  112  9970.0     7.0    19.2    0.95     3.1     2.0
    7 2041  113 17960.0    10.4    20.4    1.10     5.7     0.1
    7 2041  114 17730.0    13.8    23.7    1.28     5.7     0.0
    7 2041  115 18700.0    10.4    22.5    1.13     3.6     0.0
    7 2041  116 19260.0    11.0    22.1    1.17     3.6     0.0
    7 2041  117 23060.0    10.2    25.0    1.03     6.2     0.0
    7 2041  118 22110.0    10.5    29.0    0.99     6.7     0.0
    7 2041  119 20380.0    13.6    28.5    1.20     5.7     0.0
    7 2041  120 21610.0    13.7    29.1    1.22     4.1     0.0
    7 2041  121 18040.0    12.8    26.4    1.26     4.1     0.0
    7 2041  122  2510.0    10.8    14.5    1.24     5.1     0.4
    7 2041  123 16430.0     5.2    14.1    0.76     4.6     0.0
    7 2041  124 25530.0     1.6    16.0    0.57     3.6     0.0
    7 2041  125 20220.0     2.7    15.1    0.62     4.1     0.0
    7 2041  126 22200.0     4.7    16.9    0.70     5.7     0.0
    7 2041  127  7510.0     8.4    16.8    0.99     6.7     0.0
    7 2041  128 21530.0    10.4    20.4    1.07     7.2     0.0
    7 2041  129 22220.0    10.8    27.4    1.09     6.2     0.0
    7 2041  130 21510.0    12.8    26.0    1.33     4.1     4.4
    7 2041  131 24090.0    14.4    27.7    1.34     5.1     0.0
    7 2041  132 24160.0    14.1    27.3    1.36     4.1     0.0
    7 2041  133  4890.0    10.8    16.2    1.24     4.1     0.0
    7 2041  134  6960.0    10.7    15.2    1.21     3.1     0.0
    7 2041  135 13080.0     6.3    16.5    0.85     4.6     0.5
    7 2041  136 22290.0     6.1    19.2    0.78     4.6     0.0
    7 2041  137 25170.0    10.8    26.3    0.97     6.2     0.0
    7 2041  138 12860.0    15.9    22.8    1.61     3.6    26.6
    7 2041  139 18090.0    13.5    23.0    1.45     3.6     2.9
    7 2041  140 14880.0    12.8    24.4    1.38     3.6     2.7
    7 2041  141  9270.0    10.3    16.3    1.16     4.1     0.0
    7 2041  142 27000.0     8.2    19.5    0.97     3.1     0.0
    7 2041  143 26510.0     8.7    22.0    0.97     3.6     0.0
    7 2041  144 25460.0    10.9    24.5    1.19     4.1     0.0
    7 2041  145 21440.0    12.5    24.2    1.33     4.6     0.0
    7 2041  146 21440.0    12.7    23.2    1.31     6.2     0.0
    7 2041  147  2570.0    13.6    16.8    1.52     5.7     0.0
    7 2041  148  5960.0    10.9    14.9    1.22     4.1     9.6
    7 2041  149 25620.0    11.7    20.3    1.22     4.6     0.0
    7 2041  150 21270.0    13.3    22.1    1.32     6.2     0.0
    7 2041  151 16800.0    12.6    18.2    1.27     7.7     0.1
    7 2041  152 13270.0    10.9    19.3    1.20     3.1     0.0
    7 2041  153 14580.0    14.0    24.2    1.49     3.1    13.2
    7 2041  154  7770.0    12.5    16.1    1.38     3.6     7.2
    7 2041  155 24780.0    10.8    21.7    1.19     3.1     0.0
    7 2041  156 20000.0    13.3    23.7    1.34     3.1     0.0
    7 2041  157 25820.0    12.0    22.4    1.20     3.1     0.0
    7 2041  158 23990.0     9.6    24.3    1.07     2.6     0.0
    7 2041  159 26370.0    10.4    25.9    1.11     2.1     0.0
    7 2041  160 28120.0    13.0    29.0    1.29     4.1     0.0
    7 2041  161 20090.0    16.8    31.5    1.66     3.1    15.4
    7 2041  162 20130.0    15.2    23.9    1.52     5.7     0.0
    7 2041  163  8890.0    11.2    17.2    1.20     5.1     0.0
    7 2041  164 23069.8    10.5    18.0    1.11     3.6     0.6
    7 2041  165  6230.0    11.5    14.5    1.23     2.6     4.1
    7 2041  166 26930.0     9.2    17.4    1.02     3.1     0.0
    7 2041  167  3260.0    11.3    16.4    1.30     4.6     0.0
    7 2041  168 26500.0    13.6    19.9    1.40     5.1     0.0
    7 2041  169 23069.8    14.3    18.5    1.42     5.7     2.9
    7 2041  170 12190.0    12.6    18.4    1.36     4.6     6.7
    7 2041  171 26640.0    10.0    19.3    1.12     3.6     0.0
    7 2041  172 19580.0    10.2    20.2    1.13     2.1     0.0
    7 2041  173 21320.0     9.2    19.9    1.03     3.1     0.0
    7 2041  174 23069.8    10.5    17.7    1.11     4.1     0.5
    7 2041  175 25480.0    10.4    17.4    1.07     5.7     0.0
    7 2041  176 11600.0    10.8    16.2    1.13     3.1     0.0
    7 2041  177 10320.0     9.6    18.5    1.09     3.6     0.1
    7 2041  178 23069.8    13.0    19.4    1.31     6.2     0.5
    7 2041  179 19180.0    11.2    19.1    1.17     3.6     0.4
    7 2041  180 28580.0     9.3    23.9    1.03     4.1     0.0
    7 2041  181 29090.0    11.6    25.4    1.19     4.1     0.0
    7 2041  182 25030.0    11.8    24.4    1.28     4.1     0.0
    7 2041  183 27670.0    11.2    21.8    1.22     4.1     0.0
    7 2041  184 22770.0    11.1    23.9    1.20     4.1     0.0
    7 2041  185 27760.0    15.8    26.1    1.61     3.6     0.0
    7 2041  186  7750.0    12.7    17.8    1.36     4.1    30.2
    7 2041  187 21330.6    12.3    18.8    1.28     5.1     2.4
    7 2041  188 16640.0    11.6    17.9    1.19     5.7     0.0
    7 2041  189 15840.0     9.1    22.7    1.03     4.1     0.0
    7 2041  190 13460.0    13.5    21.6    1.41     6.2     0.1
    7 2041  191 21330.6    10.0    18.1    1.10     4.6     0.6
    7 2041  192 16740.0     7.4    17.8    0.94     3.1     0.3
    7 2041  193 21330.6     6.0    17.9    0.84     3.6     0.8
    7 2041  194 18700.0     9.6    19.3    1.05     3.1     0.0
    7 2041  195  6390.0    13.1    19.3    1.49     4.1    22.3
    7 2041  196  8740.0    13.5    19.7    1.48     2.1     6.4
    7 2041  197 21330.6    16.7    22.9    1.70     4.1     5.3
    7 2041  198 14120.0    14.6    21.2    1.55     4.6     0.0
    7 2041  199 21470.0    12.7    20.9    1.31     3.1     0.0
    7 2041  200 21330.6    14.4    19.2    1.47     3.1     1.1
    7 2041  201 12400.0    13.9    20.2    1.50     5.1     4.3
    7 2041  202 21330.6    13.4    19.4    1.37     5.1     0.8
    7 2041  203 17130.0    10.1    20.2    1.15     3.6     0.0
    7 2041  204 10550.0    13.2    21.9    1.42     5.1     0.1
    7 2041  205 13970.0    17.0    23.9    1.84     4.6    16.8
    7 2041  206 18080.0    13.4    19.5    1.44     5.1    12.2
    7 2041  207 19020.0    12.0    19.1    1.27     5.7    18.8
    7 2041  208  4150.0    11.8    18.5    1.38     5.7    14.5
    7 2041  209 12490.0    14.6    21.3    1.58     4.1     0.2
    7 2041  210 21330.6    16.5    22.5    1.68     4.1     2.6
    7 2041  211  3610.0    16.7    19.6    1.90     2.6    21.8
    7 2041  212 21330.6    13.3    20.2    1.37     4.1     0.0
    7 2041  213 13750.0    13.4    21.1    1.46     3.1     0.0
    7 2041  214 19020.0    15.2    24.5    1.54     2.6     0.0
    7 2041  215 17994.1    12.6    21.8    1.30     4.1     0.0
    7 2041  216 14400.0    14.5    21.2    1.54     3.1     0.0
    7 2041  217 11910.0    15.4    22.1    1.62     5.7     3.6
    7 2041  218 17994.1     9.5    18.9    1.06     7.2     1.4
    7 2041  219 14600.0    10.6    22.6    1.21     3.1     0.0
    7 2041  220 15560.0    10.8    22.4    1.24     3.1     0.0
    7 2041  221 17994.1    11.4    20.0    1.20     5.1     2.8
    7 2041  222 17994.1     9.2    17.9    1.04     5.7     2.5
    7 2041  223 17994.1     8.5    18.8    0.99     6.2     2.1
    7 2041  224  6190.0    12.3    19.9    1.40     6.2     0.0
    7 2041  225 20700.0     9.5    19.1    1.08     3.6     0.0
    7 2041  226 17170.0     9.7    24.5    1.12     2.6     0.1
    7 2041  227 10300.0    12.7    23.8    1.44     3.1     7.6
    7 2041  228 11420.0    13.0    21.5    1.44     4.1     0.0
    7 2041  229 21700.0     9.2    20.5    1.06     2.6     0.0
    7 2041  230 20030.0     9.3    21.6    1.06     2.6     0.0
    7 2041  231 20330.0     8.1    22.1    0.98     1.5     0.0
    7 2041  232 17994.1    13.4    20.1    1.37     3.1     0.4
    7 2041  233 11790.0    14.0    20.9    1.52     2.6     0.0
    7 2041  234  3400.0    10.0    14.4    1.21     3.6    17.9
    7 2041  235 17994.1     7.9    17.5    0.95     3.1     0.8
    7 2041  236 17994.1     8.8    17.4    1.01     3.6     2.5
    7 2041  237 17994.1    11.3    17.1    1.19     3.1     2.8
    7 2041  238 14950.0     8.4    18.8    1.05     2.6     0.3
    7 2041  239 17994.1     7.2    16.4    0.91     3.6     0.6
    7 2041  240 13670.0     6.5    18.5    0.91     2.6     0.0
    7 2041  241 14470.0     5.2    19.4    0.84     2.6     0.0
    7 2041  242 17994.1    12.0    17.6    1.25     5.1     2.3
    7 2041  243 11680.0    10.8    18.8    1.22     5.1     0.1
    7 2041  244 12505.6    11.0    19.3    1.20     1.5     1.4
    7 2041  245 12505.6    11.6    17.6    1.25     3.1     0.6
    7 2041  246  8670.0    13.2    16.7    1.47     6.2    14.7
    7 2041  247 12505.6    11.6    17.4    1.25     4.6     1.0
    7 2041  248 12505.6     7.2    18.1    0.93     3.1     0.9
    7 2041  249 17450.0     5.0    19.1    0.80     1.5     0.0
    7 2041  250 17320.0     7.8    20.3    0.99     4.1     0.0
    7 2041  251  4270.0    11.5    20.2    1.36     2.6     0.0
    7 2041  252  6890.0    13.7    21.1    1.55     3.1    16.2
    7 2041  253  7090.0    13.4    19.6    1.51     4.6     5.9
    7 2041  254 13100.0     8.2    19.1    1.05     3.1     0.0
    7 2041  255 12505.6     6.6    19.9    0.89     3.1     0.0
    7 2041  256  1310.0    12.0    14.5    1.40     6.2    22.6
    7 2041  257  3640.0    11.4    15.6    1.35     3.6     5.7
    7 2041  258  7230.0    13.1    17.4    1.48     3.6     7.2
    7 2041  259  3680.0    10.8    15.9    1.29     3.1     8.4
    7 2041  260 12505.6     5.3    13.8    0.82     1.5     0.6
    7 2041  261 14350.0     3.4    16.4    0.73     1.5     0.0
    7 2041  262 15760.0     5.2    19.3    0.84     3.6     0.0
    7 2041  263 12330.0     9.4    24.4    1.13     3.1     0.0
    7 2041  264  7450.0    11.3    19.9    1.30     4.1     0.3
    7 2041  265 12505.6    11.0    18.7    1.20     2.1     1.9
    7 2041  266  5660.0    12.3    17.6    1.41     2.1     0.0
    7 2041  267  8410.0    10.8    16.5    1.26     3.6     0.0
    7 2041  268  1060.0    12.3    14.0    1.42     7.2    40.1
    7 2041  269  3220.0    11.7    14.0    1.36     7.2     7.8
    7 2041  270  2360.0    11.6    14.3    1.36     4.1     7.0
    7 2041  271  6240.0     8.7    15.7    1.10     5.1     0.0
    7 2041  272 11600.0     6.2    17.4    0.91     3.1     0.0
    7 2041  273  4470.0    10.0    15.4    1.20     4.1     0.0
    7 2041  274  4955.5    12.3    16.2    1.36     7.2     2.4
    7 2041  275  7490.0    11.9    17.2    1.32     4.6     0.0
    7 2041  276  1430.0    13.0    14.9    1.47     8.2     0.0
    7 2041  277  5490.0    11.9    17.9    1.34     5.7     0.0
    7 2041  278  6610.0    11.2    19.0    1.30     4.1     2.4
    7 2041  279  7090.0    13.2    18.1    1.46     4.6     0.0
    7 2041  280  7660.0     9.2    17.0    1.12     5.1     0.0
    7 2041  281  7730.0    10.4    17.2    1.23     2.6     0.0
    7 2041  282  5090.0    10.3    15.2    1.22     5.1     0.0
    7 2041  283  8090.0     9.4    16.4    1.14     4.1     0.0
    7 2041  284  6210.0    11.3    18.9    1.31     4.1     0.5
    7 2041  285  4100.0    13.2    18.9    1.49     7.2     7.0
    7 2041  286  5750.0    12.8    17.5    1.42     5.7     0.4
    7 2041  287  1820.0     6.7    12.8    0.96     4.6    16.7
    7 2041  288  7480.0     3.2    12.4    0.74     2.6     0.1
    7 2041  289  5070.0     2.2    10.0    0.69     2.1     0.4
    7 2041  290  9740.0     1.7    12.6    0.66     2.6     0.6
    7 2041  291 10600.0     0.4     9.5    0.59     4.1     0.0
    7 2041  292  9570.0    -0.4     9.2    0.57     2.6     0.0
    7 2041  293  5060.0    -0.7    10.3    0.57     2.6     3.9
    7 2041  294  7160.0     3.9    11.6    0.79     3.1     4.5
    7 2041  295  3740.0     5.6    10.9    0.87     5.7     0.0
    7 2041  296  5380.0     5.2    10.0    0.84     7.2     0.0
    7 2041  297  8100.0     6.9    10.1    0.93     5.1     0.0
    7 2041  298  2290.0     8.7    11.5    1.08     4.1     0.0
    7 2041  299  5010.0     9.1    13.8    1.14     3.6     0.1
    7 2041  300  2410.0     9.5    11.6    1.18     2.6     0.5
    7 2041  301  2530.0     5.2    10.4    0.86     3.1     0.0
    7 2041  302  6650.0     3.2    10.6    0.76     5.1     0.0
    7 2041  303  2460.0     3.1     6.7    0.76     4.6     0.0
    7 2041  304  1340.0     2.9     4.9    0.75     3.6     0.0
    7 2041  305   690.0     3.1     4.0    0.76     2.6     0.0
    7 2041  306  1980.0     2.6     5.4    0.73     3.6     0.0
    7 2041  307  3510.0     3.8     8.7    0.80     4.1     0.0
    7 2041  308  5380.0     3.8    14.8    0.79     2.6     0.0
    7 2041  309  4630.0     3.0     8.4    0.75     5.7     0.0
    7 2041  310  1190.0     5.9     7.9    0.92     6.2     0.0
    7 2041  311  1180.0     5.8     7.3    0.92     4.1     6.8
    7 2041  312  1470.0     6.6     8.9    0.97     2.6     0.2
    7 2041  313  2490.0     4.8    11.1    0.86     3.1     0.0
    7 2041  314   880.0     7.7     9.8    1.04     7.2    10.4
    7 2041  315  4140.0     6.1    11.3    0.92     5.1     4.5
    7 2041  316  3910.0     4.2    10.4    0.82     4.1     0.6
    7 2041  317  1690.0     5.3     9.6    0.88     6.7     0.9
    7 2041  318   780.0     6.9    12.0    0.98    10.3    18.5
    7 2041  319  2260.0     4.4     9.5    0.80     5.1     0.0
    7 2041  320  4410.0     1.1     6.1    0.63     2.6     0.0
    7 2041  321  4780.0     0.4     5.9    0.60     3.6     0.0
    7 2041  322  4610.0    -0.9     3.1    0.56     3.6     0.0
    7 2041  323  6110.0    -2.1     3.3    0.49     3.6     0.0
    7 2041  324  1950.0    -2.4     3.4    0.48     4.6     0.0
    7 2041  325  1770.0    -4.1    -0.1    0.41     6.7     0.0
    7 2041  326  3300.0    -6.3    -1.2    0.36     2.1     0.0
    7 2041  327  1030.0    -6.8     1.4    0.35     3.6     0.0
    7 2041  328  4620.0    -3.7     2.0    0.43     3.1     0.0
    7 2041  329  3540.0    -2.7     4.1    0.47     2.1     0.0
    7 2041  330  1150.0    -3.3     2.4    0.47     2.6     0.0
    7 2041  331   560.0    -2.3    -0.7    0.50     5.1     0.0
    7 2041  332  2090.0    -1.8     1.1    0.50     4.1     0.0
    7 2041  333  4630.0    -3.0     3.0    0.45     4.1     0.0
    7 2041  334  1460.0    -3.7     0.8    0.42     4.1     0.7
    7 2041  335   850.0    -1.0     3.2    0.55     3.6     0.2
    7 2041  336  1790.0     2.9    11.5    0.73     6.7     0.5
    7 2041  337  1260.0     8.9    10.7    1.08     7.2     0.0
    7 2041  338   380.0     3.3    11.9    0.72     8.2     2.2
    7 2041  339  2380.0     2.6     9.4    0.71     5.1     0.0
    7 2041  340  1030.0     6.7     8.9    0.95     5.1     0.0
    7 2041  341   350.0     4.3     7.8    0.76     7.7    10.5
    7 2041  342   610.0     3.0    11.8    0.71     7.7    15.6
    7 2041  343   370.0     7.1    10.4    0.90    11.8     9.3
    7 2041  344   640.0     5.3     9.4    0.82     6.7     1.8
    7 2041  345  2280.0     3.0     7.1    0.69     5.7     0.7
    7 2041  346  2060.0     2.2     6.1    0.69     4.1     7.9
    7 2041  347   890.0     3.1    10.4    0.74     6.2    15.3
    7 2041  348  3420.0     0.4     5.0    0.57     5.1     0.5
    7 2041  349   410.0     1.6     4.9    0.65     8.7     4.8
    7 2041  350  1850.0     4.7     8.1    0.79     8.7     4.1
    7 2041  351  2800.0     3.4     7.5    0.72     4.6     0.3
    7 2041  352   450.0     6.0    12.6    0.90     7.7     1.2
    7 2041  353   300.0     7.6    14.1    0.96    12.3    11.3
    7 2041  354   510.0     3.6     7.9    0.75     4.1     6.4
    7 2041  355  1550.0     1.6     5.3    0.65     4.6     7.9
    7 2041  356   520.0     2.0     7.6    0.66     7.7    13.4
    7 2041  357  1580.0     3.7     6.9    0.75     6.2     5.2
    7 2041  358   710.0     3.6     5.8    0.77     4.1     3.3
    7 2041  359  3160.0    -0.1     3.9    0.57     2.6     0.0
    7 2041  360   790.0     2.0     4.4    0.67     5.7     1.9
    7 2041  361   580.0     1.6     4.5    0.66     1.5     1.6
    7 2041  362  1260.0     0.9     4.4    0.63     3.6     0.0
    7 2041  363   520.0     3.0     8.6    0.74     6.7     6.3
    7 2041  364   610.0     4.7     9.2    0.82     5.1    15.6
    7 2041  365  1730.0     3.5     8.8    0.75     5.1     4.7
