*---------------------------------------------------------------------------*
* Station name: Lelystad, Netherlands, KNMI G+-scenario for period around 2050 
* Year: 2049
* Author: Joost Wolf and Janette Bessembinder            -99.000: NIL VALUE
* Comments: vapour pressure calculated from minimum temperature and 
* relative humidity
* Longitude: 5 38 E, latitude: 52 34 N, altitude: -4 m.
*
* Column  Daily value
* 1       station number
* 2       year
* 3       day
* 4       irradiation                   (kJ m-2 d-1)
* 5       minimum temperature           (degrees Celsius)
* 6       maximum temperature           (degrees Celsius)
* 7       early morning vapour pressure (kPa)
* 8       mean wind speed (height: 2 m) (m s-1)
* 9       precipitation                 (mm d-1)
*
** WCCDESCRIPTION=Netherlands, Lelystad, G+-scenario
** WCCFORMAT=2
** WCCYEARNR=2049
*---------------------------------------------------------------------------*
   5.63  52.57    -4.  -0.18 -0.55
    7 2049    1  1010.0     2.1     5.7    0.68     7.8     5.8
    7 2049    2  2270.0     5.0    11.1    0.82     7.3     0.0
    7 2049    3  2880.0     4.7    10.8    0.82     5.9     3.2
    7 2049    4   950.0     6.4     9.8    0.93     7.6     3.4
    7 2049    5   260.0     7.3    11.3    1.00     7.3    14.2
    7 2049    6  2310.0     5.3     8.3    0.86     4.7     2.1
    7 2049    7  1190.0     4.3     7.7    0.81     5.4     0.0
    7 2049    8  1050.0     2.6     6.6    0.72     4.7     2.1
    7 2049    9  3040.0     1.9     7.6    0.69     2.7     0.0
    7 2049   10  1920.0     1.6     4.8    0.67     5.0     0.0
    7 2049   11  4430.0    -0.5     4.2    0.55     5.3     0.0
    7 2049   12  1780.0    -2.1     4.4    0.51     1.9     0.0
    7 2049   13  3610.0    -2.1     1.0    0.51     4.0     0.0
    7 2049   14   740.0    -3.4     1.5    0.46     4.1     0.0
    7 2049   15  5950.0    -2.9     1.6    0.47     4.9     0.0
    7 2049   16  6450.0    -4.7     0.9    0.41     2.6     0.0
    7 2049   17  4340.0    -6.8    -0.6    0.35     1.5     0.0
    7 2049   18   560.0    -7.1     1.4    0.35     1.5     0.2
    7 2049   19  1390.0    -0.1     1.9    0.60     1.0     0.0
    7 2049   20   810.0     0.8     1.8    0.63     2.0     0.7
    7 2049   21  2880.0     0.6     2.6    0.62     4.0     2.3
    7 2049   22  1620.0     1.1     6.3    0.65     4.1     1.4
    7 2049   23  2250.0     5.5    10.9    0.89     6.7     2.8
    7 2049   24  3270.0     4.6    12.5    0.81     7.0     2.8
    7 2049   25  1630.0     3.9     9.1    0.79     5.1     1.8
    7 2049   26  1720.0     3.4     7.1    0.76     5.4     1.0
    7 2049   27   880.0     4.0     6.1    0.79     3.9     6.3
    7 2049   28  3130.0     3.4     7.8    0.76     3.0     6.3
    7 2049   29  4920.0    -0.1     7.4    0.58     1.3     0.0
    7 2049   30  4410.0    -0.9     6.4    0.56     1.7     0.0
    7 2049   31  3960.0     0.7     6.4    0.63     1.9     0.0
    7 2049   32  4200.0     0.1     6.2    0.60     2.1     0.0
    7 2049   33  1280.0     0.4     2.3    0.62     3.3     3.6
    7 2049   34  2590.0    -0.6     1.1    0.57     4.8     9.2
    7 2049   35  2350.0    -1.7     8.0    0.53     4.3    24.1
    7 2049   36  1700.0     5.8    11.0    0.91     6.5     5.0
    7 2049   37  1200.0     8.4    13.3    1.07     7.6     9.0
    7 2049   38  2740.0     8.9    12.0    1.09     6.1     3.4
    7 2049   39  1750.0     4.2    12.0    0.79     6.3    16.5
    7 2049   40  4960.0     0.1     7.4    0.57     2.5     0.0
    7 2049   41  7650.0    -1.1     7.8    0.53     3.7     0.5
    7 2049   42  1890.0     5.9    13.2    0.90     7.9     0.1
    7 2049   43  1840.0     6.1    13.3    0.91     5.8     3.7
    7 2049   44  7380.0     1.2     9.6    0.65     3.4     0.0
    7 2049   45  5460.0     1.0     7.9    0.65     1.8     0.0
    7 2049   46  8580.0     0.7    13.6    0.63     1.6     0.0
    7 2049   47  1880.0     1.4     6.4    0.67     3.0     1.5
    7 2049   48  2620.0     3.7     6.3    0.77     3.9     0.0
    7 2049   49  5020.0     2.6     8.7    0.71     2.9     0.0
    7 2049   50  3700.0     3.2     7.3    0.75     4.4     0.4
    7 2049   51  5900.0     4.5     8.9    0.81     4.3     0.0
    7 2049   52  4770.0     5.6    10.0    0.88     4.5     1.3
    7 2049   53  9220.0     4.3     9.1    0.78     6.3     3.2
    7 2049   54  8600.0     0.4     6.4    0.58     3.5     3.5
    7 2049   55 12510.0    -4.0     2.8    0.42     3.4     1.7
    7 2049   56  7290.0    -1.8     5.9    0.52     3.8     1.3
    7 2049   57  8270.0     0.9     6.9    0.62     3.6     0.0
    7 2049   58  7740.0     0.6     6.6    0.56     4.6     0.0
    7 2049   59  4270.0     2.2     7.5    0.67     2.5     0.4
    7 2049   60  3190.0     1.6     4.1    0.67     2.7     0.0
    7 2049   61  8740.0    -1.0     5.2    0.54     4.1     0.0
    7 2049   62  7060.0    -2.0     1.7    0.47     4.6     0.0
    7 2049   63  4360.0    -0.2     4.6    0.57     4.5     0.0
    7 2049   64  5040.0     0.6     6.0    0.57     2.2     0.0
    7 2049   65 12550.0    -0.9    10.4    0.50     4.2     0.0
    7 2049   66  5220.0     2.9    13.3    0.72     3.8     2.6
    7 2049   67  2460.0     6.9    11.7    0.98     4.0     2.2
    7 2049   68  2950.0     8.8    11.9    1.11     5.5     0.0
    7 2049   69  3180.0     9.7    12.4    1.19     5.3     2.1
    7 2049   70  5240.0     9.3    14.5    1.15     5.3     4.2
    7 2049   71 12310.0     4.8    14.0    0.78     5.5     3.2
    7 2049   72  3920.0     5.5     9.0    0.86     5.9     1.9
    7 2049   73  7970.0     1.5     9.7    0.64     4.8     0.0
    7 2049   74  8450.0     0.7    12.2    0.61     1.6     0.0
    7 2049   75  6820.0     4.7     9.6    0.81     4.3     0.0
    7 2049   76  1510.0     3.1     4.8    0.74     7.7    10.7
    7 2049   77  2170.0     2.9     5.1    0.74     3.8     4.4
    7 2049   78  8450.0     1.2     6.3    0.61     6.3     3.4
    7 2049   79  9380.0    -0.4     7.5    0.53     2.8     0.0
    7 2049   80  3140.0     0.9     2.6    0.62     5.8     7.7
    7 2049   81  4570.0     1.6     5.3    0.68     2.5     0.0
    7 2049   82  1360.0     4.2     8.2    0.82     4.0    20.6
    7 2049   83  8580.0     4.0     9.7    0.80     4.7     0.0
    7 2049   84  3610.0     3.0     5.1    0.72     7.2     0.0
    7 2049   85  7110.0     2.3     5.3    0.67     4.0     0.0
    7 2049   86  7240.0     1.1     6.5    0.59     6.0     0.0
    7 2049   87  7680.0     2.9    12.9    0.68     6.5     0.8
    7 2049   88  5070.0     4.2    10.9    0.81     2.7     3.8
    7 2049   89  8070.0     3.1    11.4    0.73     2.9     0.0
    7 2049   90  7010.0     3.3    14.0    0.72     5.7     0.0
    7 2049   91  8630.0     6.7    15.8    0.94     3.2     0.0
    7 2049   92 18300.0     6.1    22.7    0.81     3.9     0.0
    7 2049   93 12320.0     9.0    16.6    1.00     4.8     0.0
    7 2049   94  6820.0     7.1    13.6    0.91     7.3     4.1
    7 2049   95 11750.0     7.4    13.0    0.93     7.0     5.3
    7 2049   96  8290.0     8.9    14.6    1.07     6.3     3.4
    7 2049   97 12670.0     6.6    13.6    0.90     4.0     3.5
    7 2049   98  9050.0     3.3    11.2    0.72     3.9     0.7
    7 2049   99  8940.0     5.2    11.5    0.83     4.0     0.0
    7 2049  100 11030.0     8.3    12.2    1.06     4.5     0.9
    7 2049  101 15070.0     7.0    13.4    0.92     5.4     0.3
    7 2049  102 15020.0     4.7     9.7    0.74     5.8     0.4
    7 2049  103 17190.0     1.1     9.5    0.51     5.3     0.0
    7 2049  104  9030.0    -1.6     6.9    0.48     4.3     8.2
    7 2049  105  6990.0     6.2    10.9    0.90     6.0     4.5
    7 2049  106 12690.0     6.4    11.1    0.90     5.5     5.2
    7 2049  107 10040.0     6.0     9.6    0.83     4.7     0.6
    7 2049  108 14360.0     3.5     9.3    0.73     7.0     9.5
    7 2049  109 15610.0     2.4     8.5    0.68     4.5     8.7
    7 2049  110 12260.0     3.1    10.3    0.72     2.3     3.7
    7 2049  111 17400.0     2.6    11.8    0.68     4.0     0.0
    7 2049  112 18700.0     0.7    13.7    0.57     1.8     0.0
    7 2049  113 15410.0     2.9    14.1    0.65     2.0     0.0
    7 2049  114 14370.0     5.4    17.3    0.78     4.0     0.4
    7 2049  115  6500.0     7.4    14.5    0.99     2.9    20.1
    7 2049  116 12800.0     9.1    14.5    1.07     6.7     4.0
    7 2049  117  9970.0     9.0    14.6    1.08     3.8     7.8
    7 2049  118 10890.0     7.1    14.3    0.94     5.6     3.9
    7 2049  119 20310.0     6.7    18.6    0.86     4.3     0.0
    7 2049  120 15780.0    10.2    18.7    1.17     3.5     4.7
    7 2049  121 12050.0     8.0    13.4    1.00     7.6     0.0
    7 2049  122 22570.0     7.0    21.4    0.87     6.1     0.0
    7 2049  123  7720.0     9.6    16.6    1.10     3.6     4.5
    7 2049  124  8990.0     6.8    11.9    0.91     4.8     2.4
    7 2049  125 19870.0     6.0    12.7    0.81     6.5     0.0
    7 2049  126 17900.0     7.9    16.1    0.92     6.8     0.0
    7 2049  127 26570.0     7.7    17.8    0.90     5.8     0.0
    7 2049  128 22800.0     7.3    16.5    0.90     4.0     0.0
    7 2049  129 25700.0    10.9    24.7    1.11     4.5     0.0
    7 2049  130 26090.0    11.3    27.2    1.06     4.6     0.0
    7 2049  131 27170.0    11.7    27.4    1.10     3.9     0.0
    7 2049  132 27360.0    12.3    26.4    1.12     4.0     0.0
    7 2049  133 25510.0    12.1    26.6    1.11     3.3     0.0
    7 2049  134 11400.0    13.4    22.9    1.38     2.5     8.1
    7 2049  135 17350.0    11.5    19.2    1.25     4.0     3.0
    7 2049  136 11850.0    11.9    18.9    1.32     5.9    25.1
    7 2049  137 15590.0    10.4    17.8    1.13     8.2     3.6
    7 2049  138 20970.6    10.6    15.3    1.10     5.5     1.1
    7 2049  139 24720.0     8.6    16.9    1.02     3.9     0.0
    7 2049  140 25790.0     7.2    18.6    0.89     2.6     0.0
    7 2049  141 22310.0     8.8    18.4    0.98     4.7     0.0
    7 2049  142 28970.0     9.0    21.3    0.97     4.9     0.0
    7 2049  143 28840.0     9.7    24.5    1.00     4.0     0.0
    7 2049  144 28160.0    11.6    22.3    1.17     4.9     0.0
    7 2049  145 29820.0     9.1    22.2    0.95     3.4     0.0
    7 2049  146 22680.0     9.8    24.1    1.01     3.0     0.0
    7 2049  147  8640.0    13.1    19.0    1.40     4.9     0.7
    7 2049  148  9420.0    17.2    21.7    1.83     6.2     0.1
    7 2049  149 27790.0    12.9    20.5    1.29     6.3     0.0
    7 2049  150 25710.0    10.4    23.0    1.06     2.8     0.0
    7 2049  151 23540.0    11.2    18.2    1.18     5.7     0.5
    7 2049  152 23069.8    12.2    18.4    1.24     5.0     3.1
    7 2049  153  8580.0     9.1    15.8    1.09     6.8    16.6
    7 2049  154 11170.0     8.5    12.9    0.98     7.8     4.6
    7 2049  155 15790.0     8.6    17.0    1.00     4.9     0.0
    7 2049  156 20030.0     8.7    21.3    0.98     3.0     0.0
    7 2049  157 23069.8    13.0    21.8    1.31     4.8     1.6
    7 2049  158 23069.8    10.3    16.7    1.10     6.8     2.2
    7 2049  159 28640.0     7.8    17.1    0.89     4.3     0.0
    7 2049  160 27230.0     5.9    17.9    0.74     1.9     0.0
    7 2049  161 22600.0    10.2    18.7    1.01     2.5     0.0
    7 2049  162 22830.0     9.4    17.3    1.00     4.3     0.0
    7 2049  163 23680.0    13.8    19.3    1.32     3.7     0.0
    7 2049  164 21730.0    12.5    20.0    1.25     3.3     0.0
    7 2049  165 29230.0    10.3    21.8    1.04     3.5     0.0
    7 2049  166 23069.8    14.7    23.4    1.46     2.7     9.5
    7 2049  167 15530.0    14.0    21.2    1.51     3.0    19.1
    7 2049  168 11220.0    15.1    19.9    1.65     3.8     0.0
    7 2049  169 12400.0    12.4    17.1    1.29     5.3     0.0
    7 2049  170 23850.0     9.7    19.8    1.04     2.3     0.0
    7 2049  171 23780.0    11.2    23.7    1.14     3.9     0.0
    7 2049  172 25090.0    13.5    19.0    1.34     4.4     0.0
    7 2049  173 23069.8    13.1    17.9    1.32     5.5     0.5
    7 2049  174 23720.0    11.2    21.1    1.18     1.9     0.0
    7 2049  175 25070.0    10.5    25.0    1.12     2.3     0.0
    7 2049  176 29300.0    11.6    25.0    1.20     3.3     0.0
    7 2049  177 28250.0    12.6    28.2    1.22     3.8     0.0
    7 2049  178 11460.0    17.9    24.9    1.85     3.9     0.0
    7 2049  179 21640.0    15.1    24.1    1.51     4.3     0.0
    7 2049  180 23069.8    14.8    25.0    1.47     3.7     0.6
    7 2049  181 16250.0    16.2    23.0    1.72     3.3     0.0
    7 2049  182 26440.0    13.9    21.5    1.43     4.1     0.0
    7 2049  183 20480.0    13.4    24.6    1.40     1.8     0.0
    7 2049  184 28500.0    14.8    25.3    1.51     3.9     0.0
    7 2049  185 29510.0    15.7    28.5    1.48     4.8     0.0
    7 2049  186 28380.0    18.2    31.5    1.76     3.5     0.0
    7 2049  187 23120.0    19.4    31.6    1.92     3.4     0.0
    7 2049  188 14000.0    19.2    26.3    2.05     4.0    16.8
    7 2049  189 21330.6    18.7    21.9    1.93     4.8     0.0
    7 2049  190 18310.0    14.8    21.5    1.54     4.0     0.0
    7 2049  191 14030.0    15.6    24.9    1.65     5.0     5.5
    7 2049  192 11720.0    14.3    19.5    1.49     8.6    19.8
    7 2049  193 17430.0    13.3    20.4    1.40     5.8     7.8
    7 2049  194 14670.0    13.0    19.8    1.41     5.1     7.5
    7 2049  195  8240.0    12.7    18.5    1.40     2.5     0.0
    7 2049  196 21330.6    11.0    19.9    1.17     3.0     0.0
    7 2049  197 23570.0     9.9    20.3    1.11     1.6     0.0
    7 2049  198 21330.6     9.5    22.1    1.06     3.7     1.3
    7 2049  199 12940.0    15.6    20.5    1.66     5.0    30.2
    7 2049  200 21330.6    13.2    20.5    1.36     3.9     0.6
    7 2049  201 21330.6    11.0    19.5    1.17     4.1     3.0
    7 2049  202 21330.6    11.0    18.9    1.17     5.0     1.7
    7 2049  203 22700.0    14.8    24.8    1.53     3.5     0.0
    7 2049  204 21330.6    14.3    24.3    1.46     1.9     1.1
    7 2049  205 22130.0    15.1    25.2    1.62     2.0     0.0
    7 2049  206 25920.0    14.4    25.7    1.50     2.4     0.0
    7 2049  207 25450.0    15.6    28.1    1.54     3.0     0.0
    7 2049  208 15090.0    17.5    29.4    1.83     3.1     3.8
    7 2049  209 24650.0    16.2    25.2    1.73     3.0     0.2
    7 2049  210 24840.0    14.1    27.9    1.44     2.0     0.0
    7 2049  211 24570.0    17.7    25.8    1.81     3.1     0.0
    7 2049  212 16300.0    17.4    25.3    1.82     4.0     0.0
    7 2049  213 17970.0    13.9    22.0    1.38     3.1     0.0
    7 2049  214 18690.0    12.9    27.3    1.32     3.4     3.4
    7 2049  215 15140.0    15.8    23.7    1.66     5.2     0.1
    7 2049  216 17994.1    13.8    22.2    1.41     5.0     2.3
    7 2049  217 18730.0    12.8    20.8    1.36     5.0    12.9
    7 2049  218 11380.0    12.4    22.5    1.36     4.8     6.9
    7 2049  219 12950.0    17.0    22.9    1.84     4.0    27.0
    7 2049  220 12910.0    14.6    20.6    1.55     7.6    18.8
    7 2049  221 17994.1    13.9    20.3    1.41     2.6     2.0
    7 2049  222 15250.0    13.7    19.0    1.45     3.3    20.0
    7 2049  223 17994.1    10.0    22.1    1.09     3.9     1.4
    7 2049  224  5340.0    15.5    19.2    1.65     6.7     7.9
    7 2049  225  3240.0    17.9    21.2    1.97     4.8     0.3
    7 2049  226 20950.0    17.5    29.0    1.83     3.1     0.0
    7 2049  227 20550.0    18.5    32.4    1.89     2.5     0.0
    7 2049  228 14980.0    14.3    23.9    1.48     5.3     4.3
    7 2049  229 20890.0    13.4    24.1    1.38     3.3     0.0
    7 2049  230 17994.1    14.7    25.7    1.49     3.8     1.4
    7 2049  231 17994.1    17.4    24.8    1.77     5.0     1.8
    7 2049  232 17994.1    13.7    23.1    1.40     3.3     0.4
    7 2049  233 18360.0    12.2    25.7    1.33     1.9     0.0
    7 2049  234 17000.0    16.6    30.0    1.74     1.9     0.0
    7 2049  235 16800.0    19.5    29.2    2.06     2.0     0.0
    7 2049  236 16630.0    19.8    30.7    2.10     1.5     0.0
    7 2049  237 19560.0    18.4    32.9    1.89     1.8     0.0
    7 2049  238 12580.0    20.2    28.8    2.20     3.2    14.4
    7 2049  239 19250.0    14.4    20.9    1.44     4.7     0.3
    7 2049  240 14570.0    12.1    20.1    1.25     3.3     0.0
    7 2049  241 19180.0     9.3    21.4    1.07     2.4     0.0
    7 2049  242 11620.0    12.2    22.0    1.30     2.4     0.0
    7 2049  243 17994.1    13.4    20.7    1.37     2.5     1.1
    7 2049  244 12505.6    12.3    20.7    1.31     3.4     0.6
    7 2049  245  3350.0    13.0    20.0    1.46     4.6    15.5
    7 2049  246  5090.0    14.8    18.7    1.62     3.5    18.1
    7 2049  247 10190.0    13.4    18.7    1.46     5.6    32.9
    7 2049  248 12505.6    14.2    18.5    1.48     5.1     0.0
    7 2049  249 13430.0    14.4    20.4    1.54     3.4     0.0
    7 2049  250  8680.0    14.3    19.2    1.51     6.0     5.1
    7 2049  251 14180.0    11.0    17.8    1.19     8.1     6.5
    7 2049  252 14840.0    11.9    17.3    1.22     7.7     2.9
    7 2049  253 12505.6    12.7    17.1    1.34     7.4     1.2
    7 2049  254 12505.6    13.3    16.5    1.40     5.6     0.6
    7 2049  255 12505.6    14.5    18.7    1.51     4.4     1.1
    7 2049  256  9990.0    11.5    18.0    1.27     4.3     9.7
    7 2049  257 11040.0    10.5    17.8    1.19     3.2     0.1
    7 2049  258 11000.0    10.6    17.0    1.19     5.8    14.5
    7 2049  259 10840.0     9.6    16.2    1.12     4.0     3.5
    7 2049  260  6410.0    10.0    16.1    1.18     3.2    24.9
    7 2049  261  7980.0    10.1    15.3    1.18     2.5     0.0
    7 2049  262  2360.0    11.4    14.2    1.29     6.6    18.2
    7 2049  263  5120.0    12.0    15.8    1.34     2.9     0.1
    7 2049  264 14930.0    12.2    17.6    1.31     5.0     0.0
    7 2049  265  6740.0    12.8    17.2    1.40     4.7    12.7
    7 2049  266 11970.0    12.4    17.5    1.36     4.3     0.1
    7 2049  267  5940.0     8.6    17.3    1.07     4.2     0.0
    7 2049  268  8560.0     7.8    18.3    1.01     1.3     0.0
    7 2049  269 12505.6     9.2    18.3    1.07     2.3     1.0
    7 2049  270  6940.0    13.9    19.2    1.51     4.0     0.0
    7 2049  271 12520.0    11.8    22.3    1.29     3.4     0.0
    7 2049  272 12505.6    10.3    21.1    1.15     2.6     0.0
    7 2049  273 12505.6    16.6    20.2    1.73     5.3     1.5
    7 2049  274  5220.0    16.8    19.9    1.76     8.8     1.3
    7 2049  275  2490.0    15.5    21.4    1.68     6.7     8.9
    7 2049  276  9940.0    14.1    20.2    1.49     6.2     0.0
    7 2049  277  7470.0    12.9    19.0    1.40     5.3     0.1
    7 2049  278  9840.0    12.0    19.6    1.31     3.6     0.0
    7 2049  279  6670.0    12.2    21.0    1.35     4.1    14.6
    7 2049  280  7610.0    14.6    19.0    1.54     6.1     0.3
    7 2049  281  7200.0    14.0    18.3    1.44     8.4     0.3
    7 2049  282  6060.0    14.2    18.0    1.49     8.4     2.4
    7 2049  283  7300.0    12.5    17.8    1.35     7.2     0.0
    7 2049  284  3580.0    14.7    18.2    1.62     5.8     2.5
    7 2049  285  9790.0    11.0    21.2    1.23     3.0     0.0
    7 2049  286  8380.0    12.9    24.2    1.41     2.5     0.0
    7 2049  287  6720.0    13.2    22.3    1.45     3.5     0.1
    7 2049  288  7200.0    15.5    22.8    1.64     4.2     0.8
    7 2049  289  9170.0     9.6    19.1    1.11     2.3     0.0
    7 2049  290  7850.0     9.9    19.4    1.15     3.0     0.0
    7 2049  291  6740.0    11.8    20.3    1.32     2.6     3.0
    7 2049  292  5390.0    14.2    20.6    1.57     2.4     2.1
    7 2049  293  6560.0    13.2    21.0    1.39     3.0     0.0
    7 2049  294  3040.0    13.8    16.8    1.49     3.4     0.6
    7 2049  295  1030.0     9.8    15.6    1.15     4.6     0.0
    7 2049  296  1250.0     9.9    15.0    1.19     3.4    12.2
    7 2049  297  4240.0    11.6    15.4    1.33     4.0     1.0
    7 2049  298  5830.0     9.9    17.5    1.18     3.9     0.0
    7 2049  299  6130.0    11.9    16.8    1.32     6.0     0.0
    7 2049  300  5410.0    11.1    17.4    1.26     5.4     1.5
    7 2049  301  6520.0     9.0    16.3    1.10     3.6     0.0
    7 2049  302  2880.0     8.1    15.7    1.02     5.9     0.0
    7 2049  303  6320.0    14.6    19.4    1.50     8.3     0.0
    7 2049  304  3950.0     9.9    16.5    1.10     8.6     5.9
    7 2049  305  5490.0     6.3    13.9    0.86     4.2     0.0
    7 2049  306  5600.0     7.1    15.3    0.95     3.4     0.0
    7 2049  307  2370.0     9.6    13.9    1.13     3.1     0.0
    7 2049  308  2050.0     9.5    12.7    1.11     4.5     3.1
    7 2049  309  4920.0     7.0    12.0    0.90     4.0     0.0
    7 2049  310  3660.0     7.3    14.4    0.95     6.2     2.8
    7 2049  311  1820.0     8.5    11.7    1.06     4.0     6.3
    7 2049  312  2410.0     4.2    11.5    0.77     6.1    16.0
    7 2049  313  4160.0     0.3     8.3    0.60     2.6     7.0
    7 2049  314  3440.0     0.1     7.5    0.57     5.2     0.0
    7 2049  315  1240.0     4.6     9.7    0.82     4.3     0.4
    7 2049  316  1510.0     8.5    12.4    1.10     3.9     4.5
    7 2049  317  3950.0     5.4     9.3    0.81     4.1     1.2
    7 2049  318  5400.0     1.1     9.1    0.61     3.5     0.0
    7 2049  319  5910.0    -1.2     7.9    0.54     2.4     0.0
    7 2049  320  1640.0     5.7    11.8    0.90     1.7     0.1
    7 2049  321  2440.0     8.1    12.5    1.06     1.2     0.0
    7 2049  322  2510.0     7.3    10.9    1.01     1.3     0.0
    7 2049  323  2730.0     7.8    11.5    1.03     1.4     0.1
    7 2049  324  1370.0     6.1    10.7    0.90     3.0     0.0
    7 2049  325  1780.0     8.8    12.6    1.09     8.8     9.2
    7 2049  326  1170.0     4.3    12.9    0.75     7.5     7.0
    7 2049  327  3260.0     4.1     8.5    0.75     3.6     5.0
    7 2049  328   740.0     5.8    11.2    0.91     3.0     3.1
    7 2049  329  1140.0     9.5    13.0    1.17     3.9     4.6
    7 2049  330  2560.0     3.0     9.8    0.73     1.9     1.2
    7 2049  331  4190.0     2.5     8.8    0.71     4.4     3.3
    7 2049  332  3030.0     5.5    10.2    0.85     4.3     0.7
    7 2049  333   430.0     7.2    11.8    1.00     6.1    13.7
    7 2049  334   760.0    11.3    13.6    1.34     3.5     9.9
    7 2049  335   580.0     7.4    14.3    1.02     4.8     3.5
    7 2049  336  1560.0     5.1    10.0    0.86     2.3     1.5
    7 2049  337  1080.0     8.4    10.4    1.10     1.8     1.4
    7 2049  338   790.0     9.2    11.4    1.10     6.8     6.8
    7 2049  339  1960.0     5.7    12.9    0.87     6.3     3.9
    7 2049  340  3370.0     1.5    10.9    0.65     4.1     0.0
    7 2049  341  3850.0     0.1     9.5    0.61     1.5     0.0
    7 2049  342  3380.0     1.2     6.6    0.66     2.7     0.0
    7 2049  343  2150.0     0.8     2.7    0.63     2.7     0.0
    7 2049  344  2950.0     0.3     5.8    0.61     1.3     0.0
    7 2049  345  1360.0     2.4     7.7    0.73     1.7     0.0
    7 2049  346   560.0     3.2     6.3    0.77     2.9     0.0
    7 2049  347  1330.0    -1.5     5.9    0.51     4.6     0.0
    7 2049  348  2920.0    -3.6    -0.1    0.42     3.7     0.0
    7 2049  349   730.0    -3.5     2.6    0.46     2.2     0.1
    7 2049  350  2820.0    -2.4     2.5    0.50     2.9     0.0
    7 2049  351  2720.0    -0.5     5.7    0.58     1.9     0.2
    7 2049  352   590.0     0.1     6.4    0.61     1.9     0.3
    7 2049  353   750.0     4.2     7.0    0.79     4.9     7.6
    7 2049  354  2340.0     0.4     5.5    0.58     4.4     1.2
    7 2049  355   260.0     3.1     8.2    0.72     7.3    10.4
    7 2049  356  1280.0    -1.7     4.6    0.52     3.8     5.3
    7 2049  357  5680.0    -5.5     1.5    0.38     4.3     0.4
    7 2049  358   320.0     1.1     9.7    0.64     9.8     4.8
    7 2049  359  3130.0     2.8     9.2    0.69     6.3     7.2
    7 2049  360  2480.0     1.6     4.8    0.65     4.0     4.3
    7 2049  361   680.0     1.1     7.7    0.64     7.0    13.1
    7 2049  362  1240.0     4.8     9.1    0.78    10.0     7.0
    7 2049  363  1410.0    -2.1     5.4    0.51     2.1     7.0
    7 2049  364  2110.0    -6.4     3.4    0.37     3.3     6.9
    7 2049  365  5050.0    -7.9     3.6    0.32     2.8     0.3
