*---------------------------------------------------------------------------*
* Station name: Lelystad, Netherlands, KNMI W-scenario for period around 2050 
* Year: 2044
* Author: Joost Wolf and Janette Bessembinder            -99.000: NIL VALUE
* Comments: vapour pressure calculated from minimum temperature and 
* relative humidity
* Longitude: 5 38 E, latitude: 52 34 N, altitude: -4 m.
*
* Column  Daily value
* 1       station number
* 2       year
* 3       day
* 4       irradiation                   (kJ m-2 d-1)
* 5       minimum temperature           (degrees Celsius)
* 6       maximum temperature           (degrees Celsius)
* 7       early morning vapour pressure (kPa)
* 8       mean wind speed (height: 2 m) (m s-1)
* 9       precipitation                 (mm d-1)
*
** WCCDESCRIPTION=Netherlands, Lelystad, W-scenario
** WCCFORMAT=2
** WCCYEARNR=2044
*---------------------------------------------------------------------------*
   5.63  52.57    -4.  -0.18 -0.55
    8 2044    1   480.0    -2.3    -0.2    0.51     5.7     0.0
    8 2044    2  2000.0    -2.6     0.4    0.48     4.1     0.0
    8 2044    3  3540.0    -4.5     0.7    0.42     2.6     0.0
    8 2044    4  2130.0    -4.2     2.4    0.42     4.1     0.0
    8 2044    5  3700.0    -3.7     2.0    0.40     4.6     0.0
    8 2044    6  3480.0    -4.1    -0.3    0.40     5.1     0.0
    8 2044    7   800.0    -0.6     7.6    0.57     4.1     4.7
    8 2044    8  1920.0     3.5     9.3    0.77     4.6     0.0
    8 2044    9   680.0     5.1     8.0    0.84     5.1     1.9
    8 2044   10   730.0     4.2     7.9    0.82     2.1     0.1
    8 2044   11  1520.0     4.7    10.5    0.82     4.6     0.1
    8 2044   12  2810.0     8.3    11.9    1.03     4.6     0.0
    8 2044   13  2780.0     6.6    11.9    0.93     5.1     0.0
    8 2044   14  3130.0     2.7    11.0    0.73     3.6     0.0
    8 2044   15  3590.0     1.7     8.5    0.68     3.1     0.0
    8 2044   16  1640.0     1.4     4.4    0.68     2.1     0.0
    8 2044   17  1400.0     1.0     3.9    0.66     2.6     0.0
    8 2044   18  1230.0     0.7     2.0    0.64     3.1     0.0
    8 2044   19  1270.0     0.0     1.3    0.60     4.1     0.0
    8 2044   20  1410.0    -0.7     1.6    0.53     7.2     0.0
    8 2044   21  1870.0    -1.2     1.3    0.49     7.2     0.0
    8 2044   22  4020.0    -3.6     1.7    0.42     7.2     0.0
    8 2044   23  3330.0    -4.6    -0.5    0.39     8.7     0.0
    8 2044   24  3180.0    -5.4    -1.2    0.36     9.3     0.0
    8 2044   25  4540.0    -8.6    -3.5    0.25     9.8     0.0
    8 2044   26  1570.0    -8.2    -5.9    0.29     9.3     1.2
    8 2044   27  1950.0    -6.3    -2.5    0.34     7.2     0.2
    8 2044   28  5730.0    -8.0    -0.5    0.29     7.7     0.0
    8 2044   29  4540.0    -5.2     0.7    0.37     7.2     0.0
    8 2044   30  5760.0    -5.4     3.1    0.36     5.7     0.0
    8 2044   31  7090.0    -6.6     4.4    0.34     4.6     0.0
    8 2044   32  6600.0    -7.6     6.5    0.31     3.1     0.0
    8 2044   33  1990.0    -8.1     3.1    0.31     2.1     0.0
    8 2044   34  3020.0     0.1     2.2    0.58     3.6     0.0
    8 2044   35  5350.0    -2.7     4.0    0.47     2.6     0.6
    8 2044   36  5220.0    -1.8     4.8    0.50     3.1     0.3
    8 2044   37  7220.0    -5.9     0.2    0.35     6.7     0.0
    8 2044   38  2630.0    -7.6    -1.5    0.29     5.7     0.0
    8 2044   39  5140.0   -11.7    -3.3    0.22     3.1     0.0
    8 2044   40  3860.0   -13.6     2.6    0.19     3.6     0.0
    8 2044   41  2040.0     1.4     6.6    0.65     6.2     0.2
    8 2044   42  1070.0     4.5     6.7    0.82     6.2     5.2
    8 2044   43   870.0     2.7     6.5    0.73     5.7    11.7
    8 2044   44  1030.0     2.2     3.3    0.70     6.7     0.0
    8 2044   45  1320.0     0.1     2.3    0.58     4.6     0.0
    8 2044   46  3080.0    -0.9     5.7    0.54     4.1     0.8
    8 2044   47  2040.0     5.4     9.3    0.86     6.2     2.9
    8 2044   48  4210.0     3.3     7.8    0.72     8.2     0.2
    8 2044   49  2750.0     3.9     8.5    0.77     6.2    13.1
    8 2044   50  3470.0    -0.4     4.8    0.58     6.2     4.4
    8 2044   51  3790.0    -2.9     0.1    0.44     9.3     0.1
    8 2044   52 10160.0    -5.1     0.2    0.36     4.6     0.0
    8 2044   53  8370.0    -4.8     4.5    0.39     2.1     0.0
    8 2044   54  8710.0    -1.2     3.9    0.52     5.1     0.0
    8 2044   55  4510.0     1.1     6.9    0.63     7.7     0.8
    8 2044   56  3240.0     6.1    11.0    0.88     7.7     1.5
    8 2044   57  4560.0     0.0     9.8    0.59     3.6     4.8
    8 2044   58  7360.0     0.1     9.2    0.61     2.1     0.0
    8 2044   59  8070.0     0.9     9.3    0.63     4.6     0.2
    8 2044   60  5860.0    -0.3     7.6    0.59     3.1     0.0
    8 2044   61  4850.0     1.1     6.8    0.63     4.1     0.6
    8 2044   62  6120.0    -0.8     5.7    0.55     2.6     0.4
    8 2044   63  9840.0    -1.7     6.4    0.52     2.1     0.0
    8 2044   64  2540.0    -1.6     6.4    0.54     3.1     3.4
    8 2044   65  2090.0     2.9     5.7    0.74     3.6     0.1
    8 2044   66  5560.0     4.2     8.2    0.81     4.6     0.6
    8 2044   67  5140.0     2.5     7.2    0.68     7.7     0.0
    8 2044   68 12160.0     0.5     9.7    0.55     6.7     0.0
    8 2044   69 12480.0     0.8     9.5    0.55     6.2     0.0
    8 2044   70 13060.0    -1.4     9.9    0.46     5.7     0.0
    8 2044   71  8660.0    -2.3     4.4    0.44     5.7     0.0
    8 2044   72 12550.0    -4.8     3.7    0.35     5.1     0.0
    8 2044   73 12840.0    -3.5     4.2    0.40     6.2     0.0
    8 2044   74 12510.0    -2.9     7.5    0.43     7.2     0.0
    8 2044   75 11780.0     0.9    10.3    0.55     6.7     0.0
    8 2044   76  5960.0     1.5    10.7    0.61     6.7     0.0
    8 2044   77  3990.0     3.4     8.2    0.71     4.1     0.0
    8 2044   78  5950.0     3.7     7.3    0.74     4.1     0.0
    8 2044   79  2960.0     3.5     9.4    0.74     2.1     0.0
    8 2044   80 12000.0    -1.2    14.5    0.51     2.1     0.0
    8 2044   81  6400.0     3.0    15.4    0.72     3.1     3.9
    8 2044   82  5820.0     5.9    12.5    0.90     2.6     0.0
    8 2044   83  3790.0     4.8    12.9    0.85     3.1     0.5
    8 2044   84  4650.0     4.9     8.7    0.86     3.6     0.0
    8 2044   85 13720.0     4.6    12.8    0.78     5.7     0.0
    8 2044   86  2920.0     1.9     6.3    0.65     6.2     0.0
    8 2044   87 17460.0    -0.9     8.5    0.48     4.1     0.0
    8 2044   88 10084.8    -0.5     9.0    0.53     5.1     0.0
    8 2044   89  9730.0     2.8     8.3    0.71     5.1     3.6
    8 2044   90 16270.0     0.7     7.9    0.59     4.6     0.9
    8 2044   91 15740.0    -0.8     8.0    0.54     3.1     2.1
    8 2044   92 18860.0    -4.1     7.5    0.40     2.6     0.0
    8 2044   93 11640.0    -2.8     8.0    0.46     2.6     0.2
    8 2044   94 17370.0    -0.4    10.7    0.52     4.6     0.0
    8 2044   95 18780.0     1.0    14.5    0.52     6.2     0.0
    8 2044   96 16180.0     1.3    15.0    0.55     6.7     0.0
    8 2044   97  7510.0     5.8    13.7    0.81     3.6     0.0
    8 2044   98 14530.0     2.0    15.2    0.65     3.1     0.0
    8 2044   99  7740.0     2.2    12.1    0.65     2.6     0.0
    8 2044  100  7900.0     2.1    16.4    0.64     2.1     0.0
    8 2044  101  4210.0     9.5    14.4    1.14     2.6     2.1
    8 2044  102  2270.0     4.5    12.0    0.82     4.6     2.9
    8 2044  103 20990.0     0.8     8.8    0.54     6.2     0.0
    8 2044  104 17780.0    -1.4    13.5    0.48     3.1     0.0
    8 2044  105 21560.0     1.0    15.1    0.55     3.1     0.0
    8 2044  106 21360.0    -0.8    18.1    0.45     2.1     0.0
    8 2044  107 18470.0     4.7    20.8    0.62     3.6     0.0
    8 2044  108 18240.0     6.3    22.0    0.71     4.1     0.0
    8 2044  109 17100.0     5.2    19.2    0.77     4.6     0.0
    8 2044  110 15290.0     9.4    21.5    0.98     4.1     0.0
    8 2044  111 16900.0     7.2    26.7    0.79     3.6     0.0
    8 2044  112 22280.0    10.7    26.5    0.92     4.1     0.0
    8 2044  113 16520.0    12.9    26.1    1.10     3.6     0.0
    8 2044  114  9270.0    10.6    21.1    1.03     5.7     0.0
    8 2044  115 12930.0     7.5    16.7    0.91     3.6     1.0
    8 2044  116 18250.0     7.5    16.6    0.91     4.1     0.0
    8 2044  117 17280.0     7.8    18.5    0.96     4.1     0.0
    8 2044  118 20980.0     5.2    21.3    0.78     2.1     0.0
    8 2044  119 22900.0     8.0    16.9    0.93     4.1     0.0
    8 2044  120 12840.0     6.1    12.8    0.83     2.1     0.2
    8 2044  121 17030.0     1.3    16.1    0.57     2.6     0.0
    8 2044  122 11750.0     6.6    20.3    0.85     3.1     0.4
    8 2044  123  5220.0     9.3    14.6    1.14     2.6     8.4
    8 2044  124  3490.0     9.3    11.5    1.12     2.6     2.8
    8 2044  125 13120.0     6.8    11.8    0.85     5.7     0.0
    8 2044  126 15890.0     2.8    12.5    0.64     3.6     0.0
    8 2044  127 24970.0     0.3    15.6    0.53     3.1     0.0
    8 2044  128 25770.0     5.3    17.5    0.76     6.7     0.0
    8 2044  129 20820.0     5.2    17.1    0.72     6.2     0.0
    8 2044  130 23630.0     6.8    14.8    0.85     6.7     0.2
    8 2044  131  6590.0     7.1    10.6    0.95     4.1     1.9
    8 2044  132  7140.0     8.1    12.8    1.01     3.1     0.0
    8 2044  133  7680.0     9.0    12.4    1.06     3.6     0.0
    8 2044  134  5560.0     9.7    11.9    1.12     3.6     0.0
    8 2044  135  9480.0     9.4    13.9    1.09     4.6     0.0
    8 2044  136 12990.0     4.8    13.8    0.77     4.6     0.0
    8 2044  137 20970.6     1.1    14.6    0.57     4.6     1.0
    8 2044  138  6450.0     7.2    13.4    0.97     4.1     1.6
    8 2044  139  5880.0     7.7    14.5    1.02     3.6     0.3
    8 2044  140 15730.0     9.2    18.6    1.05     4.1     0.2
    8 2044  141 23710.0     5.1    17.0    0.73     3.6     0.0
    8 2044  142 21640.0     3.7    19.1    0.69     2.6     0.0
    8 2044  143 20970.6     5.8    17.9    0.79     4.6     1.3
    8 2044  144 10470.0    11.6    17.5    1.28     5.7     3.8
    8 2044  145 10610.0    14.0    20.1    1.49     6.2     3.6
    8 2044  146  8360.0    12.0    16.6    1.31     3.6     2.6
    8 2044  147 20970.6    10.1    19.0    1.06     5.1     1.3
    8 2044  148  4900.0     9.5    14.9    1.13     6.2     7.6
    8 2044  149 24060.0     8.9    16.3    0.97     5.1     0.0
    8 2044  150 14430.0    13.1    21.5    1.35     5.1     0.2
    8 2044  151 23070.0    13.8    26.9    1.36     3.6     0.0
    8 2044  152 25680.0    12.3    21.7    1.19     5.1     0.0
    8 2044  153 22350.0     7.9    19.4    0.90     4.1     0.0
    8 2044  154 20620.0     6.9    20.2    0.85     2.1     0.0
    8 2044  155 24330.0    11.3    22.0    1.14     2.1     0.0
    8 2044  156 20810.0    11.5    21.4    1.19     3.1     0.0
    8 2044  157 26830.0    11.1    29.9    1.08     3.1     0.0
    8 2044  158 27000.0    14.0    31.4    1.34     2.1     0.0
    8 2044  159 25610.0    17.0    35.0    1.61     3.1     0.0
    8 2044  160 23069.8    18.7    30.0    1.88     4.1     2.2
    8 2044  161  5910.0    10.7    18.9    1.25     2.6     0.2
    8 2044  162 24660.0    10.7    28.4    1.12     2.6     0.0
    8 2044  163 27150.0    18.4    26.9    1.87     3.1     8.5
    8 2044  164 24860.0    10.4    19.7    1.09     5.1     0.0
    8 2044  165 26690.0    10.0    20.4    1.05     4.1     0.0
    8 2044  166 11840.0     8.3    17.4    0.98     2.6     0.0
    8 2044  167 27580.0     5.4    20.7    0.79     3.1     0.0
    8 2044  168 27930.0     6.7    21.2    0.89     2.6     0.0
    8 2044  169 28550.0     7.5    25.6    0.88     2.6     0.0
    8 2044  170 21830.0    11.5    21.1    1.18     4.6     0.0
    8 2044  171  7520.0    11.6    15.8    1.21     5.7     0.2
    8 2044  172 15200.0    11.2    16.8    1.13     4.6     0.0
    8 2044  173 12920.0    10.8    15.9    1.13     5.7     0.0
    8 2044  174 23069.8    12.1    16.2    1.23     5.7     0.8
    8 2044  175 23069.8    12.2    15.1    1.24     4.6     1.4
    8 2044  176 23069.8    12.2    17.0    1.24     4.1     1.3
    8 2044  177 23069.8    11.2    16.1    1.16     1.5     0.7
    8 2044  178 17450.0    11.1    23.2    1.19     1.5     0.0
    8 2044  179 12490.0    10.4    19.0    1.19     3.1     0.2
    8 2044  180 23069.8    11.4    22.4    1.18     3.6     1.1
    8 2044  181  8190.0    13.5    16.6    1.47     5.7    17.5
    8 2044  182 23069.8    14.3    18.2    1.42     4.6     1.9
    8 2044  183 21330.6    12.5    19.7    1.30     4.2     1.5
    8 2044  184 16420.0    12.1    18.6    1.31     4.2     7.1
    8 2044  185 21330.6    12.6    20.8    1.30     5.4     0.4
    8 2044  186 16550.0    14.5    20.8    1.48     6.5     0.0
    8 2044  187 12490.0    13.0    19.7    1.38     3.7     0.0
    8 2044  188  8290.0     9.8    16.9    1.16     2.1     0.0
    8 2044  189 22690.0     7.6    20.5    0.95     2.6     0.0
    8 2044  190 14030.0     7.8    18.2    0.96     5.7     0.1
    8 2044  191 21330.6    12.5    19.0    1.30     4.1     3.1
    8 2044  192 21330.6    13.3    19.8    1.37     4.3     1.6
    8 2044  193 22850.0    11.4    24.2    1.26     3.2     0.0
    8 2044  194 20090.0    14.0    22.9    1.50     2.2     0.0
    8 2044  195 11190.0    14.6    23.1    1.57     4.4     0.0
    8 2044  196  6400.0    13.8    21.7    1.53     2.8     0.1
    8 2044  197 26010.0    11.3    21.2    1.19     3.5     0.0
    8 2044  198 20430.0    12.1    19.9    1.25     4.2     0.0
    8 2044  199 25310.0    10.4    21.3    1.12     3.8     0.0
    8 2044  200  8970.0    11.2    17.5    1.20     3.5     0.0
    8 2044  201 24340.0     7.6    23.6    0.95     1.6     0.0
    8 2044  202 26990.0     9.1    26.2    0.98     2.5     0.0
    8 2044  203 25630.0    10.2    28.5    1.04     2.3     0.0
    8 2044  204 24170.0    13.1    31.1    1.20     2.5     0.0
    8 2044  205 15730.0    16.7    29.4    1.67     3.7     0.0
    8 2044  206  8470.0    16.0    21.0    1.75     5.4    14.0
    8 2044  207  8180.0    15.4    19.9    1.66     5.8     0.1
    8 2044  208 22160.0    12.8    25.0    1.35     2.1     0.0
    8 2044  209 21330.6     9.7    20.9    1.08     2.5     0.3
    8 2044  210 19910.0     7.8    22.2    0.96     1.6     0.0
    8 2044  211 15520.0    13.4    24.1    1.40     2.9     0.0
    8 2044  212 16390.0    12.0    23.3    1.32     2.7     0.0
    8 2044  213 21330.6    16.3    21.1    1.66     3.5     0.2
    8 2044  214 12460.0    12.8    22.5    1.37     3.7     0.0
    8 2044  215 24060.0     9.9    22.2    1.10     3.3     0.0
    8 2044  216 20870.0     8.8    22.6    1.02     1.8     0.0
    8 2044  217 25620.0     9.1    24.7    1.02     3.0     0.0
    8 2044  218 25740.0    11.7    26.1    1.14     4.6     0.0
    8 2044  219 17994.1    14.9    23.0    1.51     4.6     3.2
    8 2044  220  7360.0    13.4    19.5    1.46     4.2     0.0
    8 2044  221 19790.0    14.0    24.6    1.41     2.9     0.0
    8 2044  222 18240.0    13.2    29.9    1.30     2.6     0.0
    8 2044  223 10310.0    18.0    27.7    1.79     2.9     0.0
    8 2044  224 11820.0    15.0    25.3    1.63     2.0     0.0
    8 2044  225 11220.0    14.0    24.6    1.55     2.5     9.1
    8 2044  226 10890.0    18.1    24.6    1.96     4.4     0.0
    8 2044  227 11500.0    17.9    24.3    1.93     4.3     0.0
    8 2044  228 12990.0    15.9    23.7    1.67     4.2     0.0
    8 2044  229  5680.0    12.8    20.9    1.37     1.6     0.0
    8 2044  230 16980.0    10.8    25.1    1.19     1.8     0.0
    8 2044  231 19670.0    11.3    28.6    1.22     2.0     0.0
    8 2044  232 21600.0    13.9    31.4    1.34     3.7     0.0
    8 2044  233 21260.0    16.2    32.3    1.52     3.6     0.0
    8 2044  234 17994.1    16.6    25.6    1.68     2.3     0.9
    8 2044  235 18520.0    13.2    26.7    1.39     1.9     0.0
    8 2044  236 17994.1    13.5    27.7    1.38     4.4     2.1
    8 2044  237 16050.0    14.3    23.9    1.51     5.4     4.7
    8 2044  238 17994.1    13.4    22.3    1.37     5.5     2.2
    8 2044  239 18400.0    12.4    23.1    1.32     2.9     0.0
    8 2044  240 17994.1    10.2    24.5    1.11     2.1     2.2
    8 2044  241  4170.0    13.7    19.7    1.53     2.8    19.5
    8 2044  242  3930.0    15.1    18.2    1.67     3.2     4.5
    8 2044  243 10460.0    15.4    21.3    1.64     6.2     3.9
    8 2044  244 17994.1    12.7    19.5    1.31     5.6     0.7
    8 2044  245 12505.6     9.5    19.5    1.09     2.4     0.0
    8 2044  246 16510.0     8.0    21.5    0.98     1.4     0.0
    8 2044  247 18430.0     9.6    22.5    1.07     2.6     0.0
    8 2044  248  9430.0    11.3    20.6    1.22     3.2     0.0
    8 2044  249 17820.0    11.9    22.6    1.25     3.6     0.0
    8 2044  250 16710.0     8.5    20.9    1.01     3.3     0.0
    8 2044  251 17090.0     6.3    20.1    0.84     2.2     0.0
    8 2044  252 12660.0     7.1    20.1    0.91     1.8     0.0
    8 2044  253 14990.0     9.3    21.6    1.09     2.5     0.3
    8 2044  254 12505.6    12.3    18.7    1.31     4.5     2.2
    8 2044  255  7330.0    12.8    17.5    1.34     3.6     4.7
    8 2044  256 12170.0    10.7    18.2    1.15     7.2     9.6
    8 2044  257 10830.0    10.6    17.8    1.16     7.3     4.1
    8 2044  258  9450.0    13.1    18.5    1.39     4.5     0.0
    8 2044  259  8980.0     7.9    19.3    1.01     2.0     0.0
    8 2044  260 10640.0     8.5    19.6    1.03     1.5     0.0
    8 2044  261 16360.0     6.9    19.0    0.88     4.0     0.0
    8 2044  262 11370.0    10.7    17.5    1.13     6.8     0.0
    8 2044  263  7360.0     8.6    13.5    1.02     7.6     0.0
    8 2044  264 11540.0     8.4    18.1    0.99     7.0     0.0
    8 2044  265 12330.0     8.0    16.8    0.94     6.1     0.0
    8 2044  266  1780.0    10.8    12.2    1.24     4.5     6.2
    8 2044  267  6560.0     9.6    16.1    1.13     2.5     0.2
    8 2044  268  6270.0     7.4    16.1    0.97     1.5     0.0
    8 2044  269 11170.0     4.2    19.6    0.78     1.4     0.2
    8 2044  270 12505.6     7.8    20.8    0.97     3.7     0.7
    8 2044  271  8060.0    12.3    18.7    1.37     5.0    13.7
    8 2044  272 12505.6    11.3    18.0    1.23     4.5     0.5
    8 2044  273  1670.0    13.8    19.2    1.52     8.8     8.4
    8 2044  274  6250.0    11.6    19.8    1.28     3.6     5.3
    8 2044  275  4040.0     7.9    15.7    1.04     1.7     4.2
    8 2044  276 11890.0     5.8    17.4    0.87     1.7     0.0
    8 2044  277  8930.0     6.5    18.6    0.89     5.7     0.0
    8 2044  278 10080.0    10.0    17.3    1.10     5.0     2.4
    8 2044  279  8640.0     7.0    16.6    0.95     2.9     7.3
    8 2044  280  7550.0     4.8    16.7    0.82     1.8     0.0
    8 2044  281 11400.0     6.1    18.3    0.87     2.3     0.0
    8 2044  282  4580.0     5.6    17.4    0.87     1.1     0.0
    8 2044  283  1840.0    12.7    15.9    1.46     1.8     2.6
    8 2044  284  5320.0    10.6    16.4    1.22     2.0     0.0
    8 2044  285  6230.0     9.1    15.8    1.11     2.3     0.0
    8 2044  286  2610.0     7.3    14.3    1.00     3.1     0.0
    8 2044  287  9490.0     6.5    20.5    0.91     2.9     0.0
    8 2044  288  9100.0    12.5    21.8    1.30     3.2     0.0
    8 2044  289  3720.0    10.1    18.2    1.18     2.9     0.0
    8 2044  290  5590.0     6.5    15.7    0.93     1.6     0.0
    8 2044  291  8440.0     5.4    16.9    0.85     2.0     0.0
    8 2044  292  7420.0     5.1    15.6    0.83     4.9     1.8
    8 2044  293  8750.0     9.6    16.6    1.13     5.0     0.5
    8 2044  294  1700.0    10.1    16.4    1.22     4.3    12.9
    8 2044  295  3830.0     8.4    17.0    1.06     4.9     5.2
    8 2044  296  7240.0     5.4    17.1    0.86     1.9     0.0
    8 2044  297  7840.0     6.8    16.7    0.92     3.2     0.0
    8 2044  298  8360.0     5.1    17.1    0.80     4.1     0.0
    8 2044  299  5070.0     8.3    15.9    1.03     3.6     0.0
    8 2044  300  5590.0     9.2    16.0    1.10     5.0     0.4
    8 2044  301   800.0     8.7    17.2    1.09     7.7    17.4
    8 2044  302  2170.0    13.5    17.1    1.44     8.4     1.0
    8 2044  303  4620.0    10.6    14.8    1.18    10.3     7.5
    8 2044  304  3580.0    10.1    13.3    1.12     4.7     0.0
    8 2044  305  1920.0     9.7    13.4    1.15     7.1     8.7
    8 2044  306  2840.0     9.8    15.1    1.16     5.0     0.6
    8 2044  307   530.0    11.7    17.0    1.32     8.0     1.6
    8 2044  308   480.0    15.4    16.7    1.69     8.4     1.3
    8 2044  309   780.0    12.9    16.0    1.43     9.1     4.8
    8 2044  310  2830.0     9.3    13.9    1.10     7.3     4.4
    8 2044  311  3630.0     9.7    15.4    1.08    10.8     4.7
    8 2044  312  1450.0     8.2    13.2    1.04     3.5    14.7
    8 2044  313  5240.0     4.4    12.1    0.78     3.5     0.2
    8 2044  314  3960.0     5.3    13.1    0.84     4.9     0.8
    8 2044  315   710.0     5.7     9.7    0.89     4.9    10.1
    8 2044  316  2090.0     5.6    11.5    0.89     4.5     6.7
    8 2044  317  2610.0     6.6    12.2    0.95     3.4     2.1
    8 2044  318  3280.0     5.1    11.0    0.80     4.8     1.0
    8 2044  319  4360.0     1.7    10.1    0.67     1.8     0.0
    8 2044  320  6310.0     0.4     6.8    0.60     2.6     0.0
    8 2044  321  4000.0     1.8     8.3    0.67     1.7     0.0
    8 2044  322  1120.0     1.8     5.5    0.68     4.6     0.0
    8 2044  323   840.0     4.4     8.2    0.81     2.9     4.9
    8 2044  324  3110.0     2.6     8.0    0.71     4.9     5.2
    8 2044  325  1150.0     4.3     8.6    0.80     5.1    10.5
    8 2044  326  2620.0     4.8     8.9    0.81     4.1     5.4
    8 2044  327  2700.0     2.4     8.4    0.69     6.2    19.9
    8 2044  328  2480.0     2.2     6.3    0.69     4.3     5.7
    8 2044  329  1690.0     1.3     5.4    0.66     5.3     0.1
    8 2044  330   540.0     3.0     7.6    0.75     6.0    11.8
    8 2044  331   580.0     3.4     7.9    0.75     3.8     0.0
    8 2044  332  2950.0     2.8     5.3    0.71     2.5     0.0
    8 2044  333  2970.0     0.3     7.0    0.60     2.6     0.0
    8 2044  334   910.0     0.2     7.7    0.61     5.4     9.8
    8 2044  335  1960.0     4.5     8.2    0.80     4.2     6.3
    8 2044  336  1350.0     3.5    10.3    0.73     5.6     0.9
    8 2044  337   970.0     7.1     9.5    0.93     6.5     3.2
    8 2044  338   510.0     4.7    10.6    0.82     8.1     5.4
    8 2044  339  3150.0     4.6    10.5    0.80     6.8     0.2
    8 2044  340  1640.0     5.1     9.2    0.86     2.1     0.0
    8 2044  341  1900.0     4.6     8.8    0.84     1.6     0.2
    8 2044  342  1080.0     5.3     7.9    0.89     2.8     0.4
    8 2044  343   940.0     2.2     5.5    0.72     2.3     0.0
    8 2044  344   340.0     1.5     2.6    0.66     3.3     0.0
    8 2044  345   210.0     1.0     1.9    0.64     2.9     0.0
    8 2044  346   290.0     0.5     1.6    0.63     2.3     0.0
    8 2044  347   340.0     0.3     2.2    0.61     2.5     0.0
    8 2044  348  1340.0     0.1     6.0    0.59     2.3     0.2
    8 2044  349  2710.0    -1.6     4.5    0.52     3.9     0.0
    8 2044  350  1550.0     2.1    10.5    0.69     5.0     0.0
    8 2044  351   930.0     1.8     8.3    0.70     2.5     0.0
    8 2044  352   610.0     3.9     5.8    0.81     1.3     0.0
    8 2044  353  1230.0     3.8     9.7    0.80     2.8     0.0
    8 2044  354   230.0     3.7     9.0    0.79     7.0    29.5
    8 2044  355  1020.0    -1.5     3.8    0.51     9.8     0.0
    8 2044  356  3550.0    -3.5    -0.3    0.42     7.9     0.0
    8 2044  357  3470.0    -4.0     2.5    0.38     5.3     0.0
    8 2044  358  3330.0    -2.9     1.1    0.41     7.4     0.0
    8 2044  359  3890.0    -3.9     0.4    0.42     5.0     0.0
    8 2044  360  1390.0    -4.1     1.2    0.43     2.9     0.7
    8 2044  361  5450.0    -8.4    -0.6    0.31     2.2     0.0
    8 2044  362  1330.0    -6.7    -1.4    0.33     3.7     0.0
    8 2044  363  4450.0    -9.2    -4.3    0.27     3.7     0.0
    8 2044  364   820.0    -8.3     4.3    0.31     3.2     1.5
    8 2044  365  1330.0    -5.2     2.0    0.39     6.3     0.1
    8 2044  366  3250.0   -10.1    -4.9    0.25     7.0     0.0
