*---------------------------------------------------------------------------*
* Station name: Lelystad, Netherlands, KNMI W-scenario for period around 2050 
* Year: 2043
* Author: Joost Wolf and Janette Bessembinder            -99.000: NIL VALUE
* Comments: vapour pressure calculated from minimum temperature and 
* relative humidity
* Longitude: 5 38 E, latitude: 52 34 N, altitude: -4 m.
*
* Column  Daily value
* 1       station number
* 2       year
* 3       day
* 4       irradiation                   (kJ m-2 d-1)
* 5       minimum temperature           (degrees Celsius)
* 6       maximum temperature           (degrees Celsius)
* 7       early morning vapour pressure (kPa)
* 8       mean wind speed (height: 2 m) (m s-1)
* 9       precipitation                 (mm d-1)
*
** WCCDESCRIPTION=Netherlands, Lelystad, W-scenario
** WCCFORMAT=2
** WCCYEARNR=2043
*---------------------------------------------------------------------------*
   5.63  52.57    -4.  -0.18 -0.55
    8 2043    1  1050.0     1.7     6.3    0.65     9.3     6.2
    8 2043    2  1680.0     3.3     7.7    0.71     7.2     1.7
    8 2043    3  2420.0     0.0     5.0    0.57     2.1     0.0
    8 2043    4  6500.0    -3.2     2.2    0.46     2.6     0.0
    8 2043    5  4790.0    -4.0     0.0    0.40     6.2     0.0
    8 2043    6  1900.0    -2.7    -0.1    0.48     3.6     5.0
    8 2043    7  2300.0    -9.7     0.0    0.28     1.5     0.0
    8 2043    8   890.0    -0.4     5.9    0.58     5.7     3.8
    8 2043    9  1990.0     2.4     9.6    0.71     5.7     8.7
    8 2043   10  1980.0     3.9     8.6    0.75     7.2     7.1
    8 2043   11  3110.0     3.2     6.1    0.72     7.2     1.6
    8 2043   12  2950.0     2.6     6.5    0.69     5.7     3.8
    8 2043   13  2200.0     1.5     7.1    0.66     2.6     0.1
    8 2043   14  1120.0     5.9     9.1    0.92     4.6     0.9
    8 2043   15   710.0     8.6     9.8    1.11     4.6     1.3
    8 2043   16  4510.0     3.4     8.7    0.74     6.7     0.0
    8 2043   17  3970.0     3.3     9.1    0.68     9.3     0.0
    8 2043   18  1400.0     3.7     9.4    0.76     5.7     2.3
    8 2043   19  3170.0     3.3     9.3    0.73     7.7     2.3
    8 2043   20  2430.0     6.7    11.1    0.87     9.3     0.5
    8 2043   21  3520.0     6.1    10.2    0.87     9.3     4.9
    8 2043   22  1530.0     4.8    13.4    0.83     6.7    28.5
    8 2043   23  3560.0     5.5     9.4    0.81    10.3     3.1
    8 2043   24  1910.0     5.9     8.9    0.84     7.2     0.3
    8 2043   25  1660.0     5.1    12.3    0.86     3.6     3.3
    8 2043   26   550.0     4.0    13.6    0.76    10.3    13.2
    8 2043   27  3740.0     2.2     6.7    0.65     6.7     5.9
    8 2043   28  1550.0     3.5    11.2    0.75     7.7     3.6
    8 2043   29  1430.0     7.6    10.6    1.01     5.1     4.5
    8 2043   30  6210.0     1.4     7.7    0.62     4.1     0.0
    8 2043   31  1090.0     0.8     9.2    0.60     7.7     0.6
    8 2043   32   370.0     8.3    13.9    1.07     6.2    26.2
    8 2043   33  6350.0     2.5     9.4    0.68     3.6     0.0
    8 2043   34  3610.0     3.9     9.9    0.75     6.7     0.0
    8 2043   35  2910.0     6.4    11.8    0.93     5.1     0.0
    8 2043   36  1820.0     4.4    10.2    0.83     4.6     0.0
    8 2043   37  1440.0     9.7    12.0    1.16     6.2     0.7
    8 2043   38   670.0     9.4    10.8    1.10     7.2     0.1
    8 2043   39  1380.0     1.7    10.1    0.67     3.1     7.8
    8 2043   40  4580.0     0.8     6.0    0.60     1.5     0.3
    8 2043   41  1900.0     1.1     7.0    0.63     3.6     7.3
    8 2043   42  1750.0     6.5    13.1    0.95     7.2     5.3
    8 2043   43  7310.0     7.9    12.7    0.96     8.2     0.8
    8 2043   44  3090.0     6.9    12.4    0.94     5.7     0.1
    8 2043   45  5830.0     7.7    11.5    0.98     6.7     4.6
    8 2043   46  4850.0     9.1    13.6    1.07     9.3    10.0
    8 2043   47  4870.0     8.4    11.4    1.00     9.8     3.2
    8 2043   48  4990.0     5.2    11.9    0.79     8.2     2.4
    8 2043   49  5570.0     4.9     9.9    0.82     5.1     0.7
    8 2043   50  4310.0     6.8    12.6    0.93     6.7    13.4
    8 2043   51  6790.0     8.1    12.6    0.97     6.2     2.0
    8 2043   52  1610.0     5.1    12.0    0.82     6.2     3.4
    8 2043   53  9270.0     4.4    10.8    0.74     8.7     0.0
    8 2043   54  6480.0     4.4     9.4    0.78     7.2     2.8
    8 2043   55  3310.0     1.6     8.2    0.67     2.6     2.2
    8 2043   56  2340.0     1.9     6.5    0.69     2.1     2.2
    8 2043   57  6850.0     1.7     7.3    0.66     4.6     1.3
    8 2043   58  7260.0     1.3     9.2    0.63     7.2     4.3
    8 2043   59  4730.0     9.0    13.1    1.07     9.8     0.0
    8 2043   60  2500.0     6.4    12.0    0.85     9.8     0.5
    8 2043   61  7760.0     3.7     7.6    0.74     6.7     2.0
    8 2043   62  3690.0     2.1     7.6    0.67     9.8     6.4
    8 2043   63  8840.0     2.3     7.7    0.69     4.1     3.0
    8 2043   64  1490.0     2.6     5.3    0.71     7.7     8.7
    8 2043   65  6850.0     3.4     8.6    0.72     6.2     6.7
    8 2043   66 11090.0     2.4     9.6    0.65     8.2     0.1
    8 2043   67  4490.0     3.0     9.0    0.70     7.2     3.6
    8 2043   68 11560.0     2.8    11.6    0.68     4.1     0.3
    8 2043   69 13040.0     2.8    13.2    0.63     6.2     0.0
    8 2043   70 12110.0     3.9    15.4    0.69     4.1     0.0
    8 2043   71 10990.0     1.9    14.3    0.65     2.1     0.0
    8 2043   72 13740.0     2.0    14.2    0.64     4.6     0.0
    8 2043   73  8530.0     1.5     6.8    0.61     4.1     0.9
    8 2043   74  9290.0     2.1     8.2    0.66     4.1     6.0
    8 2043   75 11620.0     2.5     9.9    0.66     6.2     1.0
    8 2043   76  2670.0     7.1    12.5    0.94    10.3    15.2
    8 2043   77 11130.0     6.9    11.4    0.87     8.2     0.0
    8 2043   78 15310.0     5.4    10.1    0.80     6.2     1.3
    8 2043   79  8900.0     4.7     9.1    0.77     8.7     2.0
    8 2043   80 13610.0     2.7     9.3    0.66     6.2     0.6
    8 2043   81  9420.0     1.0    10.0    0.59     3.1     0.0
    8 2043   82 15630.0     2.2    15.5    0.62     4.1     0.0
    8 2043   83  9640.0     5.6    12.9    0.83     5.1     0.0
    8 2043   84 13740.0     6.3    11.9    0.84     7.2     7.5
    8 2043   85  5080.0     6.7    12.1    0.93     6.2     5.7
    8 2043   86 14190.0     3.0    10.1    0.66     9.3    12.0
    8 2043   87  5300.0     1.6     6.1    0.66     4.6     5.2
    8 2043   88 16130.0     0.8     8.8    0.56     7.7     1.1
    8 2043   89 16210.0     0.2    10.5    0.53     3.1     0.0
    8 2043   90  1980.0     6.3    11.5    0.93     5.1     9.0
    8 2043   91  5420.0    10.1    15.2    1.19     5.1     0.1
    8 2043   92 17540.0    10.1    19.3    1.10     6.2     0.0
    8 2043   93  6190.0     9.6    12.9    1.13     5.1     0.0
    8 2043   94 14450.0     4.2    12.1    0.75     4.1     0.0
    8 2043   95 12070.0     1.1    14.8    0.59     3.6     0.0
    8 2043   96  7470.0     8.8    14.7    1.09     4.1     0.1
    8 2043   97  8800.0     7.8    14.6    0.96     7.7     0.0
    8 2043   98 14580.0     5.9    11.2    0.79     8.2     0.5
    8 2043   99  7220.0     5.1     9.5    0.78     5.1     1.6
    8 2043  100  4480.0     7.4    11.7    1.01     4.1     3.0
    8 2043  101 13750.0     7.5    17.2    0.98     2.6     0.0
    8 2043  102 17940.0     8.1    14.7    0.99     5.7     0.0
    8 2043  103 13080.0     8.5    14.6    1.03     5.1     0.0
    8 2043  104 10240.0     5.6    14.4    0.85     3.1     0.0
    8 2043  105  3740.0     5.1    11.8    0.85     4.1     2.9
    8 2043  106 10120.0     7.2    11.1    0.93     6.2     1.7
    8 2043  107  5030.0     8.8    11.3    1.09     6.2     5.6
    8 2043  108  9810.0     3.0    11.3    0.71     5.7     7.9
    8 2043  109 20260.0     2.4    11.4    0.64     2.6     0.0
    8 2043  110 15170.0     2.5    11.6    0.68     3.1     4.3
    8 2043  111 16270.0     0.9    14.0    0.58     3.6     0.6
    8 2043  112 11830.0     9.2    18.1    1.07     3.6     0.6
    8 2043  113 15460.0     4.7    18.1    0.79     3.6     0.0
    8 2043  114 20800.0     9.0    26.6    0.98     5.7     0.0
    8 2043  115 18460.0    13.9    23.5    1.36     6.2     0.9
    8 2043  116 20460.0    10.2    22.9    1.10     5.1     0.0
    8 2043  117  6650.0     8.4    12.1    0.98     5.1     0.0
    8 2043  118 12410.0     5.5    12.3    0.75     2.6     0.0
    8 2043  119 19630.0     4.5    16.4    0.71     3.6     0.0
    8 2043  120 10640.0     7.7    16.4    0.94     3.1     0.0
    8 2043  121 22050.0     4.7    21.6    0.74     2.6     0.0
    8 2043  122 22020.0     6.2    23.5    0.77     3.1     0.0
    8 2043  123 23130.0     6.8    25.5    0.79     2.6     0.0
    8 2043  124 22700.0     9.1    26.6    0.95     2.1     0.0
    8 2043  125 21330.0     8.5    28.0    0.91     2.1     0.0
    8 2043  126 22070.0     7.2    25.2    0.87     2.1     0.0
    8 2043  127 23340.0     8.7    26.6    0.93     3.1     0.1
    8 2043  128 11080.0    12.2    16.2    1.27     5.7     2.6
    8 2043  129 12000.0     9.9    14.4    1.10     7.2     3.6
    8 2043  130 11670.0     8.8    13.7    1.04     3.6     5.7
    8 2043  131 20970.6     4.8    13.3    0.74     3.6     1.3
    8 2043  132 11390.0     6.6    13.9    0.83     6.2     0.0
    8 2043  133 19500.0     8.9    14.6    0.94     7.7     0.0
    8 2043  134 23930.0     6.2    14.2    0.77     5.7     0.1
    8 2043  135 17410.0     6.3    15.9    0.81     4.1     0.1
    8 2043  136 18500.0     4.6    17.2    0.72     4.1     0.0
    8 2043  137  5690.0     9.2    14.3    1.09     4.1    21.0
    8 2043  138 11240.0     5.1    12.2    0.81     4.1    12.3
    8 2043  139 15760.0     3.6    15.3    0.73     4.1     3.6
    8 2043  140 18650.0     4.4    17.2    0.77     4.1     0.6
    8 2043  141 21060.0     5.1    14.7    0.75     2.6     0.0
    8 2043  142 24680.0     4.3    19.4    0.71     3.1     0.0
    8 2043  143 19540.0     9.4    23.9    0.98     2.1     0.0
    8 2043  144 19720.0     9.9    28.1    1.08     2.6     1.9
    8 2043  145 19440.0    15.2    22.2    1.55     3.6    12.1
    8 2043  146 20780.0    13.4    22.0    1.39     2.1    12.0
    8 2043  147 20220.0    13.3    23.9    1.37     3.1     0.0
    8 2043  148 14220.0    15.2    25.5    1.54     4.6    23.6
    8 2043  149 24300.0    12.0    20.9    1.26     3.1     0.0
    8 2043  150 26440.0    10.4    21.6    1.11     2.1     0.0
    8 2043  151 24880.0    12.3    20.7    1.31     3.6     0.0
    8 2043  152 21960.0     9.7    18.5    1.08     3.6     0.0
    8 2043  153 12400.0     9.7    19.0    1.09     2.6     0.1
    8 2043  154 16890.0    10.6    21.8    1.13     3.1     5.2
    8 2043  155 15310.0    12.1    19.7    1.32     2.6     4.5
    8 2043  156 16420.0    10.3    19.1    1.16     4.1     0.0
    8 2043  157 10520.0    12.2    16.7    1.29     3.1     0.1
    8 2043  158  9740.0    11.7    16.9    1.29     6.2     9.8
    8 2043  159 23069.8     8.9    15.8    1.00     6.2     1.6
    8 2043  160  7010.0    11.3    13.4    1.29     5.7    19.1
    8 2043  161 13420.0    11.8    17.2    1.31     3.6    10.7
    8 2043  162 12630.0    11.4    16.4    1.29     3.1     5.8
    8 2043  163 23069.8    11.4    17.0    1.18     3.6     4.9
    8 2043  164 28470.0    10.9    19.6    1.17     3.6     0.0
    8 2043  165  6450.0    12.0    14.6    1.35     5.1     5.6
    8 2043  166  5930.0    11.2    14.0    1.30     4.1     4.2
    8 2043  167 23069.8    10.5    13.4    1.11     4.1     2.2
    8 2043  168  6090.0    10.7    16.4    1.25     4.6     5.7
    8 2043  169 23350.0    12.5    19.5    1.33     3.6     0.2
    8 2043  170 26460.0    11.7    22.9    1.23     3.1     0.0
    8 2043  171 20490.0    13.3    27.3    1.38     2.1     0.0
    8 2043  172 17930.0    11.8    21.2    1.29     4.1     0.0
    8 2043  173 18340.0    11.1    17.7    1.15     6.2     0.0
    8 2043  174 17360.0    13.0    19.6    1.35     5.1     0.0
    8 2043  175 20030.0    12.5    22.7    1.32     4.1     0.0
    8 2043  176 29310.0    13.7    22.9    1.47     3.6     0.0
    8 2043  177 28200.0    15.3    27.4    1.61     3.6     0.0
    8 2043  178 29030.0    15.0    30.2    1.47     4.1     0.0
    8 2043  179 28550.0    14.9    30.5    1.47     4.1     0.0
    8 2043  180 29930.0    13.5    25.3    1.38     3.6     0.0
    8 2043  181 26830.0    11.1    28.2    1.17     2.1     0.0
    8 2043  182 23850.0    12.4    22.1    1.27     4.1     0.0
    8 2043  183 24370.0    11.2    26.0    1.16     3.6     0.0
    8 2043  184  3970.0    12.5    17.3    1.39     3.6    13.2
    8 2043  185 15430.0    12.4    19.5    1.28     4.6     0.0
    8 2043  186 28070.0    12.1    21.7    1.24     2.6     0.0
    8 2043  187 22180.0    13.8    25.0    1.43     3.6     0.0
    8 2043  188 25250.0    12.5    24.9    1.33     3.1     0.0
    8 2043  189 25260.0    13.6    27.7    1.42     3.6     0.0
    8 2043  190 22240.0    17.9    27.6    1.93     4.6    33.8
    8 2043  191 25340.0    18.9    31.4    2.01     3.6     0.0
    8 2043  192 25800.0    20.2    30.6    2.15     4.6     0.0
    8 2043  193 20270.0    19.0    28.1    2.03     2.6     0.0
    8 2043  194 27510.0    16.7    28.9    1.68     2.1     0.0
    8 2043  195 20510.0    17.4    26.0    1.82     3.6     8.1
    8 2043  196 20900.0    17.6    24.7    1.86     4.1     5.4
    8 2043  197 21490.0    15.4    23.4    1.62     3.6     0.0
    8 2043  198 15980.0    15.7    22.9    1.65     4.1     0.0
    8 2043  199  4900.0    17.4    20.8    1.94     5.1     5.3
    8 2043  200 12200.0    16.9    25.0    1.86     3.1     0.0
    8 2043  201 19930.0    17.0    29.6    1.81     1.5     0.0
    8 2043  202 21330.6    17.4    32.7    1.78     3.1     1.0
    8 2043  203 21280.0    15.2    22.2    1.53     4.1     0.0
    8 2043  204 23820.0    11.0    24.0    1.15     1.5     0.0
    8 2043  205 25600.0    12.5    25.9    1.27     3.1     0.0
    8 2043  206 27160.0    12.9    26.3    1.30     4.1     0.0
    8 2043  207 25040.0    14.8    31.6    1.42     5.1     0.0
    8 2043  208 21330.6    17.4    26.6    1.78     3.1     0.7
    8 2043  209 14760.0    16.6    26.9    1.76     2.1     0.0
    8 2043  210 19680.0    15.2    28.9    1.58     2.1     0.0
    8 2043  211 24010.0    18.8    32.6    1.83     3.1     0.0
    8 2043  212 24400.0    19.4    34.4    1.80     4.1     0.0
    8 2043  213 24900.0    18.7    32.7    1.74     4.6     0.0
    8 2043  214 25530.0    16.7    31.3    1.54     5.1     0.0
    8 2043  215 23650.0    16.6    29.8    1.65     3.6     0.0
    8 2043  216 22570.0    15.2    24.5    1.55     3.1     0.0
    8 2043  217 24700.0    14.3    26.8    1.47     3.1     0.0
    8 2043  218 19150.0    17.5    26.9    1.89     4.1     0.0
    8 2043  219 10460.0    17.1    22.2    1.66     4.6     0.0
    8 2043  220 18230.0    14.9    24.7    1.45     5.1     0.0
    8 2043  221 24480.0    12.9    25.8    1.32     4.1     0.0
    8 2043  222 24510.0    13.3    30.0    1.28     4.1     0.0
    8 2043  223 23460.0    14.6    32.9    1.33     4.1     0.0
    8 2043  224 21730.0    14.3    32.7    1.35     2.6     0.0
    8 2043  225 14750.0    16.1    26.2    1.66     4.1     0.0
    8 2043  226 16490.0    12.3    23.6    1.28     3.6     0.0
    8 2043  227 17890.0    10.9    24.9    1.20     2.1     0.0
    8 2043  228 18350.0    12.8    25.6    1.37     3.6     0.0
    8 2043  229 21310.0    18.6    28.7    1.89     3.6     0.0
    8 2043  230 21160.0    16.3    31.1    1.56     3.6     0.0
    8 2043  231 20040.0    17.8    32.9    1.72     3.6     0.0
    8 2043  232 20830.0    17.0    29.6    1.74     4.1     0.0
    8 2043  233 18080.0    15.6    28.3    1.63     3.6     0.0
    8 2043  234 17660.0    17.9    31.1    1.89     3.1     0.0
    8 2043  235 18310.0    18.4    29.5    1.92     3.1     0.0
    8 2043  236 15410.0    16.3    25.1    1.63     3.6     0.0
    8 2043  237  8810.0    18.0    25.0    1.92     5.7    15.4
    8 2043  238 14870.0    15.9    22.2    1.61     5.7     9.2
    8 2043  239 10480.0    12.5    20.1    1.32     5.1    13.0
    8 2043  240 15110.0    12.5    20.0    1.32     6.7    26.0
    8 2043  241 12360.0    13.8    19.2    1.38     6.7     7.3
    8 2043  242 17994.1    10.9    19.5    1.16     4.1     0.7
    8 2043  243 17010.0    11.1    20.4    1.17     3.1     0.0
    8 2043  244 16420.0    13.9    20.9    1.42     5.7     0.0
    8 2043  245 12505.6    15.6    20.7    1.62     3.1     2.5
    8 2043  246 12505.6    11.7    19.9    1.26     3.1     1.8
    8 2043  247 12505.6    11.3    19.5    1.23     5.1     1.7
    8 2043  248 12250.0    11.8    21.2    1.30     4.1     0.0
    8 2043  249 12505.6    11.2    20.9    1.22     3.6     1.5
    8 2043  250 12505.6    13.8    22.9    1.44     4.6     2.4
    8 2043  251  3740.0    16.3    18.6    1.79     5.7     7.6
    8 2043  252 12505.6    15.6    20.6    1.62     6.7     2.5
    8 2043  253 12030.0    15.0    23.4    1.57     4.1     0.2
    8 2043  254  7300.0    15.5    22.7    1.69     5.1     4.7
    8 2043  255 12505.6    11.7    22.4    1.26     3.1     0.5
    8 2043  256  5530.0    10.1    19.1    1.21     1.5     0.0
    8 2043  257 10290.0    11.2    20.4    1.26     2.6     0.3
    8 2043  258 12505.6    10.9    20.4    1.19     2.6     1.0
    8 2043  259 10930.0    13.0    21.1    1.43     2.6     2.7
    8 2043  260 13110.0    12.3    22.7    1.34     2.6     0.0
    8 2043  261 13180.0    12.1    23.3    1.33     4.1     0.0
    8 2043  262 12860.0    13.3    22.5    1.43     4.6     0.0
    8 2043  263 12505.6    11.6    18.9    1.25     4.6     1.1
    8 2043  264  8530.0     8.1    19.4    1.04     2.6     0.2
    8 2043  265  6140.0    13.2    20.2    1.45     2.6     0.0
    8 2043  266 12505.6    11.3    19.3    1.23     2.1     1.5
    8 2043  267  9700.0    13.3    19.6    1.45     5.1     5.8
    8 2043  268 11640.0    12.7    18.4    1.33     4.1     0.1
    8 2043  269  2020.0    12.5    17.1    1.43     5.1    33.1
    8 2043  270  6800.0    10.4    17.7    1.17     6.2    16.9
    8 2043  271 12505.6     7.3    14.1    0.94     5.1     1.6
    8 2043  272 12505.6     7.4    15.3    0.94     5.1     1.4
    8 2043  273 12505.6     5.4    15.0    0.82     2.1     0.9
    8 2043  274  3030.0     6.8    19.0    0.97     4.1     0.0
    8 2043  275 10680.0     7.7    18.5    0.99     3.6     0.0
    8 2043  276  4350.0    11.2    20.4    1.30     3.6     0.3
    8 2043  277  9620.0    15.6    23.1    1.67     5.7     6.3
    8 2043  278  5780.0    12.1    19.1    1.35     3.6     0.3
    8 2043  279 11390.0    10.3    19.9    1.15     5.7     0.0
    8 2043  280  4710.0    16.0    19.9    1.71     5.1     0.0
    8 2043  281 11530.0    12.7    24.5    1.38     3.6     0.0
    8 2043  282 10140.0    11.2    24.1    1.28     2.6     0.0
    8 2043  283  9510.0    10.4    24.9    1.22     1.5     0.0
    8 2043  284  5320.0    15.9    19.7    1.79     2.6     0.0
    8 2043  285  4410.0    11.9    20.7    1.38     2.1     0.0
    8 2043  286  1930.0    11.3    17.5    1.34     1.5     0.2
    8 2043  287  9310.0    11.3    20.9    1.30     2.6     0.0
    8 2043  288  6740.0    13.4    21.9    1.50     2.6     0.0
    8 2043  289  2970.0    11.3    17.3    1.33     2.6     0.0
    8 2043  290  7070.0    13.3    18.9    1.49     5.1     0.3
    8 2043  291  7840.0    10.9    18.3    1.21     3.6     0.0
    8 2043  292  5350.0    11.6    17.1    1.28     4.6     0.0
    8 2043  293  4180.0    10.0    16.7    1.14     4.1     0.4
    8 2043  294  5920.0     3.7    15.7    0.76     1.0     0.0
    8 2043  295  8070.0     2.5    14.2    0.68     3.1     0.0
    8 2043  296  8240.0     4.4    17.0    0.79     4.1     0.0
    8 2043  297  8080.0    12.3    21.3    1.26     6.7     0.0
    8 2043  298  7220.0    10.5    19.0    1.12     6.2     0.0
    8 2043  299  3240.0     9.8    17.5    1.16     5.1     0.4
    8 2043  300  1180.0    11.3    18.8    1.30     4.6     1.3
    8 2043  301  7240.0     3.7    15.7    0.76     1.5     0.0
    8 2043  302  7620.0     1.9    14.5    0.67     2.1     0.0
    8 2043  303  6560.0     2.7    13.8    0.72     1.5     0.0
    8 2043  304  6450.0     3.0    15.5    0.73     3.1     1.3
    8 2043  305  1520.0     7.2    13.5    0.96     3.6     2.2
    8 2043  306  5880.0     4.6    13.0    0.79     4.1     0.5
    8 2043  307  3270.0     3.4    12.2    0.69     7.2     1.9
    8 2043  308  6590.0    -0.7     8.2    0.53     2.6     0.2
    8 2043  309  6980.0    -0.6     8.0    0.53     1.5     0.0
    8 2043  310  4330.0     0.1     9.1    0.57     3.6     0.0
    8 2043  311  1450.0     4.8    12.3    0.85     2.1     1.0
    8 2043  312  1070.0     7.4    14.5    1.02     2.6     0.9
    8 2043  313  1430.0    11.1    14.3    1.31     3.6     0.1
    8 2043  314  2800.0     8.3    11.4    1.07     3.1     0.0
    8 2043  315  3670.0     9.0    16.7    1.06     3.6     0.0
    8 2043  316  5240.0     7.2    16.9    0.92     5.1     0.0
    8 2043  317  4670.0     4.7    11.1    0.81     3.1     0.0
    8 2043  318  1450.0     7.3    15.2    1.00     3.1     0.0
    8 2043  319   860.0     8.8    12.6    1.10     5.1     0.4
    8 2043  320  2540.0     8.1    14.5    1.03     6.2     1.9
    8 2043  321  2660.0     1.8     8.3    0.67     2.6     1.9
    8 2043  322  3200.0     1.4     8.5    0.64     4.1     4.4
    8 2043  323  2980.0     6.3    10.4    0.88     5.7     8.1
    8 2043  324  4520.0     1.4    10.9    0.64     2.1     0.0
    8 2043  325  4660.0     2.0     7.6    0.61     4.1     0.0
    8 2043  326  1340.0     2.3    10.7    0.68     3.1     0.0
    8 2043  327  2700.0     8.4    12.8    1.07     4.6     0.0
    8 2043  328  1690.0     9.6    13.1    1.09     6.2     0.0
    8 2043  329  4010.0     8.1    14.5    0.99     5.1     0.0
    8 2043  330  3060.0     6.0    14.4    0.85     4.1     0.0
    8 2043  331  1610.0     5.8    10.7    0.88     3.1     0.0
    8 2043  332  2190.0     5.5    11.7    0.89     1.5     0.1
    8 2043  333   760.0     4.7     7.3    0.85     3.1     0.0
    8 2043  334   990.0     2.5     6.1    0.71     4.6     0.0
    8 2043  335   800.0     1.6     4.8    0.66     4.1     0.0
    8 2043  336   820.0     1.7     5.0    0.69     4.1     0.0
    8 2043  337  1570.0     0.4     5.0    0.61     4.6     0.0
    8 2043  338  2030.0    -0.2     2.6    0.57     5.7     0.0
    8 2043  339  3210.0    -2.2     1.9    0.44     7.2     0.0
    8 2043  340  2330.0    -3.7    -1.5    0.41     7.2     0.0
    8 2043  341  2190.0    -3.6     1.3    0.44     3.6     0.0
    8 2043  342  3270.0    -4.1     2.4    0.44     2.6     0.0
    8 2043  343  1390.0    -3.2     2.3    0.48     3.1     0.0
    8 2043  344   800.0    -1.7     1.3    0.54     1.5     0.0
    8 2043  345   490.0    -2.2     6.0    0.52     1.5     0.0
    8 2043  346  2710.0     2.4     6.0    0.72     3.1     0.0
    8 2043  347   850.0     0.2     3.3    0.62     2.1     0.0
    8 2043  348  2630.0     0.8     3.3    0.60     6.7     0.0
    8 2043  349  1930.0    -2.7     2.2    0.46     6.7     0.0
    8 2043  350  2190.0    -1.7     1.5    0.52     6.2     0.0
    8 2043  351   840.0    -0.8     1.1    0.56     3.6     0.0
    8 2043  352   480.0     0.9     2.6    0.65     2.1     1.4
    8 2043  353   490.0     2.6     4.3    0.74     1.5     0.1
    8 2043  354  1570.0    -1.3     4.4    0.55     1.5     6.6
    8 2043  355  1130.0    -1.6     1.8    0.53     3.1     0.0
    8 2043  356   270.0     1.1    12.6    0.65     6.2    12.6
    8 2043  357   590.0     3.6    12.2    0.78     4.6     5.3
    8 2043  358  3350.0    -4.1     3.9    0.43     2.1     0.0
    8 2043  359  1450.0    -4.9     5.0    0.42     4.1     1.6
    8 2043  360  3070.0    -5.4     4.6    0.39     2.1     0.1
    8 2043  361  2660.0    -9.7    -2.6    0.29     0.5     0.0
    8 2043  362  3440.0   -10.3    -0.7    0.27     1.0     0.0
    8 2043  363  3600.0   -12.1    -1.6    0.23     2.6     0.0
    8 2043  364  3260.0    -8.6    -2.4    0.28     6.2     0.0
    8 2043  365  1420.0    -2.7    -1.0    0.47     6.2     0.0
