*---------------------------------------------------------------------------*
* Station name: Lelystad, Netherlands, KNMI W+-scenario for period around 2050 
* Year: 2051
* Author: Joost Wolf and Janette Bessembinder            -99.000: NIL VALUE
* Comments: vapour pressure calculated from minimum temperature and 
* relative humidity
* Longitude: 5 38 E, latitude: 52 34 N, altitude: -4 m.
*
* Column  Daily value
* 1       station number
* 2       year
* 3       day
* 4       irradiation                   (kJ m-2 d-1)
* 5       minimum temperature           (degrees Celsius)
* 6       maximum temperature           (degrees Celsius)
* 7       early morning vapour pressure (kPa)
* 8       mean wind speed (height: 2 m) (m s-1)
* 9       precipitation                 (mm d-1)
*
** WCCDESCRIPTION=Netherlands, Lelystad, W+-scenario
** WCCFORMAT=2
** WCCYEARNR=2051
*---------------------------------------------------------------------------*
   5.63  52.57    -4.  -0.18 -0.55
    9 2051    1   270.0    -0.1    12.3    0.58     5.1    19.3
    9 2051    2   610.0     6.1    11.5    0.93     4.4    24.9
    9 2051    3  1240.0     2.9     7.2    0.73     3.3     1.6
    9 2051    4  1900.0    -2.6     3.3    0.45     5.3     0.0
    9 2051    5  2120.0    -4.7     3.0    0.42     3.5     0.6
    9 2051    6  2980.0    -1.7     3.6    0.49     5.4     1.5
    9 2051    7  3790.0    -5.7    -0.8    0.37     2.8     0.0
    9 2051    8  2650.0    -5.9    -1.0    0.36     3.4     0.2
    9 2051    9  5180.0    -8.1    -2.4    0.29     3.4     0.0
    9 2051   10  3400.0    -6.2     1.5    0.34     2.8     0.0
    9 2051   11  5080.0    -7.4     3.1    0.32     2.1     0.0
    9 2051   12  3620.0    -0.9     5.5    0.54     5.7     0.0
    9 2051   13   770.0     4.5     9.8    0.82     7.2     4.9
    9 2051   14  1540.0     8.0    11.0    1.02     7.3     0.0
    9 2051   15  1560.0     6.1     9.5    0.88     9.1     0.2
    9 2051   16  4120.0     3.7    10.4    0.77     6.0     0.0
    9 2051   17  2770.0     3.6     7.7    0.75     7.5     0.6
    9 2051   18  1310.0     4.5     7.9    0.82     6.0     0.5
    9 2051   19  1310.0     4.2     9.6    0.77     7.3     1.3
    9 2051   20  1270.0     7.9    10.7    1.01     8.3     2.5
    9 2051   21  3810.0     8.0    11.6    1.02     5.5     2.6
    9 2051   22   880.0     8.0     9.8    1.04     5.9     8.5
    9 2051   23   810.0     3.9     9.0    0.77     4.7     0.3
    9 2051   24  5190.0     0.0     8.9    0.58     3.0     0.0
    9 2051   25  1880.0     3.0     8.4    0.73     6.2     3.3
    9 2051   26  1780.0     2.5    11.5    0.72     5.1     4.0
    9 2051   27  3660.0     8.4    12.5    1.07     5.6     1.5
    9 2051   28  1860.0     6.1    10.5    0.86     9.1     5.4
    9 2051   29  3300.0     4.2     8.0    0.77     5.5     7.5
    9 2051   30  3850.0     0.3     5.4    0.56     5.6     1.8
    9 2051   31  6160.0    -4.1     2.6    0.38     3.5     0.0
    9 2051   32  2400.0    -3.1     3.1    0.45     6.0     4.3
    9 2051   33  1580.0     2.6     6.5    0.71     7.5     4.1
    9 2051   34  4150.0     3.1     7.4    0.70     6.1     2.4
    9 2051   35  3210.0     1.3     6.4    0.63     6.1     5.4
    9 2051   36  5270.0     2.2     7.5    0.66     4.7     1.6
    9 2051   37  7850.0    -1.4     6.4    0.50     3.2     1.0
    9 2051   38  1390.0     4.3     8.4    0.81     4.5     0.6
    9 2051   39  1530.0     7.9    10.3    1.05     4.3     1.4
    9 2051   40  1090.0     5.5     9.0    0.86     3.6     0.1
    9 2051   41  7680.0     0.1     8.5    0.56     2.0     0.0
    9 2051   42  1270.0    -1.4     2.2    0.54     1.9     0.0
    9 2051   43  1020.0    -2.2     1.0    0.50     3.1     0.0
    9 2051   44  8140.0    -4.8     3.9    0.38     4.1     0.0
    9 2051   45  8260.0    -5.1     6.0    0.35     4.1     0.0
    9 2051   46  1300.0     0.8     2.9    0.60     4.9     0.0
    9 2051   47  9550.0    -4.6     3.8    0.37     4.7     0.0
    9 2051   48  9930.0    -5.8     5.4    0.34     3.9     0.0
    9 2051   49  9900.0    -6.0     4.3    0.35     5.0     0.0
    9 2051   50  9480.0    -3.1     7.2    0.43     4.8     0.0
    9 2051   51 10800.0    -3.0     8.5    0.44     4.3     0.0
    9 2051   52 10590.0    -3.8    11.6    0.41     2.9     0.0
    9 2051   53 10560.0    -3.6    11.8    0.42     3.5     0.0
    9 2051   54  9810.0    -3.4    13.5    0.41     3.1     0.0
    9 2051   55  9910.0    -0.9    15.7    0.49     2.6     0.0
    9 2051   56 11200.0    -1.8    13.4    0.45     3.3     0.0
    9 2051   57 10930.0    -3.2    15.5    0.40     2.4     0.0
    9 2051   58  8610.0     1.2    17.2    0.57     2.2     0.0
    9 2051   59  8940.0     4.6    16.4    0.74     3.3     1.0
    9 2051   60  8970.0     7.3    14.7    0.92     4.2     1.3
    9 2051   61  4580.0     7.4    12.3    0.99     3.4     1.4
    9 2051   62  8640.0     5.9    13.0    0.84     2.1     0.0
    9 2051   63  7650.0     3.5    12.6    0.69     4.8     0.3
    9 2051   64  4280.0    10.2    15.3    1.16     3.7     0.0
    9 2051   65  2640.0     2.2    13.4    0.68     4.4     0.8
    9 2051   66  7060.0     2.6    11.9    0.68     5.4     0.3
    9 2051   67  4430.0     7.0    11.5    0.92    10.7    13.8
    9 2051   68  7230.0     8.8    13.4    1.04     8.0     2.2
    9 2051   69  7900.0     9.2    15.2    1.04     7.4     0.0
    9 2051   70  2660.0     9.1    12.6    1.09     6.6     3.2
    9 2051   71  5110.0     3.9    10.9    0.75     6.2     0.0
    9 2051   72 14020.0     2.8    11.3    0.67     3.5     0.0
    9 2051   73 15040.0    -0.2    13.4    0.51     4.5     0.0
    9 2051   74 14800.0     0.6    13.0    0.55     4.3     0.0
    9 2051   75 15220.0    -1.3    16.0    0.48     2.0     0.0
    9 2051   76  7630.0    -1.2     9.7    0.52     2.9     0.0
    9 2051   77 15470.0    -0.3    15.3    0.53     2.3     0.0
    9 2051   78  5860.0     0.5     9.7    0.59     2.7     0.0
    9 2051   79  8230.0     1.8     9.9    0.63     2.4     0.0
    9 2051   80 12750.0    -0.3    13.4    0.51     4.4     0.0
    9 2051   81 16980.0    -2.8    15.7    0.38     3.3     0.0
    9 2051   82 17310.0    -2.7    19.2    0.37     2.0     0.0
    9 2051   83 14940.0     2.8    22.7    0.59     4.1     0.0
    9 2051   84 11170.0     3.7    17.8    0.71     2.2     0.0
    9 2051   85 16610.0     3.6    18.8    0.67     2.9     0.0
    9 2051   86 15880.0     1.1    18.2    0.59     2.3     0.0
    9 2051   87 15450.0     5.1    20.8    0.74     4.4     0.0
    9 2051   88  5760.0     5.5    17.1    0.79     2.0     0.0
    9 2051   89 15220.0     7.5    14.4    0.95     3.4     0.0
    9 2051   90 15290.0     3.1    13.6    0.66     3.0     0.0
    9 2051   91  7820.0     2.5    15.9    0.65     6.8    11.1
    9 2051   92 11620.0     7.1    12.4    0.89     8.1     2.5
    9 2051   93 14170.0     2.8    11.2    0.62     6.7     1.2
    9 2051   94  7340.0     0.7    13.4    0.60     4.3     0.1
    9 2051   95 10690.0     7.5    11.7    0.91     7.1     0.0
    9 2051   96 14880.0     2.2    12.7    0.57     5.0     0.0
    9 2051   97 18510.0    -0.9    10.6    0.43     3.9     0.0
    9 2051   98 14550.0    -2.5     9.8    0.41     3.5     0.0
    9 2051   99 16170.0    -3.5     9.5    0.39     3.5     0.0
    9 2051  100 14610.0    -0.3     9.8    0.52     2.8     0.0
    9 2051  101 15660.0     2.1    14.2    0.61     3.2     0.2
    9 2051  102 19790.0    -1.0    16.6    0.46     2.3     0.0
    9 2051  103 19810.0     1.7    20.1    0.52     4.1     0.0
    9 2051  104 20810.0     9.4    22.9    0.82     5.9     0.0
    9 2051  105 21680.0     7.4    26.2    0.76     4.2     0.0
    9 2051  106 21580.0     8.5    26.3    0.81     4.5     0.0
    9 2051  107 22020.0     8.8    24.3    0.82     6.0     0.0
    9 2051  108 22770.0     6.5    20.2    0.76     6.7     0.0
    9 2051  109 12620.0     5.7    15.7    0.79     7.0     0.3
    9 2051  110 20450.0     6.2    19.4    0.77     4.1     0.0
    9 2051  111 15590.0     6.6    26.0    0.81     3.5     5.6
    9 2051  112 18030.0     9.9    18.6    1.06     3.0     0.5
    9 2051  113 21020.0     6.6    17.0    0.89     3.8     0.0
    9 2051  114 21150.0     5.5    24.2    0.70     2.8     0.0
    9 2051  115 11720.0    11.3    25.7    1.08     3.0     0.4
    9 2051  116  4260.0     9.9    17.5    1.16     3.8    13.7
    9 2051  117 12090.0    10.6    18.1    1.15     7.9     1.2
    9 2051  118 11590.0    11.9    24.3    1.25     5.5     0.8
    9 2051  119 17120.0    11.4    19.7    1.17     6.4     0.9
    9 2051  120  6430.0    10.2    18.6    1.13     3.5     6.5
    9 2051  121 13940.0    10.1    17.6    1.08     8.1     3.2
    9 2051  122 12740.0     9.9    23.0    1.08     4.8     3.4
    9 2051  123 15130.0    11.3    16.8    1.17     8.8     0.0
    9 2051  124 25230.0    11.3    25.4    1.06     4.5     0.0
    9 2051  125  4540.0    13.5    20.6    1.43     2.8     5.5
    9 2051  126 13890.0     8.1    18.3    0.97     3.0     0.0
    9 2051  127 22890.0     6.3    19.9    0.83     2.1     0.0
    9 2051  128 21420.0     7.2    21.2    0.91     2.8     0.4
    9 2051  129 12310.0     9.8    18.1    1.07     1.4     0.2
    9 2051  130 22480.0     8.9    19.3    0.97     3.3     0.0
    9 2051  131 19070.0    12.2    22.6    1.20     3.7     4.3
    9 2051  132 10950.0    11.3    17.2    1.24     4.9    14.1
    9 2051  133 21490.0     9.1    16.0    1.00     5.4     2.6
    9 2051  134 20970.6     8.8    16.0    0.98     5.7     1.1
    9 2051  135 26290.0     7.8    17.0    0.89     3.0     0.0
    9 2051  136 22080.0     5.5    19.2    0.73     2.5     0.0
    9 2051  137 11480.0    13.5    20.7    1.33     4.4     9.4
    9 2051  138 13660.0    13.5    19.9    1.40     5.6     2.6
    9 2051  139  7860.0    12.9    18.0    1.39     5.3     9.9
    9 2051  140 14070.0    11.3    17.4    1.22     7.9     8.8
    9 2051  141 20970.6    12.7    18.6    1.26     5.0     1.2
    9 2051  142 20970.6    13.3    18.4    1.32     5.5     1.1
    9 2051  143  8680.0    14.1    18.6    1.52     6.3     8.4
    9 2051  144  6840.0    13.1    18.3    1.42     1.6     2.2
    9 2051  145 20970.6     9.5    18.3    1.02     3.5     0.9
    9 2051  146 26380.0     9.2    21.7    1.04     2.5     0.0
    9 2051  147 23990.0     9.3    23.0    1.01     2.5     0.0
    9 2051  148 25030.0    11.9    25.6    1.19     3.8     0.0
    9 2051  149 26530.0    12.5    28.2    1.24     3.4     0.0
    9 2051  150 26310.0    14.7    30.0    1.44     3.9     0.0
    9 2051  151 27040.0    13.8    26.9    1.38     3.7     0.0
    9 2051  152 24730.0    15.7    31.3    1.49     2.7     0.0
    9 2051  153 23069.8    17.4    32.3    1.74     3.8     1.4
    9 2051  154 23069.8    14.7    28.7    1.46     2.0     2.5
    9 2051  155 22720.0    18.3    31.8    1.91     3.7     4.4
    9 2051  156 20790.0    12.6    22.8    1.30     3.1     0.0
    9 2051  157 27520.0    12.4    27.6    1.19     3.1     0.0
    9 2051  158 24230.0    17.3    29.6    1.70     2.8     0.0
    9 2051  159 12330.0    15.4    28.5    1.58     4.1     7.8
    9 2051  160 24090.0    13.8    22.4    1.36     4.5     0.0
    9 2051  161 12890.0    13.7    27.3    1.40     3.3    30.9
    9 2051  162 21380.0    13.5    24.4    1.34     4.6     0.0
    9 2051  163 23069.8    12.5    24.2    1.27     2.2     0.6
    9 2051  164 24190.0    11.4    25.3    1.17     2.6     0.0
    9 2051  165 19600.0    11.2    23.2    1.18     3.7     0.0
    9 2051  166 26280.0    10.2    23.9    1.09     2.3     0.0
    9 2051  167 25490.0    11.4    24.8    1.19     2.1     0.0
    9 2051  168 23069.8    13.0    26.9    1.31     2.4     1.3
    9 2051  169 23069.8    19.6    25.8    1.99     4.3     0.5
    9 2051  170 23069.8    18.0    24.2    1.80     6.7     0.8
    9 2051  171 22440.0    11.8    20.9    1.15     6.2     0.0
    9 2051  172 23890.0    11.6    21.6    1.19     3.6     0.0
    9 2051  173 17600.0    13.4    27.1    1.31     2.5     0.0
    9 2051  174 19220.0    16.4    29.7    1.66     4.6     0.0
    9 2051  175 23020.0    13.9    22.8    1.36     4.2     0.0
    9 2051  176 21870.0    11.9    22.7    1.22     3.0     0.0
    9 2051  177 30390.0    10.9    26.3    1.12     4.1     0.0
    9 2051  178 27010.0    14.6    30.3    1.35     3.7     0.0
    9 2051  179 23069.8    12.9    23.6    1.30     2.8     0.0
    9 2051  180 22040.0    11.8    25.1    1.20     1.8     0.0
    9 2051  181  9190.0    13.1    24.3    1.39     2.7     6.1
    9 2051  182 13550.0    16.2    22.0    1.71     4.5    25.2
    9 2051  183 13110.0    16.2    21.2    1.71     6.2    10.5
    9 2051  184 14590.0    15.7    21.9    1.65     6.0     9.1
    9 2051  185  8480.0    16.7    20.3    1.74     5.8     0.0
    9 2051  186 10780.0    16.3    21.0    1.67     4.5     0.2
    9 2051  187  7350.0    14.7    20.3    1.52     1.7     0.0
    9 2051  188 22370.0    12.3    24.3    1.26     1.5     0.0
    9 2051  189 18250.0    12.4    25.8    1.29     2.8     0.0
    9 2051  190 24790.0    14.1    23.7    1.43     2.9     0.0
    9 2051  191 27260.0    12.7    28.1    1.25     1.8     0.0
    9 2051  192 20630.0    17.8    28.4    1.73     4.6     0.0
    9 2051  193 25050.0    12.9    24.3    1.29     3.3     0.0
    9 2051  194 27460.0    11.9    25.7    1.22     2.8     0.0
    9 2051  195 28390.0    14.7    29.9    1.38     4.5     0.0
    9 2051  196 27560.0    16.1    33.7    1.44     4.5     0.0
    9 2051  197 25150.0    20.0    36.9    1.90     4.7     0.0
    9 2051  198 21330.6    19.6    24.2    2.04     5.8     2.3
    9 2051  199 14380.0    17.0    26.9    1.73     4.9     0.0
    9 2051  200 26810.0    16.4    34.0    1.53     2.8     0.0
    9 2051  201 20750.0    18.4    34.5    1.80     3.6     0.0
    9 2051  202 23460.0    16.3    30.9    1.55     2.5     0.0
    9 2051  203 18760.0    16.4    26.4    1.60     3.8     0.0
    9 2051  204 21330.6    15.8    28.1    1.60     2.9     0.6
    9 2051  205 21330.6    16.5    24.6    1.68     2.9     2.2
    9 2051  206 21330.6    16.7    26.5    1.70     4.3     1.9
    9 2051  207 21330.6    18.7    26.4    1.93     3.8     0.4
    9 2051  208 21330.6    15.4    26.8    1.56     5.2     0.4
    9 2051  209 18740.0    15.4    26.0    1.52     2.7     0.0
    9 2051  210 19360.0    14.4    29.0    1.34     3.0     0.0
    9 2051  211 12370.0    17.4    26.7    1.82     2.7     0.0
    9 2051  212 23000.0    15.1    28.8    1.53     1.6     0.0
    9 2051  213 19700.0    16.1    29.9    1.60     2.4     0.0
    9 2051  214 21970.0    18.6    28.6    1.93     2.3     0.0
    9 2051  215 24060.0    16.4    28.2    1.69     3.1     0.0
    9 2051  216 24700.0    15.3    30.0    1.53     3.3     0.0
    9 2051  217 21710.0    16.2    31.9    1.60     3.8     0.0
    9 2051  218 21430.0    19.7    35.4    1.86     4.1     0.0
    9 2051  219 22230.0    19.7    38.2    1.89     2.4     0.0
    9 2051  220 20020.0    21.4    33.5    2.34     2.7     0.0
    9 2051  221 19730.0    22.0    29.3    2.47     3.3     0.0
    9 2051  222 21980.0    21.1    31.8    2.24     1.8     0.0
    9 2051  223 19310.0    18.7    35.0    1.91     1.9     0.0
    9 2051  224 20830.0    21.6    38.7    2.23     3.5     0.0
    9 2051  225 18810.0    19.6    28.6    1.98     4.3     0.0
    9 2051  226 20840.0    19.9    25.4    1.89     4.9     0.0
    9 2051  227 20250.0    13.9    25.1    1.31     3.8     0.0
    9 2051  228 16580.0    12.0    24.8    1.20     2.3     0.1
    9 2051  229 17994.1    12.1    25.2    1.26     3.5     0.4
    9 2051  230 17994.1    17.2    30.0    1.75     3.3     0.4
    9 2051  231 15030.0    16.5    25.9    1.60     4.4     0.0
    9 2051  232 15550.0    12.8    25.2    1.26     2.5     0.0
    9 2051  233 15600.0    11.5    26.7    1.16     4.2     0.0
    9 2051  234 17994.1    16.6    23.4    1.68     4.7     1.1
    9 2051  235 17994.1    14.4    26.5    1.46     3.5     0.0
    9 2051  236  8390.0    14.7    23.9    1.48     2.7     0.0
    9 2051  237 17740.0    17.5    25.9    1.74     3.0     0.0
    9 2051  238 16480.0    16.0    25.0    1.59     3.6     0.0
    9 2051  239  7480.0    16.5    22.5    1.59     3.1     0.1
    9 2051  240  7950.0    16.2    22.1    1.60     2.0     0.0
    9 2051  241 17994.1    13.4    18.7    1.37     3.2     2.4
    9 2051  242 17640.0     9.7    22.2    1.05     3.8     0.0
    9 2051  243 14560.0    11.4    21.7    1.16     4.5     0.0
    9 2051  244 12505.6    13.1    21.2    1.38     4.1     0.5
    9 2051  245 16270.0     9.8    22.6    1.03     1.9     0.0
    9 2051  246 14780.0     7.8    23.2    0.95     1.8     0.0
    9 2051  247 18730.0     8.1    25.1    0.95     1.6     0.0
    9 2051  248 17460.0    11.0    28.5    1.09     3.0     0.0
    9 2051  249 12505.6    17.2    24.8    1.80     3.4     1.5
    9 2051  250 10710.0    14.3    23.1    1.52     2.0     0.0
    9 2051  251  7040.0    14.2    22.1    1.50     1.8     0.0
    9 2051  252 12310.0    12.7    22.6    1.31     3.3     2.4
    9 2051  253  3670.0    11.8    15.9    1.33     2.7    10.2
    9 2051  254 10370.0    15.1    22.0    1.54     4.2     0.4
    9 2051  255 12505.6    11.2    20.9    1.22     2.6     1.1
    9 2051  256 16760.0     8.3    22.3    0.98     1.5     0.0
    9 2051  257 16920.0     7.4    24.2    0.89     1.8     0.0
    9 2051  258 12580.0     9.0    25.8    1.03     1.4     0.0
    9 2051  259 13450.0    11.9    26.7    1.25     1.7     0.0
    9 2051  260 14950.0    13.4    29.0    1.31     2.2     0.0
    9 2051  261 14780.0    15.6    32.2    1.47     3.9     0.0
    9 2051  262 11860.0    15.7    27.3    1.62     3.8     0.0
    9 2051  263 14080.0    14.8    30.4    1.51     2.4     0.0
    9 2051  264 14110.0    17.7    28.2    1.72     2.8     0.0
    9 2051  265 13540.0    15.7    30.1    1.50     6.4    11.5
    9 2051  266  8210.0    11.3    16.9    1.14     4.5     0.0
    9 2051  267 14560.0     8.2    18.5    0.93     1.7     0.0
    9 2051  268 14570.0     5.5    20.9    0.78     2.2     0.0
    9 2051  269 12505.6     7.1    20.7    0.92     3.3     0.0
    9 2051  270 12910.0     8.5    20.0    0.99     1.8     0.0
    9 2051  271  3250.0     7.6    15.3    0.99     3.2     4.7
    9 2051  272 12505.6     9.0    18.9    1.05     3.0     0.0
    9 2051  273 10340.0     6.1    19.8    0.85     2.5     0.0
    9 2051  274  9970.0     7.8    18.9    0.98     3.3     0.0
    9 2051  275 10510.0    11.1    20.7    1.21     1.6     0.1
    9 2051  276  5620.0    13.6    20.5    1.46     2.3     2.0
    9 2051  277  8470.0     8.7    16.9    1.03     3.0     6.3
    9 2051  278  9280.0     6.0    15.8    0.85     3.4     2.1
    9 2051  279  5580.0     8.5    17.5    1.00     7.4     4.4
    9 2051  280  6310.0     8.7    15.0    1.02     7.4    24.5
    9 2051  281  2680.0    12.5    16.9    1.32     6.1    13.8
    9 2051  282  3670.0    11.7    17.4    1.26     4.4     0.2
    9 2051  283  8050.0    11.0    19.3    1.20     5.9     0.8
    9 2051  284  4860.0     7.9    17.0    0.96     3.2     0.0
    9 2051  285  9970.0     4.8    16.7    0.79     2.1     0.0
    9 2051  286  8600.0     4.6    15.5    0.76     4.2     0.0
    9 2051  287 11030.0     5.6    14.6    0.80     5.0     0.0
    9 2051  288 10950.0     3.0    14.9    0.68     4.7     0.0
    9 2051  289 10810.0     2.8    13.7    0.68     4.3     0.0
    9 2051  290 10540.0     2.7    13.7    0.66     4.6     0.0
    9 2051  291 10100.0     0.9    14.5    0.59     4.2     0.0
    9 2051  292  9410.0     0.2    14.6    0.57     2.7     0.0
    9 2051  293  4100.0     5.2    11.3    0.83     3.9     0.0
    9 2051  294  5240.0     3.7    11.4    0.74     3.3     0.0
    9 2051  295  5850.0     3.2    10.8    0.71     4.2     0.0
    9 2051  296  9260.0    -1.5     9.7    0.49     4.8     0.0
    9 2051  297  6870.0    -2.2     8.5    0.49     3.8     1.0
    9 2051  298  5030.0     0.2    13.1    0.59     4.3     5.3
    9 2051  299  6180.0     0.4    12.4    0.59     3.6     0.0
    9 2051  300  9260.0    -2.0    10.2    0.47     1.5     0.0
    9 2051  301  8280.0    -0.4     9.8    0.56     2.7     0.0
    9 2051  302  5610.0     1.5    11.6    0.62     4.1     0.0
    9 2051  303  2180.0     7.1    12.9    0.96     4.2     0.8
    9 2051  304  3300.0     7.1    13.7    0.96     3.8     4.6
    9 2051  305  2980.0     9.3    14.1    1.12     4.1     1.1
    9 2051  306  2950.0     8.6    14.1    1.05     7.8     1.7
    9 2051  307  3690.0    11.0    15.6    1.19     8.5     5.4
    9 2051  308  6450.0     5.6    15.9    0.85     4.3     0.0
    9 2051  309  5940.0     9.5    15.9    1.08     3.7     0.0
    9 2051  310  6600.0     4.7    16.3    0.79     2.4     0.0
    9 2051  311  6410.0     3.7    11.3    0.73     5.1     0.0
    9 2051  312  6200.0     4.4    12.1    0.76     5.9     0.0
    9 2051  313  5560.0     1.8    12.9    0.64     2.9     0.0
    9 2051  314  3820.0     5.2    14.6    0.83     3.2     0.0
    9 2051  315   890.0     3.7     6.8    0.77     3.4     0.0
    9 2051  316  4260.0     2.5    10.4    0.67     2.9     0.0
    9 2051  317  4770.0     7.4    15.5    0.98     3.6     0.1
    9 2051  318  1930.0     8.5    11.4    1.03     5.8     0.0
    9 2051  319  2070.0     7.7    13.6    0.99     6.5     0.0
    9 2051  320   960.0     6.5    10.2    0.94     2.3     4.3
    9 2051  321  2570.0     9.1    12.0    1.10     6.5     0.3
    9 2051  322   640.0    11.2    15.3    1.29     6.2     0.1
    9 2051  323  1560.0    13.2    15.9    1.45     7.0     0.0
    9 2051  324   530.0    10.8    14.1    1.25     5.5     0.3
    9 2051  325  1550.0    10.0    12.3    1.17     4.4     1.5
    9 2051  326  1860.0    11.3    15.9    1.26     4.6     1.3
    9 2051  327   920.0    12.1    15.6    1.35     2.3     5.2
    9 2051  328   540.0     8.9    12.3    1.12     3.8    17.9
    9 2051  329  3780.0     6.3    11.8    0.92     3.2     0.0
    9 2051  330  2430.0     9.0    12.7    1.07     6.7     2.4
    9 2051  331  1750.0     3.8     9.8    0.79     1.5     0.0
    9 2051  332  4110.0     1.5    11.6    0.66     2.3     0.0
    9 2051  333  1860.0     5.0     8.9    0.82     5.1     0.0
    9 2051  334   710.0     6.4    10.4    0.94     4.0     2.0
    9 2051  335  1730.0     7.4    14.3    0.98     3.7     7.8
    9 2051  336  1960.0     4.7    10.1    0.82     3.2     0.0
    9 2051  337   900.0     4.1     8.5    0.80     3.3     0.0
    9 2051  338   380.0     6.6     8.5    0.93     6.1     0.0
    9 2051  339   950.0     6.6     8.3    0.93     2.7     0.0
    9 2051  340  2910.0    -0.4    11.7    0.53     4.7     0.7
    9 2051  341  4230.0    -2.6     4.6    0.46     2.8     0.0
    9 2051  342  4200.0    -4.7     4.7    0.39     2.3     0.0
    9 2051  343  3840.0    -4.1     5.3    0.41     2.3     0.0
    9 2051  344  3500.0    -4.0     6.1    0.42     2.2     0.0
    9 2051  345   750.0     1.3     8.8    0.65     6.7     2.9
    9 2051  346  1550.0     0.4    11.1    0.61     3.4     1.9
    9 2051  347   170.0    10.4    14.0    1.22     9.2    23.5
    9 2051  348  2650.0     4.7    11.5    0.77     8.1     6.2
    9 2051  349  1990.0     4.0     7.7    0.73     6.6     1.5
    9 2051  350  2200.0     3.8    10.1    0.75     3.5     0.1
    9 2051  351  2930.0     2.2     9.1    0.66     4.3     0.0
    9 2051  352  3350.0     0.8     8.4    0.60     2.6     0.0
    9 2051  353   500.0     2.3     7.6    0.70     3.4     0.0
    9 2051  354   410.0     5.9    12.5    0.89     7.0     5.7
    9 2051  355  1390.0     3.4     9.7    0.71     9.6    13.1
    9 2051  356  2350.0    -0.4     6.9    0.53     4.9     0.3
    9 2051  357   420.0     0.5     4.6    0.62     5.1     6.1
    9 2051  358   430.0     3.8     8.6    0.79     6.0     0.3
    9 2051  359   920.0     8.3    11.1    1.04     7.0     0.0
    9 2051  360   420.0     8.1    10.8    1.01     7.8     0.1
    9 2051  361  3100.0     7.0    11.3    0.90     8.3     0.1
    9 2051  362   340.0     5.5    10.8    0.85     5.7    30.5
    9 2051  363  2490.0     2.9     8.3    0.70     4.6     0.2
    9 2051  364   620.0     2.5     6.1    0.71     1.9     0.0
    9 2051  365  1840.0     1.7     5.2    0.67     3.1     0.0
