*---------------------------------------------------------------------------*
* Station name: Lelystad, Netherlands, KNMI W+-scenario for period around 2050 
* Year: 2049
* Author: Joost Wolf and Janette Bessembinder            -99.000: NIL VALUE
* Comments: vapour pressure calculated from minimum temperature and 
* relative humidity
* Longitude: 5 38 E, latitude: 52 34 N, altitude: -4 m.
*
* Column  Daily value
* 1       station number
* 2       year
* 3       day
* 4       irradiation                   (kJ m-2 d-1)
* 5       minimum temperature           (degrees Celsius)
* 6       maximum temperature           (degrees Celsius)
* 7       early morning vapour pressure (kPa)
* 8       mean wind speed (height: 2 m) (m s-1)
* 9       precipitation                 (mm d-1)
*
** WCCDESCRIPTION=Netherlands, Lelystad, W+-scenario
** WCCFORMAT=2
** WCCYEARNR=2049
*---------------------------------------------------------------------------*
   5.63  52.57    -4.  -0.18 -0.55
    9 2049    1  1010.0     3.3     6.9    0.74     7.8     6.2
    9 2049    2  2270.0     5.9    12.0    0.88     7.3    14.6
    9 2049    3  2880.0     5.7    11.8    0.87     5.9     3.4
    9 2049    4   950.0     7.4    10.8    1.00     7.6     3.6
    9 2049    5   260.0     8.2    12.2    1.06     7.3    15.0
    9 2049    6  2310.0     6.3     9.3    0.93     4.7     2.3
    9 2049    7  1190.0     5.4     8.8    0.87     5.4     0.0
    9 2049    8  1050.0     3.8     7.8    0.79     4.7     2.3
    9 2049    9  3040.0     3.1     8.8    0.75     2.7     0.0
    9 2049   10  1920.0     2.8     6.0    0.73     5.0     0.0
    9 2049   11  4430.0     0.7     5.4    0.60     5.3     0.0
    9 2049   12  1780.0    -0.8     5.7    0.56     1.9     0.0
    9 2049   13  3610.0    -0.7     2.4    0.57     4.0     0.0
    9 2049   14   740.0    -2.1     2.8    0.51     4.1     0.0
    9 2049   15  5950.0    -1.5     3.0    0.52     4.9     0.0
    9 2049   16  6450.0    -3.3     2.3    0.46     2.6     0.0
    9 2049   17  4340.0    -5.2     1.0    0.40     1.5     0.0
    9 2049   18   560.0    -5.7     2.8    0.39     1.5     0.2
    9 2049   19  1390.0     1.2     3.2    0.66     1.0     0.0
    9 2049   20   810.0     2.1     3.1    0.70     2.0     0.8
    9 2049   21  2880.0     1.9     3.9    0.68     4.0     2.5
    9 2049   22  1620.0     2.4     7.6    0.71     4.1     1.5
    9 2049   23  2250.0     6.5    11.9    0.95     6.7     3.0
    9 2049   24  3270.0     5.6    13.5    0.87     7.0     3.0
    9 2049   25  1630.0     5.0    10.2    0.85     5.1     1.9
    9 2049   26  1720.0     4.6     8.3    0.83     5.4     1.0
    9 2049   27   880.0     5.2     7.3    0.86     3.9     6.6
    9 2049   28  3130.0     4.6     9.0    0.83     3.0     6.6
    9 2049   29  4920.0     1.1     8.6    0.63     1.3     0.0
    9 2049   30  4410.0     0.3     7.6    0.61     1.7     0.0
    9 2049   31  3960.0     1.9     7.6    0.69     1.9     0.0
    9 2049   32  4200.0     1.4     7.5    0.66     2.1     0.0
    9 2049   33  1280.0     1.7     3.6    0.68     3.3     3.8
    9 2049   34  2590.0     0.8     2.5    0.63     4.8     9.7
    9 2049   35  2350.0    -0.4     9.3    0.58     4.3    25.4
    9 2049   36  1700.0     6.8    12.0    0.98     6.5     5.3
    9 2049   37  1200.0     9.3    14.2    1.14     7.6     9.5
    9 2049   38  2740.0     9.8    12.9    1.16     6.1     3.6
    9 2049   39  1750.0     5.2    13.0    0.85     6.3    17.4
    9 2049   40  4960.0     1.3     8.6    0.62     2.5     0.0
    9 2049   41  7650.0     0.1     9.0    0.58     3.7     0.6
    9 2049   42  1890.0     6.8    14.1    0.95     7.9     0.1
    9 2049   43  1840.0     7.0    14.2    0.97     5.8     3.9
    9 2049   44  7380.0     2.3    10.7    0.70     3.4     0.0
    9 2049   45  5460.0     2.2     9.1    0.70     1.8     0.0
    9 2049   46  8580.0     1.8    14.7    0.68     1.6     0.0
    9 2049   47  1880.0     2.6     7.6    0.73     3.0     1.6
    9 2049   48  2620.0     4.8     7.4    0.83     3.9     0.0
    9 2049   49  5020.0     3.7     9.8    0.76     2.9     0.0
    9 2049   50  3700.0     4.3     8.4    0.81     4.4     0.5
    9 2049   51  5900.0     5.6    10.0    0.87     4.3     0.0
    9 2049   52  4770.0     6.7    11.1    0.95     4.5     1.4
    9 2049   53  9220.0     5.4    10.2    0.84     6.3     3.4
    9 2049   54  8600.0     1.6     7.6    0.63     3.5     3.7
    9 2049   55 12510.0    -2.6     4.2    0.46     3.4     1.8
    9 2049   56  7290.0    -0.5     7.2    0.57     3.8     1.4
    9 2049   57  8270.0     2.2     8.2    0.68     3.6     0.0
    9 2049   58  7740.0     1.9     7.9    0.62     4.6     0.0
    9 2049   59  4270.0     3.4     8.7    0.72     2.5     0.5
    9 2049   60  3190.0     3.0     5.5    0.74     2.7     0.0
    9 2049   61  8740.0     0.5     6.7    0.60     4.1     0.0
    9 2049   62  7060.0    -0.5     3.2    0.53     4.6     0.0
    9 2049   63  4360.0     1.2     6.0    0.63     4.5     0.0
    9 2049   64  5040.0     1.9     7.3    0.63     2.2     0.0
    9 2049   65 12550.0     0.5    11.8    0.56     4.2     0.0
    9 2049   66  5220.0     4.0    14.4    0.78     3.8     2.8
    9 2049   67  2460.0     8.0    12.8    1.06     4.0     2.3
    9 2049   68  2950.0     9.9    13.0    1.19     5.5     0.0
    9 2049   69  3180.0    10.7    13.4    1.27     5.3     2.2
    9 2049   70  5240.0    10.3    15.5    1.23     5.3     4.4
    9 2049   71 12310.0     5.9    15.1    0.84     5.5     3.3
    9 2049   72  3920.0     6.7    10.2    0.93     5.9     2.0
    9 2049   73  7970.0     2.7    10.9    0.69     4.8     0.0
    9 2049   74  8450.0     2.0    13.5    0.67     1.6     0.0
    9 2049   75  6820.0     5.9    10.8    0.88     4.3     0.0
    9 2049   76  1510.0     4.5     6.2    0.81     7.7    11.3
    9 2049   77  2170.0     4.2     6.4    0.82     3.8     4.6
    9 2049   78  8450.0     2.5     7.6    0.67     6.3     3.5
    9 2049   79  9380.0     0.9     8.8    0.58     2.8     0.0
    9 2049   80  3140.0     2.3     4.0    0.68     5.8     8.1
    9 2049   81  4570.0     2.9     6.6    0.74     2.5     0.0
    9 2049   82  1360.0     5.5     9.5    0.89     4.0    21.7
    9 2049   83  8580.0     5.3    11.0    0.88     4.7     0.0
    9 2049   84  3610.0     4.4     6.5    0.80     7.2     0.0
    9 2049   85  7110.0     3.6     6.6    0.73     4.0     0.0
    9 2049   86  7240.0     2.4     7.8    0.65     6.0     0.0
    9 2049   87  7680.0     4.0    14.0    0.74     6.5     0.9
    9 2049   88  5070.0     5.4    12.1    0.88     2.7     4.0
    9 2049   89  8070.0     4.3    12.6    0.80     2.9     0.0
    9 2049   90  7010.0     4.4    15.1    0.77     5.7     0.0
    9 2049   91  8630.0     8.0    17.1    1.02     3.2     0.0
    9 2049   92 18300.0     7.4    24.0    0.88     3.9     0.0
    9 2049   93 12320.0    10.3    17.9    1.10     4.8     0.0
    9 2049   94  6820.0     8.4    14.9    1.00     7.3     4.3
    9 2049   95 11750.0     8.6    14.2    1.00     7.0     5.5
    9 2049   96  8290.0    10.2    15.9    1.17     6.3     3.5
    9 2049   97 12670.0     7.8    14.8    0.98     4.0     3.6
    9 2049   98  9050.0     4.6    12.5    0.79     3.9     0.7
    9 2049   99  8940.0     6.4    12.7    0.90     4.0     0.0
    9 2049  100 11030.0     9.6    13.5    1.16     4.5     0.9
    9 2049  101 15070.0     8.2    14.6    0.99     5.4     0.3
    9 2049  102 15020.0     6.0    11.0    0.81     5.8     0.4
    9 2049  103 17190.0     2.4    10.8    0.56     5.3     0.0
    9 2049  104  9030.0    -0.1     8.4    0.54     4.3     8.5
    9 2049  105  6990.0     7.5    12.2    0.99     6.0     4.6
    9 2049  106 12690.0     7.7    12.4    0.99     5.5     5.4
    9 2049  107 10040.0     7.3    10.9    0.91     4.7     0.6
    9 2049  108 14360.0     4.9    10.7    0.80     7.0    10.0
    9 2049  109 15610.0     3.7     9.8    0.75     4.5     9.1
    9 2049  110 12260.0     4.4    11.6    0.79     2.3     3.8
    9 2049  111 17400.0     3.9    13.1    0.74     4.0     0.0
    9 2049  112 18700.0     2.0    15.0    0.62     1.8     0.0
    9 2049  113 15410.0     4.1    15.3    0.71     2.0     0.0
    9 2049  114 14370.0     6.7    18.6    0.85     4.0     0.4
    9 2049  115  6500.0     8.7    15.8    1.08     2.9    21.2
    9 2049  116 12800.0    10.4    15.8    1.17     6.7     4.2
    9 2049  117  9970.0    10.3    15.9    1.18     3.8     8.2
    9 2049  118 10890.0     8.4    15.6    1.02     5.6     4.1
    9 2049  119 20310.0     8.0    19.9    0.94     4.3     0.0
    9 2049  120 15780.0    11.5    20.0    1.27     3.5     4.8
    9 2049  121 12050.0     9.3    14.7    1.09     7.6     0.0
    9 2049  122 22570.0     8.3    22.7    0.95     6.1     0.0
    9 2049  123  7720.0    10.9    17.9    1.20     3.6     4.5
    9 2049  124  8990.0     8.1    13.2    1.00     4.8     2.4
    9 2049  125 19870.0     7.3    14.0    0.89     6.5     0.0
    9 2049  126 17900.0     9.2    17.4    1.01     6.8     0.0
    9 2049  127 26570.0     9.0    19.1    0.98     5.8     0.0
    9 2049  128 22800.0     8.6    17.8    0.98     4.0     0.0
    9 2049  129 25700.0    12.3    26.1    1.21     4.5     0.0
    9 2049  130 26090.0    12.7    28.6    1.17     4.6     0.0
    9 2049  131 27170.0    13.1    28.8    1.20     3.9     0.0
    9 2049  132 27360.0    13.8    27.9    1.24     4.0     0.0
    9 2049  133 25510.0    13.5    28.0    1.21     3.3     0.0
    9 2049  134 11400.0    14.8    24.3    1.51     2.5     0.0
    9 2049  135 17350.0    12.9    20.6    1.37     4.0     3.0
    9 2049  136 11850.0    13.2    20.2    1.44     5.9    26.5
    9 2049  137 15590.0    11.7    19.1    1.23     8.2     3.7
    9 2049  138 20970.6    11.9    16.6    1.20     5.5     1.1
    9 2049  139 24720.0     9.9    18.2    1.11     3.9     0.0
    9 2049  140 25790.0     8.5    19.9    0.98     2.6     0.0
    9 2049  141 22310.0    10.1    19.7    1.07     4.7     0.0
    9 2049  142 28970.0    10.3    22.6    1.06     4.9     0.0
    9 2049  143 28840.0    11.1    25.9    1.10     4.0     0.0
    9 2049  144 28160.0    12.9    23.6    1.27     4.9     0.0
    9 2049  145 29820.0    10.4    23.5    1.04     3.4     0.0
    9 2049  146 22680.0    11.2    25.5    1.11     3.0     0.0
    9 2049  147  8640.0    14.4    20.3    1.52     4.9     0.7
    9 2049  148  9420.0    18.7    23.2    2.01     6.2     0.1
    9 2049  149 27790.0    14.3    21.9    1.41     6.3     0.0
    9 2049  150 25710.0    11.8    24.4    1.16     2.8     0.0
    9 2049  151 23540.0    12.6    19.6    1.29     5.7     0.0
    9 2049  152 23069.8    13.4    19.6    1.34     5.0     3.0
    9 2049  153  8580.0    10.3    17.0    1.18     6.8    17.2
    9 2049  154 11170.0     9.7    14.1    1.06     7.8     4.6
    9 2049  155 15790.0     9.9    18.3    1.09     4.9     0.0
    9 2049  156 20030.0    10.1    22.7    1.07     3.0     0.0
    9 2049  157 23069.8    14.4    23.2    1.43     4.8     1.5
    9 2049  158 23069.8    11.5    17.9    1.19     6.8     2.1
    9 2049  159 28640.0     9.1    18.4    0.98     4.3     0.0
    9 2049  160 27230.0     7.1    19.1    0.80     1.9     0.0
    9 2049  161 22600.0    11.5    20.0    1.10     2.5     0.0
    9 2049  162 22830.0    10.6    18.5    1.09     4.3     0.0
    9 2049  163 23680.0    15.2    20.7    1.44     3.7     0.0
    9 2049  164 21730.0    13.8    21.3    1.36     3.3     0.0
    9 2049  165 29230.0    11.6    23.1    1.14     3.5     0.0
    9 2049  166 23069.8    16.1    24.8    1.60     2.7     9.7
    9 2049  167 15530.0    15.4    22.6    1.65     3.0     0.0
    9 2049  168 11220.0    16.4    21.2    1.79     3.8     0.0
    9 2049  169 12400.0    13.7    18.4    1.41     5.3     0.0
    9 2049  170 23850.0    11.0    21.1    1.13     2.3     0.0
    9 2049  171 23780.0    12.6    25.1    1.25     3.9     0.0
    9 2049  172 25090.0    14.9    20.4    1.47     4.4     0.0
    9 2049  173 23069.8    14.4    19.2    1.43     5.5     0.5
    9 2049  174 23720.0    12.6    22.5    1.29     1.9     0.0
    9 2049  175 25070.0    12.0    26.5    1.24     2.3     0.0
    9 2049  176 29300.0    13.1    26.5    1.32     3.3     0.0
    9 2049  177 28250.0    14.2    29.8    1.36     3.8     0.0
    9 2049  178 11460.0    19.5    26.5    2.05     3.9     0.0
    9 2049  179 21640.0    16.7    25.7    1.67     4.3     0.0
    9 2049  180 23069.8    16.4    26.6    1.63     3.7     0.6
    9 2049  181 16250.0    17.7    24.5    1.89     3.3     9.7
    9 2049  182 26440.0    15.3    22.9    1.56     4.1     0.0
    9 2049  183 20480.0    14.9    26.1    1.54     1.8     0.0
    9 2049  184 28500.0    16.4    26.9    1.68     3.9     0.0
    9 2049  185 29510.0    17.5    30.3    1.66     4.8     0.0
    9 2049  186 28380.0    20.3    33.6    2.01     3.5     0.0
    9 2049  187 23120.0    21.5    33.7    2.19     3.4     0.0
    9 2049  188 14000.0    20.9    28.0    2.28     4.0    17.2
    9 2049  189 21330.6    20.2    23.4    2.12     4.8     3.3
    9 2049  190 18310.0    16.2    22.9    1.68     4.0     0.0
    9 2049  191 14030.0    17.1    26.4    1.82     5.0     5.4
    9 2049  192 11720.0    15.6    20.8    1.62     8.6    20.5
    9 2049  193 17430.0    14.6    21.7    1.52     5.8     7.7
    9 2049  194 14670.0    14.2    21.0    1.52     5.1     7.4
    9 2049  195  8240.0    13.8    19.6    1.50     2.5     4.8
    9 2049  196 21330.6    12.1    21.0    1.26     3.0     0.7
    9 2049  197 23570.0    11.1    21.5    1.20     1.6     0.0
    9 2049  198 21330.6    10.7    23.3    1.15     3.7     1.2
    9 2049  199 12940.0    16.9    21.8    1.81     5.0    31.9
    9 2049  200 21330.6    14.4    21.7    1.47     3.9     0.5
    9 2049  201 21330.6    12.2    20.7    1.27     4.1     0.0
    9 2049  202 21330.6    12.3    20.2    1.28     5.0     0.0
    9 2049  203 22700.0    16.4    26.4    1.69     3.5     0.0
    9 2049  204 21330.6    15.8    25.8    1.60     1.9     1.0
    9 2049  205 22130.0    16.7    26.8    1.79     2.0     0.0
    9 2049  206 25920.0    16.0    27.3    1.66     2.4     0.0
    9 2049  207 25450.0    17.4    29.9    1.73     3.0     0.0
    9 2049  208 15090.0    19.3    31.2    2.05     3.1     3.7
    9 2049  209 24650.0    17.8    26.8    1.91     3.0     0.1
    9 2049  210 24840.0    15.8    29.6    1.60     2.0     0.0
    9 2049  211 24570.0    19.4    27.5    2.01     3.1     0.0
    9 2049  212 16300.0    19.0    26.9    2.01     4.0     0.0
    9 2049  213 17970.0    15.4    23.5    1.52     3.1     0.0
    9 2049  214 18690.0    14.5    28.9    1.47     3.4     0.0
    9 2049  215 15140.0    17.4    25.3    1.84     5.2     0.1
    9 2049  216 17994.1    15.2    23.6    1.54     5.0     2.1
    9 2049  217 18730.0    14.1    22.1    1.48     5.0    13.0
    9 2049  218 11380.0    13.8    23.9    1.49     4.8     6.7
    9 2049  219 12950.0    18.5    24.4    2.02     4.0    28.1
    9 2049  220 12910.0    16.0    22.0    1.70     7.6    19.3
    9 2049  221 17994.1    15.2    21.6    1.54     2.6     1.8
    9 2049  222 15250.0    14.9    20.2    1.57     3.3    20.6
    9 2049  223 17994.1    11.2    23.3    1.19     3.9     1.3
    9 2049  224  5340.0    16.8    20.5    1.80     6.7     0.0
    9 2049  225  3240.0    19.5    22.8    2.17     4.8     0.0
    9 2049  226 20950.0    19.3    30.8    2.05     3.1     0.0
    9 2049  227 20550.0    20.6    34.5    2.16     2.5     0.0
    9 2049  228 14980.0    16.0    25.6    1.65     5.3     0.0
    9 2049  229 20890.0    14.9    25.6    1.52     3.3     0.0
    9 2049  230 17994.1    16.3    27.3    1.65     3.8     1.3
    9 2049  231 17994.1    19.1    26.5    1.97     5.0     1.7
    9 2049  232 17994.1    15.1    24.5    1.53     3.3     0.4
    9 2049  233 18360.0    13.8    27.3    1.47     1.9     0.0
    9 2049  234 17000.0    18.4    31.8    1.95     1.9     0.0
    9 2049  235 16800.0    21.5    31.2    2.33     2.0     0.0
    9 2049  236 16630.0    21.8    32.7    2.37     1.5     0.0
    9 2049  237 19560.0    20.6    35.1    2.17     1.8     0.0
    9 2049  238 12580.0    22.1    30.7    2.47     3.2    14.6
    9 2049  239 19250.0    15.9    22.4    1.59     4.7     0.2
    9 2049  240 14570.0    13.4    21.4    1.36     3.3     0.0
    9 2049  241 19180.0    10.5    22.6    1.16     2.4     0.0
    9 2049  242 11620.0    13.6    23.4    1.42     2.4     0.0
    9 2049  243 17994.1    14.7    22.0    1.49     2.5     0.9
    9 2049  244 12505.6    13.8    22.2    1.44     3.4     0.6
    9 2049  245  3350.0    14.5    21.5    1.61     4.6    15.8
    9 2049  246  5090.0    16.4    20.3    1.80     3.5    18.6
    9 2049  247 10190.0    14.8    20.1    1.60     5.6    34.8
    9 2049  248 12505.6    15.6    19.9    1.62     5.1     0.7
    9 2049  249 13430.0    15.9    21.9    1.70     3.4     0.0
    9 2049  250  8680.0    15.7    20.6    1.66     6.0     0.0
    9 2049  251 14180.0    12.3    19.1    1.29     8.1     0.0
    9 2049  252 14840.0    13.2    18.6    1.33     7.7     2.8
    9 2049  253 12505.6    14.0    18.4    1.46     7.4     1.1
    9 2049  254 12505.6    14.7    17.9    1.53     5.6     0.6
    9 2049  255 12505.6    16.0    20.2    1.66     4.4     1.0
    9 2049  256  9990.0    12.8    19.3    1.38     4.3     9.8
    9 2049  257 11040.0    11.8    19.1    1.30     3.2     0.1
    9 2049  258 11000.0    11.9    18.3    1.30     5.8    14.8
    9 2049  259 10840.0    10.8    17.4    1.22     4.0     3.4
    9 2049  260  6410.0    11.2    17.3    1.28     3.2    26.1
    9 2049  261  7980.0    11.2    16.4    1.27     2.5     0.0
    9 2049  262  2360.0    12.6    15.4    1.39     6.6    18.7
    9 2049  263  5120.0    13.3    17.1    1.46     2.9     0.1
    9 2049  264 14930.0    13.6    19.0    1.44     5.0     0.0
    9 2049  265  6740.0    14.1    18.5    1.52     4.7     0.0
    9 2049  266 11970.0    13.7    18.8    1.48     4.3     0.1
    9 2049  267  5940.0     9.9    18.6    1.16     4.2     0.1
    9 2049  268  8560.0     9.0    19.5    1.10     1.3     0.0
    9 2049  269 12505.6    10.5    19.6    1.16     2.3     0.9
    9 2049  270  6940.0    15.4    20.7    1.67     4.0     0.0
    9 2049  271 12520.0    13.3    23.8    1.43     3.4     0.0
    9 2049  272 12505.6    11.7    22.5    1.26     2.6     0.0
    9 2049  273 12505.6    18.2    21.8    1.91     5.3     1.4
    9 2049  274  5220.0    18.4    21.5    1.94     8.8     1.2
    9 2049  275  2490.0    17.0    22.9    1.85     6.7     9.2
    9 2049  276  9940.0    15.5    21.6    1.64     6.2     0.0
    9 2049  277  7470.0    14.3    20.4    1.54     5.3     0.1
    9 2049  278  9840.0    13.4    21.0    1.44     3.6     0.0
    9 2049  279  6670.0    13.6    22.4    1.48     4.1    15.2
    9 2049  280  7610.0    16.0    20.4    1.69     6.1     0.3
    9 2049  281  7200.0    15.5    19.8    1.58     8.4     0.3
    9 2049  282  6060.0    15.7    19.5    1.64     8.4     2.4
    9 2049  283  7300.0    14.0    19.3    1.48     7.2     0.0
    9 2049  284  3580.0    16.1    19.6    1.77     5.8     2.5
    9 2049  285  9790.0    12.5    22.7    1.35     3.0     0.0
    9 2049  286  8380.0    14.4    25.7    1.56     2.5     0.0
    9 2049  287  6720.0    14.7    23.8    1.60     3.5     0.1
    9 2049  288  7200.0    17.1    24.4    1.81     4.2     0.0
    9 2049  289  9170.0    11.0    20.5    1.22     2.3     0.0
    9 2049  290  7850.0    11.3    20.8    1.26     3.0     0.0
    9 2049  291  6740.0    13.3    21.8    1.46     2.6     3.0
    9 2049  292  5390.0    15.7    22.1    1.73     2.4     2.0
    9 2049  293  6560.0    14.6    22.4    1.52     3.0     0.0
    9 2049  294  3040.0    15.2    18.2    1.63     3.4     0.5
    9 2049  295  1030.0    11.2    17.0    1.26     4.6     0.0
    9 2049  296  1250.0    11.2    16.3    1.30     3.4     0.0
    9 2049  297  4240.0    13.0    16.8    1.46     4.0     0.9
    9 2049  298  5830.0    11.2    18.8    1.28     3.9     0.0
    9 2049  299  6130.0    13.3    18.2    1.44     6.0     0.0
    9 2049  300  5410.0    12.5    18.8    1.38     5.4     1.4
    9 2049  301  6520.0    10.3    17.6    1.20     3.6     0.0
    9 2049  302  2880.0     9.5    17.1    1.12     5.9     0.0
    9 2049  303  6320.0    16.1    20.9    1.65     8.3     0.0
    9 2049  304  3950.0    11.3    17.9    1.20     8.6     6.0
    9 2049  305  5490.0     7.4    15.0    0.93     4.2     0.0
    9 2049  306  5600.0     8.2    16.4    1.02     3.4     0.0
    9 2049  307  2370.0    10.8    15.1    1.22     3.1     0.0
    9 2049  308  2050.0    10.6    13.8    1.19     4.5     3.2
    9 2049  309  4920.0     8.2    13.2    0.97     4.0     0.0
    9 2049  310  3660.0     8.4    15.5    1.02     6.2     2.9
    9 2049  311  1820.0     9.7    12.9    1.15     4.0     6.5
    9 2049  312  2410.0     5.4    12.7    0.84     6.1    16.8
    9 2049  313  4160.0     1.7     9.7    0.66     2.6     7.3
    9 2049  314  3440.0     1.5     8.9    0.63     5.2     0.0
    9 2049  315  1240.0     5.8    10.9    0.89     4.3     0.4
    9 2049  316  1510.0     9.6    13.5    1.18     3.9     4.7
    9 2049  317  3950.0     6.7    10.6    0.89     4.1     1.3
    9 2049  318  5400.0     2.4    10.4    0.67     3.5     0.0
    9 2049  319  5910.0     0.1     9.2    0.59     2.4     0.0
    9 2049  320  1640.0     6.9    13.0    0.98     1.7     0.1
    9 2049  321  2440.0     9.3    13.7    1.15     1.2     0.0
    9 2049  322  2510.0     8.5    12.1    1.10     1.3     0.0
    9 2049  323  2730.0     9.0    12.7    1.12     1.4     0.1
    9 2049  324  1370.0     7.3    11.9    0.98     3.0     0.0
    9 2049  325  1780.0     9.9    13.7    1.17     8.8     9.6
    9 2049  326  1170.0     5.5    14.1    0.82     7.5     7.3
    9 2049  327  3260.0     5.3     9.7    0.81     3.6     5.2
    9 2049  328   740.0     7.0    12.4    0.99     3.0     3.2
    9 2049  329  1140.0    10.6    14.1    1.26     3.9     4.8
    9 2049  330  2560.0     4.3    11.1    0.80     1.9     1.3
    9 2049  331  4190.0     3.7    10.0    0.77     4.4     3.5
    9 2049  332  3030.0     6.8    11.5    0.93     4.3     0.7
    9 2049  333   430.0     8.4    13.0    1.08     6.1    14.3
    9 2049  334   760.0    12.5    14.8    1.45     3.5    10.3
    9 2049  335   580.0     8.2    15.1    1.08     4.8     3.7
    9 2049  336  1560.0     6.1    11.0    0.92     2.3     1.6
    9 2049  337  1080.0     9.4    11.4    1.17     1.8     1.5
    9 2049  338   790.0    10.1    12.3    1.17     6.8     7.2
    9 2049  339  1960.0     6.7    13.9    0.94     6.3     4.2
    9 2049  340  3370.0     2.5    11.9    0.69     4.1     0.0
    9 2049  341  3850.0     1.4    10.8    0.67     1.5     0.0
    9 2049  342  3380.0     2.5     7.9    0.72     2.7     0.0
    9 2049  343  2150.0     2.1     4.0    0.70     2.7     0.0
    9 2049  344  2950.0     1.5     7.0    0.66     1.3     0.0
    9 2049  345  1360.0     3.6     8.9    0.79     1.7     0.0
    9 2049  346   560.0     4.3     7.4    0.83     2.9     0.0
    9 2049  347  1330.0    -0.2     7.2    0.57     4.6     0.0
    9 2049  348  2920.0    -2.1     1.4    0.47     3.7     0.0
    9 2049  349   730.0    -2.1     4.0    0.51     2.2     0.1
    9 2049  350  2820.0    -1.0     3.9    0.55     2.9     0.0
    9 2049  351  2720.0     0.7     6.9    0.64     1.9     0.2
    9 2049  352   590.0     1.3     7.6    0.66     1.9     0.3
    9 2049  353   750.0     5.3     8.1    0.85     4.9     8.1
    9 2049  354  2340.0     1.7     6.8    0.63     4.4     1.2
    9 2049  355   260.0     4.2     9.3    0.78     7.3    11.0
    9 2049  356  1280.0    -0.4     5.9    0.57     3.8     5.6
    9 2049  357  5680.0    -4.0     3.0    0.43     4.3     0.4
    9 2049  358   320.0     2.2    10.8    0.69     9.8     5.0
    9 2049  359  3130.0     3.9    10.3    0.75     6.3     7.6
    9 2049  360  2480.0     2.9     6.1    0.72     4.0     4.6
    9 2049  361   680.0     2.3     8.9    0.70     7.0    13.8
    9 2049  362  1240.0     5.8    10.1    0.84    10.0     7.4
    9 2049  363  1410.0    -0.9     6.6    0.56     2.1     7.4
    9 2049  364  2110.0    -5.1     4.7    0.41     3.3     7.3
    9 2049  365  5050.0    -6.5     5.0    0.36     2.8     0.3
