*---------------------------------------------------------------------------*
* Station name: Lelystad, Netherlands, KNMI W+-scenario for period around 2050 
* Year: 2041
* Author: Joost Wolf and Janette Bessembinder            -99.000: NIL VALUE
* Comments: vapour pressure calculated from minimum temperature and 
* relative humidity
* Longitude: 5 38 E, latitude: 52 34 N, altitude: -4 m.
*
* Column  Daily value
* 1       station number
* 2       year
* 3       day
* 4       irradiation                   (kJ m-2 d-1)
* 5       minimum temperature           (degrees Celsius)
* 6       maximum temperature           (degrees Celsius)
* 7       early morning vapour pressure (kPa)
* 8       mean wind speed (height: 2 m) (m s-1)
* 9       precipitation                 (mm d-1)
*
** WCCDESCRIPTION=Netherlands, Lelystad, W+-scenario
** WCCFORMAT=2
** WCCYEARNR=2041
*---------------------------------------------------------------------------*
   5.63  52.57    -4.  -0.18 -0.55
    9 2041    1  2920.0    -5.9     0.8    0.39     2.1     0.0
    9 2041    2  4790.0    -6.5     3.0    0.35     3.1     0.0
    9 2041    3  4140.0    -8.2    -2.5    0.31     3.6     0.0
    9 2041    4  1900.0    -7.9     0.2    0.31     4.1     0.0
    9 2041    5   640.0    -0.4     6.8    0.57     7.7     9.8
    9 2041    6   450.0     6.2     9.9    0.95     5.7    14.6
    9 2041    7  1940.0     1.2    11.0    0.67     4.1     0.7
    9 2041    8  3070.0     2.5    11.5    0.69     6.2     3.3
    9 2041    9   520.0     2.6    12.5    0.70     8.2     4.9
    9 2041   10   440.0     8.6    13.6    1.05    10.8     8.3
    9 2041   11   940.0     7.8    13.1    0.96     9.8    12.1
    9 2041   12  3380.0     4.8     9.3    0.76     9.3     2.7
    9 2041   13  1600.0     5.7    16.3    0.84    10.3     3.0
    9 2041   14  3460.0     3.6     9.8    0.71     7.2     0.0
    9 2041   15  1650.0     4.6    13.8    0.78    10.3     0.1
    9 2041   16  1060.0    10.4    14.8    1.15     9.3     0.0
    9 2041   17  2090.0     6.7    13.0    0.87     8.7     0.3
    9 2041   18  3860.0     4.9     9.3    0.80     5.1     0.6
    9 2041   19  1100.0     5.4     9.9    0.83     7.7     1.3
    9 2041   20   420.0     9.5    12.5    1.14    10.8    13.9
    9 2041   21  3100.0     8.3    13.7    1.01     9.3     5.2
    9 2041   22   640.0     7.5    14.1    0.93    11.3     5.6
    9 2041   23  2510.0     7.2    13.0    0.89     9.3     0.5
    9 2041   24  2120.0     3.4    13.9    0.67    13.9     3.5
    9 2041   25  1970.0     3.0     7.5    0.65    11.8     0.8
    9 2041   26   820.0     4.1     7.6    0.73     8.2     1.9
    9 2041   27  2440.0     4.5     7.9    0.76     4.1     0.3
    9 2041   28   510.0     3.4    10.2    0.76     4.1    18.2
    9 2041   29   850.0     0.3    10.4    0.59     6.7     4.1
    9 2041   30  2670.0     0.0     4.7    0.56     4.1     0.0
    9 2041   31  5130.0     1.0     7.1    0.62     2.1     0.0
    9 2041   32  7030.0    -1.0     4.0    0.52     3.6     0.0
    9 2041   33  1040.0     1.8     5.1    0.68     4.1     0.0
    9 2041   34  1390.0     2.8     6.4    0.74     4.1     0.0
    9 2041   35  1510.0     1.8     5.1    0.69     3.6     0.0
    9 2041   36  1110.0     3.3     6.8    0.76     4.6     0.0
    9 2041   37  1210.0     5.3     9.1    0.87     4.6     1.0
    9 2041   38  1740.0     5.5     8.4    0.88     1.5     0.3
    9 2041   39  2510.0     5.5     8.5    0.89     2.1     0.1
    9 2041   40  1440.0     4.7     7.7    0.85     5.1     0.0
    9 2041   41  1770.0     4.2     5.3    0.82     3.6     0.0
    9 2041   42  1330.0     2.7     5.2    0.72     3.1     0.0
    9 2041   43  3530.0     1.2     5.6    0.64     2.1     0.0
    9 2041   44  2350.0     0.5     3.5    0.63     2.1     0.0
    9 2041   45  1830.0     0.1     2.1    0.62     3.1     0.0
    9 2041   46  1830.0     1.3     5.7    0.66     3.1     0.2
    9 2041   47  3910.0     1.7    10.2    0.68     3.6     2.7
    9 2041   48  1990.0     4.7     9.5    0.83     6.7     2.5
    9 2041   49  1960.0     2.8     9.4    0.73     5.1     1.6
    9 2041   50  5980.0     3.4     9.4    0.69    10.8     2.3
    9 2041   51  4690.0     4.4     9.0    0.78     8.2     5.8
    9 2041   52  7370.0     2.8     7.9    0.68    10.8     5.5
    9 2041   53  8970.0     1.7     6.8    0.65     4.1     4.4
    9 2041   54 10420.0    -0.6     6.0    0.51     3.1     0.0
    9 2041   55  7150.0    -1.3     5.3    0.53     2.1     0.0
    9 2041   56  3540.0     1.7     6.4    0.66     3.6     0.1
    9 2041   57  2510.0     4.0     6.3    0.80     4.6     5.7
    9 2041   58  8780.0     1.7     6.6    0.61     6.7     0.5
    9 2041   59  7900.0     0.7     6.1    0.62     4.1     4.1
    9 2041   60  7940.0     0.4     7.0    0.58     7.2     0.0
    9 2041   61  9150.0     1.6     6.3    0.62    10.8     0.0
    9 2041   62  9570.0    -0.1     4.6    0.55     6.7     0.0
    9 2041   63  3280.0     0.5     5.5    0.59     2.6     0.0
    9 2041   64  3590.0     0.8     7.5    0.62     4.1     1.5
    9 2041   65  4280.0     6.3     9.8    0.94     5.7     0.4
    9 2041   66  5230.0     4.8    10.0    0.83     3.1     0.2
    9 2041   67 12980.0     2.1    10.8    0.64     4.6     0.0
    9 2041   68 12740.0     0.1    10.7    0.53     4.1     0.0
    9 2041   69  9590.0     2.2    13.0    0.66     4.1     0.8
    9 2041   70  6770.0     2.9    13.9    0.73     2.6     0.0
    9 2041   71 11490.0     4.1    18.1    0.72     2.6     0.0
    9 2041   72 12010.0     3.7    19.0    0.68     3.1     0.0
    9 2041   73 11100.0     2.4    19.0    0.64     3.1     0.1
    9 2041   74 12330.0     6.8    19.9    0.86     3.6     0.0
    9 2041   75  2780.0     7.8    13.5    1.00     6.2     1.5
    9 2041   76  9280.0     9.1    14.9    1.09     8.7     3.4
    9 2041   77  3550.0     6.6    14.2    0.89     7.2     0.3
    9 2041   78 14740.0     3.3    12.0    0.70     5.1     0.0
    9 2041   79 14150.0     2.8    13.6    0.68     4.1     0.0
    9 2041   80 12850.0     2.5    18.1    0.65     3.6     0.0
    9 2041   81  5700.0     8.3    16.4    1.03     5.7     3.1
    9 2041   82 13000.0     5.1    11.6    0.78     6.7     0.1
    9 2041   83 14930.0     2.7    11.8    0.66     5.1     0.0
    9 2041   84 11720.0     5.4    10.6    0.78     8.2     0.2
    9 2041   85 15060.0    -0.1    12.8    0.49     5.1     0.0
    9 2041   86 14300.0    -2.5    10.9    0.43     2.6     0.0
    9 2041   87 18420.0    -2.9    10.7    0.41     4.1     0.0
    9 2041   88 18290.0    -2.3    11.1    0.42     3.6     0.0
    9 2041   89 15910.0    -1.2    15.3    0.41     4.1     0.0
    9 2041   90  4370.0     8.1    15.8    1.00     3.6     2.4
    9 2041   91  5620.0     8.9    17.9    1.07     3.6     0.5
    9 2041   92  4950.0     2.0    11.3    0.67     3.6     0.0
    9 2041   93 12530.0     2.0    13.4    0.66     2.1     0.0
    9 2041   94  6600.0     4.0    12.5    0.77     4.1     0.0
    9 2041   95  7020.0     3.5    13.4    0.74     8.2     0.0
    9 2041   96  5290.0     8.4    12.6    1.02     8.2     1.8
    9 2041   97  4210.0     4.3    10.9    0.78     5.1     0.0
    9 2041   98 11400.0     4.4    12.7    0.76     2.6     0.0
    9 2041   99 14800.0     4.5    15.6    0.72     6.2     0.2
    9 2041  100 17140.0     6.9    16.5    0.87     3.6     0.0
    9 2041  101  8250.0     4.7    14.4    0.80     3.6     0.0
    9 2041  102  7550.0     5.9    13.0    0.87     3.6     0.0
    9 2041  103 12240.0     4.9    15.5    0.79     3.6     0.0
    9 2041  104 16230.0     5.6    16.2    0.84     3.6     0.0
    9 2041  105 15770.0     6.3    16.9    0.89     3.6     0.0
    9 2041  106 17240.0     2.8    18.3    0.66     3.6     0.0
    9 2041  107  3340.0    11.8    13.9    1.33     5.7     0.0
    9 2041  108  4650.0     8.1    14.9    1.06     7.2     0.0
    9 2041  109  3560.0     9.7    12.9    1.19     3.1     5.7
    9 2041  110 20160.0    10.0    23.4    1.09     4.6     0.0
    9 2041  111 14740.0     9.2    22.7    1.02     4.6     0.0
    9 2041  112  9970.0     8.3    20.5    1.03     3.1     2.1
    9 2041  113 17960.0    11.7    21.7    1.20     5.7     0.1
    9 2041  114 17730.0    15.1    25.0    1.40     5.7     0.0
    9 2041  115 18700.0    11.7    23.8    1.23     3.6     0.0
    9 2041  116 19260.0    12.3    23.4    1.27     3.6     0.0
    9 2041  117 23060.0    11.5    26.3    1.12     6.2     0.0
    9 2041  118 22110.0    11.8    30.3    1.08     6.7     0.0
    9 2041  119 20380.0    14.9    29.8    1.30     5.7     0.0
    9 2041  120 21610.0    15.0    30.4    1.33     4.1     0.0
    9 2041  121 18040.0    14.2    27.8    1.38     4.1     0.0
    9 2041  122  2510.0    12.1    15.8    1.35     5.1     0.4
    9 2041  123 16430.0     6.5    15.4    0.83     4.6     0.0
    9 2041  124 25530.0     2.9    17.3    0.62     3.6     0.0
    9 2041  125 20220.0     4.0    16.4    0.68     4.1     0.0
    9 2041  126 22200.0     6.0    18.2    0.77     5.7     0.0
    9 2041  127  7510.0     9.7    18.1    1.08     6.7     0.0
    9 2041  128 21530.0    11.7    21.7    1.17     7.2     0.0
    9 2041  129 22220.0    12.2    28.8    1.19     6.2    11.3
    9 2041  130 21510.0    14.3    27.5    1.47     4.1     4.4
    9 2041  131 24090.0    15.9    29.2    1.47     5.1     0.0
    9 2041  132 24160.0    15.5    28.7    1.49     4.1     0.0
    9 2041  133  4890.0    12.1    17.5    1.35     4.1     0.4
    9 2041  134  6960.0    12.0    16.5    1.32     3.1     0.0
    9 2041  135 13080.0     7.6    17.8    0.93     4.6     0.5
    9 2041  136 22290.0     7.4    20.5    0.85     4.6     0.0
    9 2041  137 25170.0    12.3    27.8    1.07     6.2     0.0
    9 2041  138 12860.0    17.3    24.2    1.75     3.6    28.1
    9 2041  139 18090.0    14.9    24.4    1.59     3.6     2.9
    9 2041  140 14880.0    14.2    25.8    1.51     3.6     2.7
    9 2041  141  9270.0    11.6    17.6    1.26     4.1     0.0
    9 2041  142 27000.0     9.5    20.8    1.06     3.1     0.0
    9 2041  143 26510.0    10.1    23.4    1.06     3.6     0.0
    9 2041  144 25460.0    12.3    25.9    1.30     4.1     0.0
    9 2041  145 21440.0    13.9    25.6    1.46     4.6     0.0
    9 2041  146 21440.0    14.1    24.6    1.44     6.2     0.0
    9 2041  147  2570.0    14.9    18.1    1.66     5.7    17.4
    9 2041  148  5960.0    12.2    16.2    1.33     4.1     9.9
    9 2041  149 25620.0    13.1    21.7    1.34     4.6     0.0
    9 2041  150 21270.0    14.7    23.5    1.44     6.2     0.0
    9 2041  151 16800.0    14.0    19.6    1.39     7.7     0.1
    9 2041  152 13270.0    12.2    20.6    1.31     3.1     0.0
    9 2041  153 14580.0    15.5    25.7    1.64     3.1     0.0
    9 2041  154  7770.0    13.8    17.4    1.50     3.6     7.3
    9 2041  155 24780.0    12.2    23.1    1.31     3.1     0.0
    9 2041  156 20000.0    14.8    25.2    1.48     3.1     0.0
    9 2041  157 25820.0    13.4    23.8    1.32     3.1     0.0
    9 2041  158 23990.0    11.0    25.7    1.17     2.6     0.0
    9 2041  159 26370.0    11.9    27.4    1.22     2.1     0.0
    9 2041  160 28120.0    14.6    30.6    1.44     4.1     0.0
    9 2041  161 20090.0    18.7    33.4    1.87     3.1     0.0
    9 2041  162 20130.0    16.7    25.4    1.67     5.7     0.0
    9 2041  163  8890.0    12.5    18.5    1.31     5.1     0.0
    9 2041  164 23069.8    11.7    19.2    1.20     3.6     0.6
    9 2041  165  6230.0    12.7    15.7    1.33     2.6     4.1
    9 2041  166 26930.0    10.4    18.6    1.10     3.1     0.0
    9 2041  167  3260.0    12.6    17.7    1.41     4.6    15.3
    9 2041  168 26500.0    14.9    21.2    1.52     5.1     0.0
    9 2041  169 23069.8    15.7    19.9    1.56     5.7     2.8
    9 2041  170 12190.0    14.0    19.8    1.49     4.6     0.0
    9 2041  171 26640.0    11.3    20.6    1.22     3.6     0.0
    9 2041  172 19580.0    11.5    21.5    1.23     2.1     0.0
    9 2041  173 21320.0    10.5    21.2    1.13     3.1     0.0
    9 2041  174 23069.8    11.7    18.9    1.20     4.1     0.0
    9 2041  175 25480.0    11.6    18.6    1.16     5.7     0.0
    9 2041  176 11600.0    12.0    17.4    1.22     3.1     0.0
    9 2041  177 10320.0    10.9    19.8    1.19     3.6     0.0
    9 2041  178 23069.8    14.4    20.8    1.43     6.2     0.4
    9 2041  179 19180.0    12.5    20.4    1.27     3.6     0.3
    9 2041  180 28580.0    10.7    25.3    1.13     4.1     0.0
    9 2041  181 29090.0    13.1    26.9    1.31     4.1     0.0
    9 2041  182 25030.0    13.2    25.8    1.40     4.1     0.0
    9 2041  183 27670.0    12.5    23.1    1.32     4.1     0.0
    9 2041  184 22770.0    12.6    25.4    1.33     4.1     0.0
    9 2041  185 27760.0    17.5    27.8    1.80     3.6     0.0
    9 2041  186  7750.0    13.9    19.0    1.47     4.1     0.0
    9 2041  187 21330.6    13.4    19.9    1.37     5.1     2.3
    9 2041  188 16640.0    12.8    19.1    1.28     5.7     0.0
    9 2041  189 15840.0    10.4    24.0    1.13     4.1     0.0
    9 2041  190 13460.0    14.7    22.8    1.53     6.2     0.1
    9 2041  191 21330.6    11.1    19.2    1.18     4.6     0.5
    9 2041  192 16740.0     8.4    18.8    1.00     3.1     0.2
    9 2041  193 21330.6     6.9    18.8    0.89     3.6     0.7
    9 2041  194 18700.0    10.8    20.5    1.14     3.1     0.0
    9 2041  195  6390.0    14.4    20.6    1.62     4.1     0.0
    9 2041  196  8740.0    14.7    20.9    1.60     2.1     6.2
    9 2041  197 21330.6    18.2    24.4    1.87     4.1     5.2
    9 2041  198 14120.0    16.0    22.6    1.70     4.6     0.0
    9 2041  199 21470.0    14.0    22.2    1.43     3.1     0.0
    9 2041  200 21330.6    15.6    20.4    1.58     3.1     1.0
    9 2041  201 12400.0    15.1    21.4    1.62     5.1     4.2
    9 2041  202 21330.6    14.6    20.6    1.49     5.1     0.7
    9 2041  203 17130.0    11.2    21.3    1.24     3.6     0.0
    9 2041  204 10550.0    14.6    23.3    1.56     5.1     0.0
    9 2041  205 13970.0    18.5    25.4    2.02     4.6     0.0
    9 2041  206 18080.0    14.7    20.8    1.56     5.1    12.3
    9 2041  207 19020.0    13.1    20.2    1.37     5.7    19.5
    9 2041  208  4150.0    13.1    19.8    1.51     5.7    14.8
    9 2041  209 12490.0    16.0    22.7    1.73     4.1     0.1
    9 2041  210 21330.6    18.0    24.0    1.84     4.1     2.5
    9 2041  211  3610.0    18.1    21.0    2.07     2.6    22.7
    9 2041  212 21330.6    14.6    21.5    1.49     4.1     0.9
    9 2041  213 13750.0    14.7    22.4    1.59     3.1     0.0
    9 2041  214 19020.0    16.8    26.1    1.70     2.6     0.0
    9 2041  215 17994.1    14.0    23.2    1.42     4.1     1.3
    9 2041  216 14400.0    15.8    22.5    1.68     3.1     0.0
    9 2041  217 11910.0    16.8    23.5    1.78     5.7     3.4
    9 2041  218 17994.1    10.6    20.0    1.14     7.2     0.0
    9 2041  219 14600.0    11.9    23.9    1.32     3.1     0.0
    9 2041  220 15560.0    12.1    23.7    1.35     3.1     0.0
    9 2041  221 17994.1    12.7    21.3    1.31     5.1     2.6
    9 2041  222 17994.1    10.3    19.0    1.12     5.7     2.3
    9 2041  223 17994.1     9.7    20.0    1.07     6.2     1.9
    9 2041  224  6190.0    13.5    21.1    1.51     6.2     7.5
    9 2041  225 20700.0    10.6    20.2    1.16     3.6     0.0
    9 2041  226 17170.0    11.0    25.8    1.22     2.6     0.0
    9 2041  227 10300.0    14.2    25.3    1.58     3.1     7.4
    9 2041  228 11420.0    14.4    22.9    1.58     4.1     0.0
    9 2041  229 21700.0    10.3    21.6    1.15     2.6     0.0
    9 2041  230 20030.0    10.5    22.8    1.15     2.6     0.0
    9 2041  231 20330.0     9.4    23.4    1.07     1.5     0.0
    9 2041  232 17994.1    14.7    21.4    1.49     3.1     0.4
    9 2041  233 11790.0    15.4    22.3    1.67     2.6     0.0
    9 2041  234  3400.0    10.9    15.3    1.28     3.6    18.2
    9 2041  235 17994.1     8.8    18.4    1.01     3.1     0.7
    9 2041  236 17994.1     9.8    18.4    1.08     3.6     2.3
    9 2041  237 17994.1    12.3    18.1    1.27     3.1     2.6
    9 2041  238 14950.0     9.4    19.8    1.12     2.6     0.2
    9 2041  239 17994.1     8.1    17.3    0.96     3.6     0.0
    9 2041  240 13670.0     7.5    19.5    0.98     2.6     0.0
    9 2041  241 14470.0     6.2    20.4    0.90     2.6     0.0
    9 2041  242 17994.1    13.1    18.7    1.34     5.1     0.0
    9 2041  243 11680.0    12.0    20.0    1.32     5.1     0.1
    9 2041  244 12505.6    12.3    20.6    1.31     1.5     1.3
    9 2041  245 12505.6    12.9    18.9    1.36     3.1     0.6
    9 2041  246  8670.0    14.6    18.1    1.61     6.2    15.0
    9 2041  247 12505.6    12.8    18.6    1.35     4.6     0.9
    9 2041  248 12505.6     8.4    19.3    1.01     3.1     0.8
    9 2041  249 17450.0     6.1    20.2    0.87     1.5     0.0
    9 2041  250 17320.0     9.1    21.6    1.08     4.1     0.0
    9 2041  251  4270.0    12.9    21.6    1.49     2.6     0.0
    9 2041  252  6890.0    15.2    22.6    1.71     3.1    16.7
    9 2041  253  7090.0    14.8    21.0    1.66     4.6     5.8
    9 2041  254 13100.0     9.4    20.3    1.14     3.1     0.0
    9 2041  255 12505.6     7.9    21.2    0.98     3.1     0.0
    9 2041  256  1310.0    13.3    15.8    1.53     6.2    23.6
    9 2041  257  3640.0    12.7    16.9    1.47     3.6     5.6
    9 2041  258  7230.0    14.5    18.8    1.62     3.6     7.1
    9 2041  259  3680.0    12.1    17.2    1.41     3.1     8.3
    9 2041  260 12505.6     6.4    14.9    0.88     1.5     0.6
    9 2041  261 14350.0     4.5    17.5    0.79     1.5     0.0
    9 2041  262 15760.0     6.3    20.4    0.91     3.6     0.0
    9 2041  263 12330.0    11.1    26.1    1.26     3.1     0.0
    9 2041  264  7450.0    12.9    21.5    1.44     4.1     0.2
    9 2041  265 12505.6    12.3    20.0    1.31     2.1     1.7
    9 2041  266  5660.0    13.7    19.0    1.54     2.1     0.0
    9 2041  267  8410.0    12.1    17.8    1.37     3.6     0.0
    9 2041  268  1060.0    13.6    15.3    1.55     7.2     0.0
    9 2041  269  3220.0    12.9    15.2    1.47     7.2     7.8
    9 2041  270  2360.0    12.8    15.5    1.48     4.1     6.9
    9 2041  271  6240.0     9.9    16.9    1.19     5.1     0.0
    9 2041  272 11600.0     7.4    18.6    0.99     3.1     0.0
    9 2041  273  4470.0    11.1    16.5    1.29     4.1     0.0
    9 2041  274  4955.5    13.7    17.6    1.49     7.2     2.4
    9 2041  275  7490.0    13.2    18.5    1.43     4.6     0.0
    9 2041  276  1430.0    14.3    16.2    1.60     8.2     0.0
    9 2041  277  5490.0    13.2    19.2    1.46     5.7     0.0
    9 2041  278  6610.0    12.7    20.5    1.44     4.1     2.4
    9 2041  279  7090.0    14.6    19.5    1.60     4.6     0.0
    9 2041  280  7660.0    10.6    18.4    1.23     5.1     0.0
    9 2041  281  7730.0    11.8    18.6    1.35     2.6     0.0
    9 2041  282  5090.0    11.6    16.5    1.33     5.1     0.0
    9 2041  283  8090.0    10.7    17.7    1.25     4.1     0.0
    9 2041  284  6210.0    12.7    20.3    1.44     4.1     0.5
    9 2041  285  4100.0    14.6    20.3    1.63     7.2     7.2
    9 2041  286  5750.0    14.2    18.9    1.56     5.7     0.4
    9 2041  287  1820.0     8.0    14.1    1.04     4.6    17.5
    9 2041  288  7480.0     4.5    13.7    0.81     2.6     0.1
    9 2041  289  5070.0     3.5    11.3    0.76     2.1     0.4
    9 2041  290  9740.0     3.0    13.9    0.72     2.6     0.0
    9 2041  291 10600.0     1.7    10.8    0.65     4.1     0.0
    9 2041  292  9570.0     0.9    10.5    0.63     2.6     0.0
    9 2041  293  5060.0     0.6    11.6    0.62     2.6     3.9
    9 2041  294  7160.0     5.2    12.9    0.87     3.1     0.0
    9 2041  295  3740.0     6.9    12.2    0.95     5.7     0.0
    9 2041  296  5380.0     6.5    11.3    0.92     7.2     0.0
    9 2041  297  8100.0     8.2    11.4    1.02     5.1     0.0
    9 2041  298  2290.0    10.0    12.8    1.18     4.1     0.0
    9 2041  299  5010.0    10.4    15.1    1.25     3.6     0.1
    9 2041  300  2410.0    10.8    12.9    1.29     2.6     0.5
    9 2041  301  2530.0     6.5    11.7    0.94     3.1     0.0
    9 2041  302  6650.0     4.5    11.9    0.83     5.1     0.0
    9 2041  303  2460.0     4.4     8.0    0.84     4.6     0.0
    9 2041  304  1340.0     4.2     6.2    0.82     3.6     0.0
    9 2041  305   690.0     4.5     5.4    0.84     2.6     0.0
    9 2041  306  1980.0     4.0     6.8    0.80     3.6     0.0
    9 2041  307  3510.0     5.1    10.0    0.87     4.1     0.0
    9 2041  308  5380.0     5.0    16.0    0.85     2.6     0.0
    9 2041  309  4630.0     4.3     9.7    0.83     5.7     0.0
    9 2041  310  1190.0     7.2     9.2    1.00     6.2     0.0
    9 2041  311  1180.0     7.0     8.5    1.00     4.1     7.1
    9 2041  312  1470.0     7.8    10.1    1.05     2.6     0.2
    9 2041  313  2490.0     6.0    12.3    0.93     3.1     0.0
    9 2041  314   880.0     8.9    11.0    1.13     7.2    10.9
    9 2041  315  4140.0     7.3    12.5    1.00     5.1     4.7
    9 2041  316  3910.0     5.5    11.7    0.89     4.1     0.6
    9 2041  317  1690.0     6.5    10.8    0.96     6.7     1.0
    9 2041  318   780.0     8.1    13.2    1.06    10.3    19.4
    9 2041  319  2260.0     5.6    10.7    0.87     5.1     0.0
    9 2041  320  4410.0     2.4     7.4    0.69     2.6     0.0
    9 2041  321  4780.0     1.8     7.3    0.67     3.6     0.0
    9 2041  322  4610.0     0.6     4.6    0.62     3.6     0.0
    9 2041  323  6110.0    -0.6     4.8    0.55     3.6     0.0
    9 2041  324  1950.0    -0.9     4.9    0.53     4.6     0.0
    9 2041  325  1770.0    -2.6     1.4    0.46     6.7     0.0
    9 2041  326  3300.0    -4.7     0.4    0.40     2.1     0.0
    9 2041  327  1030.0    -5.2     3.0    0.39     3.6     0.0
    9 2041  328  4620.0    -2.2     3.5    0.48     3.1     0.0
    9 2041  329  3540.0    -1.2     5.6    0.53     2.1     0.0
    9 2041  330  1150.0    -1.8     3.9    0.53     2.6     0.0
    9 2041  331   560.0    -0.8     0.8    0.55     5.1     0.0
    9 2041  332  2090.0    -0.3     2.6    0.56     4.1     0.0
    9 2041  333  4630.0    -1.5     4.5    0.50     4.1     0.0
    9 2041  334  1460.0    -2.2     2.3    0.47     4.1     0.0
    9 2041  335   850.0     0.4     4.6    0.61     3.6     0.2
    9 2041  336  1790.0     3.9    12.5    0.78     6.7     0.6
    9 2041  337  1260.0     9.9    11.7    1.15     7.2     0.0
    9 2041  338   380.0     4.3    12.9    0.78     8.2     2.4
    9 2041  339  2380.0     3.7    10.5    0.76     5.1     0.0
    9 2041  340  1030.0     7.7     9.9    1.01     5.1     0.0
    9 2041  341   350.0     5.4     8.9    0.82     7.7    11.1
    9 2041  342   610.0     4.1    12.9    0.77     7.7    16.4
    9 2041  343   370.0     8.1    11.4    0.96    11.8     9.8
    9 2041  344   640.0     6.3    10.4    0.88     6.7     1.9
    9 2041  345  2280.0     4.2     8.3    0.75     5.7     0.8
    9 2041  346  2060.0     3.4     7.3    0.75     4.1     8.4
    9 2041  347   890.0     4.2    11.5    0.80     6.2    16.2
    9 2041  348  3420.0     1.7     6.3    0.62     5.1     0.6
    9 2041  349   410.0     2.8     6.1    0.71     8.7     5.0
    9 2041  350  1850.0     5.8     9.2    0.85     8.7     4.4
    9 2041  351  2800.0     4.5     8.6    0.78     4.6     0.3
    9 2041  352   450.0     6.9    13.5    0.96     7.7     1.2
    9 2041  353   300.0     8.5    15.0    1.03    12.3    12.0
    9 2041  354   510.0     4.8     9.1    0.81     4.1     6.7
    9 2041  355  1550.0     2.9     6.6    0.71     4.6     8.4
    9 2041  356   520.0     3.2     8.8    0.72     7.7    14.2
    9 2041  357  1580.0     4.8     8.0    0.81     6.2     5.5
    9 2041  358   710.0     4.7     6.9    0.83     4.1     3.5
    9 2041  359  3160.0     1.1     5.1    0.62     2.6     0.0
    9 2041  360   790.0     3.2     5.6    0.73     5.7     2.0
    9 2041  361   580.0     2.8     5.7    0.72     1.5     1.7
    9 2041  362  1260.0     2.2     5.7    0.69     3.6     0.0
    9 2041  363   520.0     4.1     9.7    0.80     6.7     6.6
    9 2041  364   610.0     5.7    10.2    0.88     5.1    16.4
    9 2041  365  1730.0     4.6     9.9    0.81     5.1     4.9
