*---------------------------------------------------------------------------*
* Station name: Lelystad, Netherlands, KNMI W+-scenario for period around 2050 
* Year: 2054
* Author: Joost Wolf and Janette Bessembinder            -99.000: NIL VALUE
* Comments: vapour pressure calculated from minimum temperature and 
* relative humidity
* Longitude: 5 38 E, latitude: 52 34 N, altitude: -4 m.
*
* Column  Daily value
* 1       station number
* 2       year
* 3       day
* 4       irradiation                   (kJ m-2 d-1)
* 5       minimum temperature           (degrees Celsius)
* 6       maximum temperature           (degrees Celsius)
* 7       early morning vapour pressure (kPa)
* 8       mean wind speed (height: 2 m) (m s-1)
* 9       precipitation                 (mm d-1)
*
** WCCDESCRIPTION=Netherlands, Lelystad, W+-scenario
** WCCFORMAT=2
** WCCYEARNR=2054
*---------------------------------------------------------------------------*
   5.63  52.57    -4.  -0.18 -0.55
    9 2054    1   630.0     3.3     6.9    0.75     2.9     0.0
    9 2054    2  2850.0     0.1     8.0    0.60     1.8     0.0
    9 2054    3  3610.0    -0.6     6.8    0.56     2.2     0.0
    9 2054    4  1080.0     2.2     4.7    0.69     3.4     0.0
    9 2054    5   500.0     1.0     4.1    0.63     4.8     0.0
    9 2054    6   280.0     3.2     4.1    0.74     4.4     0.0
    9 2054    7   900.0     3.0     4.5    0.72     3.8     0.0
    9 2054    8   600.0     1.6     4.4    0.65     4.0     0.0
    9 2054    9  1200.0    -0.2     2.1    0.59     3.0     0.0
    9 2054   10  1630.0     0.9     6.8    0.64     5.7     0.0
    9 2054   11   390.0     2.0     7.6    0.69     6.7     3.3
    9 2054   12   910.0     0.8     6.4    0.63     2.9     0.0
    9 2054   13  3870.0     1.5     6.4    0.65     3.4     0.0
    9 2054   14  4250.0     1.1     6.5    0.61     3.8     0.0
    9 2054   15  4630.0    -0.9     5.3    0.52     3.0     0.0
    9 2054   16  3770.0    -1.1     6.2    0.52     4.9     0.5
    9 2054   17   650.0     5.5     8.5    0.87     5.5     4.2
    9 2054   18  2510.0     0.5     9.3    0.61     2.9     0.7
    9 2054   19   640.0     0.8    10.7    0.65     4.2     4.2
    9 2054   20   790.0     6.3    11.0    0.89     7.3     1.9
    9 2054   21  3490.0     4.6     9.5    0.79     6.0     0.0
    9 2054   22  1590.0    -1.6     5.4    0.50     4.2     0.0
    9 2054   23  5270.0    -2.8     2.1    0.42     3.8     0.0
    9 2054   24  4520.0    -2.4     5.2    0.42     2.3     0.0
    9 2054   25  2260.0    -4.9     7.3    0.40     5.3     0.2
    9 2054   26  2010.0     2.2     4.3    0.65     7.3     0.0
    9 2054   27  1380.0    -3.5     3.2    0.43     4.1     0.0
    9 2054   28  5690.0    -3.5     4.1    0.40     5.8     0.0
    9 2054   29  6470.0    -4.5     7.3    0.40     4.3     0.0
    9 2054   30  2750.0     2.3     7.5    0.70     3.0     0.0
    9 2054   31  3290.0     1.0     5.1    0.63     2.8     0.0
    9 2054   32  2330.0    -1.4     1.3    0.54     1.8     0.0
    9 2054   33   790.0    -0.9     1.6    0.57     1.5     0.0
    9 2054   34  1210.0     0.9     6.4    0.63     2.5     0.0
    9 2054   35  2180.0     3.3     8.4    0.74     3.1     0.0
    9 2054   36   660.0     2.1     7.8    0.70     3.0     0.7
    9 2054   37  1350.0     4.0     8.3    0.80     3.8     0.1
    9 2054   38  1500.0     7.5     9.5    0.97     6.5     0.3
    9 2054   39  4050.0     4.8     8.7    0.80     7.8    11.1
    9 2054   40  4430.0     3.0     7.9    0.70     8.1     4.1
    9 2054   41  1150.0     3.5     5.9    0.74     3.7     0.0
    9 2054   42  1830.0     1.8     5.6    0.68     1.4     0.0
    9 2054   43  1960.0     1.7     5.1    0.66     4.9     2.3
    9 2054   44  3090.0     3.8     6.8    0.75     3.6     0.0
    9 2054   45  3190.0     5.2     9.8    0.85     5.0     0.3
    9 2054   46  2120.0     7.1    11.9    0.96     7.2    11.4
    9 2054   47  3220.0     5.8    11.0    0.88     5.2     1.9
    9 2054   48  1660.0     5.3     8.7    0.86     5.8     3.4
    9 2054   49  3900.0     2.8     9.4    0.71     2.7     4.7
    9 2054   50  4520.0     2.3     9.7    0.71     4.3     0.0
    9 2054   51  1620.0     4.5     6.1    0.80     7.8     0.0
    9 2054   52  2490.0     4.2     6.1    0.77     8.1     0.2
    9 2054   53  1360.0     2.3     4.9    0.64     6.0     0.0
    9 2054   54  6730.0     0.9     6.0    0.57     2.8     0.0
    9 2054   55 10090.0     0.2     6.9    0.53     7.0     0.0
    9 2054   56 10620.0     0.5     5.9    0.55     8.5     0.0
    9 2054   57  9090.0     1.7     8.0    0.60     4.7     0.0
    9 2054   58  4940.0     2.4     7.3    0.67     3.5     3.3
    9 2054   59  5710.0     2.0     7.2    0.67     4.3     7.0
    9 2054   60  4760.0     0.3     6.4    0.60     5.8    11.0
    9 2054   61 12030.0    -1.8     5.8    0.50     5.6     6.0
    9 2054   62  7080.0    -7.5     2.9    0.34     1.8     0.0
    9 2054   63  9390.0    -7.6     5.8    0.33     4.0     0.4
    9 2054   64 11000.0    -2.5     6.4    0.48     5.3     2.3
    9 2054   65 10150.0     2.1     7.1    0.67     5.1     5.3
    9 2054   66 11420.0    -0.6     8.7    0.52     2.4     0.0
    9 2054   67  1810.0     3.7     7.7    0.77     3.8    11.1
    9 2054   68  3050.0     4.9     9.2    0.85     2.3     4.2
    9 2054   69  3110.0     4.5     9.0    0.81     4.5     3.4
    9 2054   70  6000.0    -1.2     6.5    0.50     6.6     0.0
    9 2054   71 13830.0    -4.2     4.4    0.38     1.8     0.0
    9 2054   72 14730.0    -4.2     6.1    0.37     3.3     0.0
    9 2054   73 10110.0    -1.5     7.0    0.45     3.7     0.0
    9 2054   74 14350.0    -0.8     7.7    0.50     5.3     0.0
    9 2054   75  3190.0     2.8     5.4    0.69     5.8     0.0
    9 2054   76  3330.0     1.3     4.8    0.62     5.3     0.0
    9 2054   77  5290.0     0.5     5.0    0.60     5.1     0.0
    9 2054   78  4270.0    -0.4     8.4    0.57     2.0     0.0
    9 2054   79  9510.0     4.3    11.5    0.73     4.0     0.0
    9 2054   80  8880.0    -0.7     9.4    0.49     3.9     0.0
    9 2054   81 13540.0    -2.7     8.3    0.44     2.6     0.0
    9 2054   82 17790.0    -4.2    11.6    0.36     3.8     0.0
    9 2054   83  7400.0     3.1    13.3    0.66     4.6     1.2
    9 2054   84  8200.0     8.5    16.5    1.04     5.0     6.1
    9 2054   85 11880.0    12.5    18.0    1.36     7.8     9.9
    9 2054   86  7560.0    11.3    19.4    1.22     8.4     4.8
    9 2054   87 12950.0     9.4    15.9    1.02    10.1     0.0
    9 2054   88 14650.0     7.9    12.4    0.95     5.8     3.5
    9 2054   89  8310.0     9.1    16.6    1.07     9.4     8.1
    9 2054   90 10320.0    10.9    15.8    1.19     8.8     1.0
    9 2054   91  9850.0     8.9    17.5    1.02     6.9     0.6
    9 2054   92  9380.0     8.0    14.8    0.98     7.6     7.8
    9 2054   93 10740.0     5.3    11.9    0.81     6.5     3.1
    9 2054   94 15830.0     5.5    11.0    0.79     5.1     0.9
    9 2054   95 18050.0     3.2    10.2    0.66     4.7     0.2
    9 2054   96 12640.0     2.3    13.5    0.61     6.3     0.2
    9 2054   97 13560.0     7.5    13.0    0.90     5.5     1.3
    9 2054   98 12080.0     6.0    11.6    0.82     7.2     3.5
    9 2054   99 20050.0     4.8    12.9    0.75     5.3     0.1
    9 2054  100 18380.0     3.4    12.5    0.69     4.3     0.0
    9 2054  101 10720.0     0.2    12.5    0.55     6.2     3.0
    9 2054  102 11450.0     6.8    13.1    0.92     5.5     3.4
    9 2054  103  7840.0     9.5    15.1    1.11     6.7     0.0
    9 2054  104 18160.0     4.6    14.3    0.75     4.5     0.0
    9 2054  105 12500.0     3.1    16.1    0.68     3.3     1.5
    9 2054  106 14720.0     9.8    16.4    1.14     4.1     4.1
    9 2054  107 18660.0     9.4    16.2    1.05     5.3     0.7
    9 2054  108 12970.0     8.1    15.3    1.00     4.5     0.3
    9 2054  109 11560.0     8.2    16.6    0.96     5.8     0.0
    9 2054  110 11120.0     7.8    18.1    0.95     3.5     0.0
    9 2054  111 16400.0    10.7    20.6    1.12     2.8     0.2
    9 2054  112  6720.0     6.6    13.1    0.92     3.3     0.2
    9 2054  113 11850.0     4.1    16.2    0.77     2.3     0.9
    9 2054  114 15980.0    11.1    20.4    1.19     2.2     0.0
    9 2054  115 19230.0     9.5    25.0    1.04     3.2     0.0
    9 2054  116 12190.0     8.6    18.6    1.04     3.1     0.0
    9 2054  117 22690.0     7.8    17.7    0.94     3.6     0.0
    9 2054  118 15370.0     2.9    13.9    0.67     4.7     0.2
    9 2054  119 18460.0     7.0    13.4    0.88     5.5     0.0
    9 2054  120 17050.0     2.0    13.5    0.61     2.2     0.0
    9 2054  121  9200.0     6.0    12.6    0.89     5.2     2.6
    9 2054  122 22240.0     6.4    20.8    0.85     3.7     0.0
    9 2054  123 20830.0    13.7    27.1    1.35     3.4     0.0
    9 2054  124 21420.0    13.7    29.0    1.24     4.3     0.0
    9 2054  125 20850.0    16.9    27.8    1.48     4.1     0.0
    9 2054  126 23560.0    13.1    26.8    1.10     4.8     0.0
    9 2054  127 19640.0    14.9    26.9    1.20     6.1     0.0
    9 2054  128 23160.0    14.7    27.3    1.20     6.3     0.0
    9 2054  129 23100.0    13.2    27.1    1.19     5.3     0.0
    9 2054  130 26270.0    10.6    27.3    1.00     3.7     0.0
    9 2054  131 24430.0    10.2    26.8    0.99     2.9     0.0
    9 2054  132 24040.0    12.0    25.9    1.14     2.3     0.0
    9 2054  133 19580.0    10.1    25.4    1.07     3.0     0.0
    9 2054  134 25380.0    10.2    18.0    1.03     3.7     0.0
    9 2054  135 14400.0     8.6    23.5    0.93     4.0     0.0
    9 2054  136 18260.0    14.6    20.4    1.49     4.8     0.0
    9 2054  137 20970.6    12.1    23.9    1.22     3.0     1.2
    9 2054  138 17260.0    14.8    22.7    1.48     6.9     8.8
    9 2054  139  4450.0    13.1    17.2    1.41     9.1     6.5
    9 2054  140 10190.0    13.0    18.4    1.38     7.6     7.0
    9 2054  141  8450.0    13.2    19.0    1.42     4.9     4.5
    9 2054  142 14860.0    14.6    22.3    1.48     8.3     2.0
    9 2054  143 13110.0    10.0    15.8    1.10     5.6     1.8
    9 2054  144 13470.0     9.8    17.4    1.12     7.4    13.2
    9 2054  145  9730.0     7.4    16.3    0.97     4.0     2.2
    9 2054  146  6470.0     8.5    16.8    1.08     4.2     3.6
    9 2054  147 20970.6    14.5    18.5    1.42     4.7     1.3
    9 2054  148 18850.0    13.3    18.0    1.36     6.2     0.0
    9 2054  149 20800.0     9.9    16.8    1.10     5.2    12.5
    9 2054  150 18890.0     9.5    15.0    1.06     5.3     2.9
    9 2054  151  7290.0    11.2    14.7    1.18     5.8     1.5
    9 2054  152 23069.8     9.7    14.8    1.05     5.6     0.8
    9 2054  153 24390.0     5.6    18.9    0.80     2.3     0.0
    9 2054  154 21020.0    12.0    22.8    1.25     3.8     0.0
    9 2054  155 24670.0    11.4    17.8    1.12     3.8     0.0
    9 2054  156 18520.0    10.2    16.6    1.07     4.3     0.0
    9 2054  157 29590.0     8.8    18.8    1.01     3.2     0.0
    9 2054  158 22700.0     8.1    21.4    0.98     2.0     0.0
    9 2054  159 29490.0     9.2    24.5    0.99     2.1     0.0
    9 2054  160 28170.0    11.8    26.9    1.18     2.9     0.0
    9 2054  161 28890.0    14.2    31.7    1.27     3.5     0.0
    9 2054  162 29320.0    17.2    34.2    1.50     3.4     0.0
    9 2054  163 30130.0    19.9    33.9    1.68     3.6     0.0
    9 2054  164 27960.0    17.9    34.5    1.68     2.5     0.0
    9 2054  165 23069.8    15.7    21.5    1.56     5.0     1.5
    9 2054  166 23069.8    14.3    17.5    1.42     3.0     1.4
    9 2054  167 11540.0    14.0    19.3    1.41     2.8     0.0
    9 2054  168 27540.0    13.8    24.7    1.35     2.3     0.0
    9 2054  169 22530.0    13.5    31.8    1.31     2.6     0.0
    9 2054  170 22470.0    16.3    28.1    1.59     4.5     0.0
    9 2054  171 17500.0    16.5    25.4    1.62     4.6     0.0
    9 2054  172 23069.8    14.9    22.8    1.48     6.9     0.5
    9 2054  173 12900.0    14.5    21.5    1.43     6.0     0.0
    9 2054  174 20850.0    11.0    22.5    1.15     2.8     0.0
    9 2054  175 23850.0    12.9    29.0    1.25     2.2     0.0
    9 2054  176  9340.0    14.8    26.1    1.59     3.2     9.7
    9 2054  177  4790.0    16.3    21.5    1.79     4.7     0.0
    9 2054  178 14630.0    13.7    20.3    1.44     3.3     0.0
    9 2054  179 20570.0    10.4    21.4    1.13     2.4     0.0
    9 2054  180 28700.0    10.7    24.6    1.13     3.7     0.0
    9 2054  181 27380.0    13.0    29.2    1.32     3.3     0.0
    9 2054  182 28950.0    16.0    31.2    1.52     3.8     0.0
    9 2054  183 28350.0    16.9    33.7    1.55     3.3     0.0
    9 2054  184 29060.0    17.3    33.4    1.58     3.1     0.0
    9 2054  185 26980.0    17.6    36.3    1.63     2.2     0.0
    9 2054  186 20420.0    21.1    33.1    2.16     2.8     0.0
    9 2054  187 21280.0    21.5    29.4    2.34     2.4    29.9
    9 2054  188 18600.0    19.0    26.8    2.03     3.5     0.0
    9 2054  189 19870.0    17.4    26.1    1.74     3.3     0.0
    9 2054  190 15250.0    18.2    28.9    1.83     5.3     0.0
    9 2054  191 20380.0    18.4    28.0    1.84     2.7     0.0
    9 2054  192 21330.6    15.1    25.7    1.53     2.8     0.0
    9 2054  193 28800.0    12.5    26.3    1.30     2.3     0.0
    9 2054  194 27750.0    14.0    28.5    1.40     3.5     0.0
    9 2054  195 28710.0    12.4    24.4    1.23     5.5     0.0
    9 2054  196 28620.0    11.5    28.7    1.17     4.1     0.0
    9 2054  197 28490.0    14.9    32.0    1.39     3.9     0.0
    9 2054  198 28150.0    15.8    34.4    1.45     3.0     0.0
    9 2054  199 27620.0    17.2    34.7    1.64     3.3     0.0
    9 2054  200 26310.0    19.3    38.5    1.82     3.3     0.0
    9 2054  201 21420.0    22.5    34.4    2.29     3.8     0.0
    9 2054  202 25430.0    20.8    32.9    2.17     2.5     0.0
    9 2054  203 13700.0    20.2    33.4    2.20     3.0     0.0
    9 2054  204 19070.0    19.9    30.9    2.16     2.5     0.0
    9 2054  205 21490.0    18.4    31.5    1.93     2.1     0.0
    9 2054  206 25050.0    20.1    34.2    2.02     3.6     0.0
    9 2054  207 24120.0    21.4    36.5    2.15     3.2     0.0
    9 2054  208 13560.0    19.9    32.0    2.06     1.6     0.0
    9 2054  209 16390.0    21.2    30.5    2.31     2.0    33.9
    9 2054  210 17540.0    20.0    30.8    2.14     2.3     0.0
    9 2054  211 21330.6    18.4    31.4    1.89     3.1     0.0
    9 2054  212 15910.0    16.9    27.0    1.73     4.0     0.0
    9 2054  213 12630.0    17.8    24.7    1.87     5.3    12.1
    9 2054  214 10040.0    15.5    20.8    1.69     4.8    36.7
    9 2054  215  7750.0    14.7    21.0    1.63     2.6    13.5
    9 2054  216 15720.0    19.1    24.9    2.09     5.9     0.0
    9 2054  217 22770.0    20.5    27.6    2.23     4.4     0.0
    9 2054  218 22890.0    17.2    27.3    1.79     4.0     0.0
    9 2054  219 16380.0    14.9    27.1    1.56     3.9     0.0
    9 2054  220 11990.0    14.6    22.9    1.48     4.3     0.0
    9 2054  221 17994.1    11.9    22.3    1.24     3.7     0.8
    9 2054  222 10560.0    11.8    20.0    1.31     3.9     5.4
    9 2054  223  9820.0    12.8    18.6    1.44     3.3    15.4
    9 2054  224  9940.0    10.7    20.3    1.25     1.8     0.0
    9 2054  225 22590.0    10.4    23.8    1.15     2.6     0.0
    9 2054  226  8280.0    14.5    23.4    1.58     5.4    12.5
    9 2054  227 13320.0    17.3    22.9    1.82     4.7     0.0
    9 2054  228 18650.0    16.0    26.7    1.68     2.6     3.9
    9 2054  229 15620.0    16.9    26.8    1.79     2.8     0.0
    9 2054  230 17994.1    19.9    26.7    2.07     3.9     0.0
    9 2054  231 17500.0    18.3    27.9    1.88     4.0     0.1
    9 2054  232  6200.0    17.2    21.5    1.90     4.9    17.1
    9 2054  233 13090.0    16.0    23.8    1.71     4.6    20.8
    9 2054  234 11720.0    13.4    22.2    1.43     4.5     0.2
    9 2054  235 12290.0    13.4    23.8    1.44     2.3     0.0
    9 2054  236  9320.0    17.4    23.0    1.87     2.1     0.0
    9 2054  237 17994.1    14.5    23.1    1.47     2.7     3.0
    9 2054  238 12990.0    12.6    23.8    1.35     2.4     0.1
    9 2054  239 14640.0    13.5    22.2    1.45     4.0     9.4
    9 2054  240  6700.0    14.9    19.0    1.60     4.9    24.9
    9 2054  241 11440.0    11.6    17.9    1.28     3.8     9.5
    9 2054  242 13060.0    11.0    20.4    1.22     3.5    13.0
    9 2054  243  5290.0    11.1    20.3    1.28     4.6     0.0
    9 2054  244 10840.0    17.1    25.5    1.81     4.3     0.0
    9 2054  245  7590.0    15.4    23.4    1.64     5.4     0.0
    9 2054  246  6610.0    20.4    26.6    2.30     7.8     4.7
    9 2054  247 14210.0    14.0    23.8    1.46     5.1     0.0
    9 2054  248  5630.0    13.6    25.4    1.50     2.9     0.0
    9 2054  249 15320.0    20.9    28.8    2.28     3.0     0.0
    9 2054  250 12505.6    16.9    21.9    1.76     4.8     0.7
    9 2054  251 17120.0    11.1    21.2    1.16     3.8     0.0
    9 2054  252 18190.0     9.2    22.4    1.06     3.1     0.0
    9 2054  253 18430.0    10.8    27.4    1.15     2.8     0.0
    9 2054  254 16760.0    13.8    29.7    1.46     1.7     0.0
    9 2054  255 16730.0    15.7    31.7    1.63     2.0     0.0
    9 2054  256 15390.0    18.7    31.5    1.95     2.8     0.0
    9 2054  257 13590.0    21.0    31.5    2.21     2.9     0.0
    9 2054  258 15760.0    19.0    29.2    1.93     4.8     0.0
    9 2054  259 14940.0    18.6    29.2    1.94     3.2     0.0
    9 2054  260  8410.0    16.4    24.2    1.77     2.8     0.0
    9 2054  261  7360.0    17.6    24.9    1.87     2.8     0.0
    9 2054  262 12505.6    13.2    22.4    1.39     4.7     1.6
    9 2054  263 15470.0    13.3    23.7    1.37     4.3     0.0
    9 2054  264 15800.0    15.2    28.7    1.50     3.9     0.0
    9 2054  265 13660.0    20.8    31.2    2.07     4.5     0.1
    9 2054  266  6080.0    17.5    26.8    1.87     2.5     0.0
    9 2054  267  6830.0    19.8    28.2    2.13     2.3     0.0
    9 2054  268  7380.0    17.7    25.8    1.92     3.4     0.0
    9 2054  269 12505.6    15.9    22.6    1.65     4.4     0.0
    9 2054  270 10120.0    12.4    23.6    1.37     2.8     0.0
    9 2054  271  8470.0    16.0    24.8    1.70     3.4     0.0
    9 2054  272  8890.0    17.8    25.8    1.87     4.2     0.0
    9 2054  273 11000.0    13.4    24.8    1.38     3.4     0.0
    9 2054  274  5770.0    13.1    23.1    1.42     4.5    12.2
    9 2054  275  8900.0    16.0    20.4    1.72     8.4     4.6
    9 2054  276  7040.0    14.4    20.3    1.55     4.6     1.6
    9 2054  277  9060.0    12.0    20.1    1.33     3.8     2.1
    9 2054  278  8620.0    12.8    19.9    1.40     6.9     5.7
    9 2054  279  2010.0    16.9    19.6    1.86     8.8     0.0
    9 2054  280  9070.0    13.5    18.8    1.42     6.4     0.0
    9 2054  281  6110.0    10.8    18.9    1.22     4.0     0.0
    9 2054  282  9460.0    11.0    21.7    1.22     2.8     0.0
    9 2054  283  4360.0    14.8    21.4    1.63     2.2     0.1
    9 2054  284 10410.0    14.5    22.7    1.54     3.0     0.0
    9 2054  285  3830.0    12.8    21.9    1.43     2.5     0.0
    9 2054  286  3760.0     9.0    19.4    1.11     1.8     0.0
    9 2054  287  6380.0    11.4    19.0    1.25     4.1     0.0
    9 2054  288  6410.0     9.6    16.8    1.13     5.1     0.0
    9 2054  289 10310.0     7.0    19.4    0.91     3.5     0.0
    9 2054  290  9650.0     9.6    19.6    1.08     3.0     0.0
    9 2054  291  3730.0    12.7    19.2    1.39     2.7     0.0
    9 2054  292  4410.0    15.1    19.2    1.62     3.6     1.0
    9 2054  293  4020.0    16.3    19.7    1.73     4.9     0.0
    9 2054  294  5500.0    16.1    19.8    1.72     6.1     0.5
    9 2054  295  4190.0    14.8    19.5    1.58     6.6     5.8
    9 2054  296  5880.0    14.1    21.6    1.53     5.8    20.5
    9 2054  297  4050.0    11.3    18.1    1.28     5.0     5.7
    9 2054  298  4860.0     9.9    16.3    1.16     4.3     1.6
    9 2054  299  4720.0    16.5    23.7    1.70     7.0     0.0
    9 2054  300  7520.0    10.0    18.1    1.11     4.8     0.0
    9 2054  301  2560.0     9.4    19.0    1.14     4.8     0.9
    9 2054  302  4510.0    12.5    18.9    1.33     5.0     0.0
    9 2054  303  4180.0    10.5    16.9    1.18     4.7     0.0
    9 2054  304  2720.0    11.3    18.6    1.22     8.0     1.6
    9 2054  305  5810.0     2.5    13.4    0.58     8.3     0.4
    9 2054  306  5380.0     4.7    11.7    0.79     2.8     9.9
    9 2054  307  3910.0     3.0    13.1    0.73     2.0     0.0
    9 2054  308  3520.0     6.2    14.1    0.89     3.6     0.0
    9 2054  309  1880.0    12.7    14.8    1.36     4.6     0.0
    9 2054  310  2240.0    11.8    15.1    1.29     4.0     0.0
    9 2054  311  4040.0     5.5    12.5    0.86     3.8     0.0
    9 2054  312  2160.0     3.8    15.4    0.77     5.6     2.6
    9 2054  313  5220.0     8.3    14.4    0.98     4.8     0.1
    9 2054  314  3640.0     3.3    12.5    0.72     3.7     0.0
    9 2054  315  2960.0     8.1    14.8    0.99     7.7    10.7
    9 2054  316  3070.0     7.6    11.8    0.95     5.6     2.0
    9 2054  317  2110.0     9.0    16.8    1.08     6.8     1.7
    9 2054  318  1710.0    12.2    15.4    1.34     5.6     3.5
    9 2054  319  2360.0    12.6    17.0    1.37     5.9     0.6
    9 2054  320  2370.0    13.1    18.7    1.39     7.1     5.8
    9 2054  321  4580.0    11.2    15.5    1.23     4.9     0.0
    9 2054  322  3760.0     6.0    13.3    0.86     4.8     1.0
    9 2054  323  1550.0     5.4     9.8    0.86     3.4     0.0
    9 2054  324   380.0     8.0    11.9    1.02     8.5     4.0
    9 2054  325  2760.0     5.8    11.9    0.88     5.0     4.4
    9 2054  326  3070.0     5.8    10.8    0.88     6.4     4.6
    9 2054  327   700.0     9.5    15.3    1.13     7.7     8.1
    9 2054  328  3420.0     9.8    14.8    1.14     6.1     0.3
    9 2054  329  1240.0    12.2    19.7    1.27     8.5     2.5
    9 2054  330  3700.0    10.0    14.9    1.14     5.1     0.0
    9 2054  331  3440.0     7.9    16.0    1.00     4.1     0.0
    9 2054  332  3250.0    10.6    16.3    1.19     4.6     0.0
    9 2054  333  3440.0     8.3    14.2    1.04     4.5     0.0
    9 2054  334  1910.0     6.6     9.5    0.95     4.2     0.0
    9 2054  335  1800.0     8.3    11.9    1.01     6.5     0.0
    9 2054  336   630.0     9.3    12.6    1.11     5.9     6.5
    9 2054  337  1140.0     9.0    13.1    1.07     9.1     3.4
    9 2054  338  2850.0     8.7    15.2    1.05     8.7     4.0
    9 2054  339   650.0    11.7    16.3    1.27    10.6     2.1
    9 2054  340  1170.0     8.4    12.8    1.02     8.7     2.7
    9 2054  341   260.0     8.1    12.1    1.00    10.7    13.5
    9 2054  342   640.0     9.5    13.0    1.11     6.8    12.5
    9 2054  343  2640.0     3.2    11.9    0.73     3.5     0.4
    9 2054  344  3540.0     3.3     9.7    0.73     5.4     0.3
    9 2054  345   200.0     7.0    11.2    0.96     9.3     9.3
    9 2054  346  3220.0     4.6    10.9    0.81     7.0     2.4
    9 2054  347  1340.0    10.3    13.4    1.18     7.8     0.3
    9 2054  348  2080.0    10.9    13.5    1.21     9.8     0.0
    9 2054  349  1040.0     7.2    11.2    0.95     7.6     0.0
    9 2054  350   910.0     3.8     9.6    0.76     4.9     4.9
    9 2054  351  2240.0     4.2    10.2    0.79     4.5     1.7
    9 2054  352  3390.0     0.7    11.2    0.63     1.0     0.0
    9 2054  353  2990.0     0.7     9.6    0.63     1.1     0.0
    9 2054  354   570.0     0.6     8.8    0.62     1.8     0.0
    9 2054  355   330.0     7.3     9.1    0.98     1.0     0.0
    9 2054  356  1190.0     6.7     9.7    0.93     1.1     0.0
    9 2054  357   610.0     5.0     7.4    0.83     3.3     0.0
    9 2054  358   490.0     5.0     8.0    0.85     3.6     0.0
    9 2054  359   480.0     6.9     9.0    0.95     1.8     0.0
    9 2054  360   440.0     3.4     8.4    0.76     2.2     0.0
    9 2054  361   230.0     2.5     3.9    0.70     3.4     0.0
    9 2054  362   450.0     3.4     9.5    0.76     4.8     1.0
    9 2054  363  2620.0     6.4     9.8    0.88     5.6     0.0
    9 2054  364   750.0     8.7    13.3    1.03    10.6     7.7
    9 2054  365  1510.0     8.3    13.8    1.02     9.6    15.2
