*---------------------------------------------------------------------------*
* Station name: Lelystad, Netherlands, KNMI W+-scenario for period around 2050 
* Year: 2044
* Author: Joost Wolf and Janette Bessembinder            -99.000: NIL VALUE
* Comments: vapour pressure calculated from minimum temperature and 
* relative humidity
* Longitude: 5 38 E, latitude: 52 34 N, altitude: -4 m.
*
* Column  Daily value
* 1       station number
* 2       year
* 3       day
* 4       irradiation                   (kJ m-2 d-1)
* 5       minimum temperature           (degrees Celsius)
* 6       maximum temperature           (degrees Celsius)
* 7       early morning vapour pressure (kPa)
* 8       mean wind speed (height: 2 m) (m s-1)
* 9       precipitation                 (mm d-1)
*
** WCCDESCRIPTION=Netherlands, Lelystad, W+-scenario
** WCCFORMAT=2
** WCCYEARNR=2044
*---------------------------------------------------------------------------*
   5.63  52.57    -4.  -0.18 -0.55
    9 2044    1   480.0    -1.4     0.7    0.54     5.7     0.0
    9 2044    2  2000.0    -1.7     1.3    0.51     4.1     0.0
    9 2044    3  3540.0    -3.7     1.5    0.44     2.6     0.0
    9 2044    4  2130.0    -3.5     3.1    0.44     4.1     0.0
    9 2044    5  3700.0    -2.9     2.8    0.43     4.6     0.0
    9 2044    6  3480.0    -3.3     0.5    0.42     5.1     0.0
    9 2044    7   800.0     0.0     8.2    0.60     4.1     5.0
    9 2044    8  1920.0     3.9     9.7    0.79     4.6     0.0
    9 2044    9   680.0     5.5     8.4    0.86     5.1     2.1
    9 2044   10   730.0     4.6     8.3    0.84     2.1     0.1
    9 2044   11  1520.0     5.1    10.9    0.84     4.6     0.1
    9 2044   12  2810.0     8.5    12.1    1.04     4.6     0.0
    9 2044   13  2780.0     6.8    12.1    0.94     5.1     0.0
    9 2044   14  3130.0     3.2    11.5    0.75     3.6     0.0
    9 2044   15  3590.0     2.2     9.0    0.70     3.1     0.0
    9 2044   16  1640.0     2.0     5.0    0.71     2.1     0.0
    9 2044   17  1400.0     1.7     4.6    0.69     2.6     0.0
    9 2044   18  1230.0     1.4     2.7    0.68     3.1     0.0
    9 2044   19  1270.0     0.7     2.0    0.63     4.1     0.0
    9 2044   20  1410.0     0.0     2.3    0.56     7.2     0.0
    9 2044   21  1870.0    -0.4     2.1    0.52     7.2     0.0
    9 2044   22  4020.0    -2.8     2.5    0.45     7.2     0.0
    9 2044   23  3330.0    -3.7     0.4    0.42     8.7     0.0
    9 2044   24  3180.0    -4.5    -0.3    0.38     9.3     0.0
    9 2044   25  4540.0    -7.5    -2.4    0.28     9.8     0.0
    9 2044   26  1570.0    -7.1    -4.8    0.32     9.3     1.3
    9 2044   27  1950.0    -5.2    -1.4    0.37     7.2     0.2
    9 2044   28  5730.0    -7.0     0.5    0.31     7.7     0.0
    9 2044   29  4540.0    -4.3     1.6    0.40     7.2     0.0
    9 2044   30  5760.0    -4.5     4.0    0.39     5.7     0.0
    9 2044   31  7090.0    -5.8     5.2    0.36     4.6     0.0
    9 2044   32  6600.0    -6.6     7.5    0.33     3.1     0.0
    9 2044   33  1990.0    -7.3     3.9    0.32     2.1     0.0
    9 2044   34  3020.0     0.9     3.0    0.62     3.6     0.0
    9 2044   35  5350.0    -2.0     4.7    0.49     2.6     0.7
    9 2044   36  5220.0    -1.1     5.5    0.53     3.1     0.3
    9 2044   37  7220.0    -4.9     1.2    0.38     6.7     0.0
    9 2044   38  2630.0    -6.5    -0.4    0.31     5.7     0.0
    9 2044   39  5140.0   -10.5    -2.1    0.24     3.1     0.0
    9 2044   40  3860.0   -12.5     3.7    0.21     3.6     0.0
    9 2044   41  2040.0     2.0     7.2    0.67     6.2     0.2
    9 2044   42  1070.0     5.0     7.2    0.85     6.2     5.5
    9 2044   43   870.0     3.3     7.1    0.76     5.7    12.1
    9 2044   44  1030.0     2.9     4.0    0.73     6.7     0.0
    9 2044   45  1320.0     0.9     3.1    0.62     4.6     0.0
    9 2044   46  3080.0    -0.2     6.4    0.57     4.1     0.9
    9 2044   47  2040.0     5.8     9.7    0.88     6.2     3.0
    9 2044   48  4210.0     3.8     8.3    0.74     8.2     0.2
    9 2044   49  2750.0     4.4     9.0    0.80     6.2    13.5
    9 2044   50  3470.0     0.3     5.5    0.61     6.2     4.6
    9 2044   51  3790.0    -2.0     1.0    0.47     9.3     0.1
    9 2044   52 10160.0    -4.2     1.1    0.39     4.6     0.0
    9 2044   53  8370.0    -4.0     5.3    0.41     2.1     0.0
    9 2044   54  8710.0    -0.5     4.6    0.55     5.1     0.0
    9 2044   55  4510.0     1.6     7.4    0.65     7.7     0.9
    9 2044   56  3240.0     6.4    11.3    0.90     7.7     1.6
    9 2044   57  4560.0     0.4    10.2    0.61     3.6     5.1
    9 2044   58  7360.0     0.7     9.8    0.64     2.1     0.0
    9 2044   59  8070.0     1.5     9.9    0.66     4.6     0.2
    9 2044   60  5860.0     0.3     8.2    0.61     3.1     0.0
    9 2044   61  4850.0     1.8     7.5    0.66     4.1     0.7
    9 2044   62  6120.0     0.0     6.5    0.58     2.6     0.4
    9 2044   63  9840.0    -0.8     7.3    0.55     2.1     0.0
    9 2044   64  2540.0    -0.8     7.2    0.58     3.1     3.5
    9 2044   65  2090.0     3.6     6.4    0.77     3.6     0.1
    9 2044   66  5560.0     4.9     8.9    0.85     4.6     0.7
    9 2044   67  5140.0     3.2     7.9    0.71     7.7     0.0
    9 2044   68 12160.0     1.2    10.4    0.58     6.7     0.0
    9 2044   69 12480.0     1.5    10.2    0.58     6.2     0.0
    9 2044   70 13060.0    -0.6    10.7    0.49     5.7     0.0
    9 2044   71  8660.0    -1.4     5.3    0.47     5.7     0.0
    9 2044   72 12550.0    -3.8     4.7    0.38     5.1     0.0
    9 2044   73 12840.0    -2.6     5.1    0.43     6.2     0.0
    9 2044   74 12510.0    -2.1     8.3    0.45     7.2     0.0
    9 2044   75 11780.0     1.7    11.1    0.58     6.7     0.0
    9 2044   76  5960.0     2.2    11.4    0.64     6.7     0.0
    9 2044   77  3990.0     4.1     8.9    0.74     4.1     0.0
    9 2044   78  5950.0     4.4     8.0    0.78     4.1     0.0
    9 2044   79  2960.0     4.2    10.1    0.77     2.1     0.0
    9 2044   80 12000.0    -0.5    15.2    0.54     2.1     0.0
    9 2044   81  6400.0     3.5    15.9    0.75     3.1     4.1
    9 2044   82  5820.0     6.3    12.9    0.93     2.6     0.0
    9 2044   83  3790.0     5.3    13.4    0.88     3.1     0.5
    9 2044   84  4650.0     5.6     9.4    0.90     3.6     0.0
    9 2044   85 13720.0     5.1    13.3    0.81     5.7     0.0
    9 2044   86  2920.0     2.6     7.0    0.68     6.2     0.0
    9 2044   87 17460.0    -0.1     9.3    0.51     4.1     0.0
    9 2044   88 10084.8     0.2     9.7    0.56     5.1     2.1
    9 2044   89  9730.0     3.5     9.0    0.75     5.1     3.8
    9 2044   90 16270.0     1.5     8.7    0.62     4.6     1.0
    9 2044   91 15740.0     0.0     8.8    0.57     3.1     2.2
    9 2044   92 18860.0    -3.4     8.2    0.42     2.6     0.0
    9 2044   93 11640.0    -2.1     8.7    0.48     2.6     0.2
    9 2044   94 17370.0     0.3    11.4    0.54     4.6     0.0
    9 2044   95 18780.0     1.7    15.2    0.54     6.2     0.0
    9 2044   96 16180.0     2.0    15.7    0.58     6.7     0.0
    9 2044   97  7510.0     6.6    14.5    0.85     3.6     0.0
    9 2044   98 14530.0     2.7    15.9    0.68     3.1     0.0
    9 2044   99  7740.0     2.9    12.8    0.69     2.6     0.0
    9 2044  100  7900.0     2.8    17.1    0.67     2.1     0.0
    9 2044  101  4210.0    10.2    15.1    1.20     2.6     2.2
    9 2044  102  2270.0     5.2    12.7    0.86     4.6     0.0
    9 2044  103 20990.0     1.5     9.5    0.57     6.2     0.0
    9 2044  104 17780.0    -0.7    14.2    0.50     3.1     0.0
    9 2044  105 21560.0     1.7    15.8    0.58     3.1     0.0
    9 2044  106 21360.0    -0.1    18.8    0.47     2.1     0.0
    9 2044  107 18470.0     5.4    21.5    0.65     3.6     0.0
    9 2044  108 18240.0     7.0    22.7    0.75     4.1     0.0
    9 2044  109 17100.0     5.9    19.9    0.81     4.6     0.0
    9 2044  110 15290.0    10.1    22.2    1.03     4.1     0.0
    9 2044  111 16900.0     7.9    27.4    0.83     3.6     0.0
    9 2044  112 22280.0    11.4    27.2    0.96     4.1     0.0
    9 2044  113 16520.0    13.6    26.8    1.15     3.6     0.0
    9 2044  114  9270.0    11.3    21.8    1.08     5.7     0.0
    9 2044  115 12930.0     8.2    17.4    0.95     3.6     1.0
    9 2044  116 18250.0     8.2    17.3    0.96     4.1     0.0
    9 2044  117 17280.0     8.5    19.2    1.01     4.1     0.0
    9 2044  118 20980.0     5.9    22.0    0.82     2.1     0.0
    9 2044  119 22900.0     8.7    17.6    0.97     4.1     0.0
    9 2044  120 12840.0     6.8    13.5    0.87     2.1     0.0
    9 2044  121 17030.0     2.0    16.8    0.60     2.6     0.0
    9 2044  122 11750.0     7.4    21.1    0.90     3.1     0.5
    9 2044  123  5220.0    10.1    15.4    1.20     2.6     8.1
    9 2044  124  3490.0    10.0    12.2    1.18     2.6     2.8
    9 2044  125 13120.0     7.5    12.5    0.89     5.7     0.0
    9 2044  126 15890.0     3.4    13.1    0.67     3.6     0.0
    9 2044  127 24970.0     1.0    16.3    0.56     3.1     0.0
    9 2044  128 25770.0     6.0    18.2    0.79     6.7     0.0
    9 2044  129 20820.0     5.9    17.8    0.76     6.2     0.0
    9 2044  130 23630.0     7.5    15.5    0.90     6.7     0.2
    9 2044  131  6590.0     7.7    11.2    0.99     4.1     2.0
    9 2044  132  7140.0     8.8    13.5    1.06     3.1     0.0
    9 2044  133  7680.0     9.7    13.1    1.11     3.6     0.0
    9 2044  134  5560.0    10.4    12.6    1.18     3.6     0.0
    9 2044  135  9480.0    10.1    14.6    1.14     4.6     0.0
    9 2044  136 12990.0     5.5    14.5    0.80     4.6     0.2
    9 2044  137 20970.6     1.7    15.2    0.60     4.6     1.1
    9 2044  138  6450.0     7.9    14.1    1.02     4.1     1.7
    9 2044  139  5880.0     8.5    15.3    1.08     3.6     0.4
    9 2044  140 15730.0    10.0    19.4    1.11     4.1     0.0
    9 2044  141 23710.0     5.9    17.8    0.77     3.6     0.0
    9 2044  142 21640.0     4.5    19.9    0.73     2.6     0.0
    9 2044  143 20970.6     6.6    18.7    0.84     4.6     0.0
    9 2044  144 10470.0    12.5    18.4    1.36     5.7     3.8
    9 2044  145 10610.0    14.9    21.0    1.58     6.2     3.6
    9 2044  146  8360.0    12.9    17.5    1.39     3.6     2.6
    9 2044  147 20970.6    11.0    19.9    1.13     5.1     1.4
    9 2044  148  4900.0    10.3    15.7    1.20     6.2     7.4
    9 2044  149 24060.0     9.7    17.1    1.02     5.1     0.0
    9 2044  150 14430.0    14.0    22.4    1.43     5.1     0.2
    9 2044  151 23070.0    14.9    28.0    1.46     3.6     0.0
    9 2044  152 25680.0    13.3    22.7    1.27     5.1     0.0
    9 2044  153 22350.0     8.6    20.1    0.95     4.1     0.0
    9 2044  154 20620.0     7.7    21.0    0.90     2.1     0.0
    9 2044  155 24330.0    12.3    23.0    1.22     2.1     0.0
    9 2044  156 20810.0    12.5    22.4    1.27     3.1     0.0
    9 2044  157 26830.0    12.5    31.3    1.19     3.1     0.0
    9 2044  158 27000.0    15.5    32.9    1.48     2.1     0.0
    9 2044  159 25610.0    18.8    36.8    1.80     3.1     0.0
    9 2044  160 23069.8    20.2    31.5    2.07     4.1     2.2
    9 2044  161  5910.0    11.7    19.9    1.33     2.6     0.2
    9 2044  162 24660.0    12.0    29.7    1.23     2.6     0.0
    9 2044  163 27150.0    19.8    28.3    2.04     3.1     8.0
    9 2044  164 24860.0    11.4    20.7    1.16     5.1     0.0
    9 2044  165 26690.0    10.8    21.2    1.11     4.1     0.0
    9 2044  166 11840.0     9.0    18.1    1.03     2.6     0.0
    9 2044  167 27580.0     6.1    21.4    0.83     3.1     0.0
    9 2044  168 27930.0     7.5    22.0    0.94     2.6     0.0
    9 2044  169 28550.0     8.5    26.6    0.94     2.6     0.0
    9 2044  170 21830.0    12.3    21.9    1.24     4.6     0.0
    9 2044  171  7520.0    12.3    16.5    1.27     5.7     0.2
    9 2044  172 15200.0    11.9    17.5    1.18     4.6     0.0
    9 2044  173 12920.0    11.3    16.4    1.16     5.7     0.0
    9 2044  174 23069.8    12.6    16.7    1.28     5.7     0.9
    9 2044  175 23069.8    12.7    15.6    1.28     4.6     1.4
    9 2044  176 23069.8    12.9    17.7    1.30     4.1     0.0
    9 2044  177 23069.8    11.9    16.8    1.22     1.5     0.0
    9 2044  178 17450.0    12.1    24.2    1.28     1.5     0.0
    9 2044  179 12490.0    11.2    19.8    1.26     3.1     0.0
    9 2044  180 23069.8    12.4    23.4    1.26     3.6     1.1
    9 2044  181  8190.0    14.2    17.3    1.54     5.7    16.1
    9 2044  182 23069.8    15.1    19.0    1.50     4.6     1.9
    9 2044  183 21330.6    13.0    20.2    1.34     4.2     1.4
    9 2044  184 16420.0    12.5    19.0    1.35     4.2     6.6
    9 2044  185 21330.6    13.5    21.7    1.38     5.4     0.4
    9 2044  186 16550.0    15.4    21.7    1.56     6.5     4.9
    9 2044  187 12490.0    13.6    20.3    1.43     3.7     0.0
    9 2044  188  8290.0     9.9    17.0    1.17     2.1     0.0
    9 2044  189 22690.0     7.8    20.7    0.97     2.6     0.0
    9 2044  190 14030.0     8.0    18.4    0.98     5.7     0.1
    9 2044  191 21330.6    13.1    19.6    1.35     4.1     2.9
    9 2044  192 21330.6    13.9    20.4    1.42     4.3     1.5
    9 2044  193 22850.0    12.4    25.2    1.34     3.2     0.0
    9 2044  194 20090.0    15.1    24.0    1.61     2.2     0.0
    9 2044  195 11190.0    15.7    24.2    1.68     4.4     0.0
    9 2044  196  6400.0    14.9    22.8    1.64     2.8     0.1
    9 2044  197 26010.0    12.0    21.9    1.25     3.5     0.0
    9 2044  198 20430.0    12.7    20.5    1.30     4.2     0.0
    9 2044  199 25310.0    11.0    21.9    1.17     3.8     0.0
    9 2044  200  8970.0    11.7    18.0    1.24     3.5     0.0
    9 2044  201 24340.0     8.3    24.3    1.00     1.6     0.0
    9 2044  202 26990.0    10.2    27.3    1.05     2.5     0.0
    9 2044  203 25630.0    11.5    29.8    1.13     2.3     0.0
    9 2044  204 24170.0    14.8    32.8    1.34     2.5     0.0
    9 2044  205 15730.0    18.0    30.7    1.81     3.7    24.2
    9 2044  206  8470.0    16.9    21.9    1.86     5.4    12.7
    9 2044  207  8180.0    16.3    20.8    1.76     5.8     0.1
    9 2044  208 22160.0    13.9    26.1    1.45     2.1     0.0
    9 2044  209 21330.6    10.4    21.6    1.13     2.5     0.3
    9 2044  210 19910.0     8.5    22.9    1.00     1.6     0.0
    9 2044  211 15520.0    14.6    25.3    1.51     2.9     0.0
    9 2044  212 16390.0    13.1    24.4    1.42     2.7     0.0
    9 2044  213 21330.6    17.4    22.2    1.78     3.5     0.0
    9 2044  214 12460.0    13.7    23.4    1.45     3.7     0.0
    9 2044  215 24060.0    10.7    23.0    1.16     3.3     0.0
    9 2044  216 20870.0     9.6    23.4    1.08     1.8     0.0
    9 2044  217 25620.0    10.0    25.6    1.08     3.0     0.0
    9 2044  218 25740.0    13.0    27.4    1.24     4.6     0.0
    9 2044  219 17994.1    16.1    24.2    1.63     4.6     0.0
    9 2044  220  7360.0    14.0    20.1    1.52     4.2     0.0
    9 2044  221 19790.0    15.2    25.8    1.53     2.9     0.0
    9 2044  222 18240.0    14.8    31.5    1.45     2.6     0.0
    9 2044  223 10310.0    19.6    29.3    1.98     2.9     0.0
    9 2044  224 11820.0    16.3    26.6    1.78     2.0     0.0
    9 2044  225 11220.0    15.3    25.9    1.68     2.5     8.2
    9 2044  226 10890.0    19.5    26.0    2.14     4.4     0.0
    9 2044  227 11500.0    19.3    25.7    2.10     4.3     0.0
    9 2044  228 12990.0    17.2    25.0    1.81     4.2     0.0
    9 2044  229  5680.0    13.9    22.0    1.48     1.6     0.0
    9 2044  230 16980.0    11.8    26.1    1.27     1.8     0.0
    9 2044  231 19670.0    12.6    29.9    1.33     2.0     0.0
    9 2044  232 21600.0    15.7    33.2    1.51     3.7     0.0
    9 2044  233 21260.0    18.2    34.3    1.72     3.6     0.0
    9 2044  234 17994.1    18.1    27.1    1.85     2.3     0.0
    9 2044  235 18520.0    14.5    28.0    1.51     1.9     0.0
    9 2044  236 17994.1    14.9    29.1    1.51     4.4     1.9
    9 2044  237 16050.0    15.3    24.9    1.61     5.4     4.3
    9 2044  238 17994.1    14.2    23.1    1.44     5.5     2.0
    9 2044  239 18400.0    13.2    23.9    1.39     2.9     0.0
    9 2044  240 17994.1    10.8    25.1    1.15     2.1     0.0
    9 2044  241  4170.0    14.5    20.5    1.61     2.8     0.0
    9 2044  242  3930.0    15.6    18.7    1.73     3.2     4.1
    9 2044  243 10460.0    16.4    22.3    1.75     6.2     3.6
    9 2044  244 17994.1    13.3    20.1    1.36     5.6     0.6
    9 2044  245 12505.6    10.5    20.5    1.16     2.4     0.0
    9 2044  246 16510.0     8.9    22.4    1.04     1.4     0.0
    9 2044  247 18430.0    10.8    23.7    1.16     2.6     0.0
    9 2044  248  9430.0    12.5    21.8    1.32     3.2     0.0
    9 2044  249 17820.0    13.1    23.8    1.36     3.6     0.0
    9 2044  250 16710.0     9.5    21.9    1.08     3.3     0.0
    9 2044  251 17090.0     6.9    20.7    0.87     2.2     0.0
    9 2044  252 12660.0     7.8    20.8    0.95     1.8     0.0
    9 2044  253 14990.0    10.4    22.7    1.17     2.5     0.0
    9 2044  254 12505.6    13.3    19.7    1.40     4.5     2.0
    9 2044  255  7330.0    13.7    18.4    1.42     3.6     4.3
    9 2044  256 12170.0    11.5    19.0    1.21     7.2     8.9
    9 2044  257 10830.0    11.5    18.7    1.23     7.3     3.8
    9 2044  258  9450.0    14.1    19.5    1.48     4.5     0.0
    9 2044  259  8980.0     8.6    20.0    1.05     2.0     0.0
    9 2044  260 10640.0     9.1    20.2    1.07     1.5     0.0
    9 2044  261 16360.0     7.4    19.5    0.91     4.0     0.0
    9 2044  262 11370.0    11.3    18.1    1.18     6.8     0.0
    9 2044  263  7360.0     8.8    13.7    1.04     7.6     0.0
    9 2044  264 11540.0     8.9    18.6    1.02     7.0     0.0
    9 2044  265 12330.0     8.4    17.2    0.96     6.1     0.0
    9 2044  266  1780.0    11.0    12.4    1.25     4.5     5.8
    9 2044  267  6560.0    10.0    16.5    1.16     2.5     0.2
    9 2044  268  6270.0     7.8    16.5    1.00     1.5     0.0
    9 2044  269 11170.0     4.6    20.0    0.80     1.4     0.0
    9 2044  270 12505.6     8.7    21.7    1.03     3.7     0.6
    9 2044  271  8060.0    13.3    19.7    1.46     5.0    12.7
    9 2044  272 12505.6    12.1    18.8    1.29     4.5     0.5
    9 2044  273  1670.0    15.0    20.4    1.64     8.8     7.8
    9 2044  274  6250.0    12.7    20.9    1.38     3.6     4.9
    9 2044  275  4040.0     8.8    16.6    1.10     1.7     0.0
    9 2044  276 11890.0     6.6    18.2    0.92     1.7     0.0
    9 2044  277  8930.0     7.4    19.5    0.95     5.7     0.0
    9 2044  278 10080.0    10.8    18.1    1.16     5.0     2.4
    9 2044  279  8640.0     7.8    17.4    1.00     2.9     0.0
    9 2044  280  7550.0     5.6    17.5    0.86     1.8     0.0
    9 2044  281 11400.0     6.9    19.1    0.92     2.3     0.0
    9 2044  282  4580.0     6.4    18.2    0.92     1.1     0.0
    9 2044  283  1840.0    13.6    16.8    1.55     1.8     2.6
    9 2044  284  5320.0    11.5    17.3    1.29     2.0     0.0
    9 2044  285  6230.0    10.0    16.7    1.18     2.3     0.0
    9 2044  286  2610.0     8.1    15.1    1.05     3.1     0.0
    9 2044  287  9490.0     7.4    21.4    0.97     2.9     0.0
    9 2044  288  9100.0    13.5    22.8    1.38     3.2     0.0
    9 2044  289  3720.0    11.0    19.1    1.25     2.9     0.0
    9 2044  290  5590.0     7.3    16.5    0.98     1.6     0.0
    9 2044  291  8440.0     6.2    17.7    0.90     2.0     0.0
    9 2044  292  7420.0     5.9    16.4    0.88     4.9     0.0
    9 2044  293  8750.0    10.4    17.4    1.19     5.0     0.5
    9 2044  294  1700.0    11.0    17.3    1.30     4.3    12.6
    9 2044  295  3830.0     9.3    17.9    1.12     4.9     5.1
    9 2044  296  7240.0     6.2    17.9    0.91     1.9     0.0
    9 2044  297  7840.0     7.6    17.5    0.98     3.2     0.0
    9 2044  298  8360.0     5.9    17.9    0.84     4.1     0.0
    9 2044  299  5070.0     9.1    16.7    1.09     3.6     0.0
    9 2044  300  5590.0    10.1    16.9    1.17     5.0     0.4
    9 2044  301   800.0     9.5    18.0    1.15     7.7    16.9
    9 2044  302  2170.0    14.5    18.1    1.53     8.4     1.0
    9 2044  303  4620.0    11.5    15.7    1.25    10.3     7.3
    9 2044  304  3580.0    10.9    14.1    1.19     4.7     0.0
    9 2044  305  1920.0    10.5    14.2    1.21     7.1     8.5
    9 2044  306  2840.0    10.3    15.6    1.20     5.0     0.6
    9 2044  307   530.0    12.1    17.4    1.35     8.0     1.7
    9 2044  308   480.0    15.8    17.1    1.74     8.4     1.4
    9 2044  309   780.0    13.3    16.4    1.47     9.1     4.9
    9 2044  310  2830.0     9.8    14.4    1.14     7.3     4.6
    9 2044  311  3630.0    10.2    15.9    1.11    10.8     4.8
    9 2044  312  1450.0     8.7    13.7    1.07     3.5    14.9
    9 2044  313  5240.0     5.1    12.8    0.82     3.5     0.2
    9 2044  314  3960.0     5.9    13.7    0.88     4.9     0.8
    9 2044  315   710.0     6.3    10.3    0.93     4.9    10.2
    9 2044  316  2090.0     6.2    12.1    0.92     4.5     6.9
    9 2044  317  2610.0     7.2    12.8    0.99     3.4     2.1
    9 2044  318  3280.0     5.7    11.6    0.83     4.8     1.1
    9 2044  319  4360.0     2.4    10.8    0.70     1.8     0.0
    9 2044  320  6310.0     1.2     7.6    0.64     2.6     0.0
    9 2044  321  4000.0     2.6     9.1    0.71     1.7     0.0
    9 2044  322  1120.0     2.5     6.2    0.71     4.6     0.0
    9 2044  323   840.0     5.1     8.9    0.86     2.9     0.0
    9 2044  324  3110.0     3.3     8.7    0.74     4.9     5.3
    9 2044  325  1150.0     5.0     9.3    0.84     5.1    10.7
    9 2044  326  2620.0     5.5     9.6    0.85     4.1     5.5
    9 2044  327  2700.0     3.1     9.1    0.72     6.2    20.1
    9 2044  328  2480.0     3.0     7.1    0.73     4.3     5.9
    9 2044  329  1690.0     2.0     6.1    0.69     5.3     0.1
    9 2044  330   540.0     3.7     8.3    0.79     6.0    12.0
    9 2044  331   580.0     4.1     8.6    0.79     3.8     0.0
    9 2044  332  2950.0     3.5     6.0    0.75     2.5     0.0
    9 2044  333  2970.0     1.1     7.8    0.64     2.6     0.0
    9 2044  334   910.0     1.0     8.5    0.64     5.4    10.0
    9 2044  335  1960.0     5.2     8.9    0.84     4.2     6.4
    9 2044  336  1350.0     3.9    10.7    0.75     5.6     1.0
    9 2044  337   970.0     7.5     9.9    0.95     6.5     3.4
    9 2044  338   510.0     5.1    11.0    0.85     8.1     5.7
    9 2044  339  3150.0     4.9    10.8    0.81     6.8     0.2
    9 2044  340  1640.0     5.5     9.6    0.88     2.1     0.0
    9 2044  341  1900.0     5.0     9.2    0.86     1.6     0.2
    9 2044  342  1080.0     5.7     8.3    0.92     2.8     0.4
    9 2044  343   940.0     2.8     6.1    0.75     2.3     0.0
    9 2044  344   340.0     2.2     3.3    0.70     3.3     0.0
    9 2044  345   210.0     1.8     2.7    0.68     2.9     0.0
    9 2044  346   290.0     1.2     2.3    0.66     2.3     0.0
    9 2044  347   340.0     1.0     2.9    0.65     2.5     0.0
    9 2044  348  1340.0     0.7     6.6    0.62     2.3     0.2
    9 2044  349  2710.0    -0.9     5.2    0.55     3.9     0.0
    9 2044  350  1550.0     2.5    10.9    0.71     5.0     0.0
    9 2044  351   930.0     2.3     8.8    0.72     2.5     0.0
    9 2044  352   610.0     4.5     6.4    0.84     1.3     0.0
    9 2044  353  1230.0     4.2    10.1    0.82     2.8     0.0
    9 2044  354   230.0     4.2     9.5    0.82     7.0    30.1
    9 2044  355  1020.0    -0.7     4.6    0.54     9.8     0.0
    9 2044  356  3550.0    -2.6     0.6    0.45     7.9     0.0
    9 2044  357  3470.0    -3.1     3.4    0.40     5.3     0.0
    9 2044  358  3330.0    -2.0     2.0    0.44     7.4     0.0
    9 2044  359  3890.0    -3.0     1.3    0.45     5.0     0.0
    9 2044  360  1390.0    -3.2     2.1    0.46     2.9     0.8
    9 2044  361  5450.0    -7.3     0.5    0.34     2.2     0.0
    9 2044  362  1330.0    -5.8    -0.5    0.35     3.7     0.0
    9 2044  363  4450.0    -8.0    -3.1    0.30     3.7     0.0
    9 2044  364   820.0    -7.4     5.2    0.33     3.2     1.6
    9 2044  365  1330.0    -4.5     2.7    0.41     6.3     0.1
    9 2044  366  3250.0    -8.9    -3.7    0.27     7.0     0.0
