*---------------------------------------------------------------------------*
* Station name: Lelystad, Netherlands, KNMI W+-scenario for period around 2050 
* Year: 2052
* Author: Joost Wolf and Janette Bessembinder            -99.000: NIL VALUE
* Comments: vapour pressure calculated from minimum temperature and 
* relative humidity
* Longitude: 5 38 E, latitude: 52 34 N, altitude: -4 m.
*
* Column  Daily value
* 1       station number
* 2       year
* 3       day
* 4       irradiation                   (kJ m-2 d-1)
* 5       minimum temperature           (degrees Celsius)
* 6       maximum temperature           (degrees Celsius)
* 7       early morning vapour pressure (kPa)
* 8       mean wind speed (height: 2 m) (m s-1)
* 9       precipitation                 (mm d-1)
*
** WCCDESCRIPTION=Netherlands, Lelystad, W+-scenario
** WCCFORMAT=2
** WCCYEARNR=2052
*---------------------------------------------------------------------------*
   5.63  52.57    -4.  -0.18 -0.55
    9 2052    1   830.0     2.0     3.4    0.66     4.4     0.0
    9 2052    2  3610.0    -3.5     2.7    0.43     4.8     0.0
    9 2052    3  1810.0    -3.8     1.9    0.43     2.7     0.3
    9 2052    4  1400.0    -1.1     7.4    0.53     4.6     2.6
    9 2052    5  1410.0     4.3     7.8    0.81     3.0     0.6
    9 2052    6   320.0     4.9    10.8    0.84     5.9     5.5
    9 2052    7  1040.0     3.2     9.9    0.76     3.8     0.2
    9 2052    8  1280.0     6.5     9.2    0.91     6.7     3.2
    9 2052    9  1570.0     6.4    10.2    0.92     4.8     3.4
    9 2052   10  2550.0     4.9    10.6    0.84     4.3     0.0
    9 2052   11   870.0     6.1    13.2    0.88     7.7    14.2
    9 2052   12  1160.0     6.1     8.5    0.89     5.8     3.0
    9 2052   13  1380.0     6.6    11.4    0.89     9.8     6.3
    9 2052   14   910.0     3.4     9.0    0.72     5.7    15.9
    9 2052   15  1510.0     5.9     8.3    0.86     6.0     3.1
    9 2052   16  1480.0     6.7     9.3    0.92    10.1    16.7
    9 2052   17   820.0     5.4     7.8    0.84     8.7     7.0
    9 2052   18  4540.0     2.0     6.2    0.64     4.7     0.0
    9 2052   19   590.0     5.2    10.4    0.86     6.9    27.8
    9 2052   20  3660.0     2.2     8.7    0.67     2.5     0.1
    9 2052   21  4320.0     0.3     5.4    0.56     2.0     0.0
    9 2052   22   900.0     2.5     5.1    0.65     4.8     0.1
    9 2052   23  2630.0     2.9     7.0    0.69     3.8     0.0
    9 2052   24  1030.0     3.1     8.7    0.71     4.0     4.4
    9 2052   25  3320.0     1.2     9.7    0.64     2.5     0.9
    9 2052   26  1670.0    -0.8     4.3    0.57     2.5     0.0
    9 2052   27  3440.0     1.1     6.1    0.64     2.3     1.1
    9 2052   28  3640.0     1.0     6.0    0.63     4.6     4.7
    9 2052   29  3550.0     0.9     6.7    0.61     5.9     3.9
    9 2052   30  2400.0     3.2     7.2    0.68     7.5     0.0
    9 2052   31   460.0     3.9    12.7    0.75    12.2    22.4
    9 2052   32  4310.0     9.4    12.8    1.08     9.7    13.9
    9 2052   33   800.0    11.0    13.4    1.23     8.8     7.6
    9 2052   34  2970.0    11.9    16.8    1.23     9.8     0.1
    9 2052   35  1860.0    12.5    16.6    1.29     9.3     3.2
    9 2052   36  2010.0    12.0    16.3    1.33     7.8     8.6
    9 2052   37   700.0     9.8    13.6    1.16     7.6    12.3
    9 2052   38  2570.0     5.8    11.1    0.83     9.9    10.4
    9 2052   39  4260.0     4.9     8.3    0.77    10.0     7.1
    9 2052   40  4520.0     4.1     7.9    0.74     6.1     1.0
    9 2052   41  2150.0     2.9    10.1    0.70     6.8    10.6
    9 2052   42  1510.0     3.7    10.0    0.76     4.5     0.8
    9 2052   43  2120.0     3.2     9.4    0.75     2.5     0.1
    9 2052   44  2110.0     8.2    11.0    1.06     3.0     0.2
    9 2052   45  3890.0     6.8    11.3    0.94     2.8     0.0
    9 2052   46  1930.0     2.8    10.0    0.72     1.1     0.0
    9 2052   47  3700.0     2.3     6.4    0.71     2.2     0.0
    9 2052   48  2650.0     4.6     8.8    0.81     3.3     0.8
    9 2052   49  4490.0     3.6    10.0    0.73     5.5     2.1
    9 2052   50  8210.0     1.4     6.9    0.61     6.4     0.0
    9 2052   51  9880.0    -0.2     6.2    0.51     6.5     0.0
    9 2052   52  4640.0    -2.4     5.1    0.46     4.0     0.0
    9 2052   53  6980.0     2.0     8.6    0.62     5.0     0.8
    9 2052   54  9490.0     0.8     7.9    0.58     3.8     1.1
    9 2052   55  4380.0     0.3     8.5    0.59     5.1    10.6
    9 2052   56  6850.0     0.9     5.7    0.62     4.2     2.3
    9 2052   57  7150.0     0.7     7.1    0.60     5.0     1.0
    9 2052   58  5680.0    -1.1     4.0    0.52     3.7     0.0
    9 2052   59 11680.0    -3.6     7.0    0.42     1.6     0.0
    9 2052   60  9670.0    -3.1     6.8    0.45     3.5     0.0
    9 2052   61  9240.0    -2.7     7.8    0.46     3.0     0.0
    9 2052   62  7900.0     1.5     9.9    0.62     4.3     0.0
    9 2052   63  9850.0    -0.7    10.9    0.53     2.8     0.0
    9 2052   64  6510.0     2.0    12.1    0.60     3.8     0.0
    9 2052   65  7590.0     2.3    10.6    0.61     3.8     0.0
    9 2052   66  4730.0     3.0     6.7    0.70     2.5     0.8
    9 2052   67  8870.0     0.3    11.0    0.58     3.5     1.0
    9 2052   68  8180.0    -1.7     9.9    0.49     3.4     0.0
    9 2052   69  7760.0     1.5     7.7    0.60     6.2     0.0
    9 2052   70  3050.0     1.0     5.5    0.62     5.3     0.0
    9 2052   71  6980.0     3.1     8.1    0.69     3.7     0.1
    9 2052   72  8700.0     2.6    10.2    0.64     4.9     0.0
    9 2052   73  2470.0     7.3    12.1    0.93     6.1     1.9
    9 2052   74  7260.0     7.0    15.8    0.87     8.8     0.1
    9 2052   75  6200.0    12.0    15.9    1.23     9.5     0.0
    9 2052   76  5220.0    11.6    17.9    1.26     6.9     0.0
    9 2052   77 12770.0     6.4    20.7    0.87     3.5     0.0
    9 2052   78  4810.0     4.7    17.5    0.81     3.8     5.4
    9 2052   79  4160.0     8.6    13.5    1.03     9.0    14.9
    9 2052   80  2210.0     8.7    14.7    1.03    12.2     9.8
    9 2052   81  8290.0     7.5    13.1    0.91    10.6     5.1
    9 2052   82 10590.0     2.4    11.9    0.67     6.0     1.2
    9 2052   83 15880.0     1.8    12.1    0.64     2.3     0.0
    9 2052   84  7830.0     1.2    11.0    0.62     2.8     0.5
    9 2052   85 13480.0     0.8    10.6    0.58     2.4     0.0
    9 2052   86  9360.0    -0.3    10.8    0.55     2.5     0.2
    9 2052   87 16350.0    -0.5    12.2    0.53     2.3     0.0
    9 2052   88  9510.0     3.4    14.8    0.67     3.8     0.0
    9 2052   89 15400.0     4.4    16.5    0.74     2.7     0.0
    9 2052   90 17590.0     3.4    17.9    0.66     5.5     0.0
    9 2052   91 16620.0     2.8    18.9    0.61     3.7     0.0
    9 2052   92 16130.0     9.3    22.0    0.92     4.4     0.0
    9 2052   93 10320.0    10.1    20.9    1.05     4.0     0.0
    9 2052   94  8530.0    11.8    17.7    1.23     6.2     0.1
    9 2052   95 11320.0    10.1    14.8    1.09     8.7     4.9
    9 2052   96 10020.0     6.9    13.5    0.90     7.6     9.0
    9 2052   97  9490.0     6.8    11.4    0.91     6.6     8.4
    9 2052   98 11540.0     7.2    12.2    0.92     6.0     5.1
    9 2052   99  8180.0     6.0    11.5    0.86     4.3    11.8
    9 2052  100  8970.0     2.3    11.5    0.65     3.1     0.0
    9 2052  101  8020.0     3.1    11.7    0.68     4.2     2.1
    9 2052  102 10090.0     3.7    12.0    0.70     2.1     0.0
    9 2052  103 17820.0     3.6    14.8    0.72     2.3     0.0
    9 2052  104 13490.0     4.0    14.7    0.76     2.8     0.6
    9 2052  105 21720.0     3.0    17.7    0.68     1.8     0.0
    9 2052  106 18490.0     3.6    20.1    0.65     2.7     0.0
    9 2052  107 19830.0     6.7    22.7    0.78     2.6     0.0
    9 2052  108 18420.0     9.5    23.9    0.96     4.3     0.1
    9 2052  109 12070.0     9.4    16.3    1.03     7.3     1.0
    9 2052  110 11540.0     7.2    13.8    0.87     5.0     0.0
    9 2052  111 17380.0     3.9    17.1    0.70     1.7     0.0
    9 2052  112 13990.0     5.3    20.4    0.78     4.0     0.0
    9 2052  113 16860.0    10.0    19.0    1.12     2.7     0.0
    9 2052  114 22820.0     6.1    18.4    0.82     3.1     0.0
    9 2052  115 17820.0     6.9    18.3    0.86     2.3     0.0
    9 2052  116 19920.0     5.5    20.1    0.79     2.5     0.0
    9 2052  117 19770.0     7.4    23.0    0.85     2.3     0.0
    9 2052  118 20480.0     9.0    23.8    0.96     4.0     0.0
    9 2052  119 14430.0    12.1    23.2    1.25     4.5    10.5
    9 2052  120 10000.0    14.3    20.6    1.47     4.3     3.3
    9 2052  121 21220.0    12.8    25.4    1.25     5.0     0.3
    9 2052  122 12490.0    11.9    21.5    1.27     3.8     0.0
    9 2052  123  5920.0    10.6    15.9    1.19     4.3     0.0
    9 2052  124 17620.0    10.9    22.6    1.15     4.3     0.2
    9 2052  125 13000.0     7.8    16.1    0.95     6.5     0.6
    9 2052  126 19080.0     7.9    18.2    0.90     5.3     0.0
    9 2052  127 20590.0     5.2    18.2    0.78     2.6     0.0
    9 2052  128  2540.0    11.6    15.4    1.32     5.6     0.0
    9 2052  129 10250.0    10.5    16.5    1.17     4.3     0.0
    9 2052  130 18230.0    10.6    18.5    1.17     2.3     0.0
    9 2052  131 11670.0    12.9    18.4    1.41     2.8     0.0
    9 2052  132 14660.0    11.8    16.8    1.24     4.5     0.0
    9 2052  133 11630.0    11.3    15.0    1.15     4.8     0.0
    9 2052  134 14300.0    11.7    16.4    1.24     4.4     0.0
    9 2052  135 20960.0    11.1    18.9    1.14     2.4     0.0
    9 2052  136 23080.0    12.3    22.0    1.27     3.9     0.0
    9 2052  137 26200.0    11.2    21.9    1.18     2.9     0.0
    9 2052  138 27010.0     9.6    24.6    1.03     1.9     0.0
    9 2052  139 26900.0     8.8    22.5    0.96     2.5     0.0
    9 2052  140 26740.0     9.1    24.5    0.97     4.7     0.0
    9 2052  141 22640.0    10.8    21.7    1.11     3.8     0.0
    9 2052  142 17850.0     7.9    18.0    0.88     5.4     0.1
    9 2052  143 19950.0     8.1    16.6    0.90     5.7     2.7
    9 2052  144 27730.0     9.7    16.1    1.00     4.7     0.0
    9 2052  145 25340.0     9.4    20.2    1.01     4.3     0.0
    9 2052  146 11090.0     8.0    17.1    0.93     3.4     0.1
    9 2052  147 14450.0     9.8    15.9    1.00     3.1     0.0
    9 2052  148 17980.0     8.4    17.6    0.97     2.8     0.4
    9 2052  149 28500.0     5.9    21.8    0.81     2.6     0.0
    9 2052  150 28010.0     8.3    26.2    0.86     2.9     0.0
    9 2052  151 13630.0    14.2    26.3    1.38     2.5     0.0
    9 2052  152 12960.0    10.7    19.8    1.21     2.0     0.0
    9 2052  153 22090.0     8.4    23.7    1.00     2.3     0.0
    9 2052  154  4670.0    13.7    18.3    1.50     4.3     0.0
    9 2052  155 21690.0    14.4    19.6    1.50     3.6     0.2
    9 2052  156  8180.0    13.9    20.1    1.49     4.4     5.2
    9 2052  157  7010.0    13.4    16.9    1.40     3.8     0.1
    9 2052  158 19890.0    10.5    22.8    1.14     1.3     0.0
    9 2052  159 25000.0    13.2    28.3    1.33     2.8     0.0
    9 2052  160 24940.0    15.3    31.5    1.49     1.9     0.0
    9 2052  161 20820.0    17.6    27.0    1.79     3.8     0.0
    9 2052  162 14390.0    16.8    26.5    1.76     3.2     0.2
    9 2052  163 23230.0    14.8    23.1    1.48     5.1     0.0
    9 2052  164 17000.0    14.3    20.6    1.47     5.5     7.9
    9 2052  165 16490.0    11.0    19.5    1.17     3.5     0.3
    9 2052  166 21150.0    10.8    25.6    1.18     4.0     0.0
    9 2052  167 15090.0    15.8    24.3    1.61     4.6     0.0
    9 2052  168 20040.0    14.5    21.1    1.39     4.3     0.0
    9 2052  169 13870.0    16.2    21.5    1.62     6.5     0.2
    9 2052  170 14780.0    12.8    20.8    1.34     3.6     4.1
    9 2052  171 23069.8    11.6    18.4    1.19     4.8     1.5
    9 2052  172 23069.8    10.1    18.7    1.08     4.7     1.9
    9 2052  173 17950.0    10.4    19.8    1.13     3.5     5.5
    9 2052  174 22990.0    10.1    22.8    1.08     2.9     0.0
    9 2052  175 10990.0    15.8    23.7    1.69     8.5    47.1
    9 2052  176  7480.0    14.3    19.0    1.44     9.8    21.8
    9 2052  177 17700.0    10.3    20.3    1.15     5.9     7.7
    9 2052  178 19930.0     8.8    23.2    0.99     2.0     0.1
    9 2052  179 16050.0    16.5    24.5    1.71     4.4     4.9
    9 2052  180 26300.0    12.2    21.7    1.24     4.8     0.0
    9 2052  181 21460.0    12.3    22.8    1.29     4.3     0.0
    9 2052  182 23069.8    16.4    26.1    1.63     3.8     1.4
    9 2052  183 23650.0    14.4    21.3    1.46     5.1     8.1
    9 2052  184 13410.0    13.4    20.9    1.40     5.8     5.5
    9 2052  185 19000.0    13.8    21.0    1.43     6.7     0.0
    9 2052  186 13640.0    15.1    21.5    1.59     4.8     0.0
    9 2052  187 26890.0    11.9    21.7    1.26     3.0     0.0
    9 2052  188 28360.0    10.2    22.8    1.09     2.0     0.0
    9 2052  189 21330.6    10.4    23.7    1.13     5.8     2.0
    9 2052  190 16800.0    16.0    24.9    1.66     3.2     7.3
    9 2052  191 21330.6    14.9    21.3    1.51     3.8     1.2
    9 2052  192 24850.0    13.7    20.7    1.35     5.5     0.2
    9 2052  193 15450.0    13.5    20.3    1.43     5.6     6.7
    9 2052  194 21330.6    14.4    18.9    1.47     5.0     0.5
    9 2052  195 21330.6    14.0    20.0    1.43     4.0     0.5
    9 2052  196 21330.6    14.3    23.2    1.46     5.5     2.4
    9 2052  197 11840.0    18.2    23.1    1.94     4.2     0.1
    9 2052  198 21330.6    16.2    22.5    1.65     2.2     3.0
    9 2052  199 19610.0    14.7    30.9    1.53     2.7    11.8
    9 2052  200 21330.6    17.8    24.5    1.82     2.8     0.0
    9 2052  201 17710.0    13.2    23.6    1.39     3.3     0.0
    9 2052  202  7970.0    12.1    22.4    1.36     2.6     4.3
    9 2052  203 21330.6    13.6    27.0    1.39     1.6     0.0
    9 2052  204 22760.0    16.4    28.8    1.70     1.6     0.0
    9 2052  205 21330.6    17.1    26.8    1.74     3.4     1.3
    9 2052  206 18260.0    12.9    25.4    1.33     2.4     0.0
    9 2052  207 21330.6    15.1    19.3    1.53     3.6     2.9
    9 2052  208 21330.6    12.2    21.8    1.27     3.8     0.0
    9 2052  209 21560.0    11.6    24.2    1.23     2.0     0.0
    9 2052  210 23500.0    13.4    25.1    1.37     2.6     0.0
    9 2052  211 24680.0    13.9    29.1    1.36     3.1     0.0
    9 2052  212 22670.0    14.9    30.4    1.47     1.8     0.0
    9 2052  213 21190.0    15.4    27.9    1.58     2.1     0.0
    9 2052  214 20270.0    15.6    24.7    1.65     2.6     0.0
    9 2052  215 22420.0    15.3    28.6    1.59     2.6     0.0
    9 2052  216 23900.0    16.8    30.3    1.70     3.1     0.0
    9 2052  217 21260.0    18.6    30.2    1.93     3.3     0.0
    9 2052  218 18100.0    20.3    34.2    2.12     2.8     0.0
    9 2052  219 22190.0    19.9    34.0    2.01     2.7     0.0
    9 2052  220 13400.0    20.4    28.9    2.24     2.1     0.0
    9 2052  221 22950.0    20.3    35.9    1.91     4.1     0.0
    9 2052  222 21920.0    23.2    37.1    2.11     4.9     0.0
    9 2052  223 17994.1    22.6    33.4    2.44     4.2     2.3
    9 2052  224 15530.0    19.8    29.9    2.10     2.8     7.4
    9 2052  225  9300.0    18.8    29.4    2.00     3.1     6.7
    9 2052  226  6710.0    18.8    22.1    2.08     5.6     0.0
    9 2052  227 18640.0    18.5    26.5    1.96     3.7     0.0
    9 2052  228 14810.0    19.9    28.3    2.10     3.0     0.1
    9 2052  229 10430.0    18.1    25.4    1.95     3.3     0.0
    9 2052  230 17850.0    18.3    27.6    1.88     3.3     0.0
    9 2052  231 17994.1    21.1    30.2    2.23     5.2     0.9
    9 2052  232 17994.1    18.9    26.4    1.94     8.0     1.4
    9 2052  233  7450.0    15.8    21.9    1.68     5.1     0.0
    9 2052  234  9850.0    10.3    20.5    1.14     3.9     0.0
    9 2052  235 14210.0    10.7    23.4    1.16     2.4     0.0
    9 2052  236 10800.0    12.2    24.2    1.31     2.8    14.8
    9 2052  237  8780.0    16.9    25.1    1.82     4.5    17.7
    9 2052  238 11210.0    16.3    22.5    1.75     5.8    18.6
    9 2052  239 12780.0    14.6    22.0    1.54     5.4     5.8
    9 2052  240  2860.0    16.1    19.1    1.77     6.0     7.7
    9 2052  241 20060.0    11.4    21.7    1.22     2.5     0.0
    9 2052  242 17994.1    10.7    23.2    1.15     4.3     1.1
    9 2052  243 10670.0    14.6    20.7    1.56     6.0    16.0
    9 2052  244 17994.1    11.3    20.6    1.19     5.6     1.8
    9 2052  245 17400.0    10.3    23.1    1.13     1.7     0.0
    9 2052  246 18540.0    10.5    26.4    1.13     2.2     0.0
    9 2052  247 17550.0    13.3    28.5    1.36     1.6     0.0
    9 2052  248 17910.0    17.0    29.1    1.75     2.0     0.0
    9 2052  249 15600.0    16.0    30.7    1.71     2.1     0.0
    9 2052  250 18360.0    17.1    29.4    1.78     4.7     0.0
    9 2052  251 17850.0    14.6    26.5    1.53     5.2     0.0
    9 2052  252 17300.0    11.8    24.2    1.26     3.8     0.0
    9 2052  253 18040.0    12.4    25.1    1.23     3.7     0.0
    9 2052  254 16840.0    11.4    28.5    1.13     4.0     0.0
    9 2052  255 12130.0    20.0    26.5    2.12     5.4     0.0
    9 2052  256 14180.0    17.0    21.6    1.63     8.6     0.0
    9 2052  257 12505.6    15.3    21.2    1.59     8.0     1.6
    9 2052  258 13270.0    14.2    22.3    1.46     8.5     5.1
    9 2052  259 12180.0    12.3    19.2    1.31     4.7     0.0
    9 2052  260 13500.0     7.8    20.5    0.95     2.8     0.0
    9 2052  261 13840.0    12.0    22.6    1.18     4.8     0.0
    9 2052  262 12505.6    16.0    24.4    1.66     5.7     0.8
    9 2052  263 13820.0    12.9    21.1    1.32     4.6     0.0
    9 2052  264  1960.0    14.4    18.3    1.51     8.8     5.7
    9 2052  265 10850.0    13.0    19.4    1.32     9.3     7.5
    9 2052  266  3370.0    13.2    16.2    1.40     5.7     3.5
    9 2052  267  5910.0    14.2    17.1    1.50     5.5     4.5
    9 2052  268  8490.0    12.8    17.5    1.36     5.2     5.2
    9 2052  269 12505.6    13.3    17.3    1.40     4.6     1.1
    9 2052  270 11350.0    13.8    19.8    1.46     3.7     0.0
    9 2052  271 11400.0    13.9    20.5    1.48     4.0     0.1
    9 2052  272  4520.0    15.6    20.9    1.67     5.1     6.6
    9 2052  273 11090.0    12.2    17.8    1.30     4.1     0.4
    9 2052  274 12505.6    12.7    18.0    1.34     2.4     0.6
    9 2052  275  3780.0    14.7    19.4    1.60     2.7     9.1
    9 2052  276  8170.0    14.6    19.5    1.51     5.5     3.9
    9 2052  277  6820.0    13.4    19.5    1.40     5.0     0.7
    9 2052  278  5490.0    15.9    21.0    1.65     5.6     1.5
    9 2052  279  5730.0    13.7    19.2    1.46     4.2     0.4
    9 2052  280  8820.0    12.2    18.6    1.28     7.0     0.7
    9 2052  281  9080.0     8.9    18.2    1.04     5.4     0.8
    9 2052  282  7900.0     7.4    17.8    0.96     1.9     0.0
    9 2052  283 11040.0     5.8    17.7    0.85     2.5     0.0
    9 2052  284 11360.0     5.5    14.9    0.82     5.1     0.0
    9 2052  285 11850.0     5.6    14.8    0.79     6.6     0.0
    9 2052  286  8970.0     6.7    14.0    0.83     5.6     0.0
    9 2052  287  9640.0     8.9    18.6    1.03     4.1     0.0
    9 2052  288  5870.0    13.1    17.8    1.36     5.0     0.0
    9 2052  289  7570.0    10.6    15.9    1.17     3.8     0.4
    9 2052  290  2640.0     9.0    12.1    1.09     3.6     6.7
    9 2052  291  2680.0     7.9    13.0    1.03     3.7     1.0
    9 2052  292  3360.0     8.1    14.6    1.03     3.9     9.3
    9 2052  293  9120.0     6.6    16.9    0.91     3.1     0.0
    9 2052  294  1370.0     9.8    19.7    1.16     4.9     4.9
    9 2052  295  8790.0    13.3    19.1    1.33     9.1     4.5
    9 2052  296  8370.0    13.1    19.4    1.34     7.7     0.0
    9 2052  297   760.0    16.0    20.0    1.71     7.9    13.5
    9 2052  298  2590.0    17.3    19.8    1.82     6.0     3.4
    9 2052  299  4350.0    12.4    18.8    1.29     9.3     1.3
    9 2052  300  5990.0     6.8    16.1    0.92     3.4     0.0
    9 2052  301  5370.0     3.1    14.2    0.71     3.7     0.0
    9 2052  302  2240.0    11.9    16.4    1.33     3.1     2.7
    9 2052  303  7280.0    11.3    19.6    1.28     2.3     3.5
    9 2052  304  3840.0     6.7    15.3    0.96     1.5     0.0
    9 2052  305  2640.0    11.0    14.9    1.21     2.5     0.0
    9 2052  306  3070.0     7.5    12.6    0.96     3.7     0.0
    9 2052  307  1270.0     9.6    11.7    1.13     4.0     1.1
    9 2052  308  1780.0     8.8    13.9    1.11     2.1     3.7
    9 2052  309  3370.0     7.4    15.1    0.99     3.8     1.1
    9 2052  310  4820.0     7.8    14.3    0.97     4.6     1.1
    9 2052  311  3720.0     8.2    13.8    1.02     2.8     1.6
    9 2052  312  4890.0     7.8    13.6    0.97     2.1     0.0
    9 2052  313  2350.0     6.7    11.6    0.91     2.4     0.0
    9 2052  314  4290.0     2.4     7.4    0.69     2.7     0.0
    9 2052  315  1580.0     6.7    10.9    0.95     3.6    13.0
    9 2052  316  3860.0     2.3     8.4    0.69     2.1     0.0
    9 2052  317  2110.0     2.5    12.5    0.70     5.7     3.0
    9 2052  318  4510.0     3.4    11.3    0.71     4.5     3.1
    9 2052  319  5010.0     4.2    11.9    0.77     2.4     0.0
    9 2052  320   470.0     5.7    11.9    0.87     4.1     0.1
    9 2052  321   840.0    11.4    13.5    1.31     4.4     3.3
    9 2052  322  1450.0    12.4    14.8    1.38     8.2     6.0
    9 2052  323  1110.0     5.0    14.5    0.80     6.1    21.9
    9 2052  324  3320.0     4.6     8.8    0.77     6.3     2.1
    9 2052  325  2600.0     2.0     8.2    0.66     4.0     5.3
    9 2052  326  4570.0     1.0     8.3    0.63     4.0     1.2
    9 2052  327  1690.0     7.9    14.6    1.01     8.3     3.0
    9 2052  328  3120.0     2.0    12.7    0.66     3.5     2.8
    9 2052  329  3900.0     0.7     9.3    0.62     1.5     0.0
    9 2052  330  1560.0    -0.1     3.4    0.59     2.2     0.0
    9 2052  331  1050.0     0.2    10.5    0.61     5.8     4.4
    9 2052  332  1780.0     5.9    11.6    0.90     3.0     0.1
    9 2052  333   760.0     8.3    11.3    1.07     3.1     2.7
    9 2052  334  1220.0     7.3    10.4    1.01     1.5     0.0
    9 2052  335  1580.0     4.7     9.4    0.84     3.0     0.0
    9 2052  336   250.0     3.8     6.1    0.77     2.8     0.7
    9 2052  337  3360.0     0.9     8.0    0.64     1.7     0.0
    9 2052  338  1900.0     0.7     6.9    0.64     2.1     0.0
    9 2052  339   960.0     2.9     7.6    0.74     3.9     0.4
    9 2052  340  1020.0     3.5    11.4    0.77     3.8     0.0
    9 2052  341  1110.0     3.5    10.6    0.77     4.1     0.0
    9 2052  342  1300.0     7.7     9.8    1.03     3.4     0.0
    9 2052  343  1370.0     1.9     8.7    0.67     1.5     0.0
    9 2052  344  1060.0     0.7     3.9    0.63     3.6     0.0
    9 2052  345   500.0    -0.8     4.3    0.57     3.0     0.0
    9 2052  346   660.0     4.0     6.7    0.80     1.5     0.0
    9 2052  347  1010.0     4.3     7.1    0.80     2.7     0.0
    9 2052  348   430.0     0.8     6.1    0.61     3.1     0.0
    9 2052  349   420.0     0.6     6.5    0.62     4.1     0.0
    9 2052  350   950.0     4.1     8.3    0.78     6.3     0.2
    9 2052  351   560.0     5.3     9.2    0.86     7.1     3.9
    9 2052  352   830.0     6.6    10.0    0.92     5.5     7.2
    9 2052  353  1110.0     2.0     8.8    0.65     5.5     3.4
    9 2052  354  3410.0    -0.3     7.5    0.56     2.5     0.0
    9 2052  355  3800.0    -0.8     5.9    0.54     2.8     0.0
    9 2052  356  2930.0    -2.4     2.8    0.48     3.2     0.0
    9 2052  357   250.0     1.4     9.1    0.66     8.3     2.2
    9 2052  358  1500.0     8.5    12.9    1.04     8.3     0.9
    9 2052  359  1880.0     9.0    12.2    1.04     8.8     4.7
    9 2052  360  2210.0     2.6     9.4    0.70     5.4     0.6
    9 2052  361  2960.0    -1.5     4.1    0.54     1.3     0.0
    9 2052  362  3650.0    -3.2     5.1    0.47     2.6     0.0
    9 2052  363   850.0     0.6     7.0    0.61     6.6     8.3
    9 2052  364  3210.0     2.3     8.1    0.68     3.4     1.2
    9 2052  365   380.0     6.4    10.0    0.93     7.3     0.1
    9 2052  366   490.0     6.0    11.1    0.91     5.0     2.7
