*---------------------------------------------------------------------------*
* Station name: Lelystad, Netherlands, KNMI W+-scenario for period around 2050 
* Year: 2047
* Author: Joost Wolf and Janette Bessembinder            -99.000: NIL VALUE
* Comments: vapour pressure calculated from minimum temperature and 
* relative humidity
* Longitude: 5 38 E, latitude: 52 34 N, altitude: -4 m.
*
* Column  Daily value
* 1       station number
* 2       year
* 3       day
* 4       irradiation                   (kJ m-2 d-1)
* 5       minimum temperature           (degrees Celsius)
* 6       maximum temperature           (degrees Celsius)
* 7       early morning vapour pressure (kPa)
* 8       mean wind speed (height: 2 m) (m s-1)
* 9       precipitation                 (mm d-1)
*
** WCCDESCRIPTION=Netherlands, Lelystad, W+-scenario
** WCCFORMAT=2
** WCCYEARNR=2047
*---------------------------------------------------------------------------*
   5.63  52.57    -4.  -0.18 -0.55
    9 2047    1  2440.0     6.5    10.7    0.87     4.2     0.0
    9 2047    2   810.0     6.5    10.1    0.91     7.3     3.4
    9 2047    3   670.0     5.8     9.5    0.90     5.8     6.8
    9 2047    4   360.0     6.6    14.5    0.94     7.2     3.7
    9 2047    5  2630.0    10.5    14.9    1.21     5.9     1.5
    9 2047    6  3160.0    10.0    14.5    1.08     7.3     0.0
    9 2047    7  1680.0     7.4    12.3    0.99     4.5     3.1
    9 2047    8   210.0     5.4     9.4    0.85     5.5     6.9
    9 2047    9  3340.0     1.2     6.8    0.61     3.7     0.0
    9 2047   10  2570.0     0.2     3.2    0.59     2.5     0.0
    9 2047   11  5390.0    -0.4     3.5    0.55     3.9     0.0
    9 2047   12  2670.0    -0.8     4.2    0.56     5.5     5.9
    9 2047   13  2640.0     2.3     7.4    0.70     5.5     4.1
    9 2047   14  2250.0     6.5     9.8    0.89     6.5     3.6
    9 2047   15  1390.0     9.1    10.9    1.08     8.7     3.5
    9 2047   16   500.0     6.9    12.9    0.94     8.3     7.9
    9 2047   17  1950.0     5.5     9.4    0.88     5.3     0.0
    9 2047   18  4350.0     3.3     9.8    0.73     6.1     0.0
    9 2047   19   980.0     7.3    11.9    0.96     9.3     0.9
    9 2047   20  1980.0     9.7    14.1    1.12     7.0     3.9
    9 2047   21  1760.0     7.0    11.5    0.99     2.5     0.5
    9 2047   22  2710.0     0.9     7.7    0.65     0.9     0.0
    9 2047   23  1440.0     0.5     8.2    0.63     3.3     0.0
    9 2047   24  2710.0     6.7    11.3    0.96     5.6     2.2
    9 2047   25   450.0     8.2    14.1    1.03     9.3     6.2
    9 2047   26  2730.0     5.3     9.7    0.85     5.2     6.8
    9 2047   27  3270.0     5.4     9.3    0.85     4.8     5.9
    9 2047   28  2070.0     3.4     9.1    0.75     5.2     1.7
    9 2047   29  5400.0    -1.7     3.9    0.49     2.8     0.0
    9 2047   30  5400.0    -2.8     6.2    0.46     1.1     0.0
    9 2047   31  4540.0     0.8     8.1    0.60     1.7     0.0
    9 2047   32  1530.0     6.6     9.3    0.96     4.2     0.0
    9 2047   33  1790.0     6.3     9.0    0.94     3.3     0.0
    9 2047   34  2120.0     6.7    10.9    0.95     3.8     0.5
    9 2047   35  2360.0     8.9    12.6    1.05     7.8     0.0
    9 2047   36  5110.0     4.8     9.7    0.76    10.5     1.8
    9 2047   37  5480.0     2.8     7.8    0.70     5.5     4.1
    9 2047   38  4710.0     2.5     6.4    0.70     6.6     6.0
    9 2047   39  5280.0    -0.2     5.0    0.58     3.7     2.0
    9 2047   40  2920.0    -2.6     2.4    0.50     1.1     0.2
    9 2047   41  7240.0    -0.6     6.2    0.57     3.8     2.4
    9 2047   42  6840.0     0.0     4.7    0.57     2.6     0.0
    9 2047   43  8650.0    -2.3     4.4    0.48     1.2     0.0
    9 2047   44  9610.0    -4.3     3.4    0.42     2.3     0.0
    9 2047   45  4230.0    -5.1     3.2    0.41     3.0     1.6
    9 2047   46  3350.0     2.3     4.9    0.72     4.9     0.9
    9 2047   47  7400.0     4.4     8.6    0.76     8.3     3.6
    9 2047   48  7460.0     2.2     7.7    0.65     8.2     3.2
    9 2047   49  6140.0     2.9     8.6    0.72     3.1     0.3
    9 2047   50  1930.0     6.0    12.0    0.93     4.8     2.6
    9 2047   51  7450.0     3.8     9.7    0.76     3.8     0.0
    9 2047   52  1790.0     5.5     9.3    0.85     5.9     4.2
    9 2047   53  3550.0     3.2     6.7    0.72     8.2     5.6
    9 2047   54  9040.0     3.7     8.5    0.75     6.4     3.3
    9 2047   55 10210.0     2.0     8.3    0.67     2.8     0.0
    9 2047   56  5000.0     0.9     8.2    0.61     5.0     0.2
    9 2047   57  1340.0     7.2     9.8    0.99     6.0     1.4
    9 2047   58  1300.0     6.5     9.1    0.95     5.3     1.2
    9 2047   59  9210.0     4.3    11.3    0.78     7.8     0.8
    9 2047   60  1150.0     5.6    13.5    0.90     7.0    29.8
    9 2047   61  1390.0     6.1    15.0    0.93     5.6    13.4
    9 2047   62  5990.0     7.8    14.0    0.96     7.7     0.1
    9 2047   63  2420.0     6.7    10.4    0.92     4.9     0.0
    9 2047   64  5270.0     6.0    11.0    0.89     2.8     0.0
    9 2047   65  5190.0     5.5     9.7    0.86     4.4     0.4
    9 2047   66  3000.0     5.6     7.2    0.87     6.9     0.1
    9 2047   67  2820.0     6.0     7.6    0.91     3.7     0.5
    9 2047   68  2170.0     6.0     7.6    0.92     3.7     3.0
    9 2047   69  3050.0     2.3     7.3    0.71     2.3     1.5
    9 2047   70 13720.0     0.8    10.5    0.60     3.1     0.0
    9 2047   71 12300.0     3.5    16.0    0.71     4.0     0.0
    9 2047   72 11280.0     9.0    19.1    1.07     3.0     0.0
    9 2047   73  9910.0     3.2    14.5    0.74     2.0     0.0
    9 2047   74 12000.0     2.9    14.4    0.71     1.3     0.0
    9 2047   75 10970.0     2.0    13.1    0.65     1.8     0.1
    9 2047   76  6770.0     6.5    13.5    0.91     1.8     1.5
    9 2047   77  6320.0     6.1    14.2    0.88     3.4     4.6
    9 2047   78  6760.0     6.4    10.8    0.89     5.5     0.1
    9 2047   79  5750.0     5.8    10.3    0.86     4.1     0.1
    9 2047   80  2040.0     7.4     9.5    1.00     5.5     3.4
    9 2047   81  6110.0     6.3     9.2    0.89     5.6     2.4
    9 2047   82  5550.0     6.3    11.0    0.93     4.5     4.1
    9 2047   83  3490.0     7.0    12.4    0.94     4.6     0.0
    9 2047   84 13700.0     6.1    18.0    0.85     3.7     0.2
    9 2047   85  8390.0     8.9    15.0    1.08     4.4     6.4
    9 2047   86 15350.0     5.5    13.3    0.83     2.8     0.0
    9 2047   87 14080.0     2.2    13.2    0.67     1.7     0.0
    9 2047   88 16640.0     4.7    17.0    0.73     4.5     0.0
    9 2047   89  7210.0    10.1    17.1    1.14     3.2     1.5
    9 2047   90 15760.0     9.7    20.3    1.12     2.5     0.0
    9 2047   91 16660.0     8.8    21.3    0.94     4.5     0.0
    9 2047   92 16870.0     8.4    23.7    0.92     3.4     0.0
    9 2047   93  6850.0     8.0    18.8    1.03     2.5     8.1
    9 2047   94  4160.0     9.9    14.0    1.21     3.6     0.0
    9 2047   95  3910.0     9.5    17.4    1.16     4.3     0.3
    9 2047   96  4170.0    12.7    16.5    1.42     6.0     2.0
    9 2047   97 12140.0    10.6    14.1    1.21     5.5     0.7
    9 2047   98  5340.0     5.9    11.8    0.87     4.0     0.0
    9 2047   99  4750.0     5.9    16.2    0.90     3.5     0.5
    9 2047  100  4460.0    10.5    14.4    1.24     4.8     2.9
    9 2047  101 13890.0     9.5    13.4    1.06     5.7     0.0
    9 2047  102  7510.0     7.3    13.1    0.96     6.2     8.1
    9 2047  103 14060.0     2.9    11.4    0.69     5.7    13.5
    9 2047  104 15450.0     3.6    10.5    0.72     3.1     4.9
    9 2047  105 10050.0     2.3     9.9    0.67     3.5     0.4
    9 2047  106 19680.0     3.2    13.7    0.70     3.2     0.0
    9 2047  107  9470.0     3.5    13.6    0.73     2.5    18.5
    9 2047  108  9260.0     3.7    12.0    0.72     3.1     2.0
    9 2047  109 20770.0     1.6    13.4    0.61     1.9     0.0
    9 2047  110 16136.2     2.5    16.9    0.63     5.9     0.6
    9 2047  111 17110.0    11.3    19.9    1.22     5.1     7.7
    9 2047  112  9130.0    10.3    16.6    1.18     5.5     5.7
    9 2047  113 16200.0     7.4    19.4    0.94     2.8     0.0
    9 2047  114 14680.0    12.5    18.3    1.30     3.7     0.0
    9 2047  115 17520.0     8.6    19.8    1.00     2.9     0.0
    9 2047  116 20470.0    11.4    21.2    1.24     5.6     0.0
    9 2047  117 19690.0    11.0    20.6    1.16     6.7     0.0
    9 2047  118 24190.0    10.4    19.9    1.15     4.9     0.0
    9 2047  119 24220.0     6.8    17.7    0.86     5.0     0.0
    9 2047  120 23340.0     4.7    19.0    0.74     2.8     0.0
    9 2047  121 18470.0     9.8    17.6    1.08     3.1     0.0
    9 2047  122 22600.0     6.0    19.2    0.81     3.3     0.0
    9 2047  123 23130.0     8.1    20.4    0.92     4.1     0.0
    9 2047  124 19130.0     8.7    20.8    0.89     7.4     0.0
    9 2047  125  9930.0    11.1    19.4    1.12     7.1     7.8
    9 2047  126  2610.0    11.8    14.5    1.37     3.9    12.3
    9 2047  127 18240.0    13.2    22.7    1.42     3.2    11.5
    9 2047  128 20970.6    14.8    19.5    1.45     5.5     1.1
    9 2047  129 20120.0    13.4    22.3    1.38     3.6     0.0
    9 2047  130 10450.0    12.7    20.6    1.36     3.3     2.7
    9 2047  131 16810.0    12.1    20.4    1.30     4.0     0.6
    9 2047  132 16800.0    13.1    19.5    1.36     4.6     0.0
    9 2047  133 15550.0    11.1    18.6    1.19     4.4     0.0
    9 2047  134 19310.0    10.9    19.0    1.21     4.3     6.8
    9 2047  135 22800.0     8.6    16.3    0.98     4.4     0.0
    9 2047  136 19760.0     4.8    16.4    0.76     2.8     0.0
    9 2047  137 26470.0     9.8    19.8    0.97     6.8     0.0
    9 2047  138 28450.0    11.0    23.7    0.99     8.0     0.0
    9 2047  139 23720.0    11.5    24.5    1.12     3.0     0.0
    9 2047  140 20970.6    12.8    22.9    1.27     2.8     1.3
    9 2047  141 23880.0    12.9    23.0    1.32     4.2     0.2
    9 2047  142 20970.6    11.5    17.4    1.17     4.9     1.3
    9 2047  143 13020.0    12.3    20.7    1.29     5.4     0.0
    9 2047  144  7250.0    13.8    19.3    1.44     5.0     0.0
    9 2047  145 24960.0     7.8    19.4    0.91     3.8     0.0
    9 2047  146 26380.0     7.2    22.0    0.88     3.2     0.0
    9 2047  147 28180.0     8.3    28.6    0.89     2.8     0.0
    9 2047  148 20390.0    14.3    24.3    1.42     4.1     0.0
    9 2047  149 26230.0    11.9    30.3    1.20     2.5     3.3
    9 2047  150 11030.0    13.4    21.0    1.46     5.0     3.2
    9 2047  151 21760.0    10.7    19.0    1.16     2.8     0.0
    9 2047  152 22750.0     9.9    22.6    1.10     3.0     0.0
    9 2047  153 15290.0    12.3    27.5    1.30     4.2     7.1
    9 2047  154 23069.8    15.2    22.9    1.51     5.9     0.6
    9 2047  155 23069.8    14.0    19.6    1.40     6.0     2.2
    9 2047  156 14830.0    11.7    18.4    1.27     4.5     6.2
    9 2047  157 18700.0    10.0    18.9    1.13     5.8     7.4
    9 2047  158 15640.0    10.1    21.5    1.15     3.7     5.1
    9 2047  159 23069.8    12.1    18.7    1.23     4.8     0.0
    9 2047  160 25700.0    11.3    20.0    1.17     4.7     0.0
    9 2047  161 22570.0    11.8    20.6    1.24     3.7     0.0
    9 2047  162 23069.8    12.4    19.2    1.26     3.0     0.0
    9 2047  163 12860.0    11.2    20.3    1.22     1.8     0.0
    9 2047  164 17660.0    10.8    23.8    1.18     3.7     0.0
    9 2047  165 28210.0    13.7    24.7    1.39     4.0     0.0
    9 2047  166 27480.0    12.9    24.3    1.32     2.9     0.0
    9 2047  167 29650.0    12.5    26.7    1.27     2.4     0.0
    9 2047  168 21460.0    13.4    26.1    1.37     4.4     0.0
    9 2047  169 23610.0     8.7    19.7    0.98     3.5     0.0
    9 2047  170 29550.0     7.8    25.2    0.87     2.5     0.0
    9 2047  171  8160.0    13.5    19.3    1.43     5.3     6.3
    9 2047  172 23069.8    11.4    18.0    1.18     3.5     1.6
    9 2047  173 23069.8     9.2    19.7    1.02     2.5     1.4
    9 2047  174 14680.0     8.1    19.8    0.96     1.8     0.1
    9 2047  175 27680.0    10.3    20.6    1.08     2.3     0.0
    9 2047  176 30380.0     7.5    21.0    0.89     3.0     0.0
    9 2047  177 30480.0     9.1    25.7    0.96     2.9     0.0
    9 2047  178 14440.0    14.3    26.1    1.48     4.0     7.1
    9 2047  179 23069.8    14.2    20.8    1.42     5.4     0.9
    9 2047  180  9380.0    16.6    24.6    1.78     5.4     6.6
    9 2047  181 23069.8    13.0    23.0    1.31     3.1     0.9
    9 2047  182 21330.6    12.7    19.6    1.31     4.1     0.3
    9 2047  183 11180.0    16.2    24.8    1.71     2.8     0.0
    9 2047  184 22450.0    15.4    30.1    1.53     4.4     0.2
    9 2047  185 15890.0    15.1    26.0    1.56     2.5     8.2
    9 2047  186  4970.0    17.7    22.1    1.96     2.1     0.0
    9 2047  187 22450.0    14.3    23.9    1.52     2.1     0.0
    9 2047  188 22770.0    13.3    25.7    1.41     2.7     0.0
    9 2047  189 22750.0    16.7    24.8    1.71     3.3     0.0
    9 2047  190 27840.0    14.1    27.4    1.42     3.4     0.0
    9 2047  191 28210.0    15.3    28.7    1.53     4.2     0.0
    9 2047  192 28770.0    19.9    30.5    2.01     4.5     0.0
    9 2047  193 26820.0    19.9    31.4    2.06     3.9     0.0
    9 2047  194 16870.0    19.2    26.7    2.08     3.1     0.0
    9 2047  195 21330.6    16.1    22.5    1.64     4.4     1.7
    9 2047  196 22860.0    13.8    23.3    1.39     3.8     0.0
    9 2047  197 25310.0    12.6    24.9    1.26     3.4     0.0
    9 2047  198 17690.0    15.0    26.2    1.56     3.2     0.0
    9 2047  199 24590.0    14.2    31.8    1.43     2.1     0.0
    9 2047  200 19010.0    18.5    31.9    1.88     3.1     0.0
    9 2047  201 14650.0    18.9    27.8    1.92     5.3     0.1
    9 2047  202 21330.6    16.6    22.0    1.69     5.6     2.0
    9 2047  203  5770.0    14.4    18.7    1.51     5.5     9.9
    9 2047  204 13960.0    15.1    21.1    1.50     4.6     0.1
    9 2047  205 26690.0    16.0    27.7    1.63     2.9     0.0
    9 2047  206 18910.0    16.9    28.6    1.74     3.5     0.0
    9 2047  207 19360.0    11.9    23.3    1.21     3.9     0.0
    9 2047  208 25990.0    10.3    23.4    1.06     4.6     0.0
    9 2047  209 27630.0    12.7    27.9    1.26     4.7     0.0
    9 2047  210 27310.0    14.4    30.8    1.34     3.6     0.0
    9 2047  211 26260.0    15.3    33.1    1.40     3.3     0.0
    9 2047  212 21330.6    16.5    34.0    1.68     2.5     0.0
    9 2047  213 25180.0    16.0    35.3    1.44     2.6     0.0
    9 2047  214 25590.0    16.7    35.6    1.46     3.1     0.0
    9 2047  215 15910.0    17.2    34.5    1.57     2.9     0.0
    9 2047  216 20310.0    19.2    33.1    1.92     2.2     0.0
    9 2047  217 17994.1    18.3    27.9    1.87     3.4     0.8
    9 2047  218 22040.0    16.6    31.1    1.63     2.7     0.0
    9 2047  219  2940.0    19.2    22.0    2.13     2.2     9.4
    9 2047  220 17994.1    19.5    25.1    2.02     1.7     0.0
    9 2047  221 16270.0    16.9    27.5    1.75     3.1     0.0
    9 2047  222  9090.0    17.5    23.6    1.86     3.0     0.0
    9 2047  223 14420.0    12.5    22.2    1.22     3.4     0.0
    9 2047  224 14240.0    12.7    22.6    1.30     1.3     0.0
    9 2047  225 12970.0    12.2    22.9    1.25     2.2     0.2
    9 2047  226  9510.0    15.7    22.3    1.66     4.4     6.6
    9 2047  227 17994.1    14.3    22.9    1.45     4.6     0.5
    9 2047  228 14380.0    11.2    22.5    1.20     2.3     0.1
    9 2047  229 17994.1    11.4    21.7    1.20     2.9     0.4
    9 2047  230 17994.1    14.7    24.8    1.49     5.1     2.3
    9 2047  231 11600.0    15.5    20.7    1.67     6.1    16.8
    9 2047  232  7820.0    14.6    20.6    1.55     5.2    25.8
    9 2047  233 15490.0    11.6    21.1    1.20     2.9     0.0
    9 2047  234 12030.0    13.5    21.2    1.34     1.6     0.0
    9 2047  235 19710.0    11.9    22.9    1.20     3.1     0.0
    9 2047  236 17740.0    11.7    25.0    1.19     4.0     0.0
    9 2047  237 13740.0    19.5    30.7    1.94     3.5     0.0
    9 2047  238 17994.1    17.9    27.7    1.83     4.1     5.3
    9 2047  239 13400.0    16.0    24.0    1.67     3.0     0.0
    9 2047  240 18770.0    12.9    24.8    1.35     1.8     0.0
    9 2047  241 18050.0    12.3    26.3    1.28     1.2     0.0
    9 2047  242 14340.0    13.9    24.7    1.43     3.0     0.0
    9 2047  243 17994.1    12.7    23.4    1.31     3.2     0.0
    9 2047  244  3610.0    17.5    23.0    1.91     1.2     0.0
    9 2047  245 16260.0    15.3    28.3    1.58     1.6     0.0
    9 2047  246 20300.0    12.9    29.6    1.26     3.6     0.0
    9 2047  247 14020.0    15.2    29.4    1.54     2.8     0.0
    9 2047  248 18420.0    14.1    31.1    1.38     2.5     0.0
    9 2047  249 15580.0    14.8    29.0    1.51     2.2     0.0
    9 2047  250  9560.0    16.8    27.0    1.78     3.6     0.0
    9 2047  251 13870.0    17.1    28.6    1.75     3.1     0.0
    9 2047  252 13400.0    17.2    27.7    1.79     3.2     0.0
    9 2047  253 13270.0    18.4    28.5    1.94     3.0     0.0
    9 2047  254 17040.0    18.2    34.6    1.72     3.1     0.0
    9 2047  255 15510.0    17.1    32.1    1.72     2.3     0.0
    9 2047  256 14060.0    16.8    28.1    1.81     3.0     0.0
    9 2047  257  5760.0    20.6    24.6    2.27     2.6     0.2
    9 2047  258  5820.0    16.6    25.4    1.82     2.0    20.5
    9 2047  259 12100.0    14.9    23.1    1.51     4.6     0.0
    9 2047  260 12505.6    14.8    21.3    1.54     3.1     0.9
    9 2047  261 16000.0    12.5    23.8    1.33     3.4     0.0
    9 2047  262 10980.0    15.0    26.7    1.55     4.0     0.0
    9 2047  263 12505.6    18.3    24.3    1.93     4.0     1.6
    9 2047  264 10350.0    16.1    22.7    1.67     4.9     0.0
    9 2047  265  6840.0    16.7    24.9    1.78     3.5     0.0
    9 2047  266 12505.6    19.9    25.4    2.13     5.2     1.5
    9 2047  267 10230.0    17.2    24.7    1.82     4.5     0.0
    9 2047  268 11970.0    16.1    23.2    1.70     4.3     0.0
    9 2047  269  9120.0    15.1    21.3    1.61     4.9    12.0
    9 2047  270  3670.0    14.9    19.1    1.62     6.4     3.3
    9 2047  271 12505.6    16.0    19.9    1.66     5.4     1.0
    9 2047  272  8430.0    16.8    22.4    1.80     6.2    14.6
    9 2047  273  5510.0    15.1    20.8    1.63     4.6     7.8
    9 2047  274  6770.0    14.5    17.9    1.48     7.1     2.8
    9 2047  275  3450.0    12.0    19.3    1.31     7.8     4.5
    9 2047  276  6530.0    11.0    15.6    1.24     5.8    15.2
    9 2047  277 11340.0    11.3    16.7    1.26     3.1     4.4
    9 2047  278  9700.0    10.3    16.8    1.15     3.2     2.2
    9 2047  279  4840.0     9.6    15.6    1.12     2.3     0.4
    9 2047  280  4830.0     8.8    16.4    1.06     4.3     1.4
    9 2047  281  2100.0    12.4    17.2    1.41     4.0     2.6
    9 2047  282  3610.0    15.4    18.8    1.68     3.9     0.5
    9 2047  283  5090.0    16.8    20.3    1.82     4.3     0.5
    9 2047  284  8230.0    10.5    18.7    1.16     3.4     1.6
    9 2047  285 10670.0     7.0    17.6    0.92     2.0     0.0
    9 2047  286 10200.0     7.1    17.0    0.94     1.6     0.0
    9 2047  287  6560.0     7.1    17.9    0.95     2.0     0.0
    9 2047  288  3160.0     7.9    16.4    1.01     1.8     0.0
    9 2047  289 10660.0     4.5    16.0    0.78     3.2     0.0
    9 2047  290 10710.0     3.4    13.4    0.72     4.5     0.0
    9 2047  291 10370.0     3.7    12.5    0.74     5.0     0.0
    9 2047  292  9970.0     4.4    12.7    0.75     5.8     0.0
    9 2047  293  9590.0     4.2    12.0    0.71     6.8     0.0
    9 2047  294  2860.0     3.7     9.9    0.72     6.1     1.5
    9 2047  295  1870.0     9.9    15.0    1.15     3.7     0.5
    9 2047  296  6790.0    13.0    20.0    1.41     5.0     0.8
    9 2047  297  3430.0    12.0    17.0    1.31     6.3     0.7
    9 2047  298  4640.0    12.4    17.9    1.36     6.0     0.4
    9 2047  299  4380.0    13.3    17.3    1.46     4.3     0.0
    9 2047  300  5870.0    12.4    18.1    1.37     4.3     0.0
    9 2047  301  3490.0    11.4    17.1    1.29     3.4     0.0
    9 2047  302  6100.0    11.8    17.6    1.34     2.2     0.0
    9 2047  303  5280.0    12.4    20.4    1.33     4.7     1.6
    9 2047  304  6550.0    12.1    17.3    1.30     6.2     0.0
    9 2047  305  3150.0    10.5    19.2    1.17     7.2     0.7
    9 2047  306  3320.0     7.0    17.4    0.94     3.9     0.1
    9 2047  307  6180.0     6.6    15.7    0.92     3.2     0.0
    9 2047  308  5080.0     5.4    15.0    0.83     2.7     0.0
    9 2047  309  4670.0     5.3    13.5    0.82     6.8     0.4
    9 2047  310   760.0     9.4    13.0    1.12     8.8    27.3
    9 2047  311  5150.0    10.1    15.1    1.17     4.1     5.4
    9 2047  312  2020.0     9.1    13.6    1.13     2.1     1.5
    9 2047  313  3310.0    10.5    14.2    1.20     4.0     4.3
    9 2047  314  6130.0     9.0    13.4    1.05     5.9     0.0
    9 2047  315  5850.0     3.3    12.1    0.74     4.2     0.0
    9 2047  316  5850.0     2.4    10.1    0.70     2.6     0.0
    9 2047  317  2790.0    -0.1    11.9    0.60     1.9     0.8
    9 2047  318  2700.0     3.1    13.0    0.71     3.8     0.1
    9 2047  319  5870.0     0.7     9.5    0.59     1.4     0.0
    9 2047  320  2600.0     0.3     5.5    0.59     3.8     0.5
    9 2047  321  2400.0     3.8     8.6    0.76     3.8     3.8
    9 2047  322  1800.0     3.3     7.2    0.73     3.8     6.8
    9 2047  323  4100.0     3.5     7.5    0.74     5.0     1.8
    9 2047  324  2310.0     3.0     6.5    0.71     4.4     0.7
    9 2047  325  2980.0     3.0     6.9    0.72     2.2     0.2
    9 2047  326   920.0     4.9    11.0    0.82     4.2     0.0
    9 2047  327  2870.0     6.5    12.5    0.93     2.2     0.0
    9 2047  328   700.0     8.2    12.3    1.06     4.7     0.0
    9 2047  329   400.0    10.1    11.9    1.20     6.1     4.6
    9 2047  330  2170.0     7.3    12.7    0.96     6.7     0.0
    9 2047  331  3312.5     7.1    12.5    0.97     5.1     0.0
    9 2047  332  2090.0     8.8    13.9    1.04     7.7     0.0
    9 2047  333   850.0     9.1    11.6    1.09     4.0     0.7
    9 2047  334  2340.0     8.8    13.8    1.06     6.5     0.0
    9 2047  335  2980.0     9.3    13.5    1.04     7.3     0.0
    9 2047  336  3190.0     7.6    10.6    0.92     7.0     2.5
    9 2047  337   210.0     7.1    11.9    0.90    10.6     8.8
    9 2047  338  2870.0     3.7     8.8    0.71     5.0     2.8
    9 2047  339  3770.0     1.9     9.2    0.64     3.4     0.1
    9 2047  340   290.0     4.7    13.1    0.81     8.8     3.3
    9 2047  341  1230.0     8.5    12.9    1.04     7.6    19.2
    9 2047  342  1740.0     6.5    11.9    0.90     7.9     2.5
    9 2047  343  2830.0     7.5    11.2    0.95     8.4     0.7
    9 2047  344  2690.0     5.6    10.7    0.87     5.2     4.2
    9 2047  345   300.0     6.0    13.7    0.89     8.5    14.2
    9 2047  346   570.0     7.0    12.2    0.95     6.0     9.5
    9 2047  347  2120.0     4.7     9.2    0.80     5.7    10.8
    9 2047  348  1920.0     3.7     6.8    0.76     4.2     2.4
    9 2047  349  2330.0     0.5     5.0    0.61     2.8     2.5
    9 2047  350  1500.0    -0.9     6.0    0.56     3.0     0.2
    9 2047  351   300.0     5.6    10.3    0.86     7.6     7.1
    9 2047  352  2420.0     2.5     7.5    0.65     2.8     0.0
    9 2047  353  3240.0     2.8     6.1    0.70     3.5     1.5
    9 2047  354  2530.0     2.7     6.3    0.70     2.7     0.6
    9 2047  355  1320.0     1.7     4.3    0.67     3.7     0.0
    9 2047  356  2320.0     1.1     4.9    0.59     7.0     1.8
    9 2047  357  2800.0     3.7    10.4    0.76     7.0     3.1
    9 2047  358   200.0     6.0    11.6    0.89    10.9    14.6
    9 2047  359  2690.0     6.0    12.6    0.83    10.2     5.0
    9 2047  360  1640.0     4.9     9.3    0.82     5.0    17.6
    9 2047  361  2190.0     2.0     9.0    0.68     2.8     1.6
    9 2047  362  2040.0     1.8     7.1    0.68     1.7     0.3
    9 2047  363  1590.0     2.5     7.5    0.70     3.3    10.2
    9 2047  364  2180.0     3.3     6.3    0.75     4.0     1.1
    9 2047  365   430.0     5.1     6.9    0.86     2.7     0.0
