*---------------------------------------------------------------------------*
* Station name: Londrina Embrapa-soja Brazil
* Year: 2000
* Author: Glaciela Kaschuk        -99.000: NIL VALUE
* Source: Embrapa soja, Claudinei Toledo
* Comments: Vapour pressure calculated from minimum UR% and temperature
* Longitude: 51 11 W, latitude: 23 11 S, altitude: 630. m
*
* Column  Daily value
* 1       station number
* 2       year
* 3       day
* 4       irradiation                   (kJ m-2 d-1)
* 5       minimum temperature           (degrees Celsius)
* 6       maximum temperature           (degrees Celsius)
* 7       early morning vapour pressure (kPa)
* 8       mean wind speed (height: 2 m) (m s-1)
* 9       precipitation                 (mm d-1)
*---------------------------------------------------------------------------*
  51.11  23.11   630. 0.00 0.00
       1    2000       1   13610   20.57   28.69    1.59    2.36    6.10
       1    2000       2   18390   18.77   28.76    1.17    2.92    5.10
       1    2000       3   20000   17.56   28.31    1.06    2.12    0.80
       1    2000       4   16930   18.27   27.86    1.24    2.08    0.00
       1    2000       5   21440   19.46   31.22    0.82    1.61    0.00
       1    2000       6   18970   19.57   30.75    1.16    1.41    0.00
       1    2000       7   16230   18.72   29.88    1.16    2.04   23.80
       1    2000       8   19360   17.71   27.57    1.25    1.93    0.00
       1    2000       9   24740   19.62   31.28    0.91    2.42    0.00
       1    2000      10   20870   20.20   31.03    1.11    1.86   12.40
       1    2000      11   16180   19.50   30.77    1.26    1.41   15.20
       1    2000      12   21380   20.12   29.36    1.38    1.93    0.00
       1    2000      13   19740   20.53   31.16    1.38    1.63    0.00
       1    2000      14   14260   19.91   29.60    1.54    1.98   15.10
       1    2000      15   23770   19.83   30.74    1.27    1.99    1.10
       1    2000      16   26730   22.14   33.06    1.15    1.84    0.00
       1    2000      17   15980   23.46   30.95    1.61    1.25    2.60
       1    2000      18   20050   22.29   31.96    1.53    1.88    4.40
       1    2000      19   15730   22.26   30.21    1.91    1.62    0.00
       1    2000      20   14900   18.60   25.44    1.67    2.42    3.10
       1    2000      21   28820   18.20   30.86    1.00    1.74    0.00
       1    2000      22   26350   19.96   31.83    0.92    1.71    0.00
       1    2000      23   28190   22.19   32.50    0.98    1.50    0.00
       1    2000      24   23890   20.60   31.54    1.17    2.19    0.00
       1    2000      25   24410   20.55   32.51    1.09    2.00    0.00
       1    2000      26   21930   19.36   30.51    1.30    2.36    1.40
       1    2000      27   24060   17.74   26.95    1.19    2.84    0.00
       1    2000      28   28820   15.72   28.27    0.70    2.67    0.00
       1    2000      29   28650   15.46   28.92    0.59    2.41    0.00
       1    2000      30   23770   16.82   29.26    0.73    1.96    0.00
       1    2000      31    5397   18.68   25.39    1.52    2.35   28.40
       1    2000      32   19050   20.61   29.22    1.53    3.59    6.20
       1    2000      33   26810   19.43   30.60    1.26    2.68    0.00
       1    2000      34   12260   21.91   27.66    1.90    2.00    0.00
       1    2000      35   17380   21.20   27.18    1.78    3.69    2.20
       1    2000      36   28360   19.60   29.30    0.88    2.49    0.00
       1    2000      37   22180   19.31   29.83    1.17    1.65    0.00
       1    2000      38   27320   18.70   29.30    1.06    2.48    0.00
       1    2000      39   26530   17.36   28.76    1.10    2.50    0.00
       1    2000      40   15370   19.11   28.81    1.43    1.81    0.10
       1    2000      41   14760   20.56   27.50    1.77    1.58    0.30
       1    2000      42   16890   20.37   28.95    1.64    1.99   18.30
       1    2000      43   12060   19.04   25.75    1.86    2.24   10.30
       1    2000      44    2925   20.10   22.30    2.37    2.38   19.90
       1    2000      45   12480   19.70   26.71    1.78    1.68   20.90
       1    2000      46   15220   19.73   28.10    1.71    1.80   10.40
       1    2000      47   12150   17.35   26.81    1.50    2.16   32.00
       1    2000      48    8480   16.94   20.00    1.67    2.62   11.30
       1    2000      49   26770   15.37   26.28    0.91    2.84    0.00
       1    2000      50   26420   14.83   28.26    1.03    2.67    0.00
       1    2000      51   25190   16.12   28.96    1.17    2.49    0.00
       1    2000      52   25330   18.30   29.65    1.28    2.72   13.30
       1    2000      53   17420   18.67   27.29    1.56    2.09   21.50
       1    2000      54   21940   19.96   29.97    1.31    1.43    0.00
       1    2000      55   19890   21.12   31.59    1.36    1.33    1.40
       1    2000      56   22070   20.48   30.80    1.26    1.67    0.00
       1    2000      57   24830   21.14   31.29    1.33    1.65    0.00
       1    2000      58   19680   20.53   29.74    1.65    1.97    0.00
       1    2000      59   21450   21.56   29.53    1.47    1.94    0.00
       1    2000      60   17890   21.57   30.05    1.60    1.72    0.00
       1    2000      61   16130   20.47   28.83    1.67    2.21    8.20
       1    2000      62   16750   20.24   28.58    1.65    1.84    1.40
       1    2000      63   21220   19.94   30.15    1.40    2.46    0.70
       1    2000      64   12230   20.63   27.76    1.70    1.55    7.10
       1    2000      65   13380   21.27   29.40    1.69    1.64   13.60
       1    2000      66   20560   20.45   29.93    1.44    1.62    7.40
       1    2000      67   11760   19.04   28.33    1.48    1.61    7.70
       1    2000      68   24270   17.19   26.41    1.14    2.73    0.00
       1    2000      69   24630   14.51   26.56    0.87    2.50    0.00
       1    2000      70   20290   16.14   26.83    1.16    2.22    0.00
       1    2000      71   21060   16.92   28.07    1.07    1.96    0.10
       1    2000      72   16770   18.49   26.72    1.37    1.71    0.00
       1    2000      73   23790   16.25   28.35    0.86    1.86    0.00
       1    2000      74    7020   18.29   22.67    1.43    1.75    0.20
       1    2000      75   12020   17.62   25.86    1.30    2.21    0.00
       1    2000      76   14040   19.65   29.33    1.41    1.69    1.70
       1    2000      77   15590   20.18   29.08    1.44    2.03   14.50
       1    2000      78   12510   21.02   30.13    1.42    1.44    0.00
       1    2000      79   13400   18.34   25.31    1.48    2.80    0.10
       1    2000      80   21010   16.77   27.54    1.15    2.99    0.00
       1    2000      81   17790   17.22   27.26    1.24    2.07    0.00
       1    2000      82   11920   18.94   27.40    1.57    2.47    6.10
       1    2000      83   13840   18.65   28.29    1.47    2.17    0.40
       1    2000      84   16460   19.37   31.38    1.19    2.12    3.50
       1    2000      85   22190   18.28   29.52    1.14    1.64    0.20
       1    2000      86   21430   17.52   29.01    1.12    2.27    0.00
       1    2000      87   18370   19.39   29.85    1.18    2.51    0.00
       1    2000      88   15740   17.33   28.32    1.09    1.83    2.30
       1    2000      89   12950   18.21   25.60    1.35    2.45    0.00
       1    2000      90   19210   16.68   27.48    1.16    2.70    0.00
       1    2000      91   18970   17.38   29.89    1.03    1.94    0.00
       1    2000      92   17570   19.59   30.38    1.13    1.65    0.00
       1    2000      93   17150   19.26   28.26    1.21    2.79    0.00
       1    2000      94   20100   16.61   26.98    1.06    3.28    0.00
       1    2000      95   19980   15.92   27.60    0.98    3.04    0.00
       1    2000      96   20070   15.33   27.94    0.84    2.28    0.00
       1    2000      97   20590   17.37   29.03    0.81    2.23    0.00
       1    2000      98   20040   16.81   30.45    0.75    1.92    0.00
       1    2000      99   20080   19.33   31.70    0.69    1.51    0.00
       1    2000     100   20560   19.74   31.44    0.70    1.39    0.00
       1    2000     101   19610   17.78   31.62    0.59    1.56    0.00
       1    2000     102   19980   19.99   31.50    0.55    1.88    0.00
       1    2000     103   17480   20.25   31.01    0.65    2.36    0.00
       1    2000     104   17220   21.08   31.26    0.89    2.64    0.00
       1    2000     105   12890   20.36   30.62    0.87    1.16    0.00
       1    2000     106   17500   17.99   30.84    0.75    1.58    0.00
       1    2000     107   17480   18.51   29.71    0.86    2.02    0.00
       1    2000     108   14730   17.98   27.84    0.81    2.39    0.00
       1    2000     109    4077   17.85   21.57    1.46    1.96   12.50
       1    2000     110   11520   15.21   22.57    1.12    3.33    0.00
       1    2000     111   19730   10.97   22.25    0.73    2.97    0.00
       1    2000     112   19940   11.43   23.74    0.59    2.25    0.00
       1    2000     113   19650   12.89   24.87    0.62    1.33    0.00
       1    2000     114   19410   13.72   26.05    0.62    1.56    0.00
       1    2000     115   19540   14.67   27.06    0.63    1.37    0.00
       1    2000     116   18970   15.62   28.26    0.62    1.48    0.00
       1    2000     117   13330   15.74   26.87    0.84    1.67    0.00
       1    2000     118   17920   16.88   28.45    0.81    1.78    0.00
       1    2000     119   17900   17.08   28.32    0.71    1.41    0.00
       1    2000     120   14290   18.30   27.95    0.80    1.40    0.00
       1    2000     121   16970   16.35   29.16    0.68    1.54    0.00
       1    2000     122    9150   18.90   27.38    1.06    1.57    1.00
       1    2000     123   15760   19.25   30.27    0.99    2.15    0.00
       1    2000     124   14370   19.03   29.42    1.11    1.77    0.00
       1    2000     125   13690   19.07   28.84    1.20    1.87    0.00
       1    2000     126   15300   19.62   30.18    1.11    2.31    0.60
       1    2000     127   14700   12.05   22.41    0.48    3.21    0.00
       1    2000     128   16990   10.48   23.98    0.42    1.42    0.00
       1    2000     129    8860   15.14   24.04    0.76    1.47    0.00
       1    2000     130   17240   13.83   25.88    0.67    1.64    0.00
       1    2000     131   16470   12.50   23.92    0.63    1.44    0.00
       1    2000     132   17070   11.82   21.88    0.50    3.03    0.00
       1    2000     133   17040   11.52   24.40    0.61    2.34    0.00
       1    2000     134   16550   12.85   25.52    0.68    1.98    0.00
       1    2000     135   16440   14.05   26.71    0.72    1.71    0.00
       1    2000     136   14310   16.80   26.51    0.94    1.47    0.00
       1    2000     137    8930   16.84   28.37    0.98    3.13    8.00
       1    2000     138   17460   11.56   20.65    0.66    4.26    0.00
       1    2000     139    7320   11.65   18.28    0.86    2.65    0.00
       1    2000     140   13780   10.56   20.29    0.67    1.41    0.00
       1    2000     141   11440   11.24   20.16    0.84    1.71    0.00
       1    2000     142   15590   11.00   21.79    0.61    2.07    0.00
       1    2000     143   16900   10.87   22.68    0.56    1.87    0.00
       1    2000     144   15880   11.97   24.16    0.67    1.38    0.00
       1    2000     145   15440   12.65   25.12    0.77    1.61    0.00
       1    2000     146   15420   13.97   27.14    0.64    2.22    0.00
       1    2000     147    4978   14.28   21.01    0.89    1.97    9.90
       1    2000     148    9640   14.08   22.03    0.89    1.34    0.00
       1    2000     149   17050   10.66   24.04    0.20    1.79    0.00
       1    2000     150   17010    8.00   21.17    0.31    1.32    0.00
       1    2000     151    3622   11.13   17.09    0.51    1.48    4.30
       1    2000     152    7310   11.37   18.53    1.04    1.84    0.00
       1    2000     153   13870   13.13   22.23    0.50    1.67    0.00
       1    2000     154   11850    9.60   20.97    0.70    1.92    0.00
       1    2000     155   10150   12.67   21.85    0.80    2.50    0.00
       1    2000     156    4160   14.21   18.06    1.31    2.40   21.70
       1    2000     157   12080   14.10   24.90    1.01    2.02    0.00
       1    2000     158   14960   16.15   25.48    0.93    1.46    0.00
       1    2000     159   13920   15.81   24.89    0.88    1.19    0.00
       1    2000     160   13700   16.23   26.25    0.79    1.10    0.00
       1    2000     161   13570   17.76   26.26    0.95    1.20    0.00
       1    2000     162   14040   16.01   25.39    0.97    1.73    0.00
       1    2000     163   13430   16.31   26.63    0.66    1.28    0.00
       1    2000     164    8550   17.85   24.26    1.02    0.98    0.00
       1    2000     165   14400   16.13   27.65    0.64    1.49    0.00
       1    2000     166   14520   15.51   27.57    0.71    1.54    0.00
       1    2000     167   14310   16.11   27.68    0.81    1.66    0.00
       1    2000     168   12960   17.73   28.16    0.87    1.48    0.00
       1    2000     169   12630   16.92   25.83    0.98    2.19    2.10
       1    2000     170    5455   16.80   21.46    1.51    1.85    5.90
       1    2000     171   12870   13.38   18.79    1.28    3.17    0.10
       1    2000     172    3144   11.02   15.51    1.17    2.18   14.00
       1    2000     173   15170   10.26   19.13    0.62    1.80    0.00
       1    2000     174   16000    8.33   19.83    0.43    1.43    0.00
       1    2000     175   15070    9.18   23.33    0.38    1.85    0.00
       1    2000     176   14610   13.43   28.10    0.55    2.02    0.00
       1    2000     177   11960   18.90   27.26    1.16    1.74    0.90
       1    2000     178    8600   18.30   24.73    1.43    1.71    0.40
       1    2000     179   12530   16.05   24.94    1.20    1.75   15.90
       1    2000     180   14230   15.54   27.83    0.54    1.93    0.00
       1    2000     181   12790   17.64   27.61    0.85    2.02    0.00
       1    2000     182   12130   12.90   22.90    0.95    3.13   16.90
       1    2000     183   11230   15.37   22.96    1.25    2.07    0.00
       1    2000     184   13900   16.48   27.92    0.89    2.33    0.00
       1    2000     185   11570   15.06   23.83    1.04    2.23    0.00
       1    2000     186   13000   11.42   21.73    0.81    2.82    0.00
       1    2000     187   14840   11.91   23.13    0.84    1.74    0.00
       1    2000     188   14830   14.12   24.57    0.66    1.78    0.00
       1    2000     189   14210   14.96   25.90    0.72    1.54    0.00
       1    2000     190   13600   16.72   27.33    0.77    1.44    0.00
       1    2000     191   12700   17.50   28.17    0.80    1.75    0.00
       1    2000     192   10120   18.45   27.17    0.98    2.48    0.60
       1    2000     193    6588    8.68   19.72    0.85    3.41    0.00
       1    2000     194   13240    3.35   13.18    0.33    3.20    0.00
       1    2000     195   16890    0.48   16.62    0.10    2.05    0.00
       1    2000     196   16440    3.18   19.66    0.21    1.80    0.00
       1    2000     197    3024   10.43   16.07    0.67    2.30   22.60
       1    2000     198   16840    4.10   13.00    0.26    4.01    0.00
       1    2000     199   16900   -0.25   14.65    0.12    1.44    0.00
       1    2000     200   13480    5.21   16.92    0.22    1.22    0.00
       1    2000     201    4304    7.22   14.65    0.34    2.64    0.00
       1    2000     202   16420    2.31   16.67    0.15    1.63    0.00
       1    2000     203   12090    5.17   19.49    0.27    1.53    0.50
       1    2000     204    3421   12.96   16.49    0.79    2.15   30.90
       1    2000     205   10390    6.41   15.08    0.53    3.82    7.80
       1    2000     206   17540    2.63   16.21    0.29    1.52    0.00
       1    2000     207   16130    6.39   20.76    0.29    1.37    0.00
       1    2000     208   17400    9.09   22.00    0.35    1.30    0.00
       1    2000     209   17370    7.28   22.12    0.44    2.39    0.00
       1    2000     210   16550    7.26   23.93    0.45    1.86    0.00
       1    2000     211   16650   11.90   25.51    0.49    1.31    0.00
       1    2000     212   12250   14.06   24.88    0.62    1.28    0.00
       1    2000     213    6622   14.19   19.46    1.02    1.90    0.00
       1    2000     214    8560   12.70   20.33    0.96    1.50    0.20
       1    2000     215    8280   14.69   23.21    0.77    1.49    0.00
       1    2000     216    3864   15.23   19.39    1.40    2.12    0.00
       1    2000     217    9990    8.89   19.87    0.66    2.71    0.20
       1    2000     218   15730    5.13   20.54    0.42    2.82    0.00
       1    2000     219    6637   11.72   19.61    0.87    1.63    0.00
       1    2000     220   16390   13.76   27.71    0.62    1.30    0.00
       1    2000     221   16710   17.91   30.09    0.66    1.41    0.00
       1    2000     222   11860   17.45   29.50    0.61    2.50    2.90
       1    2000     223    2851   16.30   19.10    1.48    1.01    1.60
       1    2000     224   13800   12.73   22.39    0.80    1.56    0.00
       1    2000     225   16070    8.77   17.54    0.45    3.40    0.00
       1    2000     226   16560    8.50   21.87    0.39    2.81    0.00
       1    2000     227   16770   10.12   27.03    0.45    2.03    0.00
       1    2000     228   10800   16.06   27.70    0.85    1.74   21.00
       1    2000     229   11420   15.16   24.13    1.24    2.14    0.10
       1    2000     230    6271   12.54   20.37    1.08    2.34   16.70
       1    2000     231   17840   13.33   24.75    0.79    1.62    0.20
       1    2000     232   19660   11.23   23.63    0.60    2.19    0.00
       1    2000     233   19100   13.21   28.35    0.44    1.58    0.00
       1    2000     234   18620   17.11   30.50    0.43    1.47    0.00
       1    2000     235   18860   18.13   29.92    0.45    1.28    0.00
       1    2000     236   18150   18.04   30.62    0.44    1.31    0.00
       1    2000     237   17950   19.18   31.31    0.55    1.30    0.00
       1    2000     238   18330   18.69   33.43    0.46    2.16    0.00
       1    2000     239   13430   19.18   32.04    0.69    4.07    0.00
       1    2000     240     966   16.07   19.57    1.63    2.14   47.40
       1    2000     241    3971   13.90   18.14    0.90    2.84    6.70
       1    2000     242   16570   12.31   22.00    0.71    1.65    0.00
       1    2000     243   20200   11.60   24.37    0.61    2.20    0.00
       1    2000     244    2324   13.55   17.87    1.19    1.81   16.60
       1    2000     245    3225   15.89   18.72    1.75    1.38   10.10
       1    2000     246    2072   12.94   16.96    1.55    2.23   31.30
       1    2000     247   10400   12.77   19.29    1.15    2.42    0.30
       1    2000     248   16540   10.86   18.67    0.84    3.36    0.00
       1    2000     249   20040    9.19   23.14    0.64    1.85    0.00
       1    2000     250   17740   12.30   23.72    0.69    2.38    0.00
       1    2000     251   19680   11.59   25.10    0.61    2.55    0.00
       1    2000     252    3399   13.63   18.39    1.25    2.27    7.80
       1    2000     253   13780   14.98   24.95    1.13    1.89    0.00
       1    2000     254   18300   18.10   29.42    1.08    2.34    0.00
       1    2000     255   18380   20.22   32.46    1.00    2.78    0.20
       1    2000     256     832   15.95   25.50    1.25    3.02   52.70
       1    2000     257    3685   16.88   20.57    1.91    1.84    7.70
       1    2000     258    2019   17.62   19.28    2.03    1.37   12.20
       1    2000     259   11150   17.64   24.92    1.48    1.88   12.30
       1    2000     260    8430   17.86   24.98    1.56    1.76    0.00
       1    2000     261   20660   13.94   26.27    0.95    3.16    0.00
       1    2000     262   20280   15.07   30.44    0.78    2.96    0.00
       1    2000     263   20302   20.96   32.13    0.97    2.18    0.00
       1    2000     264   20700   19.47   31.98    0.77    2.33    0.00
       1    2000     265   21220   19.45   32.53    0.59    1.90    0.00
       1    2000     266   17020   18.03   28.32    0.80    2.38    0.00
       1    2000     267   18020   14.92   29.50    0.74    2.40    0.00
       1    2000     268    5303   14.85   25.93    0.75    2.65    8.60
       1    2000     269   23040   10.94   22.06    0.46    2.88    0.00
       1    2000     270   22980    8.48   21.47    0.43    3.73    0.00
       1    2000     271   20860    9.73   24.21    0.65    3.00    0.00
       1    2000     272   19950   12.68   26.59    0.72    2.32    0.00
       1    2000     273   20650   16.91   28.62    0.86    2.21    0.00
       1    2000     274   21190   17.13   29.73    0.72    2.41    0.00
       1    2000     275   22530   17.60   30.09    0.66    1.56    0.00
       1    2000     276   21730   18.31   31.59    0.72    1.70    0.00
       1    2000     277   19450   20.19   33.36    0.74    2.04    0.00
       1    2000     278   15330   19.27   30.33    0.98    3.97    0.90
       1    2000     279    6632   17.60   24.61    1.33    2.19    2.20
       1    2000     280   24360   13.94   28.86    0.17    2.28    0.00
       1    2000     281   24060   15.81   30.66    0.23    1.67    0.00
       1    2000     282   23780   14.91   30.07    0.50    2.62    0.00
       1    2000     283   22270   15.54   32.92    0.60    2.49    0.00
       1    2000     284    5492   18.73   24.87    1.52    2.21   16.30
       1    2000     285   12770   18.14   26.20    1.34    1.59    0.10
       1    2000     286   22710   20.43   33.76    0.96    1.76    0.00
       1    2000     287   17990   19.78   31.15    1.09    2.16    0.40
       1    2000     288   17670   18.80   30.18    1.20    2.74    0.00
       1    2000     289   21230   17.96   30.81    1.04    3.50    0.00
       1    2000     290   22930   18.96   33.18    0.75    2.95    0.00
       1    2000     291   21910   19.89   34.37    0.67    2.62    0.00
       1    2000     292   15570   20.77   34.06    0.66    1.76    0.00
       1    2000     293   20080   21.24   35.01    0.60    2.28    0.00
       1    2000     294   21330   20.89   34.01    0.79    2.62    0.00
       1    2000     295   23570   20.04   35.17    0.44    2.17    0.00
       1    2000     296   23800   17.70   35.17    0.53    2.19    0.00
       1    2000     297   19930   21.21   34.28    0.89    3.28    0.00
       1    2000     298   18810   19.75   32.39    0.91    2.17    0.00
       1    2000     299    5785   20.04   23.00    1.95    1.70    9.30
       1    2000     300   21770   18.34   32.35    0.83    2.22    0.00
       1    2000     301    3583   17.97   25.16    1.54    2.62   29.40
       1    2000     302   23050   17.98   29.76    0.81    2.20    0.10
       1    2000     303   24270   16.06   26.46    0.88    3.42    0.00
       1    2000     304   26540   12.97   28.75    0.48    2.38    0.00
       1    2000     305   23320   15.97   30.14    0.75    2.49    0.00
       1    2000     306   25770   17.63   31.65    0.62    2.63    0.00
       1    2000     307   16510   17.90   31.46    0.89    3.19    0.90
       1    2000     308   23850   18.29   31.09    0.88    1.65    0.00
       1    2000     309   21550   18.24   31.17    0.87    1.90    0.00
       1    2000     310   19130   17.96   31.26    0.92    2.80    0.00
       1    2000     311   19570   18.15   28.95    1.02    2.43    0.00
       1    2000     312   18170   19.61   28.83    1.20    3.64    0.00
       1    2000     313   24490   16.99   29.93    0.88    2.84    0.00
       1    2000     314   23980   17.58   31.45    0.67    2.19    0.00
       1    2000     315   20990   20.32   31.13    1.02    2.34    0.00
       1    2000     316   19640   18.11   31.55    0.88    3.17    5.70
       1    2000     317    4969   18.60   22.85    2.01    2.06   46.70
       1    2000     318    8880   18.87   23.51    1.84    1.65    1.80
       1    2000     319   23240   19.68   29.83    0.69    2.04    0.00
       1    2000     320   18690   17.01   26.32    0.95    1.96    0.00
       1    2000     321   24540   14.66   28.46    0.76    2.06    0.00
       1    2000     322   25410   16.58   30.56    0.70    2.32    0.00
       1    2000     323   18660   17.15   27.07    1.22    2.72   12.00
       1    2000     324   24080   16.16   29.25    0.80    1.62    0.10
       1    2000     325   23320   18.57   31.29    0.72    2.32    0.60
       1    2000     326    8910   17.16   24.45    1.50    2.08   23.10
       1    2000     327   22010   16.68   28.64    1.08    1.81    0.00
       1    2000     328   24250   18.89   31.40    1.03    1.91    0.00
       1    2000     329   20220   19.47   31.41    1.08    2.21   16.30
       1    2000     330    7140   18.66   23.17    1.88    1.68   32.80
       1    2000     331   20820   17.14   26.48    1.21    2.43    0.00
       1    2000     332   25800   17.08   30.65    0.77    1.68    0.00
       1    2000     333   24640   20.59   32.51    1.01    1.89    0.00
       1    2000     334    9400   18.81   28.02    1.43    2.22   16.10
       1    2000     335   13380   18.52   26.85    1.47    1.94    0.40
       1    2000     336   17360   17.38   23.94    1.40    3.14    0.20
       1    2000     337   11560   14.56   23.36    1.13    1.81    0.50
       1    2000     338   21830   17.95   31.01    0.94    1.92    0.30
       1    2000     339    8440   18.82   24.20    1.79    1.87    4.10
       1    2000     340   24370   17.64   28.24    1.02    3.09    0.00
       1    2000     341   26480   17.44   29.23    0.67    2.07    0.00
       1    2000     342   28560   17.53   29.46    0.56    2.29    0.00
       1    2000     343   27410   17.42   31.90    0.58    1.63    0.00
       1    2000     344   22160   20.64   33.09    0.83    1.95    0.00
       1    2000     345   22900   21.36   33.12    0.88    1.84    0.00
       1    2000     346   26510   19.58   31.90    0.93    2.47    0.00
       1    2000     347   24370   22.16   33.88    1.03    1.63    0.00
       1    2000     348   13640   20.21   30.49    1.43    2.54    5.60
       1    2000     349   12520   20.27   28.54    1.62    2.06    2.70
       1    2000     350   11860   20.90   26.62    2.07    2.15   34.60
       1    2000     351   19860   18.63   30.19    1.11    3.09    5.30
       1    2000     352   20030   16.30   24.78    1.12    3.62    0.00
       1    2000     353   25860   13.31   26.14    0.81    2.33    0.00
       1    2000     354   20160   16.00   27.81    0.85    1.85    0.00
       1    2000     355   22760   18.87   30.62    0.86    1.83    0.00
       1    2000     356   21730   19.98   30.96    0.90    1.96    5.10
       1    2000     357   18470   20.69   31.40    1.32    2.65    5.30
       1    2000     358   19400   19.16   29.92    1.41    1.39    7.40
       1    2000     359   10400   20.68   27.08    1.75    1.77    6.10
       1    2000     360   20090   20.42   30.84    1.37    1.69    2.20
       1    2000     361   24440   21.10   31.76    1.30    2.04    6.40
       1    2000     362   25750   20.25   30.77    1.35    2.38   18.50
       1    2000     363   16130   20.04   26.98    1.61    2.58   11.00
       1    2000     364   21350   20.55   30.28    1.42    1.89   11.90
       1    2000     365   13040   21.13   26.43    1.90    1.83    1.80
       1    2000     366   18110   20.30   28.67    1.58    1.39    0.00