*---------------------------------------------------------------------------*
* Station name: Londrina Embrapa-soja Brazil
* Year: 2006
* Author: Glaciela Kaschuk        -99.000: NIL VALUE
* Source: Embrapa soja, Claudinei Toledo
* Comments: Vapour pressure calculated from minimum UR% and temperature
* Longitude: 51 11 W, latitude: 23 11 S, altitude: 630. m
*
* Column  Daily value
* 1       station number
* 2       year
* 3       day
* 4       irradiation                   (kJ m-2 d-1)
* 5       minimum temperature           (degrees Celsius)
* 6       maximum temperature           (degrees Celsius)
* 7       early morning vapour pressure (kPa)
* 8       mean wind speed (height: 2 m) (m s-1)
* 9       precipitation                 (mm d-1)
*---------------------------------------------------------------------------*
  51.11  23.11   630. 0.00 0.00
       1    2006       1    4962   20.44   23.79    2.22    2.28    23.9
       1    2006       2   16820   19.99    28.8    1.67    1.95     1.3
       1    2006       3   19090   20.41   29.13    1.64    1.51     0.1
       1    2006       4   12030   20.93   27.06    1.98    1.90     0.4
       1    2006       5   16350   19.58   26.97    1.74    2.52     5.7
       1    2006       6   19830    19.2   28.32    1.47    2.02       0
       1    2006       7   18790      20   29.36    1.61    2.18       0
       1    2006       8   23080    20.3    30.8    1.47    2.36       0
       1    2006       9   19110   19.94   29.89    1.59    1.26       0
       1    2006      10   20990    21.1   31.15    1.40    2.05       0
       1    2006      11   24510   20.69   30.77    1.43    2.50       0
       1    2006      12   22620   19.63   29.95    1.37    2.44       0
       1    2006      13   24250   21.15   31.36    1.11    1.77       0
       1    2006      14   25170   21.05    32.4    1.14    1.65       0
       1    2006      15   23890    21.6   32.95    1.17    1.75       0
       1    2006      16   24470   22.65   35.02    1.01    1.51       0
       1    2006      17   23350   22.45   34.82    1.08    1.79       0
       1    2006      18   25130   20.45   31.45    1.00    3.64       0
       1    2006      19   19670   19.87   29.76    1.47    3.23     3.5
       1    2006      20   20840   18.98   30.28    1.24    2.15     0.3
       1    2006      21   16840    20.5   32.75    1.19    2.22     6.1
       1    2006      22   17460   20.19   31.58    1.22    1.99     1.4
       1    2006      23   11820   21.43   25.92    2.11    2.41     2.2
       1    2006      24   18980   21.22   32.85    1.25    1.71       0
       1    2006      25   20800   21.05   32.98    1.07    2.80       0
       1    2006      26   14610    20.9   29.19    1.52    1.70       0
       1    2006      27  107100   19.89   28.55    1.88    2.18     2.8
       1    2006      28  336600   19.91   23.17    2.45    1.72    10.2
       1    2006      29   36210   17.11   26.33    1.64    2.13       0
       1    2006      30  171800   18.32   29.09    1.37    1.41       0
       1    2006      31   94200   18.58    30.8    1.34    1.69       0
       1    2006      32   11810   16.99   32.52    0.82    2.25       0
       1    2006      33  142600   17.58   32.25    0.98    1.91       0
       1    2006      34    8630   19.36   33.76    1.12    1.38       0
       1    2006      35   24360   21.78   33.52    1.07    1.60       0
       1    2006      36   21930   21.71    33.3    1.20    2.20       0
       1    2006      37   12730   19.86   32.43    1.29    2.27      63
       1    2006      38   20630      20   29.87    1.69    2.14       0
       1    2006      39   12910   21.62   29.74    1.69    1.89     7.2
       1    2006      40   11380   20.75   26.75    2.16    1.85    43.5
       1    2006      41    6849   20.42   23.33    2.39    1.85    21.6
       1    2006      42   13020   17.86   24.51    1.72    3.43       0
       1    2006      43   14390   18.08   27.19    1.58    2.82       0
       1    2006      44   21190   18.84      29    1.39    1.67       0
       1    2006      45   22210   19.91   30.66    1.32    1.87       0
       1    2006      46   17040   20.37   29.71    1.61    3.15     5.2
       1    2006      47    9730   20.15   25.68    1.98    1.50     6.5
       1    2006      48   11700   19.78   27.04    1.84    1.82      51
       1    2006      49    9130   18.86   26.67    1.78    1.92      30
       1    2006      50   14930   18.52   27.24    1.65    2.13     8.4
       1    2006      51   21880   20.07   29.58    1.51    1.73    13.4
       1    2006      52   20370   18.89   29.48    1.55    1.78     5.1
       1    2006      53    6137   17.63   23.23    1.90    1.90    35.6
       1    2006      54   21910   17.73   29.66    0.99    2.46    14.3
       1    2006      55   10520   18.67   25.85    1.08    2.78       7
       1    2006      56   23130   17.16   26.57    0.98    3.70       0
       1    2006      57   25720   15.05   27.78    0.86    2.65       0
       1    2006      58   16450   19.63   29.24    1.15    1.75       0
       1    2006      59   19450   20.66   31.17    1.23    1.76     2.5
       1    2006      60   19250   20.26   31.57    1.48    1.94    17.2
       1    2006      61   21470    20.2   33.19    1.40    1.88     2.2
       1    2006      62   18560   21.24   33.55    1.38    1.80     0.6
       1    2006      63    9000   20.21   30.93    1.73    1.62    15.5
       1    2006      64   10050   20.84   27.49    2.04    1.97     0.2
       1    2006      65   21380   21.11   30.38    1.26    3.06       0
       1    2006      66   16540   20.73   30.25    1.23    1.74     4.4
       1    2006      67   20150   21.02   31.31    1.25    1.46       0
       1    2006      68   14900    20.2   31.55    1.45    1.95     0.1
       1    2006      69   20280   20.07   31.05    1.23    2.14       0
       1    2006      70   21240    17.6   28.56    1.19    4.99       0
       1    2006      71   21510   17.13   29.23    1.17    4.32       0
       1    2006      72   21210   16.79   30.21    0.98    3.29       0
       1    2006      73   21030   19.14   30.86    1.13    3.36       0
       1    2006      74   22760   18.75   31.37    1.04    2.74       0
       1    2006      75   20940   19.19   30.79    1.18    2.78       0
       1    2006      76   12390   21.94   28.92    1.80    2.71     2.3
       1    2006      77   17110   20.98   29.96    1.64    1.88       0
       1    2006      78   18450   20.63   31.23    1.41    1.76     1.5
       1    2006      79   16160   20.71   30.47    1.51    1.79     1.9
       1    2006      80   12630   20.65   28.84    1.63    1.73    17.6
       1    2006      81   18300    20.4   31.01    1.38    2.55       0
       1    2006      82   12580   20.55   29.47    1.58    2.21     0.1
       1    2006      83   14420   20.56   29.56    1.59    2.25    37.4
       1    2006      84   11670    20.6    27.6    1.66    1.72     7.1
       1    2006      85   14680   19.67   26.77    1.66    4.83     5.5
       1    2006      86   15020   19.42   27.31    1.57    4.13       0
       1    2006      87   16610   19.29   29.67    1.42    2.69       0
       1    2006      88   11650   19.13   26.95    1.65    2.45    14.8
       1    2006      89   19700   18.58   27.88    1.33    2.67       0
       1    2006      90   20110   16.97   28.36    1.04    4.17       0
       1    2006      91   20240   16.37   29.03    1.11    3.53       0
       1    2006      92   18280   16.42   28.61    1.12    3.71       0
       1    2006      93   19030   17.72   28.65    1.15    4.76       0
       1    2006      94   18090   16.67   27.78    1.00    4.67       0
       1    2006      95    9280   17.73   24.64    1.41    2.73     1.1
       1    2006      96    5178   19.16   21.67    2.18    1.87     4.2
       1    2006      97    5432   19.29   23.34    2.06    2.48       0
       1    2006      98   10000   18.57   27.08    1.69    1.84       0
       1    2006      99    8230    16.3   26.58    1.48    2.30    31.8
       1    2006     100   10630   14.93   24.42    1.22    1.81     0.3
       1    2006     101   17600    17.1    26.3    1.13    2.20       0
       1    2006     102   18030    17.9   27.98    1.04    2.10       0
       1    2006     103   17900   17.19   29.16    0.96    1.64       0
       1    2006     104   18430   16.99   30.01    0.99    1.63       0
       1    2006     105    4862   19.27   22.96    1.82    1.65     2.6
       1    2006     106   10480   19.25   26.35    1.54    2.33     4.8
       1    2006     107   13720   15.54   24.34    1.23    3.85       0
       1    2006     108   18670   12.42   23.89    0.80    4.02       0
       1    2006     109   18840   12.89   24.66    0.74    4.03       0
       1    2006     110   17560   13.13   25.67    0.85    3.03       0
       1    2006     111   16160      15   27.65    0.88    2.86       0
       1    2006     112   15980   18.96   28.09    1.34    2.83       0
       1    2006     113   18830   17.49   30.04    0.66    1.95       0
       1    2006     114   16260   19.72   29.64    1.09    1.39       0
       1    2006     115   17490   17.48   29.11    0.90    1.91       0
       1    2006     116   14670   17.77   30.27    0.90    2.15       0
       1    2006     117   17400   15.64   27.66    0.69    2.30       0
       1    2006     118   16630   14.39   25.89    0.91    2.60       0
       1    2006     119   17250   13.68   26.06    0.83    2.23       0
       1    2006     120   16360   16.76   27.98    0.87    1.39       0
       1    2006     121   14200   16.64    27.5    0.93    2.91       0
       1    2006     122   17920   10.65   23.29    0.26    3.36       0
       1    2006     123   18420    8.19   21.86    0.33    2.92       0
       1    2006     124   17410    9.97    22.6    0.49    2.07       0
       1    2006     125   17600   11.02   23.11    0.54    1.92       0
       1    2006     126   16750   11.31    22.8    0.64    2.71       0
       1    2006     127   10030   12.95    21.3    0.92    3.01       0
       1    2006     128   15960   12.28    23.7    0.65    2.40       0
       1    2006     129   13770   11.82      23    0.65    2.27       0
       1    2006     130   15040   12.43   23.13    0.66    2.26       0
       1    2006     131   16490   11.28   22.87    0.65    2.70       0
       1    2006     132   15680   12.95    23.7    0.65    1.59       0
       1    2006     133   15330   10.65   22.77    0.58    1.66       0
       1    2006     134   16260   10.41   22.54    0.60    2.53       0
       1    2006     135   16380   10.44   22.29    0.63    2.86       0
       1    2006     136   16180   10.91   22.83    0.64    3.23       0
       1    2006     137   15900   10.47   23.77    0.59    1.95       0
       1    2006     138   15380   12.17   25.52    0.53    1.58       0
       1    2006     139   12380   14.53   25.73    0.57    1.89     0.1
       1    2006     140    4591   14.93    19.3    1.23    1.90     5.9
       1    2006     141    4691   15.08   20.14    1.57    1.23     0.1
       1    2006     142    3151   15.48   17.55    1.79    2.53    10.3
       1    2006     143    9430   13.15   19.23    1.26    3.90     0.1
       1    2006     144   13030   10.99   21.23    0.92    4.09       0
       1    2006     145   14590   10.33   22.64    0.81    2.59       0
       1    2006     146   13510    11.1   23.13    0.92    2.02       0
       1    2006     147   14390   14.66   27.03    0.72    1.42       0
       1    2006     148   14100   16.99    27.7    0.86    1.40       0
       1    2006     149   14470   15.58   25.72    0.81    1.48       0
       1    2006     150   14060    15.6   26.81    0.74    1.30       0
       1    2006     151   12710   18.04   27.85    1.03    1.89       0
       1    2006     152   13830   16.14    25.7    1.16    2.21       0
       1    2006     153   14090   12.12   23.44    0.76    4.86       0
       1    2006     154   12690   10.63   23.44    0.76    3.43       0
       1    2006     155    6672    13.7   22.13    1.09    1.77     0.4
       1    2006     156    6415   15.97    21.3    1.60    1.50       3
       1    2006     157   10510   14.73   23.82    1.17    2.29     0.1
       1    2006     158   12670   14.99   25.66    0.93    1.86       0
       1    2006     159   11910   15.49   25.97    0.76    2.22       0
       1    2006     160   10910   14.97   24.64    0.76    1.62       0
       1    2006     161   11840   14.55   25.98    0.69    1.60       0
       1    2006     162    9430   16.47    25.9    1.10    2.46       0
       1    2006     163   11190   13.69   23.88    1.00    2.80       0
       1    2006     164   11830   12.22   25.33    0.75    2.93       0
       1    2006     165   12110   14.86    26.3    0.76    1.39       0
       1    2006     166   11800   17.28   25.41    0.85    1.11       0
       1    2006     167   12100   15.32   25.44    0.63    1.46       0
       1    2006     168   11260   11.35   22.81    0.78    2.46       0
       1    2006     169   11700   12.14   24.16    0.70    3.28       0
       1    2006     170   11450   12.48   24.71    0.80    2.51       0
       1    2006     171    9760   16.31   25.43    0.85    1.89       0
       1    2006     172   11060    15.9    27.1    0.79    2.17     0.6
       1    2006     173    6587   16.92   23.91    1.17    1.14       0
       1    2006     174   11930   15.79   26.63    0.72    1.73       0
       1    2006     175   11900   14.11   25.86    0.87    2.49       0
       1    2006     176    5726   15.74   22.29    1.26    1.53     1.3
       1    2006     177    8210   10.31   20.97    0.72    4.56    13.3
       1    2006     178   14160   6.591   16.94    0.53    2.45       0
       1    2006     179   13950   6.953    18.7    0.52    4.48       0
       1    2006     180    5640    8.18   15.72    0.87    3.16     0.1
       1    2006     181    9150    9.87   21.49    0.68    2.05       0
       1    2006     182    5847   14.57   20.27    1.23    2.38     1.5
       1    2006     183    9850    13.8    22.9    1.11    1.67       1
       1    2006     184   12820   13.21   23.14    0.92    1.74       0
       1    2006     185   13020   12.32    24.2    0.83    1.51       0
       1    2006     186   13110   14.85   25.21    0.75    1.23       0
       1    2006     187   13210   13.12   24.75    0.60    1.41       0
       1    2006     188   12490   13.31   25.58    0.82    1.71       0
       1    2006     189   12460   15.61      28    0.80    1.72       0
       1    2006     190    8760   18.34   28.91    1.20    3.02     8.5
       1    2006     191   12020   17.35   26.31    1.33    1.95     5.4
       1    2006     192   11680   15.35   24.88    1.26    3.32       0
       1    2006     193   13860   15.35   27.03    0.70    2.47       0
       1    2006     194   14210   14.88   26.46    0.71    1.55       0
       1    2006     195   14010    15.4   26.78    0.85    1.24       0
       1    2006     196   13820   15.31   25.19    0.84    2.16       0
       1    2006     197   14180   12.42   23.07    0.75    2.53       0
       1    2006     198   14590   12.38   24.58    0.58    1.86       0
       1    2006     199   14560   12.87   24.33    0.61    1.67       0
       1    2006     200   14650   15.23   25.83    0.60    2.03       0
       1    2006     201   15020   15.15   25.48    0.59    1.41       0
       1    2006     202   14680   13.97   27.94    0.52    1.36       0
       1    2006     203   14740    15.8   28.79    0.62    1.66       0
       1    2006     204   13830   17.42   28.58    0.71    1.39       0
       1    2006     205   13690    17.7   29.66    0.63    1.74       0
       1    2006     206   14550   17.72   30.16    0.51    1.83       0
       1    2006     207   14890   17.64   30.13    0.53    1.82       0
       1    2006     208   13370   19.13   30.39    0.75    1.95       0
       1    2006     209   11710   18.57   29.58    0.93    2.71     3.9
       1    2006     210    8110   13.16   21.58    0.72    3.91    10.2
       1    2006     211    3177    9.32   13.83    0.72    2.32     0.2
       1    2006     212    9580   10.65   15.86    0.99    2.57     0.3
       1    2006     213   12870   10.34   20.97    0.83    1.59       0
       1    2006     214    9390   13.04   20.95    1.10    2.48       0
       1    2006     215   15140   10.87   23.64    0.82    2.39       0
       1    2006     216   15510   13.57   27.27    0.78    1.74       0
       1    2006     217   15270   16.48   29.87    0.68    1.76       0
       1    2006     218   15790    17.4   31.25    0.58    1.55       0
       1    2006     219   16190   17.97   30.59    0.58    1.87       0
       1    2006     220   16220   17.95   30.12    0.66    1.86       0
       1    2006     221   16200   16.88   30.04    0.61    2.35       0
       1    2006     222   14140   19.35    29.3    0.79    1.61       0
       1    2006     223   14500   16.53   29.45    0.71    2.01       0
       1    2006     224   14510   17.88   31.26    0.67    1.68       0
       1    2006     225   17050    19.4   31.72    0.68    1.59       0
       1    2006     226   16400   17.93   32.53    0.60    2.19       0
       1    2006     227   13920   20.51   32.55    0.70    1.58       0
       1    2006     228   11640   18.76    31.1    0.80    2.90     2.6
       1    2006     229   10360      16   25.31    1.13    2.63       0
       1    2006     230   11330   15.19   23.69    1.18    3.16       0
       1    2006     231   13530   14.72   26.08    0.81    2.54       0
       1    2006     232   18810   13.85    25.1    0.24    3.99       0
       1    2006     233   20730    7.67   21.98    0.17    3.03       0
       1    2006     234   20320   5.846   21.92    0.24    2.31       0
       1    2006     235   20120   10.62    25.7    0.24    1.42       0
       1    2006     236   20110   12.59    29.6    0.25    2.39       0
       1    2006     237   18700   14.99   31.45    0.40    2.44       0
       1    2006     238    8630   15.88   28.71    0.63    3.10      12
       1    2006     239   18080   12.87   22.08    0.88    3.00       0
       1    2006     240   16770    13.3   25.58    0.60    2.65       0
       1    2006     241   21660    9.43    22.3    0.35    4.30       0
       1    2006     242   20490    7.85   23.22    0.38    5.93       0
       1    2006     243   12320   12.64   25.48    0.83    3.56       0
       1    2006     244    5527   15.07   21.48    1.43    2.77    35.3
       1    2006     245   15820   12.93   23.34    1.06    5.13    28.1
       1    2006     246   20610    7.57   21.96    0.29    3.64       0
       1    2006     247   18530    7.29   18.02    0.30    5.05       0
       1    2006     248   23260    3.48   17.12    0.20    2.97       0
       1    2006     249   23270    3.44   20.67    0.27    4.78       0
       1    2006     250   20670    7.72   23.96    0.48    4.40       0
       1    2006     251   19760      12   28.37    0.66    3.08       0
       1    2006     252    5071   16.42   22.95    1.15    2.22       0
       1    2006     253   18700   15.67   27.29    0.92    1.61       0
       1    2006     254   19840   17.78    31.9    0.70    1.52       0
       1    2006     255   20250   21.14   33.45    0.69    1.52       0
       1    2006     256   21280    21.7    33.3    0.67    2.01       0
       1    2006     257   22840   21.09   34.21    0.55    1.96       0
       1    2006     258   13500    18.3   33.17    0.70    2.74     8.1
       1    2006     259    5679   15.23   20.52    1.64    3.55    22.3
       1    2006     260   15970   13.76   23.43    1.28    3.06       7
       1    2006     261   20500   15.53   26.29    1.09    3.12       0
       1    2006     262   18680    13.6   24.78    0.92    3.69       0
       1    2006     263    4101   14.99   18.86    1.38    3.35    13.2
       1    2006     264   18200   13.65   25.14    0.66    1.57       0
       1    2006     265   11880   14.97   24.34    1.04    1.90       0
       1    2006     266    4795   14.69   22.92    1.39    2.98    17.9
       1    2006     267   12770   14.14   21.39    1.26    2.06       0
       1    2006     268   22320   11.18   25.77    0.64    2.78       0
       1    2006     269   23040   11.35   25.44    0.60    5.81       0
       1    2006     270   21450    11.6   28.14    0.79    4.10       0
       1    2006     271   13870   16.12   27.46    1.08    2.54       0
       1    2006     272    8770   15.61   24.04    1.33    3.27     7.9
       1    2006     273   15370   15.19   24.74    1.15    5.38       0
       1    2006     274    8180   15.29   26.09    1.30    3.64    25.2
       1    2006     275   10770   16.68   24.83    1.55    1.92     0.1
       1    2006     276   17650   16.47   29.71    0.93    1.84       0
       1    2006     277   12760   17.37   29.04    1.25    2.50     2.9
       1    2006     278   10020      18   28.56    1.47    3.04    15.9
       1    2006     279   11650   17.41   25.94    1.38    1.88       0
       1    2006     280   14680   19.24   28.74    1.15    2.05       0
       1    2006     281   15330   17.47   28.23    1.22    2.48       0
       1    2006     282   19010   16.24    29.4    0.93    3.55       0
       1    2006     283   17420   16.39   30.07    0.96    2.98       0
       1    2006     284   12110   18.83   29.29    1.28    2.15     4.1
       1    2006     285   11830   18.77    27.5    1.58    2.05     3.8
       1    2006     286   14150   19.53   28.86    1.56    2.38     0.1
       1    2006     287   18450   17.98   29.39    1.31    3.25       0
       1    2006     288   17440   19.14   29.29    1.39    2.93     2.1
       1    2006     289   14080   19.36   28.71    1.56    2.93       0
       1    2006     290   17060   17.71   25.72    1.50    5.06       0
       1    2006     291   15920   16.28   26.19    1.31    4.93       0
       1    2006     292   13230   17.43   24.97    1.53    3.90       0
       1    2006     293   20830   15.59   28.63    0.95    4.39       0
       1    2006     294   23140    14.5   27.06    0.80    3.96       0
       1    2006     295   23420   13.35   28.28    0.59    3.02       0
       1    2006     296   20820   14.58   26.96    0.64    5.06       0
       1    2006     297   19390    15.7   28.26    1.05    3.99       0
       1    2006     298   21040    17.3    31.3    0.92    2.31       0
       1    2006     299   18530   21.67   31.78    0.95    2.53       0
       1    2006     300   21300   22.46   34.84    0.78    2.97     0.3
       1    2006     301   19600   20.71    33.2    0.96    1.97     2.7
       1    2006     302   24620   17.02   31.25    0.60    3.13       0
       1    2006     303    9890   20.01   27.72    0.90    1.55       0
       1    2006     304   16130   19.83   32.58    0.83    2.79       4
       1    2006     305    5153   19.22    23.6    1.84    1.90     7.6
       1    2006     306   10770   19.44   27.77    1.36    1.54    19.3
       1    2006     307   10130   19.44   29.19    1.18    1.79       0
       1    2006     308   11970   20.03   28.99    1.24    3.16     7.7
       1    2006     309   19340   18.12   29.52    1.09    4.79       0
       1    2006     310   15140   17.33   29.86    1.04    3.25     0.1
       1    2006     311   17750   17.88   28.95    0.85    3.19       0
       1    2006     312   23270   14.71   27.54    0.63    5.15       0
       1    2006     313   15470   12.87   25.79    0.47    4.65     0.2
       1    2006     314   14930   15.59   24.78    0.82    2.99       2
       1    2006     315   25610   11.29   25.96    0.21    4.34       0
       1    2006     316   22550   12.85   25.64    0.46    6.04       0
       1    2006     317   18250   14.45   26.47    0.59    7.00       0
       1    2006     318   22930   15.33   28.58    0.56    4.96       0
       1    2006     319   23150   16.57   30.72    0.48    3.10       0
       1    2006     320   19440   18.53   33.98    0.65    2.49       0
       1    2006     321   17400   22.12   34.25    0.86    2.57       0
       1    2006     322   12740   23.09   33.88    0.93    2.27       0
       1    2006     323   15050   20.12    31.3    1.05    3.30       0
       1    2006     324   14160   19.22   30.23    0.99    3.34       0
       1    2006     325   19650   17.69   29.27    0.90    3.59       0
       1    2006     326   21730   17.44   32.18    0.65    2.47       0
       1    2006     327   22820   20.39   33.75    0.68    3.79       0
       1    2006     328   23220    19.2   33.81    0.63    3.91    38.9
       1    2006     329   11140   19.52   28.17    1.48    2.35    18.2
       1    2006     330   15660   19.94   29.64    1.20    1.93    23.3
       1    2006     331   14840   20.77   28.97    1.33    1.92       0
       1    2006     332   12770   19.87   27.15    1.50    2.70    11.5
       1    2006     333   17840   21.23   29.34    1.38    2.17       1
       1    2006     334   24460   20.05   31.01    0.92    4.74       0
       1    2006     335   25560   17.57   29.76    0.75    5.69       0
       1    2006     336   25620   16.14   32.21    0.57    4.28       0
       1    2006     337   11150   19.08   27.42    1.41    3.14      15
       1    2006     338    6861   20.77   27.72    1.67    2.13    40.1
       1    2006     339   16850   20.55   27.63    1.70    1.67     4.7
       1    2006     340   20320   18.16   29.77    1.12    3.60    17.7
       1    2006     341   12240   18.13   25.63    1.38    1.46     0.3
       1    2006     342    7750   17.81   22.77    1.69    2.88     1.7
       1    2006     343    9930   19.11   25.84    1.56    2.83     0.2
       1    2006     344   22080   18.66   30.53    1.04    2.74     0.6
       1    2006     345   25360   17.96   29.73    0.95    4.88       0
       1    2006     346   25570   17.64   29.19    1.01    5.39       0
       1    2006     347   23370   17.14   30.39    0.92    4.20     0.2
       1    2006     348   17470   20.59   29.64    1.35    3.86     0.1
       1    2006     349   18110   22.39   31.73    1.39    2.19     0.2
       1    2006     350   22510   22.68   32.82    1.07    1.70       0
       1    2006     351   22740   22.22   32.97    0.91    1.66       0
       1    2006     352   20990   23.03   33.96    0.93    1.91       0
       1    2006     353   17160   19.93   31.54    1.25    2.23    16.4
       1    2006     354    9370   19.58   24.69    1.85    2.31    10.2
       1    2006     355    6344   19.17   22.85    2.10    2.03    38.2
       1    2006     356   11950   20.31    26.5    1.81    1.90     8.6
       1    2006     357   11610   19.74   26.14    1.81    1.92    25.4
       1    2006     358   17440   20.87   28.41    1.51    2.73     1.7
       1    2006     359   22690   20.59   31.22    1.18    3.25       0
       1    2006     360   16250   19.75   26.73    1.28    2.77     2.6
       1    2006     361   22990    20.5   30.78    1.15    1.27       0
       1    2006     362   20360   20.13   30.62    1.18    2.39       3
       1    2006     363   22360   20.12   29.31    1.18    4.02       0
       1    2006     364   21500   19.26   29.23    1.17    3.49       0
       1    2006     365   17950   20.32   28.34    1.37    3.03     0.8