*---------------------------------------------------------------------------*
* Station name: POLICORO
* Year: 1988
* Author: Vitale Nuzzo                                    NULL-VALUE = -99.0
* Source: C.N.R. - Servizio Idrografico
* Comments: from the original data file are changed:
*     - wind speed: average is calculated between daily
*                   and nightly wind distance in 12h and
*                   units are converted
*     - vapor pres.: vapor pressure is calculated from the
*                    original data of relative humidity and
*                    temperature
* Longitude: 16 25 E, Latitude: 40 07 N, altitude: 10 m
* A and B regression coefficents
*
* Column daily value
* 1      Station number             -
* 2      year                       -
* 3      day                        -
* 4      sunshine                  (h)
* 5      minimum temperature       (degrees Celsius)
* 6      maximum temperature       (degrees Celsius)
* 7      vapor pressure            (kPa)
* 8      average wind speed        (m s-1)
* 9      precipitation             (mm d-1)
*---------------------------------------------------------------------------*
  16.41  40.12    10. 0.18 0.47
-999 1988   1      1     1     1       4     1     1
  20 1988   1   0.00   8.6  10.8 -99.000   4.6   5.8
  20 1988   2   4.40   2.1  15.2 -99.000   1.5   0.0
  20 1988   3   3.20   2.5  14.8 -99.000   0.7   0.0
  20 1988   4   3.40   5.5  16.2 -99.000   2.5   0.0
-999 1988   5      1     1     1       4     4     1
  20 1988   5   6.30   2.2  17.0 -99.000 -99.0   0.0
-999 1988   6      1     1     1       4     1     1
  20 1988   6   6.00   2.5  17.0 -99.000   1.4   0.0
  20 1988   7   0.00   5.8  11.5 -99.000   1.3   0.0
  20 1988   8   0.00   7.5  12.6 -99.000   5.3   1.7
  20 1988   9   0.00   6.2   9.6 -99.000   6.7   5.9
  20 1988  10   3.30   2.2  11.5 -99.000   5.5   0.0
  20 1988  11   7.00   1.4  12.8 -99.000   1.8   0.0
  20 1988  12   5.50   1.8  13.2 -99.000   2.5   0.5
  20 1988  13   0.00   6.4   9.5 -99.000   1.9   0.0
  20 1988  14   0.00   4.5  13.2 -99.000   1.3   0.0
  20 1988  15   0.00   5.0  12.5 -99.000   1.3   0.0
  20 1988  16   7.00   5.3  16.5 -99.000   1.4   0.0
  20 1988  17   2.50   8.2  15.0 -99.000   1.3   0.0
  20 1988  18   0.50   8.5  13.8 -99.000   1.0   2.2
  20 1988  19   0.40   8.8  14.4 -99.000   1.3 106.3
  20 1988  20   0.00   4.6  11.8 -99.000   1.0   4.1
  20 1988  21   0.00   5.0  11.5 -99.000   0.9   0.7
  20 1988  22   2.50   3.5  12.8 -99.000   1.7   0.0
  20 1988  23   0.80   5.0  11.8 -99.000   3.1   1.7
  20 1988  24   4.20   0.0  11.8 -99.000   1.4   0.0
  20 1988  25   3.30   1.0  14.2 -99.000   1.9   0.0
  20 1988  26   1.50   6.5  18.6 -99.000   1.2   0.0
  20 1988  27   4.40   5.8  17.8 -99.000   1.2   0.0
  20 1988  28   0.50   6.6  14.2 -99.000   1.2   0.0
  20 1988  29   3.50   9.4  17.2 -99.000   2.3   0.0
  20 1988  30   3.20   7.0  17.5 -99.000   3.2   0.0
  20 1988  31   6.20   5.4  14.0 -99.000   5.9   0.0
  20 1988  32   8.40  -1.0  12.4 -99.000   4.3   0.0
  20 1988  33   2.30  -0.2  14.2 -99.000   1.4   0.0
  20 1988  34   7.10   5.2  16.8 -99.000   1.7   0.0
  20 1988  35   0.00   6.5  12.6 -99.000   1.1   2.2
  20 1988  36   4.30   5.5  18.2 -99.000   2.4   0.0
  20 1988  37   7.00   4.3  19.1 -99.000   0.8   0.0
  20 1988  38   7.20   4.5  17.4 -99.000   1.4   0.0
  20 1988  39   6.30   5.6  18.2 -99.000   2.2   0.0
  20 1988  40   1.40  -0.5  13.4 -99.000   3.1   0.0
  20 1988  41   8.40   0.5  15.8 -99.000   1.2   0.0
  20 1988  42   6.00   1.0  16.6 -99.000   1.2   0.5
  20 1988  43   1.40   1.5  15.5 -99.000   1.9  14.8
  20 1988  44   0.00   6.5  10.0 -99.000   3.7   0.0
-999 1988  45      1     1     1       4     4     1
  20 1988  45   7.50   0.8  12.8 -99.000 -99.0   0.0
-999 1988  46      1     1     1       4     1     1
  20 1988  46   8.10   5.2  14.2 -99.000   5.3   0.0
  20 1988  47   1.50   1.5  11.4 -99.000   3.4   0.0
-999 1988  48      1     1     1       4     4     1
  20 1988  48   8.60  -0.4  14.4 -99.000 -99.0   0.0
  20 1988  49   5.40   0.8  14.8 -99.000 -99.0   0.0
-999 1988  50      1     1     1       4     1     1
  20 1988  50   6.60   4.0  15.0 -99.000   2.0   0.0
  20 1988  51   8.30   3.4  12.6 -99.000   4.9   0.0
  20 1988  52   6.20   0.2  10.5 -99.000   5.2   0.0
  20 1988  53   9.30   0.2  11.8 -99.000   2.4   0.0
-999 1988  54      1     1     1       4     4     1
  20 1988  54   9.30   1.4  14.6 -99.000 -99.0   0.5
-999 1988  55      1     1     1       4     1     1
  20 1988  55   2.10   5.2  15.6 -99.000   2.3   2.4
  20 1988  56   4.00   3.5  12.5 -99.000   3.0   8.6
  20 1988  57   0.20   0.8   8.8 -99.000   3.0   0.9
  20 1988  58   3.40   0.3  11.3 -99.000   1.3   0.0
-999 1988  59      1     1     1       4     4     1
  20 1988  59   4.00   1.6  12.2 -99.000 -99.0   0.0
-999 1988  60      1     1     1       4     1     1
  20 1988  60   3.20   6.0  12.6 -99.000   1.9   0.8
  20 1988  61   3.30   2.0  10.4 -99.000   2.8   3.5
  20 1988  62   3.10   1.4  10.5 -99.000   2.3   0.0
-999 1988  63      1     1     1       4     4     1
  20 1988  63   8.40   0.0  11.0 -99.000 -99.0   0.0
-999 1988  64      1     1     1       4     1     1
  20 1988  64   9.30   0.8  14.2 -99.000   2.0   1.2
  20 1988  65   0.20   7.7  12.5 -99.000   0.9   4.9
  20 1988  66   0.00   8.5  12.5 -99.000   2.2  62.2
  20 1988  67   2.30   4.0  11.8 -99.000   4.4  15.2
  20 1988  68   0.00   2.8   8.2 -99.000   7.2   3.2
  20 1988  69   8.40   2.6   9.0 -99.000   7.1   0.0
  20 1988  70   2.20   1.8  10.4 -99.000   5.9   0.0
  20 1988  71   0.00   2.2  10.0 -99.000   3.2   0.0
  20 1988  72   9.40   3.8  15.2 -99.000   2.9   0.0
  20 1988  73   8.20   5.6  18.4 -99.000   2.2   0.0
  20 1988  74   8.30   4.8  19.8 -99.000   3.4   0.0
  20 1988  75   7.10   8.4  17.5 -99.000   1.8   0.0
  20 1988  76   7.00   9.2  20.0 -99.000   2.3   1.9
  20 1988  77   7.50   7.2  19.0 -99.000   4.0   0.0
  20 1988  78   4.40   7.8  17.5 -99.000   2.4   0.0
  20 1988  79   7.50   2.5  13.3 -99.000   5.4   0.0
  20 1988  80   6.50   2.4  15.0 -99.000   1.8   0.0
  20 1988  81   7.30   6.4  17.8 -99.000   2.0   0.0
  20 1988  82   0.00   9.0  15.4 -99.000   1.3   0.0
  20 1988  83   7.40   4.4  17.5 -99.000   2.5   0.0
  20 1988  84   7.30   4.5  18.8 -99.000   2.5   0.2
  20 1988  85   9.30   8.0  20.4 -99.000   3.0   0.0
  20 1988  86   8.20  10.5  23.3 -99.000   2.5   0.0
  20 1988  87   8.50   6.0  19.8 -99.000   5.6   0.2
  20 1988  88   9.30   5.5  16.6 -99.000   4.9   0.0
  20 1988  89   0.20   1.5  17.8 -99.000   2.4   0.0
  20 1988  90   4.20   2.5  16.8 -99.000   2.8   0.0
  20 1988  91   3.20   7.0  15.2 -99.000   1.9   6.0
  20 1988  92   5.50   2.6  15.4 -99.000   2.3   0.0
  20 1988  93   0.20   3.8  17.4 -99.000   2.2   0.0
  20 1988  94   0.00   7.6  14.7 -99.000   3.5   0.0
  20 1988  95   0.00  12.0  17.6 -99.000   1.8   0.0
  20 1988  96   5.30  12.2  20.2 -99.000   1.8   0.4
  20 1988  97   6.30   9.2  20.8 -99.000   1.1   0.0
  20 1988  98   8.30   8.2  19.6 -99.000   1.7   0.0
  20 1988  99   0.30   8.0  21.8 -99.000   2.4   0.0
  20 1988 100   0.40   7.5  20.2 -99.000   1.8   0.0
  20 1988 101   6.30   9.2  20.8 -99.000   1.9   0.0
  20 1988 102   0.40   8.5  21.8 -99.000   2.0   0.0
  20 1988 103   0.20  10.2  20.8 -99.000   1.9   0.0
  20 1988 104   4.30  10.6  21.4 -99.000   2.0   0.2
  20 1988 105   5.20   4.8  16.8 -99.000   6.6   0.0
  20 1988 106   1.00   4.0  15.2 -99.000   4.9   0.0
  20 1988 107   1.30   3.0  16.8 -99.000   3.2   0.0
  20 1988 108   9.10   2.2  15.2 -99.000   2.2   0.0
  20 1988 109   1.40   4.2  20.0 -99.000   1.9   0.0
  20 1988 110   1.30   6.2  23.6 -99.000   2.6   0.0
  20 1988 111   5.20   9.8  20.2 -99.000   1.9   0.0
  20 1988 112   8.10   6.6  20.2 -99.000   1.2   0.0
  20 1988 113   7.30   7.8  20.4 -99.000   1.8   0.0
  20 1988 114   0.20   7.6  21.7 -99.000   1.7   0.0
  20 1988 115   0.00   9.0  20.6 -99.000   0.7   0.0
  20 1988 116   8.40   7.8  20.8 -99.000   0.4   0.0
  20 1988 117   1.40   9.6  21.8 -99.000   2.5   0.0
  20 1988 118   6.10  10.4  22.8 -99.000   2.0   0.0
  20 1988 119   4.30  10.0  21.0 -99.000   2.8   5.8
  20 1988 120   3.10  10.4  19.4 -99.000   1.9   0.0
  20 1988 121   1.00  11.2  19.6 -99.000   1.9   4.8
  20 1988 122   2.20   9.4  18.6 -99.000   1.7   0.4
  20 1988 123   9.30  10.5  20.6 -99.000   2.4   0.0
  20 1988 124   1.40  12.0  21.0 -99.000   1.9   0.0
  20 1988 125   2.10  14.2  20.4 -99.000   2.4   0.0
  20 1988 126   0.00  13.8  20.2 -99.000   2.3   0.0
  20 1988 127   5.00  13.4  22.6 -99.000   1.4   0.0
  20 1988 128   9.20  15.4  26.5 -99.000   1.9   0.0
  20 1988 129   7.10  15.4  26.0 -99.000   1.6   0.0
  20 1988 130   5.50  14.0  22.4 -99.000   1.7   0.0
  20 1988 131   8.20  12.5  25.5 -99.000   1.8   0.0
  20 1988 132   9.60  15.0  24.0 -99.000   1.7   0.0
  20 1988 133   1.20  13.8  23.5 -99.000   1.3   0.0
  20 1988 134   0.00  15.0  21.2 -99.000   1.8   0.0
  20 1988 135   7.00  12.2  25.5 -99.000   1.7   0.0
  20 1988 136   6.10  12.5  24.6 -99.000   2.0   0.0
  20 1988 137   6.20  12.4  24.4 -99.000   1.7   0.0
  20 1988 138   8.10  11.6  25.2 -99.000   1.4   0.0
  20 1988 139   8.10  12.8  24.4 -99.000   1.9   0.2
  20 1988 140   8.40  15.0  25.8 -99.000   2.4   0.0
  20 1988 141   2.00  14.0  26.8 -99.000   2.5   0.0
  20 1988 142   1.30  12.3  25.9 -99.000   3.0   0.0
  20 1988 143   0.10  12.0  25.2 -99.000   2.2  17.4
  20 1988 144   9.40  11.6  23.2 -99.000   2.4   0.0
  20 1988 145   4.40  13.5  22.5 -99.000   2.8   0.0
  20 1988 146   9.20  13.0  25.4 -99.000   2.8   0.0
  20 1988 147   9.20  15.0  26.5 -99.000   2.2   8.7
  20 1988 148   6.40  12.8  25.6 -99.000   1.4   0.0
  20 1988 149   7.10  15.5  25.2 -99.000   2.4   0.0
  20 1988 150   7.50  12.5  25.0 -99.000   2.3   0.0
  20 1988 151   2.10  12.6  26.5 -99.000   2.0   0.0
  20 1988 152   0.50  16.5  27.4 -99.000   2.0   0.0
  20 1988 153   1.40  12.6  22.4 -99.000   1.8   3.2
  20 1988 154   2.00  14.0  26.2 -99.000   5.4   0.0
  20 1988 155   2.00  15.6  28.5 -99.000   2.8   0.0
  20 1988 156   8.10  17.8  27.5 -99.000   1.7   0.0
  20 1988 157   4.20  16.6  25.4 -99.000   1.2   0.0
  20 1988 158   9.10  13.2  25.8 -99.000   2.3   0.0
  20 1988 159   9.40  12.0  25.0 -99.000   1.9   0.0
  20 1988 160   2.30  14.2  24.0 -99.000   1.6   1.0
  20 1988 161   9.00  13.0  27.0 -99.000   2.0   0.0
  20 1988 162   1.10  17.4  30.2 -99.000   2.6   0.0
  20 1988 163   9.50  16.0  29.7 -99.000   1.7   0.0
  20 1988 164   0.30  17.8  30.0 -99.000   2.4   0.0
  20 1988 165   1.40  17.6  32.2 -99.000   2.5   0.0
  20 1988 166   8.50  17.5  28.5 -99.000   1.6   5.8
  20 1988 167   0.30  17.6  28.8 -99.000   1.9   0.0
  20 1988 168   1.20  20.4  29.2 -99.000   2.2   0.0
  20 1988 169   2.00  17.2  31.2 -99.000   2.6   0.0
-999 1988 170      1     1     1       4     4     1
  20 1988 170   7.30  18.2  28.0 -99.000 -99.0   0.0
  20 1988 171   8.30  17.5  30.2 -99.000 -99.0   0.0
-999 1988 172      1     1     1       4     1     1
  20 1988 172   7.30  16.5  28.8 -99.000   2.0   0.0
-999 1988 173      1     1     1       4     4     1
  20 1988 173   8.50  17.2  30.0 -99.000 -99.0   1.6
  20 1988 174   9.50  16.5  28.8 -99.000 -99.0   0.0
-999 1988 175      1     1     1       4     1     1
  20 1988 175   9.40  17.4  29.8 -99.000   1.7   0.0
  20 1988 176   2.50  17.0  29.0 -99.000   1.1   1.3
  20 1988 177   5.40  18.2  27.0 -99.000   1.3   0.0
  20 1988 178   6.10  15.8  28.5 -99.000   1.8   0.0
  20 1988 179   8.50  17.5  28.2 -99.000   1.4   0.0
  20 1988 180   0.30  18.8  29.4 -99.000   1.9   0.0
  20 1988 181   2.00  18.8  32.8 -99.000   2.9   0.0
  20 1988 182   1.50  18.8  31.8 -99.000   1.6   0.0
  20 1988 183   9.10  20.5  31.4 -99.000   2.2   0.0
  20 1988 184   0.30  20.8  33.9 -99.000   3.6   0.0
  20 1988 185   2.00  18.8  33.2 -99.000   2.0   0.0
  20 1988 186   1.50  18.0  33.0 -99.000   1.6   0.0
  20 1988 187   0.30  18.8  34.6 -99.000   1.0   0.0
  20 1988 188   8.50  24.5  38.2 -99.000   1.3   0.0
  20 1988 189   8.30  21.5  39.5 -99.000   1.0   0.0
  20 1988 190   7.20  21.8  37.6 -99.000   1.3   0.0
  20 1988 191   8.10  22.2  37.4 -99.000   1.7   0.0
  20 1988 192   2.00  21.2  34.8 -99.000   3.7   0.0
  20 1988 193   2.00  19.5  34.0 -99.000   3.0   0.0
  20 1988 194   2.10  19.6  34.0 -99.000   1.7   0.0
  20 1988 195   0.60  19.5  33.4 -99.000   1.3   0.0
  20 1988 196   2.00  20.8  33.0 -99.000   1.4   0.0
  20 1988 197   2.00  22.0  35.0 -99.000   3.1   0.0
  20 1988 198   0.00  20.2  32.6 -99.000   2.6   0.0
  20 1988 199   9.60  18.0  31.6 -99.000   1.8   0.0
  20 1988 200   1.50  19.0  33.2 -99.000   2.3   0.0
  20 1988 201   1.20  21.6  33.5 -99.000   1.6   0.0
  20 1988 202   1.00  21.0  34.0 -99.000   1.8   0.0
  20 1988 203   9.40  19.6  35.2 -99.000   1.8   0.0
  20 1988 204   2.10  20.5  35.5 -99.000   2.2   0.0
  20 1988 205   1.10  20.2  36.0 -99.000   1.7   0.0
  20 1988 206   1.50  20.8  34.4 -99.000   1.3   0.0
  20 1988 207   9.20  25.0  38.4 -99.000   3.6   0.0
  20 1988 208   0.20  20.8  36.6 -99.000   2.6   0.0
  20 1988 209   1.00  23.4  36.5 -99.000   1.8   0.0
  20 1988 210   0.30  24.2  37.5 -99.000   1.3   0.0
  20 1988 211   1.20  21.0  36.8 -99.000   1.2   0.0
  20 1988 212   9.40  22.0  37.8 -99.000   1.2   0.0
  20 1988 213   7.20  21.3  35.6 -99.000   2.6   0.0
  20 1988 214   0.60  21.5  35.2 -99.000   1.9   0.0
  20 1988 215   1.30  22.3  36.3 -99.000   1.3   0.0
  20 1988 216   0.30  18.6  36.7 -99.000   1.4   0.0
  20 1988 217   9.40  20.2  36.0 -99.000   1.6   0.0
  20 1988 218   1.50  22.0  34.2 -99.000   2.0   0.0
  20 1988 219   9.60  21.5  32.6 -99.000   5.3   0.0
  20 1988 220   9.40  18.8  33.4 -99.000   3.5   0.0
  20 1988 221   9.20  19.6  33.6 -99.000   1.6   0.0
  20 1988 222   8.10  21.0  33.6 -99.000   1.4   0.0
  20 1988 223   6.30  20.5  34.3 -99.000   1.6   0.0
  20 1988 224   9.50  19.1  34.2 -99.000   1.3   0.0
  20 1988 225   9.10  21.5  34.5 -99.000   1.1   0.0
  20 1988 226   8.30  21.4  35.6 -99.000   1.2   0.0
  20 1988 227   9.60  20.0  37.3 -99.000   1.4   0.0
-999 1988 228      1     1     1       4     4     1
  20 1988 228   0.30  21.0  36.7 -99.000 -99.0   0.0
  20 1988 229   8.30  21.3  35.3 -99.000 -99.0   0.0
  20 1988 230   8.20  35.6  25.1 -99.000 -99.0   0.0
  20 1988 231   6.40  20.4  34.5 -99.000 -99.0   0.0
  20 1988 232   6.30  19.7  33.2 -99.000 -99.0   0.1
  20 1988 233   6.50  19.2  32.5 -99.000 -99.0   0.0
  20 1988 234   0.30  19.3  33.0 -99.000 -99.0   0.0
-999 1988 235      1     1     1       4     1     1
  20 1988 235   4.10  19.2  32.1 -99.000   1.6   1.5
  20 1988 236   8.00  17.0  31.2 -99.000   2.5   3.4
  20 1988 237   8.50  17.4  29.8 -99.000   1.6   0.0
  20 1988 238   8.50  19.1  30.7 -99.000   2.6   0.0
  20 1988 239   1.00  17.8  31.7 -99.000   1.9   0.0
  20 1988 240   1.20  18.2  30.5 -99.000   1.7   0.0
  20 1988 241   1.00  18.3  31.8 -99.000   1.4   0.0
  20 1988 242   0.20  18.5  32.2 -99.000   1.2   0.0
  20 1988 243   9.00  18.0  33.2 -99.000   1.9   0.0
  20 1988 244   0.00  19.8  33.6 -99.000   1.9   0.0
  20 1988 245   6.10  20.4  31.2 -99.000   1.2   0.0
  20 1988 246   4.40  20.5  35.2 -99.000   1.8   0.0
  20 1988 247   1.30  18.6  33.4 -99.000   2.5   0.0
-999 1988 248      1     1     1       4     4     1
  20 1988 248   0.60  18.5  31.4 -99.000 -99.0   0.0
-999 1988 249      1     1     1       4     1     1
  20 1988 249   0.10  18.8  32.2 -99.000   1.6   0.0
  20 1988 250   5.30  19.8  31.0 -99.000   1.4   0.0
  20 1988 251   7.20  16.4  27.2 -99.000   4.7   0.0
  20 1988 252   8.40  15.5  25.5 -99.000   4.6   0.0
  20 1988 253   6.30  13.0  26.4 -99.000   2.3   0.0
  20 1988 254   0.40  14.5  28.0 -99.000   1.8   0.0
  20 1988 255   0.40  15.0  29.0 -99.000   0.1   0.0
  20 1988 256   9.10  16.4  29.5 -99.000   1.1   0.0
  20 1988 257   4.50  16.5  28.6 -99.000   1.2   0.0
  20 1988 258   2.20  18.8  28.4 -99.000   1.2   4.6
  20 1988 259   2.10  12.0  24.5 -99.000   2.0  13.2
  20 1988 260   5.30  12.5  25.2 -99.000   1.3  13.5
  20 1988 261   5.50  14.2  21.1 -99.000   3.6   0.0
  20 1988 262   5.60  14.5  23.8 -99.000   1.8   0.0
  20 1988 263   3.30  14.4  24.8 -99.000   2.3   4.8
  20 1988 264   9.30  14.8  25.2 -99.000   1.7   0.0
  20 1988 265   0.00  14.6  19.5 -99.000   3.2  15.8
  20 1988 266   7.30  14.0  23.4 -99.000   2.9   0.0
  20 1988 267   9.40  14.4  27.2 -99.000   1.6   0.0
  20 1988 268   9.00  16.6  28.4 -99.000   1.2   0.0
  20 1988 269   9.00  17.2  27.8 -99.000   1.2   0.0
  20 1988 270   9.00  15.6  28.0 -99.000   2.3   0.0
  20 1988 271   8.50  15.6  29.0 -99.000   1.9   0.0
  20 1988 272   8.40  15.6  27.8 -99.000   1.4   0.0
  20 1988 273   8.40  15.2  27.0 -99.000   1.7   0.0
  20 1988 274   7.50  14.4  27.4 -99.000   1.8   0.0
  20 1988 275   9.30  15.2  28.8 -99.000   1.8   0.0
  20 1988 276   9.30  13.8  26.4 -99.000   2.3   0.0
  20 1988 277   8.40  15.4  27.2 -99.000   0.3   9.8
  20 1988 278   0.40  12.7  22.5 -99.000   1.1   0.0
  20 1988 279   6.20  13.2  25.0 -99.000   1.4   0.0
  20 1988 280   2.60  14.5  23.8 -99.000   0.7   7.0
  20 1988 281   8.40  16.4  28.2 -99.000   2.3   0.0
  20 1988 282   6.50  12.4  26.8 -99.000   2.4   0.0
  20 1988 283   9.30  10.8  24.8 -99.000   1.6   0.0
  20 1988 284   9.30  12.5  25.2 -99.000   2.0   0.0
  20 1988 285   6.60  15.2  25.5 -99.000   2.0   0.0
  20 1988 286   6.30  15.2  26.5 -99.000   1.7   0.0
  20 1988 287   7.30  16.0  26.2 -99.000   1.6   0.0
  20 1988 288   6.10  18.8  26.6 -99.000   1.2   0.0
  20 1988 289   0.30  16.6  24.6 -99.000   1.2   0.0
  20 1988 290   8.00  13.6  26.2 -99.000   1.2   0.0
  20 1988 291   9.10  11.6  26.4 -99.000   1.7   0.0
  20 1988 292   8.10  12.2  24.4 -99.000   1.0   0.0
  20 1988 293   7.20  13.8  25.2 -99.000   1.6   0.0
  20 1988 294   0.00  14.0  21.2 -99.000   0.5   0.8
  20 1988 295   0.30  10.8  21.8 -99.000   1.4   0.5
  20 1988 296   0.00  11.0  18.8 -99.000   2.6  34.5
  20 1988 297   1.20  12.2  19.8 -99.000   1.9   0.0
  20 1988 298   6.20  12.8  22.6 -99.000   1.7   0.0
  20 1988 299   9.00  11.2  21.8 -99.000   3.7   0.0
  20 1988 300   7.10   9.6  20.2 -99.000   3.4   0.0
  20 1988 301   8.30   7.2  18.4 -99.000   2.4   0.0
  20 1988 302   8.60   8.0  20.4 -99.000   1.7   0.0
  20 1988 303   3.20  10.0  22.3 -99.000   1.7   0.0
  20 1988 304   5.40  10.6  21.2 -99.000   1.6   0.0
  20 1988 305   0.30   7.3  17.0 -99.000   4.4   6.2
  20 1988 306   8.50   4.0  15.0 -99.000   4.2   0.0
  20 1988 307   7.40   6.0  18.0 -99.000   1.6   0.0
  20 1988 308   5.30   8.5  20.4 -99.000   3.0   0.0
  20 1988 309   0.00   5.5  12.2 -99.000   5.0   0.0
  20 1988 310   7.30   5.4  12.5 -99.000   5.2   0.0
  20 1988 311   0.20   4.4  12.8 -99.000   3.7   0.0
  20 1988 312   8.40   3.8  17.4 -99.000   2.4   0.0
  20 1988 313   8.10   4.2  17.4 -99.000   2.2   0.0
  20 1988 314   0.00   9.6  13.0 -99.000   2.4   0.0
  20 1988 315   0.00  10.2  12.2 -99.000   2.6   2.4
  20 1988 316   0.00  10.4  13.2 -99.000   2.8   0.0
  20 1988 317   0.00  10.8  14.7 -99.000   2.5   0.0
  20 1988 318   5.30  11.0  19.0 -99.000   1.0  12.3
  20 1988 319   0.20   7.0  16.8 -99.000   3.5   0.0
  20 1988 320   7.30   5.6  16.0 -99.000   4.1   0.0
  20 1988 321   8.10   5.0  12.3 -99.000   4.2   0.0
  20 1988 322   8.10   3.0  12.5 -99.000   3.8   0.0
  20 1988 323   8.10   4.0  17.5 -99.000   1.2   0.7
  20 1988 324   3.40   8.6  19.8 -99.000   1.2   8.5
  20 1988 325   5.30   8.0  15.4 -99.000   2.6   0.4
  20 1988 326   2.50  12.0  20.0 -99.000   1.8   2.2
  20 1988 327   2.00   5.5  16.5 -99.000   2.2   0.3
  20 1988 328   0.10   2.4   7.4 -99.000   4.4   3.3
  20 1988 329   0.20   3.0   6.4 -99.000   4.8   3.9
  20 1988 330   1.50   4.4  10.2 -99.000   5.9   0.0
  20 1988 331   2.10   5.5  10.8 -99.000   4.6   0.0
  20 1988 332   5.00   4.0  12.6 -99.000   2.8   0.0
  20 1988 333   5.00   1.5  13.8 -99.000   2.4   0.0
  20 1988 334   3.10   2.0  14.4 -99.000   1.1   0.0
  20 1988 335   3.30   6.4  18.4 -99.000   1.1   0.0
  20 1988 336   0.00   9.0  15.4 -99.000   1.6   1.9
  20 1988 337   2.40   9.5  17.4 -99.000   2.0   4.2
  20 1988 338   5.00   8.6  18.8 -99.000   1.7   2.6
  20 1988 339   0.00   3.8  13.2 -99.000   1.1   0.4
  20 1988 340   6.20   5.2  17.2 -99.000   1.0   0.0
  20 1988 341   6.40   6.8  19.4 -99.000   3.5   0.0
  20 1988 342   3.50   3.7  10.8 -99.000   4.0   0.0
  20 1988 343   2.50   4.4  11.4 -99.000   6.1   0.0
  20 1988 344   0.00   4.5   8.8 -99.000   8.3   0.0
  20 1988 345   5.50   4.2  12.5 -99.000   6.7   0.0
  20 1988 346   5.30   5.2  14.5 -99.000   5.0   0.0
  20 1988 347   6.30   4.0  17.2 -99.000   2.3   0.0
  20 1988 348   6.30   5.2  16.5 -99.000   3.2   0.0
  20 1988 349   4.20   1.3  12.8 -99.000   3.2   0.0
  20 1988 350   0.00  -1.5   5.0 -99.000   5.5   0.5
-999 1988 351      1     1     1       4     4     1
  20 1988 351   6.30  -1.5   3.0 -99.000 -99.0   4.6
-999 1988 352      1     1     1       4     1     1
  20 1988 352   4.00   0.3   5.8 -99.000   7.4   0.0
  20 1988 353   6.10   1.5   9.5 -99.000   5.2   0.0
  20 1988 354   6.30   4.2  11.6 -99.000   1.7   0.0
  20 1988 355   0.00   4.4  10.8 -99.000   3.0   1.3
  20 1988 356   6.20   0.5  11.4 -99.000   5.2   0.0
  20 1988 357   6.30   0.8  10.8 -99.000   3.8   0.0
-999 1988 358      1     1     1       4     4     1
  20 1988 358   6.30   3.5  14.5 -99.000 -99.0   0.0
-999 1988 359      1     1     1       4     1     1
  20 1988 359   5.40   0.9  16.2 -99.000   0.8   0.0
  20 1988 360   6.40   4.4  16.0 -99.000   3.2   0.0
  20 1988 361   6.20   3.0  16.5 -99.000   2.2   0.0
  20 1988 362   6.40   2.5  16.6 -99.000   2.5   0.0
  20 1988 363   5.50   2.8  13.4 -99.000   4.1   0.0
  20 1988 364   6.20   2.4  13.5 -99.000   5.0   0.0
  20 1988 365   6.30   0.8  13.0 -99.000   3.1   0.0
  20 1988 366   6.40   1.3  14.0 -99.000   2.2   0.0
