*---------------------------------------------------------------------------*
* Station name: Akhelia, Cyprus
* Year: 1986                                              -99.000: NIL VALUE
* Author: Meteo service Cyprus
* Source:
* Comments: Daily vapour pressure in kPa at 08.00 hours.
*
* Longitude: 32 29 E, latitude: 34 44 N, altitude: 45 m.
*
* Column  Daily value
* 1       station number
* 2       year
* 3       day
* 4       irradiation                   (kJ m-2 d-1)
* 5       minimum temperature           (degrees Celsius)
* 6       maximum temperature           (degrees Celsius)
* 7       early morning vapour pressure (kPa)
* 8       mean wind speed               (m s-1)
* 9       precipitation                 (mm d-1)
*---------------------------------------------------------------------------*
  34.73  32.48    45. 0.00 0.00
   1 1986   1  3403.  10.5  19.4   0.910   2.6   0.0
   1 1986   2  2824.  11.6  19.8   1.000   2.0   4.7
   1 1986   3 10220.  11.4  19.0   1.350   1.9   0.0
   1 1986   4 11826.  10.8  19.0   1.100   2.5   0.0
   1 1986   5 11362.  11.0  19.8   0.990   2.5   0.0
   1 1986   6  7539.   9.2  18.7   0.910   2.7   0.0
   1 1986   7 10868.   9.8  19.4   0.850   2.2   2.0
   1 1986   8  9615.  13.0  19.4   1.160   1.5   0.4
   1 1986   9 10162.   9.8  18.4   0.970   2.3  10.4
   1 1986  10  5360.  10.5  17.5   1.260   2.2  13.6
   1 1986  11  5488.   9.5  16.0   1.110   2.3   3.3
   1 1986  12 12031.  10.5  16.7   1.150   1.2   2.4
   1 1986  13  4315.  11.8  15.8   1.390   2.1  11.3
   1 1986  14  8236.  10.4  16.4   1.090   1.6   1.1
   1 1986  15  9716.   9.8  16.6   1.150   1.3   3.2
   1 1986  16  4077.  10.8  17.6   1.320   1.8  13.1
   1 1986  17  5768.  12.8  17.5   1.530   2.9   5.7
   1 1986  18 11970.  11.5  16.0   1.160   3.0   0.2
   1 1986  19 11719.   7.0  10.8   0.410   4.3   0.0
   1 1986  20 12309.   3.6  14.6   0.670   2.7   0.0
   1 1986  21  3892.   7.8  12.8   0.920   2.3   6.4
   1 1986  22 11799.   7.1  17.5   0.990   1.5   0.0
   1 1986  23 13145.   5.1  16.6   0.510   2.2   0.0
   1 1986  24 11492.   5.4  17.5   0.530   2.8   0.0
   1 1986  25 12739.   7.0  17.5   0.690   2.9   0.0
   1 1986  26 13237.   7.5  17.1   0.910   2.2   0.0
   1 1986  27 12575.   8.4  17.7   0.930   2.4   0.0
   1 1986  28 10032.   8.4  18.2   0.900   2.5   0.0
   1 1986  29  5459.   9.8  17.4   1.120   2.0   0.3
   1 1986  30 11638.   8.2  17.2   1.000   2.2   0.0
   1 1986  31 13408.   8.2  17.5   0.910   2.6   0.0
   1 1986  32 14410.   7.8  19.0   0.950   2.2   0.0
   1 1986  33  9284.   7.3  17.8   0.770   2.3   0.0
   1 1986  34 11757.  12.6  20.3   1.190   2.1   0.0
   1 1986  35 14144.   9.0  16.8   1.070   2.8   4.3
   1 1986  36  7639.   9.6  14.8   1.050   1.8   1.2
   1 1986  37 13178.   9.0  16.4   1.110   1.8   0.0
   1 1986  38 12216.  10.0  17.5   1.020   2.1   0.0
   1 1986  39  3805.   9.8  17.5   1.020   1.9  20.8
   1 1986  40 14171.   9.0  17.1   1.070   2.5   0.5
   1 1986  41  4830.  11.4  16.5   1.340   2.2   5.6
   1 1986  42 13283.  12.0  17.5   1.160   2.1   2.0
   1 1986  43 15548.   7.4  17.6   0.870   2.4   0.0
   1 1986  44  8355.   9.0  20.8   0.790   2.0   2.5
   1 1986  45 10127.   8.4  14.5   1.020   2.0   3.2
   1 1986  46 14869.   8.5  16.0   1.080   1.5   0.0
   1 1986  47 13479.   6.5  10.8   0.870   2.7   0.0
   1 1986  48 10580.  10.4  18.0   0.940   1.6   0.0
   1 1986  49 13024.   8.4  19.2   0.910   2.4   0.0
   1 1986  50 16625.   8.4  18.4   0.990   2.3   0.0
   1 1986  51 16220.   7.8  20.6   0.830   2.7   0.0
   1 1986  52 16444.   9.1  19.5   0.870   2.2   0.0
   1 1986  53 16796.   8.5  18.0   0.920   1.8   0.0
   1 1986  54  9450.   9.7  18.6   1.030   2.4   0.0
   1 1986  55 15960.  11.2  18.4   1.270   1.7   0.0
   1 1986  56 15922.   9.8  18.5   1.400   1.6   0.0
   1 1986  57 17573.  10.2  20.1   1.130   2.1   0.0
   1 1986  58 17407.   9.8  19.3   1.090   1.9   0.0
   1 1986  59 15134.   9.8  18.5   1.320   1.1   0.0
   1 1986  60 17857.   7.3  17.0   0.780   2.3   0.0
   1 1986  61 14105.   7.5  17.8   0.840   2.7   0.0
   1 1986  62 10320.   9.1  17.4   0.950   2.0   0.0
   1 1986  63 16397.   8.6  22.3   0.750   2.2   0.0
   1 1986  64 17154.  10.0  19.2   1.030   1.9   0.0
   1 1986  65 11872.   9.6  20.4   1.020   2.2   1.1
   1 1986  66 18624.  10.2  20.6   1.110   2.1   0.0
   1 1986  67 16975.  10.0  21.5   0.870   2.0   0.0
   1 1986  68 18332.  10.5  23.2   0.790   2.0   0.0
   1 1986  69 18181.   9.8  24.3   1.100   2.6   0.0
   1 1986  70 19001.  10.2  19.6   1.250   1.6   0.0
   1 1986  71 19408.   9.4  20.7   0.940   1.8   0.0
   1 1986  72 14320.   9.8  21.8   0.910   1.6   0.0
   1 1986  73 16828.  12.6  23.0   1.250   1.2   0.0
   1 1986  74 19933.  10.5  22.0   0.830   2.3   0.0
   1 1986  75 19593.   9.0  20.5   0.950   2.0   0.0
   1 1986  76 17525.   9.0  21.4   0.910   2.6   0.0
   1 1986  77 11404.   8.9  18.6   1.230   2.0   0.0
   1 1986  78 20288.   9.2  18.9   1.230   2.2   0.0
   1 1986  79 20230.   9.6  19.3   1.360   2.1   0.0
   1 1986  80 11425.   8.4  17.5   0.960   2.2   0.0
   1 1986  81  5482.  10.0  18.5   1.030   1.8   0.1
   1 1986  82 20784.   9.8  21.0   1.410   2.0   0.0
   1 1986  83 14242.  11.5  19.5   1.310   1.9   1.0
   1 1986  84 20958.  12.5  19.4   1.390   2.0   0.0
   1 1986  85 21935.   9.3  19.8   1.190   2.7   0.0
   1 1986  86 21881.   8.4  21.4   1.110   2.3   0.0
   1 1986  87 18688.  12.1  26.5   1.280   2.3   0.0
   1 1986  88 18171.  12.5  27.0   0.930   2.1   0.9
   1 1986  89  9075.  13.0  20.8   1.330   1.8   4.0
   1 1986  90 18632.  10.8  21.0   1.310   1.2   0.0
   1 1986  91 13563.  13.0  21.0   1.440   1.5   0.0
   1 1986  92 18032.  13.0  24.0   1.390   1.6   0.0
   1 1986  93 23140.  12.0  23.5   1.540   1.6   0.0
   1 1986  94 23081.  12.0  22.0   1.560   1.6   0.0
   1 1986  95 15194.  12.5  24.5   1.720   1.8   0.0
   1 1986  96 20630.  16.5  31.2   1.120   1.7   0.0
   1 1986  97 16995.  15.4  29.4   1.780   1.8   0.0
   1 1986  98 18596.  15.4  26.3   1.220   1.5   0.0
   1 1986  99 23458.  15.1  25.8   1.620   1.5   0.0
   1 1986 100 22908.  12.6  22.4   1.720   1.7   0.0
   1 1986 101 18930.  11.8  23.0   1.780   2.0   0.0
   1 1986 102 22889.  12.0  24.7   1.500   1.7   0.0
   1 1986 103 15922.  16.5  28.7   1.060   1.9   0.3
   1 1986 104  9705.  15.8  22.6   1.800   1.5   5.3
   1 1986 105 20737.  14.1  21.2   1.230   2.1   0.0
   1 1986 106 20945.  10.8  21.1   1.350   2.5   0.0
   1 1986 107 22414.  12.8  23.9   1.370   1.8   0.0
   1 1986 108 24045.  14.4  28.2   1.380   2.0   0.0
   1 1986 109 20938.  14.6  29.4   1.020   1.2   0.0
   1 1986 110 10693.  16.3  27.6   0.970   2.1   0.0
   1 1986 111 23259.  16.3  23.2   1.720   1.2   0.0
   1 1986 112 25060.  12.2  24.4   1.300   3.4   0.0
   1 1986 113 22569.  12.8  25.4   1.010   2.2   0.0
   1 1986 114 26128.  13.1  25.9   0.790   2.1   0.0
   1 1986 115 25865.  13.4  27.5   0.840   2.0   0.0
   1 1986 116 25909.  12.2  27.0   1.140   2.1   0.0
   1 1986 117 26112.  13.5  29.5   1.460   1.5   0.0
   1 1986 118 25995.  13.5  28.5   1.240   1.5   0.0
   1 1986 119 18179.  17.0  31.0   1.340   2.7   0.0
   1 1986 120 22227.  18.0  25.5   1.820   2.5   0.0
   1 1986 121 25319.  11.5  23.5   1.300   2.3   0.0
   1 1986 122 12167.  13.0  24.5   1.100   2.3   0.0
   1 1986 123 20570.  12.8  23.0   1.500   1.1   0.0
   1 1986 124 25605.  13.5  24.2   1.820   2.5   0.0
   1 1986 125 24355.  14.0  24.6   1.660   1.6   0.0
   1 1986 126 21800.  13.6  24.4   1.760   1.7   0.0
   1 1986 127 16331.  16.7  26.1   1.680   1.5   0.3
   1 1986 128 25412.  16.2  24.2   1.830   1.6   0.0
   1 1986 129 26736.  13.6  23.5   1.420   2.3   0.0
   1 1986 130 24984.  13.5  24.0   1.500   2.0   0.0
   1 1986 131 23879.  12.5  22.8   1.400   2.0   0.0
   1 1986 132 23258.  11.8  23.8   1.400   2.7   0.0
   1 1986 133 17282.  14.7  22.8   1.180   1.7  10.8
   1 1986 134 20390.  10.8  22.2   1.420   2.3   0.0
   1 1986 135 25940.  12.4  22.8   1.340   2.4   0.0
   1 1986 136 27094.  13.1  24.0   1.560   2.2   0.0
   1 1986 137 27273.  13.5  24.0   1.520   2.5   0.0
   1 1986 138 25989.  14.5  24.4   1.540   2.3   0.0
   1 1986 139 20638.  15.8  30.4   1.380   1.8   0.0
   1 1986 140 25534.  17.8  27.4   1.620   1.7   0.0
   1 1986 141 16599.  17.8  24.3   2.000   1.6   0.0
   1 1986 142 24752.  18.1  25.4   1.930   1.9   0.0
   1 1986 143 23954.  15.9  25.0   1.900   2.1   0.0
   1 1986 144 26738.  14.0  26.0   1.440   1.3   0.0
   1 1986 145 26592.  15.2  25.1   1.870   2.1   0.0
   1 1986 146 27749.  16.3  28.2   1.650   1.8   0.0
   1 1986 147 28410.  17.4  29.4   1.690   1.5   0.0
   1 1986 148 28420.  17.8  28.1   1.760   1.6   0.0
   1 1986 149 27452.  17.1  26.2   2.250   2.0   0.0
   1 1986 150 27135.  16.8  26.0   2.040   1.8   0.0
   1 1986 151 27470.  17.0  27.2   2.040   1.9   0.0
   1 1986 152 28295.  17.0  27.4   2.280   2.0   0.0
   1 1986 153 27978.  17.7  32.5   1.910   1.5   0.0
   1 1986 154 28151.  19.0  32.6   2.660   2.0   0.0
   1 1986 155 27834.  18.0  27.4   2.260   2.0   0.0
   1 1986 156 26540.  18.1  28.4   2.260   2.0   0.0
   1 1986 157 28009.  17.9  29.5   2.320   1.7   0.0
   1 1986 158 27033.  19.5  32.5   1.780   1.8   0.0
   1 1986 159 22472.  20.7  30.4   2.040   1.5   0.0
   1 1986 160 21985.  21.4  34.7   2.490   1.7   0.0
   1 1986 161 17424.  19.4  29.2   2.480   1.4   0.0
   1 1986 162 21012.  18.8  26.7   2.000   1.9   3.5
   1 1986 163 25089.  18.8  26.2   2.170   2.0   0.0
   1 1986 164 24928.  19.6  26.5   2.250   1.9   0.0
   1 1986 165 27049.  18.0  27.5   2.170   2.1   0.0
   1 1986 166 28029.  20.0  28.6   2.440   2.1   0.0
   1 1986 167 28351.  20.5  29.1   2.530   2.0   0.0
   1 1986 168 28185.  21.3  30.4   2.610   2.2   0.0
   1 1986 169 28833.  20.6  30.1   2.670   2.1   0.0
   1 1986 170 28667.  20.2  31.4   2.770   1.9   0.0
   1 1986 171 27686.  19.4  32.5   2.560   2.0   0.0
   1 1986 172 28660.  19.5  32.0   1.180   1.3   0.0
   1 1986 173 28494.  20.5  29.0   2.570   1.4   0.0
   1 1986 174 28165.  19.1  28.4   2.250   1.8   0.0
   1 1986 175 28487.  20.1  29.0   2.250   2.1   0.0
   1 1986 176 28483.  20.0  32.1   2.490   1.9   0.0
   1 1986 177 27986.  22.2  32.2   2.770   1.7   0.0
   1 1986 178 26676.  20.4  28.5   2.340   2.4   0.0
   1 1986 179 26667.  20.0  28.0   2.170   2.1   0.0
   1 1986 180 26008.  19.5  28.1   2.100   1.4   0.0
   1 1986 181 28438.  18.4  28.0   2.120   2.1   0.0
   1 1986 182 28592.  18.0  29.5   2.160   1.9   0.0
   1 1986 183 26957.  20.0  30.0   2.480   2.3   0.0
   1 1986 184 27761.  20.5  29.4   2.040   2.1   0.0
   1 1986 185 28240.  19.4  29.5   2.160   2.5   0.0
   1 1986 186 26119.  19.0  29.0   2.320   2.0   0.0
   1 1986 187 24481.  18.5  29.0   2.320   1.9   0.0
   1 1986 188 22844.  20.0  29.8   2.470   1.9   0.0
   1 1986 189 26076.  20.0  29.0   2.400   2.1   0.0
   1 1986 190 27685.  19.5  29.8   2.540   1.8   0.0
   1 1986 191 27670.  18.8  29.5   2.530   2.1   0.0
   1 1986 192 27655.  19.5  29.5   2.220   2.0   0.0
   1 1986 193 28127.  21.0  30.0   2.780   1.6   0.0
   1 1986 194 25681.  20.0  29.5   2.320   1.8   0.0
   1 1986 195 27287.  19.8  29.0   2.540   1.9   0.0
   1 1986 196 27920.  20.5  30.8   2.790   1.6   0.0
   1 1986 197 28060.  20.8  30.5   2.730   1.5   0.0
   1 1986 198 27877.  22.8  33.1   2.600   1.5   0.0
   1 1986 199 26723.  22.8  34.0   1.610   1.5   0.0
   1 1986 200 26217.  22.0  30.8   2.930   1.7   0.0
   1 1986 201 27166.  20.5  30.2   2.450   2.7   0.0
   1 1986 202 27306.  21.7  30.8   2.700   1.5   0.0
   1 1986 203 27124.  23.7  32.8   3.040   1.9   0.0
   1 1986 204 26941.  23.4  30.6   3.020   1.9   0.0
   1 1986 205 26274.  20.4  31.4   2.490   2.3   0.0
   1 1986 206 24964.  21.6  31.0   2.900   1.4   0.0
   1 1986 207 26877.  22.5  34.0   1.960   1.5   0.0
   1 1986 208 26036.  22.5  32.8   2.850   1.3   0.0
   1 1986 209 26644.  20.1  31.4   2.660   1.7   0.0
   1 1986 210 26930.  21.8  32.8   1.660   1.6   0.0
   1 1986 211 26572.  21.6  32.2   1.330   2.0   0.0
   1 1986 212 25894.  22.1  31.3   2.580   1.7   0.0
   1 1986 213 26821.  21.8  31.5   2.210   1.5   0.0
   1 1986 214 26624.  20.0  32.5   2.460   1.9   0.0
   1 1986 215 26748.  21.0  34.9   2.850   2.2   0.0
   1 1986 216 26711.  20.0  33.5   2.740   1.6   0.0
   1 1986 217 26355.  22.0  31.5   2.680   1.8   0.0
   1 1986 218 24716.  21.0  30.5   2.610   2.1   0.0
   1 1986 219 24993.  21.0  30.5   2.490   1.7   0.0
   1 1986 220 21926.  21.5  30.0   2.570   1.9   0.0
   1 1986 221 23955.  21.5  30.0   2.490   2.3   0.0
   1 1986 222 24391.  21.5  30.8   2.450   2.0   0.0
   1 1986 223 23238.  22.1  30.6   2.660   1.7   0.0
   1 1986 224 24308.  22.4  30.7   2.870   1.5   0.0
   1 1986 225 23474.  22.3  31.4   2.850   1.5   0.0
   1 1986 226 24066.  21.8  31.8   2.980   1.5   0.0
   1 1986 227 25446.  20.0  32.5   2.460   1.9   0.0
   1 1986 228 26019.  21.0  31.5   2.850   1.7   0.0
   1 1986 229 25644.  20.5  30.4   1.930   2.0   0.0
   1 1986 230 23699.  20.4  31.7   2.390   1.9   0.0
   1 1986 231 24428.  22.0  31.4   2.660   2.0   0.0
   1 1986 232 24057.  22.1  31.8   2.870   1.4   0.0
   1 1986 233 23687.  22.1  31.4   2.980   1.7   0.0
   1 1986 234 24255.  21.7  31.5   2.570   1.6   0.0
   1 1986 235 20925.  21.5  31.8   2.870   2.0   0.0
   1 1986 236 24450.  22.0  32.1   2.420   1.6   0.0
   1 1986 237 24391.  21.6  32.0   2.850   1.8   0.0
   1 1986 238 24022.  20.5  31.0   2.610   1.7   0.0
   1 1986 239 23643.  21.6  31.4   2.870   1.7   0.0
   1 1986 240 23265.  22.0  31.5   1.620   1.9   0.0
   1 1986 241 22888.  22.8  30.5   2.720   1.7   0.0
   1 1986 242 22666.  21.4  30.5   2.460   2.0   0.0
   1 1986 243 23670.  19.5  32.0   2.160   2.2   0.0
   1 1986 244 23293.  20.0  30.4   1.980   2.0   0.0
   1 1986 245 22308.  21.6  30.8   2.290   2.0   0.0
   1 1986 246 22239.  20.8  30.5   2.610   1.9   0.0
   1 1986 247 20198.  21.5  29.5   2.280   2.2   2.0
   1 1986 248 20890.  21.0  30.0   2.480   1.7   0.0
   1 1986 249 19003.  22.0  31.5   2.450   1.8   0.1
   1 1986 250 21339.  21.5  30.8   2.320   1.4   0.0
   1 1986 251 21411.  21.8  30.5   2.520   1.4   0.0
   1 1986 252 20733.  20.8  29.1   2.030   1.9   0.0
   1 1986 253 21700.  20.5  29.7   2.200   2.0   0.0
   1 1986 254 21767.  20.6  29.7   2.410   2.2   0.0
   1 1986 255 21833.  20.4  30.2   2.450   1.9   0.0
   1 1986 256 21751.  19.5  30.6   2.320   1.8   0.0
   1 1986 257 21521.  20.4  31.7   2.090   1.8   0.0
   1 1986 258 21144.  20.8  32.0   2.060   1.6   0.0
   1 1986 259 21345.  20.5  33.0   1.460   1.0   0.0
   1 1986 260 21397.  21.8  34.3   1.300   1.7   0.0
   1 1986 261 21157.  22.5  33.5   2.620   1.2   0.0
   1 1986 262 20919.  19.9  30.5   2.720   1.4   0.0
   1 1986 263 17942.  19.5  30.5   1.940   1.8   0.0
   1 1986 264 15561.  20.5  30.2   2.360   1.3   0.0
   1 1986 265 18633.  21.4  29.9   2.350   1.9   0.0
   1 1986 266 19258.  20.1  34.0   2.020   1.9   0.0
   1 1986 267 18884.  22.5  33.6   1.880   2.3   0.0
   1 1986 268 18794.  21.8  29.9   2.180   2.1   0.0
   1 1986 269 16448.  21.1  28.5   2.020   1.8   0.0
   1 1986 270 19446.  21.0  29.0   2.170   1.4   0.0
   1 1986 271 19487.  20.0  30.2   2.050   1.7   0.0
   1 1986 272 18970.  19.8  31.2   1.530   1.7   0.9
   1 1986 273 19010.  21.4  31.0   1.340   1.8   0.0
