*---------------------------------------------------------------------------*
* Station name: Wien, AUSTRIA
* Year: 1986                                              -99.000: NIL VALUE
* Author: C. Grashoff
* Source: Bundesanstalt fuer Pflanzenbau, Versuchsstation Fuchsenbigl
*
* Comments: Radiation estimated from cloudiness on a scale from 0-10.
*           Vapour pressure estimated from relative humidity at 7:00 AM
*           Windspeed measured on the Beaufort scale (1-12) at 2:00 PM
*           Rainfall on day 148 (40 mm) and on day 161 (40mm) are
*           irrigations.
*
* Longitude: 16 00 E, latitude: 48 00 N, altitude: 200 m.
*
* Column  Daily value
* 1       station number
* 2       year
* 3       day
* 4       irradiation                   (kJ m-2 d-1)
* 5       minimum temperature           (degrees Celsius)
* 6       maximum temperature           (degrees Celsius)
* 7       early morning vapour pressure (kPa)
* 8       mean wind speed               (m s-1)
* 9       precipitation                 (mm d-1)
*---------------------------------------------------------------------------*
  16.00  48.00   200. 0.00 0.00
   1 1986   1  3229. -10.6  -3.9   0.343   0.8   0.0
   1 1986   2  1618. -15.4  -1.2   0.316   0.8   0.0
   1 1986   3  1629.  -1.8   0.6   0.567   2.4   0.0
   1 1986   4  1640.   0.0   1.8   0.633   0.2   0.0
   1 1986   5  6349.  -4.0   2.2   0.475   2.4   0.0
   1 1986   6  4059.  -3.5  -0.3   0.478   2.4   0.0
   1 1986   7  5787.  -4.5   2.5   0.551   2.4   0.0
   1 1986   8  6512.  -5.7   0.1   0.472   0.2   0.0
   1 1986   9  1868.  -7.0  -1.6   0.430   0.2   0.0
   1 1986  10  7006.  -9.1  -2.0   0.319   2.4   0.0
   1 1986  11  1745. -10.5  -1.7   0.375   0.8   0.0
   1 1986  12  3380.  -7.4   2.4   0.493   0.2   0.0
   1 1986  13  1782.   1.6   4.0   0.591   2.4   0.0
   1 1986  14  2904.   1.3  11.5   0.723  12.3   0.0
   1 1986  15  5165.   2.7   7.2   0.679   6.7   0.0
   1 1986  16  4268.   0.1   4.7   0.640   2.4   0.0
   1 1986  17  5290.  -2.5   1.6   0.414   4.3   0.0
   1 1986  18  4200.  -6.0  -0.4   0.362   0.8   0.0
   1 1986  19  2499.  -1.7   9.3   0.634   2.4   0.0
   1 1986  20  5494.   2.1  11.3   0.600   9.3   0.0
   1 1986  21  7367.  -0.2   7.4   0.768   2.4   0.0
   1 1986  22  7891.  -3.0   3.5   0.604   0.2   0.0
   1 1986  23  2203.   0.0   8.6   0.807   2.4   0.0
   1 1986  24  2483.   2.6   7.0   0.758   4.3   0.0
   1 1986  25  4166.   1.3   4.0   0.607   4.3   0.0
   1 1986  26  5511.  -0.6   2.0   0.579   6.7   0.0
   1 1986  27  6894.  -2.9   1.2   0.408   2.4   0.0
   1 1986  28  8780.  -5.4   2.2   0.500   6.7   0.0
   1 1986  29  2196.  -3.0   1.0   0.511   4.3   0.0
   1 1986  30  2229.   0.3   1.6   0.622   2.4   0.0
   1 1986  31  2469.  -0.3   3.7   0.622   4.3   0.0
   1 1986  32  2296.   2.7   4.4   0.679   6.7   0.0
   1 1986  33  2330.   1.2   4.0   0.715   2.4   0.0
   1 1986  34  2365.  -1.6   2.2   0.606   4.3   0.0
   1 1986  35  6069.  -6.8  -1.0   0.434   2.4   0.0
   1 1986  36  9885.  -9.9  -3.5   0.362   2.4   0.0
   1 1986  37  7011.  -9.8  -2.6   0.341   0.2   0.0
   1 1986  38  6351. -11.6  -6.5   0.298   2.4   0.0
   1 1986  39  7227. -17.8  -8.4   0.177   0.2   0.0
   1 1986  40  2590. -10.7  -8.4   0.286   2.4   0.0
   1 1986  41  2629. -10.5  -7.5   0.299   6.7   0.0
   1 1986  42  2670.  -7.8  -5.6   0.358   2.4   0.0
   1 1986  43  5775. -10.1  -3.4   0.298   2.4   0.0
   1 1986  44  8385.  -9.8  -3.2   0.330   0.8   0.0
   1 1986  45  8513. -15.0  -2.2   0.309   2.4   0.0
   1 1986  46  8643.  -8.8  -1.2   0.383   4.3   0.0
   1 1986  47  3143.  -5.8   1.0   0.496   0.2   0.0
   1 1986  48  5870.  -5.7  -0.9   0.464   0.2   0.0
   1 1986  49  2967.  -2.5   1.0   0.561   0.2   0.0
   1 1986  50  3011.   0.3   1.3   0.628   0.2   0.0
   1 1986  51  3056.  -4.4  -0.5   0.372   4.3   0.0
   1 1986  52  9452.  -9.0  -3.1   0.299   0.2   0.0
   1 1986  53  9592.  -9.6  -2.8   0.345   0.8   0.0
   1 1986  54  3194. -14.8  -2.4   0.309   2.4   0.0
   1 1986  55  9875.  -9.6  -4.6   0.261   4.3   0.0
   1 1986  56 13334. -15.0  -3.8   0.284   0.8   0.0
   1 1986  57 12508. -14.4  -4.6   0.219   2.4   0.0
   1 1986  58 13721. -18.8  -3.8   0.236   2.4   0.0
   1 1986  59  5843. -14.7  -4.5   0.238   4.3   0.0
   1 1986  60  3480. -11.2  -4.7   0.308   6.7   0.0
   1 1986  61  3529.  -5.0  -2.0   0.457   2.4   0.0
   1 1986  62  3578.  -3.5   0.0   0.521   0.8   0.0
   1 1986  63  3628.  -2.9   2.5   0.584   0.8   0.0
   1 1986  64  3678. -11.0   2.4   0.430   2.4   0.0
   1 1986  65  9081.   0.6   3.4   0.607   9.3   0.0
   1 1986  66  3778.  -0.3   1.9   0.628   2.4   0.0
   1 1986  67  4998.   0.7   4.4   0.713   2.4   0.0
   1 1986  68  5065.   0.0   5.8   0.731   0.2   0.0
   1 1986  69 15939.  -0.2   5.6   0.713   0.2   0.0
   1 1986  70  7996.   0.2   6.4   0.752   2.4   0.0
   1 1986  71  4033.   0.6   3.9   0.698   0.8   0.0
   1 1986  72  4084.   2.1   4.7   0.757   2.4   0.0
   1 1986  73  4136.   2.2   4.2   0.747   0.2   0.0
   1 1986  74  5467.   1.4   6.8   0.796   0.2   0.0
   1 1986  75  5534.   2.0   6.0   0.790   2.4   0.0
   1 1986  76 17402.  -1.3   7.0   0.728   2.4   0.0
   1 1986  77 17612.  -2.8   9.2   0.747   2.4   0.0
   1 1986  78 16883.  -0.8   8.0   0.768   4.3   0.0
   1 1986  79 12599.  -2.8   9.0   0.741   2.4   0.0
   1 1986  80  5461.  -0.2   5.7   0.723   2.4   0.0
   1 1986  81  4551.   0.3   7.0   0.771   2.4   0.0
   1 1986  82  9244.  -2.0  10.0   0.790   6.7   0.0
   1 1986  83  7926.   2.2   9.2   0.890   4.3   0.0
   1 1986  84  6145.   5.2   9.5   0.906   4.3   0.0
   1 1986  85  8684.  -1.7  10.9   0.824   2.4   0.0
   1 1986  86 19067.   1.4  14.3   1.033   0.8   0.0
   1 1986  87 10804.   3.3  17.3   1.132   4.3   0.0
   1 1986  88  4913.   5.8  10.1   0.879   4.3   0.0
   1 1986  89  7999.   1.0   9.4   0.860   0.8   0.0
   1 1986  90 11147.   1.3  15.0   0.935   2.4   0.0
   1 1986  91 12809.   5.3  14.3   0.815   4.3   0.0
   1 1986  92 12938.   4.3  14.9   1.164   0.2   0.0
   1 1986  93 11961.   6.2  19.5   1.445   4.3   0.0
   1 1986  94  7931.   8.2  16.0   1.361   4.3   0.0
   1 1986  95 13322.   3.7  15.3   1.156   4.3   0.0
   1 1986  96 16213.   4.9  14.3   1.164   4.3   0.0
   1 1986  97  5863.   8.1  22.0   1.496   4.3   0.0
   1 1986  98 13701.  11.1  25.4   1.709   4.3   0.0
   1 1986  99 16667.  12.1  24.6   1.189   4.3   0.0
   1 1986 100 10577.   6.3  14.9   1.219   0.2   0.0
   1 1986 101 12372.   0.5   7.5   0.603   6.7   0.0
   1 1986 102  6817.  -2.2   3.4   0.619   0.8   0.0
   1 1986 103  7395.  -2.0   3.4   0.585   2.4   0.0
   1 1986 104 21420.  -1.1   8.3   0.546   4.3   0.0
   1 1986 105 19311.  -2.5  14.6   0.762   6.7   0.0
   1 1986 106 11130.   6.0  10.8   0.862   4.3   0.2
   1 1986 107 13008.   1.7  19.1   1.228   2.4   0.0
   1 1986 108 10046.   6.3  15.0   1.069   2.4   6.0
   1 1986 109 16302.   5.4  11.4   1.017   4.3   0.0
   1 1986 110 18806.   4.0  10.2   0.880   2.4   0.3
   1 1986 111 15812.   1.7  15.6   1.057   0.8   0.0
   1 1986 112 17788.   7.2  23.5   1.473   9.3   0.0
   1 1986 113 12302.   7.9  23.1   1.540   4.3   0.0
   1 1986 114 17480.  12.6  25.2   1.385   2.4   0.0
   1 1986 115 15704.  10.4  26.3   1.486   0.2   0.0
   1 1986 116 14474.   9.4  25.8   1.458   4.3   0.0
   1 1986 117 13995.  11.4  23.6   1.348   0.8   0.0
   1 1986 118 12151.  10.7  26.4   1.892   2.4   0.0
   1 1986 119 20028.  12.4  26.4   2.064   4.3   0.0
   1 1986 120 20156.  10.5  25.9   1.662   4.3   0.0
   1 1986 121 19690.  14.2  22.8   1.522   6.7   0.0
   1 1986 122 26366.   7.8  24.2   1.591   0.8   0.0
   1 1986 123 26525.   8.2  24.0   1.583   2.4   0.0
   1 1986 124 26077.  11.8  24.6   1.620   4.3   0.0
   1 1986 125 24206.  12.6  23.4   1.495   4.3   0.0
   1 1986 126 23529.  10.1  24.1   1.295   4.3   0.0
   1 1986 127 23045.  12.5  24.5   1.393   4.3   0.0
   1 1986 128 12276.  10.6  19.4   1.474   4.3   1.3
   1 1986 129 17093.   7.8  19.0   1.375   2.4   0.0
   1 1986 130 18634.   8.2  19.7   1.393   2.4   0.0
   1 1986 131 12466.  10.4  23.0   1.855   2.4   3.6
   1 1986 132 17351.  13.2  22.4   1.887   2.4   0.0
   1 1986 133 25231.  10.6  25.4   1.475   0.8   0.0
   1 1986 134 17515.  15.0  25.9   1.743   4.3   3.0
   1 1986 135 18232.  12.6  25.4   2.146   4.3   0.9
   1 1986 136 13399.  13.4  21.7   1.675   0.2   3.2
   1 1986 137 11955.   9.6  21.0   1.695   2.4   2.0
   1 1986 138 15667.   8.3  23.5   1.762   2.4   0.0
   1 1986 139 12918.  14.0  26.2   2.298   2.4   2.0
   1 1986 140  7106.  16.8  20.8   2.119   0.2   1.1
   1 1986 141  7787.  15.7  23.5   2.228   2.4   0.0
   1 1986 142 18097.  17.6  23.6   2.102   6.7   0.0
   1 1986 143 25406.  11.6  25.6   1.963   0.8   0.0
   1 1986 144 11615.  15.1  26.1   2.151   6.7   0.9
   1 1986 145 27788.  10.5  20.7   1.372   4.3   0.0
   1 1986 146 23442.   6.7  23.9   1.695   6.7   0.0
   1 1986 147 29519.  12.9  26.6   1.878   4.3   0.0
   1 1986 148 16891.  12.6  27.4   1.742   0.8  52.8
   1 1986 149  7321.  13.9  21.3   1.964   2.4  10.0
   1 1986 150  7340.   8.6  17.8   1.403   0.8   3.9
   1 1986 151 11182.   7.5  12.9   0.999   4.3   0.0
   1 1986 152 16394.   5.8  15.6   1.124   2.4   0.0
   1 1986 153 18692.   7.7  18.5   1.424   0.2   5.1
   1 1986 154 16469.   9.4  18.4   1.548   0.8   0.2
   1 1986 155 15823.   7.0  19.8   1.498   6.7  17.0
   1 1986 156 16536.   8.0  12.6   1.220   6.7   2.6
   1 1986 157 22717.   4.9  16.5   1.201   2.4   0.0
   1 1986 158 21159.   4.5  18.7   1.234   4.3   0.0
   1 1986 159 18907.  10.3  16.5   1.020   2.4   0.0
   1 1986 160 29693.   5.6  22.2   1.548   2.4   0.0
   1 1986 161 28817.   7.9  25.0   1.506   2.4  40.0
   1 1986 162 26558.  11.0  26.4   1.975   0.8   0.3
   1 1986 163  7519.  11.1  19.3   1.685   9.3  13.6
   1 1986 164  7526.  10.5  14.0   1.389   6.7   1.3
   1 1986 165 14438.  13.4  26.2   2.256   2.4  13.0
   1 1986 166 23663.  14.4  28.2   2.373   0.8   0.0
   1 1986 167 25291.  16.9  29.0   2.739   0.8   0.0
   1 1986 168 21384.  17.5  29.5   2.511   0.8   0.0
   1 1986 169 26006.  17.9  30.1   2.648   0.2   0.0
   1 1986 170 17475.  17.0  29.5   2.387   0.8   0.0
   1 1986 171 21401.  15.3  28.1   2.406   0.8   0.0
   1 1986 172 18401.  17.0  30.0   2.744   2.4   0.0
   1 1986 173 21399.  12.8  24.1   1.624   2.4   0.0
   1 1986 174 24394.  11.9  22.9   1.940   4.3   0.0
   1 1986 175 21387.   7.1  23.6   1.263   0.8   0.0
   1 1986 176 21377.  11.0  24.3   1.524   2.4   0.0
   1 1986 177 24360.   8.8  25.6   1.382   4.3   0.0
   1 1986 178 25954.  12.3  27.5   1.451   4.3   0.0
   1 1986 179 21331.  13.1  28.7   1.718   4.3   0.0
   1 1986 180 13727.  15.5  24.7   1.801   2.4   2.8
   1 1986 181 25880.  14.4  23.2   1.857   4.3   0.0
   1 1986 182 21263.  11.7  26.1   1.627   4.3   0.0
   1 1986 183 25128.  14.8  28.1   1.855   2.4   0.0
   1 1986 184 30351.  13.2  30.1   1.904   2.4   0.0
   1 1986 185 28706.  13.7  30.6   2.178   2.4   0.0
   1 1986 186 23415.  15.9  31.1   2.481   0.8   0.0
   1 1986 187 21098.  19.9  31.5   2.466   4.3   0.0
   1 1986 188  9022.  17.3  22.7   2.260   0.2   0.0
   1 1986 189 18068.  12.8  19.9   1.440   6.7   4.1
   1 1986 190 20291.  11.7  21.4   1.402   0.8   6.2
   1 1986 191 14153.  10.5  22.2   1.365   2.4   0.3
   1 1986 192  7366.   8.9  18.6   1.217   2.4   0.0
   1 1986 193 15655.   6.6  21.5   1.338   2.4   0.0
   1 1986 194 15613.   8.9  23.0   1.586   0.8   0.0
   1 1986 195 20706.  10.2  22.5   0.898   0.8   0.0
   1 1986 196 28885.   8.2  24.1   1.477   2.4   0.0
   1 1986 197 25691.  10.0  28.8   1.746   2.4   0.0
   1 1986 198 27160.  11.2  29.6   2.124   0.8   0.0
   1 1986 199  7219.   9.2  25.5   1.535   2.4   0.0
   1 1986 200  7195.  16.2  17.1   1.563   4.3   0.0
   1 1986 201  7827.  12.1  16.0   1.451   2.4   0.0
   1 1986 202 18059.   8.4  23.4   1.490   0.8   0.0
   1 1986 203 27344.   5.0  26.8   1.472   0.8   0.0
   1 1986 204 28756.  12.6  29.5   1.633   6.7   0.0
   1 1986 205  7710.  17.2  19.2   1.998   4.3   0.3
   1 1986 206 14126.   9.2  22.4   1.209   2.4   4.4
   1 1986 207 12783.  12.5  25.7   1.937   4.3   0.0
   1 1986 208 16990.  13.0  25.6   1.645   4.3   0.0
   1 1986 209 24553.  12.6  27.4   1.130   0.8   0.0
   1 1986 210 22329.  12.0  28.7   1.877   0.8   0.0
   1 1986 211 13186.  14.8  29.8   2.307   4.3   0.0
   1 1986 212 26303.  16.0  22.1   2.041   4.3   0.0
   1 1986 213 12434.  18.0  29.8   2.572   2.4   0.0
   1 1986 214 24800.  15.0  30.6   2.490   0.8   0.0
   1 1986 215 23849.  16.3  32.2   2.260   2.4   0.0
   1 1986 216 25773.  19.8  32.0   2.596   2.4   0.0
   1 1986 217 10139.  18.6  24.6   2.522   4.3  16.6
   1 1986 218 26913.  14.9  25.7   1.607   4.3   0.0
   1 1986 219 24141.  14.0  28.7   2.253   0.8   0.0
   1 1986 220 18590.  15.0  30.6   2.238   0.2   1.7
   1 1986 221 21072.  17.2  27.0   2.466   4.3   0.0
   1 1986 222 26295.  14.3  29.1   2.249   0.8   0.0
   1 1986 223 20227.  18.0  31.2   2.184   0.8   0.0
   1 1986 224  7774.  19.8  31.1   2.659   2.4   5.5
   1 1986 225 11613.  17.2  23.0   2.061   6.7   0.0
   1 1986 226 19845.  12.8  25.5   2.188   2.4   0.0
   1 1986 227 23553.  12.8  27.2   2.213   2.4   0.0
   1 1986 228 18248.  15.4  30.1   2.482   2.4   0.0
   1 1986 229 13201.  17.3  30.6   2.520   4.3   0.3
   1 1986 230 14990.  15.5  29.6   2.673   0.8   0.0
   1 1986 231 19737.  18.1  28.1   2.564   2.4   0.2
   1 1986 232 12923.  17.8  21.6   1.456   4.3   0.0
   1 1986 233 21292.  11.7  22.0   1.294   2.4   0.0
   1 1986 234 15655.   8.1  26.4   1.386   2.4   0.0
   1 1986 235  9556.  15.8  27.6   1.700  12.3   8.4
   1 1986 236  7684.  11.1  21.2   1.569   4.3   2.1
   1 1986 237 10657.  13.5  20.6   1.525   4.3   0.0
   1 1986 238 14644.  11.3  24.4   1.646   6.7   0.0
   1 1986 239  9258.  14.6  19.7   1.692   2.4   5.7
   1 1986 240  5699.  13.4  16.2   1.658   2.4  17.3
   1 1986 241 13078.  12.0  16.6   1.556   2.4   0.0
   1 1986 242 14680.   7.5  19.2   1.493   4.3   0.0
   1 1986 243 14045.   8.3  20.6   1.406   4.3   0.0
   1 1986 244 11061.   8.5  19.0   1.391   2.4   0.0
   1 1986 245  8295.  11.0  20.9   1.604   4.3   0.0
   1 1986 246 15329.  10.8  24.9   1.749   6.7   0.1
   1 1986 247  7491.  13.2  18.2   1.578   4.3   0.0
   1 1986 248 18296.   8.4  19.2   1.269   2.4   0.0
   1 1986 249 18125.   5.6  23.5   1.582   2.4   0.0
   1 1986 250  8875.  10.2  23.7   1.826   4.3   0.0
   1 1986 251 13049.   9.3  21.6   1.624   2.4   0.0
   1 1986 252 10266.  11.5  21.6   1.477   2.4   8.4
   1 1986 253  5062.  10.1  12.8   1.331   2.4  20.4
   1 1986 254 14198.   7.1  16.5   1.362   0.8   0.0
   1 1986 255 17540.   9.3  20.5   1.567   4.3   0.0
   1 1986 256 10910.  13.4  22.0   1.916   0.8   0.3
   1 1986 257  6788.  12.8  26.0   2.223   0.8   0.0
   1 1986 258 13621.  15.0  25.5   2.224   2.4   0.0
   1 1986 259 16382.  14.5  27.7   2.420   2.4   0.0
   1 1986 260 13762.  13.8  23.5   1.904   0.8   0.0
   1 1986 261  5649.  15.8  21.4   2.028   2.4   0.0
   1 1986 262 17680.   7.4  15.7   1.135   2.4   0.0
   1 1986 263 18457.   1.2  18.8   1.208   4.3   0.0
   1 1986 264 12749.   2.2  21.6   1.357   0.8   0.0
   1 1986 265  8933.   8.2  22.4   1.276   0.8   0.0
   1 1986 266  8427.   8.8  22.1   1.483   0.8   0.0
   1 1986 267 14038.   8.2  21.4   1.642   0.8   0.0
   1 1986 268 13872.   6.8  16.7   1.288   4.3   0.0
   1 1986 269 10336.   4.6  15.3   0.958   2.4   0.0
   1 1986 270 13542.   3.5  17.9   1.227   2.4   0.0
   1 1986 271 10467.   8.6  18.5   1.451   2.4   0.0
   1 1986 272 16586.   2.5  19.7   1.287   0.8   0.0
   1 1986 273  8975.   8.7  19.9   1.163   4.3   0.0
   1 1986 274 15321.   2.5  19.8   1.305   0.8   0.0
   1 1986 275 15969.   8.7  23.6   1.606   2.4   0.0
   1 1986 276 14221.   7.8  20.8   1.474   2.4   0.0
   1 1986 277 11223.  10.5  17.0   1.185   2.4   0.0
   1 1986 278 15359.   1.0  15.5   1.073   0.8   0.0
   1 1986 279  9105.   1.2  18.3   1.163   0.8   0.0
   1 1986 280  5153.   7.7  19.7   1.371   2.4   0.0
   1 1986 281  3638.   9.5  16.5   1.414   0.8   0.0
   1 1986 282 10170.   9.2  16.6   1.450   0.8   0.0
   1 1986 283 13278.   2.8  19.1   1.287   2.4   0.0
   1 1986 284 10962.   5.9  20.0   1.470   0.8   0.0
   1 1986 285 13652.   6.7  18.5   1.436   2.4   0.0
   1 1986 286 13774.   4.6  17.9   1.206   4.3   0.0
   1 1986 287 12865.   6.3  18.5   1.273   4.3   0.0
   1 1986 288 11069.   4.2  17.2   1.059   4.3   0.0
   1 1986 289 13200.   4.2  17.5   0.835   4.3   0.0
   1 1986 290 11051.  -1.3  15.2   0.981   0.8   0.0
   1 1986 291 10216.   0.0  15.4   1.033   2.4   0.0
   1 1986 292  6926.   5.1  16.2   1.056   2.4   0.0
   1 1986 293  3353.   9.2  16.1   1.147   0.8   0.0
   1 1986 294  5524.   8.0  12.1   0.717   6.7   0.0
   1 1986 295  3256.   6.5  11.7   1.113   0.8   0.0
   1 1986 296  2939.  10.7  13.2   0.983   0.8   0.0
   1 1986 297  8823.   3.1  11.7   0.909   2.4   0.0
   1 1986 298  6601.  -0.3  10.4   0.798   4.3   0.0
   1 1986 299  2810.   1.5   9.2   0.842   2.4   0.0
   1 1986 300  2769.   6.6   8.5   0.991   2.4   0.0
   1 1986 301  8311.   2.5  11.6   0.978   2.4   0.0
   1 1986 302  7038.   3.2   9.1   0.928   2.4   0.0
   1 1986 303  4021.   5.0  10.2   1.005   2.4   0.0
   1 1986 304  5236.   2.8  12.2   1.008   0.8   0.0
   1 1986 305  3117.   4.2  12.7   1.087   2.4   0.0
   1 1986 306  2530.   7.1   8.5   0.998   0.8   0.0
   1 1986 307  8050.   2.3   7.4   0.735   2.4   0.0
   1 1986 308  4705.  -1.7   6.8   0.661   2.4   0.0
   1 1986 309  5374.   1.1   6.4   0.712   2.4   0.0
   1 1986 310  2382.   3.6  10.2   0.848   4.3   0.0
   1 1986 311  3782.   6.1  10.4   0.766   4.3   0.0
   1 1986 312  7966.   0.2  10.1   0.848   4.3   0.0
   1 1986 313  6248.   2.1  10.2   0.824   0.8   0.0
   1 1986 314  7049.  -0.2  11.7   0.801   2.4   0.0
   1 1986 315  6068.  -1.8   7.9   0.746   2.4   0.0
   1 1986 316  8380.  -1.5   8.2   0.716   2.4   0.0
   1 1986 317  8261.   0.0   4.3   0.700   4.3   0.0
   1 1986 318  8144.   2.5   9.9   0.893   2.4   0.0
   1 1986 319  2090.   4.9   9.0   0.921   0.8   0.0
   1 1986 320  2062.   4.8   6.8   0.887   0.8   0.0
   1 1986 321  2033.   3.9   5.7   0.836   0.8   0.0
   1 1986 322  2435.   4.6   7.5   0.922   0.8   0.0
   1 1986 323  1979.   0.5   6.1   0.752   2.4   0.0
   1 1986 324  1954.   4.6   6.6   0.775   4.3   0.0
   1 1986 325  1928.   3.4   5.0   0.785   4.3   0.0
   1 1986 326  1904.   2.3   5.2   0.664   6.7   0.0
   1 1986 327  1881.   4.4   7.6   0.900   4.3   0.0
   1 1986 328  2993.   4.4   7.2   0.878   4.3   0.0
   1 1986 329  3912.   0.5   8.5   0.810   0.8   0.0
   1 1986 330  4421.   0.6   8.5   0.788   0.8   0.0
   1 1986 331  2507.   2.2   9.4   0.897   4.3   0.0
   1 1986 332  3782.   1.5   7.2   0.751   4.3   0.0
   1 1986 333  4439.   1.4   6.7   0.785   2.4   0.0
   1 1986 334  1738.  -1.0   3.3   0.651   0.8   0.0
   1 1986 335  1721.   0.6   1.6   0.649   2.4   0.0
   1 1986 336  1705.  -2.1   3.6   0.620   0.8   0.0
   1 1986 337  4632.   1.0   6.6   0.763   0.8   0.0
   1 1986 338  1675.  -0.7  -0.3   0.577   0.8   0.0
   1 1986 339  1661.  -3.6  -1.7   0.482   0.8   0.0
   1 1986 340  1648.  -2.7  -1.7   0.493   2.4   0.0
   1 1986 341  1636.  -3.0  -1.4   0.499   2.4   0.0
   1 1986 342  1625.  -3.4  -0.9   0.506   4.3   0.0
   1 1986 343  1614.  -3.8  -0.6   0.499   2.4   0.0
   1 1986 344  1605.  -1.6  -0.7   0.545   0.8   0.0
   1 1986 345  1742.  -1.3   0.7   0.574   0.8   0.0
   1 1986 346  1588.  -0.9   1.4   0.591   0.8   0.0
   1 1986 347  3175.  -1.3   0.3   0.554   2.4   0.0
   1 1986 348  1719.  -4.7  -0.8   0.439   0.8   0.0
   1 1986 349  1569.  -1.9  -1.0   0.533   0.8   0.0
   1 1986 350  2378.  -4.4   4.7   0.568   4.3   0.0
   1 1986 351  3326.  -3.1   3.5   0.378   0.8   0.0
   1 1986 352  1701.  -4.6   3.5   0.464   0.8   0.0
   1 1986 353  1556.  -1.0   5.5   0.496  12.3   0.0
   1 1986 354  2981.   1.9   3.7   0.464  12.3   0.0
   1 1986 355  2363.   0.2   3.1   0.613   6.7   0.0
   1 1986 356  2981.  -1.4  -1.2   0.533   0.8   0.0
   1 1986 357  1557.  -5.3  -2.4   0.349   4.3   0.0
   1 1986 358  3322.  -5.3  -2.5   0.434   2.4   0.0
   1 1986 359  4092.  -9.7  -6.0   0.294   2.4   0.0
   1 1986 360  1710. -16.6  -6.0   0.234   2.4   0.0
   1 1986 361  1571.  -7.5   2.3   0.489   4.3   0.0
   1 1986 362  1914.  -2.8   3.4   0.531   4.3   0.0
   1 1986 363  2212.   3.1   8.9   0.703  12.3   0.0
   1 1986 364  2563.   7.6  10.3   0.746  12.3   0.0
   1 1986 365  3065.   3.9  11.2   0.803   4.3   0.0
