*---------------------------------------------------------------------------*
* Station name: Londrina Embrapa-soja Brazil
* Year: 2001
* Author: Glaciela Kaschuk        -99.000: NIL VALUE
* Source: Embrapa soja, Claudinei Toledo
* Comments: Vapour pressure calculated from minimum UR% and temperature
* Longitude: 51 11 W, latitude: 23 11 S, altitude: 630. m
*
* Column  Daily value
* 1       station number
* 2       year
* 3       day
* 4       irradiation                   (kJ m-2 d-1)
* 5       minimum temperature           (degrees Celsius)
* 6       maximum temperature           (degrees Celsius)
* 7       early morning vapour pressure (kPa)
* 8       mean wind speed (height: 2 m) (m s-1)
* 9       precipitation                 (mm d-1)
*---------------------------------------------------------------------------*
  51.11  23.11   630. 0.00 0.00
       1    2001       1   25820   19.31   29.03    1.28    2.41     0.00
       1    2001       2   27950   18.14   30.16    1.01    2.04     0.00
       1    2001       3   27670   19.08   30.21    1.02    2.36     0.00
       1    2001       4   28470   17.94   29.55    0.77    2.11     0.00
       1    2001       5   17090   19.48   30.31    1.35    1.61     0.50
       1    2001       6   22790   20.64   31.99    1.16    1.70     0.00
       1    2001       7   25090   19.76   32.47    0.91    1.74     0.00
       1    2001       8   20600   21.29    31.9    1.33    1.76     0.00
       1    2001       9   21310    20.1   28.86    1.43    1.89     0.00
       1    2001      10   17530   20.03   29.04    1.42    2.29    25.20
       1    2001      11    8900   18.15   23.35    1.74    3.07    22.50
       1    2001      12    8870   18.48   22.77    1.92    1.83    13.80
       1    2001      13   14040   18.24   25.67    1.62    2.23     0.20
       1    2001      14   20720    17.7   28.93    1.09    1.15     0.00
       1    2001      15   22540   20.05   30.03    1.12    1.64     0.00
       1    2001      16   20530   19.53   30.16    1.40    1.76     7.00
       1    2001      17   26520   20.69   31.69    1.15    1.43     0.00
       1    2001      18   27200   22.06   32.94    1.05    1.45     0.00
       1    2001      19   21940   22.39   31.69    1.27    1.85     0.10
       1    2001      20   18710   19.79    27.9    1.53    1.86     5.50
       1    2001      21   21410   19.85   29.01    1.42    2.11    28.90
       1    2001      22   25740   19.67   29.61    1.22    1.79     0.00
       1    2001      23   18710   19.52   28.33    1.56    1.96     0.00
       1    2001      24   18010   20.36   30.18    1.45    1.57     2.90
       1    2001      25   21650   20.41   30.43    1.39    1.44    10.30
       1    2001      26   18510   21.24   28.92    1.60    1.52     0.10
       1    2001      27   16750   22.63   31.32    1.60    1.65     0.00
       1    2001      28   20240   20.75   31.53    1.52    1.96     1.50
       1    2001      29   21560   20.87   28.24    1.82    2.75     0.00
       1    2001      30   22690   20.75   30.55    1.45    1.93     0.00
       1    2001      31   20030   20.43   30.96    1.46    1.83     5.40
       1    2001      32   16420   20.49   28.17    1.79    1.89     7.70
       1    2001      33   19200   21.64   29.83    1.54    2.60     1.80
       1    2001      34   19250   20.78   29.83    1.47    1.83    13.00
       1    2001      35   23330   20.47   30.68    1.46    1.67     0.70
       1    2001      36   13350   21.04   30.07    1.61    1.62    21.80
       1    2001      37   10540   19.48   26.41    1.86    3.62    36.90
       1    2001      38   18680   20.17   28.01    1.74    1.73     0.00
       1    2001      39   21670   21.72   31.07    1.51    1.56     0.00
       1    2001      40   14580   19.76   28.18    1.70    1.58     2.40
       1    2001      41   18830   19.52   29.29    1.58    1.75     6.80
       1    2001      42   20260   20.94   30.31    1.45    1.55     0.40
       1    2001      43   14840   20.12   29.37    1.53    1.66    78.20
       1    2001      44   16920   20.15   28.08    1.69    1.63    15.40
       1    2001      45    6455   20.05   24.98    2.18    3.16    37.50
       1    2001      46   10700   20.24   26.62    1.95    2.94    11.70
       1    2001      47   21520    19.7   29.74    1.48    1.47     0.00
       1    2001      48   18510   20.23   28.61    1.67    2.38    46.20
       1    2001      49   10450   19.66   24.85    2.01    1.98    10.90
       1    2001      50   16660    20.3   28.67    1.72    1.49     8.40
       1    2001      51   17590   19.87   29.24    1.46    1.40    24.70
       1    2001      52   20400   20.42   30.29    1.59    1.83     0.00
       1    2001      53   21730    19.5   31.53    1.34    2.06    20.60
       1    2001      54    8050   20.71   28.17    1.77    1.54     0.00
       1    2001      55   23870   18.75    30.4    1.23    1.63     0.00
       1    2001      56   19090   21.35    30.4    1.54    1.53     0.00
       1    2001      57   23400   19.84   31.13    1.26    1.49     0.10
       1    2001      58   24300   19.74   30.53    1.23    2.41     0.00
       1    2001      59   24790    18.3   30.45    0.84    2.07     0.00
       1    2001      60   22030   18.71   30.13    1.07    1.91     0.00
       1    2001      61   21830   19.27   30.99    1.13    1.77     0.00
       1    2001      62   19590   19.88   30.98    1.25    1.75     0.00
       1    2001      63   19680   20.25   31.73    1.16    1.71     0.00
       1    2001      64   19340    20.1   31.16    1.19    1.78     0.30
       1    2001      65   12560   20.26   28.99    1.63    1.52     0.00
       1    2001      66   15590   21.17   28.62    1.61    2.05     0.00
       1    2001      67   11130   21.09   27.23    1.86    1.80     9.40
       1    2001      68   11900   20.63   28.14    1.73    1.73    16.20
       1    2001      69   15320   21.15    29.5    1.66    1.54     0.90
       1    2001      70   20830   20.06    31.1    1.23    1.51     0.00
       1    2001      71   21060   18.23   28.97    1.13    2.14     1.10
       1    2001      72   15470   19.61   29.82    1.27    2.44     0.60
       1    2001      73   19810   21.34   31.21    1.37    2.04     5.00
       1    2001      74   19590   21.38   32.38    1.19    1.76     0.10
       1    2001      75   17480   21.27   33.58    1.01    1.46    12.10
       1    2001      76   12230   19.72    31.2    1.38    1.73    10.30
       1    2001      77    8660   19.34   25.79    1.80    1.47    15.60
       1    2001      78   11560   19.04   26.54    1.60    2.08     6.50
       1    2001      79   14510   18.92   29.82    1.21    1.18     0.00
       1    2001      80   17060   20.01   30.94    1.10    1.61     0.00
       1    2001      81   20620   21.21   32.64    1.02    2.00     0.00
       1    2001      82   20050   21.39   32.86    0.78    2.12     0.00
       1    2001      83   21120   20.98   34.13    0.57    1.85     0.00
       1    2001      84   17300   20.86   32.26    1.03    1.94     1.60
       1    2001      85   13270   20.98   31.67    1.19    1.58     1.80
       1    2001      86   15900   19.61    30.3    1.18    1.81     0.60
       1    2001      87    4527   18.69   21.71    2.01    1.43     4.40
       1    2001      88   14260   18.61   28.27    1.07    1.06     0.20
       1    2001      89   18130   18.87   29.47    1.12    1.83     0.00
       1    2001      90   17820   18.63   29.59    1.15    2.23     0.00
       1    2001      91   12390   16.92   29.73    1.08    2.08     7.00
       1    2001      92   16920      16   26.79    1.11    1.36     0.00
       1    2001      93   17220   18.86   29.49    0.99    1.29     0.00
       1    2001      94   18990      18   29.55    0.80    1.77     0.00
       1    2001      95   18200   17.26    30.9    0.82    1.87     0.00
       1    2001      96   13810    20.8    30.8    1.32    1.76     0.00
       1    2001      97   14060    20.7   30.59    1.39    2.09     0.00
       1    2001      98   15930   20.14   30.68    1.23    1.76     0.00
       1    2001      99    5808   20.51   26.01    1.81    1.60     1.40
       1    2001     100   16300   19.13   30.01    1.20    2.18     0.00
       1    2001     101   14760    21.4   31.75    1.08    1.32     0.00
       1    2001     102   17050    19.9   30.96    1.14    1.76     0.00
       1    2001     103   18070   17.91    29.5    0.65    2.53     0.00
       1    2001     104   17280    15.7   28.85    0.79    2.71     0.00
       1    2001     105   15730    16.7   29.37    0.77    1.92     0.00
       1    2001     106   17940   17.57   29.34    0.73    2.57     0.00
       1    2001     107   17990   16.39   28.54    0.61    2.01     0.00
       1    2001     108   17800   16.57   28.57    0.75    1.73     0.00
       1    2001     109   17450   17.69    30.6    0.60    1.62     0.00
       1    2001     110   15620   19.88   31.22    0.80    1.99     0.00
       1    2001     111    6752    18.4   27.12    1.12    1.88    16.40
       1    2001     112    6512   18.01   23.47    1.73    1.97     4.90
       1    2001     113   10270   20.01   27.55    1.80    2.12    33.10
       1    2001     114   11680   20.06   27.59    1.78    1.70     8.30
       1    2001     115   16340    19.4   29.44    1.40    1.87     0.00
       1    2001     116   16780   19.44   30.39    0.91    1.86     0.00
       1    2001     117   17240   18.64   30.31    0.62    1.26     0.00
       1    2001     118   11110   19.88    30.4    1.07    1.25     0.00
       1    2001     119   15450   21.14   30.63    0.92    1.83     0.00
       1    2001     120   15830   18.88   28.63    1.14    2.69     0.00
       1    2001     121   14040    18.2   28.89    0.88    1.92     0.00
       1    2001     122   15860   19.87   31.05    0.78    1.32     0.00
       1    2001     123   11860   19.71   30.98    1.06    1.79     0.00
       1    2001     124    9890   11.45    24.7    0.88    4.09    19.60
       1    2001     125   17690   6.262   19.09    0.33    2.26     0.00
       1    2001     126   17110    9.29   21.92    0.52    1.31     0.00
       1    2001     127   16660   10.77   22.37    0.55    1.57     0.00
       1    2001     128   14330   11.86   22.83    0.70    1.58     0.00
       1    2001     129   15190   15.22   27.08    0.77    1.32     0.00
       1    2001     130   11610   18.81    28.5    1.08    1.86     2.80
       1    2001     131    7570   16.37   21.54    1.28    3.06     2.00
       1    2001     132   11480   13.76   21.92    1.03    2.08    23.70
       1    2001     133    6986   13.04   18.03    1.26    1.89     0.20
       1    2001     134    6032   12.82   18.24    1.12    1.93     0.00
       1    2001     135    7650   11.53   17.95    1.02    2.49     1.20
       1    2001     136    1839   13.21   15.54    1.51    1.90    53.60
       1    2001     137   15920    9.13   16.56    0.67    3.99     1.80
       1    2001     138   16130   6.494    20.1    0.42    1.85     0.00
       1    2001     139   15590    9.28   21.75    0.62    1.58     0.00
       1    2001     140   13030   11.51   22.22    0.83    2.37     0.10
       1    2001     141   11930   14.55   24.68    0.84    2.24     0.00
       1    2001     142    2185   14.89   18.47    1.26    1.88    33.30
       1    2001     143   10410    14.6   21.86    1.29    1.69     0.10
       1    2001     144   15120   13.52   22.92    1.03    2.82     0.00
       1    2001     145   12070   13.72   23.19    1.14    2.55     0.00
       1    2001     146   10250   14.21   22.73    1.21    1.99     0.00
       1    2001     147    4618   16.35   21.99    1.49    2.60    13.10
       1    2001     148    9800   16.71   23.34    1.36    2.43     3.80
       1    2001     149   13380   15.75   25.84    1.34    1.72     0.00
       1    2001     150   14400   17.82   26.56    1.41    1.31     0.00
       1    2001     151   14700   18.09   26.32    1.29    1.21     0.00
       1    2001     152   14400   16.51    26.4    0.92    1.13     0.00
       1    2001     153   14100    16.8   26.38    1.16    1.55     0.00
       1    2001     154   14150   17.14   26.29    1.14    1.29     0.00
       1    2001     155   14090   17.42   26.92    1.22    1.42     0.00
       1    2001     156   13820   18.45    27.5    1.34    1.39     0.00
       1    2001     157   14010   18.81   27.12    1.33    1.38     0.00
       1    2001     158    6437   17.25   21.98    1.60    1.87     7.10
       1    2001     159    8600   16.38   22.71    1.51    1.66     0.00
       1    2001     160   13460    15.7   25.27    1.22    1.49     0.00
       1    2001     161   14520   15.36    24.6    0.92    1.20     0.00
       1    2001     162   13700   14.21      23    1.13    2.13     0.00
       1    2001     163   13620   14.68   23.73    1.05    2.00     0.00
       1    2001     164   13890   14.55   24.07    1.03    1.28     0.00
       1    2001     165   13480   15.03    25.2    0.99    1.21     0.00
       1    2001     166   13870   16.72   26.34    0.92    1.32     0.00
       1    2001     167    9420   16.65    25.4    1.04    2.09     0.40
       1    2001     168    2401    9.57   18.62    1.11    2.92    16.20
       1    2001     169    1349    7.54    9.67    0.99    2.10    19.40
       1    2001     170    1377    9.65   12.91    1.23    2.21    22.40
       1    2001     171   10790   5.288   12.63    0.51    4.13     4.90
       1    2001     172   14990   2.354    14.7    0.33    1.33     0.00
       1    2001     173   11880   5.534   15.72    0.51    1.45     0.00
       1    2001     174   11410    8.32   19.31    0.55    1.16     0.00
       1    2001     175    9430   12.14   21.16    1.04    1.69     0.00
       1    2001     176    7440   14.69    23.8    1.21    1.68     2.00
       1    2001     177    7540    7.69   16.09    0.67    3.71    11.20
       1    2001     178   13490   6.944   16.27    0.62    1.42     0.00
       1    2001     179   10780    8.48   17.75    0.80    2.14     0.00
       1    2001     180    6298   10.16   16.09    1.02    2.26     0.00
       1    2001     181   13840   10.04   22.65    0.76    1.45     0.00
       1    2001     182   12460   12.44    23.5    0.86    1.16     0.00
       1    2001     183   13130   14.42   25.41    0.90    1.28     0.00
       1    2001     184   13480    15.3   25.46    0.90    1.27     0.00
       1    2001     185   13860   15.76   26.06    0.89    1.48     0.00
       1    2001     186   13390   15.63    26.4    0.72    1.04     0.00
       1    2001     187   13020   12.94   23.07    0.93    2.46     0.00
       1    2001     188   13990   13.03   23.72    0.80    2.34     0.00
       1    2001     189   10800   14.28    23.3    1.07    1.73     0.00
       1    2001     190   11000   16.12   24.14    1.09    1.26     0.00
       1    2001     191   14010   15.53   25.67    0.87    1.35     0.00
       1    2001     192   12040   12.65   26.51    0.62    2.25     7.60
       1    2001     193   14950   10.78   20.78    0.67    1.83     0.20
       1    2001     194   15680    7.79   18.04    0.59    2.88     0.00
       1    2001     195   15050   6.556   21.03    0.58    1.70     0.00
       1    2001     196   12220   11.68   22.13    0.81    1.13     0.00
       1    2001     197   14460   13.67   25.09    0.74    1.27     0.00
       1    2001     198   14600    15.4   26.51    0.70    1.58     0.00
       1    2001     199   10540   16.79   27.54    0.86    1.50     0.00
       1    2001     200   13100   15.42   25.34    0.99    1.84     0.70
       1    2001     201   13580    16.9   29.06    0.89    2.66     0.00
       1    2001     202    9720   19.89   27.69    1.52    3.38     1.30
       1    2001     203   13790   14.15   22.65    1.13    2.25     0.40
       1    2001     204   12760   11.31   19.42    0.90    3.09     0.00
       1    2001     205    7800   12.17   18.55    1.13    1.98     0.00
       1    2001     206   13890   14.08   26.38    0.99    1.57     0.00
       1    2001     207    8930   17.23   25.03    1.35    2.36    16.50
       1    2001     208    1964    8.29   18.49    0.97    3.57     5.00
       1    2001     209   16590   3.733   16.12    0.45    2.08     0.00
       1    2001     210   16780   4.552   18.12    0.48    2.94     0.00
       1    2001     211   15110    8.81   23.55    0.73    1.94     0.00
       1    2001     212   15220   14.28   26.48    0.93    1.64     0.00
       1    2001     213   15680   16.92   27.44    0.75    1.33     0.00
       1    2001     214   15850   16.03   26.73    0.63    1.58     0.00
       1    2001     215   16080    13.7   26.18    0.63    1.78     0.00
       1    2001     216   16040   15.05   27.52    0.65    1.53     0.00
       1    2001     217   15350   16.11   26.94    0.66    1.64     0.00
       1    2001     218   16440   14.06   26.47    0.62    1.68     0.00
       1    2001     219   16140   15.41   27.42    0.60    1.28     0.00
       1    2001     220   15730   16.17   26.67    0.71    1.61     0.00
       1    2001     221   16210   12.04   24.96    0.55    1.53     0.00
       1    2001     222   16770   14.22   25.57    0.48    1.37     0.00
       1    2001     223   16350   11.64   25.08    0.57    2.51     0.00
       1    2001     224   16840   11.99   25.98    0.61    2.96     0.00
       1    2001     225   16540   13.36   25.98    0.55    2.40     0.00
       1    2001     226   17100    13.3    26.9    0.49    2.14     0.00
       1    2001     227   17630   13.84   26.78    0.47    2.10     0.00
       1    2001     228   16020   13.49      26    0.62    2.26     0.00
       1    2001     229   16240   14.12   26.32    0.60    2.26     0.00
       1    2001     230   18050   15.52   27.99    0.53    2.14     0.00
       1    2001     231   16330   16.44   28.54    0.58    1.69     0.00
       1    2001     232   12510   18.04   27.07    0.94    1.56     0.00
       1    2001     233   16300   15.93   27.43    0.72    2.01     0.00
       1    2001     234   12990   13.05   23.81    0.90    1.93     0.00
       1    2001     235   13780   12.42   22.84    0.91    2.47     0.00
       1    2001     236    4876   13.86   18.99    1.45    2.03     6.40
       1    2001     237   12500   13.89   25.59    0.91    2.63    17.10
       1    2001     238    6510   15.22   22.01    1.29    1.82     1.10
       1    2001     239    8590    16.9   21.88    1.55    2.03     4.80
       1    2001     240    8140    16.1   23.16    1.29    2.35     1.40
       1    2001     241   10090   16.11   24.53    1.22    1.82     1.10
       1    2001     242   15810   16.45   29.39    0.99    1.64     0.00
       1    2001     243   17820   19.35   30.57    0.96    1.59     0.00
       1    2001     244   18010   20.12   31.92    0.65    1.49     0.00
       1    2001     245   18250   19.05   31.84    0.72    1.52     0.00
       1    2001     246   17970   20.19   31.51    0.78    1.40     0.00
       1    2001     247   16900    20.7   32.58    0.72    1.15     0.00
       1    2001     248   17870   18.06   29.31    0.95    2.87     0.00
       1    2001     249   15790   16.71    26.5    1.04    3.66     0.00
       1    2001     250   19490   14.49   26.47    0.80    3.41     0.00
       1    2001     251   18790   13.98   30.54    0.61    2.19     0.00
       1    2001     252   15590   16.71   30.27    0.71    1.65     0.00
       1    2001     253   17780   20.02    33.6    0.70    2.26     0.00
       1    2001     254   16620    17.2   29.32    0.64    2.43     2.10
       1    2001     255   18150   12.51   25.35    0.56    3.69     0.00
       1    2001     256   15920   11.42   28.79    0.59    2.86     6.00
       1    2001     257    8010   17.06    23.3    1.55    2.54    15.60
       1    2001     258   19150   13.33   23.89    0.48    3.27     0.00
       1    2001     259   21110    8.38   18.52    0.17    4.07     0.00
       1    2001     260   22430   4.996   20.97    0.26    3.49     0.00
       1    2001     261   21800     9.8   23.23    0.44    3.94     0.00
       1    2001     262   21080   10.74   26.29    0.40    3.10     0.00
       1    2001     263   11860   12.66   22.34    0.83    3.09     0.00
       1    2001     264    6823    14.5   21.91    0.95    2.57    15.00
       1    2001     265    6665    15.4   21.59    1.44    2.64     1.50
       1    2001     266   16660   15.78   25.87    1.15    2.22     3.30
       1    2001     267   15920   15.36   28.08    0.98    2.24     3.30
       1    2001     268    2908   17.31   19.82    1.67    2.34     5.50
       1    2001     269   12320   17.67   24.36    1.40    3.02     0.20
       1    2001     270   14260    16.7   25.69    1.23    2.44     0.00
       1    2001     271   14960    15.7   27.46    1.07    3.49    19.70
       1    2001     272   17710   15.54   26.09    1.22    3.54     0.00
       1    2001     273   17180   15.82   29.27    1.05    2.94     0.00
       1    2001     274    9290    20.1   31.06    1.29    4.34     8.90
       1    2001     275   19380   15.93   24.32    0.81    4.57     0.00
       1    2001     276   23450    13.3   25.64    0.52    3.68     0.00
       1    2001     277   19400   15.49   29.28    0.52    2.80     0.00
       1    2001     278   18960    19.1   29.14    0.73    2.43     0.00
       1    2001     279   20690   16.85   28.37    0.85    2.05     0.00
       1    2001     280   19810   15.54   28.72    0.90    3.43     1.60
       1    2001     281    2917   14.69   18.24    1.68    2.88    37.00
       1    2001     282    8980   16.71   24.48    1.54    1.34     0.40
       1    2001     283   22740   18.15   29.85    0.77    1.47     0.00
       1    2001     284   15280   17.92   28.76    1.08    2.06     0.40
       1    2001     285   23520   16.62   29.53    0.95    2.38     0.00
       1    2001     286   22880   17.39   29.93    0.95    2.26     0.00
       1    2001     287   15960   17.59   27.92    1.04    1.99     0.00
       1    2001     288   23080   17.79   30.01    0.72    1.93     0.00
       1    2001     289   22600   16.37   28.98    0.85    2.29     0.00
       1    2001     290   21570   16.53   28.65    0.90    2.58     0.00
       1    2001     291   17030   17.53   29.57    0.92    2.06    23.30
       1    2001     292   10200   15.92   23.47    1.39    2.34     0.00
       1    2001     293   22460   14.71   28.91    0.75    1.47     0.00
       1    2001     294    4194   17.85   21.93    1.53    1.34     5.30
       1    2001     295   22610   17.14   28.46    0.54    3.07     0.00
       1    2001     296   25540   14.02   29.22    0.18    1.91     0.00
       1    2001     297   24790   14.24   29.83    0.45    2.20     0.00
       1    2001     298   24430   14.47   30.22    0.40    2.93     0.00
       1    2001     299   22650   15.89   31.31    0.67    2.49     0.00
       1    2001     300   22760   17.03   32.72    0.45    1.95     0.00
       1    2001     301   22610   17.24   32.56    0.43    1.67     0.00
       1    2001     302   22550   20.49   33.85    0.64    1.27     0.00
       1    2001     303   12500   21.63   30.08    1.17    2.17     0.00
       1    2001     304   19840   19.88   31.94    0.73    1.60     0.00
       1    2001     305   22440   19.19   32.69    0.73    2.47     0.00
       1    2001     306   21660   16.16    29.8    0.86    3.11     3.80
       1    2001     307   11360   15.26   23.51    1.13    2.26     0.10
       1    2001     308    5054   14.99   19.65    1.48    1.94     3.50
       1    2001     309   25450   14.09   28.47    0.75    1.73     0.00
       1    2001     310   22200   17.64   32.57    0.66    1.52     0.00
       1    2001     311   21390   18.65      34    0.76    2.74     6.30
       1    2001     312   17800    18.8   30.43    1.14    2.13    13.80
       1    2001     313   25570   18.46   32.23    0.91    2.52     0.00
       1    2001     314   22660   19.08   32.56    1.00    2.98     0.00
       1    2001     315    9700   18.23   28.69    1.42    3.91     0.90
       1    2001     316   11100   18.22   24.73    1.53    1.79     0.10
       1    2001     317   11230   18.55   25.59    1.48    1.97     0.00
       1    2001     318   10470   16.93   25.58    1.40    2.19    15.90
       1    2001     319   11060   18.25   25.91    1.54    2.33     1.00
       1    2001     320   16180   18.81   29.13    1.19    1.52     0.00
       1    2001     321   14300   18.48   26.25    1.47    2.87     1.80
       1    2001     322   21550   16.21   27.43    1.10    2.79     0.00
       1    2001     323   19320   17.17   30.14    1.12    2.34     0.50
       1    2001     324   23780   18.22   31.92    0.90    2.41     0.00
       1    2001     325   24210   19.55   33.02    0.90    2.39    16.30
       1    2001     326   12790    19.6   30.93    1.26    1.80     2.40
       1    2001     327   18050   18.73   31.51    0.93    1.34     0.10
       1    2001     328   15640   20.94   32.23    1.13    1.66    19.50
       1    2001     329   16200   20.56   31.38    1.40    1.92     3.90
       1    2001     330   25120   20.09   32.45    1.05    2.41     0.00
       1    2001     331   10200   20.39   25.68    1.83    2.13     2.20
       1    2001     332   19080   20.08   30.81    1.22    2.47     0.00
       1    2001     333   17260   19.51   29.01    1.23    2.22     1.20
       1    2001     334   12750   17.65    26.9    1.23    3.44     0.00
       1    2001     335   28670   12.81   23.76    0.53    4.37     0.00
       1    2001     336   28190   14.88    28.7    0.50    1.37     0.00
       1    2001     337   26230   15.93   30.37    0.46    2.38     0.00
       1    2001     338    8440   17.97   23.35    1.37    2.71     0.90
       1    2001     339   10930   18.68   26.96    1.55    2.47     8.50
       1    2001     340   22640   19.42   28.62    1.03    2.28     0.00
       1    2001     341   22620   19.31   31.68    0.86    1.54     0.00
       1    2001     342   18850   21.63   31.83    1.13    1.69     0.00
       1    2001     343   18400   20.95   29.03    1.56    1.83     0.80
       1    2001     344   23860   19.76   30.76    1.19    2.04     0.10
       1    2001     345    6487   20.55   23.49    2.08    1.79     0.50
       1    2001     346   14730    20.3   27.81    1.47    1.88     1.50
       1    2001     347    3500    19.7   23.24    2.24    1.71    48.30
       1    2001     348   16730   20.32   27.37    1.90    2.02     2.60
       1    2001     349   14880   19.18   26.67    1.61    1.90    12.60
       1    2001     350   22000   19.37   28.91    1.18    2.29     0.00
       1    2001     351   25370   20.06   29.94    1.06    2.84     0.00
       1    2001     352   28560   19.19   30.56    0.76    2.36     0.00
       1    2001     353   27870   22.29   31.75    0.95    1.80     0.00
       1    2001     354   27130   23.03   32.77    0.99    1.60     0.00
       1    2001     355    9050    20.1   26.86    1.86    1.84    20.30
       1    2001     356    6655   18.93   24.28    1.90    3.43    71.00
       1    2001     357   18750   17.89    28.5    1.34    2.46    36.20
       1    2001     358   21210   16.22   23.78    1.38    3.45     2.00
       1    2001     359   26000    15.5      27    1.05    3.15     0.00
       1    2001     360   27510   16.33   27.57    1.14    2.85     0.00
       1    2001     361   25430   16.87   29.06    1.11    1.95     0.00
       1    2001     362   16860   18.84   27.07    1.55    2.09     6.70
       1    2001     363   19670   18.27   28.03    1.36    1.72     0.10
       1    2001     364   27640   18.53   30.52    0.99    1.38     0.00
       1    2001     365   22950   19.96   28.96    1.37    1.90     0.00