*---------------------------------------------------------------------------*
* Station name: Londrina Embrapa-soja Brazil
* Year: 2002
* Author: Glaciela Kaschuk        -99.000: NIL VALUE
* Source: Embrapa soja, Claudinei Toledo
* Comments: Vapour pressure calculated from minimum UR% and temperature
* Longitude: 51 11 W, latitude: 23 11 S, altitude: 630. m
*
* Column  Daily value
* 1       station number
* 2       year
* 3       day
* 4       irradiation                   (kJ m-2 d-1)
* 5       minimum temperature           (degrees Celsius)
* 6       maximum temperature           (degrees Celsius)
* 7       early morning vapour pressure (kPa)
* 8       mean wind speed (height: 2 m) (m s-1)
* 9       precipitation                 (mm d-1)
*---------------------------------------------------------------------------*
  51.11  23.11   630. 0.00 0.00
       1    2002       1   26200   20.63   29.22     1.46     3.20     0.1
       1    2002       2   27730   20.49   30.97     0.89     3.01       0
       1    2002       3   24820   19.95   30.97     0.73     2.49       0
       1    2002       4   22470   18.33    30.7     0.85     1.71       0
       1    2002       5   23450   19.99   31.56     1.02     1.77       0
       1    2002       6   17790   19.65   30.54     1.27     1.55       0
       1    2002       7   22830   21.36   30.32     1.44     1.91       0
       1    2002       8   19470   18.38    29.3     1.23     1.75     3.5
       1    2002       9   18390   18.95   28.36     1.51     2.10    39.2
       1    2002      10   20630   19.12   27.91     1.42     2.39       0
       1    2002      11    9320   18.05   23.26     1.83     2.15    11.5
       1    2002      12    3746   17.78      21     1.92     2.48      58
       1    2002      13   11740    19.8   26.24     1.67     2.09    24.2
       1    2002      14   14690   20.83   28.36     1.70     2.68    25.4
       1    2002      15   23420   19.88   30.25     1.08     1.63     3.5
       1    2002      16   23680    17.3   26.65     1.17     2.11     0.2
       1    2002      17   27760   14.53   26.98     0.76     2.20       0
       1    2002      18   29330   14.31   26.85     0.75     2.39       0
       1    2002      19   27260   15.58   28.59     1.12     2.44       0
       1    2002      20   21380   17.26   28.48     1.42     2.34       0
       1    2002      21   21910   20.42   28.91     1.61     1.97     0.6
       1    2002      22   11850   19.17   29.16     1.55     1.90    71.6
       1    2002      23   20200   19.98    28.1     1.73     1.74     0.2
       1    2002      24   23210   21.31   30.48     1.57     2.08       0
       1    2002      25   18200   20.79   30.26     1.77     2.32     0.3
       1    2002      26   25770   19.93   31.76     1.39     1.87       0
       1    2002      27   18090   21.12   30.63     1.81     1.81     8.8
       1    2002      28   16450    19.2   30.16     1.68     2.17    11.9
       1    2002      29   21590   19.17   29.01     1.46     2.02     2.5
       1    2002      30   21460   20.86   30.59     1.57     1.27    17.2
       1    2002      31   19830   21.46   29.55     1.82     1.81       0
       1    2002      32   19190   22.08    31.7     1.70     2.15       0
       1    2002      33   20720   20.83   30.09     1.40     1.84     0.6
       1    2002      34   25280   17.31   27.63     1.09     2.54       0
       1    2002      35   26930   15.64   27.24     0.87     2.29       0
       1    2002      36   27830   16.96   28.51     0.89     1.59       0
       1    2002      37   23810   18.23   29.31     0.85     1.38       0
       1    2002      38   17580   18.42   26.13     1.59     1.66     6.9
       1    2002      39   20070   20.02   28.75     1.30     1.46     0.2
       1    2002      40   21450      20   28.84     1.36     1.84     0.6
       1    2002      41   21230   20.08   29.68     1.27     1.48       0
       1    2002      42   22190   21.05   30.13     1.24     1.19       0
       1    2002      43   19090   20.01   30.78     1.31     1.53     5.2
       1    2002      44   21120   18.86   30.09     1.33     1.95    28.7
       1    2002      45   15310   18.24   25.98     1.66     1.73     3.9
       1    2002      46   17530   20.43   28.76     1.64     1.35     2.2
       1    2002      47   14270   19.71   26.81     1.80     1.55     0.1
       1    2002      48   22870   19.67    27.7     1.50     2.30       0
       1    2002      49   25920   17.78   28.32     1.32     2.69       0
       1    2002      50   20140   17.47   27.47     1.42     2.53       0
       1    2002      51    4824    17.7   21.51     1.79     2.35    19.4
       1    2002      52    9930   20.49   25.25     2.19     3.20     8.5
       1    2002      53   12200   21.19    25.8     2.14     3.48     2.6
       1    2002      54   25440   19.17   28.25     1.10     2.50       0
       1    2002      55   26020      19   29.49     1.05     1.54       0
       1    2002      56   24830   17.39   28.03     1.18     2.65       0
       1    2002      57   21110   17.19   27.81     1.46     2.45       0
       1    2002      58   14850   19.43   26.96     1.61     2.29     0.5
       1    2002      59   13130    19.2   26.56     1.77     1.55     0.8
       1    2002      60   21760   19.42   30.21     1.23     1.23       0
       1    2002      61   18560   21.02   30.58     1.60     1.69       0
       1    2002      62   20690   20.12   29.98     1.47     1.70       0
       1    2002      63   23790   20.28   30.69     1.26     1.78       0
       1    2002      64   22700   20.99   31.52     1.14     1.44       0
       1    2002      65   22000   22.53   32.29     1.09     1.81       0
       1    2002      66   23070   21.34   32.17     1.14     1.93       0
       1    2002      67   22130   20.96   32.98     1.10     1.21       0
       1    2002      68   21380   21.98    34.3     1.12     1.23       0
       1    2002      69   22210   22.31   33.54     1.09     1.74       0
       1    2002      70   20590   21.89   32.97     1.11     1.65       0
       1    2002      71   20900   22.52    34.1     0.99     1.51       0
       1    2002      72   21010   21.76   33.54     0.95     1.73     3.8
       1    2002      73   12160   19.27   31.92     1.22     1.71    40.1
       1    2002      74   21680   18.98   32.17     1.07     1.04     0.1
       1    2002      75   20490   21.55   32.99     1.23     1.45       0
       1    2002      76   21970   21.21   33.55     1.06     1.28       0
       1    2002      77   21980   22.96   32.86     1.13     1.21       0
       1    2002      78   15950   21.17   33.03     1.16     2.22       0
       1    2002      79   16470   20.63   31.24     1.42     1.61       0
       1    2002      80   14970   20.28   29.06     1.48     3.16       0
       1    2002      81   22490    17.6   29.77     1.04     3.46       0
       1    2002      82   14560   18.83   27.28     1.45     2.07     0.3
       1    2002      83    7250   20.27   25.94     2.04     1.81    17.3
       1    2002      84   16190   19.73   29.68     1.46     1.16     0.4
       1    2002      85   21440   20.37   31.65     1.09     1.43       0
       1    2002      86   19730   20.15   31.98     0.92     1.55       0
       1    2002      87   20070   19.23   30.96     1.19     1.81       0
       1    2002      88   16850   20.32   32.63     1.05     2.16       0
       1    2002      89   17040   21.68   32.46     1.06     1.99       0
       1    2002      90   18980   21.19   31.61     1.16     2.12       0
       1    2002      91   18630   21.28   31.44     1.15     2.31       0
       1    2002      92   13250    20.2   32.69     1.00     1.85     0.7
       1    2002      93   18030   19.82   31.73     0.96     1.39       0
       1    2002      94   18680   19.48   31.11     1.08     1.85       0
       1    2002      95   19390   17.97   30.21     0.83     2.04       0
       1    2002      96   19300   18.06   30.71     0.71     1.61       0
       1    2002      97   16900   18.03   30.74     0.89     1.82       0
       1    2002      98   18890   18.01   30.62     0.93     2.10       0
       1    2002      99   18460    17.6   29.86     0.91     1.79       0
       1    2002     100   19710   18.24   30.23     0.86     1.72       0
       1    2002     101   19490   18.67   31.81     0.60     1.82       0
       1    2002     102   19030   20.58   33.51     0.77     1.20       0
       1    2002     103   17160   20.61   30.57     1.28     2.54       0
       1    2002     104   18300   19.05   31.27     0.96     2.13       0
       1    2002     105   16480   18.98   31.63     0.90     1.75       0
       1    2002     106   17730   20.08   32.27     0.97     1.78       0
       1    2002     107   17450   20.97   32.69     0.97     1.72       0
       1    2002     108   15270   22.53   33.03     0.99     1.31     0.8
       1    2002     109   17990   19.84   32.06     0.99     2.37       0
       1    2002     110   16500   19.74    32.5     0.81     2.10       0
       1    2002     111   18090    20.1   32.38     0.90     2.06       0
       1    2002     112   17390   18.95   30.79     1.08     3.03       0
       1    2002     113   17430   19.01   31.95     0.75     2.14       0
       1    2002     114   16590   19.55   32.05     0.79     1.79       0
       1    2002     115   18350   21.88   32.73     0.84     1.48       0
       1    2002     116   16560    20.7   32.36     0.72     1.39       0
       1    2002     117   14610   19.85   32.22     0.77     1.73     0.1
       1    2002     118   16650   17.74   29.71     0.91     2.18       0
       1    2002     119   13200   18.18   30.77     0.87     2.49     0.5
       1    2002     120    7550   18.98    24.9     1.62     1.49     0.3
       1    2002     121   16420   17.78   28.25     1.02     1.32       0
       1    2002     122   12600   17.44   28.87     0.97     1.95     4.9
       1    2002     123    9120   17.56   25.65     1.57     1.52       6
       1    2002     124   10570   17.19   25.21     1.54     1.29    21.3
       1    2002     125    5985   16.84   23.49     1.62     1.86    26.4
       1    2002     126   12280   16.79   26.11     1.30     1.42     1.6
       1    2002     127   14880   18.39   27.65     1.35     1.49       0
       1    2002     128    6620   16.77   25.24     1.40     1.90    15.4
       1    2002     129   12600   15.58   23.96     1.22     1.21     0.1
       1    2002     130   15470   15.69   25.99     1.10     1.98       0
       1    2002     131   16610   16.19   27.94     0.99     1.62       0
       1    2002     132   15830   16.98   27.67     1.10     1.56       0
       1    2002     133   15930   18.46    28.7     1.06     1.68       0
       1    2002     134   12900   17.78   29.25     0.99     1.99       0
       1    2002     135   15190   19.44   29.77     0.94     1.93       0
       1    2002     136    1904   16.82   23.73     1.29     1.78    23.5
       1    2002     137   13190    17.1   26.53     1.34     1.41     0.4
       1    2002     138    3978   17.06    19.6     1.90     2.41    33.1
       1    2002     139    3280   16.74   19.55     1.76     2.05    32.3
       1    2002     140    2174   15.98   18.14     1.90     2.19    95.4
       1    2002     141    7900   14.51   20.81     1.33     2.09     0.9
       1    2002     142   10740   14.49   20.82     1.20     2.40       0
       1    2002     143   10160    13.2   22.45     0.96     2.71       0
       1    2002     144   13160   12.92   22.06     0.90     2.83       0
       1    2002     145   15320   10.88    22.5     0.63     2.23       0
       1    2002     146   15590    11.2   22.74     0.74     2.14       0
       1    2002     147   14000      14   23.15     0.85     1.52       0
       1    2002     148   15280   13.75   24.17     0.73     1.47       0
       1    2002     149   12210   14.84   24.45     0.82     1.54       0
       1    2002     150    9770   15.05   24.18     0.92     1.32       0
       1    2002     151    3012   15.77   18.51     1.63     1.26       4
       1    2002     152   11920   15.47   23.79     1.28     1.75     0.1
       1    2002     153   13730   16.23   26.23     1.07     1.95       0
       1    2002     154   14240   16.94   25.82     1.10     1.49       0
       1    2002     155   14420    16.8    26.3     0.99     1.32       0
       1    2002     156   14260   16.84    28.1     0.85     1.56       0
       1    2002     157   13150    17.2   27.07     0.92     1.22       0
       1    2002     158   14090   16.38   28.08     0.73     1.98       0
       1    2002     159   13860   17.04   27.62     0.88     1.33       0
       1    2002     160   14030   17.67      28     0.86     1.29       0
       1    2002     161   13940   19.08    28.6     0.84     1.21       0
       1    2002     162   12240   15.79   25.86     1.14     1.62       0
       1    2002     163   13350   18.85   27.62     1.09     1.66       0
       1    2002     164   13310   18.23   26.56     1.15     1.45       0
       1    2002     165   12480   18.25   27.38     1.09     1.28       0
       1    2002     166   13250   15.41   23.77     1.19     2.27       0
       1    2002     167   13550   13.67   23.96     1.04     1.73       0
       1    2002     168   13140    15.4    24.4     1.13     1.56       0
       1    2002     169   13010   16.44   27.23     0.85     1.47       0
       1    2002     170    6287   16.99   23.59     1.31     1.37       0
       1    2002     171   12980   14.99   25.01     1.05     1.66       0
       1    2002     172   13240   17.31   26.81     0.77     1.29       0
       1    2002     173   12840   15.49   23.61     1.18     1.55     5.6
       1    2002     174   13150   11.77   20.89     0.91     2.19       0
       1    2002     175   13030   12.91   24.49     0.84     1.21     0.3
       1    2002     176   11410   13.09   21.72     0.82     1.45       0
       1    2002     177   11350    10.4   20.48     0.81     1.70       0
       1    2002     178   13680   12.34   24.76     0.73     1.72       0
       1    2002     179   13350   14.42   26.35     0.87     1.74       0
       1    2002     180   12830    15.9   26.54     0.88     1.46       0
       1    2002     181   13640    16.8   27.65     0.81     1.45       0
       1    2002     182   13510   18.01   26.89     0.94     1.27       0
       1    2002     183   13030   15.08   24.41     1.03     2.38       0
       1    2002     184   11640   14.75   24.68     0.90     2.12       0
       1    2002     185   12350   15.23   24.82     0.92     1.69       0
       1    2002     186    9290   17.56    23.8     1.26     1.33       0
       1    2002     187    6861    17.4   23.44     1.20     1.27       0
       1    2002     188    8540   10.52   20.01     0.94     5.34     1.8
       1    2002     189    4033    7.86    12.4     0.77     1.20       0
       1    2002     190   14720   6.348   18.44     0.49     1.09       0
       1    2002     191   11940    7.97   19.85     0.58     1.36       0
       1    2002     192    2097   11.94   15.48     0.97     1.29    15.3
       1    2002     193    7460   12.68    19.9     1.11     1.71     0.3
       1    2002     194   13570    9.88   20.48     0.62     1.59       0
       1    2002     195   14250    8.22   20.13     0.63     1.47       0
       1    2002     196   14990    9.67   21.84     0.52     1.37       0
       1    2002     197   14750   11.09   23.75     0.53     1.13       0
       1    2002     198   14920   12.51   22.67     0.53     1.87       0
       1    2002     199   14150     7.5   20.34     0.56     3.13       0
       1    2002     200   10800    9.69   20.96     0.80     1.79       0
       1    2002     201   12350   13.75   23.54     0.99     1.86       0
       1    2002     202    3055   16.43   19.72     1.60     2.24    20.9
       1    2002     203    6708   14.07   19.36     1.37     2.77    24.6
       1    2002     204   10580   13.51   21.17     1.23     1.16       0
       1    2002     205   15110   13.96   25.13     0.97     1.48       0
       1    2002     206   15170   16.45    27.7     0.90     1.27       0
       1    2002     207   14140   17.07   26.37     0.91     1.45       0
       1    2002     208   10400   15.75   24.11     1.07     1.99     2.2
       1    2002     209   16650    9.83   21.92     0.31     1.69     0.1
       1    2002     210   14990    7.83   20.27     0.55     2.32       0
       1    2002     211   12420   11.17   24.51     0.74     1.82       0
       1    2002     212    8350   17.64   24.16     1.39     1.73     9.8
       1    2002     213    2962    16.8   19.37     1.96     1.52    15.2
       1    2002     214    1745   11.83   18.72     1.42     2.61    15.5
       1    2002     215   15200    9.32   17.82     0.61     2.66       0
       1    2002     216   15350   10.37   24.15     0.72     1.15       0
       1    2002     217   14920   17.04   28.96     1.04     2.42       0
       1    2002     218   15160   18.08   28.95     1.05     1.56       0
       1    2002     219   15570   18.73   29.63     0.95     1.55       0
       1    2002     220   11810   18.47   29.29     0.99     1.54       0
       1    2002     221    9350    17.2   25.62     0.89     2.03       0
       1    2002     222   16490   12.53   24.83     0.66     1.77       0
       1    2002     223   15400   14.31   26.88     0.90     1.34       0
       1    2002     224   15670   18.17   29.66     0.94     1.37       0
       1    2002     225   16050   18.72   30.75     0.63     1.69       0
       1    2002     226   15880   18.25   30.62     0.59     1.58       0
       1    2002     227   15440   14.79   26.91     0.90     2.27       0
       1    2002     228   15120   14.54   27.84     0.78     2.09       0
       1    2002     229   16290   17.21    27.7     0.78     2.40       0
       1    2002     230   16820   15.99   29.13     0.64     2.48       0
       1    2002     231   16930   16.84   29.37     0.67     2.23       0
       1    2002     232   15590   18.04   29.38     0.69     2.41       0
       1    2002     233   10360   18.42   25.73     0.98     1.95       0
       1    2002     234   15680   17.56   29.44     0.77     1.82       0
       1    2002     235   16980   16.67   29.53     0.75     1.95       0
       1    2002     236   16980   18.69   30.53     0.82     2.09       0
       1    2002     237   18030   18.68   30.62     0.50     1.99       0
       1    2002     238   18260   15.93   29.13     0.46     2.38       0
       1    2002     239   17820   14.47   27.79     0.61     2.81       0
       1    2002     240   18190      15   29.73     0.47     2.72       0
       1    2002     241    1663   15.61   22.02     0.82     2.08    22.7
       1    2002     242   12450   16.47   24.53     0.95     2.04     0.1
       1    2002     243    8810   11.85    23.1     0.45     2.60       0
       1    2002     244   18880   6.589   17.16     0.27     3.78       0
       1    2002     245   21040   2.676   18.55     0.14     2.65       0
       1    2002     246   20570    7.26   23.36     0.23     1.14       0
       1    2002     247   18310   11.47    24.7     0.30     1.51       0
       1    2002     248   10910   13.77   22.69     0.61     2.34     0.5
       1    2002     249   15910   16.35   32.48     0.68     3.47     4.7
       1    2002     250   15020   15.65    25.8     0.70     2.32     0.3
       1    2002     251    9070   13.19   19.84     0.93     3.43       0
       1    2002     252    6207    12.8   18.69     1.22     2.28     1.3
       1    2002     253   18250    13.6   28.04     0.80     2.46     0.1
       1    2002     254   16960   16.09   30.57     0.75     2.56       0
       1    2002     255   13790   19.01   31.64     0.74     3.04       0
       1    2002     256    4076   18.07   22.13     1.85     1.27       4
       1    2002     257   16800   18.87   28.65     0.99     2.71     1.3
       1    2002     258   16840   16.29   28.15     1.10     3.11    25.6
       1    2002     259   17120   15.97   27.29     1.06     2.56     4.4
       1    2002     260   16190   17.24   28.39     1.09     2.22     0.5
       1    2002     261   16760   18.86   29.48     0.92     1.62     0.2
       1    2002     262   12850   19.05   30.08     1.08     2.23    12.9
       1    2002     263    2930   14.82   20.37     1.54     2.39      26
       1    2002     264   21140   12.49   23.76     0.39     2.07       0
       1    2002     265   21100    9.47   23.01     0.58     2.15       0
       1    2002     266   13830   13.52   22.12     0.84     1.72       0
       1    2002     267   21750   12.98   25.23     0.50     2.35       0
       1    2002     268   21930   10.64   25.21     0.49     2.51       0
       1    2002     269   22250   12.91   26.75     0.49     1.61       0
       1    2002     270   21920   14.22   29.32     0.54     2.04       0
       1    2002     271   21140   13.58   29.17     0.62     2.29       0
       1    2002     272   20430      18   32.04     0.66     1.70       0
       1    2002     273   16890   20.78   33.69     0.68     2.44     0.8
       1    2002     274   12320   18.92   30.06     1.07     3.27     0.3
       1    2002     275   19840   16.23   27.83     1.02     3.01       0
       1    2002     276    7730   16.94   22.83     1.32     3.15     0.8
       1    2002     277   19590   16.34   32.64     0.81     1.27       0
       1    2002     278   19930   21.52   33.91     0.92     1.80       0
       1    2002     279   21480   19.59   34.48     0.68     2.17       0
       1    2002     280   20000   22.25   34.72     1.05     2.26       0
       1    2002     281   20970   22.49   35.77     0.71     1.77       0
       1    2002     282   20790   21.63   35.65     0.46     2.16       0
       1    2002     283   21250   21.37   36.16     0.57     1.71       0
       1    2002     284   20930   21.52   36.55     0.61     2.73       0
       1    2002     285   14010   20.87   31.94     1.06     2.87       0
       1    2002     286   11230   20.28   31.88     0.93     1.58     0.5
       1    2002     287   14490   21.06   33.11     0.92     2.40     0.8
       1    2002     288   15990   22.31    34.2     0.80     2.16       0
       1    2002     289   15350   20.56   34.12     0.56     2.69       0
       1    2002     290   11650   20.55   29.91     1.08     2.07       0
       1    2002     291    7960   17.52   26.09     1.24     3.42       0
       1    2002     292   19760   18.59    32.9     0.77     2.65       0
       1    2002     293   18740   21.74    35.2     0.77     2.53       0
       1    2002     294   15150   20.05   34.89     0.82     3.89     4.9
       1    2002     295   14350   17.91    27.8     1.30     1.65       0
       1    2002     296   23940    14.1   28.05     0.77     3.85       0
       1    2002     297   23310   14.46   33.46     0.62     2.41       0
       1    2002     298   12410   17.93   29.42     1.17     2.54    35.4
       1    2002     299    9740   17.29   27.34     1.20     3.08     7.5
       1    2002     300   19840   17.13    29.8     1.02     1.63       0
       1    2002     301   17200   19.64    31.9     1.04     1.79       0
       1    2002     302   16380    20.1   33.05     1.04     2.46    20.6
       1    2002     303    8250   18.32   24.58     1.73     2.05     9.1
       1    2002     304   15650   17.68   26.63     1.36     2.17     0.7
       1    2002     305   21160   17.46   29.76     0.99     1.66       0
       1    2002     306   25940   17.25   31.43     0.75     2.09       0
       1    2002     307   25130   17.98   33.37     0.69     2.16       0
       1    2002     308    8220   18.42   27.84     1.07     2.84    36.4
       1    2002     309   19740   17.06   24.91     1.28     3.03       0
       1    2002     310   22070   14.09   25.54     0.78     4.07       0
       1    2002     311   27430   11.58   26.07     0.49     3.84       0
       1    2002     312   26500   13.44   27.53     0.57     2.67       0
       1    2002     313   26460   15.35   33.03     0.48     2.21       0
       1    2002     314    6254   19.32   28.78     1.12     4.35    13.2
       1    2002     315   16670   18.32    27.4     0.63     2.30     4.6
       1    2002     316   14020   17.16    27.2     0.88     2.18       0
       1    2002     317    2527   14.81   19.17     1.34     2.96    42.1
       1    2002     318   15490   15.27   27.43     1.20     2.30     0.5
       1    2002     319   18460   17.76   29.08     1.24     1.78     0.1
       1    2002     320    8760   20.34   27.27     1.62     1.50       0
       1    2002     321   20150    21.2   33.75     1.24     1.98     9.2
       1    2002     322   16130   19.24   32.97     1.11     3.12    31.9
       1    2002     323   12560   19.19   27.13     1.64     1.63     0.1
       1    2002     324   20400   21.25   32.34     1.32     1.71       0
       1    2002     325   15870    22.1   34.07     1.20     2.44       0
       1    2002     326   15700   19.84   29.67     1.23     4.09       0
       1    2002     327   21030   17.57   31.73     1.00     2.42       0
       1    2002     328   13280   21.14   29.85     1.69     2.05    11.9
       1    2002     329   13740   20.82   30.35     1.52     2.58    14.9
       1    2002     330    5768   20.56   26.44     2.07     2.10    29.4
       1    2002     331   18490   20.55   31.56     1.56     1.75     0.1
       1    2002     332    7790    20.5   24.67     2.12     1.83    19.4
       1    2002     333   13310   20.38   28.68     1.76     1.99    14.9
       1    2002     334   12790   20.83   29.53     1.81     1.93     7.5
       1    2002     335   18740   20.21   32.03     1.41     2.45     4.2
       1    2002     336   10360   20.66   25.81     1.99     2.06    10.7
       1    2002     337   15140   20.46   29.21     1.67     2.25       0
       1    2002     338   17940   20.39   31.41     1.28     2.47     4.6
       1    2002     339   15540   21.16   31.15     1.55     1.47       0
       1    2002     340   16400   20.91   31.88     1.33     3.21     0.8
       1    2002     341   15450   20.14   28.78     1.67     2.17     0.5
       1    2002     342   11660   20.71   28.05     1.88     2.20     6.6
       1    2002     343   18450   17.67   25.39     1.41     3.75       0
       1    2002     344   14620   17.46    26.4     1.37     3.25       0
       1    2002     345   18010   18.64   26.68     1.61     2.36       0
       1    2002     346   19420   19.56   30.52     1.37     1.50       0
       1    2002     347   20150    20.9   31.02     1.53     1.69     0.8
       1    2002     348   17470   20.74   30.95     1.27     1.74       0
       1    2002     349   15440   19.78   29.59     1.42     1.70     2.2
       1    2002     350   18870    20.4   29.87     1.44     2.38     3.4
       1    2002     351   22890   22.18   32.54     1.10     2.39       0
       1    2002     352   23890   19.82   30.86     1.28     2.45       0
       1    2002     353   24830   18.45    32.6     1.05     2.44       0
       1    2002     354   20530    23.4   32.21     1.54     2.42       0
       1    2002     355   13940   20.73   30.55     1.60     2.00       4
       1    2002     356   22590   20.14   30.49     1.47     2.00     0.1
       1    2002     357   13640   19.91   28.98     1.82     1.63    13.7
       1    2002     358   12050   21.56   29.09     1.91     3.38     9.5
       1    2002     359   18380   21.23   29.63     1.38     2.46       0
       1    2002     360   21010   17.74   27.89     1.33     2.95       0
       1    2002     361   22780   17.31    29.5     1.06     2.22       0
       1    2002     362   22330   18.16    30.8     1.06     1.93       0
       1    2002     363   22360   21.45   32.46     0.80     1.63       0
       1    2002     364   11540   20.96   33.92     1.00     1.74       0
       1    2002     365   12380   22.88   33.57     1.10     1.83       6