*---------------------------------------------------------------------------*
* Station name: Londrina Embrapa-soja Brazil
* Year: 2003
* Author: Glaciela Kaschuk        -99.000: NIL VALUE
* Source: Embrapa soja, Claudinei Toledo
* Comments: Vapour pressure calculated from minimum UR% and temperature
* Longitude: 51 11 W, latitude: 23 11 S, altitude: 630. m
*
* Column  Daily value
* 1       station number
* 2       year
* 3       day
* 4       irradiation                   (kJ m-2 d-1)
* 5       minimum temperature           (degrees Celsius)
* 6       maximum temperature           (degrees Celsius)
* 7       early morning vapour pressure (kPa)
* 8       mean wind speed (height: 2 m) (m s-1)
* 9       precipitation                 (mm d-1)
*---------------------------------------------------------------------------*
  51.11  23.11   630. 0.00 0.00
       1    2003       1   18080   21.63   32.46    1.54    2.02    27.7
       1    2003       2   16410   22.05   31.28    1.73    1.56     0.3
       1    2003       3   13420   21.46   28.84    1.95    1.75     0.4
       1    2003       4   10690   20.93   27.18    2.07    2.71     3.2
       1    2003       5   14820   21.61   27.65    2.08    2.07     5.5
       1    2003       6   15690   22.24   30.11    1.71    1.47       0
       1    2003       7   21710   21.83   31.74    1.17    1.54       0
       1    2003       8   22230   20.31   31.38    1.11    1.89       0
       1    2003       9   21160   22.12   32.92    1.37    1.53       0
       1    2003      10    9270   20.68   30.28    1.72    2.29    15.1
       1    2003      11   13890   19.62   27.98    1.86    3.03     0.2
       1    2003      12    9290   20.65   26.43    2.03    1.27     8.8
       1    2003      13   11470   19.14   25.43    1.87    1.97     5.3
       1    2003      14   17090   19.05    27.7    1.58    2.25       0
       1    2003      15   21950   18.94   29.34    1.37    2.31       0
       1    2003      16   21090   19.14   29.74    1.57    1.99       0
       1    2003      17   19590   20.24   31.54    1.51    1.77    29.9
       1    2003      18   21210   20.78   30.56    1.55    1.67     0.1
       1    2003      19   23310   20.88    30.2    1.64    1.96       0
       1    2003      20   13560   22.43   29.17    2.02    1.54     0.2
       1    2003      21   18140   21.16   30.65    1.51    1.83     8.1
       1    2003      22   10810   21.21   27.88    1.98    1.77     7.5
       1    2003      23    4647   20.09   25.13    2.29    1.80    24.8
       1    2003      24    8470    20.4   26.09    2.16    1.65    30.7
       1    2003      25    5893   18.37   23.67    2.07    2.31    16.6
       1    2003      26    4373   20.53   22.92    2.35    2.24    56.1
       1    2003      27    6536   20.28   25.28    2.29    2.51    38.5
       1    2003      28   19440   19.36   29.79    1.48    1.71     0.7
       1    2003      29   20930   20.48   29.32    1.66    2.41     0.1
       1    2003      30   19180   19.25   29.83    1.45    2.03       0
       1    2003      31   16780   20.85   29.87    1.75    2.16     6.6
       1    2003      32    8010   20.32   23.96    2.13    2.17    21.6
       1    2003      33   25120   19.51   32.44    1.08    1.43     0.1
       1    2003      34   23630   21.94   31.47    1.61    1.57       0
       1    2003      35   19920   21.45   31.27    1.48    1.52     1.6
       1    2003      36   17690   19.24   29.92    1.46    1.63    19.5
       1    2003      37   19010   19.95   29.92    1.71    1.44     0.1
       1    2003      38   18620   22.57   31.31    1.74    1.26     3.4
       1    2003      39   20790   20.32   31.19    1.48    1.91    20.7
       1    2003      40   18650   22.08   31.91    1.50    1.89       0
       1    2003      41   12990    20.6   29.93    1.70    2.16    12.7
       1    2003      42   20060   19.92   29.01    1.60    2.00       0
       1    2003      43   15480   19.47   29.07    1.63    1.85     0.6
       1    2003      44   14260   19.23   30.15    1.53    1.95    17.8
       1    2003      45    9960   19.33   25.78    1.90    1.86     6.2
       1    2003      46   15550   19.98   28.19    1.70    1.69       0
       1    2003      47    9040   21.08   27.25    2.07    1.53     2.1
       1    2003      48    9480   20.37    27.5    1.92    1.60    30.5
       1    2003      49    9910   21.03   26.87    2.16    1.40      10
       1    2003      50   14260   19.89   30.15    1.75    1.79     0.1
       1    2003      51    8310   22.37   28.17    2.26    1.44     0.3
       1    2003      52   12100   20.76   29.61    1.91    1.77     0.3
       1    2003      53   16010   21.47   29.46    1.81    2.17     2.2
       1    2003      54   21850   21.08    31.8    1.47    2.00     0.7
       1    2003      55   21040   22.12   32.26    1.36    1.92       0
       1    2003      56   16560   22.33   32.69    1.20    1.52       0
       1    2003      57   18090   23.41   33.95    1.13    1.31       0
       1    2003      58   18580    22.4    33.5    1.41    1.54       0
       1    2003      59   19050   23.21   34.35    1.07    1.23       0
       1    2003      60   18800   22.58   34.34    1.00    1.49       0
       1    2003      61   17530   22.19   33.45    1.19    1.85     0.1
       1    2003      62   19150   20.74   31.99    1.08    1.76       0
       1    2003      63   18000   20.75   32.36    1.17    1.60     0.2
       1    2003      64   18070   20.94    31.6    1.40    1.80       0
       1    2003      65   15050   21.51   32.31    1.33    1.70       0
       1    2003      66   10420   21.15   29.52    1.79    1.59       5
       1    2003      67   10110   20.04   27.07    1.79    1.69     6.1
       1    2003      68    8830   21.26   25.77    2.24    1.58     1.6
       1    2003      69   12550   20.84   28.22    1.66    1.87       0
       1    2003      70    9320   19.91   26.76    1.94    1.94    16.1
       1    2003      71   14170   20.62   29.21    1.62    3.61       0
       1    2003      72   19480   20.72   30.56    1.24    2.47       0
       1    2003      73   17940   20.34   31.83    1.07    1.26       0
       1    2003      74   18900   20.09    31.5    1.02    1.45       0
       1    2003      75   18180    19.9   31.96    1.05    1.62       0
       1    2003      76   16480   19.13   28.81    1.31    2.93       0
       1    2003      77   19090   16.53   28.55    1.05    2.66       0
       1    2003      78   16300   19.24   29.88    1.17    1.68       0
       1    2003      79   16110   19.79   31.36    1.16    2.18     2.3
       1    2003      80   13490   18.82   26.91    1.32    2.05     0.3
       1    2003      81   12840   17.83   26.94    1.17    2.50       0
       1    2003      82   19430   15.44   28.64    0.85    2.39       0
       1    2003      83   17160   15.64   28.72    1.09    2.74       0
       1    2003      84   14500   16.56   26.67    1.18    2.54       0
       1    2003      85   10230   18.21   24.59    1.45    2.05       0
       1    2003      86   15660   17.35   29.08    1.01    1.71       0
       1    2003      87   19000   17.78   29.75    0.84    2.45       0
       1    2003      88   19440   16.25   29.71    0.80    2.07       0
       1    2003      89   19040   17.08   30.85    0.56    1.84       0
       1    2003      90   16520   19.65   31.54    0.83    1.31       0
       1    2003      91   14090   19.27   30.71    1.06    1.56       0
       1    2003      92   17900   18.71    31.6    0.82    1.73       0
       1    2003      93   17430   18.58   29.92    1.02    2.55       0
       1    2003      94    4565   18.33   22.15    1.79    1.88    35.3
       1    2003      95   11450   19.25   26.13    1.76    2.30     1.2
       1    2003      96    9860    20.4   26.92    1.51    2.05     0.3
       1    2003      97   16970   17.02   26.66    1.03    1.78       0
       1    2003      98   17680   15.91   27.73    0.92    1.64       0
       1    2003      99   16280   16.96   28.52    0.91    1.89       0
       1    2003     100    6755    17.8   23.96    1.64    1.80     6.3
       1    2003     101   15070   14.84   25.28    0.45    2.67       0
       1    2003     102   19390   10.81    24.1    0.28    2.74       0
       1    2003     103   18810    10.8   24.24    0.45    2.21       0
       1    2003     104   18150    12.4   26.99    0.58    2.04       0
       1    2003     105   15720   14.32   27.78    0.78    1.52       0
       1    2003     106   16130    15.7   28.46    0.71    1.47       0
       1    2003     107   17180    16.5   29.41    0.64    1.75       0
       1    2003     108    9250   18.43   28.86    1.35    2.50     2.6
       1    2003     109     633    17.2    22.4    1.94    1.63    58.1
       1    2003     110   12760   14.65    24.6    1.20    1.43     0.1
       1    2003     111   15200   17.08   27.51    1.39    2.08       0
       1    2003     112   16480   18.29   29.32    1.27    1.84       0
       1    2003     113   16330   19.28   29.19    1.33    1.92       0
       1    2003     114   16780   18.66   29.13    1.21    1.61       0
       1    2003     115   15700   19.81   30.29    1.16    1.42       0
       1    2003     116   14710    20.7   30.04    1.21    1.36       0
       1    2003     117   15300   20.88   30.62    1.11    1.38       0
       1    2003     118   14390    21.8   30.89    1.31    1.38       0
       1    2003     119   14710   21.01   31.19    1.10    1.50       0
       1    2003     120   15040   21.35   30.97    0.93    1.48       0
       1    2003     121    9270   19.33   29.38    1.26    1.81     2.1
       1    2003     122    8030   17.37      25    1.49    1.50       4
       1    2003     123   16940   11.94   21.65    0.66    2.34       0
       1    2003     124   15960   10.28    22.9    0.70    2.07     0.4
       1    2003     125    5049   14.14   19.11    1.45    1.78     8.8
       1    2003     126   15440   11.49   20.94    0.55    3.50       0
       1    2003     127   16540    7.88   18.88    0.50    2.85       0
       1    2003     128   16690    7.59   21.62    0.36    2.00       0
       1    2003     129   16080   10.69   22.54    0.58    1.78       0
       1    2003     130   15270    11.4   22.77    0.66    2.93       0
       1    2003     131   14620   13.41   24.59    0.74    2.35       0
       1    2003     132   15420   13.46   25.03    0.77    2.12       0
       1    2003     133   14430    13.8   24.52    0.85    1.73       0
       1    2003     134   14050   14.38   25.51    0.87    2.08       0
       1    2003     135   13780   15.19    26.6    0.90    1.97       0
       1    2003     136   14110   16.42   27.39    0.91    1.35       0
       1    2003     137   13310   17.21   27.77    0.97    1.34       0
       1    2003     138   13050   17.93   27.04    0.96    1.23       0
       1    2003     139   13010   15.72   24.93    0.88    1.66       0
       1    2003     140   11300   14.29   24.83    1.01    1.48       0
       1    2003     141   13490   16.74   27.87    1.01    1.65       0
       1    2003     142   11010   17.76   29.24    1.07    1.88       0
       1    2003     143    1730   15.47   23.83    1.27    3.09      42
       1    2003     144   14900   12.02   20.67    0.43    3.16       0
       1    2003     145   14400   10.27   20.59    0.60    3.19       0
       1    2003     146   14440   10.99   21.79    0.51    1.35       0
       1    2003     147   11090   11.78   21.76    0.40    1.16       0
       1    2003     148   14270   11.73   23.35    0.45    1.23       0
       1    2003     149   14580   10.66   22.37    0.45    1.42       0
       1    2003     150   13440   10.74   22.83    0.75    1.26       0
       1    2003     151   13190    15.1   25.88    0.98    1.00       0
       1    2003     152   13020   17.01   26.44    1.13    1.30       0
       1    2003     153   13350   16.09   26.85    0.96    1.52       0
       1    2003     154    5543   16.68   24.47    1.38    1.92    15.2
       1    2003     155    3377    16.7   20.24    1.75    0.91     3.1
       1    2003     156    2635   15.87   18.42    1.89    1.86      12
       1    2003     157   10440   16.89   26.54    1.48    1.05     0.2
       1    2003     158   11120   18.64   27.46    1.50    1.43     1.1
       1    2003     159    8250   18.21   23.39    1.87    1.36       0
       1    2003     160   12120   14.82   24.24    1.35    1.96       0
       1    2003     161   12260   16.73   26.71    1.09    1.89       0
       1    2003     162   11720   16.98   26.28    1.29    1.57       0
       1    2003     163   12590   17.24   26.71    0.96    1.27       0
       1    2003     164   12600    16.9   26.07    0.97    1.17       0
       1    2003     165   12780   17.35   26.42    1.08    1.25       0
       1    2003     166   12360   14.37   25.05    1.11    1.57       0
       1    2003     167   12030   17.68    26.1    1.23    1.17       0
       1    2003     168   12170   16.85   26.05    1.14    1.31       0
       1    2003     169   12190   17.42   26.17    0.96    1.17       0
       1    2003     170   11390   14.52      25    0.92    1.95       0
       1    2003     171   13010   14.85   23.19    1.06    1.42       0
       1    2003     172   12420   14.87   25.68    0.72    1.35       0
       1    2003     173   11690   15.83   25.23    1.02    1.25       0
       1    2003     174   12430   14.52   24.46    0.86    1.09       0
       1    2003     175   12820    15.1   24.86    0.64    1.03       0
       1    2003     176   12680   13.76   24.28    0.74    1.28       0
       1    2003     177   12450   14.14   24.62    0.74    1.20       0
       1    2003     178   12370   13.01   24.38    0.82    1.25       0
       1    2003     179    9870   14.93   25.95    0.85    1.09       0
       1    2003     180   12450   16.17   26.66    0.79    1.11       0
       1    2003     181   13290      12   20.89    0.76    2.39       0
       1    2003     182   12680   10.63   24.32    0.69    1.36       0
       1    2003     183   12720   14.23   25.11    0.73    1.13       0
       1    2003     184   12960   13.12   22.83    0.79    1.38       0
       1    2003     185   12880   12.44   23.46    0.56    1.29       0
       1    2003     186   12180    13.8   25.25    0.70    1.33       0
       1    2003     187    9520   17.19   26.95    1.10    2.10       3
       1    2003     188     877   15.97      20    1.77    1.76    31.1
       1    2003     189   12540   15.65   26.05    0.92    1.55       0
       1    2003     190    3347   14.82   21.27    0.85    1.66     5.5
       1    2003     191    1481   13.62   17.18    1.59    1.40     8.6
       1    2003     192   12890    9.37   18.84    0.69    1.64       0
       1    2003     193   13940   5.936   17.01    0.52    2.15       0
       1    2003     194   13860   5.714   19.03    0.64    2.86       0
       1    2003     195    9800   10.63   20.69    1.01    2.65       0
       1    2003     196   12910   12.89      24    0.97    2.10       0
       1    2003     197    8690   14.88   22.78    1.15    1.48       0
       1    2003     198   12180   13.03   23.07    1.03    1.89       0
       1    2003     199   12770   12.53   23.23    0.96    1.46       0
       1    2003     200   13370   15.62   25.96    0.88    1.38       0
       1    2003     201   13780   15.74   27.38    0.72    1.67       0
       1    2003     202   13550   16.22   28.02    0.80    1.32       0
       1    2003     203   13460   16.52   28.46    0.71    1.52       0
       1    2003     204   13680      16   27.21    0.72    1.38       0
       1    2003     205   12370   15.85   25.98    0.86    1.21       0
       1    2003     206   12830    15.5   27.43    0.75    1.20       0
       1    2003     207   11880   15.71   25.43    0.94    1.88       0
       1    2003     208   11320   13.06   22.54    0.94    2.68       0
       1    2003     209   11020   13.98   23.93    0.93    2.05       0
       1    2003     210   12490   14.15   25.28    0.70    1.61       0
       1    2003     211   13560    17.3   26.76    0.78    1.11       0
       1    2003     212   13510   15.77   26.26    0.78    1.14       0
       1    2003     213   13700   14.61    24.7    0.98    1.67       0
       1    2003     214   13880   13.28   24.67    0.87    2.07       0
       1    2003     215   14470   13.81   26.28    0.72    2.08       0
       1    2003     216   14830   14.47   27.51    0.53    1.90       0
       1    2003     217   10870   15.89   29.12    0.63    2.53       0
       1    2003     218     879   15.09    19.8    1.24    2.55    38.5
       1    2003     219   13760   13.38   22.61    0.64    1.99       1
       1    2003     220   12400   11.73   22.81    0.78    1.45     3.7
       1    2003     221   11280    9.99   21.18    0.36    2.82     2.8
       1    2003     222   15170   6.164   18.38    0.34    1.68       0
       1    2003     223   17000   5.018   19.25    0.38    2.46       0
       1    2003     224   16880   5.454   21.21    0.42    2.60       0
       1    2003     225   16270    8.02   23.67    0.52    1.73       0
       1    2003     226    8630   11.85   22.18    0.72    2.17     1.4
       1    2003     227   10900   12.82    22.9    0.89    2.02       0
       1    2003     228   16340   10.01   21.37    0.45    2.54       0
       1    2003     229   17730   6.553   20.02    0.23    1.88       0
       1    2003     230   17700   6.706   22.69    0.27    1.95       0
       1    2003     231   17150    8.97   26.08    0.42    1.92       0
       1    2003     232   16800   14.29   29.32    0.38    1.48       0
       1    2003     233   16730   15.85   28.84    0.45    1.41       0
       1    2003     234   17080   16.22   30.08    0.40    1.38       0
       1    2003     235   16660   16.03   31.22    0.38    1.51       0
       1    2003     236   15680   12.34   30.47    0.42    3.72     1.8
       1    2003     237    6718    9.97   16.87    0.70    2.91       0
       1    2003     238   16650    7.58   20.08    0.48    1.70       0
       1    2003     239   18000    7.78   21.78    0.41    1.77       0
       1    2003     240   14130    9.37   21.59    0.26    2.43       0
       1    2003     241   10050    8.13   18.08    0.55    2.04       0
       1    2003     242   17840       8   22.58    0.42    1.70       0
       1    2003     243   17060   12.19   24.88    0.51    2.11       0
       1    2003     244   17120   11.07   26.36    0.57    1.52       0
       1    2003     245   16450   13.74   26.42    0.73    1.85       0
       1    2003     246   19510    9.81   25.94    0.26    3.09       0
       1    2003     247   18200   10.13   28.12    0.59    2.53       0
       1    2003     248   17780   15.02    30.4    0.52    2.12       0
       1    2003     249   18180   16.04   30.87    0.49    1.96       0
       1    2003     250   14130    17.4      31    0.74    2.41     0.8
       1    2003     251    1913   16.48    22.1    1.33    1.69    16.3
       1    2003     252    5310   16.29   21.44    1.65    1.66       1
       1    2003     253    2752    9.22    17.7    1.06    3.78     9.7
       1    2003     254   19940   5.698   20.35    0.40    2.22       0
       1    2003     255   14540    5.66    20.4    0.35    2.20       0
       1    2003     256    5016   12.97   18.97    0.89    1.26       2
       1    2003     257   19900    8.95   22.62    0.53    3.11       0
       1    2003     258   14570    9.12   25.23    0.65    2.33       0
       1    2003     259    9470   15.52   23.84    1.05    1.39     4.7
       1    2003     260   13380   14.34   24.68    0.77    1.68       0
       1    2003     261   20300   11.84   26.32    0.43    2.34       0
       1    2003     262   20130   11.99   29.96    0.45    2.10       0
       1    2003     263   19090    18.1    33.5    0.54    1.44       0
       1    2003     264   17840   16.94   30.71    0.74    2.70       0
       1    2003     265   19560   16.98   32.73    0.49    1.74       0
       1    2003     266   19900   19.53    34.8    0.44    2.29       0
       1    2003     267   18140   22.04   36.16    0.56    2.48       0
       1    2003     268   16780   18.22   30.66    0.91    3.11     1.6
       1    2003     269    2131    15.9   18.77    1.60    2.45    28.9
       1    2003     270   13950   15.46   25.81    1.01    1.52     0.9
       1    2003     271   19330   16.26   29.63    0.70    2.21       0
       1    2003     272   12430   18.46    27.5    0.94    2.16       0
       1    2003     273   20930   13.69   27.26    0.76    2.62       0
       1    2003     274   21830   14.41   28.83    0.59    2.62       0
       1    2003     275   22150   13.03   30.24    0.46    1.97       0
       1    2003     276   20500   17.08   31.97    0.75    2.16       0
       1    2003     277   20560   17.52   32.79    0.66    2.64       0
       1    2003     278   19600   18.28   34.53    0.66    3.63     4.4
       1    2003     279   14220   18.92   28.84    1.30    3.19     0.1
       1    2003     280    8700    19.3   26.65    1.65    1.80     0.4
       1    2003     281   17040   18.37   29.82    1.08    2.08       0
       1    2003     282    7060   14.81   28.71    1.12    3.19     1.6
       1    2003     283    7300   14.75   21.92    1.38    2.50     2.4
       1    2003     284    6622    14.3   19.05    1.42    2.89     7.2
       1    2003     285   19710   11.53   24.48    0.61    2.60       0
       1    2003     286   22360   11.71   25.73    0.59    3.25       0
       1    2003     287   23520   10.96   26.05    0.46    3.68       0
       1    2003     288   24050   10.57   27.11    0.31    3.76       0
       1    2003     289   24330   10.41   27.24    0.33    3.32       0
       1    2003     290   23880   10.19   30.65    0.24    1.95       0
       1    2003     291   19610   15.69   33.02    0.42    2.13       0
       1    2003     292   18360   21.14   34.96    0.58    2.84       0
       1    2003     293    6249   18.84   26.71    1.26    2.06     2.6
       1    2003     294    9630   16.05   26.48    1.17    2.44    11.1
       1    2003     295   13080   15.43   24.46    1.20    2.27     0.1
       1    2003     296   17090   15.74   28.53    0.98    2.57       0
       1    2003     297   20560    14.6   31.19    0.75    2.50       0
       1    2003     298   17650   17.96   32.61    0.98    2.45     5.7
       1    2003     299   13030   18.23   30.89    1.21    2.49    26.1
       1    2003     300    9310   18.35   24.63    1.59    2.16     2.6
       1    2003     301    7580    17.2   22.51    1.60    2.92       0
       1    2003     302   17320   15.78   26.65    1.15    2.31       0
       1    2003     303   22450   16.25   29.13    0.94    2.52       0
       1    2003     304   18860   16.82   30.49    0.87    2.23       0
       1    2003     305   13170    18.3   27.38    1.31    3.07     2.2
       1    2003     306    6004   15.24   21.39    1.28    3.17       0
       1    2003     307   20910   13.27   25.07    0.75    2.65       0
       1    2003     308   25650   10.69   25.55    0.44    3.39       0
       1    2003     309   20720   13.71   25.98    0.70    2.87     0.1
       1    2003     310   21070   12.24   28.88    0.51    1.84       0
       1    2003     311   18860    15.8   30.04    0.62    2.00     2.5
       1    2003     312   22960   15.23   30.69    0.58    1.59       0
       1    2003     313   24920    17.9   34.31    0.48    1.49       0
       1    2003     314   21420   20.79   35.24    0.60    1.55       0
       1    2003     315   24300   19.71   35.44    0.55    2.26       0
       1    2003     316   15930   20.55   35.08    0.97    2.41    11.7
       1    2003     317   14980   18.43    27.7    1.10    3.41     7.6
       1    2003     318   20770   15.98   29.36    0.82    1.93       0
       1    2003     319   17800   15.54   29.98    0.95    2.58       0
       1    2003     320   14910   20.55   30.58    1.48    3.25     5.6
       1    2003     321    7120   16.33      26    1.54    2.67      55
       1    2003     322   12840   17.99   26.65    1.15    3.61     1.8
       1    2003     323   24210   15.85   27.21    0.52    3.24       0
       1    2003     324   26400   17.17   31.01    0.48    1.60       0
       1    2003     325   25060    17.4   28.17    0.82    3.59       0
       1    2003     326   17660   15.43   28.09    1.10    2.46       0
       1    2003     327   20620   18.95   31.43    0.88    1.74       0
       1    2003     328   18900   17.82   31.05    1.02    1.78       0
       1    2003     329   20820   19.54   32.05    1.13    2.32       0
       1    2003     330    4534    18.7   23.64    1.83    1.92    34.2
       1    2003     331   10000   19.39   27.25    1.50    3.37     0.2
       1    2003     332   19060   18.74   28.64    1.33    2.31       0
       1    2003     333   20240   16.93   29.13    1.02    2.37       0
       1    2003     334   19720   17.39   29.24    1.24    2.28       0
       1    2003     335   14220   20.18   28.34    1.70    1.92    13.2
       1    2003     336   19170   20.93   31.93    1.01    1.91       0
       1    2003     337   18350   21.61    32.9    1.32    1.75       0
       1    2003     338    9870   20.57   27.93    1.83    2.07    12.4
       1    2003     339    3424   19.44   23.43    2.11    2.16    25.4
       1    2003     340   16720   18.75   28.65    1.50    1.43     2.7
       1    2003     341   20760    18.5   29.73    1.11    2.51       0
       1    2003     342   12720   19.86   29.74    1.65    2.51     0.8
       1    2003     343   13270   16.95   24.12    1.30    2.41    15.3
       1    2003     344   20840   16.59    28.1    1.20    1.71       0
       1    2003     345   14780   21.19   32.61    1.41    2.67     2.9
       1    2003     346   10480   17.04    26.8    1.11    1.84     4.7
       1    2003     347   20280   19.18   29.54    1.44    2.28     8.4
       1    2003     348    9580   19.51   29.03    1.56    1.92     2.3
       1    2003     349   14610   21.08   31.32    1.60    1.88       0
       1    2003     350   10130   21.11   30.54    1.51    1.91     6.3
       1    2003     351   12490   18.45   25.44    1.53    2.82       0
       1    2003     352   18880   16.07   27.61    1.19    3.34       0
       1    2003     353   17570    16.7   29.79    1.19    2.39       0
       1    2003     354   18100   20.02   32.42    1.21    1.92       0
       1    2003     355   16830   19.23   31.69    1.35    2.68       3
       1    2003     356   19230   18.88    31.9    1.29    2.56    18.5
       1    2003     357   21380   19.02   28.58    1.38    2.32       0
       1    2003     358   24850   17.59   28.06    1.29    3.70       0
       1    2003     359   24610   15.32   28.38    1.12    3.14       0
       1    2003     360   24140   16.09   28.93    1.17    2.71       0
       1    2003     361   23890   17.71   30.53    1.08    2.31       0
       1    2003     362   20280   19.46   30.74    1.29    1.74       0
       1    2003     363   17950   20.61   30.57    1.52    1.80       0
       1    2003     364   14440   20.67   28.88    1.74    2.01       0
       1    2003     365   12750    21.1   26.46    1.96    2.77     1.2