*---------------------------------------------------------------------------*
* Station name: Nanjing (Food Crop Research Institute), China
* Year: 1984
* Author: Peter Uithol                                     -99.000: NIL VALUE
* Source: IRRI/WMO Special project
* Comments: Incomplete year
* Longitude: 118 47 E, latitude: 32 3 N, altitude: 17. m
*
* Column  Daily value
* 1       station number
* 2       year
* 3       day
* 4       irradiation                   (kJ m-2 d-1)
* 5       minimum temperature           (degrees Celsius)
* 6       maximum temperature           (degrees Celsius)
* 7       early morning vapour pressure (kPa)
* 8       mean wind speed (height: 2 m) (m s-1)
* 9       precipitation                 (mm d-1)
*---------------------------------------------------------------------------*
 118.78  32.05    17. 0.00 0.00
   1 1984 121 20113.  15.1  20.9   1.101   6.8   0.0
   1 1984 122 16708.  10.4  19.8   0.922   3.4   0.0
   1 1984 123  3467.   9.9  16.7   1.063   3.9   0.0
   1 1984 124  3085.   9.8  14.4   1.074   3.4  10.8
   1 1984 125  9590.  11.0  15.5   1.102   1.1  10.8
   1 1984 126 25164.   6.8  22.7   0.762   0.3   0.0
   1 1984 127 23368.   9.8  25.2   0.814   1.2   0.0
   1 1984 128 26773.  13.3  28.2   1.010   2.3   0.0
   1 1984 129 25164.  12.3  30.8   0.777   0.9   0.0
   1 1984 130 25625.  13.9  31.9   1.166   0.0   0.0
   1 1984 131 23483.  17.4  33.1   1.225   2.2   0.0
   1 1984 132 13072.  18.3  31.3   1.438   1.7   0.0
   1 1984 133  8672.  15.7  20.9   1.533   3.8  13.5
   1 1984 134 20153.  12.9  23.6   1.075   1.8   0.0
   1 1984 135  8402.  15.6  20.2   1.437   3.6   0.5
   1 1984 136 24401.  12.9  22.7   1.011   2.8   6.4
   1 1984 137 24746.  14.9  23.8   1.046   0.8   0.0
   1 1984 138 25780.  13.8  25.1   0.946   2.3   0.0
   1 1984 139 24667.  12.9  27.3   0.825   0.9   0.0
   1 1984 140 12956.  16.1  23.0   0.958   3.2   0.0
   1 1984 141 17741.  15.4  23.1   1.168   1.8   0.0
   1 1984 142  8748.  14.4  22.1   1.285   2.7   0.0
   1 1984 143  9284.  16.4  23.2   1.445   4.2   0.0
   1 1984 144  2243.  16.9  20.8   1.782   4.7   0.0
   1 1984 145 14105.  17.8  22.7   1.801   2.1  23.4
   1 1984 146 10393.  15.6  22.2   1.477   0.2   0.0
   1 1984 147 21798.  15.4  27.5   1.296   1.0   0.0
   1 1984 148 19962.  17.2  31.7   1.446   0.9   0.0
   1 1984 149 17053.  17.4  29.9   1.462   0.8   0.0
   1 1984 150 14144.  19.9  26.2   1.854   0.8   0.0
   1 1984 151 14681.  18.3  25.3   1.701   2.2   0.0
   1 1984 152  6952.  19.2  22.9   2.000   3.2   0.0
   1 1984 153 11657.  18.7  23.4   1.833   1.2   1.4
   1 1984 154 22565.  16.1  30.2   1.428   2.3   0.0
   1 1984 155 23598.  20.1  33.2   1.675   3.7   0.0
   1 1984 156 24095.  22.2  34.9   1.691   0.4   0.0
   1 1984 157 17816.  21.9  34.4   1.739   1.3   0.0
   1 1984 158 11426.  18.4  25.0   1.858   1.9  58.2
   1 1984 159  4500.  21.6  24.5   2.366   3.0   2.9
   1 1984 160 13072.  21.9  26.5   2.200   1.2  15.6
   1 1984 161 24401.  18.9  29.7   1.508   2.2   0.0
   1 1984 162 27119.  17.8  30.4   1.232   1.6   0.0
   1 1984 163 16898.  19.9  30.3   1.742   0.4   0.0
   1 1984 164  2318.  21.1  25.3   2.315   1.7   4.4
   1 1984 165  4234.  20.6  23.9   2.164   4.4  81.8
   1 1984 166  7369.  20.9  23.9   2.346   2.7   1.0
   1 1984 167 24055.  21.6  30.2   1.767   5.0   0.0
   1 1984 168 20268.  22.1  32.3   1.878   0.0   0.0
   1 1984 169 10890.  23.9  29.2   2.415   1.3   3.0
   1 1984 170 22180.  21.7  32.5   2.030   1.4   0.0
   1 1984 171 15332.  22.4  28.8   2.222   2.4   0.0
   1 1984 172  9821.  21.5  28.4   2.380   2.3   0.0
   1 1984 173 18623.  22.0  29.2   2.330   2.7   2.0
   1 1984 174  6797.  20.8  24.9   2.154   2.9   0.0
   1 1984 175 13608.  21.1  27.8   2.094   1.4   0.0
   1 1984 176 15599.  22.2  30.3   2.125   1.6   0.0
   1 1984 177 24822.  23.3  32.6   1.819   0.6   0.0
   1 1984 178 16938.  22.7  31.8   2.025   0.8   0.0
   1 1984 179  5839.  22.0  27.4   2.367   1.4   0.0
   1 1984 180  5458.  21.9  25.3   2.481   1.9  39.5
   1 1984 181 18011.  22.6  30.2   2.372   1.4   4.1
   1 1984 182 23404.  24.4  33.5   2.369   1.9   0.0
   1 1984 183 23674.  25.5  34.0   2.514   3.8   4.6
   1 1984 184 10854.  25.5  31.0   2.853   1.8   0.0
   1 1984 185  6300.  22.5  24.5   2.254   4.6  12.8
   1 1984 186  6757.  21.0  25.0   2.241   1.6   0.0
   1 1984 187  6836.  22.2  28.0   2.508   0.0   2.2
   1 1984 188 22640.  23.8  33.0   2.353   1.6   3.3
   1 1984 189 22907.  25.2  33.2   2.443   1.9   0.0
   1 1984 190 17089.  26.5  34.6   2.722   0.8   0.0
   1 1984 191 23904.  24.5  33.4   2.239   0.0   0.0
   1 1984 192 23710.  25.5  33.7   1.994   0.8   0.0
   1 1984 193 21110.  25.8  34.7   2.070   1.8   0.0
   1 1984 194 23674.  26.2  34.7   2.354   1.9   0.0
   1 1984 195 23558.  27.0  34.3   2.561   2.0   0.0
   1 1984 196 23789.  25.8  34.6   2.156   0.7   0.0
   1 1984 197 19044.  23.2  34.3   1.996   1.3   0.0
   1 1984 198 23292.  23.6  32.0   1.919   2.3   0.0
   1 1984 199 14299.  23.8  29.4   1.904   3.5   0.0
   1 1984 200 11005.  23.2  29.0   2.201   4.4   0.0
   1 1984 201  7258.  24.5  29.5   2.731   3.4   0.0
   1 1984 202  9245.  24.7  26.5   2.845   1.2  26.4
   1 1984 203 18202.  22.0  29.2   2.041   1.4   0.0
   1 1984 204 15750.  22.5  31.7   2.175   0.0   0.0
   1 1984 205 13302.  24.0  31.5   2.462   1.5   0.0
   1 1984 206  8939.  25.0  31.4   2.675   0.3   1.9
   1 1984 207 23368.  25.2  35.0   2.357   1.9   0.0
   1 1984 208 12575.  26.8  33.0   2.870   0.4   0.0
   1 1984 209 12229.  25.2  31.4   2.803   1.0   4.9
   1 1984 210 16441.  26.0  32.6   2.822   0.4   0.7
   1 1984 211 22986.  24.6  32.0   2.453   2.4   0.0
   1 1984 212 16286.  24.5  30.5   2.500   1.2   0.0
   1 1984 213 10242.  25.4  30.5   2.690   3.1   0.8
   1 1984 214 16783.  24.0  32.2   2.456   1.9   0.0
   1 1984 215 21607.  24.4  34.4   3.000   1.0   0.0
   1 1984 216 22219.  26.5  35.5   2.573   0.6   0.0
   1 1984 217 18698.  27.0  35.5   2.679   0.0   0.0
   1 1984 218 27155.  26.2  33.5   2.681   1.4   0.0
   1 1984 219 17510.  25.5  32.5   2.710   2.4   0.0
   1 1984 220  9515.  26.8  30.5   2.852   3.4   0.0
   1 1984 221 19120.  27.2  32.0   2.812   5.7   0.0
   1 1984 222 25816.  26.5  33.5   2.348   1.1   0.0
   1 1984 223 21758.  26.0  35.0   2.360   1.7   0.0
   1 1984 224 23098.  25.5  34.0   2.321   1.0   0.0
   1 1984 225 19883.  24.8  33.5   2.276   1.2  11.3
   1 1984 226 11275.  25.2  30.2   2.854   1.6   0.9
   1 1984 227 19847.  22.5  27.5   2.211   2.6   0.0
   1 1984 228 24170.  26.0  27.5   2.327   1.8   0.0
   1 1984 229  8978.  18.0  26.5   1.876   2.3  39.5
   1 1984 230 17971.  22.0  30.2   2.269   2.5   0.0
   1 1984 231 18392.  24.3  30.5   2.547   4.0   0.0
   1 1984 232  9551.  25.0  28.0   2.706   3.7   0.0
   1 1984 233 19310.  22.4  31.5   2.108   1.6   1.6
   1 1984 234 19386.  23.0  32.8   2.101   1.2   0.0
   1 1984 235 13226.  24.0  33.0   2.379   1.1   0.0
   1 1984 236 17550.  23.5  33.4   1.879   0.0  13.1
   1 1984 237  9245.  25.0  30.0   2.776   1.9  10.4
   1 1984 238 18317.  24.7  30.5   2.649   2.7   0.0
   1 1984 239 20765.  23.2  31.0   2.258   1.1   0.0
   1 1984 240 19692.  23.6  32.0   2.202   1.3   0.0
   1 1984 241 20840.  25.5  32.0   2.576   0.8   0.0
   1 1984 242 11311.  24.0  31.0   2.453   2.1   0.0
   1 1984 243  5954.  23.5  29.5   2.717   1.7  16.7
   1 1984 244  2052.  22.5  23.0   2.612   4.7  44.4
   1 1984 245  5724.  13.2  23.0   1.362   2.9  34.2
   1 1984 246 22871.  22.0  26.0   1.779   0.0   6.5
   1 1984 247 18774.  17.5  28.5   1.309   0.4   0.0
   1 1984 248 17816.  19.0  28.6   1.764   1.1   0.0
   1 1984 249  7103.  22.0  28.2   2.293   1.2   0.0
   1 1984 250  9972.  21.0  28.0   2.233   0.6  23.5
   1 1984 251 19386.  21.5  32.5   1.954   1.3  34.8
   1 1984 252  2740.  22.4  23.0   2.572   1.7   9.1
   1 1984 253  3236.  15.8  18.0   1.689   2.5  24.0
   1 1984 254  5227.  16.0  20.0   1.639   0.0  17.4
   1 1984 255  6952.  16.2  20.6   1.646   0.4   0.6
   1 1984 256 14220.  14.5  26.0   1.330   0.6   0.0
   1 1984 257 14490.  14.5  21.0   1.393   0.0   0.0
   1 1984 258 18317.  14.0  27.7   1.198   0.0   0.0
   1 1984 259 17971.  17.7  27.0   1.614   0.3   0.0
   1 1984 260 16978.  19.4  26.6   1.788   2.3   0.0
   1 1984 261 10012.  18.0  26.0   1.886   1.5   0.0
   1 1984 262 15332.  18.5  25.0   1.904   2.9  46.5
   1 1984 263 15023.  18.0  26.0   1.733   2.8   1.1
   1 1984 264 18047.  19.0  27.2   1.777   1.0   0.0
   1 1984 265 16517.  19.2  27.5   1.686   1.4   0.0
   1 1984 266 17816.  19.5  27.8   1.756   0.9   0.0
   1 1984 267 17204.  19.5  29.4   2.106   2.1   0.0
   1 1984 268  1976.  21.5  22.5   2.398   1.8   0.0
   1 1984 269  3391.  16.5  19.5   1.548   4.2  14.4
   1 1984 270 16402.  16.4  26.5   1.506   2.0   0.5
   1 1984 271  4961.  19.0  24.0   1.938   0.0   0.0
   1 1984 272 11466.  16.5  23.0   1.435   0.6   0.0
   1 1984 273 14299.  17.0  27.2   1.538   1.5   0.8
   1 1984 274 12384.  18.8  29.5   1.799   0.8   0.0
   1 1984 275  3506.  21.4  24.5   2.325   0.6   0.0
   1 1984 276  4730.  16.0  17.5   1.629   1.5  26.5
   1 1984 277 18814.  13.5  20.5   0.883   1.4   4.6
   1 1984 278  8366.  10.2  20.0   0.920   0.2   0.0
   1 1984 279 13684.  10.7  22.8   0.919   2.9   0.0
   1 1984 280 10624.  13.2  21.3   1.038   1.2   0.0
   1 1984 281  8060.  16.2  22.5   1.502   2.5   0.0
   1 1984 282  2930.  17.5  18.0   1.767   2.7   0.0
   1 1984 283 18011.  13.5  23.5   1.110   2.5  12.0
   1 1984 284 18086.  11.5  23.5   0.908   2.0   0.0
   1 1984 285  5227.  14.5  21.2   1.494   2.8   0.0
   1 1984 286 11506.  15.0  21.1   1.312   1.4   0.8
   1 1984 287  7754.  11.7  19.5   1.078   0.8   0.0
   1 1984 288 10202.  14.0  22.4   1.273   1.1   0.0
   1 1984 289 11196.  13.5  23.0   1.132   0.2   0.0
   1 1984 290 10739.  15.0  23.2   1.333   0.0   0.0
   1 1984 291 10699.  13.5  23.5   1.172   0.3   0.0
   1 1984 292 15062.  10.5  25.0   0.918   0.4   0.0
   1 1984 293 17244.  16.5  18.0   1.454   0.0   0.0
   1 1984 294 15714.   4.0  21.0   0.462   1.0   0.0
   1 1984 295 15332.   7.4  24.0   0.597   1.2   0.0
   1 1984 296 10278.  10.2  23.5   0.954   0.0   0.0
   1 1984 297 14947.  12.0  26.5   0.960   0.2   0.0
   1 1984 298 11923.   8.5  24.0   0.915   1.0   0.0
   1 1984 299 15023.  12.0  24.0   1.082   2.2   0.0
   1 1984 300 13226.  12.0  21.0   0.974   0.5   0.0
   1 1984 301 14450.   7.0  20.0   0.728   0.5   0.0
   1 1984 302 15138.   7.0  17.5   0.554   2.7   0.0
   1 1984 303 15178.   6.5  17.5   0.579   1.2   0.0
   1 1984 304 12805.   6.8  20.0   0.626   0.5   0.0
