* *WEATHER AVERAGES : CROOKSTON,MN,USA  Dfb  30  61001-90365
*  
* ! From J.W.Wiersma, NW Exp.Station, Univ.of Minnesota, Crookston, Mn..
* ! Reformated by L.A.Hunt, Crop Science, Guelph
* ! SRAD generated from monthly averages for Bismarck, N.Dakota
* ! RAIN from long-term average amount distributed over average number
* !      of rain days, with rain days randomly distributed through each month
*  
* ! LAT=Latitude; LONG=Longitude; ELEV=Eleavation(m); TAV=Temperature average(C)
* ! TAMP=Temperature amplitude(Jan-July,C); SRAV=Solar radiation average(MJm-2d-1)
* ! TXAV=Maximum temperature average(C); TNAV=Minimum temperature average(C)
* ! RTOT=Average total annual rainfall(mm)
* ! SRAD=Solar radiation(MJm-2d-1); TMAX=Maximum temperature for 24h cycle(C)
* ! TMIN=Minimum temperature for 24h cycle(C); RAIN=Rainfal(mm d-1)
*  
* @INSI  LAT.... LONG....  ELEV   TAV  TAMP  SRAV  TXAV  TNAV  RTOT
*  LONG    LAT    ALT   rA   rB
  96.62  47.80   271. 0.00 0.00
   1 1000   1  7200. -19.5  -9.8   0.153   4.5   2.1
   1 1000   2  7100. -18.9  -8.6   0.164   4.5   0.0
   1 1000   3  7300. -20.1  -9.7   0.149   4.6   0.0
   1 1000   4  6100. -20.2 -10.3   0.145   4.6   0.0
   1 1000   5  4900. -21.2 -10.6   0.137   4.6   1.9
   1 1000   6  7300. -19.9  -9.6   0.151   4.7   0.0
   1 1000   7  7500. -22.3 -11.2   0.128   4.7   2.1
   1 1000   8  7600. -22.3 -11.4   0.127   4.8   0.0
   1 1000   9  6500. -22.2 -12.2   0.123   4.8   0.0
   1 1000  10  5900. -23.6 -12.2   0.116   4.8   0.0
   1 1000  11  7800. -22.2 -11.7   0.126   4.9   0.0
   1 1000  12  5400. -22.2 -11.8   0.125   4.9   0.0
   1 1000  13  1600. -20.5  -9.5   0.147   4.9   1.6
   1 1000  14  8100. -21.7 -10.0   0.137   5.0   0.0
   1 1000  15  8100. -21.2 -11.4   0.132   5.0   0.0
   1 1000  16  5200. -21.1  -9.5   0.144   5.0   0.0
   1 1000  17  8300. -20.2  -8.4   0.156   5.0   0.0
   1 1000  18  4500. -20.2  -9.5   0.149   5.0   0.0
   1 1000  19  6700. -22.0 -10.0   0.136   5.0   2.2
   1 1000  20  5300. -20.1  -8.7   0.155   5.0   0.0
   1 1000  21  5900. -18.5  -6.9   0.178   5.0   1.9
   1 1000  22  8300. -19.0  -7.3   0.171   5.0   0.0
   1 1000  23  8300. -20.0  -9.2   0.152   5.0   0.0
   1 1000  24  8100. -19.8  -9.3   0.153   5.0   1.9
   1 1000  25  4900. -20.3  -9.8   0.147   5.0   0.0
   1 1000  26  9300. -22.6 -10.9   0.127   5.0   0.0
   1 1000  27  8700. -22.5 -11.3   0.126   5.0   0.0
   1 1000  28  8700. -20.9  -9.9   0.143   5.0   0.0
   1 1000  29  6500. -21.3  -9.1   0.145   5.0   0.0
   1 1000  30  7500. -22.4 -10.4   0.131   5.0   0.0
   1 1000  31  9200. -21.7 -10.4   0.135   5.0   0.0
   1 1000  32  2000. -22.6 -12.2   0.121   5.0   0.0
   1 1000  33  5600. -23.0 -11.8   0.121   5.0   0.0
   1 1000  34 10000. -21.5 -10.6   0.135   5.0   0.0
   1 1000  35  9200. -21.3  -9.7   0.141   5.0   0.0
   1 1000  36  3900. -19.5  -9.6   0.153   5.0   0.0
   1 1000  37  7800. -20.0  -8.5   0.157   5.0   0.0
   1 1000  38  8900. -20.6  -9.1   0.149   5.0   0.0
   1 1000  39  6400. -20.6  -8.7   0.152   5.0   2.8
   1 1000  40 11500. -20.5  -7.4   0.161   5.0   0.0
   1 1000  41  9500. -18.0  -6.6   0.184   5.0   2.6
   1 1000  42 10700. -18.0  -6.9   0.181   5.0   2.0
   1 1000  43  3700. -16.4  -5.9   0.201   5.0   0.0
   1 1000  44  8100. -18.3  -6.1   0.185   5.0   0.0
   1 1000  45  8600. -18.7  -6.3   0.181   5.0   0.0
   1 1000  46 12400. -18.5  -7.5   0.174   5.0   2.5
   1 1000  47 12700. -17.2  -5.5   0.198   5.0   0.0
   1 1000  48  8100. -15.8  -4.8   0.214   5.0   0.0
   1 1000  49  9400. -16.8  -5.9   0.196   5.0   0.0
   1 1000  50  5200. -16.6  -6.1   0.196   5.0   0.0
   1 1000  51  9400. -16.8  -5.2   0.201   5.0   0.0
   1 1000  52 11300. -14.9  -3.9   0.227   5.0   0.0
   1 1000  53  8300. -14.7  -3.3   0.234   5.0   0.0
   1 1000  54 13400. -15.3  -3.2   0.229   5.0   0.0
   1 1000  55 10500. -14.7  -3.7   0.229   5.0   0.0
   1 1000  56 11300. -16.0  -4.4   0.211   5.0   0.0
   1 1000  57 11500. -13.7  -2.7   0.246   5.0   0.0
   1 1000  58 13000. -12.0  -2.7   0.262   5.0   0.0
   1 1000  59 15000. -14.4  -3.0   0.235   5.0   2.0
   1 1000  60 15400. -15.2  -3.7   0.221   5.0   0.0
   1 1000  61 12700. -13.0  -3.2   0.245   5.0   2.8
   1 1000  62  8700. -13.5  -3.2   0.240   5.0   2.6
   1 1000  63  4300. -13.9  -2.7   0.240   5.0   0.0
   1 1000  64 15700. -14.2  -2.4   0.239   5.0   0.0
   1 1000  65 16600. -14.2  -2.7   0.236   5.0   0.0
   1 1000  66 16800. -15.6  -2.5   0.224   5.0   0.0
   1 1000  67 13900. -12.4  -1.7   0.261   5.0   0.0
   1 1000  68  3400. -11.3  -1.4   0.275   5.0   0.0
   1 1000  69  9100. -10.5  -0.3   0.295   5.0   0.0
   1 1000  70  4300. -10.8   1.2   0.308   5.0   0.0
   1 1000  71 16200. -10.2   0.7   0.308   5.0   2.8
   1 1000  72 12600.  -9.8   0.4   0.308   5.0   0.0
   1 1000  73 14000.  -9.9   0.5   0.307   5.0   0.0
   1 1000  74 18600.  -8.6   1.0   0.328   5.0   2.5
   1 1000  75 15900.  -9.9   1.6   0.318   5.0   0.0
   1 1000  76  7800.  -8.4   1.2   0.330   5.1   0.0
   1 1000  77 15900.  -9.2   1.9   0.328   5.1   0.0
   1 1000  78 13000.  -8.2   1.2   0.330   5.1   0.0
   1 1000  79 16100.  -7.8   1.7   0.340   5.2   0.0
   1 1000  80 20100.  -7.3   2.8   0.360   5.2   2.9
   1 1000  81 16200.  -7.1   2.6   0.358   5.2   3.4
   1 1000  82 18800.  -8.9   1.3   0.318   5.3   0.0
   1 1000  83 16200.  -7.4   3.4   0.362   5.3   0.0
   1 1000  84 12600.  -5.2   3.9   0.399   5.3   0.0
   1 1000  85 16500.  -6.6   3.4   0.370   5.4   3.0
   1 1000  86 15600.  -5.6   3.6   0.386   5.4   0.0
   1 1000  87 18800.  -5.2   3.7   0.391   5.4   0.0
   1 1000  88  7100.  -6.1   4.2   0.384   5.5   0.0
   1 1000  89 15900.  -5.4   5.1   0.406   5.5   0.0
   1 1000  90 21600.  -4.7   6.1   0.430   5.5   0.0
   1 1000  91 14600.  -5.5   5.1   0.401   5.5   0.0
   1 1000  92 15900.  -4.2   5.0   0.417   5.6   0.0
   1 1000  93 19500.  -4.6   5.7   0.420   5.6   0.0
   1 1000  94 22200.  -3.7   5.9   0.436   5.6   0.0
   1 1000  95 20700.  -3.9   6.2   0.435   5.7   0.0
   1 1000  96 23800.  -3.7   8.0   0.466   5.7   0.0
   1 1000  97 21000.  -2.5   8.8   0.498   5.7   4.6
   1 1000  98 21600.  -1.4   9.6   0.531   5.8   4.6
   1 1000  99 23500.  -1.8   9.4   0.518   5.8   6.8
   1 1000 100 24700.  -2.0   9.6   0.515   5.8   0.0
   1 1000 101 24900.  -1.1  10.6   0.549   5.9   5.1
   1 1000 102 22700.  -0.9  10.7   0.552   5.9   0.0
   1 1000 103 25400.  -0.6  11.1   0.564   5.9   0.0
   1 1000 104 18800.   0.0  11.2   0.575   6.0   5.2
   1 1000 105 24700.   0.1  12.4   0.599   6.0   0.0
   1 1000 106 20200.   0.7  13.8   0.641   6.0   0.0
   1 1000 107 19300.   1.2  14.6   0.670   6.0   0.0
   1 1000 108 16500.   0.7  14.5   0.655   6.0   0.0
   1 1000 109 26500.   1.2  14.0   0.655   6.0   0.0
   1 1000 110 23100.   0.9  13.7   0.641   6.0   0.0
   1 1000 111 17700.   0.9  14.4   0.655   6.0   0.0
   1 1000 112 23100.   1.2  14.5   0.664   6.0   5.0
   1 1000 113 24800.   2.1  14.9   0.693   6.0   0.0
   1 1000 114 19000.   1.2  15.5   0.685   6.0   0.0
   1 1000 115 14700.   2.1  16.5   0.730   6.0   0.0
   1 1000 116 20500.   1.7  15.9   0.705   6.0   0.0
   1 1000 117 25500.   2.5  14.3   0.685   6.0   5.7
   1 1000 118 27900.   2.4  15.2   0.703   6.0   0.0
   1 1000 119 22900.   2.4  15.5   0.710   6.0   0.0
   1 1000 120 17600.   1.7  14.1   0.660   6.0   0.0
   1 1000 121 26100.   1.9  16.0   0.708   6.0   7.5
   1 1000 122 23100.   2.6  17.6   0.764   6.0   4.4
   1 1000 123 24500.   2.5  18.2   0.777   6.0   0.0
   1 1000 124 29400.   3.2  20.3   0.851   6.0   0.0
   1 1000 125 27800.   3.3  19.2   0.823   6.0   0.0
   1 1000 126 21100.   2.6  18.6   0.787   6.0   0.0
   1 1000 127  6700.   4.1  19.3   0.846   6.0   0.0
   1 1000 128 16400.   3.5  18.0   0.793   6.0   7.0
   1 1000 129 23400.   3.6  17.1   0.772   6.0   5.5
   1 1000 130 17500.   4.4  17.9   0.813   6.0   8.9
   1 1000 131 27600.   4.5  18.0   0.817   6.0   4.5
   1 1000 132 30700.   4.3  17.7   0.803   6.0   0.0
   1 1000 133 25100.   4.7  19.1   0.851   6.0   0.0
   1 1000 134 26000.   5.1  19.3   0.867   6.0   0.0
   1 1000 135 29300.   5.9  20.3   0.919   6.0   0.0
   1 1000 136 31200.   5.7  21.5   0.952   6.0   0.0
   1 1000 137 20100.   7.2  21.7   1.009   5.9   0.0
   1 1000 138 30500.   7.4  21.4   1.008   5.9   6.1
   1 1000 139 23300.   7.0  21.4   0.998   5.9   0.0
   1 1000 140 21100.   6.1  20.7   0.950   5.8   0.0
   1 1000 141  6400.   6.3  21.2   0.974   5.8   0.0
   1 1000 142  9500.   8.8  22.5   1.104   5.8   0.0
   1 1000 143 19300.   8.6  22.2   1.089   5.7   0.0
   1 1000 144 30300.   9.1  22.7   1.128   5.7   6.0
   1 1000 145 25700.   8.6  22.3   1.099   5.7   0.0
   1 1000 146 31300.   8.9  22.8   1.130   5.6   7.0
   1 1000 147 32400.   8.8  23.4   1.151   5.6   0.0
   1 1000 148  8500.   9.5  23.7   1.191   5.6   0.0
   1 1000 149 23500.   9.3  23.8   1.191   5.5   5.4
   1 1000 150 30800.   9.2  23.2   1.167   5.5   0.0
   1 1000 151 32100.   9.4  22.3   1.145   5.5   0.0
   1 1000 152 32800.   9.0  22.0   1.122   5.5   0.0
   1 1000 153 32900.   8.5  22.8   1.136   5.4   0.0
   1 1000 154 33000.   9.7  24.8   1.261   5.4   0.0
   1 1000 155 33100.  10.5  25.0   1.304   5.4   0.0
   1 1000 156 14900.  10.9  25.1   1.328   5.3   0.0
   1 1000 157 23400.  12.6  25.5   1.422   5.3   0.0
   1 1000 158 23500.  11.1  24.6   1.323   5.3   9.1
   1 1000 159 24800.  10.2  24.1   1.269   5.2   0.0
   1 1000 160 30200.  10.5  23.5   1.260   5.2   0.0
   1 1000 161 32500.  11.5  24.1   1.328   5.2   8.5
   1 1000 162 23800.  10.8  24.5   1.319   5.1   7.3
   1 1000 163 23300.  10.6  24.7   1.322   5.1   9.2
   1 1000 164 30300.  11.8  25.1   1.394   5.1   7.9
   1 1000 165 30400.  12.4  24.8   1.410   5.0   9.3
   1 1000 166 22300.  11.3  24.8   1.366   5.0   0.0
   1 1000 167 26600.  10.6  24.0   1.301   5.0   0.0
   1 1000 168 24500.  11.3  24.3   1.341   4.9   0.0
   1 1000 169 26700.  11.3  25.1   1.373   4.9   7.1
   1 1000 170 30400.  12.6  25.3   1.436   4.9   7.7
   1 1000 171 15000.  11.4  24.6   1.351   4.8   0.0
   1 1000 172 21300.  11.3  24.1   1.324   4.8   0.0
   1 1000 173 30100.  11.8  25.2   1.390   4.8   0.0
   1 1000 174 27200.  11.9  25.3   1.397   4.7   0.0
   1 1000 175 29300.  13.2  26.0   1.484   4.7   0.0
   1 1000 176 30900.  13.5  27.1   1.548   4.7   6.2
   1 1000 177 29300.  13.4  26.9   1.531   4.6   7.9
   1 1000 178 33200.  13.1  26.9   1.515   4.6   6.8
   1 1000 179 23300.  13.7  27.4   1.565   4.6   0.0
   1 1000 180 22800.  13.6  26.9   1.534   4.5   0.0
   1 1000 181 24600.  13.6  27.1   1.541   4.5   0.0
   1 1000 182 33100.  13.2  26.9   1.510   4.5   0.0
   1 1000 183 21800.  13.7  26.2   1.498   4.4   0.0
   1 1000 184 31400.  13.7  27.1   1.538   4.4   0.0
   1 1000 185 32500.  13.5  27.6   1.550   4.4   7.3
   1 1000 186 25500.  13.8  28.3   1.596   4.3   8.4
   1 1000 187 23600.  14.2  28.7   1.633   4.3   0.0
   1 1000 188 26500.  15.9  29.1   1.738   4.3   0.0
   1 1000 189 30500.  14.1  28.0   1.589   4.2   0.0
   1 1000 190 26000.  14.0  28.6   1.611   4.2   8.0
   1 1000 191 22700.  14.4  28.2   1.608   4.2   0.0
   1 1000 192 26700.  14.1  27.7   1.567   4.1   0.0
   1 1000 193 26100.  15.0  28.1   1.628   4.1   8.7
   1 1000 194 21700.  14.0  28.7   1.605   4.1   0.0
   1 1000 195 22800.  13.9  27.8   1.554   4.0   0.0
   1 1000 196 22900.  14.5  28.0   1.591   4.0   0.0
   1 1000 197 24400.  15.0  29.3   1.681   4.0   0.0
   1 1000 198 32300.  15.0  28.6   1.645   4.1   0.0
   1 1000 199 13200.  14.3  28.7   1.615   4.1   0.0
   1 1000 200  6400.  14.3  28.6   1.610   4.1   0.0
   1 1000 201 16900.  14.2  28.0   1.576   4.2   8.0
   1 1000 202 20500.  14.9  28.5   1.635   4.2   7.2
   1 1000 203 25200.  14.4  28.2   1.595   4.2   0.0
   1 1000 204 21100.  14.9  28.7   1.645   4.3   0.0
   1 1000 205 30400.  14.9  28.7   1.645   4.3   0.0
   1 1000 206 28700.  13.8  28.9   1.600   4.3   0.0
   1 1000 207 20100.  14.2  28.3   1.591   4.4   0.0
   1 1000 208 20100.  13.2  27.3   1.496   4.4   7.6
   1 1000 209 24900.  13.7  27.9   1.547   4.4   0.0
   1 1000 210 28800.  14.4  28.1   1.591   4.5   7.5
   1 1000 211 29000.  13.5  27.6   1.524   4.5   0.0
   1 1000 212 20500.  14.7  27.8   1.591   4.5   8.1
   1 1000 213 29100.  14.2  28.1   1.581   4.5   0.0
   1 1000 214 24400.  13.7  28.6   1.581   4.6   8.0
   1 1000 215 27300.  13.8  28.4   1.576   4.6   0.0
   1 1000 216 24200.  13.4  28.9   1.581   4.6   0.0
   1 1000 217 26200.  13.7  29.3   1.615   4.7   0.0
   1 1000 218 17900.  14.3  28.9   1.625   4.7   0.0
   1 1000 219 18500.  14.2  29.6   1.655   4.7   0.0
   1 1000 220 21300.  13.6  29.0   1.595   4.8  10.1
   1 1000 221  9900.  12.6  26.8   1.445   4.8   0.0
   1 1000 222 20900.  12.0  26.9   1.423   4.8   0.0
   1 1000 223 20700.  12.5  27.3   1.464   4.9   6.8
   1 1000 224 23200.  13.6  27.8   1.538   4.9   0.0
   1 1000 225 28500.  13.5  27.7   1.528   4.9   0.0
   1 1000 226 24300.  13.1  27.7   1.510   5.0   8.5
   1 1000 227 22100.  12.3  27.4   1.459   5.0   0.0
   1 1000 228 17600.  12.4  27.6   1.475   5.0   0.0
   1 1000 229 24500.  13.2  27.9   1.528   5.0   0.0
   1 1000 230 12800.  12.9  26.4   1.448   5.0   0.0
   1 1000 231  5500.  12.0  27.1   1.441   5.0   6.6
   1 1000 232 17500.  12.5  27.8   1.498   5.0   0.0
   1 1000 233 18200.  13.8  27.0   1.523   5.0   0.0
   1 1000 234 14300.  13.0  26.4   1.461   5.0  10.2
   1 1000 235 21100.  12.3  25.9   1.410   5.0   7.7
   1 1000 236 23700.  13.2  26.6   1.484   5.0   0.0
   1 1000 237 19500.  14.3  27.0   1.557   5.0   0.0
   1 1000 238  5200.  12.6  26.2   1.443   5.0   0.0
   1 1000 239 23500.  11.7  26.6   1.423   5.0   7.0
   1 1000 240 14400.  12.3  26.3   1.438   5.0   8.4
   1 1000 241 12000.  12.4  26.3   1.445   5.0   0.0
   1 1000 242 25100.  11.3  25.1   1.347   5.0   0.0
   1 1000 243  9600.  11.8  25.1   1.370   5.0   0.0
   1 1000 244 18800.  11.2  24.9   1.338   5.0   0.0
   1 1000 245 21300.  11.8  24.8   1.361   5.0   0.0
   1 1000 246 18100.  10.8  25.5   1.350   5.0   0.0
   1 1000 247 18300.  10.8  25.3   1.344   5.0   6.2
   1 1000 248 23800.  10.7  24.3   1.300   5.0   0.0
   1 1000 249 20500.   9.9  23.3   1.230   5.0   0.0
   1 1000 250 17300.   9.8  23.7   1.243   5.0   0.0
   1 1000 251 16600.  10.1  24.3   1.281   5.0   6.9
   1 1000 252 22400.  10.5  23.4   1.263   5.0   0.0
   1 1000 253 22600.   9.0  22.3   1.164   5.0   0.0
   1 1000 254 22400.   7.7  22.5   1.126   5.0   0.0
   1 1000 255 21900.   7.6  21.2   1.078   5.0   0.0
   1 1000 256 21400.   7.8  20.1   1.048   5.0   0.0
   1 1000 257 21700.   7.5  20.7   1.060   5.0   7.0
   1 1000 258 21300.   7.1  20.6   1.044   5.0   9.3
   1 1000 259 21200.   7.3  20.7   1.055   5.0   6.8
   1 1000 260 21000.   8.1  20.8   1.086   5.0   0.0
   1 1000 261 16200.   8.3  21.2   1.107   5.0   0.0
   1 1000 262 16600.   7.5  20.3   1.048   5.0   0.0
   1 1000 263 19700.   7.0  18.7   0.978   5.0   0.0
   1 1000 264 16800.   5.6  18.4   0.925   5.0   0.0
   1 1000 265 15700.   5.2  18.1   0.904   5.0   0.0
   1 1000 266 19600.   5.6  18.2   0.919   5.0   7.6
   1 1000 267 19400.   4.8  18.1   0.892   5.0   7.3
   1 1000 268 19100.   4.1  19.3   0.907   5.0   0.0
   1 1000 269  3800.   5.0  18.3   0.904   5.0   9.3
   1 1000 270 18700.   4.0  18.1   0.869   5.0   0.0
   1 1000 271 18400.   3.5  16.6   0.813   5.0   0.0
   1 1000 272 18200.   4.5  17.9   0.878   5.0   0.0
   1 1000 273 14000.   3.7  17.1   0.832   5.0   0.0
   1 1000 274 17700.   4.4  18.9   0.904   5.0   0.0
   1 1000 275 17300.   4.4  18.6   0.895   5.0   5.3
   1 1000 276  8000.   4.3  17.5   0.860   5.0   0.0
   1 1000 277  7900.   4.1  17.3   0.849   5.0   0.0
   1 1000 278 13500.   3.5  16.3   0.805   5.0   0.0
   1 1000 279 11100.   3.5  15.8   0.791   5.0   0.0
   1 1000 280 13800.   2.1  14.6   0.725   5.0   0.0
   1 1000 281  3500.   2.4  14.3   0.725   5.0   0.0
   1 1000 282 10100.   1.8  14.7   0.720   5.0   5.2
   1 1000 283 15700.   2.7  14.4   0.735   5.0   7.2
   1 1000 284 14900.   2.7  14.6   0.740   5.0   0.0
   1 1000 285  8600.   1.6  13.7   0.691   5.0   0.0
   1 1000 286 15100.   2.1  14.4   0.720   5.0   0.0
   1 1000 287  9500.   2.9  14.7   0.747   5.0   0.0
   1 1000 288  8300.   2.4  15.1   0.745   5.0   0.0
   1 1000 289  7400.   1.6  14.1   0.703   5.0   5.1
   1 1000 290 13000.   2.0  14.1   0.715   5.0   0.0
   1 1000 291  8000.   0.6  12.7   0.652   5.0   0.0
   1 1000 292  7600.  -0.1  12.4   0.632   5.0   0.0
   1 1000 293 10200.   0.8  12.9   0.665   5.0   4.9
   1 1000 294 10300.   1.1  13.8   0.696   5.0   0.0
   1 1000 295 10200.   1.4  12.4   0.672   5.0   0.0
   1 1000 296  9300.  -0.4  11.0   0.604   5.0   0.0
   1 1000 297  8800.   0.2  11.8   0.636   5.0   6.1
   1 1000 298 11800.  -0.3  11.3   0.616   5.0   0.0
   1 1000 299 12400.  -0.7  12.0   0.625   5.0   0.0
   1 1000 300 12300.   0.3  12.4   0.658   5.0   0.0
   1 1000 301 11700.  -2.1  11.0   0.579   5.0   0.0
   1 1000 302 11900.  -1.6   9.6   0.562   5.0   0.0
   1 1000 303 11700.  -1.3  10.4   0.586   5.0   5.0
   1 1000 304 11500.  -1.4  10.5   0.588   5.0   0.0
   1 1000 305 11400.  -2.1   8.8   0.542   5.0   0.0
   1 1000 306 11200.  -2.5   7.8   0.518   5.0   0.0
   1 1000 307  8800.  -2.9   7.1   0.500   5.0   0.0
   1 1000 308 10900.  -2.9   7.2   0.503   5.0   0.0
   1 1000 309  5100.  -2.2   6.7   0.508   5.0   0.0
   1 1000 310  5800.  -4.4   6.9   0.475   5.0   0.0
   1 1000 311  4900.  -4.5   6.7   0.471   5.0   0.0
   1 1000 312  8200.  -5.4   5.3   0.435   5.0   2.9
   1 1000 313 10100.  -5.5   4.1   0.416   5.0   2.9
   1 1000 314  2400.  -5.7   3.9   0.411   5.0   0.0
   1 1000 315  9800.  -6.9   2.9   0.380   5.0   0.0
   1 1000 316  9700.  -6.1   2.4   0.386   5.0   0.0
   1 1000 317  9500.  -6.2   1.6   0.374   5.0   0.0
   1 1000 318  4300.  -6.3   2.1   0.381   5.0   0.0
   1 1000 319  8000.  -6.3   3.0   0.395   5.0   2.8
   1 1000 320  7200.  -7.4   2.4   0.372   5.0   0.0
   1 1000 321  8700.  -7.2   1.4   0.362   4.9   0.0
   1 1000 322  8900.  -7.4   1.0   0.355   4.9   0.0
   1 1000 323  3500.  -8.3   0.6   0.339   4.9   0.0
   1 1000 324  1700.  -8.8  -0.1   0.325   4.8   0.0
   1 1000 325  8600.  -9.7  -0.6   0.309   4.8   0.0
   1 1000 326  5900. -10.1  -1.2   0.298   4.8   0.0
   1 1000 327  7900. -11.2  -1.5   0.283   4.7   3.0
   1 1000 328  7200. -10.8  -1.2   0.291   4.7   0.0
   1 1000 329  5300.  -9.5  -0.2   0.318   4.7   0.0
   1 1000 330  5000.  -9.7  -1.3   0.304   4.6   2.9
   1 1000 331  6000. -11.9  -3.3   0.259   4.6   0.0
   1 1000 332  7900. -12.5  -4.0   0.247   4.6   0.0
   1 1000 333  3600. -12.2  -3.3   0.257   4.5   2.8
   1 1000 334  3500. -12.8  -2.9   0.256   4.5   0.0
   1 1000 335  6600. -13.0  -3.0   0.254   4.5   0.0
   1 1000 336  7600. -13.5  -4.0   0.240   4.4   0.0
   1 1000 337  7600. -13.0  -3.6   0.249   4.4   1.6
   1 1000 338  7500. -12.4  -2.5   0.266   4.4   0.0
   1 1000 339  2700. -12.9  -2.4   0.263   4.3   1.6
   1 1000 340  7400. -13.5  -4.4   0.238   4.3   0.0
   1 1000 341  1700. -13.6  -4.0   0.241   4.3   0.0
   1 1000 342  2200. -14.3  -5.3   0.224   4.2   0.0
   1 1000 343  1500. -15.9  -6.9   0.197   4.2   1.9
   1 1000 344  4100. -16.4  -6.8   0.195   4.2   0.0
   1 1000 345  1400. -17.2  -8.0   0.180   4.1   0.0
   1 1000 346  7100. -17.2  -7.0   0.188   4.1   0.0
   1 1000 347  7100. -17.0  -6.8   0.191   4.1   0.0
   1 1000 348  7100. -18.1  -7.6   0.178   4.0   0.0
   1 1000 349  4200. -17.2  -7.3   0.187   4.0   0.0
   1 1000 350  1400. -18.0  -6.7   0.185   4.0   1.5
   1 1000 351  7000. -17.4  -8.2   0.179   4.1   0.0
   1 1000 352  7000. -17.7  -7.4   0.182   4.1   0.0
   1 1000 353  4700. -17.8  -8.2   0.176   4.1   2.1
   1 1000 354  7000. -19.2  -9.4   0.158   4.1   0.0
   1 1000 355  6800. -18.8  -8.0   0.170   4.2   0.0
   1 1000 356  1400. -17.0  -7.6   0.186   4.2   0.0
   1 1000 357  1500. -16.5  -7.2   0.192   4.2   0.0
   1 1000 358  7000. -17.4  -7.9   0.180   4.3   0.0
   1 1000 359  5600. -20.0 -10.1   0.148   4.3   0.0
   1 1000 360  6800. -20.5  -9.3   0.150   4.3   0.0
   1 1000 361  7000. -20.2  -9.1   0.153   4.4   0.0
   1 1000 362  5800. -18.5  -7.2   0.177   4.4   0.0
   1 1000 363  4000. -18.8  -8.9   0.163   4.4   0.0
   1 1000 364  5700. -19.8  -9.9   0.150   4.4   1.7
   1 1000 365  2800. -20.4 -10.2   0.145   4.5   2.1
   1 1000 366  2800. -23.1 -12.9   0.115   4.5   0.0
