*---------------------------------------------------------------------------*
* Station name: Akhelia, Cyprus
* Year: 1985                                              -99.000: NIL VALUE
* Author: Meteo service Cyprus
* Source:
* Comments: Daily vapour pressure in kPa at 08.00 hours.
*
* Longitude: 32 29 E, latitude: 34 44 N, altitude: 45 m.
*
* Column  Daily value
* 1       station number
* 2       year
* 3       day
* 4       irradiation                   (kJ m-2 d-1)
* 5       minimum temperature           (degrees Celsius)
* 6       maximum temperature           (degrees Celsius)
* 7       early morning vapour pressure (kPa)
* 8       mean wind speed               (m s-1)
* 9       precipitation                 (mm d-1)
*---------------------------------------------------------------------------*
  34.73  32.48    45. 0.00 0.00
   1 1985 274 18911.  19.0  29.8   1.950   1.5   0.0
   1 1985 275 18400.  18.0  28.0   1.140   1.9   0.0
   1 1985 276 19120.  17.0  28.2   1.050   2.1   0.0
   1 1985 277 18882.  17.1  28.7   1.000   2.2   0.0
   1 1985 278 18644.  17.5  29.0   0.730   1.9   0.0
   1 1985 279 18406.  18.5  29.1   1.380   2.3   0.0
   1 1985 280 16562.  19.6  29.2   1.550   1.7   0.0
   1 1985 281 14867.  19.7  26.6   1.940   1.9   4.8
   1 1985 282 16105.  18.2  26.1   1.980   1.9   0.0
   1 1985 283 17197.  17.8  21.4   1.850   2.0   0.0
   1 1985 284 17226.  16.6  27.0   1.680   2.7   0.0
   1 1985 285 15558.  15.5  26.5   1.360   2.8   0.0
   1 1985 286 17021.  14.0  25.4   1.120   2.2   0.0
   1 1985 287 16917.  14.4  25.8   1.050   2.8   0.0
   1 1985 288 17070.  15.0  24.8   1.420   2.3   2.0
   1 1985 289 13900.  16.6  23.8   1.620   1.7  13.2
   1 1985 290  7331.  17.4  23.5   1.870   1.9  17.0
   1 1985 291  7911.  14.5  21.0   1.740   1.4  13.5
   1 1985 292 11374.  13.5  20.2   1.340   2.0  29.8
   1 1985 293 12673.  14.5  22.8   1.640   1.5   0.0
   1 1985 294 16814.  14.4  23.7   1.480   2.4   0.0
   1 1985 295 16953.  14.8  25.4   1.380   2.2   0.0
   1 1985 296 15368.  14.2  24.8   1.370   2.3   0.0
   1 1985 297 15388.  14.1  24.1   1.330   2.0   0.0
   1 1985 298 15163.  17.1  24.0   1.700   1.5   0.0
   1 1985 299 16146.  13.5  20.1   1.100   2.3   0.0
   1 1985 300 14847.  11.2  21.5   1.000   2.6   0.0
   1 1985 301 15232.  11.5  21.3   1.070   2.9   0.0
   1 1985 302 15729.  10.5  22.3   1.080   3.0   0.0
   1 1985 303 14449.  11.0  22.2   0.950   2.5   0.0
   1 1985 304 15177.  11.6  24.2   0.640   2.0   0.0
   1 1985 305 14612.  14.9  26.0   0.940   2.1   0.0
   1 1985 306 14516.  13.7  24.0   1.500   2.0   0.0
   1 1985 307 13958.  14.3  24.1   0.990   1.6   0.0
   1 1985 308 12144.  15.4  25.1   0.980   1.9   0.0
   1 1985 309 10465.  15.6  26.0   1.400   1.7   0.0
   1 1985 310  7000.  17.5  27.2   1.980   1.4   0.0
   1 1985 311  6615.  17.7  24.2   1.740   1.6   5.8
   1 1985 312  3431.  17.2  22.0   1.740   1.8  19.9
   1 1985 313 11205.  16.3  21.0   1.860   1.2   0.8
   1 1985 314 13016.  15.1  21.7   1.600   1.9   0.0
   1 1985 315 13264.  13.8  22.4   1.490   1.9   0.0
   1 1985 316 13617.  13.6  22.0   1.490   1.1   0.0
   1 1985 317 13529.  13.8  23.6   1.360   1.8   0.0
   1 1985 318 13007.  13.3  23.3   1.110   1.6   0.0
   1 1985 319  9045.  12.9  22.2   1.070   1.9   0.0
   1 1985 320 11459.  13.3  22.5   1.170   1.4   0.0
   1 1985 321 12676.  14.0  24.0   1.080   2.3   0.0
   1 1985 322 10485.  15.0  24.8   1.030   2.1   0.0
   1 1985 323 12221.  14.2  24.5   0.910   1.9   0.0
   1 1985 324  9422.  14.5  24.1   1.280   1.9   0.0
   1 1985 325 12190.  14.6  23.6   1.040   1.4   0.0
   1 1985 326 10977.  13.3  23.2   1.090   1.9   0.0
   1 1985 327 12363.  14.2  22.5   1.350   1.8   0.0
   1 1985 328 10233.  13.0  24.3   1.120   2.2   0.0
   1 1985 329  6999.  14.6  22.4   1.920   2.1   3.8
   1 1985 330  9927.  15.8  21.1   1.480   4.0   1.1
   1 1985 331 11818.  13.4  22.2   1.520   1.8   0.0
   1 1985 332 12073.  11.2  22.3   1.110   2.8   0.0
   1 1985 333 10914.  10.9  24.1   0.810   2.3   0.3
   1 1985 334 11471.  11.5  20.8   1.340   1.7   0.0
   1 1985 335 11624.   9.5  19.8   0.910   1.9   0.0
   1 1985 336  9280.   9.6  19.0   1.120   1.5   0.0
   1 1985 337 10035.   7.4  18.1   0.730   1.6   0.0
   1 1985 338 11774.   8.1  18.4   0.620   2.2   0.0
   1 1985 339 11428.   9.6  20.4   1.360   1.7   0.0
   1 1985 340 11205.  11.1  20.7   1.040   2.3   0.0
   1 1985 341  9902.  11.0  21.0   1.150   1.8   0.0
   1 1985 342 11252.  12.0  24.1   1.040   1.7   0.0
   1 1985 343  8976.  13.1  24.4   0.790   2.4   0.0
   1 1985 344  6025.  13.4  24.3   0.880   2.5   0.0
   1 1985 345 11370.  11.4  21.0   0.880   2.2   0.0
   1 1985 346 11344.  11.0  21.4   0.970   2.4   0.0
   1 1985 347  9571.  11.3  24.0   0.920   2.4   0.0
   1 1985 348 10614.  12.0  23.0   0.720   2.3   0.0
   1 1985 349  6626.  10.7  20.4   1.030   3.0   0.0
   1 1985 350  7785.  12.2  18.4   1.150   1.6   0.0
   1 1985 351  5175.   9.4  17.9   1.060   2.2   0.0
   1 1985 352 11070.   8.6  18.8   0.920   2.5   0.3
   1 1985 353 11166.   8.1  16.0   0.750   1.8   0.0
   1 1985 354  9620.   3.3  16.0   0.550   3.7  15.5
   1 1985 355  2758.  10.0  14.8   1.360   2.2  36.1
   1 1985 356  8072.  10.5  16.1   1.150   2.3   7.3
   1 1985 357  6719.   9.0  15.2   0.990   2.3   5.3
   1 1985 358  6622.   8.6  15.2   0.910   1.9   3.2
   1 1985 359  7975.   8.0  17.0   0.950   2.5   3.3
   1 1985 360 11259.   8.5  15.8   0.990   1.9   0.0
   1 1985 361  8868.  10.5  17.8   1.140   1.9   1.4
   1 1985 362 10251.  13.5  19.0   1.020   1.9   0.4
   1 1985 363 10571.   8.0  18.8   0.840   3.4   0.0
   1 1985 364  6697.   9.1  18.4   1.020   2.5   0.0
   1 1985 365 10236.   8.8  19.0   0.900   2.6   0.0
