*---------------------------------------------------------------------------*
* Station name: Roskilde
* Year: 1985                                              -99.000: NIL VALUE
* Author: C. Grashoff
* Source: Global radiation, relative humidity and windspeed from the
*         Regional Centre Hoejbakkegaard, Tastrup (Department of Soil
*         and Water and Plant Nutrition, The Royal Veterinary and
*         Agricultural University, Copenhagen); MXTT, MNTT and RAINT
*         from the Roskilde Experiment Station
*
* Comments: Vapour pressure estimated from average daily temperature
*           and relative humidity
*
* Longitude: 12 00 E, latitude: 55 30 N, altitude: unknown
*
* Column  Daily value
* 1       station number
* 2       year
* 3       day
* 4       irradiation                   (kJ m-2 d-1)
* 5       minimum temperature           (degrees Celsius)
* 6       maximum temperature           (degrees Celsius)
* 7       early morning vapour pressure (kPa)
* 8       mean wind speed               (m s-1)
* 9       precipitation                 (mm d-1)
*---------------------------------------------------------------------------*
  12.00  55.50   -99. 0.00 0.00
   4 1985   1   990.  -3.0  -1.2   0.466   4.2   4.0
   4 1985   2  1450.  -8.2  -3.8   0.351   2.7   1.5
   4 1985   3  2650.  -9.1  -5.6   0.284   4.6   0.0
   4 1985   4  1630.  -9.0  -8.4   0.243   5.6   0.0
   4 1985   5  3000. -13.0 -10.6   0.165   3.3   0.0
   4 1985   6  2400.  16.8 -11.4   0.453   2.6   0.0
   4 1985   7  2350. -14.8  -7.6   0.176   2.6   0.0
   4 1985   8  1360. -13.9  -7.6   0.231   0.9   0.5
   4 1985   9  3150. -19.5  -5.2   0.196   1.1   0.0
   4 1985  10  3200. -17.5  -4.5   0.250   1.6   0.0
   4 1985  11  1760. -12.4  -2.6   0.340   0.8   0.0
   4 1985  12  4240. -12.4  -8.0   0.208   3.3   0.0
   4 1985  13  3740. -15.0  -3.8   0.218   2.3   0.0
   4 1985  14  2250. -13.4  -4.1   0.261   5.1   0.0
   4 1985  15  1840.  -6.5  -1.0   0.365   5.9   0.0
   4 1985  16  3340.  -4.4  -1.6   0.367   4.0   0.0
   4 1985  17  2630.  -8.5  -4.1   0.369   2.7   0.0
   4 1985  18  4500. -13.0  -5.5   0.266   1.1   0.0
   4 1985  19  1560. -13.5  -3.6   0.294   0.8   0.0
   4 1985  20  1180.  -9.8  -3.1   0.365   1.2   0.0
   4 1985  21  1610.  -7.6   1.6   0.440   4.6   0.0
   4 1985  22  1090.  -5.8   3.0   0.507   5.1   2.7
   4 1985  23  1970.   0.0   1.4   0.521   6.1   2.0
   4 1985  24  1930.  -1.0   1.6   0.506   6.2   0.0
   4 1985  25  1980.  -1.0  -0.5   0.509   2.9   0.0
   4 1985  26  1020.  -4.5  -0.8   0.457   4.3   0.0
   4 1985  27  4440.  -6.6  -6.1   0.345   3.2   7.5
   4 1985  28  2540. -17.8  -3.8   0.241   3.2   0.0
   4 1985  29  1690. -13.4   2.5   0.362   5.6   0.0
   4 1985  30  2360.  -4.0   3.2   0.498   5.2   7.2
   4 1985  31   620.  -0.8   4.6   0.617   5.7   0.3
   4 1985  32  1540.   2.0   4.5   0.633   6.4   5.8
   4 1985  33   960.   2.5   4.6   0.686   5.3   7.6
   4 1985  34  5500.  -6.0  -2.6   0.297   6.3   1.5
   4 1985  35  1050.  -5.5   1.8   0.469   3.1   0.0
   4 1985  36  2260.  -3.4   1.8   0.547   1.6   4.4
   4 1985  37  2940.  -1.8  -1.0   0.474   2.9   0.0
   4 1985  38  5980.  -7.9  -5.6   0.313   4.1   0.0
   4 1985  39  7970. -13.4  -6.0   0.251   1.9   0.0
   4 1985  40  8090. -15.0 -10.0   0.177   2.9   0.0
   4 1985  41  7220. -16.2  -8.9   0.167   2.2   0.0
   4 1985  42  6980. -14.8  -7.0   0.215   1.1   0.0
   4 1985  43  8480. -14.5  -4.1   0.259   1.3   0.0
   4 1985  44  8450. -12.4  -2.8   0.299   1.0   0.0
   4 1985  45  5200. -13.0  -5.5   0.269   3.0   0.0
   4 1985  46  3680. -14.8  -5.0   0.227   1.9   2.2
   4 1985  47  3990. -14.5  -5.0   0.270   1.8   0.2
   4 1985  48  9770. -15.0  -8.5   0.193   1.9   0.0
   4 1985  49  9460. -16.0  -6.5   0.155   2.2   0.0
   4 1985  50 10590. -14.9  -6.0   0.203   2.1   0.0
   4 1985  51  3090. -13.4   0.1   0.315   2.0   0.0
   4 1985  52  4840.  -8.6  -2.0   0.354   2.8   0.0
   4 1985  53  3550.  -4.8  -2.4   0.402   1.5   0.0
   4 1985  54  3260.  -5.6   2.2   0.474   3.6   0.0
   4 1985  55  2950.  -3.5   2.8   0.554   2.5   0.4
   4 1985  56  2030.  -0.4   0.1   0.556   3.5   0.0
   4 1985  57  2390.  -1.4   0.0   0.499   5.3   0.0
   4 1985  58  2160.  -1.0  -0.1   0.499   3.4   0.0
   4 1985  59  2950.  -1.0   0.4   0.514   1.4   0.0
   4 1985  60  1960.  -1.0   0.6   0.536   1.1   0.0
   4 1985  61  1580.  -1.4   1.8   0.552   4.0   0.0
   4 1985  62  7150.  -1.0   4.2   0.631   3.3   1.2
   4 1985  63  2170.  -1.2   0.8   0.536   6.2   0.0
   4 1985  64  4260.  -0.8   2.0   0.562   4.3   0.0
   4 1985  65  2140.   0.0   2.0   0.605   1.3   0.0
   4 1985  66  3290.   0.0   1.4   0.585   1.2  11.4
   4 1985  67  3810.  -0.4   0.6   0.535   2.6   0.2
   4 1985  68  4610.  -2.0  -0.4   0.431   2.0   0.0
   4 1985  69  2730.  -2.8   0.0   0.446   3.1   0.0
   4 1985  70  4080.  -1.8   1.0   0.528   1.3   4.5
   4 1985  71  6080.  -2.2  -1.0   0.478   2.8   0.0
   4 1985  72  3030.  -2.6   0.5   0.509   3.8   0.0
   4 1985  73  5040.  -2.1   0.6   0.520   2.7   0.0
   4 1985  74  7470.  -0.9   2.8   0.563   2.4   0.2
   4 1985  75  6820.  -2.9   1.9   0.524   1.3   1.0
   4 1985  76  8290.  -6.0  -1.8   0.425   2.4   0.0
   4 1985  77  8490.  -5.0  -0.2   0.398   3.2   0.0
   4 1985  78  2800.  -3.5   1.2   0.449   5.3   0.0
   4 1985  79  1740.  -0.9   1.2   0.500   5.6   2.1
   4 1985  80  2070.   0.3   2.0   0.565   5.1   0.0
   4 1985  81  7050.   0.2   4.1   0.571   5.3   1.0
   4 1985  82  2950.   1.0   2.5   0.590   4.5   0.0
   4 1985  83  2960.   1.0   3.0   0.643   3.5   4.0
   4 1985  84  8630.  -0.4   6.1   0.676   2.4   0.0
   4 1985  85  4000.  -1.2   4.5   0.620   2.1   0.8
   4 1985  86  4710.   1.2   4.0   0.627   3.2   2.0
   4 1985  87 10740.  -1.5   2.0   0.429   5.9   2.0
   4 1985  88 16670.  -3.9   2.0   0.444   4.8   3.0
   4 1985  89  5960.  -2.6   5.9   0.620   3.2   2.0
   4 1985  90  4200.  -1.4   7.4   0.668   4.0   5.4
   4 1985  91  9280.   4.0   9.9   0.861   3.9   0.4
   4 1985  92  4320.   5.0  10.4   0.864   5.4   1.8
   4 1985  93  8260.   1.2  10.4   0.647   3.2   0.2
   4 1985  94 13560.   2.0  14.1   0.864   4.4   0.0
   4 1985  95 10190.   2.4   6.1   0.647   4.5   0.0
   4 1985  96  3280.   2.0   4.4   0.616   3.4   0.0
   4 1985  97 11300.   2.0   6.1   0.662   2.4  11.3
   4 1985  98  4560.   1.2  11.4   0.842   3.2   3.8
   4 1985  99  2390.   1.8   7.4   0.731   3.6   3.5
   4 1985 100 12170.  -1.5   2.0   0.460   2.5   1.5
   4 1985 101  4000.  -1.6   3.6   0.526   4.3   0.0
   4 1985 102  6060.  -0.9   5.0   0.581   4.2   0.0
   4 1985 103  7860.   1.6   6.0   0.707   3.0   1.8
   4 1985 104 11880.   2.0   7.9   0.740   2.3   2.0
   4 1985 105 17090.   0.5  10.4   0.695   2.0   0.3
   4 1985 106 15330.   3.2   9.5   0.701   3.2   0.2
   4 1985 107 14590.   1.4  11.2   0.670   3.5   0.0
   4 1985 108 19850.   3.1  11.1   0.688   2.6   0.0
   4 1985 109 15080.   3.1  13.2   0.717   3.5   0.0
   4 1985 110  8790.   5.1   9.5   0.749   4.6   1.5
   4 1985 111 10160.   4.0  10.1   0.726   2.3   0.0
   4 1985 112 17450.  -0.5  10.9   0.700   2.5   0.0
   4 1985 113  8780.   0.5   4.2   0.536   4.6   1.0
   4 1985 114 12970.  -0.5   6.2   0.510   4.3   0.8
   4 1985 115 21000.  -2.8   5.0   0.417   5.6   1.0
   4 1985 116 17710.  -3.5   5.8   0.412   4.2   1.5
   4 1985 117 10340.   1.0   6.0   0.629   5.7   6.1
   4 1985 118 12230.   0.0   5.8   0.573   3.9   2.6
   4 1985 119 14320.  -0.2   6.8   0.566   3.2   0.0
   4 1985 120  5750.   1.4   5.4   0.632   7.9   2.2
   4 1985 121  7780.   2.5   8.6   0.699   4.4   2.0
   4 1985 122  8420.   0.0   6.8   0.648   3.0   9.5
   4 1985 123 16480.   0.8  10.0   0.719   2.1   0.4
   4 1985 124  9090.   3.6   7.0   0.714   1.7   0.5
   4 1985 125  7160.   0.6  10.2   0.764   2.4   0.4
   4 1985 126 20480.   1.6  16.4   0.795   5.2   0.0
   4 1985 127 22310.   5.6  19.4   0.743   7.7   0.0
   4 1985 128 20560.  10.0  18.6   0.819   7.8   0.0
   4 1985 129  3550.   7.8   9.8   0.875   3.4   0.0
   4 1985 130 18660.   6.6  15.2   1.034   1.5   3.8
   4 1985 131 22050.   6.4  17.2   1.126   2.4   0.0
   4 1985 132 19820.   5.2  16.8   0.830   5.2   0.0
   4 1985 133 10360.   8.8  16.6   0.797   4.6   0.0
   4 1985 134 22250.   9.2  24.4   1.212   3.1   0.0
   4 1985 135  9800.   9.8  15.6   0.811   2.7   0.0
   4 1985 136  8070.   9.8  13.2   0.831   2.0   0.0
   4 1985 137 20460.   7.4  16.2   1.015   2.0   0.0
   4 1985 138 21200.   8.5  18.0   0.841   2.5   0.0
   4 1985 139 27630.   6.4  19.0   0.649   3.7   0.0
   4 1985 140 27490.   5.2  20.6   0.643   2.0   0.0
   4 1985 141 26940.   9.0  22.0   0.956   3.0   0.0
   4 1985 142 26620.   7.2  21.0   0.986   2.5   0.0
   4 1985 143 10800.   9.9  15.5   0.974   2.4   0.0
   4 1985 144 26340.   5.0  15.5   0.752   3.2   0.0
   4 1985 145 25540.   8.5  21.0   1.080   3.8   0.5
   4 1985 146 25710.  10.4  23.0   1.224   3.7   0.0
   4 1985 147 24460.  12.0  21.0   1.133   4.0   0.0
   4 1985 148 21260.  12.4  23.0   1.386   3.3   0.0
   4 1985 149 13530.  11.8  13.0   1.114   5.4   0.0
   4 1985 150 29860.   7.9  17.0   1.030   4.2   3.0
   4 1985 151 26830.  10.0  19.5   1.046   2.6   0.0
   4 1985 152 30140.  10.6  21.2   0.963   3.3   0.0
   4 1985 153 29210.  11.4  22.0   1.014   2.1   0.0
   4 1985 154 28080.  10.6  24.8   1.223   2.7   0.0
   4 1985 155 27630.  11.0  25.0   1.350   3.0   0.0
   4 1985 156 16420.  13.0  24.6   1.485   2.3   0.0
   4 1985 157 21180.  13.0  17.9   1.147   3.1   0.0
   4 1985 158  5560.  11.4  14.0   1.195   2.2   0.0
   4 1985 159 12410.   9.9  14.0   1.011   4.0   9.3
   4 1985 160 12580.   6.2  12.0   0.881   4.0   0.2
   4 1985 161 11150.   7.8  13.0   1.051   2.0   5.0
   4 1985 162 19050.   6.9  14.4   0.875   3.5   7.0
   4 1985 163  5540.   6.8  12.4   1.044   3.6   0.0
   4 1985 164 14790.   6.5  15.0   1.050   2.2  19.3
   4 1985 165 10760.   6.8  13.5   0.983   2.5   6.8
   4 1985 166 16800.   5.3  13.4   0.861   2.7   3.1
   4 1985 167 18090.   9.4  13.5   0.896   4.7   3.2
   4 1985 168 18770.   4.5  14.6   0.837   1.5   0.0
   4 1985 169 25390.   6.0  16.0   0.975   1.7   0.0
   4 1985 170 20110.   6.6  17.4   1.028   1.4   0.0
   4 1985 171 16290.   8.2  17.4   1.084   1.6   0.0
   4 1985 172 13110.  12.5  19.0   1.457   1.4   0.0
   4 1985 173 10800.  12.9  16.2   1.332   1.5   9.1
   4 1985 174 15800.  11.9  19.4   1.430   1.6   0.0
   4 1985 175  8860.  13.4  17.9   1.520   1.6   0.1
   4 1985 176  6740.  12.8  15.2   1.414   2.1   2.9
   4 1985 177 19340.  11.2  17.6   1.303   2.3   5.8
   4 1985 178 22770.  10.0  17.2   1.142   2.6   0.0
   4 1985 179 19840.   9.2  17.6   1.143   2.9   0.0
   4 1985 180 16870.  10.0  17.4   1.197   2.8   0.0
   4 1985 181 19870.   9.0  17.9   1.085   2.7   0.3
   4 1985 182 17770.   8.2  15.6   1.021   3.7   0.0
   4 1985 183 20770.  10.0  19.6   1.269   2.5   0.0
   4 1985 184 20520.  11.0  20.8   1.472   1.9   0.0
   4 1985 185 20800.  10.8  21.0   1.308   1.9   0.0
   4 1985 186 28800.  11.0  22.0   1.095   2.0   0.0
   4 1985 187 28930.  11.0  22.4   1.281   2.3   0.0
   4 1985 188 18140.  12.0  18.0   1.234   3.8   0.5
   4 1985 189 17680.   9.0  16.8   1.076   2.2   0.0
   4 1985 190 15320.   8.5  19.2   1.241   1.6   0.0
   4 1985 191 27060.   8.5  20.4   1.141   2.2   0.0
   4 1985 192 12880.  11.4  18.5   1.282   2.3   0.0
   4 1985 193 17380.  11.4  22.0   1.281   2.5   0.3
   4 1985 194 14980.  14.8  23.2   1.681   2.1   0.4
   4 1985 195 19890.  14.2  24.0   1.625   2.5   0.0
   4 1985 196 14730.  17.0  21.0   1.681   2.8  13.0
   4 1985 197 15920.  11.0  18.0   1.261   2.1   8.0
   4 1985 198 20090.  11.2  18.2   1.227   2.6   2.0
   4 1985 199 24330.  10.2  21.6   1.308   3.6   0.0
   4 1985 200 14320.  15.4  19.0   1.481   3.9   0.0
   4 1985 201 14970.  12.4  19.0   1.381   3.0   0.6
   4 1985 202 22370.   9.4  17.0   1.082   2.9   0.6
   4 1985 203 17130.   9.2  17.4   1.151   3.6   2.2
   4 1985 204 19080.  12.4  19.0   1.345   4.0  12.4
   4 1985 205 11460.   9.4  17.0   1.204   2.0   0.1
   4 1985 206 26650.   9.2  20.0   1.186   2.1   0.0
   4 1985 207 25900.   8.4  23.0   1.220   1.6   0.0
   4 1985 208  4420.  12.0  18.4   1.494   1.9   0.9
   4 1985 209 18050.  14.4  21.0   1.528   2.1  14.7
   4 1985 210  9910.  14.0  21.0   1.710   3.4   5.0
   4 1985 211 13350.  12.5  18.0   1.429   2.9  24.7
   4 1985 212 13060.  13.4  19.4   1.482   2.8   4.4
   4 1985 213 18130.  13.4  18.2   1.264   3.8   1.5
   4 1985 214 13830.   9.4  17.6   1.182   2.8   0.0
   4 1985 215 10280.  12.0  17.0   1.361   3.8   2.6
   4 1985 216 19130.  10.0  17.6   1.142   3.6   6.4
   4 1985 217  4940.  10.1  17.9   1.317   4.9   0.0
   4 1985 218 18370.  12.2  17.8   1.200   4.7   4.2
   4 1985 219 18170.   9.4  19.4   1.187   3.0   0.3
   4 1985 220 17090.   8.1  18.4   1.193   1.9   0.0
   4 1985 221 23330.   7.5  21.0   1.192   1.5   0.0
   4 1985 222 19490.   7.8  20.1   1.169   2.5   0.0
   4 1985 223 19830.  12.1  20.0   1.229   3.8   2.5
   4 1985 224 17860.  12.2  20.4   1.268   3.1   0.9
   4 1985 225 21660.  10.0  21.8   1.344   2.2   0.0
   4 1985 226 15560.  12.9  22.2   1.534   3.0   0.0
   4 1985 227 14120.  14.8  23.4   1.781   1.8  24.2
   4 1985 228 15140.  13.6  22.8   1.620   1.8   0.3
   4 1985 229  9440.  14.4  20.8   1.681   1.7  22.3
   4 1985 230  8330.  10.0  19.8   1.431   0.9   0.0
   4 1985 231 10080.  11.1  18.9   1.457   1.4   7.0
   4 1985 232 13040.  13.0  21.9   1.565   2.4   1.8
   4 1985 233 13080.  13.6  20.0   1.386   3.7   5.3
   4 1985 234 14640.  11.4  20.6   1.317   2.9   0.2
   4 1985 235 13990.  11.0  19.2   1.139   2.9   0.0
   4 1985 236 10990.  11.5  20.5   1.353   3.1   0.0
   4 1985 237 13060.  14.0  19.2   1.349   3.2   0.2
   4 1985 238 16540.  10.1  19.8   1.230   3.0   0.0
   4 1985 239 14910.  10.0  19.0   1.178   2.9   0.0
   4 1985 240 18890.   8.9  21.4   1.143   3.0   0.0
   4 1985 241 13750.  12.5  20.0   1.356   1.8   0.0
   4 1985 242 17690.   9.2  21.9   1.314   2.0   0.0
   4 1985 243 15380.  13.0  25.0   1.548   2.6   0.0
   4 1985 244  9400.  13.5  20.9   1.481   2.6   0.0
   4 1985 245 11930.  10.9  19.4   1.298   3.2   5.9
   4 1985 246  3560.  10.0  15.0   1.194   3.4   0.0
   4 1985 247 12540.  11.6  16.0   1.078   5.1  11.9
   4 1985 248 10820.   7.0  15.0   0.936   4.5   0.0
   4 1985 249  9570.   6.8  14.6   0.891   9.3  12.1
   4 1985 250  6800.   6.5  13.4   0.749   7.7   5.6
   4 1985 251 13240.   9.5  14.5   1.042   4.5   0.0
   4 1985 252 10680.   9.0  15.1   1.074   5.0   0.0
   4 1985 253  8270.   8.9  16.0   1.175   3.3   0.0
   4 1985 254 15330.  11.0  17.2   1.164   4.9   0.0
   4 1985 255 10430.   7.1  17.9   1.092   1.3   0.0
   4 1985 256 13050.   8.4  17.2   1.129   4.0   0.0
   4 1985 257  8640.   9.4  16.4   1.136   3.5   0.6
   4 1985 258  5810.  10.0  15.0   1.165   4.2   1.0
   4 1985 259  5790.   8.4  13.1   1.050   4.0   4.0
   4 1985 260  7320.   9.0  13.9   1.100   3.8  11.0
   4 1985 261 11480.   7.5  17.2   1.067   3.1   0.0
   4 1985 262  8290.   9.0  20.0   1.361   2.9   0.0
   4 1985 263 11610.   9.4  15.8   0.997   3.4  12.0
   4 1985 264  3760.   9.0  14.6   1.112   4.0   0.0
   4 1985 265  7830.   7.8  12.4   0.931   2.8   2.6
   4 1985 266 12690.   4.5  15.0   0.812   1.8   0.0
   4 1985 267  1750.   6.5  13.4   1.093   1.7   0.0
   4 1985 268  7210.   9.5  14.0   1.205   1.1   2.1
   4 1985 269 10830.   2.4  14.8   0.886   1.4   0.0
   4 1985 270  6890.   3.0  15.2   0.963   3.9   1.0
   4 1985 271 10720.   9.0  13.8   1.042   3.3   0.0
   4 1985 272  8650.   5.4  13.5   0.962   1.8   0.0
   4 1985 273  7430.   9.1  18.0   1.295   2.4   0.2
   4 1985 274  9780.  11.0  21.6   1.473   3.4   0.0
   4 1985 275 10090.  11.5  21.8   1.506   2.4   0.0
   4 1985 276  5980.  12.4  21.4   1.743   2.7   0.0
   4 1985 277  6490.  13.0  21.0   1.579   2.2   0.0
   4 1985 278  9800.  11.8  19.2   1.328   2.4   0.0
   4 1985 279  8790.   7.2  17.9   1.256   1.6   0.0
   4 1985 280  2660.  10.0  14.8   1.302   3.5   0.0
   4 1985 281  1350.  12.6  13.1   1.356   2.6   2.6
   4 1985 282  6510.   7.6  13.2   1.000   4.0   6.6
   4 1985 283  9460.   8.8  13.4   0.982   4.3   1.4
   4 1985 284  3290.   6.5  15.4   0.998   5.8   0.2
   4 1985 285  9240.   9.1  12.6   0.744   6.7   1.2
   4 1985 286  6150.   4.6  11.0   0.732   2.5   0.0
   4 1985 287  3500.   7.9  13.5   1.059   3.7   0.0
   4 1985 288  8920.   5.4  14.4   1.028   1.2   0.0
   4 1985 289  2870.   5.4  13.9   1.059   2.3   0.0
   4 1985 290  1290.   9.2  11.0   1.055   1.8   0.0
   4 1985 291  5220.   9.5  12.5   1.002   3.9   0.0
   4 1985 292  8390.   5.5  13.0   0.937   2.0   0.0
   4 1985 293  2980.   4.4  11.4   0.737   2.7   0.0
   4 1985 294  2030.   9.0  11.6   0.893   2.3   0.0
   4 1985 295  7340.   4.7  13.0   0.946   1.6   0.0
   4 1985 296  5480.  -0.8   9.8   0.768   1.5   0.0
   4 1985 297  6030.   0.5   9.4   0.758   0.8   0.0
   4 1985 298  3360.  -1.5   4.5   0.634   1.0   0.0
   4 1985 299  3120.   2.0   5.0   0.700   1.3   0.0
   4 1985 300  1750.   2.5   7.0   0.696   1.4   0.0
   4 1985 301  1280.   3.4   9.0   0.770   2.4   0.0
   4 1985 302  6240.   1.8   9.4   0.702   1.8   0.0
   4 1985 303  1420.   1.2   8.4   0.707   3.1   0.0
   4 1985 304  2190.   6.2   8.9   0.897   2.4   0.0
   4 1985 305  2180.  -0.4   5.6   0.656   2.5   1.8
   4 1985 306  3610.  -0.6   6.0   0.572   4.7   2.6
   4 1985 307  4880.   1.0   7.0   0.586   4.0   3.0
   4 1985 308  4530.   0.8   6.0   0.601   3.6   0.0
   4 1985 309   890.   1.8  10.4   0.774   5.7   0.0
   4 1985 310  1310.   4.4   6.5   0.604   8.6  10.3
   4 1985 311  3300.   3.0   7.9   0.695   5.6   3.8
   4 1985 312  5000.   0.8   8.5   0.682   3.1   5.6
   4 1985 313  1610.   1.4  11.8   0.801   6.3   0.9
   4 1985 314  2110.   5.4   6.8   0.689   5.0   3.6
   4 1985 315  4650.   1.0   6.4   0.574   5.8   2.3
   4 1985 316  2960.   0.8   5.2   0.622   2.3   0.0
   4 1985 317  4310.   2.0   6.0   0.603   1.2   0.6
   4 1985 318  5630.  -3.2   2.0   0.497   1.2   0.0
   4 1985 319  2990.  -3.0   1.4   0.519   0.9   0.0
   4 1985 320  1540.  -2.5   2.5   0.538   1.7   2.4
   4 1985 321  4010.  -3.8   1.2   0.472   2.0   5.3
   4 1985 322  1980.  -3.0   1.0   0.437   4.9   0.0
   4 1985 323   820.  -1.0   1.0   0.440   5.7   0.0
   4 1985 324   660.  -0.5   1.2   0.476   4.7   0.0
   4 1985 325   530.  -1.0   1.6   0.487   4.5   0.0
   4 1985 326   350.  -0.5   2.4   0.570   4.1   1.0
   4 1985 327   350.   1.4   2.4   0.631   1.9   0.0
   4 1985 328  1240.   1.0   1.9   0.584   2.1   0.5
   4 1985 329  5140.  -2.5   1.8   0.512   1.5   0.0
   4 1985 330  1220.  -2.0   0.2   0.509   2.8   0.0
   4 1985 331  1520.  -2.8   0.4   0.498   2.8   3.8
   4 1985 332  1760.  -6.0   0.5   0.439   2.4   1.6
   4 1985 333  1860.  -6.0  -0.1   0.395   3.7   1.6
   4 1985 334  2910.  -6.0  -1.4   0.404   1.4   0.0
   4 1985 335   930. -10.0   4.5   0.459   4.7   0.0
   4 1985 336  1220.  -5.0   6.1   0.502   3.5  26.0
   4 1985 337   860.   2.2  10.0   0.793   5.2  17.2
   4 1985 338   930.   5.4   9.0   0.815   5.8   0.2
   4 1985 339   270.   6.4   9.2   0.998   1.9   3.3
   4 1985 340   490.   5.2   5.4   0.723   5.8  10.4
   4 1985 341   310.   0.0   6.4   0.677   3.0  15.0
   4 1985 342   550.  -1.6   1.0   0.544   1.0   6.0
   4 1985 343   660.  -1.8   5.0   0.631   3.1   1.3
   4 1985 344   580.   0.8   5.0   0.678   2.6   6.2
   4 1985 345  3120.  -0.5   1.0   0.560   1.5   0.0
   4 1985 346   570.  -2.2   3.5   0.538   2.6   0.0
   4 1985 347   150.   0.0   5.2   0.612   6.2   0.0
   4 1985 348   890.   2.6   8.0   0.768   4.1   4.8
   4 1985 349   630.   2.6   8.8   0.789   4.8   1.0
   4 1985 350   440.   5.0   7.5   0.811   4.9   0.4
   4 1985 351   860.   1.8   2.2   0.600   3.7   4.7
   4 1985 352   850.   0.0   4.8   0.603   4.4   0.9
   4 1985 353  1900.   0.0   5.4   0.631   4.2   4.5
   4 1985 354   290.   1.6   7.5   0.745   3.1   0.4
   4 1985 355   210.   2.0   7.9   0.749   5.7   6.6
   4 1985 356   710.   5.5   6.2   0.761   5.1   1.0
   4 1985 357   670.   1.6   5.4   0.653   3.2   0.2
   4 1985 358   420.   3.4   5.0   0.711   3.9   0.0
   4 1985 359   260.   3.0   5.8   0.762   2.8   0.0
   4 1985 360   410.   3.9   5.6   0.739   4.0   4.2
   4 1985 361  4000.  -4.6  -1.1   0.416   1.5   0.0
   4 1985 362  3090.  -5.0  -0.8   0.449   2.1   0.0
   4 1985 363  1290.  -6.4  -1.4   0.434   1.1   0.0
   4 1985 364  1250.  -6.0  -0.2   0.427   1.9   0.0
   4 1985 365  1050.  -6.0  -2.2   0.369   4.5   0.6
