*---------------------------------------------------------------------------*
* Station name: Sakha (Agric. Research Station), Egypt
* Year: 1984
* Author: Peter Uithol                                     -99.000: NIL VALUE
* Source: IRRI/WMO Special project
* Comments: Incomplete year
* Longitude: 30 55 E, latitude: 31 5 N, altitude: -99. m
*
* Column  Daily value
* 1       station number
* 2       year
* 3       day
* 4       irradiation                   (kJ m-2 d-1)
* 5       minimum temperature           (degrees Celsius)
* 6       maximum temperature           (degrees Celsius)
* 7       early morning vapour pressure (kPa)
* 8       mean wind speed (height: 2 m) (m s-1)
* 9       precipitation                 (mm d-1)
*---------------------------------------------------------------------------*
  30.92  31.08   -99. 0.00 0.00
   1 1984 131   -99.  14.1  31.0 -99.000 -99.0 -99.0
   1 1984 132   -99.  16.0  37.2 -99.000 -99.0 -99.0
   1 1984 133   -99.  17.5  27.1 -99.000 -99.0 -99.0
   1 1984 134   -99.  12.0  28.0 -99.000 -99.0 -99.0
   1 1984 135   -99.  11.0  28.7 -99.000 -99.0 -99.0
   1 1984 136   -99.  11.8  32.3 -99.000 -99.0 -99.0
   1 1984 137   -99.  12.0  34.0 -99.000 -99.0 -99.0
   1 1984 138   -99.  16.2  37.7 -99.000 -99.0 -99.0
   1 1984 139   -99.  17.4  31.5 -99.000 -99.0 -99.0
   1 1984 140   -99.  16.2  34.0 -99.000 -99.0 -99.0
   1 1984 141   -99.  14.2  34.5 -99.000 -99.0 -99.0
   1 1984 142   -99.  17.2  38.5 -99.000 -99.0 -99.0
   1 1984 143   -99.  18.1  30.6 -99.000 -99.0 -99.0
   1 1984 144   -99.  15.1  35.1 -99.000 -99.0 -99.0
   1 1984 145   -99.  19.0  39.7 -99.000 -99.0 -99.0
   1 1984 146   -99.  19.6  33.0 -99.000 -99.0 -99.0
   1 1984 147   -99.  17.0  30.2 -99.000 -99.0 -99.0
   1 1984 148   -99.  14.5  29.2 -99.000 -99.0 -99.0
   1 1984 149   -99.  15.0  37.1 -99.000 -99.0 -99.0
   1 1984 150   -99.  17.2  34.3 -99.000 -99.0 -99.0
   1 1984 151   -99.  16.3  32.2 -99.000 -99.0 -99.0
   1 1984 152   -99.  15.0  35.0 -99.000 -99.0 -99.0
   1 1984 153   -99.  19.0  28.5 -99.000 -99.0 -99.0
   1 1984 154   -99.  17.0  28.4 -99.000 -99.0 -99.0
   1 1984 155   -99.  16.6  30.9 -99.000 -99.0 -99.0
   1 1984 156   -99.  16.1  31.0 -99.000 -99.0 -99.0
   1 1984 157   -99.  15.1  32.4 -99.000 -99.0 -99.0
   1 1984 158   -99.  15.5  33.6 -99.000 -99.0 -99.0
   1 1984 159   -99.  17.0  36.8 -99.000 -99.0 -99.0
   1 1984 160   -99.  15.1  32.3 -99.000 -99.0 -99.0
   1 1984 161   -99.  16.3  33.1 -99.000 -99.0 -99.0
   1 1984 162   -99.  17.5  33.0 -99.000 -99.0 -99.0
   1 1984 163   -99.  15.0  32.8 -99.000 -99.0 -99.0
   1 1984 164   -99.  14.9  31.0 -99.000 -99.0 -99.0
   1 1984 165   -99.  15.9  29.0 -99.000 -99.0 -99.0
   1 1984 166   -99.  18.1  31.0 -99.000 -99.0 -99.0
   1 1984 167   -99.  16.1  29.2 -99.000 -99.0 -99.0
   1 1984 168   -99.  14.7  30.1 -99.000 -99.0 -99.0
   1 1984 169   -99.  16.2  31.9 -99.000 -99.0 -99.0
   1 1984 170   -99.  18.1  31.4 -99.000 -99.0 -99.0
   1 1984 171   -99.  18.7  29.0 -99.000 -99.0 -99.0
   1 1984 172   -99.  17.3  32.1 -99.000 -99.0 -99.0
   1 1984 173   -99.  16.0  31.9 -99.000 -99.0 -99.0
   1 1984 174 27958.  18.8  31.0   1.612   1.9   0.0
   1 1984 175 26730.  16.6  33.2   1.161   1.9   0.0
   1 1984 176 28105.  16.8  29.6   1.302   2.1   0.0
   1 1984 177 26543.  17.0  29.5   1.230   2.0   0.0
   1 1984 178 28105.  19.0  29.5   1.430   1.8   0.0
   1 1984 179 29110.  19.5  28.8   1.411   2.0   0.0
   1 1984 180 26507.  18.5  29.0   1.411   2.3   0.0
   1 1984 181 30708.  18.5  29.5   1.505   2.7   0.0
   1 1984 182 27695.  16.5  31.0   1.097   2.4   0.0
   1 1984 183 26060.  17.5  34.0   1.207   1.7   0.0
   1 1984 184 28217.  20.0  34.0   1.454   2.0   0.0
   1 1984 185 27248.  21.0  33.5   1.698   1.6   0.0
   1 1984 186 29034.  19.0  33.0   1.346   2.3   0.0
   1 1984 187 27882.  19.0  30.5   1.320   2.8   0.0
   1 1984 188 30485.  18.0  27.7   1.244   3.8   0.0
   1 1984 189 28141.  16.7  27.0   1.252   3.3   0.0
   1 1984 190 29704.  16.2  27.3   1.067   3.5   0.0
   1 1984 191 28328.  16.2  27.8   1.238   2.4   0.0
   1 1984 192 28292.  17.3  29.1   1.111   2.4   0.0
   1 1984 193 28922.  17.2  29.2   1.029   2.1   0.0
   1 1984 194 27324.  18.3  30.7   1.164   1.8   0.0
   1 1984 195 27065.  18.9  30.6   1.281   1.9   0.0
   1 1984 196 26730.  19.7  30.5   1.429   1.8   0.0
   1 1984 197 25614.  18.9  31.0   1.495   1.6   0.0
   1 1984 198 26320.  19.0  32.7   1.568   1.4   0.0
   1 1984 199 26802.  19.5  33.3   1.448   2.0   0.0
   1 1984 200 25949.  21.7  31.0   1.916   2.1   0.0
   1 1984 201 28217.  20.0  28.6   1.786   2.7   0.0
   1 1984 202 24757.  18.5  29.5   1.422   2.1   0.0
   1 1984 203 25762.  19.7  29.3   1.537   2.1   0.0
   1 1984 204 19998.  20.3  29.5   1.850   1.9   0.0
   1 1984 205 24311.  22.5  29.5   2.077   2.3   0.0
   1 1984 206 27025.  18.7  30.5   1.507   2.2   0.0
   1 1984 207 26914.  19.3  30.3   1.672   2.3   0.0
   1 1984 208 28141.  21.5  30.2   1.854   1.9   0.0
   1 1984 209 25128.  19.9  29.5   1.689   2.1   0.0
   1 1984 210 24127.  19.2  29.0   1.499   2.2   0.0
   1 1984 211 22900.  18.5  27.0   1.386   2.7   0.0
   1 1984 212 22043.  18.5  27.7   1.484   1.9   0.0
   1 1984 213 25798.  18.7  28.7   1.554   1.8   0.0
   1 1984 214 26953.  18.3  29.5   1.396   1.4   0.0
   1 1984 215 26431.  17.2  30.0   1.273   1.5   0.0
   1 1984 216 25279.  16.5  29.9   1.308   1.6   0.0
   1 1984 217 24757.  20.3  28.7   1.753   2.3   0.0
   1 1984 218 23605.  21.4  30.0   1.756   1.8   0.0
   1 1984 219 24833.  21.2  30.0   1.946   1.4   0.0
   1 1984 220 25502.  19.5  30.5   1.813   1.2   0.0
   1 1984 221 26579.  17.7  30.5   1.443   1.4   0.0
   1 1984 222 26431.  18.0  29.7   1.423   1.9   0.0
   1 1984 223 25949.  18.1  29.6   1.532   1.8   0.0
   1 1984 224 25168.  20.8  30.7   1.822   2.0   0.0
   1 1984 225 24610.  20.1  31.5   1.517   2.1   0.0
   1 1984 226 23828.  21.5  32.3   1.802   1.4   0.0
   1 1984 227 23418.  20.8  30.7   1.926   1.2   0.0
   1 1984 228 24016.  19.5  31.0   1.629   1.3   0.0
   1 1984 229 23717.  18.7  28.4   1.459   1.8   0.0
   1 1984 230 24462.  17.5  27.6   1.397   2.1   0.0
   1 1984 231 23828.  17.7  27.7   1.417   2.0   0.0
   1 1984 232 25279.  17.0  27.8   1.352   1.8   0.0
   1 1984 233 25168.  17.8  28.0   1.485   1.6   0.0
   1 1984 234 25391.  17.3  28.0   1.445   1.9   0.0
   1 1984 235 23382.  17.0  27.2   1.373   2.2   0.0
   1 1984 236 25391.  17.3  27.6   1.376   1.8   0.0
   1 1984 237 24239.  17.0  30.0   1.299   1.2   0.0
   1 1984 238 23083.  20.0  31.7   1.725   1.3   0.0
   1 1984 239 20815.  18.5  29.5   1.592   1.5   0.0
   1 1984 240 23306.  18.4  27.8   1.481   1.7   0.0
   1 1984 241 23864.  19.7  28.6   1.753   1.7   0.0
   1 1984 242 23418.  18.5  28.8   1.556   1.5   0.0
   1 1984 243 22936.  17.8  30.3   1.512   1.3   0.0
   1 1984 244 21895.  19.3  28.3   1.652   1.4   0.0
   1 1984 245 22154.  17.2  27.5   1.446   1.3   0.0
   1 1984 246 19328.  17.4  27.3   1.289   1.0   0.0
   1 1984 247 21820.  16.5  28.2   1.277   1.1   0.0
   1 1984 248 22302.  16.5  29.3   1.377   1.4   0.0
   1 1984 249 22860.  18.3  31.5   1.625   1.2   0.0
   1 1984 250 23123.  17.0  31.5   1.445   1.3   0.0
   1 1984 251 21373.  16.7  29.2   1.429   1.5   0.0
   1 1984 252 21449.  19.5  31.2   1.670   1.0   0.0
   1 1984 253 21672.  17.9  31.3   1.550   1.2   0.0
   1 1984 254 20257.  17.8  33.9   1.369   1.1   0.0
   1 1984 255 20779.  19.9  30.2   1.738   1.3   0.0
   1 1984 256 21373.  17.7  28.3   1.490   1.2   0.0
   1 1984 257 19699.  17.5  28.0   1.513   1.2   0.0
   1 1984 258 20480.  16.5  28.7   1.398   1.0   0.0
   1 1984 259 21708.  14.4  28.9   1.167   0.9   0.0
   1 1984 260 21373.  15.9  28.7   1.237   0.9   0.0
   1 1984 261 21784.  14.9  28.9   1.277   0.9   0.0
   1 1984 262 19552.  15.3  30.8   1.152   0.9   0.0
   1 1984 263 19141.  16.3  32.3   1.297   1.0   0.0
   1 1984 264 16837.  17.0  32.9   1.313   0.9   0.0
   1 1984 265 21521.  15.5  32.4   1.255   1.1   0.0
   1 1984 266 19850.  15.8  29.9   1.254   1.4   0.0
   1 1984 267 18994.  17.2  30.2   1.314   1.2   0.0
   1 1984 268 20257.  17.0  31.0   1.274   0.9   0.0
   1 1984 269 20444.  14.0  30.0   1.022   0.9   0.0
   1 1984 270 18882.  16.3  29.9   1.309   1.3   0.0
   1 1984 271 19627.  16.2  30.0   1.170   1.2   0.0
   1 1984 272 17543.  15.6  26.5   1.256   1.1   0.0
   1 1984 273 17356.  15.0  27.2   1.232   1.3   0.0
   1 1984 274 18511.  16.5  29.0   1.193   1.2   0.0
   1 1984 275 17024.  15.0  29.5   1.058   0.9   0.0
   1 1984 276 18511.  11.7  28.9   0.970   1.0   0.0
   1 1984 277 18806.  15.5  30.1   1.281   1.2   0.0
   1 1984 278 18360.  15.7  30.7   1.237   1.1   0.0
   1 1984 279 18137.  14.7  30.8   1.177   0.8   0.0
   1 1984 280 18025.  15.2  31.0   1.124   0.8   0.0
   1 1984 281 15574.  15.2  30.5   1.276   0.9   0.0
   1 1984 282 16578.  15.4  30.4   1.266   1.4   0.0
   1 1984 283 16873.  17.5  31.0   1.545   2.3   0.0
   1 1984 284 17802.  18.0  32.4   1.171   1.3   0.0
   1 1984 285 15797.  17.9  32.5   1.275   1.1   0.0
   1 1984 286 17989.  15.7  32.0   1.110   1.3   0.0
   1 1984 287 16056.  16.5  29.9   1.353   1.0   0.0
   1 1984 288 16427.  15.5  29.8   1.188   1.4   0.0
   1 1984 289 13453.  16.5  29.5   1.341   1.2   0.0
   1 1984 290  9324.  16.3  31.0   1.078   1.5   0.0
   1 1984 291 16762.  15.3  24.6   0.922   2.0   0.0
   1 1984 292 13637.  10.5  25.3   0.728   0.9   0.0
   1 1984 293 16466.  10.5  26.4   0.666   1.7   0.0
   1 1984 294 17356.  13.2  28.8   0.768   1.8   0.0
   1 1984 295 17579.  14.3  26.5   0.887   1.9   0.0
   1 1984 296 16315.  13.0  26.1   0.829   1.4   0.0
   1 1984 297 15610.  12.2  26.5   0.818   1.0   0.0
   1 1984 298 13712.  12.6  26.0   0.895   1.1   0.0
   1 1984 299 14904.  12.0  25.9   0.686   0.9   0.0
   1 1984 300 13230.  12.3  26.0   0.917   1.0   0.0
   1 1984 301 14681.  12.0  26.1   0.897   1.2   0.0
   1 1984 302 14792.  13.0  26.4   1.000   1.6   0.0
   1 1984 303 15163.  12.2  27.8   0.884   1.6   0.0
   1 1984 304 12190.  12.0  25.6   0.873   1.6   0.0
   1 1984 305 14123.  12.7  24.0   0.852   2.0   0.0
   1 1984 306 12636.  12.0  23.8   0.685   3.5   0.0
   1 1984 307 11927.  10.5  26.0   0.625   1.5   0.0
   1 1984 308 13936.  10.0  26.2   0.683   1.5   0.0
   1 1984 309 14418.  10.5  25.3   0.653   1.1   0.0
   1 1984 310 12895.   8.8  24.5   0.580   1.1   0.0
   1 1984 311 10292.   9.7  24.3   0.658   1.3   0.0
   1 1984 312 13266.  11.0  24.5   0.705   1.2   0.0
   1 1984 313 13306.   9.0  24.6   0.704   1.2   0.0
   1 1984 314 12672.   9.3  24.4   0.615   1.0   0.0
   1 1984 315 12748.  11.0  24.7   0.659   1.1   0.0
   1 1984 316 11592.   9.5  23.3   0.607   0.8   0.0
   1 1984 317  9994.  10.0  26.0   0.583   1.1   0.0
   1 1984 318 12038.  13.1  26.0   0.796   1.4   0.0
   1 1984 319 12262.  11.2  26.5   0.814   1.4   0.0
   1 1984 320 12301.  11.8  26.0   0.897   1.4   0.0
   1 1984 321 10886.  14.0  24.1   0.942   1.6   0.0
   1 1984 322 10476.  11.4  26.2   0.748   1.0   0.0
   1 1984 323 13306.   9.0  25.4   0.669   0.8   0.0
   1 1984 324 12190.   8.7  25.0   0.713   1.2   0.0
   1 1984 325 11444.   8.8  24.8   0.731   1.5   0.0
   1 1984 326 10922.  11.0  22.8   0.734   2.1   0.0
   1 1984 327 10922.   9.1  20.2   0.800   2.1   9.4
   1 1984 328  9101.   7.5  22.3   0.897   1.3   0.0
   1 1984 329 11966.   9.5  23.0   0.745   1.0   0.0
   1 1984 330 11743.   9.8  23.6   0.697   2.2   0.0
   1 1984 331 11034.  14.5  23.6   1.056   1.7   0.0
   1 1984 332  9882.  11.4  22.5   0.976   1.3   0.0
   1 1984 333 10663.  10.6  22.0   0.861   1.2   0.0
   1 1984 334 10699.  10.0  21.8   0.931   1.2   0.0
