*---------------------------------------------------------------------------*
* Station name: La Revanche-Lectoure
* Year: 1986                                              -99.000: NIL VALUE
* Author: Barbara Habekotte
* Data-entry: Barbara Habekotte
* Source: M. Pustjens, Van der Have, Rilland
* Comments: The month december has to much missing data of
*           minimum and maximum temperature for interpolation
*
* Longitude: 0 38 E, 43 56 latitude: N, altitude: unknown
*
* Column  Daily value
* 1       station number
* 2       year
* 3       day
* 4       irradiation                   (kJ m-2 d-1)
* 5       minimum temperature           (degrees Celsius)
* 6       maximum temperature           (degrees Celsius)
* 7       early morning vapour pressure (kPa)
* 8       mean wind speed               (m s-1)
* 9       precipitation                 (mm d-1)
*---------------------------------------------------------------------------*
  0.63  43.93   -99. 0.00 0.00
  26 1986 213   -99.  16.0  32.0 -99.000 -99.0 -99.0
  26 1986 214   -99.  16.0  31.0 -99.000 -99.0 -99.0
  26 1986 215   -99.  14.0  34.0 -99.000 -99.0 -99.0
  26 1986 216   -99.  10.0  19.5 -99.000 -99.0 -99.0
  26 1986 217   -99.  10.0  27.0 -99.000 -99.0 -99.0
  26 1986 218   -99.  11.5  31.5 -99.000 -99.0 -99.0
  26 1986 219   -99.  15.0  26.0 -99.000 -99.0 -99.0
  26 1986 220   -99.  14.0  26.0 -99.000 -99.0 -99.0
  26 1986 221   -99.  17.5  30.0 -99.000 -99.0 -99.0
  26 1986 222   -99.  17.0  29.0 -99.000 -99.0 -99.0
  26 1986 223   -99.  12.5  22.0 -99.000 -99.0 -99.0
  26 1986 224   -99.  12.0  25.0 -99.000 -99.0 -99.0
  26 1986 225   -99.  12.5  29.0 -99.000 -99.0 -99.0
  26 1986 226   -99.  14.0  30.0 -99.000 -99.0 -99.0
  26 1986 227   -99.  17.0  33.0 -99.000 -99.0 -99.0
  26 1986 228   -99.  19.0  33.0 -99.000 -99.0 -99.0
  26 1986 229   -99.  18.0  29.5 -99.000 -99.0 -99.0
  26 1986 230   -99.  17.5  30.0 -99.000 -99.0 -99.0
  26 1986 231   -99.  10.5  23.0 -99.000 -99.0 -99.0
  26 1986 232   -99.  11.5  26.5 -99.000 -99.0 -99.0
  26 1986 233   -99.  11.5  33.0 -99.000 -99.0 -99.0
  26 1986 234   -99.  13.5  29.0 -99.000 -99.0 -99.0
  26 1986 235   -99.  14.0  24.5 -99.000 -99.0 -99.0
  26 1986 236   -99.   9.5  21.5 -99.000 -99.0 -99.0
  26 1986 237   -99.   9.5  28.0 -99.000 -99.0 -99.0
  26 1986 238   -99.  11.0  25.0 -99.000 -99.0 -99.0
  26 1986 239   -99.  10.0  19.0 -99.000 -99.0 -99.0
  26 1986 240   -99.   8.5  18.5 -99.000 -99.0 -99.0
  26 1986 241   -99.   6.0  20.0 -99.000 -99.0 -99.0
  26 1986 242   -99.   7.0  21.5 -99.000 -99.0 -99.0
  26 1986 243   -99.   8.0  23.5 -99.000 -99.0 -99.0
  26 1986 244   -99.   8.0  25.5 -99.000 -99.0 -99.0
  26 1986 245   -99.   8.0  27.0 -99.000 -99.0 -99.0
  26 1986 246   -99.   9.5  29.0 -99.000 -99.0 -99.0
  26 1986 247   -99.   7.0  27.5 -99.000 -99.0 -99.0
  26 1986 248   -99.  12.0  30.5 -99.000 -99.0 -99.0
  26 1986 249   -99.  13.5  26.5 -99.000 -99.0 -99.0
  26 1986 250   -99.  11.0  27.5 -99.000 -99.0 -99.0
  26 1986 251   -99. -99.0 -99.0 -99.000 -99.0 -99.0
  26 1986 252   -99.  13.5  25.0 -99.000 -99.0 -99.0
  26 1986 253   -99.  10.0  27.0 -99.000 -99.0 -99.0
  26 1986 254   -99.  17.0  31.0 -99.000 -99.0 -99.0
  26 1986 255   -99.  17.0  31.0 -99.000 -99.0 -99.0
  26 1986 256   -99.  18.5  33.0 -99.000 -99.0 -99.0
  26 1986 257   -99.  20.0  32.0 -99.000 -99.0 -99.0
  26 1986 258   -99.  17.5  31.5 -99.000 -99.0 -99.0
  26 1986 259   -99.  17.5  30.0 -99.000 -99.0 -99.0
  26 1986 260   -99.  13.0  23.5 -99.000 -99.0 -99.0
  26 1986 261   -99.  13.0  24.0 -99.000 -99.0 -99.0
  26 1986 262   -99.  12.5  28.5 -99.000 -99.0 -99.0
  26 1986 263   -99.  12.5  26.5 -99.000 -99.0 -99.0
  26 1986 264   -99.  11.0  26.5 -99.000 -99.0 -99.0
  26 1986 265   -99.  13.0  28.5 -99.000 -99.0 -99.0
  26 1986 266   -99.  14.0  28.5 -99.000 -99.0 -99.0
  26 1986 267   -99.  14.0  17.5 -99.000 -99.0 -99.0
  26 1986 268   -99.  12.0  15.5 -99.000 -99.0 -99.0
  26 1986 269   -99.  10.5  18.0 -99.000 -99.0 -99.0
  26 1986 270   -99.   9.0  21.0 -99.000 -99.0 -99.0
  26 1986 271   -99.   8.0  22.5 -99.000 -99.0 -99.0
  26 1986 272   -99.   8.5  23.0 -99.000 -99.0 -99.0
  26 1986 273   -99.  13.5  26.5 -99.000 -99.0 -99.0
  26 1986 274   -99.  13.5  26.0 -99.000 -99.0 -99.0
  26 1986 275   -99.  14.5  25.0 -99.000 -99.0 -99.0
  26 1986 276   -99.  17.0  29.0 -99.000 -99.0 -99.0
  26 1986 277   -99.  13.5  29.5 -99.000 -99.0 -99.0
  26 1986 278   -99.  14.5  29.5 -99.000 -99.0 -99.0
  26 1986 279   -99.  12.5  27.5 -99.000 -99.0 -99.0
  26 1986 280   -99.  10.5  28.0 -99.000 -99.0 -99.0
  26 1986 281   -99.  11.5  26.0 -99.000 -99.0 -99.0
  26 1986 282   -99.   8.0  24.0 -99.000 -99.0 -99.0
  26 1986 283   -99.  13.5  26.5 -99.000 -99.0 -99.0
  26 1986 284   -99.   9.0  21.5 -99.000 -99.0 -99.0
  26 1986 285   -99.  14.0  24.5 -99.000 -99.0 -99.0
  26 1986 286   -99.  13.5  26.0 -99.000 -99.0 -99.0
  26 1986 287   -99.  12.5  23.5 -99.000 -99.0 -99.0
  26 1986 288   -99.  11.0  23.5 -99.000 -99.0 -99.0
  26 1986 289   -99.  11.0  22.0 -99.000 -99.0 -99.0
  26 1986 290   -99.  13.0  20.0 -99.000 -99.0 -99.0
  26 1986 291   -99.  12.5  18.0 -99.000 -99.0 -99.0
  26 1986 292   -99.  12.0  16.0 -99.000 -99.0 -99.0
  26 1986 293   -99.  12.5  18.0 -99.000 -99.0 -99.0
  26 1986 294   -99.  12.5  18.5 -99.000 -99.0 -99.0
  26 1986 295   -99.  12.0  21.0 -99.000 -99.0 -99.0
  26 1986 296   -99.   4.0  16.5 -99.000 -99.0 -99.0
  26 1986 297   -99.  11.0  13.0 -99.000 -99.0 -99.0
  26 1986 298   -99.   9.0  15.5 -99.000 -99.0 -99.0
  26 1986 299   -99.   5.0  15.0 -99.000 -99.0 -99.0
  26 1986 300   -99.   9.0  16.5 -99.000 -99.0 -99.0
  26 1986 301   -99.  11.5  15.0 -99.000 -99.0 -99.0
  26 1986 302   -99.   3.5  15.0 -99.000 -99.0 -99.0
  26 1986 303   -99.   2.0  11.5 -99.000 -99.0 -99.0
  26 1986 304   -99.   3.5  15.5 -99.000 -99.0 -99.0
  26 1986 305   -99.   6.0  17.0 -99.000 -99.0 -99.0
  26 1986 306   -99.   1.5  12.0 -99.000 -99.0 -99.0
  26 1986 307   -99.  -0.5  12.5 -99.000 -99.0 -99.0
  26 1986 308   -99.   4.0  11.0 -99.000 -99.0 -99.0
  26 1986 309   -99.   3.5   8.0 -99.000 -99.0 -99.0
  26 1986 310   -99.   1.0  11.0 -99.000 -99.0 -99.0
  26 1986 311   -99.   4.0  11.0 -99.000 -99.0 -99.0
  26 1986 312   -99.   6.0  14.5 -99.000 -99.0 -99.0
  26 1986 313   -99.   4.5  17.0 -99.000 -99.0 -99.0
  26 1986 314   -99.   4.5  19.0 -99.000 -99.0 -99.0
  26 1986 315   -99.   7.5  20.0 -99.000 -99.0 -99.0
  26 1986 316   -99.   7.5  19.5 -99.000 -99.0 -99.0
  26 1986 317   -99.   8.5  18.5 -99.000 -99.0 -99.0
  26 1986 318   -99.   9.0  21.0 -99.000 -99.0 -99.0
  26 1986 319   -99.  10.0  14.0 -99.000 -99.0 -99.0
  26 1986 320   -99.   9.0  12.5 -99.000 -99.0 -99.0
  26 1986 321   -99.   4.0  13.0 -99.000 -99.0 -99.0
  26 1986 322   -99.   1.5  14.0 -99.000 -99.0 -99.0
  26 1986 323   -99.   1.5  12.5 -99.000 -99.0 -99.0
  26 1986 324   -99.   4.0  13.0 -99.000 -99.0 -99.0
  26 1986 325   -99.   6.0  15.0 -99.000 -99.0 -99.0
  26 1986 326   -99.   7.0  14.5 -99.000 -99.0 -99.0
  26 1986 327   -99.   5.5  10.0 -99.000 -99.0 -99.0
  26 1986 328   -99.   8.0  11.5 -99.000 -99.0 -99.0
  26 1986 329   -99.   6.0  12.5 -99.000 -99.0 -99.0
  26 1986 330   -99.   1.0  10.5 -99.000 -99.0 -99.0
  26 1986 331   -99.  -2.0  11.5 -99.000 -99.0 -99.0
  26 1986 332   -99.  -1.5  11.0 -99.000 -99.0 -99.0
  26 1986 333   -99.  -1.0  11.5 -99.000 -99.0 -99.0
  26 1986 334   -99.  -0.5  13.0 -99.000 -99.0 -99.0
  26 1986 335   -99.  -1.0  14.0 -99.000 -99.0 -99.0
  26 1986 336   -99.  -1.0  11.5 -99.000 -99.0 -99.0
  26 1986 337   -99.   4.0  12.0 -99.000 -99.0 -99.0
  26 1986 338   -99.   0.5  15.0 -99.000 -99.0 -99.0
  26 1986 339   -99.   2.0  15.0 -99.000 -99.0 -99.0
  26 1986 340   -99.   5.0   9.0 -99.000 -99.0 -99.0
  26 1986 341   -99.   5.0  11.0 -99.000 -99.0 -99.0
  26 1986 342   -99.   6.5  13.0 -99.000 -99.0 -99.0
  26 1986 343   -99.   0.5  11.0 -99.000 -99.0 -99.0
  26 1986 344   -99.  -1.5   3.5 -99.000 -99.0 -99.0
  26 1986 345   -99.   0.5   5.0 -99.000 -99.0 -99.0
  26 1986 346   -99.   4.5   6.0 -99.000 -99.0 -99.0
  26 1986 347   -99.   8.0   9.0 -99.000 -99.0 -99.0
  26 1986 348   -99.   7.0  12.0 -99.000 -99.0 -99.0
  26 1986 349   -99.   5.0  12.0 -99.000 -99.0 -99.0
  26 1986 350   -99.   6.0  11.0 -99.000 -99.0 -99.0
  26 1986 351   -99.   8.0  13.0 -99.000 -99.0 -99.0
  26 1986 352   -99.   8.5  13.0 -99.000 -99.0 -99.0
  26 1986 353   -99. -99.0 -99.0 -99.000 -99.0 -99.0
  26 1986 354   -99. -99.0 -99.0 -99.000 -99.0 -99.0
  26 1986 355   -99.   1.0   9.0 -99.000 -99.0 -99.0
  26 1986 356   -99.  -2.0   3.0 -99.000 -99.0 -99.0
