*---------------------------------------------------------------------------*
* Station name: LA MINIERE (VERSAILLES), FRANCE
* Author: ALLIRANDD J.-M.                                 -99.000: NIL VALUE
* Source: INRA Bioclimatologie
* Comments: Irradiation in TRAPPES ; altitude site TRAPPES
* Longitude:  2.04 E, latitude:  48.46 N, altitude:  168 m
*
* Column  Daily value
* 1       station number
* 2       year
* 3       day
* 4       irradiation                   (kJ m-2 d-1)
* 5       minimum temperature           (degrees Celsius)
* 6       maximum temperature           (degrees Celsius)
* 7       early morning vapour pressure (kPa)
* 8       mean wind speed               (m s-1)
* 9       precipitation                 (mm d-1)
*---------------------------------------------------------------------------*
   2.04  48.46   168. 0.00 0.00
  22 1984  79      4     1     1       4     1     1
  22 1984  79   -99.  -0.5   9.5 -99.000   1.2   0.0
  22 1984  80   -99.   0.0  11.4 -99.000   1.3   0.0
  22 1984  81   -99.   1.0  12.1 -99.000   1.5   0.0
  22 1984  82   -99.   1.0  12.5 -99.000   1.1   0.0
  22 1984  83   -99.  -0.5  13.0 -99.000   4.5   4.5
  22 1984  84   -99.   6.0   8.6 -99.000   5.9   1.0
  22 1984  85   -99.   3.5   9.1 -99.000   8.2   3.3
  22 1984  86   -99.   4.0  10.0 -99.000   4.5   4.7
  22 1984  87   -99.   4.7  10.7 -99.000   6.3   5.8
  22 1984  88   -99.   5.5  11.6 -99.000   5.3  11.2
  22 1984  89   -99.   4.3   9.9 -99.000   2.2   1.7
  22 1984  90   -99.   1.6  10.8 -99.000   1.0   0.3
  22 1984  91   -99.   2.0   9.5 -99.000   2.3   8.5
  22 1984  92   -99.   0.0   5.0 -99.000   3.9  13.1
  22 1984  93   -99.  -0.6   6.0 -99.000   6.0   0.5
  22 1984  94   -99.  -1.0   6.0 -99.000   1.8   0.0
  22 1984  95   -99.  -0.5   7.1 -99.000   1.4   0.0
  22 1984  96   -99.   1.6   7.0 -99.000   2.3   1.6
  22 1984  97   -99.   2.6   7.2 -99.000   2.8   0.2
  22 1984  98   -99.   4.0   8.0 -99.000   1.8   0.1
  22 1984  99   -99.   3.0   8.0 -99.000   1.9   0.0
  22 1984 100   -99.   3.0   9.4 -99.000   1.5   0.0
  22 1984 101   -99.   1.0   8.8 -99.000   2.1   1.4
  22 1984 102   -99.   1.4  11.4 -99.000   1.4   0.0
  22 1984 103   -99.   5.0  11.7 -99.000   1.9   0.0
  22 1984 104   -99.   2.3  14.2 -99.000   1.9   0.0
  22 1984 105   -99.   4.0  19.0 -99.000   1.6   0.0
  22 1984 106   -99.   6.5  19.3 -99.000   4.2   0.1
  22 1984 107   -99.   3.0  11.1 -99.000   2.4   1.0
  22 1984 108   -99.   1.0  12.5 -99.000   1.6   0.0
  22 1984 109   -99.   1.5  14.8 -99.000   1.1   0.0
  22 1984 110   -99.   4.5  15.5 -99.000   1.2   0.0
  22 1984 111   -99.   6.5  19.6 -99.000   0.7   0.0
  22 1984 112   -99.   8.4  24.0 -99.000   0.7   0.0
  22 1984 113   -99.  10.5  24.3 -99.000   1.6   0.0
  22 1984 114   -99.  12.0  24.1 -99.000   3.1   0.0
  22 1984 115   -99.  12.0  23.5 -99.000   3.6   0.0
  22 1984 116   -99.  12.0  20.1 -99.000   2.9   0.0
  22 1984 117   -99.   9.5  23.1 -99.000   2.7   0.0
  22 1984 118   -99.   7.2  20.8 -99.000   2.5   0.0
  22 1984 119   -99.   7.1  18.0 -99.000   4.2   0.0
  22 1984 120   -99.   5.5  15.3 -99.000   4.1   0.0
  22 1984 121   -99.   5.4  16.5 -99.000   2.3   0.0
  22 1984 122      3     1     1       4     1     1
  22 1984 122 20890.   5.0  17.5 -99.000   2.3   0.0
  22 1984 123  7710.   8.1  14.5 -99.000   1.2  14.4
  22 1984 124 14380.   8.0  16.1 -99.000   1.1  11.1
  22 1984 125 22450.   7.2  15.0 -99.000   1.4   0.1
  22 1984 126 17100.   8.0  18.5 -99.000   1.7   2.4
  22 1984 127  7340.   9.0  15.6 -99.000   3.7  14.0
  22 1984 128  7230.   3.5  11.2 -99.000   3.6   5.3
  22 1984 129 12340.   3.5  10.3 -99.000   3.9   0.0
  22 1984 130 23550.   3.0  11.0 -99.000   3.7   0.0
  22 1984 131 19710.   3.5  11.6 -99.000   3.1   0.0
  22 1984 132  4090.   4.5   7.2 -99.000   3.5  13.0
  22 1984 133  9980.   5.5  10.3 -99.000   3.2   0.8
  22 1984 134  5690.   6.1   9.3 -99.000   1.6   1.4
  22 1984 135  5900.   7.0   9.6 -99.000   0.6   5.5
  22 1984 136  8510.   7.6  12.5 -99.000   1.1   0.0
  22 1984 137 11200.   8.5  14.0 -99.000   1.0   1.6
  22 1984 138 11230.   8.5  14.5 -99.000   1.3   2.2
  22 1984 139 22810.   3.0  18.0 -99.000   2.1   2.9
  22 1984 140  8290.   9.0  14.1 -99.000   1.5   6.1
  22 1984 141 14340.   9.0  14.5 -99.000   2.1   0.8
  22 1984 142  6040.   6.6  10.6 -99.000   2.5   0.1
  22 1984 143 12860.   8.5  13.7 -99.000   2.9   0.2
  22 1984 144 20910.   4.5  15.6 -99.000   1.7   0.1
  22 1984 145 16770.   5.5  16.9 -99.000   2.5   0.1
  22 1984 146 12340.   9.0  14.4 -99.000   1.9   3.9
  22 1984 147 15580.   9.5  14.2 -99.000   2.8   3.5
  22 1984 148  7880.   8.0  10.8 -99.000   2.5   3.2
  22 1984 149 14020.   4.5  12.4 -99.000   2.2  11.7
  22 1984 150  2580.   7.7   9.0 -99.000   2.7   8.3
  22 1984 151 26090.   7.6  17.7 -99.000   1.9   0.2
  22 1984 152 12940.   5.6  17.7 -99.000   0.5   1.9
  22 1984 153 12040.  10.0  16.0 -99.000   2.5   3.0
  22 1984 154 18250.   6.2  16.4 -99.000   2.9   6.1
  22 1984 155 14030.  11.0  14.8 -99.000   1.5   0.2
  22 1984 156 15350.   6.5  14.8 -99.000 -99.0 -99.0
  22 1984 157 17620.   5.4  16.1 -99.000 -99.0 -99.0
  22 1984 158 28650.   6.5  16.3 -99.000 -99.0 -99.0
  22 1984 159  6870.   8.5  13.0 -99.000 -99.0 -99.0
  22 1984 160 15650.  10.1  19.5 -99.000 -99.0 -99.0
  22 1984 161 27810.   8.7  20.5 -99.000 -99.0 -99.0
  22 1984 162 28740.   9.0  22.5 -99.000 -99.0 -99.0
  22 1984 163 27590.  11.0  22.0 -99.000 -99.0 -99.0
  22 1984 164 21260.  10.9  20.5 -99.000 -99.0 -99.0
  22 1984 165 29540.  11.0  23.0 -99.000 -99.0 -99.0
  22 1984 166 24680.  12.0  20.7 -99.000 -99.0 -99.0
  22 1984 167 19670.  12.3  20.5 -99.000 -99.0 -99.0
  22 1984 168 28660.   9.8  20.8 -99.000 -99.0 -99.0
  22 1984 169 28580.  11.0  23.0 -99.000 -99.0 -99.0
  22 1984 170 28460.  13.4  25.3 -99.000 -99.0 -99.0
  22 1984 171 28210.  15.0  26.4 -99.000 -99.0 -99.0
  22 1984 172 18470.  16.9  26.5 -99.000 -99.0 -99.0
  22 1984 173 17310.  16.4  23.6 -99.000 -99.0 -99.0
  22 1984 174 25440.  11.4  20.5 -99.000 -99.0 -99.0
  22 1984 175 27260.  12.6  18.7 -99.000 -99.0 -99.0
  22 1984 176 17520.  11.5  17.5 -99.000 -99.0 -99.0
  22 1984 177 20040.   7.0  21.4 -99.000 -99.0 -99.0
  22 1984 178 22330.  11.4  21.6 -99.000 -99.0 -99.0
  22 1984 179 26970.  10.3  24.1 -99.000 -99.0 -99.0
  22 1984 180 22560.  11.5  19.8 -99.000 -99.0 -99.0
  22 1984 181 22590.  10.2  18.1 -99.000 -99.0 -99.0
  22 1984 182 24040.   9.5  19.3 -99.000 -99.0 -99.0
  22 1984 183 18910.  10.2  18.4 -99.000 -99.0 -99.0
  22 1984 184 27480.  11.2  21.0 -99.000 -99.0 -99.0
  22 1984 185 24610.   7.4  18.2 -99.000 -99.0 -99.0
  22 1984 186 22460.   6.0  20.0 -99.000 -99.0 -99.0
  22 1984 187 27700.   8.1  22.6 -99.000 -99.0 -99.0
  22 1984 188 28330.  10.0  25.0 -99.000 -99.0 -99.0
  22 1984 189 29420.  12.5  26.5 -99.000 -99.0 -99.0
  22 1984 190 26720.  13.1  29.8 -99.000 -99.0 -99.0
  22 1984 191 20410.  14.4  28.1 -99.000 -99.0 -99.0
  22 1984 192 22340.  14.3  27.6 -99.000 -99.0 -99.0
  22 1984 193 14780.  16.1  27.9 -99.000 -99.0 -99.0
  22 1984 194 18880.  12.0  21.8 -99.000 -99.0 -99.0
  22 1984 195 14690.  12.1  19.8 -99.000 -99.0 -99.0
  22 1984 196  7400.  13.0  19.1 -99.000 -99.0 -99.0
  22 1984 197 18740.  14.0  17.9 -99.000 -99.0 -99.0
  22 1984 198 15890.   8.3  18.4 -99.000 -99.0 -99.0
  22 1984 199 18130.  10.1  20.4 -99.000 -99.0 -99.0
  22 1984 200 19970.   9.6  22.1 -99.000 -99.0 -99.0
  22 1984 201 13480.  12.5  22.0 -99.000 -99.0 -99.0
  22 1984 202 26570.  10.9  22.2 -99.000 -99.0 -99.0
  22 1984 203 26850.  10.8  24.5 -99.000 -99.0 -99.0
  22 1984 204 25260.  12.5  25.5 -99.000 -99.0 -99.0
  22 1984 205 26030.  15.0  26.6 -99.000 -99.0 -99.0
  22 1984 206 16370.  14.6  27.0 -99.000 -99.0 -99.0
  22 1984 207 17100.  14.5  23.5 -99.000 -99.0 -99.0
  22 1984 208 11360.  12.8  18.0 -99.000 -99.0 -99.0
  22 1984 209 27140.  11.0  25.5 -99.000 -99.0 -99.0
  22 1984 210 25460.  16.0  27.4 -99.000 -99.0 -99.0
  22 1984 211 26100.  10.0  29.2 -99.000 -99.0 -99.0
  22 1984 212 22620.  14.4  33.1 -99.000 -99.0 -99.0
  22 1984 213  5620.  17.5  19.9 -99.000 -99.0 -99.0
  22 1984 214 22330.  11.1  23.5 -99.000 -99.0 -99.0
  22 1984 215 11620.  16.0  23.5 -99.000 -99.0 -99.0
  22 1984 216  4640.  12.5  17.0 -99.000 -99.0 -99.0
  22 1984 217 15540.  10.5  22.0 -99.000 -99.0 -99.0
  22 1984 218 14410.  10.7  19.0 -99.000 -99.0 -99.0
  22 1984 219 22620.  10.0  20.5 -99.000 -99.0 -99.0
  22 1984 220 14070.   8.6  20.9 -99.000 -99.0 -99.0
  22 1984 221 17810.  12.0  21.4 -99.000 -99.0 -99.0
  22 1984 222 16460.  13.0  21.5 -99.000 -99.0 -99.0
  22 1984 223 19830.  13.5  20.5 -99.000 -99.0 -99.0
  22 1984 224 14180.  10.5  17.5 -99.000 -99.0 -99.0
  22 1984 225 12740.  10.8  19.4 -99.000 -99.0 -99.0
  22 1984 226 14740.  12.0  21.7 -99.000 -99.0 -99.0
  22 1984 227 13950.  15.0  21.8 -99.000 -99.0 -99.0
  22 1984 228 11650.  13.5  22.9 -99.000 -99.0 -99.0
  22 1984 229 16590.  13.5  23.1 -99.000 -99.0 -99.0
  22 1984 230 19960.  14.9  24.8 -99.000 -99.0 -99.0
  22 1984 231 22520.  11.6  26.1 -99.000 -99.0 -99.0
  22 1984 232 21190.  13.5  27.3 -99.000 -99.0 -99.0
  22 1984 233 21880.  13.9  28.0 -99.000 -99.0 -99.0
  22 1984 234 21230.  15.0  28.4 -99.000 -99.0 -99.0
  22 1984 235 14330.  17.0  24.4 -99.000 -99.0 -99.0
  22 1984 236  5350.  15.4  19.8 -99.000 -99.0 -99.0
  22 1984 237 14000.  16.0  21.0 -99.000 -99.0 -99.0
  22 1984 238  7790.  13.5  19.8 -99.000 -99.0 -99.0
  22 1984 239 11530.  14.5  20.9 -99.000 -99.0 -99.0
  22 1984 240 16130.  14.5  21.1 -99.000 -99.0 -99.0
  22 1984 241 15650.  12.0  23.1 -99.000 -99.0 -99.0
  22 1984 242 20240.  13.4  22.6 -99.000 -99.0 -99.0
  22 1984 243 18410.  11.5  26.1 -99.000 -99.0 -99.0
  22 1984 244 13420.  13.9  24.0 -99.000 -99.0 -99.0
  22 1984 245 15780.  11.0  24.9 -99.000 -99.0 -99.0
  22 1984 246 16610.  13.0  30.0 -99.000 -99.0 -99.0
  22 1984 247  8950.  16.5  23.4 -99.000 -99.0 -99.0
  22 1984 248  3720.  13.2  18.5 -99.000 -99.0 -99.0
  22 1984 249 12640.  10.0  15.1 -99.000 -99.0 -99.0
  22 1984 250 12920.   8.0  15.6 -99.000 -99.0 -99.0
  22 1984 251  7360.   7.5  13.5 -99.000 -99.0 -99.0
  22 1984 252  9700.   8.0  17.5 -99.000 -99.0 -99.0
  22 1984 253  7600.  12.4  19.4 -99.000 -99.0 -99.0
  22 1984 254 10870.  10.4  16.1 -99.000 -99.0 -99.0
  22 1984 255 12210.   8.4  17.1 -99.000 -99.0 -99.0
  22 1984 256 10000.  14.8  21.4 -99.000 -99.0 -99.0
  22 1984 257 13120.  11.0  22.7 -99.000 -99.0 -99.0
  22 1984 258  6960.  12.4  18.2 -99.000 -99.0 -99.0
  22 1984 259  2520.  12.9  14.8 -99.000 -99.0 -99.0
  22 1984 260  6510.  13.0  18.0 -99.000 -99.0 -99.0
  22 1984 261  6080.  12.5  17.0 -99.000 -99.0 -99.0
  22 1984 262  8420.  11.0  17.0 -99.000 -99.0 -99.0
  22 1984 263 11370.   7.0  17.0 -99.000 -99.0 -99.0
  22 1984 264  6360.  11.4  17.0 -99.000 -99.0 -99.0
  22 1984 265  8310.   8.0  13.3 -99.000 -99.0 -99.0
  22 1984 266  6630.   7.6  15.6 -99.000 -99.0 -99.0
  22 1984 267  7720.   8.6  12.5 -99.000 -99.0 -99.0
  22 1984 268  8720.   8.5  13.0 -99.000 -99.0 -99.0
  22 1984 269  8580.   7.5  14.6 -99.000 -99.0 -99.0
  22 1984 270  4360.   8.0  13.5 -99.000 -99.0 -99.0
  22 1984 271  9610.  10.9  16.6 -99.000 -99.0 -99.0
  22 1984 272 13810.   9.5  21.0 -99.000 -99.0 -99.0
  22 1984 273  4590.  12.6  16.0 -99.000 -99.0 -99.0
  22 1984 274  3010.   8.5  14.6 -99.000 -99.0 -99.0
  22 1984 275  2140.  13.0  13.6 -99.000 -99.0 -99.0
  22 1984 276  9100.   6.6  14.4 -99.000 -99.0 -99.0
  22 1984 277  9500.   6.5  14.0 -99.000 -99.0 -99.0
  22 1984 278  8350.   6.0  12.6 -99.000 -99.0 -99.0
  22 1984 279  3470.   9.5  11.7 -99.000 -99.0 -99.0
  22 1984 280  8380.   9.1  12.9 -99.000 -99.0 -99.0
  22 1984 281 10630.   6.5  14.5 -99.000 -99.0 -99.0
  22 1984 282  3100.   9.5  15.6 -99.000 -99.0 -99.0
  22 1984 283  4700.  12.9  16.5 -99.000 -99.0 -99.0
  22 1984 284  3850.  14.2  15.7 -99.000 -99.0 -99.0
  22 1984 285  6660.  13.0  16.5 -99.000 -99.0 -99.0
  22 1984 286  6050.   6.5  14.0 -99.000 -99.0 -99.0
  22 1984 287  8150.   6.6  14.0 -99.000 -99.0 -99.0
  22 1984 288 10070.   4.5  16.1 -99.000 -99.0 -99.0
