*---------------------------------------------------------------------------*
* Station name: GRIGNON (VERSAILLES), FRANCE
* Author: ALLIRAND J.-M.                                  -99.000: NIL VALUE
* Source: INRA Bioclimatologie
* Comments: data measure in TRAPPES (10 km)
* Longitude:  1.55 E, latitude:  48.51 N, altitude:  -99 m.
*
* Column  Daily value
* 1       station number
* 2       year
* 3       day
* 4       irradiation                   (kJ m-2 d-1)
* 5       minimum temperature           (degrees Celsius)
* 6       maximum temperature           (degrees Celsius)
* 7       early morning vapour pressure (kPa)
* 8       mean wind speed               (m s-1)
* 9       precipitation                 (mm d-1)
*---------------------------------------------------------------------------*
   1.55  48.51   -99. 0.00 0.00
  23 1985  91      3     3     3       4     4     4
  23 1985  91 14590.   9.6  21.1 -99.000 -99.0 -99.0
  23 1985  92 13520.   8.5  16.8 -99.000 -99.0 -99.0
  23 1985  93 17500.   7.5  21.4 -99.000 -99.0 -99.0
  23 1985  94 13970.   9.7  23.2 -99.000 -99.0 -99.0
  23 1985  95  4770.   9.1  13.7 -99.000 -99.0 -99.0
  23 1985  96  5260.   6.0  11.0 -99.000 -99.0 -99.0
  23 1985  97  4600.   5.2  11.6 -99.000 -99.0 -99.0
  23 1985  98 15470.   7.4  14.5 -99.000 -99.0 -99.0
  23 1985  99 14320.   4.5  14.0 -99.000 -99.0 -99.0
  23 1985 100 13970.   4.5  13.4 -99.000 -99.0 -99.0
  23 1985 101  4210.   3.2   9.0 -99.000 -99.0 -99.0
  23 1985 102 17960.   4.5  12.1 -99.000 -99.0 -99.0
  23 1985 103 14570.   5.5  11.6 -99.000 -99.0 -99.0
  23 1985 104 13050.   4.3  11.5 -99.000 -99.0 -99.0
  23 1985 105 13690.   4.6  13.5 -99.000 -99.0 -99.0
  23 1985 106 16760.   9.9  15.7 -99.000 -99.0 -99.0
  23 1985 107 19810.   6.5  18.2 -99.000 -99.0 -99.0
  23 1985 108 22400.   7.6  18.5 -99.000 -99.0 -99.0
  23 1985 109 22440.   7.2  21.3 -99.000 -99.0 -99.0
  23 1985 110 17190.   6.5  16.2 -99.000 -99.0 -99.0
  23 1985 111 14680.   5.0  16.9 -99.000 -99.0 -99.0
  23 1985 112  9670.   9.7  17.5 -99.000 -99.0 -99.0
  23 1985 113  9770.   6.2  11.5 -99.000 -99.0 -99.0
  23 1985 114 24170.   1.6  12.6 -99.000 -99.0 -99.0
  23 1985 115 20840.   1.0  14.7 -99.000 -99.0 -99.0
  23 1985 116 23360.  -1.0  10.4 -99.000 -99.0 -99.0
  23 1985 117  9800.  -1.0  11.4 -99.000 -99.0 -99.0
  23 1985 118 23780.  -0.5   9.5 -99.000 -99.0 -99.0
  23 1985 119  6120.   2.9  11.5 -99.000 -99.0 -99.0
  23 1985 120  9520.   9.0  14.7 -99.000 -99.0 -99.0
  23 1985 121 16260.   8.8  14.5 -99.000 -99.0 -99.0
  23 1985 122  9000.   6.0  10.2 -99.000 -99.0 -99.0
  23 1985 123  8040.   3.5  10.6 -99.000 -99.0 -99.0
  23 1985 124  9920.   6.0  13.0 -99.000 -99.0 -99.0
  23 1985 125 11680.   6.5  13.0 -99.000 -99.0 -99.0
  23 1985 126  8460.   6.5  15.2 -99.000 -99.0 -99.0
  23 1985 127 18330.   7.9  17.1 -99.000 -99.0 -99.0
  23 1985 128  4910.   9.0  13.4 -99.000 -99.0 -99.0
  23 1985 129 13310.   8.5  14.6 -99.000 -99.0 -99.0
  23 1985 130 10360.   4.4  14.0 -99.000 -99.0 -99.0
  23 1985 131  9610.   8.0  13.6 -99.000 -99.0 -99.0
  23 1985 132  3450.   9.3  11.9 -99.000 -99.0 -99.0
  23 1985 133 18870.   7.0  17.1 -99.000 -99.0 -99.0
  23 1985 134  6770.   9.7  13.3 -99.000 -99.0 -99.0
  23 1985 135 11830.   8.9  16.1 -99.000 -99.0 -99.0
  23 1985 136 21300.   8.0  22.0 -99.000 -99.0 -99.0
  23 1985 137 14250.  12.4  21.4 -99.000 -99.0 -99.0
  23 1985 138 11140.  11.8  21.0 -99.000 -99.0 -99.0
  23 1985 139 18420.  13.3  21.2 -99.000 -99.0 -99.0
  23 1985 140 15430.  11.0  18.4 -99.000 -99.0 -99.0
  23 1985 141 15970.   9.5  17.9 -99.000 -99.0 -99.0
  23 1985 142  9030.   8.5  14.5 -99.000 -99.0 -99.0
  23 1985 143 12250.   9.4  16.9 -99.000 -99.0 -99.0
  23 1985 144 23120.   8.3  20.0 -99.000 -99.0 -99.0
  23 1985 145 24950.   8.7  23.5 -99.000 -99.0 -99.0
  23 1985 146 26290.  13.6  27.2 -99.000 -99.0 -99.0
  23 1985 147 17110.  15.5  21.9 -99.000 -99.0 -99.0
  23 1985 148 17870.  10.6  21.2 -99.000 -99.0 -99.0
  23 1985 149 24640.   9.6  21.4 -99.000 -99.0 -99.0
  23 1985 150 19370.   8.5  18.9 -99.000 -99.0 -99.0
  23 1985 151 22540.  13.5  24.0 -99.000 -99.0 -99.0
  23 1985 152 27090.  11.8  26.0 -99.000 -99.0 -99.0
  23 1985 153 26810.  14.7  24.8 -99.000 -99.0 -99.0
  23 1985 154 24050.  14.1  26.4 -99.000 -99.0 -99.0
  23 1985 155 24350.  16.0  27.2 -99.000 -99.0 -99.0
  23 1985 156 17930.  13.2  25.1 -99.000 -99.0 -99.0
  23 1985 157 21500.  12.8  23.0 -99.000 -99.0 -99.0
  23 1985 158  9420.   9.7  17.4 -99.000 -99.0 -99.0
  23 1985 159 21810.   6.2  15.5 -99.000 -99.0 -99.0
  23 1985 160 16370.   7.5  17.4 -99.000 -99.0 -99.0
  23 1985 161 19810.  10.2  16.2 -99.000 -99.0 -99.0
  23 1985 162 14130.   8.9  17.1 -99.000 -99.0 -99.0
  23 1985 163 14990.  10.5  17.0 -99.000 -99.0 -99.0
  23 1985 164 20910.   7.0  17.8 -99.000 -99.0 -99.0
  23 1985 165 22440.   8.9  19.5 -99.000 -99.0 -99.0
  23 1985 166 24560.   8.0  18.5 -99.000 -99.0 -99.0
  23 1985 167 14150.   8.5  18.1 -99.000 -99.0 -99.0
  23 1985 168 22520.   5.6  20.1 -99.000 -99.0 -99.0
  23 1985 169 22520.  12.0  22.9 -99.000 -99.0 -99.0
  23 1985 170  9660.  11.0  17.5 -99.000 -99.0 -99.0
  23 1985 171 17210.   8.8  20.4 -99.000 -99.0 -99.0
  23 1985 172  8350.   9.9  17.5 -99.000 -99.0 -99.0
  23 1985 173 18630.  11.0  18.9 -99.000 -99.0 -99.0
  23 1985 174  8040.   8.1  16.4 -99.000 -99.0 -99.0
  23 1985 175 16850.  12.5  18.2 -99.000 -99.0 -99.0
  23 1985 176 13320.   9.7  18.1 -99.000 -99.0 -99.0
  23 1985 177 14830.  13.0  18.5 -99.000 -99.0 -99.0
  23 1985 178 14910.   8.6  17.4 -99.000 -99.0 -99.0
  23 1985 179 10720.  10.4  16.0 -99.000 -99.0 -99.0
  23 1985 180 12130.   9.5  19.1 -99.000 -99.0 -99.0
  23 1985 181 24110.  10.4  25.2 -99.000 -99.0 -99.0
  23 1985 182 25910.  12.5  25.4 -99.000 -99.0 -99.0
  23 1985 183 26080.  11.1  25.0 -99.000 -99.0 -99.0
  23 1985 184 26220.  13.5  27.8 -99.000 -99.0 -99.0
  23 1985 185 12670.  17.7  24.7 -99.000 -99.0 -99.0
  23 1985 186 16820.  16.2  27.5 -99.000 -99.0 -99.0
  23 1985 187 29190.  12.9  22.7 -99.000 -99.0 -99.0
  23 1985 188 28020.   8.6  24.4 -99.000 -99.0 -99.0
  23 1985 189 27270.  11.0  24.3 -99.000 -99.0 -99.0
  23 1985 190 26950.  12.1  26.0 -99.000 -99.0 -99.0
  23 1985 191 15400.  12.4  21.5 -99.000 -99.0 -99.0
  23 1985 192 15610.  10.0  22.4 -99.000 -99.0 -99.0
  23 1985 193 23820.  11.1  27.2 -99.000 -99.0 -99.0
  23 1985 194 26800.  14.5  29.7 -99.000 -99.0 -99.0
  23 1985 195 18140.  18.6  27.9 -99.000 -99.0 -99.0
  23 1985 196 26250.  12.3  24.2 -99.000 -99.0 -99.0
  23 1985 197 20030.  11.5  23.4 -99.000 -99.0 -99.0
  23 1985 198 27390.   9.0  26.4 -99.000 -99.0 -99.0
  23 1985 199 14090.  13.1  23.3 -99.000 -99.0 -99.0
  23 1985 200 20760.  12.5  23.2 -99.000 -99.0 -99.0
  23 1985 201 17950.  12.0  20.2 -99.000 -99.0 -99.0
  23 1985 202 18100.   7.6  20.5 -99.000 -99.0 -99.0
  23 1985 203 22990.  12.7  25.7 -99.000 -99.0 -99.0
  23 1985 204 16490.  15.6  22.5 -99.000 -99.0 -99.0
  23 1985 205 26320.  11.5  28.4 -99.000 -99.0 -99.0
  23 1985 206 18670.  15.9  32.2 -99.000 -99.0 -99.0
  23 1985 207  7880.  18.6  24.3 -99.000 -99.0 -99.0
  23 1985 208 14040.  12.4  23.3 -99.000 -99.0 -99.0
  23 1985 209  9890.  14.0  20.5 -99.000 -99.0 -99.0
  23 1985 210 11450.  13.5  20.8 -99.000 -99.0 -99.0
  23 1985 211 18940.  11.4  22.0 -99.000 -99.0 -99.0
  23 1985 212 15110.  14.1  22.8 -99.000 -99.0 -99.0
  23 1985 213 11570.  14.2  20.0 -99.000 -99.0 -99.0
  23 1985 214 24590.  10.0  23.7 -99.000 -99.0 -99.0
  23 1985 215 19300.  12.1  21.5 -99.000 -99.0 -99.0
  23 1985 216 11690.  11.5  20.6 -99.000 -99.0 -99.0
  23 1985 217 15190.  13.9  19.6 -99.000 -99.0 -99.0
  23 1985 218 16320.  11.3  17.9 -99.000 -99.0 -99.0
  23 1985 219 15570.   9.8  18.2 -99.000 -99.0 -99.0
  23 1985 220 12400.  12.7  22.9 -99.000 -99.0 -99.0
  23 1985 221 11580.  13.1  23.1 -99.000 -99.0 -99.0
  23 1985 222 21740.  11.4  20.6 -99.000 -99.0 -99.0
  23 1985 223 11260.   9.1  21.0 -99.000 -99.0 -99.0
  23 1985 224 16760.  10.2  20.4 -99.000 -99.0 -99.0
  23 1985 225 12910.  10.8  23.5 -99.000 -99.0 -99.0
  23 1985 226 12860.  13.7  24.0 -99.000 -99.0 -99.0
  23 1985 227 18410.  10.5  22.7 -99.000 -99.0 -99.0
  23 1985 228 18680.  11.6  20.5 -99.000 -99.0 -99.0
  23 1985 229 10160.  13.0  20.3 -99.000 -99.0 -99.0
  23 1985 230 15740.  10.0  23.5 -99.000 -99.0 -99.0
  23 1985 231  8290.  15.9  20.8 -99.000 -99.0 -99.0
  23 1985 232 16200.   9.5  21.3 -99.000 -99.0 -99.0
  23 1985 233 18010.  14.1  26.5 -99.000 -99.0 -99.0
  23 1985 234 16080.  15.7  23.4 -99.000 -99.0 -99.0
  23 1985 235 17620.   9.7  23.7 -99.000 -99.0 -99.0
  23 1985 236  3620.  11.0  15.3 -99.000 -99.0 -99.0
  23 1985 237 18100.   9.5  19.2 -99.000 -99.0 -99.0
  23 1985 238 13010.   9.5  19.1 -99.000 -99.0 -99.0
  23 1985 239 19420.   5.6  21.5 -99.000 -99.0 -99.0
  23 1985 240 20330.   8.4  24.8 -99.000 -99.0 -99.0
  23 1985 241 19620.  10.4  26.3 -99.000 -99.0 -99.0
  23 1985 242 19270.  11.5  29.0 -99.000 -99.0 -99.0
  23 1985 243  8700.  13.8  21.8 -99.000 -99.0 -99.0
  23 1985 244 17890.  10.0  19.5 -99.000 -99.0 -99.0
  23 1985 245 17060.   8.4  21.7 -99.000 -99.0 -99.0
  23 1985 246 13110.  13.0  19.9 -99.000 -99.0 -99.0
  23 1985 247 14610.  11.3  18.9 -99.000 -99.0 -99.0
  23 1985 248  6110.  14.4  19.7 -99.000 -99.0 -99.0
  23 1985 249 17140.   6.4  17.3 -99.000 -99.0 -99.0
  23 1985 250 19310.   4.1  19.4 -99.000 -99.0 -99.0
  23 1985 251 16940.   8.2  21.4 -99.000 -99.0 -99.0
  23 1985 252  9740.  12.7  20.4 -99.000 -99.0 -99.0
  23 1985 253 18170.   8.1  21.8 -99.000 -99.0 -99.0
  23 1985 254 17670.   9.2  25.1 -99.000 -99.0 -99.0
  23 1985 255 17080.  12.4  28.7 -99.000 -99.0 -99.0
  23 1985 256 11720.  12.9  19.0 -99.000 -99.0 -99.0
  23 1985 257 13630.   7.0  19.4 -99.000 -99.0 -99.0
  23 1985 258 11920.  11.2  17.5 -99.000 -99.0 -99.0
  23 1985 259 13400.   6.5  17.5 -99.000 -99.0 -99.0
  23 1985 260  8690.  13.3  22.5 -99.000 -99.0 -99.0
  23 1985 261 15480.  12.0  25.3 -99.000 -99.0 -99.0
  23 1985 262 14110.  14.5  24.1 -99.000 -99.0 -99.0
  23 1985 263 12890.  12.5  26.2 -99.000 -99.0 -99.0
  23 1985 264 14270.  14.7  27.2 -99.000 -99.0 -99.0
  23 1985 265 15100.  14.2  27.0 -99.000 -99.0 -99.0
  23 1985 266  8720.  16.5  22.5 -99.000 -99.0 -99.0
  23 1985 267 12440.  13.5  24.1 -99.000 -99.0 -99.0
  23 1985 268 12360.  13.1  24.5 -99.000 -99.0 -99.0
  23 1985 269 12540.  12.3  24.3 -99.000 -99.0 -99.0
  23 1985 270 13150.  11.4  25.2 -99.000 -99.0 -99.0
  23 1985 271 13930.  11.0  25.5 -99.000 -99.0 -99.0
  23 1985 272 14030.  10.1  26.2 -99.000 -99.0 -99.0
  23 1985 273 11690.  10.5  26.8 -99.000 -99.0 -99.0
  23 1985 274 12990.  11.0  29.0 -99.000 -99.0 -99.0
  23 1985 275  9990.  13.5  25.8 -99.000 -99.0 -99.0
  23 1985 276 10840.  17.4  27.2 -99.000 -99.0 -99.0
  23 1985 277  9360.  12.3  23.0 -99.000 -99.0 -99.0
  23 1985 278 10170.  11.0  20.6 -99.000 -99.0 -99.0
  23 1985 279 11790.   8.2  21.3 -99.000 -99.0 -99.0
  23 1985 280 10410.  13.5  24.5 -99.000 -99.0 -99.0
  23 1985 281  9800.   8.9  15.5 -99.000 -99.0 -99.0
  23 1985 282  7390.   9.5  15.7 -99.000 -99.0 -99.0
  23 1985 283 12190.   7.2  19.4 -99.000 -99.0 -99.0
  23 1985 284 11990.   6.9  20.7 -99.000 -99.0 -99.0
  23 1985 285  9790.   7.5  18.6 -99.000 -99.0 -99.0
  23 1985 286 11310.   6.8  15.8 -99.000 -99.0 -99.0
  23 1985 287 11090.   5.5  18.5 -99.000 -99.0 -99.0
  23 1985 288  2920.   6.4  14.2 -99.000 -99.0 -99.0
  23 1985 289 10090.   9.8  16.8 -99.000 -99.0 -99.0
  23 1985 290  5190.   8.9  13.5 -99.000 -99.0 -99.0
  23 1985 291  8250.   5.5  14.9 -99.000 -99.0 -99.0
  23 1985 292  6480.   7.6  14.8 -99.000 -99.0 -99.0
  23 1985 293 10540.   3.2  14.4 -99.000 -99.0 -99.0
  23 1985 294  9640.   3.4  17.0 -99.000 -99.0 -99.0
  23 1985 295  9320.   2.0  13.7 -99.000 -99.0 -99.0
  23 1985 296  9300.   4.0  13.1 -99.000 -99.0 -99.0
  23 1985 297  9750.   5.0  12.5 -99.000 -99.0 -99.0
  23 1985 298  8350.   1.2  15.4 -99.000 -99.0 -99.0
  23 1985 299  8080.   2.0  16.6 -99.000 -99.0 -99.0
  23 1985 300  5640.   0.2  10.4 -99.000 -99.0 -99.0
  23 1985 301  6090.   1.7   9.7 -99.000 -99.0 -99.0
  23 1985 302  3220.   0.1   4.2 -99.000 -99.0 -99.0
  23 1985 303  1140.  -3.0   1.9 -99.000 -99.0 -99.0
  23 1985 304  1930.   0.6   5.1 -99.000 -99.0 -99.0
