*---------------------------------------------------------------------------*
* Station name: Hohenheim, West-Germany
* Year: 1986                                              -99.000: NIL VALUE
* Author: C. Grashoff
* Source: weather data from the Institute for Physics and
*	  Meteorology of the University of Hohenheim,
*	  combined with windspeed data from weather station
*	  Goettingen
*
* Comments: Vapour pressure estimated from daily average
*           temperature and relative humidity. Wind speed
*           at 2.00 meters calculated from wind speed at
*           20.00 meters.
*
* Longitude: 8 00 E, latitude: 49 00 N, altitude: 400 m.
*
* Column  Daily value
* 1       station number
* 2       year
* 3       day
* 4       irradiation                   (kJ m-2 d-1)
* 5       minimum temperature           (degrees Celsius)
* 6       maximum temperature           (degrees Celsius)
* 7       early morning vapour pressure (kPa)
* 8       mean wind speed               (m s-1)
* 9       precipitation                 (mm d-1)
*---------------------------------------------------------------------------*
   8.00  49.00   400. 0.00 0.00
  17 1986  60 10370.  -6.6  -0.6   0.295   1.5   0.0
  17 1986  61 10920.  -6.0  -0.6   0.373   0.9   0.0
  17 1986  62  9240.  -5.0   2.6   0.453   0.8   0.1
  17 1986  63  8950.  -1.5   3.3   0.574   1.6   0.5
  17 1986  64  4200.   2.2   7.7   0.627   1.9   3.4
  17 1986  65  7690.   2.8  10.2   0.932   0.7   1.8
  17 1986  66  6850.   1.5   5.3   0.718   0.7   0.1
  17 1986  67  4750.  -0.4   2.3   0.622   0.6   1.0
  17 1986  68  4200.   0.9   3.6   0.690   0.6   0.0
  17 1986  69  3490.  -1.0   3.3   0.618   0.4   0.0
  17 1986  70  7690.   1.7   5.2   0.564   0.5   0.0
  17 1986  71  2390.   2.0   3.2   0.575   0.5   0.0
  17 1986  72  2390.   1.5   3.5   0.571   0.2   0.0
  17 1986  73  3070.   1.8   4.3   0.602   0.2   0.0
  17 1986  74  5880.   1.7   6.7   0.669   0.7   0.0
  17 1986  75 14150.   0.2  13.0   0.918   1.6   0.0
  17 1986  76 13990.  -0.7  14.5   0.938   0.7   0.0
  17 1986  77 14700.   1.9  15.0   0.954   0.9   0.0
  17 1986  78 12730.   1.0  13.4   0.682   0.8   0.0
  17 1986  79  7430.   2.0  10.2   0.906   1.2   5.3
  17 1986  80  5590.   2.4   6.9   0.699   1.5   2.4
  17 1986  81  9950.   0.1   7.5   0.747   1.8   0.4
  17 1986  82  4070.   3.4   9.1   0.563   2.9   2.4
  17 1986  83  5330.   3.7  12.2   0.793   2.5  10.8
  17 1986  84  9530.   1.6   4.8   0.600   3.3   1.1
  17 1986  85 14280.   0.8   7.8   0.541   2.1   0.1
  17 1986  86 10790.   1.0  12.2   0.606   2.6   0.2
  17 1986  87  8110.   5.7  16.0   0.887   3.0   0.2
  17 1986  88 15670.   2.1  10.1   0.727   2.4   2.1
  17 1986  89 11890.   1.4   6.0   0.678   2.4   1.0
  17 1986  90 16090.   4.9  13.6   0.832   1.7   3.0
  17 1986  91 17510.   3.0  12.2   0.597   2.9   0.0
  17 1986  92  8820.   0.4  10.2   0.759   1.1  10.8
  17 1986  93  3490.   4.2   7.5   0.881   0.4  14.1
  17 1986  94  8950.   2.1   4.9   0.527   0.5   0.1
  17 1986  95  8530.  -1.6   4.7   0.650   0.5   0.1
  17 1986  96  5960.   1.1   5.5   0.698   0.7   0.9
  17 1986  97 16930.   4.6  17.8   1.175   1.5   0.0
  17 1986  98 15410.   6.0  15.6   1.196   1.0   0.0
  17 1986  99 13020.   6.7  13.8   1.040   1.6   9.5
  17 1986 100  5750.  -0.8   6.6   0.708   2.6  12.9
  17 1986 101 11760.  -4.1  -0.8   0.423   1.7   0.3
  17 1986 102 11340.  -5.4  -0.6   0.387   0.5   0.3
  17 1986 103 14700.  -4.8   2.2   0.489   1.0   0.0
  17 1986 104 11470.  -0.3   8.2   0.593   1.7   0.0
  17 1986 105 15830.   1.7  14.4   0.777   1.9   0.0
  17 1986 106 14700.   4.4  15.3   0.854   1.4   0.0
  17 1986 107  7270.   5.0   9.3   0.873   1.3   2.1
  17 1986 108  6850.   4.3   8.5   0.800   0.7   1.9
  17 1986 109 11630.   2.1   8.0   0.789   1.0   3.1
  17 1986 110  9950.   1.5   7.1   0.682   1.9   5.2
  17 1986 111 14410.   5.1  16.2   1.030   1.9   3.0
  17 1986 112  4620.   4.7  12.9   0.977   2.1   9.6
  17 1986 113  6720.   4.3  12.2   0.963   1.2   0.2
  17 1986 114  5750.   6.0  11.4   1.004   1.0  12.5
  17 1986 115 13990.   7.5  16.3   1.357   0.5   0.0
  17 1986 116 14700.   8.1  17.4   1.243   0.9   9.7
  17 1986 117 14280.   4.8  14.3   1.040   0.9   0.2
  17 1986 118  7140.   7.5  13.8   1.081   1.1   3.0
  17 1986 119 13150.  10.1  18.5   1.278   0.9  33.4
  17 1986 120  9240.  10.0  16.1   1.328   1.6   0.0
  17 1986 121 19030.   8.3  20.2   1.404   0.9   0.0
  17 1986 122 16670.  12.0  22.1   1.310   1.3   0.0
  17 1986 123 16800.   8.4  21.2   1.354   0.8   0.0
  17 1986 124 17220.  11.2  19.5   1.263   1.0   0.0
  17 1986 125 13310.  13.0  20.5   1.343   0.7   0.0
  17 1986 126 19570.  11.8  23.9   1.461   0.9   5.2
  17 1986 127 16380.  11.0  16.5   1.185   1.0  11.9
  17 1986 128 14410.   8.4  14.7   1.080   1.0   1.6
  17 1986 129 10630.   7.0  14.6   1.053   1.3   0.0
  17 1986 130 11760.   8.8  17.3   1.072   1.2   4.4
  17 1986 131 13150.  11.6  19.6   1.604   1.7   2.5
  17 1986 132 21710.   9.6  23.1   1.571   1.1   0.0
  17 1986 133 16380.  10.6  23.6   1.393   0.9   0.3
  17 1986 134  8110.  12.6  16.4   1.460   0.5   4.6
  17 1986 135 11890.  11.0  17.0   1.430   1.2   0.4
  17 1986 136 13570.   9.0  17.1   1.072   1.0   8.4
  17 1986 137 18060.  11.5  20.5   1.554   1.0   0.0
  17 1986 138 14410.  14.5  25.6   1.937   0.7   0.0
  17 1986 139 10210.  15.1  21.5   1.969   0.5   0.6
  17 1986 140 16380.  15.7  26.3   2.305   1.5   0.1
  17 1986 141  5170.  17.5  19.2   1.741   1.0   3.5
  17 1986 142 16800.  10.6  19.6   1.173   1.2   0.0
  17 1986 143 18770.  11.0  26.0   1.500   1.0   4.1
  17 1986 144 14830.  10.7  20.0   1.438   0.9   2.8
  17 1986 145 23520.   6.5  21.3   1.117   1.3   0.0
  17 1986 146 22130.  10.6  27.4   1.327   0.9   0.0
  17 1986 147 13730.  14.0  24.4   1.411   0.9  10.9
  17 1986 148  6430.  10.1  16.8   1.302   1.1  11.0
  17 1986 149  9240.   7.7  13.0   0.934   1.0   0.5
  17 1986 150 11340.   6.5   9.5   0.958   1.5   2.1
  17 1986 151 15120.   6.0  13.0   1.025   0.7   4.8
  17 1986 152 15540.   4.8  15.6   1.087   0.6   5.0
  17 1986 153 11890.   7.9  14.2   1.164   0.5   2.8
  17 1986 154 16510.   6.8  17.9   1.254   1.3  11.1
  17 1986 155 11210.   9.5  13.4   1.141   1.5   2.2
  17 1986 156 13570.   5.2  11.3   0.821   1.3  10.2
  17 1986 157 12600.   6.0  11.6   0.784   2.2   0.0
  17 1986 158  7140.   7.2   9.0   0.726   1.9   9.0
  17 1986 159 18900.   8.0  17.2   1.011   1.2   0.0
  17 1986 160 20160.  11.0  22.3   1.182   0.8   0.0
  17 1986 161 23100.  11.8  24.4   1.212   1.2   1.0
  17 1986 162  9370.   9.6  20.5   1.548   0.9   4.8
  17 1986 163  5460.   8.8  11.7   0.978   1.5   0.7
  17 1986 164  4620.   8.9  12.5   1.072   1.6   0.1
  17 1986 165  6430.  11.2  19.5   1.561   1.0   0.0
  17 1986 166 24610.  15.6  26.3   1.723   1.1   0.0
  17 1986 167 22390.  16.2  27.6   2.012   1.1   0.1
  17 1986 168 18770.  16.2  26.2   1.978   0.7   1.4
  17 1986 169 10920.  15.7  22.4   1.864   0.7  12.1
  17 1986 170 20290.  15.0  25.5   2.296   0.6   0.3
  17 1986 171 15960.  16.5  25.6   2.438   1.0   0.0
  17 1986 172 18350.  16.0  26.8   2.208   1.6   0.0
  17 1986 173 22970.  16.2  26.4   2.399   0.7   0.0
  17 1986 174 20030.  15.7  28.0   2.217   1.7  22.3
  17 1986 175 23940.  13.5  21.2   1.355   0.9   0.0
  17 1986 176 24490.  12.6  24.6   1.683   0.6   0.0
  17 1986 177 24910.  15.6  25.3   1.574   0.4   0.0
  17 1986 178 24910.  13.4  26.3   1.470   0.4   0.0
  17 1986 179 25200.  14.4  28.4   1.900   0.9   0.0
  17 1986 180 24910.  16.6  26.0   2.220   1.3   0.0
  17 1986 181 24360.  15.0  24.4   1.294   0.4   0.0
  17 1986 182 24360.  13.5  25.4   1.502   0.4   0.0
  17 1986 183 23810.  14.1  27.2   1.765   0.4   0.0
  17 1986 184 19320.  16.2  28.6   1.911   0.8   5.3
  17 1986 185 21000.  15.2  25.3   2.009   0.9   0.0
  17 1986 186 21970.  15.3  27.6   2.035   1.3  17.9
  17 1986 187  7390.  15.0  21.5   1.962   1.2  31.1
  17 1986 188 15960.  12.7  18.3   1.664   1.2   6.0
  17 1986 189 13310.  12.0  16.5   1.372   1.1   3.5
  17 1986 190 15670.  11.5  18.8   1.558   1.2  15.3
  17 1986 191 11760.  11.8  18.0   1.499   1.0   0.1
  17 1986 192  2940.  11.1  14.4   1.317   1.3   5.2
  17 1986 193 22680.   9.0  18.3   1.507   1.0   0.0
  17 1986 194 15880.   8.7  16.4   1.300   1.5   0.0
  17 1986 195 23650.   6.8  19.1   1.230   1.2   0.0
  17 1986 196 23520.   8.0  22.4   1.441   0.5   0.0
  17 1986 197 25200.  12.2  24.6   1.619   0.4   0.0
  17 1986 198 24360.  12.0  26.9   1.820   0.9   0.0
  17 1986 199  4200.  13.4  20.9   1.771   1.6   0.0
  17 1986 200 10920.  11.9  17.0   1.125   1.1   0.0
  17 1986 201 25200.   9.2  21.0   1.501   0.7   0.0
  17 1986 202 20030.  10.8  22.9   1.236   0.4   0.0
  17 1986 203 21130.  12.1  26.9   1.643   0.5   0.0
  17 1986 204 15670.  13.7  25.6   1.451   0.9   9.6
  17 1986 205 13310.  10.4  16.6   1.135   1.8   0.0
  17 1986 206 15540.   8.0  21.4   1.009   1.7   0.0
  17 1986 207 14700.  13.6  21.8   1.691   1.1   0.1
  17 1986 208 19610.  15.3  25.0   1.521   0.5   0.0
  17 1986 209 23100.  14.0  27.4   1.992   0.5   0.0
  17 1986 210 19870.  17.0  30.3   1.885   1.4   0.0
  17 1986 211 21970.  17.2  27.8   1.868   0.7   0.0
  17 1986 212 17090.  17.1  28.9   2.237   1.1   8.8
  17 1986 213 17090.  16.8  23.6   2.098   0.9   0.1
  17 1986 214 22970.  15.4  30.5   2.343   1.0   0.0
  17 1986 215 22970.  18.1  31.4   2.518   1.3   0.0
  17 1986 216 11050.  19.4  26.6   1.926   0.8  13.9
  17 1986 217 19320.  15.6  22.0   1.769   1.4   0.0
  17 1986 218 21970.  12.0  25.3   1.645   0.8   0.0
  17 1986 219 20030.  14.3  27.2   1.850   1.0   0.0
  17 1986 220 19450.  15.0  24.3   1.382   1.0   0.0
  17 1986 221 18610.  11.0  26.7   1.884   0.4   0.0
  17 1986 222 14990.  14.0  28.0   2.180   0.4   0.3
  17 1986 223 19030.  15.2  27.4   2.271   0.8  12.8
  17 1986 224  3570.  15.2  17.5   1.739   0.6  17.4
  17 1986 225 12470.  14.5  21.5   1.765   0.5   0.0
  17 1986 226 16800.  14.2  23.6   1.890   0.4   0.0
  17 1986 227 18610.  12.8  27.3   1.724   0.7   0.1
  17 1986 228 16090.  14.9  25.0   1.854   1.3   0.2
  17 1986 229 15670.  14.9  26.8   2.358   0.7   5.7
  17 1986 230 14200.  16.0  25.0   1.992   0.4   3.6
  17 1986 231 10920.  14.4  20.3   1.654   0.6   0.7
  17 1986 232 13860.   9.9  18.2   1.322   1.2   0.0
  17 1986 233 16380.   9.6  20.5   1.686   0.7   0.3
  17 1986 234 18770.  13.0  26.8   1.942   0.7  15.8
  17 1986 235  9790.  13.0  18.0   1.594   1.1   0.6
  17 1986 236  9110.  11.7  16.7   1.497   0.5   6.8
  17 1986 237 15830.   8.6  17.7   1.413   0.8   0.0
  17 1986 238 12730.  10.4  24.9   1.585   1.5   2.5
  17 1986 239 11760.  11.2  16.0   1.064   2.8   0.0
  17 1986 240  7850.   9.2  14.5   1.325   1.3   5.9
  17 1986 241 13520.   5.6  15.8   1.188   1.3   0.0
  17 1986 242 16930.   7.2  16.4   1.112   1.8   0.0
  17 1986 243 11050.   5.8  15.5   1.030   1.4   3.1
  17 1986 244 13440.   5.8  14.6   1.187   1.6   0.1
  17 1986 245 12470.   8.6  18.6   1.064   2.1   0.0
  17 1986 246 14830.  10.6  22.6   1.425   1.6   2.7
  17 1986 247 14150.   9.6  13.8   1.091   1.5   0.0
  17 1986 248 18400.   3.6  18.1   1.292   1.1   0.0
  17 1986 249 17350.   5.5  21.9   1.465   1.0   0.0
  17 1986 250  7140.  10.0  17.2   1.346   1.6   0.0
  17 1986 251 17510.   6.6  18.9   1.347   1.4   0.0
  17 1986 252 11050.  10.0  14.9   1.248   0.6   0.0
  17 1986 253 14570.   8.9  16.4   1.206   0.5   0.0
  17 1986 254 17930.   6.0  17.6   1.293   0.5   0.0
  17 1986 255 10210.   9.0  21.0   1.560   0.5  15.1
  17 1986 256  6720.  12.4  15.9   1.574   1.1  35.8
  17 1986 257  8400.  14.8  20.0   1.920   2.0  21.0
  17 1986 258 12730.  15.0  26.7   2.383   0.8   3.6
  17 1986 259  6430.  13.0  19.0   1.701   0.7  14.2
  17 1986 260  9950.  12.6  22.8   1.977   0.7   0.8
  17 1986 261  3490.   8.5  14.4   1.263   1.0   0.0
  17 1986 262 17220.   5.2  15.2   1.074   0.4   0.0
  17 1986 263 17090.   3.9  17.0   1.118   0.7   0.0
  17 1986 264 16380.   2.8  19.4   1.287   1.2   0.0
  17 1986 265 14620.   5.4  19.4   1.388   1.3   0.0
  17 1986 266 14110.   5.2  19.9   1.446   1.0   0.0
  17 1986 267  8480.   8.0  17.0   1.325   0.9   0.0
  17 1986 268  9110.   9.3  15.5   1.114   0.6   0.0
  17 1986 269 14700.   5.8  15.8   1.157   0.5   0.0
  17 1986 270 12890.   4.0  16.8   1.114   0.2   0.0
  17 1986 271 13440.   4.6  18.3   1.236   0.4   0.0
  17 1986 272 13440.   6.3  19.3   1.218   0.7   0.0
  17 1986 273 12600.   5.0  19.0   1.324   0.4   0.0
  17 1986 274 13440.   8.0  20.2   1.374   0.4   0.0
  17 1986 275 12470.   5.4  21.8   1.518   0.9   0.0
  17 1986 276 11470.   8.3  22.1   1.685   0.7   0.0
  17 1986 277 11340.  10.5  19.8   1.696   0.3   0.0
  17 1986 278 11760.   7.7  22.5   1.674   0.7   0.0
  17 1986 279 10210.   8.5  19.3   1.548   0.9   0.0
  17 1986 280  6170.  13.4  16.4   1.533   1.1   0.0
  17 1986 281  4330.  10.1  14.6   1.196   1.0   0.2
  17 1986 282  7980.   5.4  14.6   1.171   0.7   0.0
  17 1986 283  9660.   5.5  16.2   1.239   0.7   0.0
  17 1986 284  8690.   6.2  16.7   1.290   0.4   0.0
  17 1986 285  7560.   9.4  14.0   1.298   1.1   0.0
  17 1986 286  9110.   4.8  16.6   1.240   0.4   0.0
  17 1986 287  9790.   5.0  22.2   1.487   0.6   0.0
  17 1986 288  9950.   7.0  18.7   1.400   0.3   0.2
  17 1986 289  6850.   7.6  15.2   1.354   1.0   0.2
  17 1986 290  7140.   6.9  13.1   1.232   0.9   0.0
  17 1986 291  7560.   3.2  12.6   1.058   1.0   0.6
  17 1986 292  4200.   5.6  14.7   1.170   1.8   7.0
  17 1986 293  3230.   7.3  13.0   1.120   2.7  14.2
  17 1986 294  6300.   5.3  10.8   0.767   2.9   2.2
  17 1986 295  5040.   8.4  15.8   1.234   1.2  22.6
  17 1986 296  9370.   6.0  14.5   1.090   2.2   3.1
  17 1986 297 10370.   2.6  10.0   0.900   1.8   0.0
  17 1986 298  4330.   3.8  11.4   0.879   1.9   2.3
  17 1986 299  8110.   4.4   8.5   0.899   1.8   0.5
  17 1986 300  8530.   1.4   9.7   0.854   1.0   0.1
  17 1986 301  6720.  -0.2  10.8   0.848   1.8   9.1
  17 1986 302  1260.   6.7  10.4   1.050   1.4   6.7
  17 1986 303  4910.   3.6   7.6   0.857   0.9   0.1
  17 1986 304  6010.   1.4  10.3   0.890   2.0   0.2
