*---------------------------------------------------------------------------*
* Station name: Kiel HQ
* Year: 1986                                              -99.000: NIL VALUE
* Author: Barbara Habekotte
* Data-entry: Barbara Habekotte
* Source: F.Grosse (Institut fur Planzenbau u. Planzenzuchtung, Kiel)
*         Temp. from weather station in Hohenlieth, near Kiel
*         PAR. from weather station in Quickborn, near Hamburg
* Comments: -
*
* Longitude: 10 12 E, 54 19 latitude: N, altitude: unknown
*  
* Column  Daily value
* 1       station number
* 2       year
* 3       day
* 4       irradiation                   (kJ m-2 d-1)
* 5       minimum temperature           (degrees Celsius)
* 6       maximum temperature           (degrees Celsius)
* 7       early morning vapour pressure (kPa)
* 8       mean wind speed               (m s-1)
* 9       precipitation                 (mm d-1)
*---------------------------------------------------------------------------*
  10.2  54.32    48. 0.00 0.00
  15 1986   1  1716.  -6.0  -2.0 -99.000 -99.0 -99.0
  15 1986   2   791. -11.0  -5.0 -99.000 -99.0 -99.0
  15 1986   3   757.  -1.0   0.0 -99.000 -99.0 -99.0
  15 1986   4  1204. -10.0   0.0 -99.000 -99.0 -99.0
  15 1986   5   981.  -7.0  -2.0 -99.000 -99.0 -99.0
  15 1986   6   662.  -2.0   0.0 -99.000 -99.0 -99.0
  15 1986   7  1789.  -3.0   0.0 -99.000 -99.0 -99.0
  15 1986   8  1914.  -5.0  -1.0 -99.000 -99.0 -99.0
  15 1986   9  2908. -13.0  -3.0 -99.000 -99.0 -99.0
  15 1986  10  2108. -18.0  -9.0 -99.000 -99.0 -99.0
  15 1986  11  1656. -17.0   3.0 -99.000 -99.0 -99.0
  15 1986  12   822.   2.0   3.0 -99.000 -99.0 -99.0
  15 1986  13  1746.   2.0   3.5 -99.000 -99.0 -99.0
  15 1986  14  1153.   3.0   6.0 -99.000 -99.0 -99.0
  15 1986  15   843.   1.0   4.0 -99.000 -99.0 -99.0
  15 1986  16  1798.  -1.0   3.0 -99.000 -99.0 -99.0
  15 1986  17  3114.  -3.0   2.0 -99.000 -99.0 -99.0
  15 1986  18   430.  -3.0  -1.0 -99.000 -99.0 -99.0
  15 1986  19   318.  -1.0   4.5 -99.000 -99.0 -99.0
  15 1986  20  2142.   3.0   7.0 -99.000 -99.0 -99.0
  15 1986  21  1015.   3.0   7.0 -99.000 -99.0 -99.0
  15 1986  22  1703.   4.0   6.0 -99.000 -99.0 -99.0
  15 1986  23  1075.   4.0   6.0 -99.000 -99.0 -99.0
  15 1986  24  2202.   2.0   5.0 -99.000 -99.0 -99.0
  15 1986  25  2959.   0.0   5.0 -99.000 -99.0 -99.0
  15 1986  26  1996.  -1.0   3.0 -99.000 -99.0 -99.0
  15 1986  27  1437.  -4.0   1.0 -99.000 -99.0 -99.0
  15 1986  28   955.  -2.0   1.0 -99.000 -99.0 -99.0
  15 1986  29  3690.  -5.0   1.0 -99.000 -99.0 -99.0
  15 1986  30  2598.  -2.0   1.0 -99.000 -99.0 -99.0
  15 1986  31  1075.   0.0   1.0 -99.000 -99.0 -99.0
  15 1986  32   800.   0.0   2.0 -99.000 -99.0 -99.0
  15 1986  33   718.   0.0   2.0 -99.000 -99.0 -99.0
  15 1986  34  4176.  -4.0   0.0 -99.000 -99.0 -99.0
  15 1986  35  4809.  -2.0   0.0 -99.000 -99.0 -99.0
  15 1986  36  4052.  -2.0   0.0 -99.000 -99.0 -99.0
  15 1986  37  2542.  -2.5   0.5 -99.000 -99.0 -99.0
  15 1986  38  2929.  -4.0   1.0 -99.000 -99.0 -99.0
  15 1986  39  3071.  -4.9   2.3 -99.000 -99.0 -99.0
  15 1986  40  3733.  -5.6  -2.3 -99.000 -99.0 -99.0
  15 1986  41  1200. -11.0  -3.0 -99.000 -99.0 -99.0
  15 1986  42  1480.  -5.5  -2.0 -99.000 -99.0 -99.0
  15 1986  43  4168.  -4.0   0.0 -99.000 -99.0 -99.0
  15 1986  44  3991.  -3.0   0.0 -99.000 -99.0 -99.0
  15 1986  45  5209.  -3.5  -1.0 -99.000 -99.0 -99.0
  15 1986  46  5385.  -4.0  -1.0 -99.000 -99.0 -99.0
  15 1986  47  1488.  -4.0   0.0 -99.000 -99.0 -99.0
  15 1986  48  2774.  -2.0  -1.0 -99.000 -99.0 -99.0
  15 1986  49  3682.  -3.0  -1.0 -99.000 -99.0 -99.0
  15 1986  50  5368.  -4.0  -1.5 -99.000 -99.0 -99.0
  15 1986  51  3630.  -5.0  -2.0 -99.000 -99.0 -99.0
  15 1986  52  8516. -11.0  -2.0 -99.000 -99.0 -99.0
  15 1986  53  7174.  -3.0  -1.0 -99.000 -99.0 -99.0
  15 1986  54  7372.  -2.0   1.0 -99.000 -99.0 -99.0
  15 1986  55  7230. -15.0  -2.0 -99.000 -99.0 -99.0
  15 1986  56  6357. -12.0  -4.0 -99.000 -99.0 -99.0
  15 1986  57  8116. -15.0  -5.0 -99.000 -99.0 -99.0
  15 1986  58  8933. -15.0   0.0 -99.000 -99.0 -99.0
  15 1986  59  9114.  -7.0   0.0 -99.000 -99.0 -99.0
  15 1986  60  7230.  -9.0  -1.0 -99.000 -99.0 -99.0
  15 1986  61  9725.  -8.0  -3.0 -99.000 -99.0 -99.0
  15 1986  62 10176. -13.0   0.0 -99.000 -99.0 -99.0
  15 1986  63  5574. -13.0   2.0 -99.000 -99.0 -99.0
  15 1986  64  1196.   0.0   5.0 -99.000 -99.0 -99.0
  15 1986  65  2727.   3.5   5.0 -99.000 -99.0 -99.0
  15 1986  66  7914.   0.0   6.0 -99.000 -99.0 -99.0
  15 1986  67  2508.   0.0   7.0 -99.000 -99.0 -99.0
  15 1986  68  2056.  -1.0   3.0 -99.000 -99.0 -99.0
  15 1986  69  3991.   0.0   1.0 -99.000 -99.0 -99.0
  15 1986  70  1484.   0.0   3.0 -99.000 -99.0 -99.0
  15 1986  71  2030.   0.0   2.0 -99.000 -99.0 -99.0
  15 1986  72  1923.   0.0   0.0 -99.000 -99.0 -99.0
  15 1986  73  2976.  -1.0   2.5 -99.000 -99.0 -99.0
  15 1986  74  6555.  -1.0   3.0 -99.000 -99.0 -99.0
  15 1986  75  3006.  -1.0   2.5 -99.000 -99.0 -99.0
  15 1986  76  8766.  -1.0   5.0 -99.000 -99.0 -99.0
  15 1986  77 10172.   1.0  10.0 -99.000 -99.0 -99.0
  15 1986  78 11686.  -1.0  12.0 -99.000 -99.0 -99.0
  15 1986  79  8817.  -1.5  13.0 -99.000 -99.0 -99.0
  15 1986  80  9424.  -2.0  11.5 -99.000 -99.0 -99.0
  15 1986  81  6456.  -3.0   8.5 -99.000 -99.0 -99.0
  15 1986  82  3372.   3.0   5.0 -99.000 -99.0 -99.0
  15 1986  83  2697.   2.0   5.0 -99.000 -99.0 -99.0
  15 1986  84  4710.   2.0   4.0 -99.000 -99.0 -99.0
  15 1986  85  4314.   2.5   4.5 -99.000 -99.0 -99.0
  15 1986  86  3617.   2.5   6.0 -99.000 -99.0 -99.0
  15 1986  87  7368.   6.0  11.0 -99.000 -99.0 -99.0
  15 1986  88  5247.   5.0   9.0 -99.000 -99.0 -99.0
  15 1986  89  5101.   3.5   8.5 -99.000 -99.0 -99.0
  15 1986  90  -426.   3.0   7.0 -99.000 -99.0 -99.0
  15 1986  91  6077.   0.5   4.0 -99.000 -99.0 -99.0
  15 1986  92 10163.   1.0   7.0 -99.000 -99.0 -99.0
  15 1986  93  6581.   3.0   9.0 -99.000 -99.0 -99.0
  15 1986  94 10972.  -1.0   4.0 -99.000 -99.0 -99.0
  15 1986  95 14495.   0.0   9.0 -99.000 -99.0 -99.0
  15 1986  96  3712.   0.0   9.0 -99.000 -99.0 -99.0
  15 1986  97  2297.   2.0   3.5 -99.000 -99.0 -99.0
  15 1986  98  1600.   2.5   4.0 -99.000 -99.0 -99.0
  15 1986  99  6108.   2.0   6.0 -99.000 -99.0 -99.0
  15 1986 100  7849.   2.0   7.0 -99.000 -99.0 -99.0
  15 1986 101 16675.  -1.0   4.0 -99.000 -99.0 -99.0
  15 1986 102 17871.  -2.0   5.0 -99.000 -99.0 -99.0
  15 1986 103 14013.  -2.0   5.0 -99.000 -99.0 -99.0
  15 1986 104  9923.   0.0   7.0 -99.000 -99.0 -99.0
  15 1986 105  9931.   1.0   7.0 -99.000 -99.0 -99.0
  15 1986 106 12641.   4.0  10.0 -99.000 -99.0 -99.0
  15 1986 107 12400.   5.0  15.0 -99.000 -99.0 -99.0
  15 1986 108  8447.   4.0  14.0 -99.000 -99.0 -99.0
  15 1986 109  4908.   5.0   8.0 -99.000 -99.0 -99.0
  15 1986 110  7067.   4.0   7.0 -99.000 -99.0 -99.0
  15 1986 111 15084.   4.0   9.0 -99.000 -99.0 -99.0
  15 1986 112 10778.   5.0  12.0 -99.000 -99.0 -99.0
  15 1986 113  9871.   3.0  12.0 -99.000 -99.0 -99.0
  15 1986 114  6925.   4.0  10.0 -99.000 -99.0 -99.0
  15 1986 115 12103.   5.0   8.5 -99.000 -99.0 -99.0
  15 1986 116  5351.   5.0  11.0 -99.000 -99.0 -99.0
  15 1986 117  7312.   6.0  11.0 -99.000 -99.0 -99.0
  15 1986 118 18692.   5.0  13.0 -99.000 -99.0 -99.0
  15 1986 119 12357.   6.0  19.0 -99.000 -99.0 -99.0
  15 1986 120 14426.   4.0  15.0 -99.000 -99.0 -99.0
  15 1986 121 21961.   6.0  14.0 -99.000 -99.0 -99.0
  15 1986 122 23114.   5.0  12.0 -99.000 -99.0 -99.0
  15 1986 123 20654.   5.0  20.0 -99.000 -99.0 -99.0
  15 1986 124 17815.   5.0  24.0 -99.000 -99.0 -99.0
  15 1986 125 16533.   6.0  24.0 -99.000 -99.0 -99.0
  15 1986 126 18920.  11.0  19.0 -99.000 -99.0 -99.0
  15 1986 127  8254.  11.0  19.2 -99.000 -99.0 -99.0
  15 1986 128  9682.  11.0  18.0 -99.000 -99.0 -99.0
  15 1986 129 12254.   6.5  15.5 -99.000 -99.0 -99.0
  15 1986 130  3626.   9.0  16.0 -99.000 -99.0 -99.0
  15 1986 131  9497.  10.5  14.5 -99.000 -99.0 -99.0
  15 1986 132 12963.  10.0  15.0 -99.000 -99.0 -99.0
  15 1986 133 11333.   8.0  16.0 -99.000 -99.0 -99.0
  15 1986 134  8056.   7.0  16.0 -99.000 -99.0 -99.0
  15 1986 135  8413.   8.0  16.0 -99.000 -99.0 -99.0
  15 1986 136 16611.   7.0  15.0 -99.000 -99.0 -99.0
  15 1986 137 25333.   3.0  16.0 -99.000 -99.0 -99.0
  15 1986 138 14112.   8.0  17.0 -99.000 -99.0 -99.0
  15 1986 139 17110.   9.0  22.0 -99.000 -99.0 -99.0
  15 1986 140 23746.   8.0  21.0 -99.000 -99.0 -99.0
  15 1986 141 11729.   6.0  21.5 -99.000 -99.0 -99.0
  15 1986 142 23768.  10.0  20.0 -99.000 -99.0 -99.0
  15 1986 143 13656.   7.0  17.0 -99.000 -99.0 -99.0
  15 1986 144  8680.  10.0  18.0 -99.000 -99.0 -99.0
  15 1986 145 19265.   7.0  16.0 -99.000 -99.0 -99.0
  15 1986 146 24456.   8.0  19.5 -99.000 -99.0 -99.0
  15 1986 147 22611.   8.0  20.0 -99.000 -99.0 -99.0
  15 1986 148 20009.   8.0  24.0 -99.000 -99.0 -99.0
  15 1986 149 14490.   5.0  17.0 -99.000 -99.0 -99.0
  15 1986 150 20624.   6.0  15.0 -99.000 -99.0 -99.0
  15 1986 151 18198.   4.0  11.0 -99.000 -99.0 -99.0
  15 1986 152 11553.   6.2  12.7 -99.000 -99.0 -99.0
  15 1986 153 15492.   8.2  17.0 -99.000 -99.0 -99.0
  15 1986 154 14998.   8.0  18.0 -99.000 -99.0 -99.0
  15 1986 155 10611.   8.0  20.0 -99.000 -99.0 -99.0
  15 1986 156  8112.   8.0  17.0 -99.000 -99.0 -99.0
  15 1986 157  4512.   8.0  16.0 -99.000 -99.0 -99.0
  15 1986 158  6976.   8.0  12.0 -99.000 -99.0 -99.0
  15 1986 159 10731.   9.0  13.0 -99.000 -99.0 -99.0
  15 1986 160 18714.   8.0  12.0 -99.000 -99.0 -99.0
  15 1986 161 25514.  10.0  18.0 -99.000 -99.0 -99.0
  15 1986 162  7080.  10.0  25.0 -99.000 -99.0 -99.0
  15 1986 163 25213.   8.0  15.0 -99.000 -99.0 -99.0
  15 1986 164 27574.   8.0  19.0 -99.000 -99.0 -99.0
  15 1986 165 27738.   9.0  23.0 -99.000 -99.0 -99.0
  15 1986 166 26895.   9.0  20.0 -99.000 -99.0 -99.0
  15 1986 167 24994.   9.0  23.0 -99.000 -99.0 -99.0
  15 1986 168 22688.  10.0  21.0 -99.000 -99.0 -99.0
  15 1986 169  9755.  14.0  25.5 -99.000 -99.0 -99.0
  15 1986 170 25157.  10.0  20.0 -99.000 -99.0 -99.0
  15 1986 171 24946.   8.5  19.0 -99.000 -99.0 -99.0
  15 1986 172 13961.  11.0  16.0 -99.000 -99.0 -99.0
  15 1986 173 27957.   8.5  21.5 -99.000 -99.0 -99.0
  15 1986 174 27080.  10.0  23.0 -99.000 -99.0 -99.0
  15 1986 175 22705.  10.0  25.0 -99.000 -99.0 -99.0
  15 1986 176 17643.  13.0  21.0 -99.000 -99.0 -99.0
  15 1986 177 24886.  12.0  25.0 -99.000 -99.0 -99.0
  15 1986 178 26473.  13.0  25.5 -99.000 -99.0 -99.0
  15 1986 179 25204.  16.0  26.0 -99.000 -99.0 -99.0
  15 1986 180 24925.  15.0  28.0 -99.000 -99.0 -99.0
  15 1986 181 26809.  14.0  27.0 -99.000 -99.0 -99.0
  15 1986 182 25342.  13.0  27.0 -99.000 -99.0 -99.0
  15 1986 183 23948.  13.0  28.0 -99.000 -99.0 -99.0
  15 1986 184 19355.  14.0  29.0 -99.000 -99.0 -99.0
  15 1986 185 16159.  15.0  32.0 -99.000 -99.0 -99.0
  15 1986 186 12370.  16.0  23.0 -99.000 -99.0 -99.0
  15 1986 187  9763.  15.0  22.0 -99.000 -99.0 -99.0
  15 1986 188 15523.  10.0  23.0 -99.000 -99.0 -99.0
  15 1986 189 15510.  10.0  19.0 -99.000 -99.0 -99.0
  15 1986 190 19024.   8.0  19.0 -99.000 -99.0 -99.0
  15 1986 191 14069.  10.0  16.0 -99.000 -99.0 -99.0
  15 1986 192 17295.   8.0  18.0 -99.000 -99.0 -99.0
  15 1986 193 11523.   8.4  18.5 -99.000 -99.0 -99.0
  15 1986 194 16568.  10.0  17.5 -99.000 -99.0 -99.0
  15 1986 195 22366.   8.0  16.0 -99.000 -99.0 -99.0
  15 1986 196 19815.  12.0  20.0 -99.000 -99.0 -99.0
  15 1986 197 21196.  14.0  24.0 -99.000 -99.0 -99.0
  15 1986 198 16237.  15.0  27.0 -99.000 -99.0 -99.0
  15 1986 199 16757.  13.0  28.0 -99.000 -99.0 -99.0
  15 1986 200 21720.  10.0  19.0 -99.000 -99.0 -99.0
  15 1986 201 13647.   8.0  21.0 -99.000 -99.0 -99.0
  15 1986 202 11978.  14.0  20.0 -99.000 -99.0 -99.0
  15 1986 203  6133.  14.0  23.0 -99.000 -99.0 -99.0
  15 1986 204  7905.  12.0  22.0 -99.000 -99.0 -99.0
  15 1986 205  7596.  11.0  18.0 -99.000 -99.0 -99.0
  15 1986 206 14335.  10.0  18.0 -99.000 -99.0 -99.0
  15 1986 207 14697.  13.0  16.5 -99.000 -99.0 -99.0
  15 1986 208 16946.  12.0  17.0 -99.000 -99.0 -99.0
  15 1986 209 15596.  11.0  24.0 -99.000 -99.0 -99.0
  15 1986 210 15183.  15.0  26.0 -99.000 -99.0 -99.0
  15 1986 211 15918.  15.0  27.0 -99.000 -99.0 -99.0
  15 1986 212  -426.  13.0  23.0 -99.000 -99.0 -99.0
  15 1986 213 17153. -99.0 -99.0 -99.000 -99.0 -99.0
  15 1986 214 19135. -99.0 -99.0 -99.000 -99.0 -99.0
  15 1986 215 22151. -99.0 -99.0 -99.000 -99.0 -99.0
  15 1986 216 18787. -99.0 -99.0 -99.000 -99.0 -99.0
  15 1986 217 13230. -99.0 -99.0 -99.000 -99.0 -99.0
  15 1986 218 20865. -99.0 -99.0 -99.000 -99.0 -99.0
  15 1986 219 14533. -99.0 -99.0 -99.000 -99.0 -99.0
  15 1986 220 13312. -99.0 -99.0 -99.000 -99.0 -99.0
  15 1986 221 16284. -99.0 -99.0 -99.000 -99.0 -99.0
  15 1986 222 21303. -99.0 -99.0 -99.000 -99.0 -99.0
  15 1986 223 14710. -99.0 -99.0 -99.000 -99.0 -99.0
  15 1986 224  4030. -99.0 -99.0 -99.000 -99.0 -99.0
  15 1986 225 12245. -99.0 -99.0 -99.000 -99.0 -99.0
  15 1986 226 17088. -99.0 -99.0 -99.000 -99.0 -99.0
  15 1986 227  9256. -99.0 -99.0 -99.000 -99.0 -99.0
  15 1986 228 14013. -99.0 -99.0 -99.000 -99.0 -99.0
  15 1986 229 13940. -99.0 -99.0 -99.000 -99.0 -99.0
  15 1986 230 14520. -99.0 -99.0 -99.000 -99.0 -99.0
  15 1986 231  7824. -99.0 -99.0 -99.000 -99.0 -99.0
  15 1986 232 10998. -99.0 -99.0 -99.000 -99.0 -99.0
  15 1986 233 12310. -99.0 -99.0 -99.000 -99.0 -99.0
  15 1986 234  6443. -99.0 -99.0 -99.000 -99.0 -99.0
  15 1986 235 15557. -99.0 -99.0 -99.000 -99.0 -99.0
  15 1986 236 10778. -99.0 -99.0 -99.000 -99.0 -99.0
  15 1986 237 14546. -99.0 -99.0 -99.000 -99.0 -99.0
  15 1986 238  3243. -99.0 -99.0 -99.000 -99.0 -99.0
  15 1986 239  2680. -99.0 -99.0 -99.000 -99.0 -99.0
  15 1986 240 12348. -99.0 -99.0 -99.000 -99.0 -99.0
  15 1986 241  8847. -99.0 -99.0 -99.000 -99.0 -99.0
  15 1986 242 12925. -99.0 -99.0 -99.000 -99.0 -99.0
  15 1986 243 10877. -99.0 -99.0 -99.000 -99.0 -99.0
