*---------------------------------------------------------------------------*
* Station name: Patancheru ICRISAT, India
* Year: 1980
* Author: Peter Uithol                                     -99.000: NIL VALUE
* Source: ICRISAT tape FSAGRO
* Comments:
* Longitude: 78 28 E, latitude: 17 27 N, alt.: Hyderabad airport!: 21. m
*
* Column  Daily value
* 1       station number
* 2       year
* 3       day
* 4       irradiation                   (kJ m-2 d-1)
* 5       minimum temperature           (degrees Celsius)
* 6       maximum temperature           (degrees Celsius)
* 7       early morning vapour pressure (kPa)
* 8       mean wind speed (height: 2 m) (m s-1)
* 9       precipitation                 (mm d-1)
*---------------------------------------------------------------------------*
  78.47  17.45    21. 0.00 0.00
   1 1980   1 18757.  14.6  28.8   1.413   1.7   0.0
   1 1980   2 16915.  14.6  29.3   1.447   1.9   0.0
   1 1980   3 13649.  16.0  29.4   1.565   1.6   0.0
   1 1980   4 18254.  16.6  28.4   1.494   2.0   0.0
   1 1980   5 18673.  18.3  28.7   1.789   4.0   0.0
   1 1980   6 16957.  18.2  28.7   1.799   3.8   0.0
   1 1980   7 15491.  16.5  27.9   1.691   2.8   0.0
   1 1980   8 14528.  16.3  27.5   1.539   2.4   0.0
   1 1980   9 18506.  15.5  27.4   1.286   2.0   0.0
   1 1980  10 18715.  12.8  27.8   1.242   2.0   0.0
   1 1980  11 13733.  14.4  28.4   1.461   2.1   0.0
   1 1980  12 18757.  15.8  29.0   1.204   2.8   0.0
   1 1980  13 19845.  13.7  28.2   1.474   2.9   0.0
   1 1980  14 18757.  13.5  28.0   1.254   2.8   0.0
   1 1980  15 21018.  12.4  28.3   1.253   2.4   0.0
   1 1980  16 20767.  13.5  28.0   1.486   2.9   0.0
   1 1980  17 18087.  14.0  28.0   1.360   2.5   0.0
   1 1980  18 19092.  14.5  28.5   1.454   2.6   0.0
   1 1980  19 20222.  13.2  28.1   1.291   2.5   0.0
   1 1980  20 20013.  13.7  28.9   1.333   2.6   0.0
   1 1980  21 19469.  15.1  29.1   1.116   2.1   0.0
   1 1980  22 15491.  15.4  29.9   1.138   1.5   0.0
   1 1980  23 16831.  16.3  30.2   1.243   1.7   0.0
   1 1980  24 18715.  15.2  30.2   1.314   1.6   0.0
   1 1980  25 19678.  15.5  30.0   1.322   1.3   0.0
   1 1980  26 19929.  15.0  29.8   1.399   2.2   0.0
   1 1980  27 18380.  17.5  29.8   1.341   1.7   0.0
   1 1980  28 16705.  15.7  30.9   1.196   1.7   0.0
   1 1980  29 18757.  13.0  30.7   1.049   1.9   0.0
   1 1980  30 20432.  12.1  30.0   1.059   1.9   0.0
   1 1980  31 20515.  16.4  29.4   1.120   1.5   0.0
   1 1980  32 17082.  17.0  30.1   1.474   3.0   0.0
   1 1980  33 20432.  17.8  30.7   1.244   2.7   0.0
   1 1980  34 20306.  18.0  30.1   1.301   3.3   0.0
   1 1980  35 17961.  17.4  29.9   1.412   2.7   0.0
   1 1980  36 20390.  16.7  31.1   1.484   2.6   0.0
   1 1980  37 20976.  15.4  30.3   1.313   1.8   0.0
   1 1980  38 18338.  19.1  31.3   1.527   1.6   0.0
   1 1980  39 19469.  17.0  31.0   1.745   2.3   0.0
   1 1980  40 20013.  17.5  30.5   1.661   2.6   0.0
   1 1980  41 19971.  17.2  31.8   1.571   2.8   0.0
   1 1980  42 19259.  19.4  32.0   2.030   2.8   0.0
   1 1980  43 19971.  18.6  30.8   1.952   2.3   0.0
   1 1980  44 20432.  16.4  30.8   1.587   2.4   0.0
   1 1980  45 20725.  18.2  31.4   1.590   1.7   0.0
   1 1980  46 20473.  18.9  32.2   1.486   2.6   0.0
   1 1980  47 20013.  17.0  32.8   1.396   2.3   0.0
   1 1980  48 21771.  16.0  32.9   1.310   1.8   0.0
   1 1980  49 16161.  18.6  33.0   1.759   1.6   0.0
   1 1980  50 22190.  18.7  31.6   1.619   2.1   0.0
   1 1980  51 21478.  18.7  33.0   1.878   2.2   0.0
   1 1980  52 21227.  18.8  33.4   1.759   1.8   0.0
   1 1980  53 18589.  17.8  33.5   1.408   1.6   0.0
   1 1980  54 13188.  18.7  34.0   1.382   1.7   0.0
   1 1980  55 21855.  16.6  35.0   1.305   1.5   0.0
   1 1980  56 21436.  17.9  35.4   1.026   1.7   0.0
   1 1980  57 22106.  19.4  35.4   1.285   1.7   0.0
   1 1980  58 21646.  17.5  34.7   1.261   2.1   0.0
   1 1980  59 20892.  19.3  34.8   1.300   1.8   0.0
   1 1980  60 23279.  18.0  36.1   1.632   2.3   0.0
   1 1980  61 24116.  15.5  34.5   1.234   2.4   0.0
   1 1980  62 24116.  15.7  33.2   1.178   2.1   0.0
   1 1980  63 23823.  16.5  35.5   1.052   1.7   0.0
   1 1980  64 23781.  17.0  36.2   1.222   1.8   0.0
   1 1980  65 15994.  21.3  37.4   1.217   1.9   0.0
   1 1980  66 15114.  21.2  35.6   1.739   1.6   0.0
   1 1980  67 21646.  22.7  35.7   2.100   2.4   0.0
   1 1980  68 23572.  18.4  34.0   1.102   2.6   0.0
   1 1980  69 18464.  15.5  32.6   1.040   2.0   0.0
   1 1980  70 21395.  21.5  33.0   2.182   2.9   0.0
   1 1980  71 18882.  21.5  33.7   2.311   3.7   0.0
   1 1980  72 23320.  20.9  33.4   2.400   3.7   8.6
   1 1980  73 23739.  18.0  32.5   1.653   3.1   0.0
   1 1980  74 24074.  19.2  32.2   1.871   3.1   0.0
   1 1980  75 22986.  19.5  34.2   1.793   2.4   0.0
   1 1980  76 24493.  19.7  34.6   1.585   2.2   0.0
   1 1980  77 21771.  20.5  35.9   1.352   2.8   0.0
   1 1980  78 23948.  19.5  35.5   1.203   3.0   0.0
   1 1980  79 22734.  19.4  36.5   1.353   2.7   0.0
   1 1980  80 21018.  20.0  36.8   1.451   2.7   0.0
   1 1980  81 21436.  20.5  37.0   1.255   2.7   0.0
   1 1980  82 22190.  22.0  37.0   1.244   2.7   0.0
   1 1980  83 14444.  22.5  37.8   1.310   2.5   0.0
   1 1980  84 22232.  21.7  37.5   1.196   1.9   0.0
   1 1980  85 22902.  20.5  38.0   1.521   2.4   0.0
   1 1980  86 24702.  22.6  36.3   1.400   2.9   0.0
   1 1980  87 24577.  21.5  37.1   1.566   3.5   0.0
   1 1980  88 18548.  22.0  35.8   2.250   3.0   0.0
   1 1980  89 24074.  22.5  34.7   1.883   2.9   0.0
   1 1980  90 18045.  22.0  37.5   2.091   2.0   8.6
   1 1980  91 16077.  23.4  30.8   2.507   2.6   1.4
   1 1980  92 23111.  23.0  33.4   1.800   3.3   0.0
   1 1980  93 21269.  20.6  36.4   1.992   2.9   0.0
   1 1980  94 24870.  22.4  34.0   2.279   2.1   0.0
   1 1980  95 22525.  21.5  35.8   1.823   2.7   0.0
   1 1980  96 24911.  23.0  36.0   2.166   2.7   0.0
   1 1980  97 24702.  21.9  35.7   2.158   4.1   0.0
   1 1980  98 21185.  22.6  35.4   1.757   2.3   0.0
   1 1980  99 23488.  23.0  37.3   1.491   1.9   0.0
   1 1980 100 24409.  25.0  38.5   1.618   2.3   0.0
   1 1980 101 25288.  23.5  40.1   1.653   2.9   0.0
   1 1980 102 22358.  25.2  40.0   1.605   2.5   0.0
   1 1980 103 22023.  23.5  39.5   1.885   2.4   0.0
   1 1980 104 22399.  24.9  39.8   1.672   2.3   0.0
   1 1980 105 22776.  25.4  40.2   1.852   2.8   0.0
   1 1980 106 24242.  22.5  39.0   2.320   4.4   2.6
   1 1980 107 21855.  20.9  36.4   1.510   2.7   0.0
   1 1980 108 18966.  27.2  36.6   1.988   1.9   0.0
   1 1980 109 25791.  24.8  37.8   2.257   3.1   0.0
   1 1980 110 24451.  24.7  38.7   2.119   2.9   0.0
   1 1980 111 24535.  27.3  39.4   2.363   3.4   0.0
   1 1980 112 23195.  27.9  40.2   1.995   2.9   0.0
   1 1980 113 11723.  26.0  41.6   2.189   4.3   2.6
   1 1980 114 24577.  24.7  35.8   1.870   2.8   0.0
   1 1980 115 23320.  28.4  40.0   2.558   2.6   0.0
   1 1980 116 13230.  27.7  41.2   1.935   2.8   0.0
   1 1980 117 21897.  27.2  41.0   2.349   3.2   0.0
   1 1980 118 13858.  28.3  40.1   3.044   3.3   0.0
   1 1980 119 25916.  25.0  37.5   2.697   2.9   0.0
   1 1980 120 26293.  23.5  39.4   1.943   3.4   0.0
   1 1980 121 15994.  28.9  38.0   3.272   4.3   0.0
   1 1980 122 28303.  24.4  38.7   2.449   3.6   0.0
   1 1980 123 27507.  25.3  38.5   2.713   3.1   0.0
   1 1980 124 22106.  27.0  38.9   1.750   2.6   0.0
   1 1980 125 25958.  23.9  40.5   1.871   2.3  10.4
   1 1980 126 25246.  27.9  40.5   1.882   3.3   0.5
   1 1980 127 24577.  25.4  40.2   1.040   2.8   0.0
   1 1980 128 25916.  28.0  41.0   2.613   3.0   0.0
   1 1980 129 22651.  25.3  41.2   1.647   4.3   0.0
   1 1980 130 28219.  25.7  39.4   0.959   3.1   0.0
   1 1980 131 27340.  26.9  40.1   1.207   2.9   0.0
   1 1980 132 21855.  27.0  40.7   1.321   2.3   0.0
   1 1980 133 24828.  24.4  40.0   1.683   3.9   0.0
   1 1980 134 25414.  25.3  39.8   1.518   3.5   0.0
   1 1980 135 23907.  24.5  39.5   2.248   3.1   7.2
   1 1980 136 22986.  25.7  39.0   1.621   3.1   0.0
   1 1980 137 23655.  26.4  41.0   1.724   3.9   0.0
   1 1980 138 26126.  29.3  40.2   1.756   3.4   0.0
   1 1980 139 27382.  24.5  41.0   0.955   3.2   0.0
   1 1980 140 21939.  27.7  41.2   1.191   3.2   0.0
   1 1980 141 25874.  25.2  40.9   0.867   4.0   0.0
   1 1980 142 26461.  23.6  41.5   0.583   3.4   0.0
   1 1980 143 26921.  24.0  41.5   0.747   4.4   0.0
   1 1980 144 28093.  27.4  42.0   1.207   4.2   0.0
   1 1980 145 22776.  27.8  41.5   1.198   5.0   0.0
   1 1980 146 12225.  25.4  41.0   1.170   3.9   0.0
   1 1980 147 22776.  26.2  41.9   0.954   3.3   0.0
   1 1980 148 19008.  28.6  41.4   2.980   4.8   0.0
   1 1980 149 25079.  26.0  40.2   1.919   4.0   0.0
   1 1980 150 23237.  26.3  40.0   1.302   3.3   0.0
   1 1980 151 22064.  27.8  40.8   1.909   5.1   0.0
   1 1980 152 20306.  24.7  40.0   2.244   4.1   2.2
   1 1980 153 16454.  22.8  36.3   2.474   4.5  11.8
   1 1980 154 13188.  24.4  32.5   2.816   3.6   2.2
   1 1980 155 16705.  23.7  30.1   2.495   2.5   4.4
   1 1980 156 18422.  23.5  33.8   2.523   3.8   4.2
   1 1980 157 21646.  24.0  35.5   2.540   5.2   2.0
   1 1980 158 22944.  23.6  35.2   2.334   7.6   0.0
   1 1980 159 22902.  24.1  33.8   2.255   6.4   0.0
   1 1980 160 16161.  24.5  35.1   2.371   4.8   0.6
   1 1980 161 10509.  23.4  35.0   2.594   4.9   2.4
   1 1980 162 22316.  24.2  33.0   2.299   2.4   0.0
   1 1980 163 18841.  22.0  36.6   2.409   3.9  47.2
   1 1980 164 17417.  23.4  30.7   2.536   3.2   0.0
   1 1980 165 16789.  23.8  33.4   2.539   3.9   5.4
   1 1980 166 10090.  23.4  33.0   2.623   4.8  30.4
   1 1980 167  9839.  22.6  28.4   2.663   5.2  22.4
   1 1980 168 19050.  23.2  27.8   2.705   4.7   0.8
   1 1980 169 21688.  23.5  32.4   2.610   3.9   0.0
   1 1980 170 20390.  24.5  33.7   2.402   6.6   0.0
   1 1980 171 24870.  24.4  34.8   2.326   6.6   0.0
   1 1980 172 22106.  24.0  35.0   2.331   7.8   0.0
   1 1980 173 13775.  24.3  35.9   2.282   8.1   0.0
   1 1980 174 18464.  24.5  33.0   2.309   8.4   0.0
   1 1980 175 12812.  24.6  34.2   2.292   8.3   0.0
   1 1980 176 17375.  23.5  28.5   2.378   7.4   0.0
   1 1980 177 17501.  23.7  34.6   2.436   6.9   4.6
   1 1980 178 17250.  24.0  33.9   2.361   8.1   0.0
   1 1980 179 15072.  24.2  34.9   2.299   8.6   0.0
   1 1980 180 14361.  23.8  33.2   2.392   8.2   0.3
   1 1980 181 10802.  24.3  33.2   2.404   8.0   0.0
   1 1980 182 10006.  22.0  32.0   2.356   6.6  20.8
   1 1980 183  6238.  22.9  28.9   2.545   6.3   5.0
   1 1980 184  9588.  22.5  24.2   2.347   7.7   3.4
   1 1980 185 22148.  22.3  27.7   2.211   7.1   0.0
   1 1980 186 23320.  23.2  33.4   2.221   8.6   0.0
   1 1980 187 18464.  23.3  33.2   2.349   7.1   1.0
   1 1980 188 19008.  23.3  33.3   2.320   8.0   2.4
   1 1980 189 15156.  23.5  32.6   2.320   7.0   0.0
   1 1980 190 17710.  23.0  32.5   2.391   7.8   0.0
   1 1980 191 17961.  23.0  31.2   2.307   6.4   0.5
   1 1980 192 12016.  22.7  32.5   2.403   5.3   1.8
   1 1980 193 14612.  22.7  30.8   2.293   4.2   4.6
   1 1980 194 14277.  24.0  31.1   2.391   5.1   0.2
   1 1980 195 21981.  23.3  30.7   2.378   3.9   4.6
   1 1980 196  8960.  23.7  32.7   2.289   4.6   0.0
   1 1980 197  9002.  24.0  29.3   2.301   4.2   0.0
   1 1980 198 18715.  24.0  30.1   2.241   3.7   0.0
   1 1980 199 22944.  23.2  34.0   2.050   4.7   0.0
   1 1980 200 22274.  23.3  33.9   2.091   4.3   0.0
   1 1980 201 10844.  23.2  34.0   2.250   4.0   1.6
   1 1980 202 13481.  22.6  30.6   2.224   3.4   2.6
   1 1980 203 17166.  22.7  31.1   2.182   3.6  10.8
   1 1980 204  9630.  22.0  31.0   2.224   3.5  21.6
   1 1980 205  8625.  22.0  26.6   2.409   3.4   3.0
   1 1980 206  7201.  21.5  26.4   2.465   4.5  10.7
   1 1980 207 13565.  21.9  24.5   2.394   4.1  10.0
   1 1980 208  9295.  22.1  27.3   2.370   3.3   1.8
   1 1980 209 22106.  21.6  27.0   2.273   3.3   1.4
   1 1980 210  9337.  22.6  31.1   2.389   4.0   0.0
   1 1980 211 11388.  22.3  28.2   2.373   3.0  19.0
   1 1980 212 21143.  22.5  27.2   2.374   4.1   0.2
   1 1980 213 14444.  22.2  29.4   2.278   5.3   0.0
   1 1980 214  5108.  21.9  28.8   2.447   5.2  16.4
   1 1980 215  9043.  21.7  23.8   2.313   5.0   5.1
   1 1980 216 19092.  21.5  25.9   2.234   4.9   0.8
   1 1980 217 10174.  22.0  29.5   2.409   4.3   4.2
   1 1980 218 16915.  21.5  28.1   2.311   4.1  33.2
   1 1980 219 10425.  21.7  28.7   2.287   4.4   1.4
   1 1980 220 19008.  21.7  26.5   2.313   4.1   0.9
   1 1980 221 12267.  22.0  28.9   2.330   4.4   0.0
   1 1980 222  8415.  22.4  28.5   2.360   3.8   0.7
   1 1980 223 12937.  22.5  27.3   2.347   3.8   0.0
   1 1980 224 21981.  21.7  28.7   2.287   2.8   1.0
   1 1980 225 20222.  22.7  30.8   2.431   2.4  10.0
   1 1980 226 16035.  23.0  30.0   2.588   2.3   2.6
   1 1980 227 20515.  22.0  30.7   2.383   1.6   0.4
   1 1980 228 17878.  22.6  32.0   2.554   1.8   6.0
   1 1980 229 18715.  21.5  30.2   2.388   2.0   8.2
   1 1980 230 13733.  23.2  30.0   2.620   2.4   2.4
   1 1980 231  7787.  21.5  29.5   2.439   2.4 117.5
   1 1980 232  5610.  22.1  27.0   2.584   2.1  73.2
   1 1980 233 16161.  21.6  24.0   2.351   2.3  14.3
   1 1980 234  8374.  21.4  28.6   2.399   3.8   6.2
   1 1980 235 12602.  20.7  25.6   2.200   3.8   1.4
   1 1980 236 19678.  21.3  26.9   2.283   3.3   0.0
   1 1980 237 15994.  22.1  29.7   2.344   3.2   0.0
   1 1980 238 19469.  22.0  29.9   2.197   3.1   0.0
   1 1980 239 19594.  21.8  29.6   2.249   3.8   0.0
   1 1980 240 20097.  21.5  30.2   2.208   4.5   0.0
   1 1980 241 20390.  21.8  29.0   2.171   4.2   0.0
   1 1980 242 20390.  21.0  30.2   2.191   3.4   0.0
   1 1980 243 16831.  22.5  30.5   2.320   2.6   0.0
   1 1980 244 15659.  22.8  30.0   2.335   2.6   0.0
   1 1980 245  7829.  21.9  29.3   2.526   3.2  34.3
   1 1980 246  4229.  21.7  26.8   2.339   3.1  24.2
   1 1980 247  6783.  21.5  24.0   2.259   3.4   5.1
   1 1980 248 14026.  22.0  25.4   2.383   2.6   0.3
   1 1980 249 19301.  21.8  28.7   2.354   2.5  27.6
   1 1980 250 22441.  21.2  28.2   2.193   2.0   0.0
   1 1980 251 22944.  20.0  29.8   2.060   2.0   0.0
   1 1980 252 23320.  21.5  30.0   2.054   2.0   0.0
   1 1980 253 22902.  21.0  29.9   2.116   2.3   0.0
   1 1980 254 16663.  23.0  30.9   2.251   2.1   0.0
   1 1980 255 11932.  22.8  30.5   2.196   2.1   0.0
   1 1980 256 15282.  21.7  29.2   2.209   2.6   8.2
   1 1980 257 22567.  20.8  28.6   1.992   1.7   0.0
   1 1980 258 18799.  20.9  31.1   2.153   1.9   0.0
   1 1980 259 17082.  21.5  28.1   2.413   2.5   6.8
   1 1980 260 19134.  21.5  29.0   2.439   2.5   8.5
   1 1980 261 18254.  20.6  30.2   2.308   2.6  15.4
   1 1980 262 16161.  22.8  31.1   2.529   2.7   0.0
   1 1980 263 13188.  22.5  30.5   2.593   1.9   2.0
   1 1980 264 14403.  23.2  30.5   2.534   1.1   0.0
   1 1980 265 21353.  20.7  30.6   2.322   1.0  12.8
   1 1980 266 17124.  21.9  31.0   2.447   0.8   0.0
   1 1980 267 21227.  21.8  30.6   2.380   1.5   8.0
   1 1980 268 22692.  22.3  30.3   2.319   1.6   0.0
   1 1980 269 23907.  21.0  31.0   2.166   1.4   0.0
   1 1980 270 23865.  21.5  31.7   2.131   1.2   0.0
   1 1980 271 23027.  22.8  32.3   2.251   1.0   0.0
   1 1980 272 23237.  22.5  32.4   2.047   1.3   0.0
   1 1980 273 19929.  22.8  32.0   2.279   1.6   0.0
   1 1980 274 23488.  21.5  31.6   2.182   1.3   0.0
   1 1980 275 23320.  19.3  32.5   1.927   1.6   0.0
   1 1980 276 23111.  17.3  32.3   1.660   1.5   0.0
   1 1980 277 20808.  20.5  33.0   1.811   1.6   0.0
   1 1980 278 23907.  19.0  32.8   1.584   1.3   0.0
   1 1980 279 23404.  16.9  32.9   1.484   1.3   0.0
   1 1980 280 23572.  17.0  33.2   1.590   1.5   0.0
   1 1980 281 22944.  18.0  33.0   1.529   1.9   0.0
   1 1980 282 22692.  18.5  33.4   1.769   1.5   0.0
   1 1980 283 22944.  21.1  33.4   2.079   2.1   0.0
   1 1980 284 22232.  20.0  32.2   1.849   2.1   0.0
   1 1980 285 21269.  19.0  33.0   1.782   1.5   0.0
   1 1980 286 22483.  20.1  33.4   1.602   1.5   0.0
   1 1980 287 22986.  18.3  33.5   1.579   1.4   0.0
   1 1980 288 23027.  17.0  32.5   1.416   1.8   0.0
   1 1980 289 21353.  15.3  32.2   1.166   2.3   0.0
   1 1980 290 16873.  17.1  32.5   1.522   2.3   0.0
   1 1980 291  8541.  19.5  30.9   2.065   3.4   6.3
   1 1980 292 11514.  19.4  26.0   1.804   3.1   0.0
   1 1980 293 15952.  22.5  29.0   2.429   2.3   0.0
   1 1980 294 19176.  20.4  29.8   2.231   1.6   0.0
   1 1980 295 21688.  19.4  31.3   1.894   1.7   0.0
   1 1980 296 22106.  16.4  31.4   1.400   1.6   0.0
   1 1980 297 21813.  16.7  32.8   1.332   1.6   0.0
   1 1980 298 20432.  17.5  32.0   1.421   1.1   0.0
   1 1980 299 20892.  18.7  32.0   1.749   1.5   0.0
   1 1980 300 21018.  18.0  32.4   1.632   1.6   0.0
   1 1980 301 21436.  16.0  31.7   1.201   2.0   0.0
   1 1980 302 21143.  16.0  31.2   1.292   1.4   0.0
   1 1980 303 21688.  16.5  32.0   1.447   1.3   0.0
   1 1980 304 21520.  14.7  31.6   1.172   2.0   0.0
   1 1980 305 21227.  15.1  31.5   1.219   2.4   0.0
   1 1980 306 21018.  15.3  30.7   1.166   2.1   0.0
   1 1980 307 21060.  12.5  31.0   1.059   2.0   0.0
   1 1980 308 21101.  13.2  30.4   1.215   1.9   0.0
   1 1980 309 19929.  13.8  30.5   1.026   1.7   0.0
   1 1980 310 20055.  16.7  31.0   1.313   2.0   0.0
   1 1980 311 20055.  15.1  31.0   1.134   1.6   0.0
   1 1980 312 20055.  16.6  31.7   1.342   2.2   0.0
   1 1980 313 20934.  13.6  30.4   1.138   2.4   0.0
   1 1980 314 22274.  11.6  29.5   0.998   2.1   0.0
   1 1980 315 14570.  19.2  28.8   1.336   1.8   0.0
   1 1980 316 13398.  20.3  29.5   2.218   2.8   0.3
   1 1980 317  8415.  20.8  29.1   2.164   4.9   0.0
   1 1980 318 12435.  21.4  25.8   2.220   3.8   0.0
   1 1980 319 10593.  21.0  28.5   2.166   3.7   0.0
   1 1980 320 12686.  21.5  27.9   2.234   2.6   0.0
   1 1980 321 17585.  20.2  29.5   2.157   2.3   0.0
   1 1980 322 17040.  19.5  30.4   2.042   1.9   0.0
   1 1980 323 17166.  18.2  30.6   2.008   1.4   0.0
   1 1980 324 18548.  19.5  30.4   2.042   1.6   0.0
   1 1980 325 17375.  19.4  30.1   2.097   2.1   0.0
   1 1980 326 18589.  17.5  29.9   1.721   1.9   0.0
   1 1980 327 18757.  18.0  30.7   1.694   1.5   0.0
   1 1980 328 20641.  14.9  30.2   1.255   1.6   0.0
   1 1980 329 20013.  12.5  30.0   0.856   2.7   0.0
   1 1980 330 20390.  12.9  28.6   1.027   1.9   0.0
   1 1980 331 20222.  12.7  28.9   1.131   1.8   0.0
   1 1980 332 19971.  13.6  28.9   1.309   1.5   0.0
   1 1980 333 16161.  13.5  29.4   1.146   1.7   0.0
   1 1980 334 19552.  11.7  28.5   1.073   2.1   0.0
   1 1980 335 19469.  12.7  27.5   1.131   1.7   0.0
   1 1980 336 19092.  11.5  27.8   1.005   1.6   0.0
   1 1980 337 18882.  12.5  28.0   1.146   1.8   0.0
   1 1980 338 12895.  14.5  27.5   1.157   1.9   0.0
   1 1980 339 13523.  16.9  26.9   1.272   1.8   0.0
   1 1980 340 18589.  17.5  27.3   1.401   2.0   0.0
   1 1980 341 19845.  12.0  28.3   1.094   1.9   0.0
   1 1980 342 19385.  12.0  29.6   1.108   1.8   0.0
   1 1980 343 19050.  12.4  29.6   0.980   1.7   0.0
   1 1980 344 19217.  13.3  29.6   1.100   1.5   0.0
   1 1980 345 20097.  12.7  30.0   0.867   1.6   0.0
   1 1980 346 19845.  13.8  30.0   1.200   1.9   0.0
   1 1980 347 19929.  11.7  30.0   0.908   2.0   0.0
   1 1980 348 20264.   9.5  28.6   0.938   1.5   0.0
   1 1980 349 20390.   9.8  29.0   0.933   1.5   0.0
   1 1980 350 20557.   8.8  29.4   0.838   1.6   0.0
   1 1980 351 20264.   9.4  29.5   0.838   1.6   0.0
   1 1980 352 19929.   9.9  29.0   0.903   1.6   0.0
   1 1980 353 19845.  10.7  29.4   0.837   1.6   0.0
   1 1980 354 19469.  12.2  29.5   1.052   1.6   0.0
   1 1980 355 18338.  14.5  29.7   1.470   2.1   0.0
   1 1980 356 11974.  18.0  29.2   1.446   1.3   0.0
   1 1980 357 10090.  19.0  26.2   1.980   5.0   0.0
   1 1980 358 16161.  18.3  26.4   1.979   4.5   2.0
   1 1980 359 13147.  13.6  28.2   1.512   2.4   0.0
   1 1980 360 11221.  16.5  26.2   1.578   1.1   0.0
   1 1980 361 15701.  18.0  26.4   1.880   2.8   0.0
   1 1980 362 18296.  17.0  27.5   1.707   3.7   0.0
   1 1980 363 16161.  18.3  28.0   1.789   4.9   0.0
   1 1980 364 16957.  15.9  26.8   1.374   2.2   0.0
   1 1980 365 17626.  15.0  27.7   1.519   2.1   0.0
