*---------------------------------------------------------------------------*
* Station name: Coimbatore (Paddy Breeding Station), India
* Year: 1984
* Author: Peter Uithol                                     -99.000: NIL VALUE
* Source: IRRI/WMO Special project
* Comments: Incomplete year, no wind speed data available
* Longitude: 77 9 E, latitude: 11 2 N, altitude: 431. m
*
* Column  Daily value
* 1       station number
* 2       year
* 3       day
* 4       irradiation                   (kJ m-2 d-1)
* 5       minimum temperature           (degrees Celsius)
* 6       maximum temperature           (degrees Celsius)
* 7       early morning vapour pressure (kPa)
* 8       mean wind speed (height: 2 m) (m s-1)
* 9       precipitation                 (mm d-1)
*---------------------------------------------------------------------------*
  77.15  11.03   431. 0.00 0.00
   3 1984   1 12953.  21.0  27.5   1.917 -99.0   0.0
   3 1984   2 17201.  19.0  28.0   1.744 -99.0   0.0
   3 1984   3 15502.  18.5  28.5   1.565 -99.0   0.0
   3 1984   4 11070.  21.0  28.0   1.728 -99.0   0.0
   3 1984   5 18382.  19.5  29.0   1.686 -99.0   0.0
   3 1984   6 18569.  18.5  28.5   1.531 -99.0   0.0
   3 1984   7 16535.  18.5  28.5   1.678 -99.0   0.0
   3 1984   8 17496.  18.5  29.0   1.409 -99.0   0.0
   3 1984   9 19418.  18.0  28.5   1.518 -99.0   0.0
   3 1984  10 15282.  17.5  28.0   1.547 -99.0   0.0
   3 1984  11 18162.  17.5  28.0   1.527 -99.0   0.0
   3 1984  12  4903.  18.0  28.0   1.496 -99.0   0.0
   3 1984  13  9259.  17.5  28.5   1.531 -99.0   0.0
   3 1984  14 13064.  17.0  28.0   1.536 -99.0   0.0
   3 1984  15 12953.  16.5  28.5   1.531 -99.0   0.0
   3 1984  16  8669.  16.0  28.5   1.306 -99.0   0.0
   3 1984  17 15908.  16.5  30.0   1.740 -99.0   7.8
   3 1984  18 12841.  20.5  30.5   1.777 -99.0   0.0
   3 1984  19 18274.  21.5  30.0   1.792 -99.0   0.0
   3 1984  20 17129.  21.5  30.0   1.905 -99.0   0.0
   3 1984  21 21301.  21.0  31.0   1.830 -99.0   0.0
   3 1984  22 20081.  18.0  31.5   1.518 -99.0   0.0
   3 1984  23 21229.  17.5  30.0   1.565 -99.0   0.0
   3 1984  24 20452.  17.5  30.0   1.525 -99.0   0.0
   3 1984  25 22003.  17.0  30.0   1.549 -99.0   0.0
   3 1984  26 21413.  15.0  30.0   1.346 -99.0   0.0
   3 1984  27 19382.  15.0  28.4   1.278 -99.0   0.0
   3 1984  28 11995.  19.5  28.0   1.865 -99.0   0.0
   3 1984  29 10958.  18.5  28.0   1.644 -99.0   0.0
   3 1984  30 14026.  19.5  28.5   1.772 -99.0   0.0
   3 1984  31 19048.  18.5  28.5   1.639 -99.0   0.0
   3 1984  32 19343.  18.5  28.5   1.663 -99.0   0.0
   3 1984  33 22187.  17.0  29.5   1.484 -99.0   0.0
   3 1984  34 16870.  16.5  29.0   1.437 -99.0   0.0
   3 1984  35 12546.  16.5  30.0   1.452 -99.0   0.0
   3 1984  36 13583.  16.0  28.0   1.339 -99.0   1.8
   3 1984  37  6934.  20.0  28.5   1.720 -99.0   1.4
   3 1984  38 12622.  20.0  28.0   1.723 -99.0  12.6
   3 1984  39 14098.  20.2  27.0   1.759 -99.0   1.4
   3 1984  40 16942.  20.0  29.0   1.821 -99.0   0.0
   3 1984  41 20009.  20.8  30.0   1.852 -99.0   0.0
   3 1984  42 16610.  21.0  30.5   1.748 -99.0   0.0
   3 1984  43 16535.  21.0  30.5   1.843 -99.0   1.0
   3 1984  44  9518.  21.0  30.0   1.850 -99.0   1.4
   3 1984  45 13655.  21.0  30.0   1.805 -99.0  28.0
   3 1984  46 13878.  20.0  30.2   1.737 -99.0   0.0
   3 1984  47 13212.  20.5  30.0   1.767 -99.0   0.0
   3 1984  48 15538.  21.0  30.4   1.758 -99.0   2.4
   3 1984  49 14580.  20.5  29.5   1.859 -99.0   0.0
   3 1984  50 17129.  22.0  29.0   1.988 -99.0   0.0
   3 1984  51 18162.  21.5  30.5   1.856 -99.0   0.0
   3 1984  52 16942.  21.5  30.0   1.861 -99.0   0.0
   3 1984  53 23000.  19.0  30.6   1.672 -99.0   0.0
   3 1984  54 22558.  18.5  32.0   1.552 -99.0   0.0
   3 1984  55 23407.  18.5  31.5   1.590 -99.0   0.0
   3 1984  56 22925.  20.0  31.5   1.671 -99.0   0.0
   3 1984  57 17348.  20.0  31.5   1.627 -99.0   0.0
   3 1984  58 22410.  18.0  31.4   1.529 -99.0   0.0
   3 1984  59 22262.  16.5  30.6   1.431 -99.0   0.0
   3 1984  60 21560.  18.5  30.0   1.535 -99.0   0.0
   3 1984  61 18788.  17.0  30.0   1.447 -99.0   0.0
   3 1984  62 16722.  17.0  30.5   1.389 -99.0   7.0
   3 1984  63  8928.  16.0  30.0   1.237 -99.0   1.8
   3 1984  64  5789.  18.5  27.0   1.710 -99.0  31.8
   3 1984  65 12067.  22.0  28.0   2.240 -99.0  67.4
   3 1984  66  7452.  22.0  27.0   2.216 -99.0   9.8
   3 1984  67 12769.  21.0  29.0   2.049 -99.0   0.0
   3 1984  68 22964.  20.5  31.0   1.910 -99.0   0.0
   3 1984  69 24293.  19.0  31.0   1.645 -99.0   0.0
   3 1984  70 21928.  19.0  32.0   1.720 -99.0   0.0
   3 1984  71 22594.  20.0  32.0   1.809 -99.0   0.0
   3 1984  72 23000.  20.0  32.5   1.800 -99.0   2.6
   3 1984  73 23076.  20.0  33.0   1.660 -99.0   0.0
   3 1984  74 23922.  21.0  33.0   1.885 -99.0   0.0
   3 1984  75 24181.  19.0  33.0   1.645 -99.0   0.0
   3 1984  76 23036.  18.0  32.5   1.463 -99.0   0.0
   3 1984  77 24736.  17.0  33.0   1.356 -99.0   0.0
   3 1984  78 23519.  16.5  33.5   1.396 -99.0   0.0
   3 1984  79 24329.  17.0  33.5   1.421 -99.0   0.0
   3 1984  80 25254.  16.0  33.5   1.325 -99.0   0.0
   3 1984  81 24624.  15.5  33.5   1.248 -99.0   0.0
   3 1984  82 23814.  15.5  33.0   1.251 -99.0   0.0
   3 1984  83 23738.  16.0  33.0   1.306 -99.0   0.0
   3 1984  84 24221.  17.0  33.0   1.412 -99.0   0.0
   3 1984  85 24109.  17.0  33.5   1.453 -99.0   0.0
   3 1984  86 25070.  19.5  33.5   1.625 -99.0   0.0
   3 1984  87 21301.  18.0  32.5   1.525 -99.0   0.0
   3 1984  88 23555.  18.0  34.0   1.458 -99.0   0.0
   3 1984  89 22669.  18.0  34.0   1.477 -99.0   0.0
   3 1984  90 21967.  22.0  34.0   1.967 -99.0   0.0
   3 1984  91 18457.  23.0  34.0   2.006 -99.0   0.0
   3 1984  92 22925.  23.5  35.0   2.093 -99.0   0.0
   3 1984  93 17017.  22.5  35.0   2.006 -99.0   8.6
   3 1984  94 14245.  21.5  32.0   1.987 -99.0   3.2
   3 1984  95 17424.  22.0  32.0   2.073 -99.0   0.0
   3 1984  96 21377.  21.5  33.0   1.967 -99.0   6.4
   3 1984  97 24221.  20.5  32.0   1.678 -99.0   0.0
   3 1984  98 26215.  21.0  34.5   1.987 -99.0   0.0
   3 1984  99 25178.  21.5  34.0   2.005 -99.0   0.0
   3 1984 100 13990.  23.5  34.5   2.096 -99.0  16.2
   3 1984 101 23922.  21.0  34.5   1.805 -99.0   0.0
   3 1984 102 18050.  23.0  34.5   2.068 -99.0   0.0
   3 1984 103 20930.  23.0  34.0   2.085 -99.0   0.0
   3 1984 104 20783.  22.0  34.0   1.874 -99.0   0.0
   3 1984 105 22889.  21.5  34.0   1.838 -99.0   0.0
   3 1984 106 21560.  21.5  34.5   1.867 -99.0   3.8
   3 1984 107 21672.  21.0  34.5   1.877 -99.0   0.0
   3 1984 108 23076.  21.0  34.5   1.907 -99.0   0.0
   3 1984 109 22853.  22.0  34.5   1.824 -99.0   0.0
   3 1984 110 23591.  22.0  34.5   1.922 -99.0   0.0
   3 1984 111 24772.  21.0  34.5   1.820 -99.0   0.0
   3 1984 112 22522.  21.0  34.5   1.818 -99.0   0.0
   3 1984 113 19343.  20.0  34.0   1.702 -99.0   0.0
   3 1984 114 18828.  20.0  34.0   1.702 -99.0   9.6
   3 1984 115 18716.  22.0  33.5   2.009 -99.0   2.4
   3 1984 116 20599.  22.5  34.5   2.115 -99.0   2.2
   3 1984 117 25106.  22.5  34.0   1.916 -99.0   0.0
   3 1984 118 22741.  22.0  34.0   1.866 -99.0   0.0
   3 1984 119 21596.  22.5  34.5   1.919 -99.0   0.0
   3 1984 120 24736.  23.0  34.5   1.941 -99.0   0.0
   3 1984 121 20639.  23.5  34.5   1.989 -99.0   0.0
   3 1984 122 20711.  23.5  36.5   2.056 -99.0   2.2
   3 1984 123 21118.  22.5  35.0   1.921 -99.0   0.0
   3 1984 124 23814.  22.5  35.5   1.812 -99.0   0.0
   3 1984 125 23926.  22.0  35.5   1.742 -99.0   0.0
   3 1984 126 23738.  21.5  36.5   1.594 -99.0   0.0
   3 1984 127 22964.  23.0  35.5   1.758 -99.0   0.0
   3 1984 128 20894.  22.5  35.5   1.692 -99.0   0.0
   3 1984 129 23591.  23.0  36.0   1.719 -99.0   0.0
   3 1984 130 22039.  22.0  36.5   1.668 -99.0   0.0
   3 1984 131 22558.  23.0  36.8   1.851 -99.0   0.0
   3 1984 132 23184.  23.0  36.5   1.803 -99.0   0.0
   3 1984 133 21560.  23.0  34.8   1.643 -99.0   2.4
   3 1984 134 22262.  22.0  35.5   1.636 -99.0   0.0
   3 1984 135 23112.  21.5  35.4   1.653 -99.0   0.0
   3 1984 136 23443.  21.0  35.0   1.638 -99.0   0.0
   3 1984 137 22039.  23.5  35.5   1.862 -99.0   6.2
   3 1984 138 19012.  24.0  35.6   1.781 -99.0   0.0
   3 1984 139 22226.  22.5  35.0   1.708 -99.0  17.8
   3 1984 140 22446.  23.0  34.8   1.691 -99.0   0.0
   3 1984 141 23260.  22.5  35.0   1.627 -99.0   0.0
   3 1984 142 23148.  22.5  34.0   1.564 -99.0   0.0
   3 1984 143 23555.  22.5  35.0   1.689 -99.0   0.0
   3 1984 144 22964.  22.0  34.5   1.477 -99.0   0.0
   3 1984 145 22928.  24.0  34.5   1.673 -99.0   0.0
   3 1984 146 24145.  23.0  35.5   1.713 -99.0   0.0
   3 1984 147 20009.  23.5  35.0   1.795 -99.0   0.0
   3 1984 148 19678.  23.0  35.4   1.663 -99.0   0.0
   3 1984 149 21413.  25.0  34.8   1.720 -99.0   0.0
   3 1984 150 23778.  24.5  34.5   1.654 -99.0   0.0
   3 1984 151 21042.  25.0  34.6   1.666 -99.0   0.0
   3 1984 152 15908.  24.0  33.0   1.802 -99.0   0.0
   3 1984 153 17460.  23.0  30.8   1.882 -99.0   0.0
   3 1984 154 14062.  23.5  30.2   2.004 -99.0   3.0
   3 1984 155 14652.  21.5  29.8   1.564 -99.0   0.0
   3 1984 156 22594.  22.5  31.5   1.583 -99.0   0.0
   3 1984 157 22558.  23.0  33.6   1.637 -99.0   0.0
   3 1984 158 18792.  23.5  33.5   1.638 -99.0   0.0
   3 1984 159 15098.  23.0  32.5   1.612 -99.0   0.0
   3 1984 160 18274.  23.5  33.4   1.641 -99.0   0.0
   3 1984 161 16798.  23.5  34.5   1.748 -99.0   0.0
   3 1984 162 16870.  25.0  33.6   1.862 -99.0   0.0
   3 1984 163 15649.  23.5  32.5   1.743 -99.0   0.0
   3 1984 164 15098.  23.5  30.8   1.859 -99.0   0.0
   3 1984 165 17424.  23.0  32.5   1.806 -99.0   3.6
   3 1984 166 17572.  23.5  29.0   1.940 -99.0  10.2
   3 1984 167 12622.  21.5  28.0   1.890 -99.0  24.4
   3 1984 168 14728.  21.0  30.0   1.743 -99.0   9.6
   3 1984 169  8597.  21.0  27.8   1.783 -99.0   6.2
   3 1984 170 12143.  21.0  28.5   1.648 -99.0   7.2
   3 1984 171 19490.  21.0  29.5   1.623 -99.0   0.0
   3 1984 172 22558.  21.5  30.5   1.548 -99.0   0.0
   3 1984 173 14285.  22.5  29.6   1.812 -99.0   0.0
   3 1984 174 14692.  21.5  29.5   1.851 -99.0   0.0
   3 1984 175 23260.  21.5  29.5   1.836 -99.0   0.0
   3 1984 176 20894.  20.5  30.4   1.613 -99.0   0.0
   3 1984 177 17312.  20.5  30.8   1.603 -99.0   0.0
   3 1984 178 19159.  20.5  30.0   1.601 -99.0   0.0
   3 1984 179 18828.  22.5  29.0   1.899 -99.0   0.0
   3 1984 180 21967.  22.0  29.6   1.678 -99.0   5.2
   3 1984 181 14616.  21.5  30.6   1.656 -99.0   0.0
   3 1984 182 13547.  21.5  29.5   1.679 -99.0   1.8
   3 1984 183 21708.  21.0  28.6   1.643 -99.0   0.0
   3 1984 184 15430.  20.5  29.0   1.564 -99.0   0.0
   3 1984 185 15649.  22.5  30.0   1.725 -99.0   0.0
   3 1984 186 21892.  24.0  30.0   1.993 -99.0   0.0
   3 1984 187 22298.  24.0  30.4   1.924 -99.0   0.0
   3 1984 188 22781.  21.0  31.0   1.606 -99.0   0.0
   3 1984 189 21636.  21.0  31.0   1.633 -99.0   0.0
   3 1984 190 24221.  22.0  30.8   1.898 -99.0   0.0
   3 1984 191 19861.  21.5  31.0   1.923 -99.0   0.0
   3 1984 192 18792.  21.5  31.0   2.270 -99.0  12.6
   3 1984 193 13583.  21.5  28.8   2.324 -99.0   0.0
   3 1984 194 16279.  21.5  28.5   2.105 -99.0   4.0
   3 1984 195 17388.  22.0  28.8   2.081 -99.0   0.0
   3 1984 196 12550.  23.0  28.0   2.116 -99.0   0.0
   3 1984 197 13950.  22.5  28.0   1.954 -99.0   6.4
   3 1984 198 20822.  23.0  26.0   2.197 -99.0   0.0
   3 1984 199 13140.  23.0  27.0   2.121 -99.0   0.0
   3 1984 200 12103.  22.5  26.0   2.200 -99.0   0.0
   3 1984 201 15613.  20.5  28.0   1.927 -99.0   0.0
   3 1984 202 12474.  21.0  29.0   1.920 -99.0   0.0
   3 1984 203 18569.  20.5  28.5   2.006 -99.0   0.0
   3 1984 204 20970.  21.5  29.0   1.987 -99.0   0.0
   3 1984 205 15948.  21.0  29.0   1.922 -99.0   0.0
   3 1984 206 18090.  22.5  30.5   2.161 -99.0   0.0
   3 1984 207 17942.  21.5  30.5   1.913 -99.0   0.0
   3 1984 208 23630.  23.0  31.0   1.831 -99.0   0.0
   3 1984 209 22964.  23.5  30.6   1.928 -99.0   0.0
   3 1984 210 20120.  23.0  30.0   1.868 -99.0   0.0
   3 1984 211 19530.  21.5  29.6   1.702 -99.0   0.0
   3 1984 212  9558.  24.0  28.8   1.990 -99.0   0.0
   3 1984 213 12510.  23.0  27.0   1.958 -99.0   0.0
   3 1984 214 19642.  22.5  28.8   1.809 -99.0   0.0
   3 1984 215 22486.  22.0  29.0   1.652 -99.0   0.0
   3 1984 216 18792.  20.0  29.5   1.596 -99.0   0.0
   3 1984 217 25106.  20.5  29.0   1.581 -99.0   0.0
   3 1984 218 23296.  20.5  30.0   1.668 -99.0   0.0
   3 1984 219 18421.  23.0  29.0   1.831 -99.0   0.0
   3 1984 220 13619.  22.5  29.0   1.779 -99.0   0.0
   3 1984 221 23184.  22.0  29.6   1.864 -99.0   0.0
   3 1984 222 20894.  21.5  30.0   1.605 -99.0   0.0
   3 1984 223 23630.  22.5  30.0   1.793 -99.0   0.0
   3 1984 224 16499.  19.5  30.5   1.616 -99.0   0.0
   3 1984 225 26842.  20.5  31.5   1.618 -99.0   0.0
   3 1984 226 21118.  21.5  31.0   1.679 -99.0   0.0
   3 1984 227 22079.  20.5  30.5   1.603 -99.0   0.0
   3 1984 228 21596.  21.0  30.6   1.569 -99.0   0.0
   3 1984 229 22039.  23.0  30.5   1.862 -99.0   0.0
   3 1984 230 20599.  22.5  30.0   1.861 -99.0   0.0
   3 1984 231 15613.  21.5  29.5   1.766 -99.0   0.0
   3 1984 232 19678.  22.0  28.5   1.861 -99.0   0.0
   3 1984 233 11920.  22.5  28.5   2.066 -99.0   2.6
   3 1984 234 21301.  22.0  31.0   1.808 -99.0   0.0
   3 1984 235 24034.  21.0  31.0   1.735 -99.0   0.0
   3 1984 236 21301.  21.0  31.0   1.703 -99.0   0.0
   3 1984 237 17795.  22.0  31.0   1.797 -99.0   0.0
   3 1984 238 18346.  21.5  31.0   1.669 -99.0   0.0
   3 1984 239 21377.  21.0  30.0   1.835 -99.0   0.0
   3 1984 240 25254.  19.5  31.0   1.613 -99.0   0.0
   3 1984 241 22003.  20.0  30.5   1.594 -99.0   0.0
   3 1984 242 15613.  20.0  30.0   1.664 -99.0   0.0
   3 1984 243 24628.  20.5  29.0   1.683 -99.0   0.0
   3 1984 244 21337.  22.0  28.8   1.713 -99.0   0.0
   3 1984 245 24480.  22.5  29.4   1.758 -99.0   0.0
   3 1984 246 19382.  22.0  30.5   1.747 -99.0   0.0
   3 1984 247 20675.  20.0  30.5   1.624 -99.0   0.0
   3 1984 248 24257.  20.0  30.0   1.681 -99.0   0.0
   3 1984 249 23591.  20.0  30.0   1.550 -99.0   0.0
   3 1984 250 20970.  20.5  31.0   1.685 -99.0   0.0
   3 1984 251 19271.  20.5  30.5   1.668 -99.0   0.0
   3 1984 252 24923.  20.0  31.0   1.615 -99.0   0.0
   3 1984 253 20747.  20.5  31.0   1.782 -99.0   0.0
   3 1984 254 27065.  20.0  30.5   1.676 -99.0   0.0
   3 1984 255 17719.  21.0  30.5   1.723 -99.0   0.0
   3 1984 256 22928.  20.0  31.0   1.568 -99.0   0.0
   3 1984 257 23112.  17.0  31.0   1.309 -99.0   0.0
   3 1984 258 22522.  19.5  32.0   1.491 -99.0   0.0
   3 1984 259 23000.  21.0  31.5   1.696 -99.0   0.0
   3 1984 260 18090.  22.5  31.5   1.908 -99.0   0.0
   3 1984 261 20380.  22.0  31.5   1.895 -99.0  21.4
   3 1984 262 19087.  21.0  31.5   1.708 -99.0   0.0
   3 1984 263 11588.  22.0  30.5   1.755 -99.0   0.0
   3 1984 264 24700.  22.5  31.5   1.927 -99.0   4.4
   3 1984 265 19937.  22.0  32.5   1.999 -99.0   0.0
   3 1984 266 22410.  23.0  32.0   2.048 -99.0   9.0
   3 1984 267 22446.  21.5  32.5   1.946 -99.0  17.0
   3 1984 268 19087.  21.0  31.0   1.952 -99.0   0.0
   3 1984 269 20639.  20.5  31.0   1.828 -99.0   0.0
   3 1984 270 17201.  22.0  31.5   2.038 -99.0   3.8
   3 1984 271  9961.  22.0  29.5   1.925 -99.0  36.8
   3 1984 272 11700.  19.5  28.8   1.834 -99.0   2.8
   3 1984 273  9259.  22.0  28.4   2.054 -99.0  16.2
   3 1984 274 10001.  22.0  29.0   2.107 -99.0   0.0
   3 1984 275 23148.  22.0  29.5   2.083 -99.0  36.8
   3 1984 276 10922.  22.0  28.4   2.028 -99.0 104.4
   3 1984 277 12254.  22.0  29.4   2.017 -99.0   5.8
   3 1984 278 22338.  21.5  29.0   1.846 -99.0   0.0
   3 1984 279 17755.  22.5  28.2   1.946 -99.0   0.0
   3 1984 280 10480.  22.5  28.6   1.946 -99.0  25.2
   3 1984 281 22633.  21.0  28.5   1.852 -99.0   0.0
   3 1984 282 22262.  20.0  29.0   1.849 -99.0   0.0
   3 1984 283 24368.  19.0  29.0   1.669 -99.0   0.0
   3 1984 284 20786.  21.5  29.5   1.751 -99.0   0.0
   3 1984 285 22705.  21.5  29.0   1.766 -99.0   0.0
   3 1984 286 18198.  21.0  31.0   1.770 -99.0   0.0
   3 1984 287 19530.  20.0  28.5   1.795 -99.0   0.0
   3 1984 288 23443.  18.0  28.5   1.661 -99.0   0.0
   3 1984 289 22410.  18.5  28.0   1.744 -99.0   0.0
   3 1984 290 25218.  16.4  30.0   1.407 -99.0   0.0
   3 1984 291 24257.  14.5  29.5   1.160 -99.0   0.0
   3 1984 292 21708.  13.5  30.0   1.078 -99.0   0.0
   3 1984 293 24847.  13.5  32.0   1.143 -99.0   0.0
   3 1984 294 21931.  15.0  31.5   1.282 -99.0   0.0
   3 1984 295 25402.  19.5  31.5   1.613 -99.0   0.0
   3 1984 296 18346.  19.5  31.5   1.552 -99.0   0.0
   3 1984 297 18792.  19.5  31.0   1.636 -99.0  20.6
   3 1984 298 13619.  21.0  31.0   1.847 -99.0   3.6
   3 1984 299 15725.  20.5  31.0   1.866 -99.0  42.6
   3 1984 300 14764.  21.0  31.0   1.818 -99.0  11.6
   3 1984 301 15206.  21.0  30.5   1.947 -99.0   2.0
   3 1984 302 19973.  21.0  30.0   1.922 -99.0   0.0
   3 1984 303 19937.  18.5  30.5   1.575 -99.0   0.0
   3 1984 304 17496.  18.5  30.0   1.565 -99.0   0.0
   3 1984 305 15502.  21.0  30.0   1.865 -99.0   0.0
   3 1984 306 16574.  20.5  30.5   1.758 -99.0   0.0
   3 1984 307 26287.  20.0  30.0   1.742 -99.0  10.8
   3 1984 308 18385.  21.0  30.4   1.847 -99.0  13.6
   3 1984 309 16686.  22.0  30.0   1.991 -99.0   4.2
   3 1984 310 20894.  20.5  29.6   1.796 -99.0   0.0
   3 1984 311 20711.  20.0  29.5   1.777 -99.0   0.0
   3 1984 312 18050.  19.5  30.0   1.736 -99.0   0.0
   3 1984 313 17644.  20.5  30.0   1.888 -99.0   0.0
   3 1984 314 17240.  20.0  30.0   1.683 -99.0   0.0
   3 1984 315 15689.  19.5  31.0   1.657 -99.0   0.0
   3 1984 316 20639.  16.0  32.5   1.383 -99.0   0.0
   3 1984 317 17460.  20.5  32.4   1.668 -99.0   0.0
   3 1984 318 20268.  20.5  31.0   1.813 -99.0   0.0
   3 1984 319 14396.  20.0  30.5   1.671 -99.0   0.0
   3 1984 320 12031.  20.0  30.6   1.847 -99.0   1.5
   3 1984 321  9076.  21.5  31.5   1.977 -99.0   0.0
   3 1984 322 17683.  20.5  31.5   1.835 -99.0   0.0
   3 1984 323 17093.  20.0  30.6   1.632 -99.0   0.0
   3 1984 324 16243.  19.0  29.5   1.667 -99.0   0.0
   3 1984 325 11257.  21.0  29.5   1.798 -99.0   0.0
   3 1984 326 18090.  20.5  29.0   1.994 -99.0   0.0
   3 1984 327 11293.  21.0  29.5   2.022 -99.0   0.0
   3 1984 328 14249.  20.0  30.0   2.046 -99.0   0.0
   3 1984 329 13507.  20.0  30.6   1.643 -99.0   0.0
   3 1984 330 14357.  19.5  29.0   1.729 -99.0   0.0
   3 1984 331 18792.  19.0  30.0   1.751 -99.0   0.0
   3 1984 332 15836.  19.5  29.5   1.609 -99.0   0.0
   3 1984 333 18198.  17.5  30.0   1.461 -99.0   0.0
   3 1984 334 16204.  18.0  30.0   1.405 -99.0   0.0
   3 1984 335  4421.  16.5  26.4   1.366 -99.0  33.6
   3 1984 336  3830.  16.0  28.0   1.343 -99.0   0.0
   3 1984 337 13140.  19.0  27.0   1.608 -99.0   0.0
   3 1984 338 13914.  19.0  28.6   1.700 -99.0   0.0
   3 1984 339 14800.  21.0  29.0   2.169 -99.0   0.0
   3 1984 340 17903.  20.0  28.6   1.912 -99.0   0.0
   3 1984 341 21488.  20.0  28.5   1.821 -99.0   0.0
   3 1984 342 17536.  15.0  29.0   1.331 -99.0   0.0
   3 1984 343 19937.  16.5  29.0   1.381 -99.0   0.0
   3 1984 344 19012.  16.0  29.5   1.288 -99.0   0.0
   3 1984 345 18569.  16.5  29.0   1.366 -99.0   0.0
   3 1984 346 20894.  13.5  29.0   1.167 -99.0   0.0
   3 1984 347 20527.  13.5  28.5   1.217 -99.0   0.0
   3 1984 348 20491.  13.0  29.5   1.124 -99.0   0.0
   3 1984 349 20822.  13.0  29.0   1.142 -99.0   0.0
   3 1984 350 17608.  12.5  28.4   1.104 -99.0   0.0
   3 1984 351 21337.  15.0  28.5   1.304 -99.0   0.0
   3 1984 352 18828.  13.5  28.0   1.259 -99.0   0.0
   3 1984 353 19123.  14.0  29.0   1.276 -99.0   0.0
   3 1984 354 20232.  13.0  29.0   1.113 -99.0   0.0
   3 1984 355 22115.  13.5  29.0   1.211 -99.0   0.0
   3 1984 356 11624.  14.0  29.0   1.211 -99.0   0.0
   3 1984 357 21449.  14.0  28.5   1.132 -99.0   0.0
   3 1984 358 19235.  14.5  29.5   1.223 -99.0   0.0
   3 1984 359 20192.  15.0  30.5   1.278 -99.0   0.0
   3 1984 360 17867.  16.0  32.0   1.405 -99.0   0.0
   3 1984 361 17424.  17.0  32.0   1.394 -99.0   0.0
   3 1984 362 19418.  19.0  32.0   1.522 -99.0   0.0
   3 1984 363 15649.  20.0  31.6   1.676 -99.0   0.0
   3 1984 364 17424.  20.5  31.0   1.717 -99.0   0.0
   3 1984 365 15649.  20.5  30.0   1.647 -99.0   0.0
