*---------------------------------------------------------------------------*
* Station name: Patancheru ICRISAT, India
* Year: 1983
* Author: Peter Uithol                                     -99.000: NIL VALUE
* Source: ICRISAT tape FSAGRO
* Comments:
* Longitude: 78 28 E, latitude: 17 27 N, alt.: Hyderabad airport!: 21. m
*
* Column  Daily value
* 1       station number
* 2       year
* 3       day
* 4       irradiation                   (kJ m-2 d-1)
* 5       minimum temperature           (degrees Celsius)
* 6       maximum temperature           (degrees Celsius)
* 7       early morning vapour pressure (kPa)
* 8       mean wind speed (height: 2 m) (m s-1)
* 9       precipitation                 (mm d-1)
*---------------------------------------------------------------------------*
  78.47  17.45    21. 0.00 0.00
   1 1983   1 18380.  12.7  28.7   1.249   0.9   0.0
   1 1983   2 18380.  11.6  29.5   1.244   1.2   0.0
   1 1983   3 18129.  11.0  28.0   1.129   1.3   0.0
   1 1983   4 18548.   9.7  27.7   1.083   1.5   0.0
   1 1983   5 18924.  10.0  27.0   0.860   1.4   0.0
   1 1983   6 18589.   9.5  26.5   0.974   1.5   0.0
   1 1983   7 18464.   9.0  27.0   0.930   1.1   0.0
   1 1983   8 18757.   9.2  30.0   0.896   1.0   0.0
   1 1983   9 18631.  10.6  30.2   0.985   1.1   0.0
   1 1983  10 18171.  11.2  29.9   1.304   1.2   0.0
   1 1983  11 17626.  12.5  30.5   1.305   0.7   0.0
   1 1983  12 17543.  13.2  28.8   1.199   1.5   0.0
   1 1983  13 17752.  16.0  29.5   1.456   2.2   0.0
   1 1983  14 17375.  13.5  29.8   1.440   2.0   0.0
   1 1983  15 18254.  14.8  28.0   1.567   2.3   0.0
   1 1983  16 19050.  12.8  28.5   1.390   2.6   0.0
   1 1983  17 16580.  12.5  27.0   1.349   2.1   0.0
   1 1983  18 17961.  13.4  27.8   1.369   2.3   0.0
   1 1983  19 18589.  13.9  28.4   1.414   1.6   0.0
   1 1983  20 18506.  15.0  29.8   1.468   1.3   0.0
   1 1983  21 18422.  14.4  30.2   1.477   1.3   0.0
   1 1983  22 18631.  15.0  28.8   1.468   2.1   0.0
   1 1983  23 18380.  16.5  27.8   1.522   2.6   0.0
   1 1983  24 17961.  16.5  28.0   1.653   2.6   0.0
   1 1983  25 19385.  14.5  28.5   1.421   2.0   0.0
   1 1983  26 19678.  14.5  29.0   1.487   2.1   0.0
   1 1983  27 19636.  13.7  28.2   1.443   4.0   0.0
   1 1983  28 20473.  17.4  29.5   1.750   4.5   0.0
   1 1983  29 20306.  15.5  29.5   1.375   2.4   0.0
   1 1983  30 20767.  12.2  29.2   1.180   1.3   0.0
   1 1983  31 21060.  12.3  31.0   1.073   1.1   0.0
   1 1983  32 19971.  12.5  32.4   1.146   1.4   0.0
   1 1983  33 20013.  13.5  29.2   1.099   1.0   0.0
   1 1983  34 21060.  12.3  29.3   1.073   1.8   0.0
   1 1983  35 20348.  13.2  28.6   1.078   1.5   0.0
   1 1983  36 20013.  15.1  28.4   0.996   1.7   0.0
   1 1983  37 18715.  21.6  27.8   2.222   3.8   0.0
   1 1983  38 17501.  18.4  32.0   1.970   3.2   0.0
   1 1983  39 21185.  18.3  33.0   1.937   3.6   0.0
   1 1983  40 20097.  18.5  31.0   1.897   3.0   0.0
   1 1983  41 21143.  20.4  31.8   2.279   3.1   0.0
   1 1983  42 17501.  19.4  30.1   2.097   3.9   0.0
   1 1983  43 21688.  18.6  31.3   1.974   3.3   0.0
   1 1983  44 21311.  19.5  32.2   1.861   3.2   0.0
   1 1983  45 17878.  19.7  33.0   1.976   3.2   0.0
   1 1983  46 21353.  19.5  33.0   1.997   3.1   0.0
   1 1983  47 21855.  18.8  33.0   1.521   2.8   0.0
   1 1983  48 19929.  18.5  34.2   1.705   1.7   0.0
   1 1983  49 21436.  17.4  35.2   1.253   2.1   0.0
   1 1983  50 21729.  16.6  33.2   1.437   1.2   0.0
   1 1983  51 20264.  18.2  35.5   1.172   1.6   0.0
   1 1983  52 21729.  14.5  33.5   0.958   2.3   0.0
   1 1983  53 22692.  13.2  32.5   0.926   1.6   0.0
   1 1983  54 22316.  15.0  34.0   1.007   1.6   0.0
   1 1983  55 21981.  19.0  34.0   2.046   1.7   0.0
   1 1983  56 22734.  16.5  36.0   1.052   2.6   0.0
   1 1983  57 22106.  15.0  33.0   0.836   1.7   0.0
   1 1983  58 22651.  14.5  32.9   0.925   1.6   0.0
   1 1983  59 21562.  17.5  34.3   1.501   1.4   0.0
   1 1983  60 21939.  19.3  35.5   1.143   2.6   0.0
   1 1983  61 21939.  19.0  36.0   0.902   2.1   0.0
   1 1983  62 22023.  18.4  35.5   0.911   2.2   0.0
   1 1983  63 22148.  18.5  33.4   1.833   1.9   0.0
   1 1983  64 22023.  20.0  36.4   1.498   2.5   0.0
   1 1983  65 15533.  20.1  35.3   1.719   3.5   0.0
   1 1983  66 12225.  20.5  36.5   2.245   3.3   0.0
   1 1983  67 20892.  21.0  35.2   1.992   2.7   0.0
   1 1983  68 21520.  20.6  34.5   1.822   2.5   0.0
   1 1983  69 22023.  21.0  35.5   1.544   2.9   0.0
   1 1983  70 22106.  20.6  36.4   1.506   2.2   0.0
   1 1983  71 21646.  24.0  37.5   1.644   1.6   0.0
   1 1983  72 21269.  21.0  38.2   1.270   1.5   0.0
   1 1983  73 20976.  20.3  38.0   0.954   1.4   0.0
   1 1983  74 21520.  21.0  39.6   0.971   1.7   0.0
   1 1983  75 22902.  20.0  37.5   1.077   2.9   0.0
   1 1983  76 23488.  17.0  37.0   0.989   1.6   0.0
   1 1983  77 23237.  20.5  37.0   2.245   1.6   0.0
   1 1983  78 22023.  23.2  37.8   2.193   1.8   0.0
   1 1983  79 14654.  20.4  36.5   2.183   3.2  12.5
   1 1983  80 25163.  18.0  37.8   0.992   2.1   0.0
   1 1983  81 27465.  14.7  33.0   1.004   2.5   0.0
   1 1983  82 27298.  15.0  35.5   0.887   1.6   0.0
   1 1983  83 27298.  16.5  35.7   0.845   1.5   0.0
   1 1983  84 24911.  18.5  35.4   1.578   1.8   0.0
   1 1983  85 24911.  23.2  36.2   2.164   3.7   0.0
   1 1983  86 23530.  20.5  37.6   1.618   2.1   0.0
   1 1983  87 24283.  22.0  37.5   1.138   1.8   0.0
   1 1983  88 26000.  21.5  38.0   0.976   3.2   0.0
   1 1983  89 25539.  20.0  36.7   0.960   2.1   0.0
   1 1983  90 26251.  21.7  37.4   1.975   2.4   0.0
   1 1983  91 26209.  21.5  38.0   1.386   3.8   0.0
   1 1983  92 22860.  21.5  37.5   1.001   4.7   0.0
   1 1983  93 24074.  20.7  38.0   1.295   1.2   0.0
   1 1983  94 24451.  21.6  38.0   1.111   2.3   0.0
   1 1983  95 24786.  20.5  38.7   1.207   2.3   0.0
   1 1983  96 27005.  21.0  39.0   0.996   1.9   0.0
   1 1983  97 24158.  21.5  38.5   1.078   1.9   0.0
   1 1983  98 22441.  24.0  39.0   1.823   1.7   0.0
   1 1983  99 24953.  23.6  39.0   1.838   2.3   0.0
   1 1983 100 25749.  23.0  37.8   1.153   2.4   0.0
   1 1983 101 25749.  19.5  37.0   1.157   2.4   0.0
   1 1983 102 22734.  23.2  38.8   2.250   2.3   0.0
   1 1983 103 26921.  22.4  38.6   2.197   1.6   0.0
   1 1983 104 25958.  22.5  39.0   0.955   2.2   0.0
   1 1983 105 25079.  14.9  38.0   0.576   1.6   0.0
   1 1983 106 23404.  22.5  40.2   1.146   3.3   0.0
   1 1983 107 25330.  26.6  37.6   1.256   2.6   0.0
   1 1983 108 20557.  22.8  37.6   1.862   2.3   0.0
   1 1983 109 22902.  23.5  36.2   2.088   3.1   0.0
   1 1983 110 23697.  24.8  36.0   1.693   2.8   0.0
   1 1983 111 24158.  24.7  38.3   1.652   4.1   0.0
   1 1983 112 19845.  24.0  38.5   1.733   4.2   0.0
   1 1983 113 22274.  27.0  37.4   2.536   3.8   0.0
   1 1983 114 24911.  23.1  38.0   2.151   2.3   0.0
   1 1983 115 28135.  25.0  40.0   2.570   2.2   0.0
   1 1983 116 22190.  25.0  39.5   2.189   2.3   0.0
   1 1983 117 23781.  25.5  39.0   2.353   3.3   0.0
   1 1983 118 22567.  24.5  39.5   1.940   3.3   0.0
   1 1983 119 24493.  21.4  41.0   1.684   3.6   0.0
   1 1983 120 24911.  29.5  41.6   2.272   4.3   0.0
   1 1983 121 26335.  27.5  41.2   1.508   3.4   0.0
   1 1983 122 26544.  23.5  40.5   0.841   3.6   0.0
   1 1983 123 26544.  20.5  41.0   0.652   2.8   0.0
   1 1983 124 25414.  26.0  40.2   1.549   2.3   0.0
   1 1983 125 24535.  25.6  41.3   2.104   2.8   0.0
   1 1983 126 19636.  26.2  40.2   2.215   3.6   0.0
   1 1983 127 17250.  27.0  41.0   2.072   3.3   0.0
   1 1983 128 13775.  25.9  37.5   2.176   3.8   0.0
   1 1983 129 24660.  21.5  38.0   1.926   3.6   9.8
   1 1983 130 24828.  22.8  36.7   2.279   3.3   4.2
   1 1983 131 22232.  24.5  36.0   1.848   3.4   0.0
   1 1983 132 21185.  27.3  38.0   2.036   2.8   0.0
   1 1983 133 20808.  24.0  39.2   2.331   2.1   3.4
   1 1983 134 20599.  22.9  38.9   2.153   3.9   2.9
   1 1983 135 17585.  25.8  38.2   2.096   2.1   3.0
   1 1983 136 18799.  21.3  38.0   2.409   3.7  15.6
   1 1983 137 18087.  24.5  35.0   2.463   1.2   0.0
   1 1983 138 23404.  25.0  35.0   2.792   2.7   4.0
   1 1983 139 15826.  27.0  37.0   2.429   2.6   0.0
   1 1983 140  9546.  22.5  36.8   1.883   4.5   3.2
   1 1983 141 23488.  24.5  33.9   2.248   3.4   0.0
   1 1983 142 24493.  24.5  38.3   1.324   3.4   0.0
   1 1983 143 25121.  26.4  40.0   1.862   3.3   1.2
   1 1983 144 25372.  28.5  41.2   2.300   3.8   0.0
   1 1983 145 25456.  27.0  42.0   1.393   3.8   0.0
   1 1983 146 25121.  25.7  42.0   1.522   3.2   0.0
   1 1983 147 24577.  28.0  41.2   2.159   4.1   0.0
   1 1983 148 24870.  27.0  41.1   1.393   3.6   0.0
   1 1983 149 25079.  27.0  41.2   1.036   3.4   0.0
   1 1983 150 26796.  24.6  40.9   0.929   3.7   0.0
   1 1983 151 24870.  25.3  41.2   1.292   4.0   0.0
   1 1983 152 22483.  28.5  41.9   1.599   4.7   0.0
   1 1983 153 23111.  28.1  41.5   2.019   5.1   0.0
   1 1983 154 25163.  26.0  42.4   2.054   6.0   0.0
   1 1983 155 23948.  26.5  40.8   1.561   5.7   0.0
   1 1983 156 21311.  22.2  40.8   2.331   5.7  13.2
   1 1983 157 23948.  26.0  36.0   2.189   5.1   0.0
   1 1983 158 24367.  25.5  40.2   1.994   5.6   0.0
   1 1983 159 24535.  25.7  39.2   1.819   4.4   0.0
   1 1983 160 23111.  25.4  39.7   1.917   3.6   2.3
   1 1983 161 23948.  23.0  39.5   1.857   3.7   4.4
   1 1983 162 20808.  27.2  39.0   2.204   3.1   0.0
   1 1983 163 19678.  25.3  39.4   2.519   4.9   0.0
   1 1983 164 23907.  25.3  36.4   1.809   2.3   0.0
   1 1983 165 20515.  23.5  38.0   2.378   3.3  10.0
   1 1983 166  8081.  25.9  36.4   2.510   1.8   2.6
   1 1983 167 25246.  23.0  31.0   2.448   2.6  19.8
   1 1983 168 25498.  23.4  35.5   2.335   4.7   0.0
   1 1983 169 25372.  24.7  36.6   2.181   6.0   0.0
   1 1983 170 24535.  23.8  36.7   2.067   7.3   0.0
   1 1983 171 22106.  24.5  36.0   2.248   7.2   0.0
   1 1983 172 24618.  24.6  35.6   2.292   7.2   0.0
   1 1983 173 20473.  25.0  37.8   2.316   7.0   0.0
   1 1983 174 14110.  25.5  36.6   2.386   6.9   0.0
   1 1983 175  5987.  22.5  34.5   2.511   5.9   2.0
   1 1983 176  5317.  22.0  26.5   2.568   6.0  26.4
   1 1983 177  6824.  21.9  25.2   2.526   7.4   4.0
   1 1983 178 12225.  23.0  26.6   2.673   7.4   1.8
   1 1983 179 17585.  22.9  29.5   2.600   7.0   0.7
   1 1983 180 17417.  23.0  31.5   2.532   7.4   0.0
   1 1983 181 19552.  24.3  33.1   2.647   5.8   0.0
   1 1983 182 17040.  24.4  34.9   2.479   6.2   0.0
   1 1983 183 21646.  23.5  34.0   2.523   5.2   5.0
   1 1983 184 22860.  23.5  36.5   2.262   7.3   0.0
   1 1983 185 22148.  23.5  35.5   2.204   6.9   0.0
   1 1983 186 18045.  24.8  35.0   2.477   6.6   0.0
   1 1983 187 20264.  24.0  34.5   2.181   4.6   0.0
   1 1983 188 22190.  23.0  35.5   2.448   3.4   4.5
   1 1983 189 22525.  23.5  34.5   2.320   3.6   0.0
   1 1983 190 14026.  24.0  34.0   2.510   4.0   8.0
   1 1983 191  9881.  23.5  32.5   2.726   3.8  10.8
   1 1983 192  5987.  22.5  28.0   2.620   3.8  12.2
   1 1983 193  5736.  23.0  25.3   2.616   3.6  13.8
   1 1983 194 13775.  23.0  26.0   2.673   2.9   1.0
   1 1983 195 18254.  23.8  30.4   2.657   2.1   0.0
   1 1983 196 17375.  23.0  31.6   2.588   2.4   2.4
   1 1983 197 15659.  23.7  31.8   2.612   2.5   2.0
   1 1983 198 16915.  23.3  32.5   2.406   3.2   0.5
   1 1983 199 17124.  24.5  33.8   2.587   5.0   0.0
   1 1983 200  8415.  23.0  34.4   2.729   5.2  15.8
   1 1983 201  9965.  23.0  28.4   2.588   5.0   6.7
   1 1983 202 14193.  23.2  28.0   2.563   5.0   7.0
   1 1983 203 16998.  23.0  29.3   2.532   5.6   0.4
   1 1983 204 18087.  23.0  32.0   2.504   4.4   4.4
   1 1983 205 19385.  23.5  32.9   2.610   3.2  19.2
   1 1983 206 15952.  22.4  31.2   2.577   4.3  21.9
   1 1983 207 16203.  22.8  29.2   2.446   4.7   0.0
   1 1983 208 14570.  23.0  30.2   2.588   3.9   0.8
   1 1983 209 14863.  23.6  30.3   2.625   2.6   6.0
   1 1983 210 12225.  21.5  29.5   2.542   2.5  37.9
   1 1983 211 12267.  22.0  28.5   2.621   3.0  20.8
   1 1983 212 12351.  22.0  29.0   2.594   3.9   9.7
   1 1983 213 13481.  22.6  28.2   2.554   3.3   2.5
   1 1983 214 15617.  22.5  29.7   2.538   3.5   3.2
   1 1983 215 12644.  23.0  29.0   2.363   4.3   0.5
   1 1983 216 15868.  22.5  29.6   2.511   3.4  22.3
   1 1983 217 19636.  23.0  30.5   2.588   2.4   1.6
   1 1983 218 18045.  22.1  31.0   2.397   3.6  13.0
   1 1983 219  9043.  22.1  31.0   2.397   3.6   0.4
   1 1983 220 17585.  22.6  28.0   2.526   5.3   2.4
   1 1983 221  6406.  23.0  30.0   2.729   4.0   1.0
   1 1983 222  2763.  20.7  27.0   2.420   5.6  77.0
   1 1983 223  9420.  22.0  24.0   2.594   5.8  18.8
   1 1983 224 13021.  22.7  25.7   2.624   5.6   1.0
   1 1983 225 16622.  21.7  26.6   2.365   5.4   0.0
   1 1983 226 18045.  22.5  29.0   2.374   6.2   0.0
   1 1983 227 15449.  22.4  30.0   2.468   5.9   0.0
   1 1983 228 12267.  22.6  29.2   2.471   5.4   3.5
   1 1983 229 11639.  22.5  29.5   2.456   3.8  17.2
   1 1983 230 17082.  22.7  28.8   2.542   3.8  33.8
   1 1983 231 12728.  23.1  29.4   2.745   2.9  11.2
   1 1983 232 19929.  23.5  28.2   2.755   2.7   0.0
   1 1983 233 15156.  22.5  31.0   2.538   2.5  13.2
   1 1983 234 22190.  23.6  29.5   2.684   1.5   0.0
   1 1983 235 16203.  23.0  30.6   2.616   2.1   0.0
   1 1983 236 10425.  22.5  30.5   2.620   2.3  15.0
   1 1983 237 14319.  22.5  28.0   2.675   2.4   5.4
   1 1983 238 14570.  23.0  29.2   2.616   2.0   3.6
   1 1983 239 16329.  23.3  27.8   2.664   1.8   0.8
   1 1983 240  8457.  22.8  29.3   2.724   2.1  16.2
   1 1983 241 16663.  21.3  27.8   2.409   2.6  29.0
   1 1983 242 17668.  22.3  29.5   2.561   2.0  12.5
   1 1983 243 14905.  22.5  30.2   2.538   2.6   0.0
   1 1983 244 10132.  22.5  29.0   2.702   2.4   4.6
   1 1983 245 13607.  22.0  27.0   2.621   2.0   9.8
   1 1983 246 14989.  22.5  28.0   2.593   2.8   2.1
   1 1983 247 18129.  22.4  28.5   2.468   2.4   0.8
   1 1983 248 17961.  22.5  30.0   2.402   2.2   0.5
   1 1983 249 15659.  22.8  30.0   2.446   2.4   0.0
   1 1983 250 10300.  21.0  29.5   2.291   2.8   9.2
   1 1983 251 12728.  22.2  26.6   2.626   2.0  18.1
   1 1983 252 18882.  21.8  28.2   2.354   2.9   1.2
   1 1983 253 16454.  22.6  29.9   2.581   2.3   1.6
   1 1983 254 13063.  22.9  30.0   2.573   1.6   1.4
   1 1983 255 14528.  22.0  30.0   2.594   1.4  19.4
   1 1983 256 16119.  22.5  30.0   2.484   1.1  22.9
   1 1983 257 14654.  23.0  30.7   2.588   1.3  31.6
   1 1983 258 15868.  21.5  30.2   2.490   2.7   6.3
   1 1983 259  7997.  22.1  28.9   2.637   3.2  15.4
   1 1983 260 12895.  20.5  25.4   2.390   3.6  45.5
   1 1983 261 15114.  21.8  28.2   2.380   3.8   0.0
   1 1983 262 14905.  22.5  29.0   2.484   3.2   0.0
   1 1983 263 18631.  21.0  28.5   2.266   3.0   0.0
   1 1983 264 15198.  22.7  29.5   2.486   2.9   0.0
   1 1983 265  8415.  22.7  29.5   2.486   2.9  18.0
   1 1983 266 15868.  21.0  26.9   2.440   2.4   5.5
   1 1983 267 12728.  21.6  28.5   2.557   1.7  45.0
   1 1983 268 12812.  22.5  27.0   2.593   1.3   1.4
   1 1983 269 15826.  23.5  29.0   2.668   2.1   1.6
   1 1983 270 10341.  22.0  29.5   2.383   3.1   0.0
   1 1983 271 11891.  22.1  28.0   2.424   3.6   0.0
   1 1983 272 12770.  22.0  28.0   2.594   1.7   0.0
   1 1983 273 15533.  21.2  29.2   2.495   1.5  24.6
   1 1983 274 18924.  21.5  29.0   2.182   1.9   0.0
   1 1983 275  5694.  22.7  30.0   2.431   3.8   3.5
   1 1983 276 15784.  22.2  25.4   2.626   2.6  24.8
   1 1983 277 14863.  22.5  28.5   2.538   3.3   0.0
   1 1983 278 15156.  22.0  28.4   2.568   5.2  24.0
   1 1983 279  9253.  21.0  24.0   2.465   6.4  57.7
   1 1983 280 18924.  21.0  25.2   2.241   4.1   0.0
   1 1983 281 17375.  21.5  30.0   2.362   1.7   0.0
   1 1983 282 19259.  22.0  30.5   2.435   1.0   0.0
   1 1983 283 18673.  21.1  30.8   2.280   1.3   0.0
   1 1983 284 20097.  21.0  30.8   2.241   1.3   0.0
   1 1983 285 19510.  22.0  31.0   2.330   1.6   0.0
   1 1983 286 18841.  21.8  31.4   2.537   1.2   0.0
   1 1983 287 18003.  21.3  30.0   2.460   1.2   5.5
   1 1983 288 19469.  21.3  30.4   2.485   1.0   0.0
   1 1983 289 18715.  20.6  30.2   2.113   0.9   0.0
   1 1983 290  8081.  20.5  30.0   1.907   1.1   0.0
   1 1983 291 19762.  20.6  28.5   2.065   1.0   0.0
   1 1983 292 16831.  17.0  30.0   1.726   1.4   0.0
   1 1983 293 19469.  15.5  29.0   1.586   1.5   0.0
   1 1983 294 19804.  14.6  29.0   1.397   1.4   0.0
   1 1983 295 19050.  16.3  27.6   1.651   1.7   0.0
   1 1983 296 15994.  16.5  28.5   1.540   1.3   0.0
   1 1983 297 18045.  17.5  28.3   1.741   1.0   0.0
   1 1983 298 17710.  19.5  30.0   1.702   1.6   0.0
   1 1983 299 13398.  21.0  30.4   2.316   2.9   0.7
   1 1983 300  9797.  20.5  29.5   1.980   2.6   0.0
   1 1983 301  7285.  18.5  27.0   2.110   1.8  15.2
   1 1983 302 13481.  21.0  25.0   2.316   1.4   0.0
   1 1983 303 14235.  21.0  28.0   2.216   2.5   0.2
   1 1983 304 15072.  18.0  28.0   1.735   2.4   0.0
   1 1983 305 16998.  19.5  29.2   1.770   1.8   0.0
   1 1983 306 18548.  19.0  29.6   2.046   1.7   0.0
   1 1983 307 17208.  19.5  30.2   1.952   0.7   0.0
   1 1983 308 19385.  17.5  30.2   1.621   1.5   0.0
   1 1983 309 20222.  15.3  29.5   1.061   2.1   0.0
   1 1983 310 19552.  13.0  28.6   1.169   2.0   0.0
   1 1983 311 19134.  13.0  28.3   1.259   2.2   0.0
   1 1983 312 19427.  14.5  28.5   1.421   1.9   0.0
   1 1983 313 19804.  11.5  28.0   1.072   1.6   0.0
   1 1983 314 18673.  11.6  27.5   1.134   1.7   0.0
   1 1983 315 19343.  10.7  26.7   1.094   1.1   0.0
   1 1983 316 19510.  11.8  27.0   1.122   1.5   0.0
   1 1983 317 19343.  10.2  26.4   0.834   1.5   0.0
   1 1983 318 19259.  10.5  26.2   1.130   1.4   0.0
   1 1983 319 20139.  10.0  26.2   1.093   1.3   0.0
   1 1983 320 18171.  10.0  26.2   1.093   1.6   0.0
   1 1983 321 18129.  14.5  27.6   1.338   1.1   0.0
   1 1983 322 15324.  18.5  28.8   1.556   1.2   0.0
   1 1983 323 17626.  14.0  28.5   1.136   1.0   0.0
   1 1983 324 17208.  13.0  29.0   1.259   1.2   0.0
   1 1983 325 17668.  12.7  28.0   1.249   1.4   0.0
   1 1983 326 17668.  10.5  26.7   1.105   1.6   0.0
   1 1983 327 17501.  11.0  26.0   1.129   1.6   0.0
   1 1983 328 17375.  10.5  27.0   1.042   1.8   0.0
   1 1983 329 17501.  12.6  27.8   1.182   1.5   0.0
   1 1983 330  8583.  14.5  27.6   1.272   1.6   0.0
   1 1983 331 13188.  18.2  25.0   1.966   1.7   1.0
   1 1983 332 13816.  17.8  27.2   1.816   2.2   0.0
   1 1983 333 15533.  14.8  27.5   1.449   2.0   0.0
   1 1983 334 14444.  14.5  27.5   1.173   1.8   0.0
   1 1983 335 17250.  11.6  27.5   1.312   1.3   0.0
   1 1983 336 17250.  12.1  26.0   1.158   1.4   0.0
   1 1983 337 15031.  15.4  27.0   1.488   2.2   0.0
   1 1983 338 13523.  15.2  26.5   1.469   2.5   0.0
   1 1983 339 16203.  11.6  26.0   1.189   2.0   0.0
   1 1983 340 15742.  11.2  25.6   1.158   2.0   0.0
   1 1983 341 16370.  12.5  25.2   0.943   2.0   0.0
   1 1983 342 16119.  10.0  25.0   0.983   2.2   0.0
   1 1983 343 13900.  11.0  26.0   1.037   1.7   0.0
   1 1983 344 13063.  14.4  25.5   1.362   1.8   0.0
   1 1983 345 13733.  15.4  26.2   1.593   1.8   0.0
   1 1983 346 14779.  14.7  27.0   1.439   2.0   0.0
   1 1983 347 15407.  15.5  27.3   1.516   2.6   0.0
   1 1983 348 14403.  14.2  27.5   1.491   2.1   0.0
   1 1983 349 14151.  13.5  27.2   1.517   1.6   0.0
   1 1983 350 14779.  13.4  27.2   1.477   1.1   0.0
   1 1983 351 15533.  14.5  27.5   1.553   1.4   0.0
   1 1983 352 15324.  15.0  28.4   1.553   1.7   0.0
   1 1983 353 13607.  15.3  27.0   1.566   2.0   0.0
   1 1983 354 13942.  14.5  26.6   1.487   2.2   0.0
   1 1983 355 12225.  15.0  27.0   1.604   2.1   0.0
   1 1983 356 14738.  12.5  26.0   1.436   1.4   0.0
   1 1983 357 13942.  15.5  26.6   1.621   2.1   0.0
   1 1983 358  9337.  19.0  26.5   1.914   3.2   0.0
   1 1983 359  5778.  19.0  25.9   1.914   4.5   0.0
   1 1983 360  3308.  19.5  24.0   2.246   3.2   3.4
   1 1983 361 12812.  15.4  21.2   1.733   1.4  13.6
   1 1983 362 17668.   8.9  23.8   1.084   1.9   0.0
   1 1983 363 16622.  10.5  26.0   0.876   1.2   0.0
   1 1983 364 15198.  14.5  27.5   1.570   2.0   0.0
   1 1983 365 13272.  18.3  28.0   1.937   3.5   0.0
