*---------------------------------------------------------------------------*
* Station name: Cuttack (Central Rice Research Institute), India
* Year: 1983
* Author: Peter Uithol                                     -99.000: NIL VALUE
* Source: IRRI/WMO Special project
* Comments: Incomplete year
* Longitude: 86 0 E, latitude: 20 30 N, altitude: 23. m
*
* Column  Daily value
* 1       station number
* 2       year
* 3       day
* 4       irradiation                   (kJ m-2 d-1)
* 5       minimum temperature           (degrees Celsius)
* 6       maximum temperature           (degrees Celsius)
* 7       early morning vapour pressure (kPa)
* 8       mean wind speed (height: 2 m) (m s-1)
* 9       precipitation                 (mm d-1)
*---------------------------------------------------------------------------*
  86.00  20.50    23. 0.00 0.00
   4 1983 213 11228.  24.9  31.2   2.605   1.4   5.0
   4 1983 214  2606.  25.9  27.4   3.163   1.3  40.0
   4 1983 215 10843.  25.6  30.6   2.798   1.0   0.6
   4 1983 216 12697.  26.5  30.6   2.899   1.2   0.4
   4 1983 217 10688.  27.0  30.6   2.829   1.9  38.4
   4 1983 218  6862.  25.0  29.4   3.046   2.2  42.0
   4 1983 219 15674.  24.6  30.7   2.711   2.3   9.5
   4 1983 220 12236.  26.5  29.2   3.177   4.4  48.0
   4 1983 221 19426.  24.4  31.1   2.531   2.7   2.2
   4 1983 222 17608.  25.9  30.9   2.758   1.7   1.3
   4 1983 223 15638.  26.4  30.8   2.748   1.5   3.5
   4 1983 224 10919.  26.9  30.7   2.944   2.7   0.0
   4 1983 225 13741.  27.4  32.2   2.845   2.8  16.8
   4 1983 226 12042.  26.0  32.0   2.680   1.2   0.0
   4 1983 227  6822.  27.0  29.8   3.082   0.6   3.2
   4 1983 228 19001.  25.5  33.5   2.759   0.8   3.0
   4 1983 229 15793.  26.6  32.5   2.892   0.9  64.2
   4 1983 230  6127.  25.1  30.0   3.064   1.2  28.0
   4 1983 231  8870.  25.6  30.2   2.430   1.2  27.4
   4 1983 232 14090.  26.4  31.4   3.041   2.0   3.0
   4 1983 233 28357.  27.2  32.3   3.187   1.9  16.3
   4 1983 234 11772.  26.2  33.0   2.964   1.3   1.5
   4 1983 235  6473.  26.9  33.6   2.894   1.1   0.0
   4 1983 236 12312.  28.0  32.2   3.037   1.8   0.0
   4 1983 237 16564.  26.7  34.0   2.730   0.9   0.8
   4 1983 238 15365.  27.2  34.0   2.862   1.0  35.8
   4 1983 239 15559.  24.3  32.5   2.477   1.1  15.0
   4 1983 240 14476.  24.5  29.5   2.731   1.6   3.5
   4 1983 241 19814.  25.0  32.3   2.544   1.3   0.0
   4 1983 242 15329.  26.3  32.5   2.889   1.7   4.2
   4 1983 243 18421.  27.0  32.1   2.914   1.5   0.0
   4 1983 244 10609.  27.4  31.0   3.152   1.2  24.4
   4 1983 245  9954.  24.2  30.7   2.707   1.1  18.5
   4 1983 246 13046.  26.1  31.2   2.899   1.2   4.0
   4 1983 247  9994.  25.3  30.2   2.936   0.9  38.0
   4 1983 248  6282.  25.4  29.0   2.957   1.0  72.4
   4 1983 249 13511.  24.4  30.0   2.602   2.0   0.7
   4 1983 250 18886.  26.2  32.2   2.726   2.8   0.0
   4 1983 251 11578.  27.3  31.5   3.006   3.7   0.0
   4 1983 252 12388.  27.2  32.3   3.166   3.3   5.0
   4 1983 253  8950.  27.1  31.6   3.018   1.3  44.6
   4 1983 254 23177.  24.5  32.3   2.528   0.8   0.8
   4 1983 255 19541.  26.1  32.0   2.754   1.3   0.0
   4 1983 256 21514.  25.9  33.0   2.638   0.9   0.0
   4 1983 257 12737.  26.9  33.6   2.933   0.9   7.0
   4 1983 258 11383.  25.1  31.1   2.700   0.8  49.0
   4 1983 259 11617.  24.4  29.6   2.617   1.4   6.8
   4 1983 260 13201.  24.8  30.0   2.608   0.8   0.0
   4 1983 261 20315.  25.0  31.0   2.741   2.6   0.0
   4 1983 262 20470.  25.9  33.5   2.624   0.6   0.0
   4 1983 263 16564.  26.4  33.2   2.848   1.5   0.0
   4 1983 264 14170.  26.5  32.2   2.896   1.2   5.4
   4 1983 265 14515.  26.4  32.0   2.861   0.9   0.0
   4 1983 266 17143.  25.3  30.8   2.894   1.2   6.6
   4 1983 267 14749.  25.9  31.1   2.862   2.8   1.6
   4 1983 268 20160.  25.4  31.5   2.632   1.7   0.0
   4 1983 269 19930.  25.7  33.2   2.583   0.9   0.0
   4 1983 270 11423.  26.4  31.5   2.868   1.2   0.0
   4 1983 271 12312.  26.6  32.5   3.328   0.7  67.5
   4 1983 272  6862.  25.9  31.2   2.949   1.2   1.8
   4 1983 273 15095.  25.6  30.5   3.032   1.3  25.8
   4 1983 274 13586.  25.2  31.2   2.671   1.0  10.0
   4 1983 275 13626.  25.3  29.6   2.829   1.8  10.0
   4 1983 276 11074.  25.6  30.0   2.880   3.8   4.2
   4 1983 277 19930.  25.2  31.5   2.732   3.2  25.0
   4 1983 278  6242.  25.4  29.0   2.950   2.3  21.0
   4 1983 279  6977.  25.7  30.2   2.937   1.0   0.5
   4 1983 280  7441.  23.4  29.8   2.505   0.5  34.0
   4 1983 281  6203.  23.4  28.1   2.533   1.3   0.0
   4 1983 282 13666.  25.2  31.5   2.838   0.7   3.8
   4 1983 283 15484.  25.1  32.5   2.541   1.6   3.6
   4 1983 284 16448.  25.2  33.5   2.700   1.1   0.5
   4 1983 285 16952.  25.2  33.0   2.748   0.7   5.5
   4 1983 286 20394.  25.8  32.0   2.682   0.9   0.0
   4 1983 287 15674.  23.9  32.5   2.219   0.7   0.0
   4 1983 288 17028.  24.2  31.8   2.054   0.6   0.0
   4 1983 289 19271.  23.7  32.8   1.781   1.5   0.0
   4 1983 290 19001.  23.2  32.1   1.834   0.8   0.0
   4 1983 291 17222.  21.9  32.4   1.721   0.6   0.0
   4 1983 292 16024.  23.1  29.5   2.174   0.4   0.0
   4 1983 293 19231.  21.5  30.0   1.759   0.6   0.0
   4 1983 294 16952.  22.7  30.7   2.298   0.9   0.0
   4 1983 295 18461.  22.9  31.6   2.161   0.6   0.0
   4 1983 296 15948.  24.4  31.6   2.446   0.5   0.0
   4 1983 297 17338.  24.4  32.7   2.372   0.8   0.7
   4 1983 298 17492.  23.7  30.8   2.113   0.9   0.0
   4 1983 299 15095.  22.4  28.8   2.330   1.5   0.0
   4 1983 300 17881.  20.9  29.4   1.754   1.6   0.0
   4 1983 301 16139.  21.5  29.3   1.728   1.2   0.0
   4 1983 302 16798.  21.9  28.6   1.847   1.0   0.0
   4 1983 303 18536.  20.2  29.6   1.550   1.1   0.0
   4 1983 304 17647.  20.5  31.2   1.555   1.1   0.0
   4 1983 305 18497.  22.1  32.0   1.832   0.8   0.0
   4 1983 306 17068.  23.6  31.5   2.150   0.8   0.0
   4 1983 307 12776.  22.6  30.4   2.010   0.9   0.0
   4 1983 308 17726.  22.3  29.6   1.868   0.9   0.0
   4 1983 309 15948.  18.8  29.2   1.436   0.9   0.0
   4 1983 310  8330.  21.9  29.0   1.676   1.4   0.0
   4 1983 311 12312.  22.9  29.3   1.818   1.6   0.0
   4 1983 312 14980.  21.2  28.6   1.626   2.3   0.0
   4 1983 313 16564.  19.5  30.0   1.350   2.1   0.0
   4 1983 314 15869.  20.4  31.1   1.360   1.7   0.0
   4 1983 315 14130.  20.7  29.5   1.344   0.6   0.0
   4 1983 316 16528.  19.4  28.5   1.466   0.8   0.0
   4 1983 317 17453.  16.7  28.0   1.151   0.9   0.0
   4 1983 318 16837.  15.1  28.3   1.104   0.9   0.0
   4 1983 319 15559.  15.7  28.5   1.130   0.7   0.0
   4 1983 320 16178.  16.4  28.4   1.230   0.9   0.0
   4 1983 321 15444.  17.7  29.1   1.356   0.8   0.0
   4 1983 322 14825.  17.5  30.3   1.405   0.6   0.0
   4 1983 323 14940.  17.9  29.2   1.396   0.3   0.0
   4 1983 324 14400.  17.8  28.5   1.271   0.5   0.0
   4 1983 325 13820.  16.5  28.4   1.208   1.1   0.0
   4 1983 326 10764.  18.4  27.7   1.199   1.8   0.0
   4 1983 327 13626.  19.2  28.0   1.595   2.2   0.0
   4 1983 328  4579.  21.4  24.0   2.314   4.0   2.0
   4 1983 329 15365.  20.1  29.0   1.642   2.4   0.0
   4 1983 330 14440.  17.9  28.5   1.299   1.9   0.0
   4 1983 331 16178.  16.1  28.4   1.143   1.6   0.0
   4 1983 332 14476.  16.0  29.0   1.192   0.9   0.0
   4 1983 333 13781.  16.7  28.5   1.195   0.6   0.0
   4 1983 334 11927.  17.6  28.0   1.366   0.9   0.0
   4 1983 335 14206.  14.9  28.0   1.099   0.7   0.0
   4 1983 336 13666.  14.4  27.5   0.949   1.0   0.0
   4 1983 337 13975.  14.4  27.4   1.046   1.1   0.0
   4 1983 338 13936.  14.3  27.4   1.027   0.9   0.0
   4 1983 339 13936.  14.6  27.2   1.043   0.9   0.0
   4 1983 340 13666.  13.4  26.5   0.940   0.9   0.0
   4 1983 341 13781.  12.4  25.4   0.921   1.0   0.0
   4 1983 342 13820.  12.4  25.2   0.915   0.9   0.0
   4 1983 343 14285.  12.3  26.2   0.897   0.9   0.0
   4 1983 344 13432.  12.7  25.8   0.885   1.0   0.0
   4 1983 345 13086.  12.4  26.2   0.946   0.7   0.0
   4 1983 346 10883.  13.4  24.7   1.043   0.8   0.0
   4 1983 347 13356.  12.9  25.8   0.991   0.9   0.0
   4 1983 348 14015.  11.9  25.9   0.937   0.9   0.0
   4 1983 349 13781.  12.3  26.7   0.937   0.9   0.0
   4 1983 350 13586.  13.0  27.3   1.007   0.7   0.0
   4 1983 351 12427.  12.9  28.4   1.029   0.8   0.0
   4 1983 352 13126.  14.7  28.7   1.157   0.6   0.0
   4 1983 353 13511.  13.6  28.2   0.949   0.7   0.0
   4 1983 354 12622.  13.9  28.5   0.992   0.7   0.0
   4 1983 355 12312.  14.2  29.4   0.972   0.4   0.0
   4 1983 356 13241.  14.4  30.3   1.014   0.5   0.0
   4 1983 357 11927.  13.6  30.2   0.963   0.4   0.0
   4 1983 358 12388.  14.3  30.0   0.921   0.4   0.0
   4 1983 359 10804.  17.1  28.5   1.714   0.4   0.0
   4 1983 360  2570.  18.6  21.8   1.815   1.4   0.0
   4 1983 361 14400.  17.3  26.4   1.314   1.8   0.0
   4 1983 362 15019.  11.6  24.6   0.880   2.1   9.5
   4 1983 363 14940.  11.3  25.6   0.932   0.7   0.0
   4 1983 364 14321.  12.6  27.1   1.041   0.5   0.0
   4 1983 365 13396.  13.9  25.2   1.098   0.4   0.0
