*---------------------------------------------------------------------------*
* Station name: Patancheru ICRISAT, India
* Year: 1977
* Author: Peter Uithol                                     -99.000: NIL VALUE
* Source: ICRISAT tape FSAGRO
* Comments: No irradiation data available before September 15.
* Longitude: 78 28 E, latitude: 17 27 N, alt.: Hyderabad airport!: 21. m
*
* Column  Daily value
* 1       station number
* 2       year
* 3       day
* 4       irradiation                   (kJ m-2 d-1)
* 5       minimum temperature           (degrees Celsius)
* 6       maximum temperature           (degrees Celsius)
* 7       early morning vapour pressure (kPa)
* 8       mean wind speed (height: 2 m) (m s-1)
* 9       precipitation                 (mm d-1)
*---------------------------------------------------------------------------*
  78.47  17.45    21. 0.00 0.00
   1 1977   1   -99.  13.9  29.0   1.287   2.4   0.0
   1 1977   2   -99.  14.8  29.2   1.247   2.0   0.0
   1 1977   3   -99.  13.0  28.6   1.004   2.0   0.0
   1 1977   4   -99.  12.5  28.2   0.914   1.8   0.0
   1 1977   5   -99.  10.0  28.5   0.921   1.7   0.0
   1 1977   6   -99.  11.5  28.0   0.842   1.9   0.0
   1 1977   7   -99.  11.5  28.6   1.181   2.0   0.0
   1 1977   8   -99.  13.5  29.5   1.115   1.7   0.0
   1 1977   9   -99.  12.5  29.5   1.001   1.8   0.0
   1 1977  10   -99.  12.4  30.5   0.965   1.8   0.0
   1 1977  11   -99.  12.4  30.5   1.124   1.7   0.0
   1 1977  12   -99.  13.5  31.0   0.991   2.0   0.0
   1 1977  13   -99.  13.0  31.0   1.079   1.9   0.0
   1 1977  14   -99.  13.7  29.4   1.129   2.4   0.0
   1 1977  15   -99.  14.1  29.4   1.175   2.5   0.0
   1 1977  16   -99.  14.5  28.6   1.289   2.3   0.0
   1 1977  17   -99.  16.0  30.0   1.365   2.1   0.0
   1 1977  18   -99.  15.6  29.5   1.348   3.2   0.0
   1 1977  19   -99.  14.8  28.5   1.415   4.1   0.0
   1 1977  20   -99.  14.5  29.0   1.421   2.4   0.0
   1 1977  21   -99.  15.0  28.0   0.939   2.0   0.0
   1 1977  22   -99.  15.8  28.0   0.988   3.1   0.0
   1 1977  23   -99.  17.5  27.8   1.882   3.0   0.0
   1 1977  24   -99.  14.5  28.0   1.355   2.6   0.0
   1 1977  25   -99.  13.0  28.5   1.259   2.5   0.0
   1 1977  26   -99.  14.3  28.9   1.288   2.6   0.0
   1 1977  27   -99.  14.0  30.6   1.248   2.0   0.0
   1 1977  28   -99.  14.5  29.9   1.272   1.4   0.0
   1 1977  29   -99.   9.3  27.4   0.738   2.4   0.0
   1 1977  30   -99.   9.0  26.9   0.666   1.8   0.0
   1 1977  31   -99.  13.0  28.5   0.989   2.0   0.0
   1 1977  32   -99.  15.0  30.0   1.502   2.1   0.0
   1 1977  33   -99.  15.6  29.8   1.508   2.9   0.0
   1 1977  34   -99.  13.0  29.0   1.364   3.0   0.0
   1 1977  35   -99.  17.5  29.8   1.781   4.4   0.0
   1 1977  36   -99.  17.4  31.0   1.452   3.4   0.0
   1 1977  37   -99.  20.0  32.0   2.013   2.3   0.0
   1 1977  38   -99.  18.5  30.0   1.940   2.1   0.0
   1 1977  39   -99.  16.2  30.3   0.608   2.3   0.0
   1 1977  40   -99.  10.8  30.0   0.505   2.3   0.0
   1 1977  41   -99.  12.5  29.3   0.972   2.0   0.0
   1 1977  42   -99.  14.4  30.9   1.477   2.2   0.0
   1 1977  43   -99.  15.6  30.5   1.259   2.5   0.0
   1 1977  44   -99.  16.2  31.2   1.309   2.4   0.0
   1 1977  45   -99.  16.4  31.6   1.101   2.2   0.0
   1 1977  46   -99.  15.9  31.7   1.012   1.9   0.0
   1 1977  47   -99.  16.6  31.7   1.210   2.7   0.0
   1 1977  48   -99.  19.4  31.5   1.263   3.2   0.0
   1 1977  49   -99.  20.0  31.0   1.732   3.5   0.0
   1 1977  50   -99.  16.4  31.5   1.456   2.9   0.0
   1 1977  51   -99.  19.0  33.0   1.892   2.9   0.0
   1 1977  52   -99.  20.5  33.6   2.100   3.3   0.0
   1 1977  53   -99.  18.5  33.0   1.769   2.9   0.0
   1 1977  54   -99.  18.1  32.4   1.538   3.2   0.0
   1 1977  55   -99.  21.8  34.5   2.092   3.2   0.0
   1 1977  56   -99.  20.5  34.4   2.052   2.7   0.0
   1 1977  57   -99.  21.5  33.8   1.849   2.7   0.0
   1 1977  58   -99.  22.0  34.5   1.853   2.5   0.0
   1 1977  59   -99.  19.6  35.3   1.530   3.1   0.0
   1 1977  60   -99.  21.0  34.0   0.996   3.9   0.0
   1 1977  61   -99.  17.5  32.4   1.601   2.8   0.0
   1 1977  62   -99.  15.4  33.2   1.401   2.6   0.0
   1 1977  63   -99.  16.5  33.9   1.371   3.4   0.0
   1 1977  64   -99.  21.1  33.0   1.754   3.2   0.0
   1 1977  65   -99.  17.6  33.0   1.410   2.7   0.0
   1 1977  66   -99.  20.0  34.0   1.639   3.0   0.0
   1 1977  67   -99.  20.0  34.5   1.662   2.7   0.0
   1 1977  68   -99.  20.5  35.0   1.449   1.7   0.0
   1 1977  69   -99.  17.9  36.0   1.170   2.0   0.0
   1 1977  70   -99.  20.0  35.8   1.896   2.4   0.0
   1 1977  71   -99.  20.0  36.0   1.334   2.7   0.0
   1 1977  72   -99.  20.2  35.8   1.517   3.5   0.0
   1 1977  73   -99.  18.5  35.4   1.343   3.1   0.0
   1 1977  74   -99.  19.5  35.4   1.543   2.8   0.0
   1 1977  75   -99.  19.6  35.5   1.165   3.3   0.0
   1 1977  76   -99.  19.9  37.0   1.186   2.4   0.0
   1 1977  77   -99.  20.0  36.9   1.732   3.1   0.0
   1 1977  78   -99.  20.5  37.0   1.690   3.8   0.0
   1 1977  79   -99.  21.0  36.5   1.818   2.9   0.0
   1 1977  80   -99.  19.6  36.5   1.667   2.1   0.0
   1 1977  81   -99.  21.0  36.8   1.444   2.4   0.0
   1 1977  82   -99.  21.5  38.5   1.643   2.1   0.0
   1 1977  83   -99.  24.2  38.6   2.057   2.3   0.0
   1 1977  84   -99.  20.5  36.0   1.931   4.1   0.0
   1 1977  85   -99.  22.4  36.0   1.872   2.8   0.0
   1 1977  86   -99.  18.5  35.5   1.748   3.2   0.0
   1 1977  87   -99.  22.0  35.8   2.250   3.0   0.0
   1 1977  88   -99.  22.2  35.0   1.715   3.2   0.0
   1 1977  89   -99.  21.5  35.0   0.976   1.5   0.0
   1 1977  90   -99.  22.0  37.0   1.641   3.2   0.0
   1 1977  91   -99.  23.5  38.5   1.943   2.4   0.0
   1 1977  92   -99.  24.0  38.5   2.181   3.0   0.0
   1 1977  93   -99.  23.5  38.0   2.320   2.8   0.0
   1 1977  94   -99.  23.4  39.8   1.700   2.8   0.0
   1 1977  95   -99.  25.1  39.5   1.596   2.4   0.0
   1 1977  96   -99.  25.0  39.0   1.745   2.9   0.0
   1 1977  97   -99.  21.0  33.0   2.042   4.4   1.8
   1 1977  98   -99.  24.5  36.8   1.663   2.8   0.0
   1 1977  99   -99.  22.6  38.2   0.961   2.6   0.0
   1 1977 100   -99.  24.0  38.0   1.106   2.3   0.0
   1 1977 101   -99.  24.0  38.0   1.972   2.4   0.0
   1 1977 102   -99.  26.0  38.5   1.313   2.6   0.0
   1 1977 103   -99.  23.6  39.0   1.050   3.3   0.0
   1 1977 104   -99.  23.0  40.0   0.928   2.8   0.0
   1 1977 105   -99.  22.1  38.2   0.799   2.6   0.0
   1 1977 106   -99.  21.4  37.5   2.041   2.6   0.0
   1 1977 107   -99.  23.5  37.5   1.885   3.6   0.0
   1 1977 108   -99.  23.0  35.8   2.138   4.7   0.0
   1 1977 109   -99.  24.0  35.8   2.062   4.2   0.0
   1 1977 110   -99.  24.0  36.0   1.464   3.0   0.0
   1 1977 111   -99.  26.0  37.0   1.953   2.9   0.0
   1 1977 112   -99.  27.0  37.5   2.179   3.0   0.0
   1 1977 113   -99.  22.5  37.0   1.992   4.1   3.2
   1 1977 114   -99.  22.5  37.0   2.265   2.8   1.5
   1 1977 115   -99.  21.0  37.0   1.594   2.6   1.0
   1 1977 116   -99.  21.5  35.5   1.669   1.9   0.0
   1 1977 117   -99.  23.5  36.5   1.711   2.2   0.0
   1 1977 118   -99.  24.4  37.0   1.622   3.2   0.0
   1 1977 119   -99.  27.0  38.8   2.107   3.2   0.0
   1 1977 120   -99.  25.0  38.0   1.904   3.2   0.0
   1 1977 121   -99.  19.8  38.0   1.873   3.0  20.6
   1 1977 122   -99.  23.0  30.5   2.110   3.5   2.4
   1 1977 123   -99.  23.5  34.0   1.972   2.7   0.6
   1 1977 124   -99.  26.0  38.0   2.525   4.0   0.0
   1 1977 125   -99.  26.0  36.5   2.121   3.8   0.0
   1 1977 126   -99.  21.8  37.0   2.354   4.2   0.8
   1 1977 127   -99.  24.0  35.5   2.122   3.4   0.0
   1 1977 128   -99.  26.0  36.0   2.492   3.9   0.0
   1 1977 129   -99.  23.5  36.0   2.204   4.0   0.0
   1 1977 130   -99.  24.5  35.5   2.155   3.3   0.0
   1 1977 131   -99.  22.5  35.8   2.074   2.0   0.0
   1 1977 132   -99.  21.5  36.0   1.618   2.1   0.0
   1 1977 133   -99.  25.5  38.5   1.700   2.5   0.0
   1 1977 134   -99.  26.0  39.7   2.189   3.4   0.0
   1 1977 135   -99.  25.4  39.2   1.690   4.2   0.0
   1 1977 136   -99.  24.9  36.1   1.703   7.1   0.0
   1 1977 137   -99.  24.0  38.0   1.793   3.7   0.0
   1 1977 138   -99.  26.4  40.5   0.965   3.1   0.0
   1 1977 139   -99.  26.6  40.8   1.151   3.4   0.0
   1 1977 140   -99.  28.0  39.8   1.439   3.4   0.0
   1 1977 141   -99.  27.5  41.0   1.545   4.6   0.0
   1 1977 142   -99.  28.0  39.5   2.045   4.9   0.0
   1 1977 143   -99.  26.0  40.0   1.178   4.5   0.0
   1 1977 144   -99.  25.5  39.5   1.896   3.9   0.0
   1 1977 145   -99.  24.0  36.8   1.853   3.9   0.0
   1 1977 146   -99.  23.4  33.8   1.758   2.8   0.0
   1 1977 147   -99.  23.6  36.3   2.363   3.4  10.8
   1 1977 148   -99.  23.5  35.5   2.001   2.3   0.8
   1 1977 149   -99.  24.0  35.8   2.092   2.3   0.0
   1 1977 150   -99.  23.2  38.0   1.794   3.4   0.0
   1 1977 151   -99.  23.5  38.5   1.363   4.1   0.0
   1 1977 152   -99.  26.2  38.9   1.806   4.8   0.0
   1 1977 153   -99.  29.0  39.5   2.007   4.6   0.0
   1 1977 154   -99.  27.5  40.0   1.913   5.0   0.0
   1 1977 155   -99.  27.3  39.0   1.890   4.3   0.0
   1 1977 156   -99.  25.5  39.5   2.059   4.6   0.0
   1 1977 157   -99.  27.3  40.1   2.508   4.3   0.0
   1 1977 158   -99.  24.2  30.0   2.057   5.0   0.0
   1 1977 159   -99.  22.4  37.8   1.926   4.4   0.0
   1 1977 160   -99.  23.5  36.5   2.059   3.9   0.0
   1 1977 161   -99.  25.0  37.0   1.904   4.0   0.0
   1 1977 162   -99.  25.2  37.5   2.023   5.0   0.0
   1 1977 163   -99.  24.2  36.9   1.966   4.6   0.0
   1 1977 164   -99.  25.0  35.5   2.253   3.7   0.0
   1 1977 165   -99.  26.0  33.6   2.256   4.9   0.0
   1 1977 166   -99.  23.0  36.0   2.588   5.2  23.4
   1 1977 167   -99.  22.5  29.6   2.484   3.5   2.8
   1 1977 168   -99.  22.0  32.8   2.515   3.9  10.5
   1 1977 169   -99.  21.4  33.8   2.220   4.4  19.8
   1 1977 170   -99.  23.0  33.8   2.279   3.8   0.0
   1 1977 171   -99.  23.9  32.9   2.554   3.9   0.0
   1 1977 172   -99.  22.9  29.7   2.265   4.8   0.0
   1 1977 173   -99.  23.5  33.2   2.233   6.7   0.0
   1 1977 174   -99.  22.5  33.0   2.265   7.2   0.0
   1 1977 175   -99.  23.4  33.7   2.277   7.7   0.0
   1 1977 176   -99.  23.5  33.0   2.262   6.8   0.0
   1 1977 177   -99.  22.0  34.5   2.303   7.3   6.6
   1 1977 178   -99.  23.5  29.9   2.465   6.9   3.4
   1 1977 179   -99.  23.7  33.5   2.201   7.7   0.0
   1 1977 180   -99.  24.0  33.2   2.241   7.5   0.0
   1 1977 181   -99.  24.5  35.0   2.340   6.9   0.0
   1 1977 182   -99.  23.0  33.5   2.251   6.3   1.4
   1 1977 183   -99.  24.0  34.9   2.241   6.7   0.0
   1 1977 184   -99.  24.0  33.4   2.241   6.1   0.0
   1 1977 185   -99.  22.0  35.0   2.303   6.2  37.0
   1 1977 186   -99.  21.2  26.8   2.294   6.1   8.0
   1 1977 187   -99.  21.0  25.5   2.316   6.2   4.8
   1 1977 188   -99.  21.9  28.1   2.263   6.9   1.8
   1 1977 189   -99.  22.5  31.5   2.320   7.1   0.0
   1 1977 190   -99.  23.0  34.0   2.335   6.9   0.0
   1 1977 191   -99.  23.5  32.5   2.378   5.9   0.0
   1 1977 192   -99.  23.5  30.0   2.378   4.1   2.8
   1 1977 193   -99.  21.5  32.8   2.105   3.2   0.0
   1 1977 194   -99.  23.6  33.5   2.334   3.4   0.0
   1 1977 195   -99.  23.5  34.5   2.146   3.6   0.0
   1 1977 196   -99.  24.6  32.6   2.416   4.0   0.0
   1 1977 197   -99.  23.5  33.5   2.436   4.6   0.0
   1 1977 198   -99.  20.8  32.2   2.140   3.3  54.4
   1 1977 199   -99.  21.5  29.0   2.311   3.3   0.0
   1 1977 200   -99.  23.8  31.5   2.480   2.1   0.0
   1 1977 201   -99.  22.5  32.2   2.429   2.5   9.0
   1 1977 202   -99.  23.0  32.6   2.616   1.9  11.0
   1 1977 203   -99.  22.4  29.8   2.387   3.6   0.0
   1 1977 204   -99.  22.5  30.8   2.374   5.0   0.0
   1 1977 205   -99.  23.0  30.5   2.476   4.8   9.4
   1 1977 206   -99.  21.5  27.0   2.439   4.1  16.0
   1 1977 207   -99.  21.2  24.0   2.369   4.9  10.6
   1 1977 208   -99.  22.0  28.2   2.250   4.5   1.7
   1 1977 209   -99.  22.0  29.8   2.250   4.8   1.6
   1 1977 210   -99.  21.5  29.7   2.234   4.8   7.2
   1 1977 211   -99.  21.3  28.6   2.232   4.3   6.4
   1 1977 212   -99.  22.0  28.6   2.303   4.2   0.4
   1 1977 213   -99.  21.5  29.1   2.234   3.9   0.0
   1 1977 214   -99.  21.0  30.8   2.067   3.7   0.0
   1 1977 215   -99.  22.0  31.5   2.171   3.9   0.0
   1 1977 216   -99.  23.0  31.1   2.335   4.9   0.0
   1 1977 217   -99.  22.8  31.0   2.307   5.0   0.5
   1 1977 218   -99.  23.0  30.5   2.307   6.0   0.0
   1 1977 219   -99.  23.0  31.0   2.335   5.9   0.0
   1 1977 220   -99.  23.0  30.3   2.335   4.7   0.0
   1 1977 221   -99.  22.5  32.1   2.320   3.6   0.0
   1 1977 222   -99.  21.0  31.8   2.415   2.8  74.4
   1 1977 223   -99.  23.0  26.5   2.560   1.9   1.9
   1 1977 224   -99.  22.6  28.9   2.554   2.1   1.7
   1 1977 225   -99.  23.5  29.5   2.697   1.8   0.0
   1 1977 226   -99.  21.8  30.3   2.510   2.3  13.6
   1 1977 227   -99.  22.5  27.6   2.402   1.3   0.0
   1 1977 228   -99.  23.5  30.3   2.378   2.1   0.0
   1 1977 229   -99.  23.2  31.3   2.306   2.1   0.0
   1 1977 230   -99.  23.5  31.8   2.320   1.8   0.0
   1 1977 231   -99.  23.8  30.5   2.451   1.8   0.0
   1 1977 232   -99.  21.5  31.0   2.439   2.6  10.8
   1 1977 233   -99.  23.0  29.0   2.391   2.6   1.4
   1 1977 234   -99.  21.5  27.0   2.388   2.9  28.6
   1 1977 235   -99.  20.8  24.5   2.361   4.6  14.5
   1 1977 236   -99.  22.0  23.0   2.409   4.0   5.4
   1 1977 237   -99.  22.4  25.2   2.333   3.3   0.4
   1 1977 238   -99.  22.0  27.0   2.330   3.1   4.4
   1 1977 239   -99.  22.4  26.5   2.360   3.2   2.1
   1 1977 240   -99.  21.5  28.6   2.336   3.3  19.7
   1 1977 241   -99.  22.3  28.5   2.346   3.1   0.5
   1 1977 242   -99.  21.7  27.6   2.287   3.0   0.9
   1 1977 243   -99.  21.5  27.0   2.388   2.6  13.6
   1 1977 244   -99.  21.0  26.5   2.266   3.5  15.0
   1 1977 245   -99.  22.3  27.0   2.427   4.0   0.0
   1 1977 246   -99.  21.6  28.3   2.247   2.9   2.2
   1 1977 247   -99.  21.3  29.5   2.283   3.0   0.0
   1 1977 248   -99.  21.0  29.8   2.241   2.0   0.0
   1 1977 249   -99.  21.5  30.6   2.311   1.9   3.6
   1 1977 250   -99.  21.8  30.8   2.223   3.7   0.0
   1 1977 251   -99.  22.0  30.5   2.171   3.4   0.0
   1 1977 252   -99.  22.0  29.5   2.277   3.2   0.6
   1 1977 253   -99.  20.5  30.2   2.004   2.9   0.0
   1 1977 254   -99.  21.5  30.5   2.054   2.8   0.0
   1 1977 255   -99.  22.0  30.8   1.932   3.3   0.6
   1 1977 256   -99.  22.3  29.8   2.076   2.8   0.0
   1 1977 257   -99.  19.0  30.0   1.628   2.6   0.0
   1 1977 258 24535.  20.8  30.4   1.918   2.2   0.0
   1 1977 259 13314.  22.8  32.0   2.446   2.1   0.0
   1 1977 260 21688.  22.5  29.0   2.320   1.5   0.0
   1 1977 261 21729.  22.7  32.0   2.293   1.9   0.0
   1 1977 262 23195.  19.5  31.5   1.952   2.0   0.0
   1 1977 263 23781.  20.5  32.2   2.004   1.8   0.0
   1 1977 264 23279.  20.8  32.6   2.041   1.8   0.0
   1 1977 265 23237.  22.0  33.0   2.065   1.6   0.0
   1 1977 266 13942.  22.5  32.8   2.211   1.8   0.0
   1 1977 267 23362.  20.9  28.4   2.178   1.6   0.0
   1 1977 268 20264.  22.0  32.5   2.197   1.5   0.0
   1 1977 269 19678.  22.3  32.5   2.238   2.1   0.0
   1 1977 270 22818.  23.5  33.0   2.349   2.6   0.0
   1 1977 271 20892.  23.6  32.5   2.538   2.3   0.0
   1 1977 272 18882.  21.0  32.8   2.166   3.1  18.0
   1 1977 273 14444.  23.5  31.8   2.668   1.5   0.0
   1 1977 274 17082.  23.0  30.8   2.616   1.2  14.8
   1 1977 275  3852.  23.0  30.1   2.673   2.5   1.7
   1 1977 276 15868.  22.5  23.9   2.374   3.1   5.9
   1 1977 277 11891.  22.3  29.6   2.561   2.5   0.0
   1 1977 278 11807.  23.5  28.5   2.726   1.0   0.0
   1 1977 279 18841.  22.0  30.5   2.409   1.3   2.6
   1 1977 280 13691.  21.0  30.5   2.316   1.3   7.8
   1 1977 281 20850.  21.2  29.0   2.420   0.8  13.8
   1 1977 282 21478.  22.0  31.0   2.277   1.3   0.0
   1 1977 283 21436.  20.1  30.5   2.073   1.9   0.0
   1 1977 284 21813.  19.6  30.6   2.078   1.6   0.0
   1 1977 285 21353.  18.7  31.7   1.727   1.7   0.0
   1 1977 286 21646.  21.4  31.3   2.195   1.3   0.5
   1 1977 287 19301.  20.0  31.7   2.083   1.5   0.0
   1 1977 288 15784.  21.4  31.4   2.195   1.7   0.0
   1 1977 289 19427.  20.8  31.3   2.287   1.9   0.0
   1 1977 290 16663.  21.5  31.1   2.259   2.0   0.0
   1 1977 291 19594.  21.6  30.3   2.454   2.3  11.8
   1 1977 292 20808.  20.0  30.0   2.247   2.3   0.0
   1 1977 293 20641.  19.0  31.5   2.002   1.7   0.0
   1 1977 294 20473.  17.5  31.0   1.802   1.8   0.0
   1 1977 295 20850.  17.8  31.0   1.428   2.1   0.0
   1 1977 296 19092.  19.4  30.0   2.007   1.6   0.0
   1 1977 297 20767.  20.0  29.5   2.060   2.3   0.0
   1 1977 298 20683.  18.5  30.3   1.727   2.2   0.0
   1 1977 299 20808.  17.0  30.6   1.707   1.3   0.0
   1 1977 300 20557.  17.0  31.5   1.493   1.2   0.0
   1 1977 301 20432.  16.0  32.6   1.437   1.8   0.0
   1 1977 302 20139.  16.1  33.2   1.447   1.9   0.0
   1 1977 303 19845.  16.5  32.7   1.353   1.8   0.0
   1 1977 304 13775.  20.0  31.3   1.568   2.9   0.0
   1 1977 305  7536.  22.0  30.2   2.515   5.0   1.4
   1 1977 306 18966.  21.5  23.8   2.336   3.9  16.1
   1 1977 307 19176.  18.8  29.0   1.955   1.9   0.0
   1 1977 308 17333.  22.4  31.5   2.251   1.4   0.0
   1 1977 309 17250.  19.2  32.0   1.982   1.2   0.0
   1 1977 310 18464.  20.8  31.0   2.312   1.8   0.0
   1 1977 311 19050.  20.0  31.5   2.177   1.7   0.0
   1 1977 312 19008.  18.4  31.0   1.695   1.8   0.0
   1 1977 313 18422.  18.5  30.7   1.705   1.9   0.0
   1 1977 314 17459.  17.5  29.5   1.681   2.1   0.0
   1 1977 315 18464.  17.5  30.2   1.641   2.1   0.0
   1 1977 316  8039.  20.2  30.5   1.540   2.3   0.0
   1 1977 317 11681.  22.0  27.5   2.409   3.1   0.0
   1 1977 318 11179.  22.5  28.5   2.347   3.7   4.6
   1 1977 319 15449.  23.0  28.5   2.279   3.9   0.0
   1 1977 320 11346.  22.0  29.5   2.277   2.8   0.0
   1 1977 321 10634.  19.5  27.1   2.065   2.1   0.0
   1 1977 322 15952.  16.5  27.5   1.634   1.7   0.0
   1 1977 323 18171.  19.5  29.0   1.679   1.9   0.0
   1 1977 324 12477.  21.5  29.0   1.977   4.4   0.0
   1 1977 325 10886.  18.5  26.9   1.833   2.5   0.0
   1 1977 326 11974.  23.0  26.0   2.419   3.3   0.0
   1 1977 327 10844.  22.0  28.8   2.330   6.2   2.6
   1 1977 328 13230.  22.0  29.0   2.488   3.5   2.6
   1 1977 329 12393.  19.9  28.7   2.326   2.0   0.5
   1 1977 330  8834.  22.5  28.0   2.320   1.5   0.0
   1 1977 331 15449.  20.7  28.0   2.395   1.8   0.0
   1 1977 332 13984.  19.4  29.3   2.097   2.1   0.0
   1 1977 333 15072.  21.5  29.9   2.362   2.8   0.0
   1 1977 334 16245.  20.5  30.4   2.100   2.2   0.0
   1 1977 335 14612.  19.5  31.2   2.133   2.1   0.0
   1 1977 336 15198.  19.7  30.1   2.114   1.9   0.0
   1 1977 337 11932.  20.0  29.8   2.294   2.2   1.4
   1 1977 338 16035.  17.5  28.6   1.962   1.4   0.6
   1 1977 339 16873.  14.4  28.0   1.412   1.9   0.0
   1 1977 340 16957.  14.0  29.0   1.392   1.6   0.0
   1 1977 341 16622.  13.0  28.0   1.094   1.9   0.0
   1 1977 342 16915.  13.0  28.0   1.079   2.2   0.0
   1 1977 343 16915.  12.0  27.5   1.137   2.3   0.0
   1 1977 344 17333.  10.5  26.5   1.016   1.3   0.0
   1 1977 345 16831.  11.0  26.5   0.893   1.7   0.0
   1 1977 346 17082.  11.5  27.5   1.127   1.9   0.0
   1 1977 347 16873.  11.5  27.8   1.113   1.6   0.0
   1 1977 348 16998.  12.4  27.6   1.181   1.8   0.0
   1 1977 349 16998.  12.5  27.0   0.972   1.8   0.0
   1 1977 350 16957.  12.2  26.4   0.981   2.4   0.0
   1 1977 351 16789.  11.5  26.2   1.195   1.9   0.0
   1 1977 352 16831.  11.5  26.5   1.018   1.9   0.0
   1 1977 353 16747.  11.3  27.1   1.018   1.6   0.0
   1 1977 354 16412.  11.0  26.8   1.142   1.7   0.0
   1 1977 355 16329.  11.5  26.5   1.195   2.0   0.0
   1 1977 356 16538.  10.9  26.5   1.109   1.9   0.0
   1 1977 357 17501.  11.5  27.8   1.181   1.4   0.0
   1 1977 358 17585.  11.5  27.3   1.113   2.4   0.0
   1 1977 359 18464.  12.5  27.5   1.204   2.1   0.0
   1 1977 360 15659.  11.8  27.0   1.094   1.6   0.0
   1 1977 361 13272.  14.0  28.2   1.312   1.5   0.0
   1 1977 362 12309.  14.7  29.3   1.172   2.1   0.0
   1 1977 363 11514.  13.3  29.2   1.100   2.0   0.0
   1 1977 364 10802.   9.4  26.0   0.908   2.0   0.0
   1 1977 365 11011.  11.5  26.4   0.964   1.6   0.0
