*---------------------------------------------------------------------------*
* Station name: Kapurthala (Rice Research Station), India
* Year: 1985
* Author: Peter Uithol                                     -99.000: NIL VALUE
* Source: IRRI/WMO Special project
* Comments: Incomplete year (January and February only)
* Longitude: 75 52 E, latitude: 30 56 N, altitude: 247. m
*
* Column  Daily value
* 1       station number
* 2       year
* 3       day
* 4       irradiation                   (kJ m-2 d-1)
* 5       minimum temperature           (degrees Celsius)
* 6       maximum temperature           (degrees Celsius)
* 7       early morning vapour pressure (kPa)
* 8       mean wind speed (height: 2 m) (m s-1)
* 9       precipitation                 (mm d-1)
*---------------------------------------------------------------------------*
  75.87  30.93   247. 0.00 0.00
   6 1985   1  6397.   6.0  12.4   0.850   1.0   0.0
   6 1985   2  3964.   6.0  11.5   0.887   0.6   0.0
   6 1985   3  5216.   6.5  16.1   0.790   1.6   0.0
   6 1985   4  5292.   6.0  13.5   0.839   0.8   0.0
   6 1985   5  9475.  10.1  15.2   1.050   1.0   0.0
   6 1985   6  9702.   5.0  16.6   0.639   0.9   0.0
   6 1985   7  9968.   5.2  18.1   0.609   1.0   0.0
   6 1985   8 11678.   5.1  17.0   0.651   1.1   0.0
   6 1985   9 11149.   5.1  17.4   0.670   0.8   0.0
   6 1985  10 10541.   3.2  18.5   0.576   0.7   0.0
   6 1985  11 11110.   2.0  19.0   0.458   0.8   0.0
   6 1985  12 11452.   6.0  19.5   0.609   0.6   0.0
   6 1985  13 11869.   1.0  19.5   0.443   0.6   0.0
   6 1985  14 11869.   2.0  20.0   0.466   0.7   0.0
   6 1985  15  9360.   4.0  18.5   0.535   0.8   0.0
   6 1985  16  9475.   2.2  17.2   0.510   0.7   0.0
   6 1985  17 11225.   1.0  21.0   0.440   0.7   0.0
   6 1985  18  7690.   8.5  19.5   0.785   1.1   0.0
   6 1985  19  9968.  10.2  22.0   0.834   0.7   0.0
   6 1985  20  6775.   7.2  20.5   0.755   0.9   0.0
   6 1985  21  7384.  12.0  18.5   1.089   0.6   0.0
   6 1985  22 12629.   5.0  19.5   0.655   0.7   0.0
   6 1985  23 13352.   3.0  20.5   0.525   0.9   0.0
   6 1985  24 13237.   2.8  19.5   0.527   0.7   0.0
   6 1985  25 11376.   3.2  21.3   0.513   0.8   0.0
   6 1985  26  8374.  12.0  20.5   1.010   1.4   1.0
   6 1985  27 14112.   5.0  18.2   0.647   1.2   0.0
   6 1985  28 11794.   3.5  19.8   0.574   0.6   0.0
   6 1985  29 13162.   4.5  21.0   0.582   0.4   0.0
   6 1985  30 13658.   3.5  20.2   0.546   0.6   0.0
   6 1985  31 14036.   3.0  21.0   0.507   0.8   0.0
   6 1985  32 13392.   4.0  21.0   0.537   0.7   0.0
   6 1985  33 11225.   3.5  21.0   0.530   0.6   0.0
   6 1985  34 12287.   4.0  21.5   0.541   1.5   0.0
   6 1985  35  8716.   4.5  19.8   0.714   1.2   0.0
   6 1985  36 15062.   3.5  19.2   0.583   1.1   0.0
   6 1985  37 15710.   4.0  19.5   0.604   1.0   0.0
   6 1985  38 15746.   3.0  21.5   0.543   0.6   0.0
   6 1985  39 14872.   4.5  20.5   0.631   0.9   0.0
   6 1985  40 16013.   3.2  21.0   0.523   0.9   0.0
   6 1985  41 16164.   1.7  21.0   0.449   0.9   0.0
   6 1985  42 16128.   2.5  20.5   0.439   0.9   0.0
   6 1985  43 16430.   1.5  22.5   0.410   0.8   0.0
   6 1985  44 15786.   3.2  24.2   0.484   0.6   0.0
   6 1985  45 15444.   3.5  22.2   0.501   0.7   0.0
   6 1985  46 16052.   3.0  23.5   0.503   0.7   0.0
   6 1985  47 16013.   3.7  23.5   0.534   0.9   0.0
   6 1985  48 16736.   4.5  25.5   0.532   0.7   0.0
   6 1985  49 16661.   4.5  27.5   0.516   0.7   0.0
   6 1985  50 15520.   4.5  26.0   0.531   1.5   0.0
   6 1985  51 14760.  10.0  20.0   0.814   1.8   0.0
   6 1985  52 17460.   6.0  22.5   0.630   1.3   0.0
   6 1985  53 16243.   5.0  22.2   0.543   1.0   0.0
   6 1985  54 17039.   5.2  25.0   0.375   0.7   0.0
   6 1985  55 15404.   5.5  23.5   0.585   0.8   0.0
   6 1985  56 16927.   6.5  25.5   0.657   1.7   0.0
   6 1985  57 17078.   6.4  25.0   0.636   0.9   0.0
   6 1985  58 17496.   6.0  29.5   0.536   0.9   0.0
   6 1985  59 15862.   9.0  28.5   0.686   0.8   0.0
