*---------------------------------------------------------------------------*
* Station name: Patancheru ICRISAT, India
* Year: 1984
* Author: Peter Uithol                                     -99.000: NIL VALUE
* Source: ICRISAT tape FSAGRO
* Comments:
* Longitude: 78 28 E, latitude: 17 27 N, alt.: Hyderabad airport!: 21. m
*
* Column  Daily value
* 1       station number
* 2       year
* 3       day
* 4       irradiation                   (kJ m-2 d-1)
* 5       minimum temperature           (degrees Celsius)
* 6       maximum temperature           (degrees Celsius)
* 7       early morning vapour pressure (kPa)
* 8       mean wind speed (height: 2 m) (m s-1)
* 9       precipitation                 (mm d-1)
*---------------------------------------------------------------------------*
  78.47  17.45    21. 0.00 0.00
   1 1984   1  9588.  18.2  27.0   1.862   4.8   0.0
   1 1984   2 11556.  18.0  25.9   1.942   4.0   0.0
   1 1984   3  9839.  19.3  27.2   2.151   2.3   4.8
   1 1984   4  7746.  18.0  25.7   1.880   3.3   0.0
   1 1984   5 15114.  17.5  26.0   1.802   3.5   0.0
   1 1984   6 13356.  17.4  28.0   1.909   3.1   0.0
   1 1984   7 15910.  16.8  26.8   1.838   3.1   0.0
   1 1984   8 13356.  17.7  27.0   1.905   3.9   0.0
   1 1984   9 16454.  17.5  25.5   1.842   3.7   0.0
   1 1984  10 17082.  15.4  26.4   1.698   3.4   0.0
   1 1984  11 17082.  13.5  27.0   1.517   2.8   0.0
   1 1984  12 15324.  14.0  27.9   1.568   2.0   0.0
   1 1984  13 13440.  14.5  28.0   1.586   1.8   0.0
   1 1984  14 15910.  14.0  27.1   1.536   1.5   0.0
   1 1984  15 18171.  18.1  27.8   1.850   2.0   0.0
   1 1984  16 12393.  19.2  29.5   1.893   3.4   0.0
   1 1984  17 17166.  15.5  29.7   1.234   1.5   0.0
   1 1984  18 17208.  10.7  27.0   1.030   1.6   0.0
   1 1984  19 16538.  12.8  30.0   1.198   1.4   0.0
   1 1984  20 14277.  17.6  31.4   1.833   1.9   0.0
   1 1984  21 17585.  14.6  31.5   1.563   1.9   0.0
   1 1984  22 17836.  14.5  31.9   1.454   2.3   0.0
   1 1984  23 17710.  10.7  30.4   0.888   1.5   0.0
   1 1984  24 18045.  16.5  29.2   1.653   1.2   0.0
   1 1984  25 18087.  16.0  30.0   1.528   2.8   0.0
   1 1984  26 16663.  16.3  29.5   1.558   3.4   0.0
   1 1984  27 17668.  16.3  30.0   1.744   3.1   0.0
   1 1984  28 19259.  13.5  29.0   1.409   3.3   0.0
   1 1984  29 17250.  18.0  29.3   1.921   3.4   0.0
   1 1984  30 16622.  19.4  30.0   2.097   3.1   0.0
   1 1984  31 18171.  16.8  29.5   1.819   3.8   0.0
   1 1984  32 16454.  16.0  29.0   1.747   3.1   0.0
   1 1984  33 18087.  16.5  29.0   1.653   2.2   0.0
   1 1984  34 18171.  15.3  30.2   1.566   2.3   0.0
   1 1984  35 18757.  15.7  29.5   1.499   2.2   0.0
   1 1984  36 17752.  16.0  30.5   1.510   1.6   0.0
   1 1984  37 14235.  20.0  30.8   1.662   3.1   0.0
   1 1984  38  9546.  19.5  28.4   1.997   4.4   0.0
   1 1984  39 10467.  18.5  26.0   1.940   4.4   0.0
   1 1984  40 17166.  16.6  26.8   1.739   1.0   0.0
   1 1984  41 17920.  17.2  29.3   1.787   1.8   0.0
   1 1984  42 17543.  20.0  30.0   2.083   4.0   0.0
   1 1984  43 14361.  18.7  30.5   1.964   4.4   0.0
   1 1984  44 12309.  19.8  29.0   1.988   2.8   0.0
   1 1984  45 15072.  17.7  26.5   1.581   2.8   0.0
   1 1984  46 15994.  15.7  26.5   1.660   2.5   0.0
   1 1984  47 19134.  18.5  27.5   1.961   3.6   0.0
   1 1984  48 18673.  18.0  30.0   1.942   3.9   0.0
   1 1984  49 17836.  19.0  31.0   2.068   3.9   0.0
   1 1984  50 17417.  21.2  31.0   2.294   3.6   0.0
   1 1984  51 12602.  17.5  31.4   1.842   3.8   1.4
   1 1984  52 14444.  19.7  30.5   2.183   2.3   0.0
   1 1984  53 19259.  21.2  31.8   2.218   1.6   0.0
   1 1984  54 17543.  20.1  32.8   1.248   1.9   0.0
   1 1984  55 16370.  19.6  32.0   1.028   2.3   0.0
   1 1984  56 17250.  18.5  31.2   0.917   2.6   0.0
   1 1984  57 21311.  17.0  30.0   0.640   3.2   0.0
   1 1984  58 22232.  13.4  30.3   0.769   2.7   0.0
   1 1984  59 16998.  11.5  30.6   0.774   2.2   0.0
   1 1984  60 21520.  11.6  30.6   0.875   2.6   0.0
   1 1984  61 21018.  12.0  30.4   0.842   2.3   0.0
   1 1984  62 20641.  14.0  31.4   0.864   1.6   0.0
   1 1984  63 17375.  14.0  32.0   0.848   1.9   0.0
   1 1984  64  8918.  19.9  31.8   1.070   1.8   0.0
   1 1984  65 10467.  21.3  29.6   1.446   1.0   0.0
   1 1984  66 15952.  21.7  30.2   1.533   2.1   0.0
   1 1984  67 18003.  18.0  33.5   1.322   2.2   0.0
   1 1984  68 16119.  20.6  34.0   1.336   1.8   0.0
   1 1984  69 15072.  22.0  35.1   1.271   2.3   0.0
   1 1984  70 19636.  21.6  36.2   1.782   3.3  15.8
   1 1984  71 22023.  18.6  34.4   1.909   2.0   4.8
   1 1984  72 22232.  18.2  34.0   1.695   1.9   0.0
   1 1984  73 22232.  17.8  34.5   1.775   1.6   0.0
   1 1984  74 18254.  19.5  34.5   1.861   1.6   0.0
   1 1984  75 22316.  19.3  34.0   1.883   1.4   0.0
   1 1984  76 22232.  17.8  35.8   1.306   2.0   0.0
   1 1984  77 21813.  20.5  36.0   1.473   1.9   0.0
   1 1984  78 21353.  19.8  36.6   1.410   1.6   0.0
   1 1984  79 21311.  20.5  36.0   1.280   1.4   0.0
   1 1984  80 21729.  18.0  36.4   1.095   2.2   0.0
   1 1984  81 22023.  19.5  36.6   1.112   1.6   0.0
   1 1984  82 21311.  19.5  36.5   1.293   1.5   0.0
   1 1984  83 20348.  19.6  36.8   1.644   1.8   0.0
   1 1984  84 21060.  19.5  36.0   1.112   2.6   0.0
   1 1984  85 18799.  21.3  36.5   1.293   2.8   0.0
   1 1984  86 18296.  22.4  36.1   1.519   2.1   0.0
   1 1984  87 20599.  21.5  36.6   1.592   1.5   0.0
   1 1984  88 20557.  20.5  37.0   1.762   1.9   0.0
   1 1984  89 21855.  21.8  36.6   1.752   1.4   0.0
   1 1984  90 20976.  22.0  38.0   1.853   2.1   0.0
   1 1984  91 21018.  21.8  37.1   1.726   2.6   0.0
   1 1984  92 22609.  22.0  37.0   1.721   2.0   0.0
   1 1984  93 22190.  23.0  38.0   1.829   2.4   0.0
   1 1984  94 22692.  23.3  37.1   2.063   2.9   0.0
   1 1984  95 18715.  25.6  37.2   2.729   3.1   0.0
   1 1984  96 16831.  23.0  37.0   2.307   2.3  29.4
   1 1984  97 23614.  21.5  34.6   1.951   3.3   0.0
   1 1984  98 24367.  22.2  36.6   1.340   2.5   0.0
   1 1984  99 22986.  25.5  37.0   1.340   2.4   0.0
   1 1984 100 21353.  23.0  35.4   2.363   3.1   0.7
   1 1984 101 23823.  21.4  35.5   1.914   3.7   0.0
   1 1984 102 17543.  23.2  34.0   1.908   2.9   0.0
   1 1984 103 21478.  21.5  33.5   1.797   1.5   0.0
   1 1984 104 24409.  20.7  35.2   1.833   2.2   0.0
   1 1984 105 24242.  22.5  37.2   1.583   2.2   0.0
   1 1984 106 23195.  22.9  37.8   1.454   2.2   0.0
   1 1984 107 23990.  22.0  37.9   1.853   2.8   0.0
   1 1984 108 24200.  23.0  38.6   1.378   2.3   0.0
   1 1984 109 20097.  25.5  39.2   1.504   2.1   0.0
   1 1984 110 23739.  27.0  40.4   1.964   3.5   0.0
   1 1984 111 22358.  26.1  39.2   1.558   2.6   0.0
   1 1984 112 18799.  23.8  39.2   1.860   3.4   0.0
   1 1984 113 22316.  21.9  37.2   1.763   3.1   0.0
   1 1984 114 22944.  23.9  35.6   2.347   4.7   0.0
   1 1984 115 22441.  23.3  35.5   2.005   3.8   0.0
   1 1984 116 19301.  23.9  36.8   1.752   4.6   0.5
   1 1984 117 23614.  23.6  37.0   1.779   2.2   0.0
   1 1984 118 24911.  22.7  39.6   0.884   2.8   0.0
   1 1984 119 25372.  21.7  39.2   0.780   3.1   0.0
   1 1984 120 25623.  21.7  39.7   0.728   3.3   0.0
   1 1984 121 25539.  20.2  39.2   0.782   2.6   0.0
   1 1984 122 24493.  22.5  39.5   0.928   1.8   0.0
   1 1984 123 20725.  23.0  40.0   1.829   1.8   0.0
   1 1984 124 23655.  23.6  39.7   1.575   2.2   0.0
   1 1984 125 21562.  24.0  39.6   1.315   2.6   0.0
   1 1984 126 22441.  25.0  39.8   1.364   2.1   0.0
   1 1984 127 22944.  25.7  41.2   1.621   2.4   0.0
   1 1984 128 24786.  26.4  40.6   1.517   2.7   0.0
   1 1984 129 23237.  25.4  40.7   1.430   1.8   0.0
   1 1984 130 23948.  26.5  41.4   2.220   3.3   0.0
   1 1984 131 22609.  26.5  41.2   2.046   2.9   0.0
   1 1984 132 24283.  25.2  40.5   1.926   2.9   0.0
   1 1984 133 26084.  27.1  40.6   1.904   2.6   0.0
   1 1984 134 24744.  25.2  41.5   0.803   2.5   0.0
   1 1984 135 25874.  24.7  41.0   0.686   3.0   0.0
   1 1984 136 25958.  24.5  41.0   0.708   2.8   0.0
   1 1984 137 24870.  26.4  41.8   1.586   2.6   0.0
   1 1984 138 24493.  28.5  42.0   1.754   3.1   0.0
   1 1984 139 22902.  30.0  41.0   1.488   3.1   0.0
   1 1984 140 20892.  28.0  41.5   1.477   2.9   0.0
   1 1984 141 24200.  29.3  42.2   1.348   3.2   0.0
   1 1984 142 25749.  30.2  43.2   0.817   3.6   0.0
   1 1984 143 25079.  26.4  42.2   0.793   3.7   0.0
   1 1984 144 25372.  25.5  42.2   0.654   3.1   0.0
   1 1984 145 25163.  26.4  41.6   0.793   3.4   0.0
   1 1984 146 24828.  28.2  43.0   0.881   3.5   0.0
   1 1984 147 22399.  26.6  43.2   0.872   3.7   0.0
   1 1984 148 19217.  27.5  41.7   1.067   3.8   0.0
   1 1984 149  6908.  29.0  41.0   1.886   4.9   0.0
   1 1984 150 10425.  28.4  36.7   1.783   4.9   0.0
   1 1984 151 21520.  28.0  38.2   1.818   2.2   0.0
   1 1984 152 22609.  27.5  40.0   1.729   5.8   0.0
   1 1984 153 23069.  27.9  39.6   1.506   4.3   0.0
   1 1984 154 15952.  27.9  39.4   2.184   4.3   0.0
   1 1984 155 21897.  26.0  38.9   2.054   5.6   0.0
   1 1984 156 19678.  25.0  38.7   2.157   7.3   0.0
   1 1984 157 19427.  25.5  37.8   2.353   5.7   0.0
   1 1984 158 16496.  26.3  36.8   2.365   5.1   0.0
   1 1984 159 20641.  25.5  35.5   2.255   2.8   0.0
   1 1984 160 10383.  24.4  36.2   2.326   5.5   1.4
   1 1984 161 15114.  24.8  31.2   2.320   4.8   0.0
   1 1984 162  9085.  23.4  34.5   2.507   5.6   1.9
   1 1984 163 12225.  22.2  27.8   2.358   3.9  21.6
   1 1984 164 12728.  22.6  30.5   2.416   5.5  18.4
   1 1984 165 15240.  23.0  30.5   2.335   6.4   0.0
   1 1984 166 14821.  22.0  33.5   2.250   4.5  38.0
   1 1984 167 13272.  23.2  31.6   2.477   5.0   3.2
   1 1984 168 17124.  23.0  33.7   2.476   5.9   2.2
   1 1984 169 18296.  23.0  33.9   2.279   5.2   0.5
   1 1984 170 14444.  23.6  33.9   2.275   7.6   0.7
   1 1984 171 19929.  23.5  32.7   2.291   9.4   0.0
   1 1984 172 25456.  23.7  34.7   2.289   7.9   0.0
   1 1984 173 20808.  22.8  35.1   2.112   7.3   0.0
   1 1984 174 21562.  24.0  35.0   2.181   6.0   0.0
   1 1984 175 21688.  23.6  35.7   2.129   5.8   1.2
   1 1984 176 24032.  24.2  35.3   2.026   6.1   0.0
   1 1984 177 18882.  24.5  35.8   2.032   5.5   0.0
   1 1984 178 18799.  23.9  35.5   2.257   5.9   0.0
   1 1984 179  9169.  25.0  33.8   2.094   6.3   0.0
   1 1984 180  7997.  23.4  30.8   2.162   5.7   0.0
   1 1984 181 10969.  21.9  28.8   2.526   4.3   3.2
   1 1984 182 14989.  21.9  29.4   2.289   5.5   0.6
   1 1984 183 13440.  23.5  33.0   2.407   6.3   0.0
   1 1984 184 19176.  23.0  30.5   2.363   5.5   2.8
   1 1984 185 10928.  23.3  33.1   2.292   7.2   0.0
   1 1984 186  7076.  22.5  31.9   2.456   6.0  18.4
   1 1984 187 18045.  22.4  27.6   2.224   3.4   0.4
   1 1984 188 16831.  23.5  33.1   2.349   5.3   0.0
   1 1984 189 16622.  23.3  33.5   2.177   5.1   0.0
   1 1984 190 20390.  22.5  32.5   2.074   4.0   0.0
   1 1984 191 20432.  23.6  33.3   2.363   3.2   2.1
   1 1984 192 18045.  25.0  33.4   2.380   2.8   0.0
   1 1984 193  7704.  24.0  32.0   2.450   2.4   0.0
   1 1984 194 18338.  23.2  28.4   2.534   0.9   0.0
   1 1984 195 14528.  21.0  31.8   2.365   2.1  34.0
   1 1984 196  8918.  22.0  29.0   2.515   4.1   0.7
   1 1984 197 11388.  21.1  25.4   2.280   5.3   6.0
   1 1984 198  4899.  21.5  27.6   2.542   4.2  38.9
   1 1984 199 10676.  21.0  24.0   2.316   4.4  15.6
   1 1984 200 12937.  22.2  28.0   2.305   4.8   1.6
   1 1984 201 14863.  21.2  29.2   2.218   3.7   1.0
   1 1984 202 21897.  21.5  29.2   2.336   2.7   0.0
   1 1984 203 14696.  21.0  32.9   2.316   3.4   5.0
   1 1984 204 20641.  22.6  28.5   2.526   2.5   0.0
   1 1984 205 16161.  21.8  29.5   2.484   3.5   0.4
   1 1984 206 12519.  22.1  28.2   2.317   2.7   0.0
   1 1984 207 11514.  21.5  28.8   2.388   3.4   2.8
   1 1984 208 11556.  22.0  27.0   2.409   3.2   1.2
   1 1984 209 11262.  21.7  27.3   2.365   3.0   3.0
   1 1984 210 13649.  21.5  28.4   2.311   3.2  17.8
   1 1984 211 14235.  22.4  27.7   2.468   3.2   1.2
   1 1984 212  3014.  21.9  28.1   2.578   2.9  18.2
   1 1984 213  3056.  21.0  23.0   2.465   2.9  91.0
   1 1984 214 10928.  21.3  22.4   2.409   4.2  39.2
   1 1984 215 17794.  22.0  26.2   2.409   4.4   0.0
   1 1984 216 20767.  20.6  28.5   2.211   3.9   0.0
   1 1984 217 19385.  20.8  29.6   2.115   3.6   0.0
   1 1984 218 18882.  21.0  30.0   2.241   3.8   0.0
   1 1984 219 16705.  22.0  29.6   2.383   3.5   0.0
   1 1984 220 13105.  22.5  30.0   2.402   3.7   5.4
   1 1984 221 14486.  22.0  28.4   2.330   3.9   8.2
   1 1984 222 14193.  21.5  29.0   2.336   5.0   0.4
   1 1984 223 17794.  21.2  29.3   2.168   4.6   0.0
   1 1984 224 18715.  21.4  30.2   2.118   4.5   0.0
   1 1984 225 21227.  22.0  30.0   2.197   4.0   0.0
   1 1984 226 15826.  22.7  31.0   2.293   3.4   0.0
   1 1984 227 16287.  22.0  30.0   2.197   3.5   0.0
   1 1984 228 13188.  22.5  29.6   2.292   3.8   0.3
   1 1984 229 16580.  21.7  29.4   2.235   3.8   0.0
   1 1984 230 14235.  22.0  29.7   2.118   4.4   0.0
   1 1984 231 15114.  21.0  28.8   1.892   4.4   0.0
   1 1984 232 21227.  21.5  30.0   2.259   3.7   0.0
   1 1984 233 21353.  21.7  31.5   2.053   3.5   0.0
   1 1984 234 16454.  21.9  31.9   2.158   2.9   0.0
   1 1984 235 17543.  24.4  30.5   2.204   2.4   0.0
   1 1984 236 14193.  23.3  31.5   2.177   2.4   0.0
   1 1984 237 19050.  22.4  29.8   2.143   1.8   0.0
   1 1984 238 19678.  23.0  31.1   2.194   2.5   0.0
   1 1984 239 18882.  22.8  31.8   2.223   3.3   0.0
   1 1984 240 15742.  23.0  31.8   2.307   2.6   0.0
   1 1984 241 15240.  21.9  30.2   2.263   2.8   1.4
   1 1984 242 15491.  21.0  30.4   2.191   3.4   1.8
   1 1984 243 13858.  21.5  29.0   2.054   4.0   0.0
   1 1984 244 15826.  23.0  30.3   1.997   3.9   0.0
   1 1984 245 13565.  23.0  30.6   1.969   3.5   0.0
   1 1984 246 15826.  22.5  31.0   1.992   3.0   0.0
   1 1984 247 18548.  20.6  30.0   1.822   2.7   0.0
   1 1984 248 15156.  22.0  31.2   2.065   3.1   0.0
   1 1984 249 17794.  22.0  30.6   2.065   2.6   0.0
   1 1984 250 18506.  21.7  32.0   1.949   2.4   0.0
   1 1984 251 21395.  23.0  32.0   2.279   3.2   0.0
   1 1984 252 22190.  20.5  31.0   1.859   2.2   0.0
   1 1984 253 13021.  22.0  31.2   2.012   2.0   0.0
   1 1984 254  6783.  21.0  28.8   2.440   3.1  15.3
   1 1984 255  8164.  21.0  24.6   2.465   2.1  51.0
   1 1984 256 18548.  19.4  25.8   2.097   2.6   7.2
   1 1984 257 21646.  19.5  28.5   2.065   1.9   0.0
   1 1984 258 18882.  21.2  31.0   2.395   1.4   0.0
   1 1984 259 20390.  22.5  29.7   2.292   0.9   0.0
   1 1984 260 13858.  22.5  32.0   2.538   1.1   2.0
   1 1984 261 18966.  21.8  29.5   2.537   0.8   0.0
   1 1984 262 17878.  21.5  30.2   2.234   1.1   0.0
   1 1984 263 19636.  22.0  31.0   2.435   0.9  11.4
   1 1984 264 19050.  23.2  30.3   2.563   1.4   0.0
   1 1984 265 20515.  22.0  30.8   2.462   1.1   0.0
   1 1984 266 21939.  22.0  31.2   2.488   2.6   0.0
   1 1984 267 20432.  22.0  32.0   2.383   0.9   8.2
   1 1984 268 18799.  22.0  30.4   2.435   1.6   0.0
   1 1984 269 19134.  21.9  31.2   2.315   1.3   0.5
   1 1984 270 18003.  21.5  31.5   2.439   0.9   1.8
   1 1984 271 18254.  21.5  31.2   2.490   1.3   1.8
   1 1984 272 16496.  21.0  31.0   2.291   1.3   0.0
   1 1984 273 17543.  19.0  30.5   2.002   1.4   0.0
   1 1984 274 22148.  20.0  31.0   1.826   1.6   0.0
   1 1984 275 22190.  18.0  32.0   1.839   1.7   0.0
   1 1984 276 21143.  18.5  32.0   1.812   1.3   0.0
   1 1984 277 19929.  23.0  32.0   2.194   1.5   0.0
   1 1984 278 18129.  22.5  31.0   2.374   2.3   0.0
   1 1984 279 19469.  23.5  31.5   2.523   3.4   0.0
   1 1984 280 19887.  21.4  32.0   2.195   1.6   0.0
   1 1984 281 19678.  22.5  31.0   2.156   2.4   0.0
   1 1984 282  6238.  23.0  31.2   2.616   2.6   8.6
   1 1984 283 10509.  22.0  26.5   2.568   1.5  14.4
   1 1984 284  9337.  21.0  28.9   2.440   1.3  42.6
   1 1984 285 17501.  21.6  28.2   2.532   2.1   7.4
   1 1984 286 19385.  18.0  27.2   1.839   1.6   0.0
   1 1984 287 19804.  15.8  28.9   1.329   1.8   0.0
   1 1984 288 21227.  17.5  29.3   1.721   2.0   0.0
   1 1984 289 21520.  15.0  29.6   1.297   1.6   0.0
   1 1984 290 20641.  17.5  30.0   1.641   1.4   0.0
   1 1984 291 21311.  16.7  30.3   1.484   1.2   0.0
   1 1984 292 20808.  19.5  30.6   1.838   0.7   0.0
   1 1984 293 14696.  23.6  31.7   2.450   1.0   0.0
   1 1984 294 19008.  21.3  31.3   2.359   1.2   0.0
   1 1984 295 16329.  21.4  31.0   2.271   1.3   0.0
   1 1984 296 13733.  21.2  31.0   2.017   1.1   0.0
   1 1984 297 19301.  20.6  30.7   2.308   0.8   7.4
   1 1984 298 20725.  18.0  30.5   1.818   1.1   0.0
   1 1984 299 21855.  16.5  30.5   1.540   1.5   0.0
   1 1984 300 19050.  17.6  30.5   1.732   1.4   0.0
   1 1984 301 16035.  18.5  30.7   1.812   1.2   0.0
   1 1984 302 19259.  20.5  30.2   2.028   0.7   0.0
   1 1984 303 18422.  19.0  31.2   1.848   1.1   0.0
   1 1984 304 23027.  14.5  31.1   1.338   1.6   0.0
   1 1984 305 17836.  14.6  29.6   1.397   1.7   0.0
   1 1984 306 14738.  21.0  29.5   1.992   1.4   0.0
   1 1984 307 16454.  19.5  28.2   2.178   2.4   6.4
   1 1984 308 14989.  19.5  28.5   2.156   1.9   0.0
   1 1984 309 18799.  19.5  28.2   2.156   1.8   0.0
   1 1984 310 19134.  18.1  29.5   1.725   1.4   0.0
   1 1984 311 20097.  16.0  30.0   1.237   2.1   0.0
   1 1984 312 20139.  12.5  30.0   1.233   2.1   0.0
   1 1984 313 19678.  12.5  29.0   1.305   1.0   0.0
   1 1984 314 19259.  12.5  30.0   1.276   1.2   0.0
   1 1984 315 16370.  13.4  29.9   1.338   1.5   0.0
   1 1984 316 14319.  13.2  29.0   1.291   1.7   0.0
   1 1984 317 11639.  18.6  27.7   1.480   2.5   0.0
   1 1984 318 20976.  14.0  27.5   0.992   1.7   0.0
   1 1984 319 13565.  13.8  28.6   1.121   2.1   0.0
   1 1984 320 18213.  13.5  28.0   1.208   1.4   0.0
   1 1984 321 17291.  16.4  29.2   1.437   1.6   0.0
   1 1984 322 16873.  13.7  29.2   1.114   1.4   0.0
   1 1984 323 18589.  11.6  28.8   1.080   1.8   0.0
   1 1984 324 17836.  11.1  28.5   0.978   1.3   0.0
   1 1984 325 17961.  11.0  27.8   0.998   1.4   0.0
   1 1984 326 18171.  10.9  27.2   0.926   1.7   0.0
   1 1984 327 17920.  11.0  27.6   1.037   1.5   0.0
   1 1984 328 17417.  10.7  27.0   0.978   1.9   0.0
   1 1984 329 18003.  10.2  26.8   0.996   2.1   0.0
   1 1984 330 17501.   9.4  26.2   0.826   2.7   0.0
   1 1984 331 17710.   9.5  26.0   0.962   1.9   0.0
   1 1984 332 17333.   9.4  26.0   0.967   1.7   0.0
   1 1984 333 17710.   8.5  26.5   0.977   1.7   0.0
   1 1984 334 15533.   8.5  26.5   0.888   1.5   0.0
   1 1984 335 14110.  10.5  24.8   1.016   2.2   0.0
   1 1984 336 12058.  20.5  28.4   1.787   3.5   0.0
   1 1984 337  8625.  18.8  28.9   1.955   2.6   0.0
   1 1984 338 12895.  21.0  27.5   2.340   1.8   0.0
   1 1984 339 15533.  19.0  30.0   1.980   1.3   0.0
   1 1984 340 16747.  16.4  31.0   1.755   1.0   0.0
   1 1984 341 16496.  15.8  30.6   1.581   1.6   0.0
   1 1984 342 16329.  15.5  30.4   1.516   1.2   0.0
   1 1984 343 16035.  14.5  30.1   1.272   1.3   0.0
   1 1984 344 17040.  13.9  29.2   1.335   1.5   0.0
   1 1984 345 16957.  11.8  29.2   1.011   1.3   0.0
   1 1984 346 16957.  11.0  29.9   1.037   1.4   0.0
   1 1984 347 16957.  12.5  30.6   1.117   1.0   0.0
   1 1984 348 16538.  13.6  31.2   1.200   0.8   0.0
   1 1984 349 16957.  11.5  29.8   1.127   1.2   0.0
   1 1984 350 16957.  11.6  29.6   1.162   1.2   0.0
   1 1984 351 16873.  10.5  29.5   1.003   1.1   0.0
   1 1984 352 16998.  11.5  29.6   0.977   1.2   0.0
   1 1984 353 16329.  10.7  29.5   1.055   1.3   0.0
   1 1984 354 16119.  11.0  29.5   1.129   1.0   0.0
   1 1984 355 16454.  11.0  28.0   1.208   1.5   0.0
   1 1984 356 15449.  10.7  27.5   1.133   1.5   0.0
   1 1984 357 15826.  10.9  26.5   1.187   1.5   0.0
   1 1984 358 14068.   9.6  27.1   0.992   1.4   0.0
   1 1984 359 16119.   8.5  27.0   0.899   0.9   0.0
   1 1984 360 13942.  11.2  28.5   0.945   0.9   0.0
   1 1984 361 15952.  13.5  28.5   1.146   1.1   0.0
   1 1984 362 14947.  17.0  30.0   1.784   1.3   0.0
   1 1984 363 15533.  14.6  29.4   1.397   1.8   0.0
   1 1984 364 14612.  19.0  30.4   1.958   2.4   0.0
   1 1984 365  5820.  18.3  29.0   1.958   3.1   0.0
