*---------------------------------------------------------------------------*
* Station name: Patancheru ICRISAT, India
* Year: 1975
* Author: Peter Uithol                                     -99.000: NIL VALUE
* Source: ICRISAT tape FSAGRO
* Comments: No irradiation data available.
* Longitude: 78 28 E, latitude: 17 27 N, alt.: Hyderabad airport!: 21. m
*
* Column  Daily value
* 1       station number
* 2       year
* 3       day
* 4       irradiation                   (kJ m-2 d-1)
* 5       minimum temperature           (degrees Celsius)
* 6       maximum temperature           (degrees Celsius)
* 7       early morning vapour pressure (kPa)
* 8       mean wind speed (height: 2 m) (m s-1)
* 9       precipitation                 (mm d-1)
*---------------------------------------------------------------------------*
  78.47  17.45    21. 0.00 0.00
   1 1975   1   -99.  10.4  29.0   1.186   2.4   0.0
   1 1975   2   -99.  12.5  29.2   1.407   2.9   0.0
   1 1975   3   -99.  13.5  29.1   1.517   1.9   0.0
   1 1975   4   -99.  14.4  28.2   1.592   2.3   0.0
   1 1975   5   -99.  12.7  26.1   1.117   2.6   0.0
   1 1975   6   -99.   7.4  26.1   0.886   2.1   0.0
   1 1975   7   -99.   5.4  25.4   0.816   1.8   0.0
   1 1975   8   -99.   5.6  26.5   0.773   1.8   0.0
   1 1975   9   -99.   9.8  27.7   1.103   1.8   0.0
   1 1975  10   -99.  10.2  28.1   1.046   2.1   0.0
   1 1975  11   -99.  14.8  27.6   0.927   1.7   0.0
   1 1975  12   -99.  11.4  28.9   0.890   2.0   0.0
   1 1975  13   -99.  10.0  29.1   1.032   1.6   0.0
   1 1975  14   -99.  12.5  29.1   1.146   1.9   0.0
   1 1975  15   -99.  12.6  26.6   0.832   2.6   0.0
   1 1975  16   -99.   9.8  27.1   0.933   2.3   0.0
   1 1975  17   -99.   8.6  26.7   0.995   2.3   0.0
   1 1975  18   -99.  11.2  26.7   0.905   2.6   0.0
   1 1975  19   -99.   9.9  26.1   1.061   2.4   0.0
   1 1975  20   -99.  11.6  27.3   1.271   2.0   0.0
   1 1975  21   -99.  15.8  28.3   1.635   2.6   0.0
   1 1975  22   -99.  18.0  28.5   1.797   4.0   0.0
   1 1975  23   -99.  20.0  30.1   2.224   3.7   0.0
   1 1975  24   -99.  19.0  29.6   2.178   3.3  33.8
   1 1975  25   -99.  20.6  27.6   2.308   2.5   1.2
   1 1975  26   -99.  17.9  27.1   2.012   1.9   0.0
   1 1975  27   -99.  13.4  27.0   1.277   1.9   0.0
   1 1975  28   -99.  11.2  27.7   1.211   2.2   0.0
   1 1975  29   -99.  11.7  27.8   1.100   2.0   0.0
   1 1975  30   -99.  12.0  28.3   1.277   1.7   0.0
   1 1975  31   -99.  12.7  28.6   1.440   1.6   0.0
   1 1975  32   -99.  16.0  30.7   1.619   2.4   0.0
   1 1975  33   -99.  15.6  32.0   1.703   3.0   0.0
   1 1975  34   -99.  18.1  28.6   1.788   2.4   0.0
   1 1975  35   -99.  17.0  30.8   1.707   3.5   0.0
   1 1975  36   -99.  16.6  33.1   1.796   3.2   0.0
   1 1975  37   -99.  20.5  32.6   2.294   2.3   0.0
   1 1975  38   -99.  17.2  30.3   1.944   2.9   0.0
   1 1975  39   -99.  17.0  30.3   1.939   1.8   0.0
   1 1975  40   -99.  14.8  32.1   1.600   1.6   0.0
   1 1975  41   -99.  17.0  32.6   1.687   1.9   0.0
   1 1975  42   -99.  15.0  33.6   1.297   1.6   0.0
   1 1975  43   -99.  14.1  31.7   1.079   1.9   0.0
   1 1975  44   -99.  14.0  32.6   1.184   1.9   0.0
   1 1975  45   -99.  16.0  33.1   1.474   1.9   0.0
   1 1975  46   -99.  18.2  32.2   1.987   2.3   0.0
   1 1975  47   -99.  16.8  32.5   1.551   1.8   0.0
   1 1975  48   -99.  17.0  30.9   1.765   1.9   0.0
   1 1975  49   -99.  18.8  28.6   2.064   2.5   0.0
   1 1975  50   -99.  18.6  29.6   1.931   5.1   0.0
   1 1975  51   -99.  17.5  29.2   1.701   3.9   0.0
   1 1975  52   -99.  19.0  30.1   1.518   2.9   0.0
   1 1975  53   -99.  16.5  28.1   1.634   3.1   0.0
   1 1975  54   -99.  15.6  29.1   1.490   2.9   0.0
   1 1975  55   -99.  17.0  27.7   1.377   2.6   0.0
   1 1975  56   -99.  16.0  29.1   1.292   2.4   0.0
   1 1975  57   -99.  15.5  29.6   1.498   2.3   0.0
   1 1975  58   -99.  18.6  31.3   1.802   2.4   0.0
   1 1975  59   -99.  17.6  31.9   1.350   2.8   0.0
   1 1975  60   -99.  17.2  32.1   1.512   2.8   0.0
   1 1975  61   -99.  17.5  33.5   1.541   2.3   0.0
   1 1975  62   -99.  18.5  33.8   1.556   1.7   0.0
   1 1975  63   -99.  18.0  34.1   1.467   1.6   0.0
   1 1975  64   -99.  18.5  34.6   1.641   2.5   0.0
   1 1975  65   -99.  16.0  35.2   1.201   3.6   0.0
   1 1975  66   -99.  21.0  35.6   2.116   3.5   0.0
   1 1975  67   -99.  20.6  33.6   2.211   2.8   0.0
   1 1975  68   -99.  20.1  28.2   2.120   4.0  19.5
   1 1975  69   -99.  18.0  28.1   1.715   3.1   0.3
   1 1975  70   -99.  20.5  31.8   2.221   2.6   0.0
   1 1975  71   -99.  21.1  31.4   2.305   2.5   4.1
   1 1975  72   -99.  18.4  32.6   2.076   2.2   0.0
   1 1975  73   -99.  17.4  33.1   1.730   3.2   0.0
   1 1975  74   -99.  19.0  34.7   1.738   3.0   0.0
   1 1975  75   -99.  18.6  36.6   1.330   2.6   0.0
   1 1975  76   -99.  18.5  37.6   0.874   2.8   0.0
   1 1975  77   -99.  20.8  37.9   1.008   3.8   0.0
   1 1975  78   -99.  21.0  37.9   1.071   2.4   0.0
   1 1975  79   -99.  16.8  38.1   1.130   3.1   0.0
   1 1975  80   -99.  21.0  38.1   1.768   2.6   0.0
   1 1975  81   -99.  21.5  37.7   1.463   3.6   0.0
   1 1975  82   -99.  18.4  39.0   0.974   3.4   0.0
   1 1975  83   -99.  18.4  35.1   1.208   3.0   0.0
   1 1975  84   -99.  18.8  36.3   1.108   1.9   0.0
   1 1975  85   -99.  13.0  33.1   0.644   2.9   0.0
   1 1975  86   -99.  16.5  32.9   0.545   2.4   0.0
   1 1975  87   -99.  21.9  33.9   2.105   2.8   0.0
   1 1975  88   -99.  18.5  33.1   1.535   2.3   0.0
   1 1975  89   -99.  17.3  35.1   1.146   1.7   0.0
   1 1975  90   -99.  17.5  36.2   1.081   2.0   0.0
   1 1975  91   -99.  16.6  37.1   1.002   2.0   0.0
   1 1975  92   -99.  21.0  36.6   1.295   2.3   0.0
   1 1975  93   -99.  19.2  37.6   0.913   2.4   0.0
   1 1975  94   -99.  19.4  38.1   1.105   2.8   0.0
   1 1975  95   -99.  21.2  38.6   0.907   2.6   0.0
   1 1975  96   -99.  23.0  39.3   1.435   2.7   0.0
   1 1975  97   -99.  23.5  39.7   2.175   3.2   0.0
   1 1975  98   -99.  24.8  39.6   2.038   3.5   0.0
   1 1975  99   -99.  25.5  39.1   1.732   3.8   0.0
   1 1975 100   -99.  24.6  38.1   1.766   3.6   0.0
   1 1975 101   -99.  23.7  37.1   1.732   3.2   0.0
   1 1975 102   -99.  22.0  38.1   1.800   3.7   0.0
   1 1975 103   -99.  24.8  39.1   2.132   3.2   0.0
   1 1975 104   -99.  25.6  38.8   2.532   4.3   0.0
   1 1975 105   -99.  25.0  39.1   2.348   4.6   0.0
   1 1975 106   -99.  24.1  39.1   2.044   3.2   0.0
   1 1975 107   -99.  24.2  39.1   2.299   2.3   0.0
   1 1975 108   -99.  22.6  40.1   1.785   2.2   0.0
   1 1975 109   -99.  23.0  40.3   1.969   2.2   0.0
   1 1975 110   -99.  22.5  39.6   1.938   3.0   0.0
   1 1975 111   -99.  26.0  39.1   2.323   3.3   0.0
   1 1975 112   -99.  25.4  39.8   1.657   2.4   0.0
   1 1975 113   -99.  24.2  40.1   1.905   2.7   0.0
   1 1975 114   -99.  23.5  40.9   1.508   3.6   0.0
   1 1975 115   -99.  25.5  40.6   1.405   3.0   0.0
   1 1975 116   -99.  25.5  40.6   1.830   3.2   0.0
   1 1975 117   -99.  24.5  39.6   1.632   2.9   0.0
   1 1975 118   -99.  25.0  39.1   1.808   2.4   0.0
   1 1975 119   -99.  24.5  39.6   1.540   3.2   0.0
   1 1975 120   -99.  27.0  39.1   1.964   3.2   0.0
   1 1975 121   -99.  24.8  38.9   1.944   2.4   0.0
   1 1975 122   -99.  27.0  40.6   2.143   2.8   0.0
   1 1975 123   -99.  24.6  39.3   1.611   3.6   0.8
   1 1975 124   -99.  27.5  38.8   2.391   4.4   0.0
   1 1975 125   -99.  27.1  39.6   2.012   4.6   0.0
   1 1975 126   -99.  26.4  39.2   1.586   3.8   0.0
   1 1975 127   -99.  26.0  39.1   2.054   3.3   0.0
   1 1975 128   -99.  27.0  38.7   1.964   4.0   0.0
   1 1975 129   -99.  25.5  41.1   1.961   6.1   0.0
   1 1975 130   -99.  29.8  41.1   1.387   3.8   0.0
   1 1975 131   -99.  25.5  41.5   1.405   5.3   0.0
   1 1975 132   -99.  26.8  39.2   1.518   5.3   0.0
   1 1975 133   -99.  28.1  41.6   1.562   5.6   0.0
   1 1975 134   -99.  27.1  42.6   1.545   4.9   0.0
   1 1975 135   -99.  23.4  40.0   1.816   4.9   0.0
   1 1975 136   -99.  24.0  38.1   1.404   4.0   0.0
   1 1975 137   -99.  25.9  39.6   1.573   5.3   0.0
   1 1975 138   -99.  28.0  39.6   1.174   4.6   0.0
   1 1975 139   -99.  28.8  40.7   1.547   4.8   0.0
   1 1975 140   -99.  25.0  41.1   0.888   3.5   0.0
   1 1975 141   -99.  27.4  41.9   1.609   3.4   0.0
   1 1975 142   -99.  28.4  40.6   1.589   3.4   0.0
   1 1975 143   -99.  27.6  41.1   1.147   4.1   0.0
   1 1975 144   -99.  25.0  40.6   0.984   3.6   0.0
   1 1975 145   -99.  27.3  40.1   1.636   4.4   0.0
   1 1975 146   -99.  28.5  40.4   1.287   3.8   0.0
   1 1975 147   -99.  26.8  40.6   2.224   3.3   0.0
   1 1975 148   -99.  26.0  40.3   2.391   4.3   0.0
   1 1975 149   -99.  25.0  38.9   2.253   3.3   0.9
   1 1975 150   -99.  28.0  36.7   2.007   2.8   0.0
   1 1975 151   -99.  28.0  36.7   2.007   2.8   0.0
   1 1975 152   -99.  28.0  36.7   2.007   2.8   1.0
   1 1975 153   -99.  28.0  36.7   2.007   2.8  29.1
   1 1975 154   -99.  22.1  35.0   2.397   5.0  18.0
   1 1975 155   -99.  23.9  35.6   2.050   4.9   0.0
   1 1975 156   -99.  23.1  34.1   2.123   5.9   0.0
   1 1975 157   -99.  24.2  35.1   2.238   6.0   0.2
   1 1975 158   -99.  24.5  35.6   2.125   6.2   0.0
   1 1975 159   -99.  24.6  37.2   2.075   6.1   0.5
   1 1975 160   -99.  25.0  38.2   1.999   6.5   0.0
   1 1975 161   -99.  25.9  37.6   1.941   6.0   0.0
   1 1975 162   -99.  25.4  37.3   1.820   5.5   0.0
   1 1975 163   -99.  25.6  38.0   2.269   5.1   0.0
   1 1975 164   -99.  22.7  37.5   2.597   5.5   7.2
   1 1975 165   -99.  24.2  31.1   2.661   3.7   0.3
   1 1975 166   -99.  23.5  31.9   2.523   6.0   0.0
   1 1975 167   -99.  22.9  31.1   2.377   6.3   0.7
   1 1975 168   -99.  23.9  29.6   2.347   5.8   0.0
   1 1975 169   -99.  24.9  30.5   2.176   5.2   0.0
   1 1975 170   -99.  22.7  30.8   2.127   5.2   2.5
   1 1975 171   -99.  24.2  31.1   2.299   8.0   0.0
   1 1975 172   -99.  23.3  32.7   2.149   8.6   0.0
   1 1975 173   -99.  22.5  35.8   2.047   6.2   0.0
   1 1975 174   -99.  23.0  34.5   2.138   6.4   0.0
   1 1975 175   -99.  23.0  33.1   2.082   8.0   0.0
   1 1975 176   -99.  23.6  33.6   2.275   8.6   0.0
   1 1975 177   -99.  21.0  34.6   2.365   6.7  23.0
   1 1975 178   -99.  22.1  24.7   2.424   5.7   2.9
   1 1975 179   -99.  21.5  26.6   2.388   7.8  11.0
   1 1975 180   -99.  21.1  26.4   2.280   7.1   2.0
   1 1975 181   -99.  21.7  32.2   2.261   7.3   0.0
   1 1975 182   -99.  22.5  34.7   2.292   7.0   0.0
   1 1975 183   -99.  21.7  32.6   2.469   7.2   5.9
   1 1975 184   -99.  22.0  26.6   2.462   3.9   0.0
   1 1975 185   -99.  21.4  29.8   2.297   4.8   7.3
   1 1975 186   -99.  20.6  26.6   2.211   4.9  17.9
   1 1975 187   -99.  21.8  28.9   2.327   3.9  12.4
   1 1975 188   -99.  22.4  32.1   2.414   4.4   1.2
   1 1975 189   -99.  21.7  32.3   2.443   5.6  54.4
   1 1975 190   -99.  21.0  25.1   2.241   7.1   8.6
   1 1975 191   -99.  22.0  26.6   2.330   7.1   0.0
   1 1975 192   -99.  22.4  30.2   2.441   4.6  11.0
   1 1975 193   -99.  22.5  30.1   2.374   4.3   0.0
   1 1975 194   -99.  23.0  32.0   2.448   4.4   0.9
   1 1975 195   -99.  22.1  30.2   2.370   4.4   1.6
   1 1975 196   -99.  22.6  32.1   2.389   5.7   0.0
   1 1975 197   -99.  22.0  31.7   2.250   5.3   0.0
   1 1975 198   -99.  22.6  33.1   2.224   5.8   0.0
   1 1975 199   -99.  22.9  30.8   2.377   5.2   0.0
   1 1975 200   -99.  22.5  30.9   2.402   4.6   0.6
   1 1975 201   -99.  22.0  31.5   2.356   3.9   0.0
   1 1975 202   -99.  23.0  31.8   2.476   3.4   0.0
   1 1975 203   -99.  22.5  28.6   2.647   2.4  10.0
   1 1975 204   -99.  22.1  28.2   2.477   2.3   0.3
   1 1975 205   -99.  22.2  30.8   2.492   3.3   0.0
   1 1975 206   -99.  22.5  31.6   2.374   3.4   0.0
   1 1975 207   -99.  23.0  32.5   2.391   2.8   0.0
   1 1975 208   -99.  23.4  31.6   2.450   2.2   0.0
   1 1975 209   -99.  22.6  32.9   2.471   3.4   0.0
   1 1975 210   -99.  22.0  30.0   2.303   2.6   3.6
   1 1975 211   -99.  21.4  28.6   2.501   3.2  58.0
   1 1975 212   -99.  21.6  26.4   2.454   3.9   1.5
   1 1975 213   -99.  21.9  27.5   2.552   3.5   3.0
   1 1975 214   -99.  21.6  28.6   2.351   3.4   3.0
   1 1975 215   -99.  21.5  29.7   2.362   3.7  20.9
   1 1975 216   -99.  21.5  29.2   2.439   4.1  11.1
   1 1975 217   -99.  21.2  27.3   2.420   4.5  10.7
   1 1975 218   -99.  22.1  26.6   2.450   3.8   0.0
   1 1975 219   -99.  22.9  29.3   2.573   3.7   2.8
   1 1975 220   -99.  21.8  29.2   2.301   4.8   0.0
   1 1975 221   -99.  22.2  29.1   2.358   4.8   0.0
   1 1975 222   -99.  22.9  29.3   2.517   5.1   3.0
   1 1975 223   -99.  23.1  30.3   2.406   4.6   0.0
   1 1975 224   -99.  23.1  30.1   2.406   5.6   0.0
   1 1975 225   -99.  22.0  29.1   2.462   5.6   1.8
   1 1975 226   -99.  21.9  25.9   2.315   4.7  11.4
   1 1975 227   -99.  23.0  30.2   2.419   4.8   0.0
   1 1975 228   -99.  20.9  30.2   2.277   3.7  22.5
   1 1975 229   -99.  20.9  29.1   2.277   2.8   0.0
   1 1975 230   -99.  22.4  30.0   2.468   2.4   2.0
   1 1975 231   -99.  21.5  30.1   2.542   2.6   9.4
   1 1975 232   -99.  22.9  30.0   2.600   2.8   0.7
   1 1975 233   -99.  22.6  29.2   2.252   2.3   0.0
   1 1975 234   -99.  21.6  29.1   2.377   2.2   2.0
   1 1975 235   -99.  22.0  29.1   2.330   2.1   0.0
   1 1975 236   -99.  20.5  30.6   2.221   2.2   0.0
   1 1975 237   -99.  22.2  31.8   2.599   2.3   1.9
   1 1975 238   -99.  22.3  30.2   2.400   2.6   0.0
   1 1975 239   -99.  22.6  31.1   2.608   2.6   3.7
   1 1975 240   -99.  21.8  28.1   2.510   2.4   4.3
   1 1975 241   -99.  21.4  28.2   2.271   1.9   5.6
   1 1975 242   -99.  21.9  27.2   2.473   1.6   0.0
   1 1975 243   -99.  22.0  31.7   2.568   1.5  19.6
   1 1975 244   -99.  22.0  29.1   2.568   1.0   5.1
   1 1975 245   -99.  21.3  29.1   2.359   2.4  12.8
   1 1975 246   -99.  21.2  27.6   2.344   3.8   5.3
   1 1975 247   -99.  20.6  26.1   2.332   3.6  24.9
   1 1975 248   -99.  20.8  26.6   2.263   3.6   1.0
   1 1975 249   -99.  21.0  28.9   2.241   3.6   8.8
   1 1975 250   -99.  21.0  28.6   2.365   3.5  13.6
   1 1975 251   -99.  20.6  26.9   2.381   3.3  25.0
   1 1975 252   -99.  20.6  26.8   2.332   3.4 155.7
   1 1975 253   -99.  20.8  23.0   2.361   3.8   5.0
   1 1975 254   -99.  21.6  26.7   2.480   2.5   0.6
   1 1975 255   -99.  20.2  28.9   2.133   1.8   0.0
   1 1975 256   -99.  20.9  30.0   2.178   1.7   0.0
   1 1975 257   -99.  21.8  30.6   2.197   1.5   0.0
   1 1975 258   -99.  21.6  31.1   2.506   1.8   0.0
   1 1975 259   -99.  21.5  31.4   2.465   1.5  30.0
   1 1975 260   -99.  21.4  30.1   2.348   2.1  14.3
   1 1975 261   -99.  22.2  29.9   2.465   1.5   0.0
   1 1975 262   -99.  22.3  30.7   2.480   1.7   6.7
   1 1975 263   -99.  21.2  31.1   2.269   1.5   0.0
   1 1975 264   -99.  22.3  30.8   2.534   1.1   0.0
   1 1975 265   -99.  22.6  30.5   2.361   2.0   0.0
   1 1975 266   -99.  22.6  31.6   2.663   1.3   0.0
   1 1975 267   -99.  21.0  32.0   2.390   1.9  83.0
   1 1975 268   -99.  21.7  28.7   2.521   1.5   1.6
   1 1975 269   -99.  22.4  29.5   2.604   1.5  12.0
   1 1975 270   -99.  22.0  28.3   2.541   1.3   0.0
   1 1975 271   -99.  22.1  26.9   2.557   1.6   0.0
   1 1975 272   -99.  21.9  28.3   2.605   1.4   7.7
   1 1975 273   -99.  22.2  28.6   2.546   1.8   9.2
   1 1975 274   -99.  21.0  29.1   2.216   2.9   3.6
   1 1975 275   -99.  22.1  29.1   2.450   1.2  10.5
   1 1975 276   -99.  22.0  29.2   2.541   2.3   0.2
   1 1975 277   -99.  21.6  29.7   2.402   1.7   0.3
   1 1975 278   -99.  21.7  28.7   2.469   2.1   1.5
   1 1975 279   -99.  22.1  28.9   2.584   2.4   5.0
   1 1975 280   -99.  21.8  29.7   2.484   2.7  18.0
   1 1975 281   -99.  21.6  26.7   2.454   2.4   2.3
   1 1975 282   -99.  22.2  29.5   2.599   2.1   0.0
   1 1975 283   -99.  22.0  27.5   2.594   2.0   5.5
   1 1975 284   -99.  21.8  28.1   2.432   1.5   1.6
   1 1975 285   -99.  21.0  29.7   2.340   1.8   0.0
   1 1975 286   -99.  18.8  30.7   1.998   2.0   0.0
   1 1975 287   -99.  18.0  31.1   1.859   1.7   0.0
   1 1975 288   -99.  17.6  30.0   1.853   2.1   0.0
   1 1975 289   -99.  21.1  30.1   2.280   2.1   0.0
   1 1975 290   -99.  20.8  30.1   2.410   2.8  24.0
   1 1975 291   -99.  20.5  29.6   2.342   2.7  20.2
   1 1975 292   -99.  20.9  26.9   2.376   4.5  15.6
   1 1975 293   -99.  22.6  28.1   2.554   3.2   0.0
   1 1975 294   -99.  22.5  29.6   2.647   2.3   0.0
   1 1975 295   -99.  21.7  30.8   2.443   1.0   6.3
   1 1975 296   -99.  21.4  31.1   2.373   2.0  18.3
   1 1975 297   -99.  21.2  28.7   2.445   1.7   0.0
   1 1975 298   -99.  21.5  27.1   2.516   1.7   0.0
   1 1975 299   -99.  19.4  29.6   2.187   2.0   7.8
   1 1975 300   -99.  20.3  28.7   2.313   1.8  17.0
   1 1975 301   -99.  22.4  26.6   2.577   2.9   5.8
   1 1975 302   -99.  22.0  26.7   2.541   3.8   9.2
   1 1975 303   -99.  22.0  28.3   2.568   2.2   0.0
   1 1975 304   -99.  20.8  29.0   2.410   1.8   0.8
   1 1975 305   -99.  21.5  28.1   2.542   1.3   0.0
   1 1975 306   -99.  19.2  28.1   2.116   2.3   0.0
   1 1975 307   -99.  19.8  26.1   2.150   3.5   0.0
   1 1975 308   -99.  21.0  27.1   2.216   3.1   0.5
   1 1975 309   -99.  22.4  26.2   2.631   2.3  14.5
   1 1975 310   -99.  20.2  27.2   1.777   2.3   0.0
   1 1975 311   -99.  15.3  27.8   1.340   1.8   0.0
   1 1975 312   -99.  13.6  27.7   1.527   1.7   0.0
   1 1975 313   -99.  14.0  27.1   1.536   1.9   0.0
   1 1975 314   -99.  15.6  27.6   1.720   1.9   0.0
   1 1975 315   -99.  12.9  27.1   1.459   2.1   0.0
   1 1975 316   -99.  11.5  27.1   1.222   1.7   0.0
   1 1975 317   -99.  10.4  27.1   1.161   1.8   0.0
   1 1975 318   -99.  10.5  27.1   1.080   1.8   0.0
   1 1975 319   -99.  11.0  28.1   1.182   1.8   0.0
   1 1975 320   -99.  10.8  27.9   1.179   1.8   0.0
   1 1975 321   -99.  11.0  27.6   1.116   1.8   0.0
   1 1975 322   -99.  12.0  26.9   1.123   1.5   0.0
   1 1975 323   -99.  11.6  26.1   1.298   1.9   0.0
   1 1975 324   -99.  12.1  26.7   1.342   1.4   0.0
   1 1975 325   -99.  12.5  25.8   1.392   1.9   0.0
   1 1975 326   -99.  12.5  26.1   1.349   1.7   0.0
   1 1975 327   -99.  10.0  26.8   1.142   2.3   0.0
   1 1975 328   -99.  11.7  26.6   1.169   1.8   0.0
   1 1975 329   -99.  12.4  26.5   1.325   1.9   0.0
   1 1975 330   -99.  14.6  27.7   1.513   2.3   0.0
   1 1975 331   -99.  14.0  27.6   1.552   2.4   0.0
   1 1975 332   -99.  13.0  28.1   1.484   2.6   0.0
   1 1975 333   -99.  10.2  26.3   1.145   1.9   0.0
   1 1975 334   -99.   8.5  25.5   1.110   1.8   0.0
   1 1975 335   -99.   8.5  26.2   1.066   1.7   0.0
   1 1975 336   -99.   8.1  26.6   0.961   1.7   0.0
   1 1975 337   -99.   7.9  26.4   0.906   1.8   0.0
   1 1975 338   -99.  13.4  28.2   1.215   1.9   0.0
   1 1975 339   -99.  14.8  28.2   1.567   2.1   0.0
   1 1975 340   -99.  13.7  28.7   1.553   1.5   0.0
   1 1975 341   -99.  12.1  29.1   1.116   1.9   0.0
   1 1975 342   -99.  10.1  29.1   1.076   1.9   0.0
   1 1975 343   -99.  10.9  28.5   1.200   1.5   0.0
   1 1975 344   -99.  10.6  28.2   1.176   1.3   0.0
   1 1975 345   -99.  10.7  27.6   1.120   1.9   0.0
   1 1975 346   -99.   9.1  27.3   0.983   2.1   0.0
   1 1975 347   -99.   8.5  26.7   1.010   1.7   0.0
   1 1975 348   -99.   8.4  28.0   1.025   1.4   0.0
   1 1975 349   -99.   9.8  27.3   1.103   1.8   0.0
   1 1975 350   -99.  10.4  27.2   1.123   1.9   0.0
   1 1975 351   -99.  10.6  25.3   1.074   1.9   0.0
   1 1975 352   -99.   9.0  26.1   1.102   1.8   0.0
   1 1975 353   -99.   9.5  26.1   1.188   1.9   0.0
   1 1975 354   -99.  11.0  26.6   1.261   1.4   0.0
   1 1975 355   -99.   9.5  26.1   0.998   2.1   0.0
   1 1975 356   -99.  10.2  25.1   1.108   1.9   0.0
   1 1975 357   -99.   8.5  25.6   1.066   2.1   0.0
   1 1975 358   -99.   7.4  25.6   0.906   2.3   0.0
   1 1975 359   -99.   7.2  25.8   0.853   2.3   0.0
   1 1975 360   -99.   6.9  24.7   0.886   1.9   0.0
   1 1975 361   -99.   8.1  24.2   1.026   1.6   0.0
   1 1975 362   -99.  10.8  24.8   1.166   1.8   0.0
   1 1975 363   -99.   9.4  23.7   1.003   1.5   0.0
   1 1975 364   -99.   9.5  25.3   1.128   1.1   0.0
   1 1975 365   -99.   9.0  25.6   1.125   1.3   0.0
