*---------------------------------------------------------------------------*
* Station name: Hyderabad (AICRIP, Rajendranagar), India
* Year: 1983
* Author: Peter Uithol                                     -99.000: NIL VALUE
* Source: IRRI/WMO Special project
* Comments: Incomplete year, many irradiation data missing
* Longitude: 78 26 E, latitude: 17 25 N, altitude: 545. m
*
* Column  Daily value
* 1       station number
* 2       year
* 3       day
* 4       irradiation                   (kJ m-2 d-1)
* 5       minimum temperature           (degrees Celsius)
* 6       maximum temperature           (degrees Celsius)
* 7       early morning vapour pressure (kPa)
* 8       mean wind speed (height: 2 m) (m s-1)
* 9       precipitation                 (mm d-1)
*---------------------------------------------------------------------------*
  78.43  17.42   545. 0.00 0.00
   5 1983 213   -99.  22.1  28.6   2.091   3.8   6.6
   5 1983 214   -99.  22.5  29.9   2.164   3.6  10.5
   5 1983 215   -99.  23.0  29.9   2.192   3.9   1.5
   5 1983 216   -99.  22.7  30.3   2.124   3.1  13.5
   5 1983 217   -99.  23.0  31.6   2.101   2.9   1.0
   5 1983 218   -99.  21.9  31.4   2.276   3.1  23.5
   5 1983 219   -99.  22.9  29.9   1.437   5.5   0.0
   5 1983 220   -99.  22.9  29.1   2.223   4.1   0.0
   5 1983 221   -99.  22.9  30.9   2.041   4.1   3.5
   5 1983 222   -99.  21.5  26.7   2.416   5.6  52.4
   5 1983 223   -99.  22.2  24.2   2.299   3.7  16.0
   5 1983 224   -99.  22.9  26.3   2.271   5.6   0.2
   5 1983 225   -99.  21.1  28.1   1.964   3.2   5.6
   5 1983 226   -99.  21.7  29.6   1.978   2.8   0.2
   5 1983 227   -99.  21.6  30.7   2.028   6.4   0.0
   5 1983 228   -99.  22.5  29.6   2.159   5.0  12.0
   5 1983 229   -99.  23.3  30.6   2.237   4.3   0.2
   5 1983 230 14872.  22.6  30.9   2.241   4.4  34.9
   5 1983 231 11372.  22.7  30.7   2.279   3.6  18.5
   5 1983 232   -99.  23.5  29.1   2.253   2.6   0.0
   5 1983 233   -99.  23.5  31.6   2.412   2.3   2.1
   5 1983 234 17456.  24.0  30.1   2.253   1.5   0.0
   5 1983 235 13961.  23.1  31.6   2.247   1.9   0.2
   5 1983 236 13705.  22.5  30.9   2.336   1.6  16.0
   5 1983 237 12139.  22.7  28.6   2.235 -99.0   2.0
   5 1983 238 10462.  22.9  29.9   2.419 -99.0   0.9
   5 1983 239   -99.  23.5  29.1   2.407   2.1   0.2
   5 1983 240   -99.  23.1  30.1   2.445   2.0  13.0
   5 1983 241 14800.  21.9  28.1   2.139   2.7   3.3
   5 1983 242 15491.  21.9  30.5   2.052   2.3  21.9
   5 1983 243 13705.  22.9  30.9   2.184   3.1   0.0
   5 1983 244  9734.  23.0  29.7   2.329   2.7   0.0
   5 1983 245  8640.  22.1  28.5   2.301   2.3   8.0
   5 1983 246 10246.  21.9  27.2   2.194   2.8   4.0
   5 1983 247 16801.  22.7  28.3   2.152   3.0   0.0
   5 1983 248 15599.  22.6  30.1   2.109   2.5   9.7
   5 1983 249   -99.  22.9  30.1   2.156   2.6   0.0
   5 1983 250   -99.  22.2  31.1   2.567   2.6  27.9
   5 1983 251   -99.  22.1  27.6   2.357   2.4  44.5
   5 1983 252   -99.  22.5  28.9   2.361   3.7   1.0
   5 1983 253   -99.  22.9  30.5   2.192   2.6   1.0
   5 1983 254 13414.  22.7  30.9   2.182   1.5   6.2
   5 1983 255 18878.  22.5  29.6   2.189   1.3   9.5
   5 1983 256 14252.  22.4  29.9   2.411   0.9   6.4
   5 1983 257 14069.  23.0  30.4   2.161   1.8   0.0
   5 1983 258 12938.  21.7  30.1   2.300   4.8  10.0
   5 1983 259  8896.  21.7  27.6   2.061   3.7   2.1
   5 1983 260  4489.  20.7  26.3   2.109   4.4  17.2
   5 1983 261 15782.  21.6  27.4   2.038   3.9   0.7
   5 1983 262 13925.  22.0  27.8   2.030   3.5   0.0
   5 1983 263 12758.  21.3  29.1   2.032   3.4   0.0
   5 1983 264  5728.  23.0  29.8   1.910   3.4   0.0
   5 1983 265 10134.  21.1  31.1   2.009   0.9  43.6
   5 1983 266 10062.  21.0  26.6   1.935   2.0   4.0
   5 1983 267 11300.  21.2  28.3   2.281   1.2  51.0
   5 1983 268 13270.  22.8  26.5   2.101   1.1   0.4
   5 1983 269 12283.  22.9  29.5   2.237   2.8  19.3
   5 1983 270 12830.  22.2  29.5   2.155   3.2   0.0
   5 1983 271 10829.  22.2  28.0   2.243   4.2   0.0
   5 1983 272   -99.  22.2  32.0   2.069   0.6   0.0
   5 1983 273   -99.  22.0  29.7   2.155   1.5   0.5
   5 1983 274   -99.  22.3  28.9   1.987   2.0   0.0
   5 1983 275   -99.  22.3  31.3   2.294   3.9   0.0
   5 1983 276 15710.  21.2  26.7   2.077   3.4  23.3
   5 1983 277 13194.  22.6  29.3   2.188   2.9   0.0
   5 1983 278  1465.  22.2  28.7   1.996   4.0  25.2
   5 1983 279   -99.  20.8  23.9   2.275   4.8  47.2
   5 1983 280   -99.  21.9  24.9   2.092   3.2   0.4
   5 1983 281   -99.  21.7  30.5   1.944   1.3   0.0
   5 1983 282   -99.  22.1  30.4   2.046   1.1   0.0
   5 1983 283 17348.  21.7  31.5   2.027   1.3   0.0
   5 1983 284 17748.  22.1  31.1   1.915   1.5   0.0
   5 1983 285 20228.  22.6  31.6   1.873   1.5   0.0
   5 1983 286 14432.  22.0  32.5   2.078   1.0   0.0
   5 1983 287 17312.  21.6  31.6   2.059   0.9   0.0
   5 1983 288   -99.  20.9  31.1   1.992   0.7   0.0
   5 1983 289   -99.  20.5  31.1   1.895   0.7   0.0
   5 1983 290   -99.  20.6  31.3   1.924   0.6   0.0
   5 1983 291   -99.  19.5  29.2   1.775   0.8   0.0
   5 1983 292   -99.  17.0  30.1   1.662   0.9   0.0
   5 1983 293 17384.  15.6  29.7   1.502   1.1   0.0
   5 1983 294 17676.  14.4  28.9   1.353   0.9   0.0
   5 1983 295   -99.  15.5  28.5   1.431   1.3   0.0
   5 1983 296   -99.  16.5  29.1   1.629   1.0   0.0
   5 1983 297  7549.  17.7  28.9   1.567   0.5   0.0
   5 1983 298 15199.  20.0  30.9   1.746   1.0   0.0
   5 1983 299 14288.  21.0  31.0   2.027   1.9   1.7
   5 1983 300  8532.  20.6  29.1   1.999   1.6  18.0
   5 1983 301  7074.  19.2  27.3   2.049   1.2  25.9
   5 1983 302   -99.  21.2  25.6   2.122   1.0   0.1
   5 1983 303   -99.  20.5  27.6   1.960   1.5   0.0
   5 1983 304 15199.  18.3  27.8   1.705   1.1   0.0
   5 1983 305 15163.  19.3  29.5   1.710   1.0   0.0
   5 1983 306 11448.  20.9  30.0   1.908   1.1   0.0
   5 1983 307   -99.  19.6  31.1   1.770   1.5   0.0
   5 1983 308   -99.  18.1  30.0   1.578   0.9   0.0
   5 1983 309   -99.  14.6  29.6   0.984   0.9   0.0
   5 1983 310   -99.  12.1  28.3   0.941   1.0   0.0
   5 1983 311 15962.  12.1  27.9   0.898   1.4   0.0
   5 1983 312 17384.  15.0  28.2   1.060   1.3   0.0
   5 1983 313 16949.  11.5  28.6   0.897   1.2   0.0
   5 1983 314 16585.  10.9  26.9   0.793   1.1   0.0
   5 1983 315   -99.  10.3  26.9   0.798   0.8   0.0
   5 1983 316   -99.   9.6  27.2   0.821   0.9   0.0
   5 1983 317   -99.   9.5  26.9   0.806   0.9   0.0
   5 1983 318 13561.   9.4  26.9   0.741   0.8   0.0
   5 1983 319 16330.   8.8  26.5   0.794   0.7   0.0
   5 1983 320 16693.  10.3  26.6   0.855   1.0   0.0
   5 1983 321  7513.  15.1  28.9   1.158   0.8   0.0
   5 1983 322 14944.  17.3  29.3   1.158   0.7   0.0
   5 1983 323   -99.  14.1  29.9   1.198   0.8   0.0
   5 1983 324   -99.  13.5  29.3   1.116   0.8   0.0
   5 1983 325 15674.  12.5  28.5   0.927   0.7   0.0
   5 1983 326 14944.   9.6  27.1   0.808   0.9   0.0
   5 1983 327 15854.  11.0  26.1   0.814   1.0   0.0
   5 1983 328 14688.  11.9  27.5   0.935   1.0   0.0
   5 1983 329 16693.  12.5  28.6   0.908   0.8   0.0
   5 1983 330  8896.  14.5  28.0   1.168   1.1   0.0
   5 1983 331   -99.  17.1  26.6   1.202   1.1   5.7
   5 1983 332   -99.  17.0  27.1   1.423   1.2   0.0
   5 1983 333 12139.  15.6  27.9   1.293   1.2   0.0
   5 1983 334 12067.  15.1  27.6   1.214   1.0   0.0
   5 1983 335 15343.  11.6  27.3   0.883   0.9   0.0
   5 1983 336 15343.  11.5  26.5   0.892   0.8   0.0
   5 1983 337  8640.  16.5  27.3   1.368   0.9   0.0
   5 1983 338 23069.  14.1  26.9   1.206   1.3   0.0
   5 1983 339 15343.  11.4  26.5   0.882   1.2   0.0
   5 1983 340 17276.  10.6  26.0   0.875   1.2   0.0
   5 1983 341 16621.   9.9  25.7   0.793   1.1   0.0
   5 1983 342 17021.   9.7  25.1   0.743   1.1   0.0
   5 1983 343   -99.  10.9  25.1   0.909   1.1   0.0
   5 1983 344   -99.  14.5  26.7   1.236   1.0   0.0
   5 1983 345   -99.  15.1  27.0   1.297   1.1   0.0
   5 1983 346 15419.  15.0  27.0   1.208   1.1   0.0
   5 1983 347 16038.  13.9  27.5   1.120   1.1   0.0
   5 1983 348 17456.  13.4  27.1   1.098   1.1   0.0
   5 1983 349 12830.  13.7  27.3   1.096   0.9   0.0
   5 1983 350 18950.  13.9  27.9   1.104   0.8   0.0
   5 1983 351 15307.  13.7  27.9   1.053   1.0   0.0
   5 1983 352 14764.  15.1  28.7   1.350   1.1   0.0
   5 1983 353 16985.  14.1  26.9   1.209   1.0   0.0
   5 1983 354  7477.  13.5  27.1   1.153   1.0   0.0
   5 1983 355 17276.  13.4  27.1   1.080   1.0   0.0
   5 1983 356 16837.  13.1  25.6   1.044   0.7   0.0
   5 1983 357 12866.  13.1  26.7   0.928   1.2   0.0
   5 1983 358   -99.  16.1  26.6   1.196   1.0   0.0
   5 1983 359   -99.  18.7  27.0   1.645   2.5   0.1
   5 1983 360   -99.  19.5  25.1   2.051   1.9   1.2
   5 1983 361 12575.  16.0  22.1   1.448   0.9   3.6
   5 1983 362 17532.   8.5  24.4   0.780   1.1   0.0
   5 1983 363 17165.   9.6  27.5   0.722   0.6   0.0
   5 1983 364 15383.  13.6  28.5   1.036   1.2   0.0
   5 1983 365   -99.  16.1  30.1   1.419   1.7   0.0
