*---------------------------------------------------------------------------*
* Station name: Bijapur, Karnataka, India
* Year: 1974
* Author: Peter Uithol                                     -99.000: NIL VALUE
* Source: ICRISAT tape FSAGRO
* Comments: No vapour pressure, wind speed and elevation data.
* Longitude: 75 48 E, latitude: 16 47 N, altitude: -99. m
*
* Column  Daily value
* 1       station number
* 2       year
* 3       day
* 4       irradiation                   (kJ m-2 d-1)
* 5       minimum temperature           (degrees Celsius)
* 6       maximum temperature           (degrees Celsius)
* 7       early morning vapour pressure (kPa)
* 8       mean wind speed (height: 2 m) (m s-1)
* 9       precipitation                 (mm d-1)
*---------------------------------------------------------------------------*
  75.80  16.78   -99. 0.00 0.00
   2 1974   1 23362.  13.4  29.1 -99.000 -99.0   0.0
   2 1974   2 23362.  14.5  29.0 -99.000 -99.0   0.0
   2 1974   3 23362.  13.7  29.9 -99.000 -99.0   0.0
   2 1974   4 23362.  13.7  29.9 -99.000 -99.0   0.0
   2 1974   5 23362.  12.6  29.8 -99.000 -99.0   0.0
   2 1974   6 23362.  10.7  28.4 -99.000 -99.0   0.0
   2 1974   7 23362.  11.7  29.3 -99.000 -99.0   0.0
   2 1974   8 23572.  12.5  30.0 -99.000 -99.0   0.0
   2 1974   9 23572.  13.1  29.9 -99.000 -99.0   0.0
   2 1974  10 23572.  13.6  30.4 -99.000 -99.0   0.0
   2 1974  11 23572.  14.7  31.4 -99.000 -99.0   0.0
   2 1974  12 23572.  13.4  31.4 -99.000 -99.0   0.0
   2 1974  13 23572.  15.5  32.4 -99.000 -99.0   0.0
   2 1974  14 23572.  16.2  32.4 -99.000 -99.0   0.0
   2 1974  15 23572.  13.8  31.1 -99.000 -99.0   0.0
   2 1974  16 23739.  15.1  30.8 -99.000 -99.0   0.0
   2 1974  17 23739.  15.8  30.9 -99.000 -99.0   0.0
   2 1974  18 23739.  16.5  31.7 -99.000 -99.0   0.0
   2 1974  19 23739.  17.8  31.7 -99.000 -99.0   0.0
   2 1974  20 23948.  17.7  31.0 -99.000 -99.0   0.0
   2 1974  21 23948.  16.0  31.4 -99.000 -99.0   0.0
   2 1974  22 24158.  16.7  32.2 -99.000 -99.0   0.0
   2 1974  23 24367.  16.2  32.7 -99.000 -99.0   0.0
   2 1974  24 24577.  17.6  32.6 -99.000 -99.0   0.0
   2 1974  25 23069.  15.6  32.9 -99.000 -99.0   0.0
   2 1974  26 16203.  16.5  32.9 -99.000 -99.0   0.0
   2 1974  27 22190.  16.7  31.9 -99.000 -99.0   0.0
   2 1974  28 24744.  16.6  34.9 -99.000 -99.0   0.0
   2 1974  29 24744.  16.9  32.3 -99.000 -99.0   0.0
   2 1974  30 24116.  17.8  33.0 -99.000 -99.0   0.0
   2 1974  31 23237.  17.8  33.9 -99.000 -99.0   0.0
   2 1974  32 24953.  18.2  34.6 -99.000 -99.0   0.0
   2 1974  33 25163.  17.1  34.4 -99.000 -99.0   0.0
   2 1974  34 21646.  17.9  34.0 -99.000 -99.0   0.0
   2 1974  35 25372.  18.4  34.2 -99.000 -99.0   0.0
   2 1974  36 12184.  18.0  34.4 -99.000 -99.0   0.0
   2 1974  37 18506.  16.7  32.8 -99.000 -99.0   0.0
   2 1974  38 25539.  16.8  34.4 -99.000 -99.0   0.0
   2 1974  39 20390.  16.3  33.2 -99.000 -99.0   0.0
   2 1974  40 23948.  16.3  33.8 -99.000 -99.0   0.0
   2 1974  41 18631.  12.8  34.0 -99.000 -99.0   0.0
   2 1974  42 17836.  17.7  30.7 -99.000 -99.0   0.0
   2 1974  43 12477.  16.7  32.6 -99.000 -99.0   0.0
   2 1974  44 21813.  15.7  34.0 -99.000 -99.0   0.0
   2 1974  45 20850.  18.2  34.4 -99.000 -99.0   0.0
   2 1974  46 20850.  16.7  34.4 -99.000 -99.0   0.0
   2 1974  47 21060.  20.7  34.4 -99.000 -99.0   0.0
   2 1974  48 21185.  20.2  35.4 -99.000 -99.0   0.0
   2 1974  49 26754.  20.4  35.9 -99.000 -99.0   0.0
   2 1974  50 26963.  20.1  36.0 -99.000 -99.0   0.0
   2 1974  51 26963.  20.6  36.0 -99.000 -99.0   0.0
   2 1974  52 27172.  19.7  36.0 -99.000 -99.0   0.0
   2 1974  53 23404.  20.0  35.2 -99.000 -99.0   0.0
   2 1974  54 25456.  21.9  36.0 -99.000 -99.0   0.0
   2 1974  55 27549.  21.2  36.2 -99.000 -99.0   0.0
   2 1974  56 21855.  20.5  36.4 -99.000 -99.0   0.0
   2 1974  57 23907.  21.0  36.0 -99.000 -99.0   0.0
   2 1974  58 27758.  21.6  36.2 -99.000 -99.0   0.0
   2 1974  59 27758.  21.7  36.4 -99.000 -99.0   0.0
   2 1974  60 27968.  20.1  36.3 -99.000 -99.0   0.0
   2 1974  61 20348.  20.6  36.3 -99.000 -99.0   0.0
   2 1974  62 28177.  20.6  36.9 -99.000 -99.0   0.0
   2 1974  63 28345.  20.7  37.9 -99.000 -99.0   0.0
   2 1974  64 28554.  20.6  37.9 -99.000 -99.0   0.0
   2 1974  65 28554.  21.5  38.0 -99.000 -99.0   0.0
   2 1974  66 28763.  21.6  38.3 -99.000 -99.0   0.0
   2 1974  67 26754.  21.3  37.9 -99.000 -99.0   0.0
   2 1974  68 27968.  22.2  37.9 -99.000 -99.0   0.0
   2 1974  69 28973.  22.6  38.4 -99.000 -99.0   0.0
   2 1974  70 27130.  21.4  37.9 -99.000 -99.0   0.0
   2 1974  71 23111.  21.5  37.7 -99.000 -99.0   0.0
   2 1974  72 21060.  22.3  37.8 -99.000 -99.0   0.0
   2 1974  73 29349.  21.7  37.9 -99.000 -99.0   0.0
   2 1974  74 29349.  22.3  37.7 -99.000 -99.0   0.0
   2 1974  75 29349.  21.2  38.0 -99.000 -99.0   0.0
   2 1974  76 29559.  21.9  38.4 -99.000 -99.0   0.0
   2 1974  77 21353.  23.7  38.5 -99.000 -99.0   0.0
   2 1974  78 18422.  24.2  38.2 -99.000 -99.0   0.0
   2 1974  79 26670.  22.3  38.9 -99.000 -99.0   0.0
   2 1974  80 25623.  22.0  39.3 -99.000 -99.0   0.0
   2 1974  81 15407.  23.2  38.3 -99.000 -99.0   0.0
   2 1974  82 20599.  21.0  35.5 -99.000 -99.0   2.8
   2 1974  83 21646.  20.8  35.3 -99.000 -99.0   7.4
   2 1974  84 17501.  22.3  36.7 -99.000 -99.0   0.0
   2 1974  85 28889.  22.2  37.7 -99.000 -99.0   0.0
   2 1974  86 30145.  21.7  38.5 -99.000 -99.0   0.0
   2 1974  87 23907.  23.2  39.5 -99.000 -99.0   0.0
   2 1974  88 22986.  24.3  39.2 -99.000 -99.0   0.0
   2 1974  89 21939.  24.3  39.5 -99.000 -99.0   0.0
   2 1974  90 30564.  23.2  39.5 -99.000 -99.0   0.0
   2 1974  91 30564.  22.5  39.7 -99.000 -99.0   0.0
   2 1974  92 17836.  24.1  40.4 -99.000 -99.0   0.0
   2 1974  93 16915.  22.9  38.2 -99.000 -99.0   0.0
   2 1974  94 22232.  23.3  35.6 -99.000 -99.0   0.0
   2 1974  95 21311.  22.0  36.6 -99.000 -99.0   0.2
   2 1974  96 19134.  21.7  37.8 -99.000 -99.0   0.0
   2 1974  97 14863.  24.8  38.4 -99.000 -99.0   0.0
   2 1974  98 13816.  27.7  39.0 -99.000 -99.0   0.0
   2 1974  99 21436.  26.1  39.0 -99.000 -99.0   0.0
   2 1974 100 14947.  25.4  39.0 -99.000 -99.0   0.0
   2 1974 101 22525.  25.7  39.0 -99.000 -99.0   0.0
   2 1974 102 18296.  25.2  39.0 -99.000 -99.0   0.0
   2 1974 103 18296.  24.4  37.0 -99.000 -99.0   7.0
   2 1974 104 20515.  23.7  39.0 -99.000 -99.0   0.0
   2 1974 105 13984.  24.0  39.7 -99.000 -99.0   0.0
   2 1974 106 25916.  23.5  39.7 -99.000 -99.0   0.0
   2 1974 107 16161.  23.8  38.7 -99.000 -99.0   0.0
   2 1974 108 13984.  23.2  39.0 -99.000 -99.0   0.0
   2 1974 109 13984.  23.8  39.0 -99.000 -99.0   0.0
   2 1974 110 22651.  26.3  39.8 -99.000 -99.0   0.0
   2 1974 111 18296.  24.4  40.0 -99.000 -99.0   0.0
   2 1974 112 18296.  24.2  35.6 -99.000 -99.0   0.0
   2 1974 113 13984.  23.0  35.0 -99.000 -99.0   0.0
   2 1974 114 18296.  24.3  33.2 -99.000 -99.0   0.4
   2 1974 115 13984.  25.2  36.9 -99.000 -99.0   0.2
   2 1974 116 24828.  25.7  39.9 -99.000 -99.0   0.0
   2 1974 117 24828.  22.3  40.0 -99.000 -99.0   1.2
   2 1974 118 18464.  24.7  39.0 -99.000 -99.0   2.4
   2 1974 119 16245.  26.5  40.1 -99.000 -99.0   0.0
   2 1974 120 20599.  25.8  40.6 -99.000 -99.0   0.0
   2 1974 121 20599.  24.7  40.0 -99.000 -99.0   0.0
   2 1974 122 14068.  26.7  40.9 -99.000 -99.0   0.0
   2 1974 123 20599.  28.7  42.0 -99.000 -99.0   0.0
   2 1974 124 22818.  24.9  42.2 -99.000 -99.0   0.0
   2 1974 125 20599.  25.0  41.7 -99.000 -99.0   0.0
   2 1974 126 19636.  24.6  41.8 -99.000 -99.0   0.0
   2 1974 127 19636.  25.2  41.5 -99.000 -99.0   0.0
   2 1974 128 22944.  24.3  42.0 -99.000 -99.0   0.0
   2 1974 129 21855.  24.1  41.7 -99.000 -99.0   0.0
   2 1974 130 20767.  24.5  40.7 -99.000 -99.0   0.0
   2 1974 131 27507.  27.0  40.9 -99.000 -99.0   0.0
   2 1974 132 20850.  24.7  41.0 -99.000 -99.0   0.0
   2 1974 133 14235.  24.7  41.7 -99.000 -99.0   1.4
   2 1974 134 14319.  25.3  36.2 -99.000 -99.0   0.0
   2 1974 135 16538.  22.3  39.4 -99.000 -99.0   0.0
   2 1974 136 14319.  22.7  35.4 -99.000 -99.0  36.4
   2 1974 137 16538.  23.5  34.6 -99.000 -99.0   0.0
   2 1974 138 16538.  22.8  35.0 -99.000 -99.0   0.0
   2 1974 139 17668.  21.8  35.7 -99.000 -99.0   1.4
   2 1974 140 17668.  20.8  36.6 -99.000 -99.0   1.8
   2 1974 141 16454.  23.7  33.5 -99.000 -99.0  32.0
   2 1974 142 18673.  21.7  35.9 -99.000 -99.0   1.4
   2 1974 143 14235.  22.0  35.9 -99.000 -99.0   6.6
   2 1974 144 14235.  23.5  34.9 -99.000 -99.0   2.4
   2 1974 145 14235.  22.2  28.4 -99.000 -99.0   0.4
   2 1974 146 14235.  21.9  23.4 -99.000 -99.0   0.8
   2 1974 147 17543.  22.2  24.4 -99.000 -99.0   5.8
   2 1974 148 21981.  20.2  24.3 -99.000 -99.0   0.0
   2 1974 149 18673.  22.5  24.2 -99.000 -99.0  33.2
   2 1974 150 18673.  22.4  32.0 -99.000 -99.0   0.0
   2 1974 151 18673.  22.4  33.7 -99.000 -99.0   0.0
   2 1974 152 18673.  21.8  34.9 -99.000 -99.0   0.0
   2 1974 153 20850.  22.0  33.8 -99.000 -99.0   5.8
   2 1974 154 18673.  22.7  33.0 -99.000 -99.0   0.0
   2 1974 155 17543.  22.7  35.0 -99.000 -99.0   0.0
   2 1974 156 19762.  22.2  35.4 -99.000 -99.0  12.4
   2 1974 157 18673.  21.9  34.6 -99.000 -99.0   0.0
   2 1974 158 15366.  21.5  32.8 -99.000 -99.0   0.0
   2 1974 159 16454.  21.7  30.2 -99.000 -99.0   3.2
   2 1974 160 16454.  22.9  34.3 -99.000 -99.0   0.0
   2 1974 161 23111.  22.8  36.2 -99.000 -99.0   1.8
   2 1974 162 20850.  22.7  36.4 -99.000 -99.0   0.0
   2 1974 163 14235.  23.5  37.4 -99.000 -99.0   0.0
   2 1974 164 14235.  23.7  36.6 -99.000 -99.0   0.0
   2 1974 165 14235.  21.7  31.0 -99.000 -99.0  10.8
   2 1974 166 14235.  22.8  34.5 -99.000 -99.0   6.2
   2 1974 167 19762.  23.0  32.8 -99.000 -99.0   0.0
   2 1974 168 14235.  23.6  31.6 -99.000 -99.0   0.0
   2 1974 169 14235.  21.7  30.7 -99.000 -99.0   0.0
   2 1974 170 21981.  22.2  31.0 -99.000 -99.0   0.0
   2 1974 171 14235.  22.2  31.2 -99.000 -99.0   0.0
   2 1974 172 14235.  24.2  33.0 -99.000 -99.0   0.0
   2 1974 173 14235.  21.8  33.3 -99.000 -99.0   0.0
   2 1974 174 14235.  22.7  33.4 -99.000 -99.0   0.0
   2 1974 175 14235.  21.5  33.4 -99.000 -99.0   1.5
   2 1974 176 14235.  21.4  32.8 -99.000 -99.0   0.0
   2 1974 177 15366.  21.5  32.6 -99.000 -99.0   0.0
   2 1974 178 14235.  21.8  31.2 -99.000 -99.0   0.0
   2 1974 179 14235.  21.4  30.5 -99.000 -99.0  15.4
   2 1974 180 14235.  21.5  31.5 -99.000 -99.0   0.0
   2 1974 181 14235.  21.8  31.5 -99.000 -99.0   0.0
   2 1974 182 14235.  21.8  30.5 -99.000 -99.0   0.0
   2 1974 183 14235.  21.3  31.6 -99.000 -99.0   0.0
   2 1974 184 14235.  21.8  30.5 -99.000 -99.0   0.0
   2 1974 185 14235.  22.1  30.0 -99.000 -99.0   0.0
   2 1974 186 14235.  22.2  31.1 -99.000 -99.0   0.6
   2 1974 187 14235.  21.3  31.7 -99.000 -99.0   0.0
   2 1974 188 14235.  22.1  31.3 -99.000 -99.0   0.0
   2 1974 189 14235.  21.1  31.3 -99.000 -99.0   0.0
   2 1974 190 14235.  21.2  31.8 -99.000 -99.0   1.0
   2 1974 191 14235.  22.1  32.0 -99.000 -99.0   0.0
   2 1974 192 14235.  22.7  30.8 -99.000 -99.0   0.0
   2 1974 193 16454.  21.6  26.3 -99.000 -99.0   0.3
   2 1974 194 14235.  22.6  31.2 -99.000 -99.0   0.0
   2 1974 195 14235.  22.2  31.5 -99.000 -99.0   0.4
   2 1974 196 14235.  22.3  30.7 -99.000 -99.0   0.0
   2 1974 197 14235.  22.2  29.9 -99.000 -99.0   0.0
   2 1974 198 14235.  22.5  28.2 -99.000 -99.0   0.0
   2 1974 199 14151.  21.6  32.5 -99.000 -99.0   0.0
   2 1974 200 14151.  21.3  31.4 -99.000 -99.0   0.0
   2 1974 201 14151.  22.2  31.0 -99.000 -99.0   0.0
   2 1974 202 14151.  22.4  32.7 -99.000 -99.0   0.0
   2 1974 203 16370.  22.8  32.1 -99.000 -99.0   0.0
   2 1974 204 14151.  22.2  32.5 -99.000 -99.0   0.0
   2 1974 205 14151.  22.2  34.5 -99.000 -99.0   0.0
   2 1974 206 14151.  22.8  31.9 -99.000 -99.0   7.8
   2 1974 207 14151.  22.1  29.2 -99.000 -99.0   0.0
   2 1974 208 14151.  21.4  32.5 -99.000 -99.0   9.5
   2 1974 209 14151.  21.7  31.0 -99.000 -99.0   0.0
   2 1974 210 14151.  21.7  32.2 -99.000 -99.0   0.0
   2 1974 211 14151.  23.2  30.6 -99.000 -99.0  23.2
   2 1974 212 14151.  21.6  30.0 -99.000 -99.0   7.8
   2 1974 213 14151.  21.5  30.3 -99.000 -99.0   8.4
   2 1974 214 14151.  21.3  30.8 -99.000 -99.0  30.8
   2 1974 215 14151.  21.3  30.0 -99.000 -99.0  78.2
   2 1974 216 14151.  21.2  30.2 -99.000 -99.0   0.6
   2 1974 217 14151.  21.3  31.0 -99.000 -99.0   0.0
   2 1974 218 14151.  22.1  31.0 -99.000 -99.0   0.0
   2 1974 219 14151.  21.8  30.8 -99.000 -99.0   0.0
   2 1974 220 14068.  21.5  30.0 -99.000 -99.0   8.6
   2 1974 221 16245.  21.2  27.4 -99.000 -99.0   0.4
   2 1974 222 14068.  21.8  31.0 -99.000 -99.0   0.0
   2 1974 223 14068.  21.6  30.3 -99.000 -99.0   0.6
   2 1974 224 14068.  20.8  29.0 -99.000 -99.0   1.6
   2 1974 225 14068.  21.5  28.4 -99.000 -99.0   0.0
   2 1974 226 14068.  21.3  29.4 -99.000 -99.0   0.0
   2 1974 227 14068.  21.0  31.0 -99.000 -99.0   2.4
   2 1974 228 14068.  21.5  30.0 -99.000 -99.0   2.4
   2 1974 229 14068.  21.3  30.4 -99.000 -99.0   0.0
   2 1974 230 14068.  21.7  31.0 -99.000 -99.0   0.0
   2 1974 231 13984.  21.3  31.4 -99.000 -99.0   0.0
   2 1974 232 13984.  20.5  30.6 -99.000 -99.0   0.0
   2 1974 233 13858.  20.7  31.2 -99.000 -99.0   0.0
   2 1974 234 13858.  20.6  31.5 -99.000 -99.0   0.0
   2 1974 235 15910.  20.7  31.8 -99.000 -99.0   0.0
   2 1974 236 13816.  20.7  30.3 -99.000 -99.0   0.0
   2 1974 237 13816.  21.8  30.3 -99.000 -99.0   0.0
   2 1974 238 13691.  20.8  29.4 -99.000 -99.0   2.1
   2 1974 239 16915.  20.6  31.0 -99.000 -99.0   0.0
   2 1974 240 13691.  20.4  33.3 -99.000 -99.0   0.0
   2 1974 241 18003.  21.2  32.0 -99.000 -99.0   0.0
   2 1974 242 13607.  20.0  31.6 -99.000 -99.0   0.0
   2 1974 243 13607.  21.5  32.6 -99.000 -99.0   0.0
   2 1974 244 13607.  20.9  31.4 -99.000 -99.0   0.0
   2 1974 245 13607.  20.2  32.2 -99.000 -99.0   0.7
   2 1974 246 17710.  20.2  33.0 -99.000 -99.0   2.3
   2 1974 247 13523.  21.1  33.4 -99.000 -99.0   0.0
   2 1974 248 13523.  22.8  34.2 -99.000 -99.0   0.0
   2 1974 249 18757.  22.5  33.6 -99.000 -99.0   0.0
   2 1974 250 16580.  22.7  34.0 -99.000 -99.0   0.0
   2 1974 251 13440.  22.6  35.0 -99.000 -99.0   0.0
   2 1974 252 13440.  21.5  33.2 -99.000 -99.0   7.2
   2 1974 253 13440.  21.5  29.8 -99.000 -99.0   9.2
   2 1974 254 13440.  20.7  27.4 -99.000 -99.0  23.2
   2 1974 255 13356.  21.5  29.4 -99.000 -99.0   2.8
   2 1974 256 13356.  21.8  31.0 -99.000 -99.0   3.4
   2 1974 257 13356.  22.3  29.2 -99.000 -99.0   0.0
   2 1974 258 14403.  22.6  31.6 -99.000 -99.0   7.8
   2 1974 259 13356.  22.4  32.0 -99.000 -99.0   0.0
   2 1974 260 13356.  20.8  31.2 -99.000 -99.0  15.6
   2 1974 261 13272.  20.7  31.0 -99.000 -99.0   7.8
   2 1974 262 15324.  21.2  28.0 -99.000 -99.0   0.0
   2 1974 263 15198.  21.2  30.6 -99.000 -99.0   0.0
   2 1974 264 13105.  21.1  30.5 -99.000 -99.0   0.0
   2 1974 265 13105.  21.2  30.8 -99.000 -99.0   0.4
   2 1974 266 12979.  22.3  32.2 -99.000 -99.0   0.0
   2 1974 267 12979.   2.7  32.4 -99.000 -99.0  21.2
   2 1974 268 12895.  22.0  28.4 -99.000 -99.0   0.8
   2 1974 269 12812.  22.2  30.0 -99.000 -99.0  32.6
   2 1974 270 12728.  21.6  30.0 -99.000 -99.0  28.2
   2 1974 271 12728.  22.0  27.4 -99.000 -99.0  23.8
   2 1974 272 12602.  22.2  29.5 -99.000 -99.0   0.6
   2 1974 273 12560.  21.7  30.1 -99.000 -99.0   0.0
   2 1974 274 12560.  21.6  29.0 -99.000 -99.0   1.2
   2 1974 275 12477.  22.0  31.8 -99.000 -99.0   0.0
   2 1974 276 12477.  22.6  31.8 -99.000 -99.0   0.0
   2 1974 277 12477.  21.5  31.0 -99.000 -99.0   2.2
   2 1974 278 12477.  20.4  31.0 -99.000 -99.0  86.8
   2 1974 279 23907.  20.2  29.1 -99.000 -99.0   0.0
   2 1974 280 18129.  21.1  30.8 -99.000 -99.0   0.0
   2 1974 281 12351.  22.1  33.0 -99.000 -99.0   0.0
   2 1974 282 16203.  22.7  32.4 -99.000 -99.0   0.0
   2 1974 283 12351.  21.2  32.0 -99.000 -99.0  26.4
   2 1974 284 15910.  21.3  30.2 -99.000 -99.0   0.6
   2 1974 285 15156.  21.3  31.4 -99.000 -99.0   1.2
   2 1974 286 19929.  21.1  31.4 -99.000 -99.0   4.5
   2 1974 287 12309.  20.7  32.0 -99.000 -99.0   0.0
   2 1974 288 12309.  21.4  31.8 -99.000 -99.0   0.0
   2 1974 289 12309.  21.2  28.7 -99.000 -99.0   4.8
   2 1974 290 12309.  20.7  23.4 -99.000 -99.0   2.2
   2 1974 291 17878.  19.5  30.0 -99.000 -99.0   0.0
   2 1974 292 14110.  21.9  31.4 -99.000 -99.0   0.0
   2 1974 293 12100.  20.4  32.0 -99.000 -99.0  19.6
   2 1974 294 12100.  20.7  27.0 -99.000 -99.0  17.0
   2 1974 295 12016.  20.7  28.2 -99.000 -99.0  19.2
   2 1974 296 12016.  21.4  28.1 -99.000 -99.0  17.2
   2 1974 297 12016.  21.2  27.0 -99.000 -99.0   2.8
   2 1974 298 11932.  20.0  28.3 -99.000 -99.0  12.6
   2 1974 299 13775.  21.5  28.6 -99.000 -99.0   6.8
   2 1974 300 15491.  21.7  28.2 -99.000 -99.0   0.0
   2 1974 301 15407.  18.1  29.8 -99.000 -99.0   0.0
   2 1974 302 21813.  17.5  30.0 -99.000 -99.0   0.0
   2 1974 303 26168.  16.2  30.2 -99.000 -99.0   0.0
   2 1974 304 26168.  15.7  30.0 -99.000 -99.0   0.0
   2 1974 305 25958.  16.6  30.4 -99.000 -99.0   0.0
   2 1974 306 25958.  15.9  30.2 -99.000 -99.0   0.0
   2 1974 307 18757.  15.3  29.4 -99.000 -99.0   0.0
   2 1974 308 20390.  18.4  29.4 -99.000 -99.0   0.0
   2 1974 309 23948.  16.9  30.8 -99.000 -99.0   0.0
   2 1974 310 23781.  16.5  30.3 -99.000 -99.0   0.0
   2 1974 311 25539.  15.3  30.0 -99.000 -99.0   0.0
   2 1974 312 25372.  14.4  29.5 -99.000 -99.0   0.0
   2 1974 313  3559.  12.7  29.6 -99.000 -99.0   0.0
   2 1974 314 24953.  14.2  29.7 -99.000 -99.0   0.0
   2 1974 315 24744.  14.9  30.4 -99.000 -99.0   0.0
   2 1974 316 24744.  14.3  29.4 -99.000 -99.0   0.0
   2 1974 317 24577.  14.7  29.8 -99.000 -99.0   0.0
   2 1974 318 24367.  14.8  29.8 -99.000 -99.0   0.0
   2 1974 319 24367.  14.0  30.0 -99.000 -99.0   0.0
   2 1974 320 24367.  13.5  29.0 -99.000 -99.0   0.0
   2 1974 321 19971.  13.3  29.4 -99.000 -99.0   0.0
   2 1974 322 15784.  12.3  28.6 -99.000 -99.0   0.0
   2 1974 323 20641.  12.6  28.4 -99.000 -99.0   0.0
   2 1974 324 17333.  18.7  30.2 -99.000 -99.0   0.0
   2 1974 325 12309.  21.1  29.3 -99.000 -99.0   1.4
   2 1974 326 10676.  21.5  30.2 -99.000 -99.0   0.0
   2 1974 327 13858.  19.6  30.2 -99.000 -99.0   0.0
   2 1974 328 18799.  18.3  30.8 -99.000 -99.0   0.0
   2 1974 329 16329.  18.8  31.2 -99.000 -99.0   0.0
   2 1974 330 20306.  17.7  30.9 -99.000 -99.0   0.0
   2 1974 331 23572.  16.7  31.2 -99.000 -99.0   0.0
   2 1974 332 17040.  16.1  31.2 -99.000 -99.0   0.0
   2 1974 333 16915.  17.2  31.0 -99.000 -99.0   0.0
   2 1974 334 15156.  16.7  31.5 -99.000 -99.0   0.0
   2 1974 335 23153.  13.7  28.6 -99.000 -99.0   0.0
   2 1974 336 23153.  12.2  29.0 -99.000 -99.0   0.0
   2 1974 337 23153.  14.2  30.0 -99.000 -99.0   0.0
   2 1974 338 18213.  14.6  30.4 -99.000 -99.0   0.0
   2 1974 339 18213.  16.2  30.2 -99.000 -99.0   0.0
   2 1974 340 22944.  17.0  29.4 -99.000 -99.0   0.0
   2 1974 341 22944.  15.4  28.0 -99.000 -99.0   0.0
   2 1974 342 19804.  15.7  28.4 -99.000 -99.0   0.0
   2 1974 343 22148.  13.3  29.2 -99.000 -99.0   0.0
   2 1974 344 14989.  13.6  29.4 -99.000 -99.0   0.0
   2 1974 345 11137.  14.2  29.2 -99.000 -99.0   0.0
   2 1974 346 19594.  13.7  28.4 -99.000 -99.0   0.0
   2 1974 347 18003.  13.3  28.4 -99.000 -99.0   0.0
   2 1974 348 21981.  12.2  28.4 -99.000 -99.0   0.0
   2 1974 349 22776.  14.3  30.2 -99.000 -99.0   0.0
   2 1974 350 22776.  16.3  30.6 -99.000 -99.0   0.0
   2 1974 351 22776.  15.2  30.2 -99.000 -99.0   0.0
   2 1974 352 22944.  15.7  30.2 -99.000 -99.0   0.0
   2 1974 353 22944.  16.1  31.0 -99.000 -99.0   0.0
   2 1974 354 22944.  14.7  29.6 -99.000 -99.0   0.0
   2 1974 355 20557.  16.4  28.6 -99.000 -99.0   0.0
   2 1974 356 21353.  14.7  28.6 -99.000 -99.0   0.0
   2 1974 357 19008.  13.7  28.4 -99.000 -99.0   0.0
   2 1974 358 16580.  12.5  27.8 -99.000 -99.0   0.0
   2 1974 359 21562.  11.7  27.8 -99.000 -99.0   0.0
   2 1974 360 22358.  12.8  28.4 -99.000 -99.0   0.0
   2 1974 361 23153.  12.2  28.8 -99.000 -99.0   0.0
   2 1974 362 23153.  13.1  29.0 -99.000 -99.0   0.0
   2 1974 363 23153.  12.0  29.0 -99.000 -99.0   0.0
   2 1974 364 23362.  11.2  29.9 -99.000 -99.0   0.0
   2 1974 365 20097.  12.2  31.4 -99.000 -99.0   0.0
