*---------------------------------------------------------------------------*
* Station name: Bijapur, Karnataka, India
* Year: 1977
* Author: Peter Uithol                                     -99.000: NIL VALUE
* Source: ICRISAT tape FSAGRO
* Comments: No vapour pressure, wind speed and elevation data.
* Longitude: 75 48 E, latitude: 16 47 N, altitude: -99. m
*
* Column  Daily value
* 1       station number
* 2       year
* 3       day
* 4       irradiation                   (kJ m-2 d-1)
* 5       minimum temperature           (degrees Celsius)
* 6       maximum temperature           (degrees Celsius)
* 7       early morning vapour pressure (kPa)
* 8       mean wind speed (height: 2 m) (m s-1)
* 9       precipitation                 (mm d-1)
*---------------------------------------------------------------------------*
  75.80  16.78   -99. 0.00 0.00
   2 1977   1 23362.  17.3  32.3 -99.000 -99.0   0.0
   2 1977   2 17710.  17.3  32.5 -99.000 -99.0   0.0
   2 1977   3 23362.  15.4  30.6 -99.000 -99.0   0.0
   2 1977   4 23362.  14.7  30.7 -99.000 -99.0   0.0
   2 1977   5 20934.  14.1  29.6 -99.000 -99.0   0.0
   2 1977   6 23362.  13.7  28.7 -99.000 -99.0   0.0
   2 1977   7 23362.  14.3  30.6 -99.000 -99.0   0.0
   2 1977   8 20306.  13.6  30.4 -99.000 -99.0   0.0
   2 1977   9 23572.  14.4  31.7 -99.000 -99.0   0.0
   2 1977  10 23572.  15.2  32.5 -99.000 -99.0   0.0
   2 1977  11 23572.  16.1  33.0 -99.000 -99.0   0.0
   2 1977  12 21939.  15.3  33.4 -99.000 -99.0   0.0
   2 1977  13 23572.  17.1  33.8 -99.000 -99.0   0.0
   2 1977  14 17040.  16.5  32.4 -99.000 -99.0   0.0
   2 1977  15 21939.  17.2  32.4 -99.000 -99.0   0.0
   2 1977  16 18799.  12.8  33.0 -99.000 -99.0   0.0
   2 1977  17 14696.  16.2  31.8 -99.000 -99.0   0.0
   2 1977  18 17208.  17.2  32.4 -99.000 -99.0   0.0
   2 1977  19 18799.  16.2  32.0 -99.000 -99.0   0.0
   2 1977  20 23948.  16.0  31.8 -99.000 -99.0   0.0
   2 1977  21 22316.  16.7  31.6 -99.000 -99.0   0.0
   2 1977  22 24158.  16.2  31.0 -99.000 -99.0   0.0
   2 1977  23 24367.  17.3  31.7 -99.000 -99.0   0.0
   2 1977  24 22860.  18.7  32.3 -99.000 -99.0   0.0
   2 1977  25 24744.  17.6  33.0 -99.000 -99.0   0.0
   2 1977  26 24744.  18.7  32.4 -99.000 -99.0   0.0
   2 1977  27 24744.  16.7  32.0 -99.000 -99.0   0.0
   2 1977  28 24744.  15.6  30.0 -99.000 -99.0   0.0
   2 1977  29 24744.  12.9  30.3 -99.000 -99.0   0.0
   2 1977  30 24953.  12.7  30.3 -99.000 -99.0   0.0
   2 1977  31 24953.  13.2  31.8 -99.000 -99.0   0.0
   2 1977  32 24953.  15.2  33.0 -99.000 -99.0   0.0
   2 1977  33 25163.  19.2  33.2 -99.000 -99.0   0.0
   2 1977  34 25163.  17.9  32.4 -99.000 -99.0   0.0
   2 1977  35 23614.  19.1  33.0 -99.000 -99.0   0.0
   2 1977  36 25372.  19.0  33.4 -99.000 -99.0   0.0
   2 1977  37 25539.  18.1  33.5 -99.000 -99.0   0.0
   2 1977  38 22860.  20.2  34.6 -99.000 -99.0   0.0
   2 1977  39 25749.  19.2  33.5 -99.000 -99.0   0.0
   2 1977  40 25749.  14.9  32.5 -99.000 -99.0   0.0
   2 1977  41 25749.  15.2  32.5 -99.000 -99.0   0.0
   2 1977  42 22358.  18.5  32.6 -99.000 -99.0   0.0
   2 1977  43 20557.  18.7  33.0 -99.000 -99.0   0.0
   2 1977  44 18924.  18.3  34.4 -99.000 -99.0   0.0
   2 1977  45 26377.  20.1  34.1 -99.000 -99.0   0.0
   2 1977  46 26377.  18.7  34.2 -99.000 -99.0   0.0
   2 1977  47 21060.  19.3  34.0 -99.000 -99.0   0.0
   2 1977  48 22106.  19.6  33.6 -99.000 -99.0   0.0
   2 1977  49 19343.  20.0  33.6 -99.000 -99.0   0.0
   2 1977  50 20390.  20.7  34.6 -99.000 -99.0   0.0
   2 1977  51 19510.  20.6  35.5 -99.000 -99.0   0.0
   2 1977  52 27172.  22.5  36.5 -99.000 -99.0   0.0
   2 1977  53 23404.  20.8  36.0 -99.000 -99.0   0.0
   2 1977  54 19804.  21.7  35.5 -99.000 -99.0   0.0
   2 1977  55 16119.  22.9  36.1 -99.000 -99.0   0.0
   2 1977  56 19929.  22.0  36.7 -99.000 -99.0   0.0
   2 1977  57 13356.  22.0  37.1 -99.000 -99.0   0.0
   2 1977  58 20055.  21.6  36.6 -99.000 -99.0   0.0
   2 1977  59 25833.  22.5  37.5 -99.000 -99.0   0.0
   2 1977  60 24074.  22.8  36.6 -99.000 -99.0   0.0
   2 1977  61 28177.  20.8  36.5 -99.000 -99.0   0.0
   2 1977  62 28177.  20.2  36.6 -99.000 -99.0   0.0
   2 1977  63 20515.  21.4  36.7 -99.000 -99.0   0.0
   2 1977  64 21604.  21.6  36.5 -99.000 -99.0   5.8
   2 1977  65 26586.  20.9  35.3 -99.000 -99.0   0.0
   2 1977  66 22776.  22.3  36.6 -99.000 -99.0   0.0
   2 1977  67 20808.  23.0  36.5 -99.000 -99.0   0.0
   2 1977  68 26963.  23.0  35.5 -99.000 -99.0   0.0
   2 1977  69 28973.  20.7  37.3 -99.000 -99.0   0.0
   2 1977  70 29140.  23.2  38.5 -99.000 -99.0   0.0
   2 1977  71 23111.  22.3  38.0 -99.000 -99.0   0.0
   2 1977  72 22106.  22.7  38.5 -99.000 -99.0   0.0
   2 1977  73 17166.  23.0  38.3 -99.000 -99.0   0.0
   2 1977  74 22232.  24.1  38.5 -99.000 -99.0   0.0
   2 1977  75 22232.  24.7  38.8 -99.000 -99.0   0.0
   2 1977  76 20306.  23.3  39.4 -99.000 -99.0   0.0
   2 1977  77 25456.  23.7  39.0 -99.000 -99.0   0.0
   2 1977  78 18422.  24.2  38.5 -99.000 -99.0   0.0
   2 1977  79 22525.  23.9  38.1 -99.000 -99.0   0.0
   2 1977  80 22525.  23.7  39.1 -99.000 -99.0   0.0
   2 1977  81 22651.  18.1  39.2 -99.000 -99.0   0.0
   2 1977  82 21646.  24.9  38.5 -99.000 -99.0   0.0
   2 1977  83 17501.  20.2  40.1 -99.000 -99.0   0.0
   2 1977  84 17501.  21.6  37.4 -99.000 -99.0   6.6
   2 1977  85 19552.  22.8  37.2 -99.000 -99.0   0.0
   2 1977  86 27005.  23.2  36.7 -99.000 -99.0   0.0
   2 1977  87 15533.  21.4  37.6 -99.000 -99.0   0.0
   2 1977  88 21939.  22.0  37.2 -99.000 -99.0   0.0
   2 1977  89 21939.  23.2  36.1 -99.000 -99.0   0.0
   2 1977  90 22106.  23.2  37.6 -99.000 -99.0   0.0
   2 1977  91 13607.  25.6  38.5 -99.000 -99.0   0.0
   2 1977  92 13607.  25.7  40.0 -99.000 -99.0   0.0
   2 1977  93 20097.  25.1  39.6 -99.000 -99.0   0.0
   2 1977  94 22232.  23.0  39.5 -99.000 -99.0   8.8
   2 1977  95 13816.  24.5  38.0 -99.000 -99.0   0.0
   2 1977  96 22358.  24.0  38.4 -99.000 -99.0   0.0
   2 1977  97 19134.  22.6  37.5 -99.000 -99.0   0.0
   2 1977  98 25581.  20.6  37.4 -99.000 -99.0   0.0
   2 1977  99 29015.  22.3  37.7 -99.000 -99.0   0.0
   2 1977 100 29015.  23.8  38.2 -99.000 -99.0   0.0
   2 1977 101 29015.  24.8  38.8 -99.000 -99.0   0.0
   2 1977 102 24828.  22.8  39.0 -99.000 -99.0   0.0
   2 1977 103 25916.  22.7  39.4 -99.000 -99.0   0.0
   2 1977 104 31359.  24.1  39.7 -99.000 -99.0   0.0
   2 1977 105 31359.  23.3  38.6 -99.000 -99.0   0.0
   2 1977 106 31359.  22.1  38.6 -99.000 -99.0   0.0
   2 1977 107 27005.  22.0  39.0 -99.000 -99.0   0.0
   2 1977 108 25916.  24.7  39.1 -99.000 -99.0   0.0
   2 1977 109 20515.  26.4  38.1 -99.000 -99.0   0.0
   2 1977 110 15072.  25.1  39.0 -99.000 -99.0   0.0
   2 1977 111 13984.  27.2  39.8 -99.000 -99.0   0.0
   2 1977 112 16161.  27.7  39.6 -99.000 -99.0   0.0
   2 1977 113 13984.  24.3  36.0 -99.000 -99.0   1.4
   2 1977 114 13984.  22.3  33.0 -99.000 -99.0   4.6
   2 1977 115 19385.  20.2  32.7 -99.000 -99.0  21.4
   2 1977 116 28093.  21.8  37.1 -99.000 -99.0   0.0
   2 1977 117 25916.  23.0  38.3 -99.000 -99.0   0.0
   2 1977 118 16245.  26.1  38.6 -99.000 -99.0   0.0
   2 1977 119 21688.  24.7  38.6 -99.000 -99.0   0.0
   2 1977 120 24995.  25.3  39.6 -99.000 -99.0   0.0
   2 1977 121 24995.  25.0  40.0 -99.000 -99.0   0.0
   2 1977 122 23907.  24.3  40.0 -99.000 -99.0   0.0
   2 1977 123 26084.  23.6  40.0 -99.000 -99.0   0.0
   2 1977 124 19510.  24.4  39.6 -99.000 -99.0   0.0
   2 1977 125 22818.  25.3  39.6 -99.000 -99.0   0.0
   2 1977 126 19636.  25.7  39.6 -99.000 -99.0   0.0
   2 1977 127 19636.  26.4  39.7 -99.000 -99.0   0.0
   2 1977 128 16370.  23.8  39.0 -99.000 -99.0   1.0
   2 1977 129 14151.  24.3  35.5 -99.000 -99.0   0.0
   2 1977 130 14151.  24.3  36.0 -99.000 -99.0   0.0
   2 1977 131 18673.  23.6  38.3 -99.000 -99.0   0.0
   2 1977 132 18673.  23.7  40.1 -99.000 -99.0   0.0
   2 1977 133 20850.  23.8  40.6 -99.000 -99.0   0.0
   2 1977 134 14319.  25.0  37.5 -99.000 -99.0   0.0
   2 1977 135 14319.  22.3  32.4 -99.000 -99.0  16.6
   2 1977 136 21018.  22.8  37.5 -99.000 -99.0   0.0
   2 1977 137 29936.  22.6  32.4 -99.000 -99.0   0.0
   2 1977 138 29936.  22.9  39.0 -99.000 -99.0   0.0
   2 1977 139 24367.  23.2  39.6 -99.000 -99.0   0.0
   2 1977 140 23237.  25.2  39.6 -99.000 -99.0   0.0
   2 1977 141 16454.  24.9  39.1 -99.000 -99.0   0.8
   2 1977 142 15366.  24.1  37.6 -99.000 -99.0   0.0
   2 1977 143 17543.  24.7  34.2 -99.000 -99.0   0.0
   2 1977 144 17543.  21.6  37.8 -99.000 -99.0   8.4
   2 1977 145 18673.  22.6  35.4 -99.000 -99.0   0.0
   2 1977 146 19762.  21.4  35.8 -99.000 -99.0   3.0
   2 1977 147 24158.  23.6  36.0 -99.000 -99.0   0.0
   2 1977 148 14235.  21.8  37.0 -99.000 -99.0  12.8
   2 1977 149 17543.  23.0  32.0 -99.000 -99.0   0.8
   2 1977 150 16454.  24.3  36.0 -99.000 -99.0   0.0
   2 1977 151 16454.  23.1  36.0 -99.000 -99.0   0.0
   2 1977 152 27507.  22.9  38.4 -99.000 -99.0   0.0
   2 1977 153 18673.  24.4  37.4 -99.000 -99.0   0.0
   2 1977 154 21981.  23.2  38.0 -99.000 -99.0   0.0
   2 1977 155 16454.  24.2  40.0 -99.000 -99.0   0.0
   2 1977 156 16454.  24.7  38.6 -99.000 -99.0   0.0
   2 1977 157 14235.  24.6  37.4 -99.000 -99.0   0.0
   2 1977 158 14235.  22.6  35.0 -99.000 -99.0   3.8
   2 1977 159 16454.  20.7  34.0 -99.000 -99.0  57.6
   2 1977 160 18673.  22.4  31.6 -99.000 -99.0   0.0
   2 1977 161 25330.  22.5  33.6 -99.000 -99.0   0.0
   2 1977 162 21981.  22.2  33.7 -99.000 -99.0   0.0
   2 1977 163 19762.  21.4  34.4 -99.000 -99.0   0.0
   2 1977 164 24158.  23.6  35.2 -99.000 -99.0   0.0
   2 1977 165 14235.  23.4  34.1 -99.000 -99.0   2.4
   2 1977 166 14235.  21.9  33.6 -99.000 -99.0  44.2
   2 1977 167 14235.  21.1  28.7 -99.000 -99.0  23.8
   2 1977 168 14235.  22.3  28.1 -99.000 -99.0  14.4
   2 1977 169 14235.  22.6  31.7 -99.000 -99.0   4.0
   2 1977 170 20850.  22.3  30.2 -99.000 -99.0   0.0
   2 1977 171 14235.  22.1  31.6 -99.000 -99.0   4.0
   2 1977 172 16454.  22.2  27.4 -99.000 -99.0   2.0
   2 1977 173 14235.  21.8  31.6 -99.000 -99.0   0.0
   2 1977 174 14235.  21.8  31.7 -99.000 -99.0   1.0
   2 1977 175 16454.  22.3  30.7 -99.000 -99.0   0.7
   2 1977 176 16454.  22.7  31.0 -99.000 -99.0   0.0
   2 1977 177 14235.  23.0  32.0 -99.000 -99.0   0.0
   2 1977 178 18673.  22.6  30.3 -99.000 -99.0   2.8
   2 1977 179 14235.  22.7  32.0 -99.000 -99.0   0.0
   2 1977 180 18673.  23.2  29.8 -99.000 -99.0   0.0
   2 1977 181 18673.  22.9  31.6 -99.000 -99.0   0.0
   2 1977 182 18506.  22.4  32.0 -99.000 -99.0   0.0
   2 1977 183 18673.  22.7  33.0 -99.000 -99.0   0.0
   2 1977 184 18673.  22.2  32.6 -99.000 -99.0   0.0
   2 1977 185 14235.  22.6  32.6 -99.000 -99.0   0.0
   2 1977 186 14235.  22.5  30.8 -99.000 -99.0   0.0
   2 1977 187 14235.  21.1  28.7 -99.000 -99.0   2.2
   2 1977 188 14235.  21.2  27.6 -99.000 -99.0   3.8
   2 1977 189 14235.  21.7  27.3 -99.000 -99.0   0.0
   2 1977 190 18673.  21.9  31.1 -99.000 -99.0   0.0
   2 1977 191 14235.  22.3  31.2 -99.000 -99.0   0.0
   2 1977 192 18673.  23.4  30.7 -99.000 -99.0   0.0
   2 1977 193 16454.  21.2  33.0 -99.000 -99.0   0.0
   2 1977 194 14235.  21.1  33.2 -99.000 -99.0   0.0
   2 1977 195 14235.  22.5  33.5 -99.000 -99.0   0.0
   2 1977 196 14235.  21.8  31.7 -99.000 -99.0   0.0
   2 1977 197 14235.  22.8  32.6 -99.000 -99.0   0.0
   2 1977 198 14235.  22.7  31.2 -99.000 -99.0   0.0
   2 1977 199 14151.  22.4  31.7 -99.000 -99.0   0.0
   2 1977 200 14151.  22.7  31.2 -99.000 -99.0   0.0
   2 1977 201 14151.  22.7  33.3 -99.000 -99.0   0.0
   2 1977 202 14151.  22.1  32.9 -99.000 -99.0  77.2
   2 1977 203 14151.  22.2  31.0 -99.000 -99.0   0.0
   2 1977 204 14151.  22.5  30.1 -99.000 -99.0   0.0
   2 1977 205 14151.  22.8  29.6 -99.000 -99.0   0.0
   2 1977 206 14151.  22.0  27.7 -99.000 -99.0   1.0
   2 1977 207 14151.  21.6  24.5 -99.000 -99.0   3.2
   2 1977 208 14151.  21.9  28.6 -99.000 -99.0   0.0
   2 1977 209 14151.  22.0  30.6 -99.000 -99.0   0.0
   2 1977 210 14151.  22.1  30.5 -99.000 -99.0   5.0
   2 1977 211 14151.  21.7  29.3 -99.000 -99.0   0.0
   2 1977 212 18548.  21.7  30.0 -99.000 -99.0   0.6
   2 1977 213 19636.  22.2  29.6 -99.000 -99.0   0.0
   2 1977 214 14151.  21.2  30.5 -99.000 -99.0   0.0
   2 1977 215 19636.  20.8  31.6 -99.000 -99.0   0.0
   2 1977 216 14151.  22.2  32.0 -99.000 -99.0   0.0
   2 1977 217 14151.  21.8  30.1 -99.000 -99.0   0.0
   2 1977 218 14151.  22.1  30.1 -99.000 -99.0   0.2
   2 1977 219 14151.  22.7  29.9 -99.000 -99.0   0.0
   2 1977 220 14068.  22.2  29.6 -99.000 -99.0   0.8
   2 1977 221 18464.  21.7  31.0 -99.000 -99.0   0.0
   2 1977 222 18464.  22.7  32.2 -99.000 -99.0   0.0
   2 1977 223 14068.  21.1  30.7 -99.000 -99.0   0.0
   2 1977 224 16245.  21.7  33.8 -99.000 -99.0   0.0
   2 1977 225 16245.  22.3  32.3 -99.000 -99.0  27.8
   2 1977 226 14068.  21.6  31.3 -99.000 -99.0   0.0
   2 1977 227 15156.  22.2  31.0 -99.000 -99.0   0.0
   2 1977 228 18464.  21.2  32.6 -99.000 -99.0   0.0
   2 1977 229 18464.  21.2  31.9 -99.000 -99.0   0.0
   2 1977 230 21688.  21.3  33.6 -99.000 -99.0   0.0
   2 1977 231 15072.  21.9  33.0 -99.000 -99.0   0.0
   2 1977 232 18296.  20.8  33.4 -99.000 -99.0   0.0
   2 1977 233 16035.  21.2  33.7 -99.000 -99.0   0.8
   2 1977 234 13858.  22.7  32.6 -99.000 -99.0   0.0
   2 1977 235 13816.  21.6  27.5 -99.000 -99.0   5.8
   2 1977 236 13816.  22.5  30.6 -99.000 -99.0   0.0
   2 1977 237 18087.  22.1  30.0 -99.000 -99.0   0.0
   2 1977 238 13691.  22.3  29.5 -99.000 -99.0   0.0
   2 1977 239 13691.  21.8  28.0 -99.000 -99.0   0.0
   2 1977 240 13691.  22.2  29.8 -99.000 -99.0   0.0
   2 1977 241 15826.  21.8  29.7 -99.000 -99.0   0.0
   2 1977 242 17836.  21.6  31.9 -99.000 -99.0   0.0
   2 1977 243 13607.  21.7  31.3 -99.000 -99.0   0.0
   2 1977 244 13607.  22.2  29.7 -99.000 -99.0   0.0
   2 1977 245 13607.  21.7  28.7 -99.000 -99.0   0.0
   2 1977 246 13523.  22.3  31.2 -99.000 -99.0   0.0
   2 1977 247 17710.  21.3  30.2 -99.000 -99.0   0.0
   2 1977 248 27214.  19.8  31.1 -99.000 -99.0   0.0
   2 1977 249 18757.  20.8  33.0 -99.000 -99.0   0.0
   2 1977 250 17626.  20.8  32.4 -99.000 -99.0   0.0
   2 1977 251 15533.  22.2  32.5 -99.000 -99.0   0.0
   2 1977 252 19728.  21.6  30.6 -99.000 -99.0   0.0
   2 1977 253 13440.  22.2  33.1 -99.000 -99.0   0.0
   2 1977 254 18673.  21.6  33.5 -99.000 -99.0   0.0
   2 1977 255 19552.  21.2  33.1 -99.000 -99.0   0.6
   2 1977 256 13356.  20.3  33.6 -99.000 -99.0   0.0
   2 1977 257 18506.  20.1  32.1 -99.000 -99.0   0.0
   2 1977 258 19552.  20.7  30.8 -99.000 -99.0   0.0
   2 1977 259 22651.  20.6  33.2 -99.000 -99.0   0.0
   2 1977 260 14403.  20.2  33.6 -99.000 -99.0   0.0
   2 1977 261 17375.  21.3  34.6 -99.000 -99.0   0.0
   2 1977 262 18422.  22.8  35.3 -99.000 -99.0   0.0
   2 1977 263 26461.  22.9  35.2 -99.000 -99.0   0.0
   2 1977 264 27298.  22.2  35.1 -99.000 -99.0   0.0
   2 1977 265 25288.  21.7  36.2 -99.000 -99.0   0.0
   2 1977 266 14989.  21.2  36.9 -99.000 -99.0   0.0
   2 1977 267 12979.  20.3  33.3 -99.000 -99.0   4.6
   2 1977 268 22106.  22.7  35.0 -99.000 -99.0   4.6
   2 1977 269 20808.  22.0  35.6 -99.000 -99.0   0.0
   2 1977 270 14696.  22.2  33.0 -99.000 -99.0   0.0
   2 1977 271 16705.  23.2  33.8 -99.000 -99.0  13.2
   2 1977 272 12602.  23.5  33.0 -99.000 -99.0   0.0
   2 1977 273 17417.  21.0  33.8 -99.000 -99.0  38.2
   2 1977 274 12560.  21.2  32.4 -99.000 -99.0  37.6
   2 1977 275 12477.  22.2  28.2 -99.000 -99.0   8.4
   2 1977 276 12477.  21.3  28.2 -99.000 -99.0  28.4
   2 1977 277 16329.  21.7  27.6 -99.000 -99.0   0.0
   2 1977 278 12477.  21.3  30.6 -99.000 -99.0  62.4
   2 1977 279 18129.  21.3  27.7 -99.000 -99.0  14.6
   2 1977 280 16203.  21.7  29.6 -99.000 -99.0   0.0
   2 1977 281 15240.  20.8  29.6 -99.000 -99.0   4.4
   2 1977 282 17166.  21.2  30.3 -99.000 -99.0   1.4
   2 1977 283 21981.  20.5  29.4 -99.000 -99.0   0.0
   2 1977 284 24744.  20.0  31.0 -99.000 -99.0   0.0
   2 1977 285 27549.  19.7  31.9 -99.000 -99.0   0.0
   2 1977 286 22776.  19.6  32.3 -99.000 -99.0   0.0
   2 1977 287 17040.  21.3  33.0 -99.000 -99.0   0.0
   2 1977 288 18003.  21.2  33.2 -99.000 -99.0   0.0
   2 1977 289 16119.  22.7  33.1 -99.000 -99.0   0.0
   2 1977 290 14193.  23.7  33.0 -99.000 -99.0   0.0
   2 1977 291 14110.  21.2  31.9 -99.000 -99.0   5.2
   2 1977 292 15031.  22.2  29.5 -99.000 -99.0   0.0
   2 1977 293 23404.  21.1  32.1 -99.000 -99.0   0.0
   2 1977 294 27172.  19.2  32.6 -99.000 -99.0   0.0
   2 1977 295 26963.  18.1  31.8 -99.000 -99.0   0.0
   2 1977 296 26963.  19.2  31.6 -99.000 -99.0   0.0
   2 1977 297 24158.  19.6  32.1 -99.000 -99.0   0.0
   2 1977 298 18422.  20.7  32.2 -99.000 -99.0   0.0
   2 1977 299 24911.  19.2  33.0 -99.000 -99.0   0.0
   2 1977 300 26544.  19.1  33.6 -99.000 -99.0   0.0
   2 1977 301 23614.  19.7  34.4 -99.000 -99.0   0.0
   2 1977 302 26377.  20.7  35.3 -99.000 -99.0   0.0
   2 1977 303   963.  20.1  34.0 -99.000 -99.0   0.0
   2 1977 304 18924.  19.7  34.0 -99.000 -99.0   0.0
   2 1977 305 15156.  21.0  32.7 -99.000 -99.0  27.2
   2 1977 306 16957.  21.3  25.7 -99.000 -99.0   8.4
   2 1977 307 16035.  21.1  31.1 -99.000 -99.0   0.0
   2 1977 308 16831.  22.4  31.7 -99.000 -99.0   0.0
   2 1977 309 20390.  22.7  33.0 -99.000 -99.0   0.0
   2 1977 310 14905.  21.2  32.4 -99.000 -99.0   0.0
   2 1977 311 15826.  21.0  31.6 -99.000 -99.0   0.0
   2 1977 312 13063.  21.2  32.6 -99.000 -99.0   0.0
   2 1977 313 20808.  19.7  32.2 -99.000 -99.0   0.0
   2 1977 314 18882.  19.7  31.3 -99.000 -99.0   0.0
   2 1977 315 20473.  18.7  31.3 -99.000 -99.0   0.0
   2 1977 316 11053.  19.7  31.1 -99.000 -99.0   0.0
   2 1977 317 13481.  21.1  29.6 -99.000 -99.0   0.0
   2 1977 318 10844.  22.2  31.3 -99.000 -99.0   0.0
   2 1977 319 15072.  21.7  31.3 -99.000 -99.0   1.0
   2 1977 320 10844.  21.2  31.0 -99.000 -99.0   0.0
   2 1977 321 14110.  21.7  30.1 -99.000 -99.0   0.0
   2 1977 322 15784.  18.7  29.0 -99.000 -99.0   0.0
   2 1977 323 13984.  17.7  30.0 -99.000 -99.0   0.0
   2 1977 324 15659.  19.8  30.8 -99.000 -99.0   0.0
   2 1977 325 14821.  19.1  31.3 -99.000 -99.0   0.0
   2 1977 326 10676.  20.6  29.7 -99.000 -99.0   0.0
   2 1977 327 10593.  21.1  27.2 -99.000 -99.0   4.0
   2 1977 328 13858.  20.3  27.5 -99.000 -99.0   0.0
   2 1977 329 13063.  21.6  31.0 -99.000 -99.0   0.0
   2 1977 330 10509.  22.7  28.8 -99.000 -99.0   0.0
   2 1977 331 10509.  21.2  28.6 -99.000 -99.0   3.6
   2 1977 332 13649.  20.7  28.7 -99.000 -99.0  37.8
   2 1977 333 12058.  20.7  26.9 -99.000 -99.0   0.4
   2 1977 334 18338.  21.1  29.4 -99.000 -99.0   0.0
   2 1977 335 17543.  19.9  30.4 -99.000 -99.0   0.0
   2 1977 336 16747.  21.0  30.8 -99.000 -99.0   0.0
   2 1977 337 18338.  21.0  31.0 -99.000 -99.0   0.0
   2 1977 338 14989.  20.8  30.0 -99.000 -99.0   0.0
   2 1977 339 19008.  16.2  28.9 -99.000 -99.0   0.0
   2 1977 340 15784.  15.7  29.4 -99.000 -99.0   0.0
   2 1977 341 19008.  15.7  29.4 -99.000 -99.0   0.0
   2 1977 342 21353.  15.7  30.0 -99.000 -99.0   0.0
   2 1977 343 22944.  15.1  29.3 -99.000 -99.0   0.0
   2 1977 344 22944.  12.7  27.5 -99.000 -99.0   0.0
   2 1977 345 18003.  12.6  28.6 -99.000 -99.0   0.0
   2 1977 346 13314.  13.7  27.6 -99.000 -99.0   0.0
   2 1977 347 12519.  13.2  29.6 -99.000 -99.0   0.0
   2 1977 348 22776.  13.6  29.1 -99.000 -99.0   0.0
   2 1977 349 22776.  13.5  29.1 -99.000 -99.0   0.0
   2 1977 350 22776.  13.7  28.6 -99.000 -99.0   0.0
   2 1977 351 22776.  12.3  27.3 -99.000 -99.0   0.0
   2 1977 352 22944.  13.1  27.4 -99.000 -99.0   0.0
   2 1977 353 22944.  12.9  28.4 -99.000 -99.0   0.0
   2 1977 354 22944.  13.7  28.6 -99.000 -99.0   0.0
   2 1977 355 22944.  14.7  28.3 -99.000 -99.0   0.0
   2 1977 356 22944.  13.9  28.3 -99.000 -99.0   0.0
   2 1977 357 22944.  14.2  28.8 -99.000 -99.0   0.0
   2 1977 358 21353.  14.2  29.1 -99.000 -99.0   0.0
   2 1977 359 23153.  14.1  29.4 -99.000 -99.0   0.0
   2 1977 360 20767.  14.2  29.3 -99.000 -99.0   0.0
   2 1977 361 18338.  15.7  30.1 -99.000 -99.0   0.0
   2 1977 362 15910.  13.7  31.7 -99.000 -99.0   0.0
   2 1977 363 23153.  14.8  30.3 -99.000 -99.0   0.0
   2 1977 364 23362.  12.7  26.7 -99.000 -99.0   0.0
   2 1977 365 20934.  12.9  28.0 -99.000 -99.0   0.0
