*---------------------------------------------------------------------------*
* Station name: Patancheru ICRISAT, India
* Year: 1976
* Author: Peter Uithol                                     -99.000: NIL VALUE
* Source: ICRISAT tape FSAGRO
* Comments: No irradiation data available.
* Longitude: 78 28 E, latitude: 17 27 N, alt.: Hyderabad airport!: 21. m
*
* Column  Daily value
* 1       station number
* 2       year
* 3       day
* 4       irradiation                   (kJ m-2 d-1)
* 5       minimum temperature           (degrees Celsius)
* 6       maximum temperature           (degrees Celsius)
* 7       early morning vapour pressure (kPa)
* 8       mean wind speed (height: 2 m) (m s-1)
* 9       precipitation                 (mm d-1)
*---------------------------------------------------------------------------*
  78.47  17.45    21. 0.00 0.00
   1 1976   1   -99.  11.0  26.1   1.248   1.9   0.0
   1 1976   2   -99.  12.0  27.0   1.361   1.4   0.0
   1 1976   3   -99.  11.0  27.1   1.208   1.7   0.0
   1 1976   4   -99.  10.5  27.1   1.232   2.0   0.0
   1 1976   5   -99.  13.0  26.1   1.184   2.0   0.0
   1 1976   6   -99.  10.7  25.6   1.094   2.0   0.0
   1 1976   7   -99.  11.7  25.2   1.211   1.4   0.0
   1 1976   8   -99.  11.6  26.3   1.148   2.2   0.0
   1 1976   9   -99.   7.9  26.1   0.970   1.9   0.0
   1 1976  10   -99.  11.0  25.7   1.011   1.7   0.0
   1 1976  11   -99.   9.8  26.1   1.127   2.0   0.0
   1 1976  12   -99.  11.5  24.7   1.140   2.1   0.0
   1 1976  13   -99.  10.0  25.1   1.191   1.8   0.0
   1 1976  14   -99.  10.3  24.8   1.128   2.3   0.0
   1 1976  15   -99.  10.9  25.7   1.226   2.4   0.0
   1 1976  16   -99.  10.7  26.0   1.210   1.3   0.0
   1 1976  17   -99.  10.5  27.1   1.169   1.9   0.0
   1 1976  18   -99.  14.0  27.6   1.392   2.8   0.0
   1 1976  19   -99.  14.6  26.1   1.347   2.2   0.0
   1 1976  20   -99.  12.6  26.1   1.153   2.2   0.0
   1 1976  21   -99.  13.0  25.8   1.064   2.0   0.0
   1 1976  22   -99.   7.8  25.0   0.720   1.9   0.0
   1 1976  23   -99.   8.4  24.6   0.860   1.9   0.0
   1 1976  24   -99.  10.5  25.3   1.181   1.9   0.0
   1 1976  25   -99.  12.5  26.1   1.320   1.9   0.0
   1 1976  26   -99.  12.9  26.9   1.325   1.9   0.0
   1 1976  27   -99.  12.4  27.9   1.325   2.2   0.0
   1 1976  28   -99.  11.1  28.1   1.282   2.3   0.0
   1 1976  29   -99.  13.8  27.1   1.453   2.6   0.0
   1 1976  30   -99.  15.8  27.5   1.581   2.9   0.0
   1 1976  31   -99.  12.0  24.1   1.403   3.0   0.0
   1 1976  32   -99.  11.5  28.1   1.276   1.8   0.0
   1 1976  33   -99.  14.4  29.1   1.412   2.1   0.0
   1 1976  34   -99.  15.4  30.7   1.453   1.7   0.0
   1 1976  35   -99.  13.8  31.7   1.453   1.9   0.0
   1 1976  36   -99.  12.9  32.1   0.908   2.1   0.0
   1 1976  37   -99.  12.8  28.2   1.242   2.1   0.0
   1 1976  38   -99.   9.0  26.5   0.942   1.8   0.0
   1 1976  39   -99.  10.5  27.1   0.813   1.6   0.0
   1 1976  40   -99.   9.4  27.7   0.991   1.6   0.0
   1 1976  41   -99.  11.0  28.1   1.103   2.1   0.0
   1 1976  42   -99.  13.0  28.1   1.214   2.3   0.0
   1 1976  43   -99.  14.3  28.9   1.288   2.3   0.0
   1 1976  44   -99.  14.1  28.2   1.368   2.4   0.0
   1 1976  45   -99.  12.5  29.6   1.131   1.9   0.0
   1 1976  46   -99.  13.6  31.6   1.216   1.8   0.0
   1 1976  47   -99.  15.0  31.7   1.570   2.5   0.0
   1 1976  48   -99.  12.0  31.6   1.123   2.7   0.0
   1 1976  49   -99.  14.6  31.3   1.264   2.7   0.0
   1 1976  50   -99.  13.8  32.1   1.326   2.5   0.0
   1 1976  51   -99.  14.8  32.8   1.028   2.3   0.0
   1 1976  52   -99.  14.5  33.6   0.975   1.9   0.0
   1 1976  53   -99.  14.0  33.6   0.704   1.9   0.0
   1 1976  54   -99.  14.9  33.5   1.034   1.7   0.0
   1 1976  55   -99.  15.5  33.5   0.934   1.8   0.0
   1 1976  56   -99.  16.5  33.2   0.845   1.7   0.0
   1 1976  57   -99.  15.4  33.2   0.788   2.1   0.0
   1 1976  58   -99.  14.7  32.8   0.820   1.8   0.0
   1 1976  59   -99.  14.8  32.0   1.112   1.9   0.0
   1 1976  60   -99.  14.8  33.0   1.011   1.7   0.0
   1 1976  61   -99.  13.5  32.6   0.913   1.8   0.0
   1 1976  62   -99.  14.2  33.5   0.940   1.6   0.0
   1 1976  63   -99.  16.0  34.5   0.964   2.2   0.0
   1 1976  64   -99.  15.5  34.8   0.969   2.1   0.0
   1 1976  65   -99.  18.0  36.5   1.467   1.9   0.0
   1 1976  66   -99.  18.0  35.2   1.611   2.8   0.0
   1 1976  67   -99.  16.8  35.4   1.091   2.7   0.0
   1 1976  68   -99.  16.5  35.2   1.616   2.2   0.0
   1 1976  69   -99.  19.0  34.2   1.650   1.7   0.0
   1 1976  70   -99.  20.5  35.0   1.304   1.6   0.0
   1 1976  71   -99.  19.0  35.0   1.474   2.1   0.5
   1 1976  72   -99.  19.0  35.2   1.122   2.0   0.0
   1 1976  73   -99.  15.2  35.0   1.020   2.1   0.0
   1 1976  74   -99.  17.3  34.5   1.087   1.8   0.0
   1 1976  75   -99.  17.2  35.5   1.159   1.8   0.0
   1 1976  76   -99.  18.0  36.2   1.033   2.3   0.0
   1 1976  77   -99.  18.2  36.0   1.255   2.4   0.0
   1 1976  78   -99.  20.4  35.7   1.272   2.0   0.0
   1 1976  79   -99.  20.0  36.5   0.913   1.5   0.0
   1 1976  80   -99.  19.5  37.5   1.067   1.9   0.0
   1 1976  81   -99.  20.5  37.0   1.038   2.1   0.0
   1 1976  82   -99.  20.0  37.0   1.053   2.0   0.0
   1 1976  83   -99.  21.4  37.2   1.403   3.2   0.0
   1 1976  84   -99.  19.4  36.8   1.579   2.2   0.0
   1 1976  85   -99.  19.6  36.5   1.347   1.8   0.0
   1 1976  86   -99.  19.4  37.2   1.037   1.7   0.0
   1 1976  87   -99.  19.5  37.5   0.953   2.0   0.0
   1 1976  88   -99.  22.6  37.0   1.208   2.5   0.0
   1 1976  89   -99.  22.2  35.6   1.393   3.3   0.0
   1 1976  90   -99.  18.0  34.3   0.909   3.2   0.0
   1 1976  91   -99.  19.0  33.8   1.166   2.9   0.0
   1 1976  92   -99.  19.3  34.6   1.838   3.1   0.0
   1 1976  93   -99.  19.2  32.7   1.804   2.3   7.4
   1 1976  94   -99.  19.2  34.1   1.804   2.3   0.0
   1 1976  95   -99.  20.0  36.2   1.194   2.5   0.0
   1 1976  96   -99.  22.5  35.6   1.774   3.9   0.0
   1 1976  97   -99.  19.4  34.8   1.421   2.0   0.0
   1 1976  98   -99.  22.1  35.9   1.358   1.6   0.0
   1 1976  99   -99.  22.4  36.5   1.194   1.8   0.0
   1 1976 100   -99.  24.0  37.8   1.106   1.9   0.0
   1 1976 101   -99.  25.5  38.2   1.667   2.2   0.0
   1 1976 102   -99.  20.5  39.0   2.004   2.8  48.0
   1 1976 103   -99.  23.0  36.9   1.491   2.3   0.0
   1 1976 104   -99.  21.0  37.3   1.818   3.8   3.3
   1 1976 105   -99.  18.5  35.5   1.769   3.2  29.0
   1 1976 106   -99.  22.0  33.7   2.038   1.4   0.0
   1 1976 107   -99.  22.5  35.8   1.692   1.9   0.0
   1 1976 108   -99.  23.5  36.7   1.769   1.7   0.0
   1 1976 109   -99.  22.8  37.5   1.751   1.7   0.0
   1 1976 110   -99.  23.2  38.9   1.794   1.6   0.0
   1 1976 111   -99.  23.6  39.1   1.838   2.0   0.0
   1 1976 112   -99.  25.1  39.1   2.298   3.6   0.0
   1 1976 113   -99.  21.5  39.1   1.463   5.4   3.3
   1 1976 114   -99.  23.0  34.5   1.997   2.5   0.0
   1 1976 115   -99.  21.8  31.8   1.726   4.0   0.0
   1 1976 116   -99.  26.8  35.9   2.083   2.0   0.0
   1 1976 117   -99.  24.0  37.0   1.793   2.7   0.0
   1 1976 118   -99.  22.6  39.0   1.016   2.9   0.0
   1 1976 119   -99.  22.4  38.3   0.949   3.4   0.0
   1 1976 120   -99.  21.0  39.3   0.921   3.0   0.0
   1 1976 121   -99.  22.0  39.7   1.032   3.2   0.0
   1 1976 122   -99.  21.7  40.1   0.936   4.1   0.0
   1 1976 123   -99.  22.0  40.3   0.821   3.8   0.0
   1 1976 124   -99.  21.8  40.1   0.758   3.1   0.0
   1 1976 125   -99.  23.0  39.9   0.928   3.6   0.0
   1 1976 126   -99.  23.3  38.9   1.003   3.3   0.0
   1 1976 127   -99.  25.0  39.2   1.174   3.4   0.0
   1 1976 128   -99.  22.5  39.2   0.955   3.3   0.0
   1 1976 129   -99.  22.5  39.0   0.764   3.1   0.0
   1 1976 130   -99.  26.0  40.2   0.976   2.3   0.0
   1 1976 131   -99.  20.6  40.0   2.113   4.1  21.8
   1 1976 132   -99.  24.5  36.5   1.909   2.5   0.0
   1 1976 133   -99.  24.5  38.7   1.940   2.9   0.0
   1 1976 134   -99.  25.5  40.0   2.321   4.0   0.0
   1 1976 135   -99.  28.5  39.0   1.677   4.1   0.0
   1 1976 136   -99.  26.8  40.0   1.377   4.4   0.0
   1 1976 137   -99.  24.5  37.0   1.570   2.6   0.0
   1 1976 138   -99.  27.2  40.8   0.940   3.0   0.0
   1 1976 139   -99.  22.5  40.4   0.710   3.5   0.0
   1 1976 140   -99.  25.7  40.5   1.025   3.3   0.0
   1 1976 141   -99.  25.6  41.1   1.743   3.9   0.0
   1 1976 142   -99.  24.0  40.5   0.986   3.1   0.0
   1 1976 143   -99.  26.0  41.0   1.111   3.2   0.0
   1 1976 144   -99.  23.5  40.8   0.725   4.9   0.0
   1 1976 145   -99.  25.5  40.0   1.405   5.6   0.0
   1 1976 146   -99.  27.2  39.0   1.915   5.1   0.0
   1 1976 147   -99.  26.2  38.4   1.874   5.2   0.0
   1 1976 148   -99.  26.0  33.9   2.054   4.8   0.0
   1 1976 149   -99.  28.0  38.6   1.893   5.6   0.6
   1 1976 150   -99.  27.5  38.5   2.060   4.0   0.0
   1 1976 151   -99.  24.5  38.0   1.724   4.1   0.0
   1 1976 152   -99.  25.0  37.0   1.777   5.0   0.0
   1 1976 153   -99.  25.0  36.0   1.999   7.3   0.0
   1 1976 154   -99.  24.5  36.5   1.940   8.1   0.0
   1 1976 155   -99.  23.5  34.5   1.943   7.8   0.0
   1 1976 156   -99.  23.5  33.0   2.059   7.4   0.0
   1 1976 157   -99.  23.4  34.5   2.248   6.7   3.1
   1 1976 158   -99.  24.0  33.6   2.181   9.1   0.0
   1 1976 159   -99.  22.8  35.7   2.418   7.4  19.6
   1 1976 160   -99.  22.2  34.3   2.117   5.8   0.0
   1 1976 161   -99.  23.0  35.0   2.110   6.5   0.0
   1 1976 162   -99.  22.0  35.8   2.171   5.6   8.4
   1 1976 163   -99.  23.2  35.0   1.908   3.9   0.0
   1 1976 164   -99.  25.0  37.2   1.872   5.5   0.0
   1 1976 165   -99.  23.9  36.1   1.960   6.7   0.0
   1 1976 166   -99.  24.2  35.4   2.208   5.6   0.0
   1 1976 167   -99.  23.0  33.8   2.279   3.3   1.0
   1 1976 168   -99.  25.1  34.6   1.755   3.1   1.0
   1 1976 169   -99.  25.0  36.5   1.935   4.4   0.0
   1 1976 170   -99.  25.5  37.0   1.830   4.3   0.0
   1 1976 171   -99.  25.8  38.0   1.897   4.3   0.0
   1 1976 172   -99.  22.5  37.0   2.402   5.1   1.2
   1 1976 173   -99.  22.0  35.5   2.435   4.5   4.6
   1 1976 174   -99.  22.0  33.3   2.303   5.2  27.5
   1 1976 175   -99.  20.0  33.0   2.200   4.5  19.6
   1 1976 176   -99.  23.0  29.8   2.476   2.8   0.0
   1 1976 177   -99.  23.0  31.0   2.307   3.5   0.0
   1 1976 178   -99.  23.8  31.5   2.303   4.6   0.0
   1 1976 179   -99.  22.5  34.0   2.020   5.1   0.0
   1 1976 180   -99.  22.7  34.5   2.127   5.9   0.0
   1 1976 181   -99.  24.9  34.5   2.334   5.0   0.0
   1 1976 182   -99.  24.5  34.2   2.248   3.8   0.0
   1 1976 183   -99.  22.5  34.5   2.320   4.8  16.2
   1 1976 184   -99.  21.6  31.0   2.402   3.9   5.0
   1 1976 185   -99.  22.5  31.0   2.402   4.3   0.0
   1 1976 186   -99.  23.0  31.6   2.476   3.8   2.4
   1 1976 187   -99.  22.1  31.8   2.477   3.9  11.5
   1 1976 188   -99.  21.4  30.6   2.373   3.6  13.0
   1 1976 189   -99.  22.0  30.4   2.435   4.7   2.1
   1 1976 190   -99.  22.5  31.3   2.265   6.4   9.1
   1 1976 191   -99.  22.5  30.0   2.347   6.0   0.0
   1 1976 192   -99.  22.5  31.0   2.374   6.1   0.0
   1 1976 193   -99.  21.2  30.5   2.042   5.4   0.0
   1 1976 194   -99.  22.5  31.5   2.456   6.0  10.5
   1 1976 195   -99.  23.0  31.0   2.391   5.2   1.0
   1 1976 196   -99.  22.1  32.8   2.237   6.1   0.7
   1 1976 197   -99.  21.5  31.8   2.182   6.0   0.0
   1 1976 198   -99.  23.0  30.6   2.279   6.2   0.0
   1 1976 199   -99.  23.0  31.3   2.363   7.1   0.0
   1 1976 200   -99.  22.0  27.0   2.541   6.2  29.1
   1 1976 201   -99.  22.4  27.0   2.441   5.9   5.8
   1 1976 202   -99.  20.5  23.8   2.318   5.8  92.2
   1 1976 203   -99.  22.4  24.0   2.468   5.7   5.6
   1 1976 204   -99.  22.5  28.5   2.511   3.5   1.8
   1 1976 205   -99.  23.4  29.8   2.479   3.9   0.0
   1 1976 206   -99.  22.6  30.8   2.279   2.6   0.0
   1 1976 207   -99.  24.0  30.0   2.540   2.7   0.0
   1 1976 208   -99.  21.0  29.5   2.415   3.0   3.4
   1 1976 209   -99.  21.0  29.2   2.191   3.4   5.0
   1 1976 210   -99.  22.5  31.0   2.429   4.0   1.4
   1 1976 211   -99.  21.1  29.0   2.205   4.9   1.3
   1 1976 212   -99.  21.5  29.5   2.234   5.4   2.2
   1 1976 213   -99.  22.5  30.0   2.374   5.8   0.0
   1 1976 214   -99.  22.0  29.6   2.488   5.1   2.6
   1 1976 215   -99.  21.5  25.4   2.336   3.8  33.0
   1 1976 216   -99.  21.5  26.4   2.336   3.6  32.2
   1 1976 217   -99.  21.5  27.9   2.285   4.0   0.0
   1 1976 218   -99.  20.8  27.5   2.238   3.4   0.0
   1 1976 219   -99.  20.8  30.5   2.238   2.1   0.0
   1 1976 220   -99.  21.0  30.6   2.291   2.6  12.3
   1 1976 221   -99.  22.4  30.0   2.387   2.6   4.7
   1 1976 222   -99.  22.4  29.0   2.170   3.0   0.0
   1 1976 223   -99.  20.5  30.6   2.125   3.7   0.0
   1 1976 224   -99.  22.5  30.6   2.183   3.5   0.0
   1 1976 225   -99.  22.5  29.3   2.238   3.2   0.0
   1 1976 226   -99.  23.2  29.3   2.221   2.7   0.0
   1 1976 227   -99.  22.5  30.5   2.320   2.8   0.0
   1 1976 228   -99.  22.4  30.8   2.441   2.6   1.3
   1 1976 229   -99.  22.5  31.0   2.402   2.9   0.0
   1 1976 230   -99.  22.0  29.5   2.250   2.6   0.0
   1 1976 231   -99.  21.0  30.0   2.490   2.6 112.0
   1 1976 232   -99.  21.0  26.2   2.316   2.4  42.6
   1 1976 233   -99.  22.0  26.0   2.330   2.4   9.4
   1 1976 234   -99.  21.4  27.6   2.399   2.1   0.0
   1 1976 235   -99.  22.5  29.5   2.538   2.3   3.3
   1 1976 236   -99.  22.6  27.0   2.636   1.8  11.4
   1 1976 237   -99.  23.6  27.8   2.800   1.9   5.4
   1 1976 238   -99.  21.5  26.6   2.413   2.0   7.2
   1 1976 239   -99.  22.6  27.3   2.636   2.1   2.8
   1 1976 240   -99.  23.0  25.7   2.616   2.4   5.5
   1 1976 241   -99.  22.0  28.9   2.409   2.1   0.8
   1 1976 242   -99.  22.5  29.8   2.456   2.6   4.5
   1 1976 243   -99.  20.3  25.7   2.242   3.1   7.7
   1 1976 244   -99.  22.0  27.7   2.356   3.5   0.6
   1 1976 245   -99.  21.0  26.0   2.316   3.0  11.7
   1 1976 246   -99.  21.5  26.2   2.311   2.9   9.3
   1 1976 247   -99.  20.9  28.8   2.277   2.3  20.8
   1 1976 248   -99.  20.5  20.7   2.414   2.3   0.0
   1 1976 249   -99.  21.0  29.5   2.316   2.4   2.3
   1 1976 250   -99.  21.6  29.5   2.144   1.9   0.0
   1 1976 251   -99.  21.8  30.5   2.354   2.1   1.0
   1 1976 252   -99.  22.0  30.9   2.197   2.1   2.6
   1 1976 253   -99.  21.5  30.5   2.234   2.4   5.0
   1 1976 254   -99.  22.0  29.0   2.383   2.6  14.4
   1 1976 255   -99.  22.3  29.3   2.346   2.5   0.0
   1 1976 256   -99.  22.5  30.4   2.292   2.5   1.0
   1 1976 257   -99.  21.5  31.0   2.131   2.8   0.0
   1 1976 258   -99.  22.5  30.8   2.456   2.3   0.0
   1 1976 259   -99.  22.0  31.0   2.171   2.1   0.0
   1 1976 260   -99.  23.0  31.5   2.166   2.5   0.0
   1 1976 261   -99.  22.0  31.5   2.038   2.5   0.0
   1 1976 262   -99.  20.8  30.5   2.189   2.5   3.1
   1 1976 263   -99.  23.8  29.0   2.421   1.3   0.0
   1 1976 264   -99.  21.8  30.5   2.327   1.4   2.2
   1 1976 265   -99.  23.1  31.8   2.462   1.8   0.0
   1 1976 266   -99.  21.5  31.8   2.285   1.8   0.0
   1 1976 267   -99.  19.8  32.0   2.058   1.3   0.0
   1 1976 268   -99.  20.9  32.5   1.955   1.5   0.0
   1 1976 269   -99.  21.4  33.0   2.092   1.5   0.0
   1 1976 270   -99.  20.0  33.2   1.943   1.6   0.0
   1 1976 271   -99.  20.1  32.5   2.049   1.4   0.0
   1 1976 272   -99.  20.9  33.0   1.980   1.2   0.0
   1 1976 273   -99.  20.8  33.0   2.164   1.6   0.0
   1 1976 274   -99.  22.5  33.0   2.238   1.6   0.0
   1 1976 275   -99.  21.5  32.8   2.157   1.6   0.0
   1 1976 276   -99.  23.5  34.0   2.349   1.6   0.0
   1 1976 277   -99.  24.0  33.3   2.600   1.9   0.0
   1 1976 278   -99.  22.0  32.9   2.224   2.4   0.0
   1 1976 279   -99.  19.8  32.2   2.011   2.1   0.0
   1 1976 280   -99.  19.6  32.8   1.850   1.7   0.0
   1 1976 281   -99.  20.4  33.8   1.920   1.8   0.0
   1 1976 282   -99.  20.4  33.4   1.896   1.9   0.0
   1 1976 283   -99.  20.5  33.4   1.956   1.8   0.0
   1 1976 284   -99.  20.5  33.6   1.859   1.9   0.0
   1 1976 285   -99.  18.5  33.2   1.556   1.8   0.0
   1 1976 286   -99.  17.4  33.2   1.412   2.2   0.0
   1 1976 287   -99.  16.2  33.0   1.198   1.9   0.0
   1 1976 288   -99.  12.5  32.6   1.117   1.9   0.0
   1 1976 289   -99.  17.5  32.0   1.541   2.4   0.0
   1 1976 290   -99.  17.0  30.2   1.164   3.0   0.0
   1 1976 291   -99.  21.5  27.5   2.388   2.5   0.6
   1 1976 292   -99.  21.7  29.2   2.287   1.0   0.0
   1 1976 293   -99.  17.9  30.5   1.622   2.1   0.0
   1 1976 294   -99.  18.3  32.2   1.474   1.8   0.0
   1 1976 295   -99.  17.4  33.2   1.014   2.1   0.0
   1 1976 296   -99.  20.0  33.4   1.381   1.6   0.0
   1 1976 297   -99.  23.0  33.2   1.829   1.4   0.0
   1 1976 298   -99.  20.5  32.8   1.980   1.8   0.0
   1 1976 299   -99.  23.5  31.5   2.378   2.0   0.0
   1 1976 300   -99.  18.8  30.0   1.955   1.4   0.0
   1 1976 301   -99.  17.5  32.0   1.621   2.1   0.0
   1 1976 302   -99.  16.4  31.0   1.419   1.8   0.0
   1 1976 303   -99.  16.4  31.0   1.344   1.8   0.0
   1 1976 304   -99.  16.0  30.5   1.237   1.6   0.0
   1 1976 305   -99.  16.5  30.5   1.484   1.6   0.0
   1 1976 306   -99.  16.0  30.6   1.510   1.5   0.0
   1 1976 307   -99.  15.2  29.8   1.400   1.8   0.0
   1 1976 308   -99.  16.2  29.8   1.474   1.9   0.0
   1 1976 309   -99.  20.0  29.0   1.966   2.6   0.0
   1 1976 310   -99.  22.0  22.5   2.515   6.3  20.4
   1 1976 311   -99.  19.0  28.2   1.958   3.6   0.0
   1 1976 312   -99.  19.8  29.8   2.243   2.2   0.0
   1 1976 313   -99.  21.4  30.5   2.220   1.7   0.0
   1 1976 314   -99.  20.5  31.0   2.342   1.4   0.0
   1 1976 315   -99.  20.9  31.5   2.227   1.6   0.0
   1 1976 316   -99.  19.6  31.0   2.169   2.1   0.0
   1 1976 317   -99.  21.0  29.5   2.390   2.6   0.0
   1 1976 318   -99.  21.5  29.5   2.362   2.8   0.0
   1 1976 319   -99.  19.2  29.5   1.960   2.1   0.0
   1 1976 320   -99.  15.9  30.5   1.663   1.9   0.0
   1 1976 321   -99.  20.6  31.3   1.943   2.1   0.0
   1 1976 322   -99.  20.5  29.5   2.318   3.5   4.2
   1 1976 323   -99.  22.0  26.0   2.541   2.9   0.0
   1 1976 324   -99.  21.6  26.8   2.454   3.2   0.0
   1 1976 325   -99.  21.4  28.7   2.348   3.6   4.5
   1 1976 326   -99.  20.0  26.0   2.083   2.7   0.0
   1 1976 327   -99.  20.6  28.8   2.162   3.7   0.0
   1 1976 328   -99.  17.5  29.0   1.922   2.5   0.0
   1 1976 329   -99.  20.6  28.6   2.211   1.5   0.0
   1 1976 330   -99.  21.0  27.5   1.992   2.4   0.6
   1 1976 331   -99.  19.1  26.5   2.081   3.2   0.0
   1 1976 332   -99.  16.1  30.0   1.648   2.6   0.0
   1 1976 333   -99.  15.0  30.0   1.365   2.1   0.0
   1 1976 334   -99.  14.7  30.1   1.339   2.0   0.0
   1 1976 335   -99.  17.5  29.7   1.641   1.8   0.0
   1 1976 336   -99.  17.1  28.5   1.737   2.1   0.0
   1 1976 337   -99.  19.7  28.9   2.183   2.3   0.0
   1 1976 338   -99.  17.5  28.5   1.902   1.6   0.0
   1 1976 339   -99.  19.0  29.8   2.046   1.5   0.0
   1 1976 340   -99.  19.0  30.0   2.002   2.2   0.0
   1 1976 341   -99.  16.1  28.5   1.721   2.6   0.0
   1 1976 342   -99.  14.5  28.0   1.470   2.3   0.0
   1 1976 343   -99.  14.5  27.8   1.504   2.3   0.0
   1 1976 344   -99.  14.5  28.0   1.520   2.0   0.0
   1 1976 345   -99.  13.0  27.8   1.199   1.9   0.0
   1 1976 346   -99.  14.3  27.9   1.582   2.4   0.0
   1 1976 347   -99.  15.9  28.8   1.537   2.2   0.0
   1 1976 348   -99.  15.0  28.9   1.502   1.9   0.0
   1 1976 349   -99.  16.0  29.0   1.619   1.5   0.0
   1 1976 350   -99.  17.1  27.5   1.737   2.2   0.0
   1 1976 351   -99.  13.5  27.7   1.362   2.4   0.0
   1 1976 352   -99.  12.0  26.5   1.066   1.7   0.0
   1 1976 353   -99.  12.7  27.8   1.205   1.4   0.0
   1 1976 354   -99.  12.5  28.5   1.378   2.1   0.0
   1 1976 355   -99.  13.4  27.5   1.400   2.3   0.0
   1 1976 356   -99.  13.7  27.5   1.412   2.0   0.0
   1 1976 357   -99.  12.0  26.5   1.235   1.3   0.0
   1 1976 358   -99.  12.5  30.5   1.247   1.6   0.0
   1 1976 359   -99.  14.0  30.8   0.928   1.7   0.0
   1 1976 360   -99.  13.6  31.0   1.138   1.6   0.0
   1 1976 361   -99.  16.0  31.0   1.456   1.5   0.0
   1 1976 362   -99.  14.0  30.5   1.264   2.3   0.0
   1 1976 363   -99.  13.6  29.5   1.356   2.9   0.0
   1 1976 364   -99.  14.4  28.7   1.445   2.8   0.0
   1 1976 365   -99.  14.0  28.9   1.248   2.3   0.0
