*---------------------------------------------------------------------------*
* Station name: Bijapur, Karnataka, India
* Year: 1980
* Author: Peter Uithol                                     -99.000: NIL VALUE
* Source: ICRISAT tape FSAGRO
* Comments: No vapour pressure, wind speed and elevation data.
* Longitude: 75 48 E, latitude: 16 47 N, altitude: -99. m
*
* Column  Daily value
* 1       station number
* 2       year
* 3       day
* 4       irradiation                   (kJ m-2 d-1)
* 5       minimum temperature           (degrees Celsius)
* 6       maximum temperature           (degrees Celsius)
* 7       early morning vapour pressure (kPa)
* 8       mean wind speed (height: 2 m) (m s-1)
* 9       precipitation                 (mm d-1)
*---------------------------------------------------------------------------*
  75.80  16.78   -99. 0.00 0.00
   2 1980   1 23362.  16.1  31.8 -99.000 -99.0   0.0
   2 1980   2 20097.  17.3  31.2 -99.000 -99.0   0.0
   2 1980   3 19301.  17.6  30.4 -99.000 -99.0   0.0
   2 1980   4 19301.  15.7  29.6 -99.000 -99.0   0.0
   2 1980   5 20097.  18.3  30.2 -99.000 -99.0   0.0
   2 1980   6 19301.  18.2  30.6 -99.000 -99.0   0.0
   2 1980   7 19301.  17.7  30.2 -99.000 -99.0   0.0
   2 1980   8 18673.  18.7  29.4 -99.000 -99.0   0.0
   2 1980   9 18673.  19.2  30.0 -99.000 -99.0   0.0
   2 1980  10 22734.  17.7  30.4 -99.000 -99.0   0.0
   2 1980  11 22734.  18.7  31.4 -99.000 -99.0   0.0
   2 1980  12 22734.  17.7  31.2 -99.000 -99.0   0.0
   2 1980  13 23572.  17.3  31.2 -99.000 -99.0   0.0
   2 1980  14 23572.  16.2  30.4 -99.000 -99.0   0.0
   2 1980  15 23572.  16.6  30.4 -99.000 -99.0   0.0
   2 1980  16 23739.  17.7  31.0 -99.000 -99.0   0.0
   2 1980  17 22902.  17.2  31.2 -99.000 -99.0   0.0
   2 1980  18 23739.  17.7  31.2 -99.000 -99.0   0.0
   2 1980  19 23739.  16.7  31.0 -99.000 -99.0   0.0
   2 1980  20 23948.  17.3  30.4 -99.000 -99.0   0.0
   2 1980  21 23948.  16.7  31.4 -99.000 -99.0   0.0
   2 1980  22 24158.  16.2  32.2 -99.000 -99.0   0.0
   2 1980  23 24367.  18.2  32.4 -99.000 -99.0   0.0
   2 1980  24 20306.  17.2  32.1 -99.000 -99.0   0.0
   2 1980  25 24744.  18.7  32.8 -99.000 -99.0   0.0
   2 1980  26 24744.  18.7  32.0 -99.000 -99.0   0.0
   2 1980  27 24744.  18.7  32.0 -99.000 -99.0   0.0
   2 1980  28 24744.  19.2  32.2 -99.000 -99.0   0.0
   2 1980  29 24744.  16.2  31.8 -99.000 -99.0   0.0
   2 1980  30 24953.  17.1  30.0 -99.000 -99.0   0.0
   2 1980  31 24953.  16.2  32.0 -99.000 -99.0   0.0
   2 1980  32 18045.  17.2  32.8 -99.000 -99.0   0.0
   2 1980  33 14696.  18.7  29.6 -99.000 -99.0   0.0
   2 1980  34 16454.  17.7  30.9 -99.000 -99.0   0.0
   2 1980  35 17459.  17.7  31.5 -99.000 -99.0   0.0
   2 1980  36 20055.  17.6  31.3 -99.000 -99.0   0.0
   2 1980  37 25539.  18.2  31.2 -99.000 -99.0   0.0
   2 1980  38 24660.  18.2  32.4 -99.000 -99.0   0.0
   2 1980  39 20390.  20.1  34.0 -99.000 -99.0   0.0
   2 1980  40 23069.  20.1  33.8 -99.000 -99.0   0.0
   2 1980  41 25749.  18.7  34.2 -99.000 -99.0   0.0
   2 1980  42 20557.  19.8  31.4 -99.000 -99.0   0.0
   2 1980  43 18757.  21.6  34.4 -99.000 -99.0   0.0
   2 1980  44 18003.  20.7  33.0 -99.000 -99.0   0.0
   2 1980  45 16287.  20.7  33.4 -99.000 -99.0   0.0
   2 1980  46 22692.  20.2  34.2 -99.000 -99.0   0.0
   2 1980  47 26544.  19.2  36.8 -99.000 -99.0   0.0
   2 1980  48 26754.  19.6  33.4 -99.000 -99.0   0.0
   2 1980  49 23069.  20.0  34.4 -99.000 -99.0   0.0
   2 1980  50 23195.  20.7  34.8 -99.000 -99.0   0.0
   2 1980  51 23195.  20.7  35.4 -99.000 -99.0   0.0
   2 1980  52 17710.  21.3  35.4 -99.000 -99.0   0.0
   2 1980  53 22441.  22.0  35.0 -99.000 -99.0   0.0
   2 1980  54 27340.  21.2  35.4 -99.000 -99.0   0.0
   2 1980  55 27549.  21.7  36.6 -99.000 -99.0   0.0
   2 1980  56 27549.  21.7  36.8 -99.000 -99.0   0.0
   2 1980  57 22944.  20.5  37.0 -99.000 -99.0   0.0
   2 1980  58 22944.  21.2  37.0 -99.000 -99.0   0.0
   2 1980  59 25833.  22.7  36.1 -99.000 -99.0   0.0
   2 1980  60 27968.  20.8  36.4 -99.000 -99.0   0.0
   2 1980  61 28177.  20.2  35.2 -99.000 -99.0   0.0
   2 1980  62 28177.  19.7  35.4 -99.000 -99.0   0.0
   2 1980  63 28345.  21.1  37.0 -99.000 -99.0   0.0
   2 1980  64 24618.  21.9  37.0 -99.000 -99.0   0.0
   2 1980  65 14696.  21.7  38.4 -99.000 -99.0   0.0
   2 1980  66 15784.  23.7  36.8 -99.000 -99.0   0.0
   2 1980  67 19804.  21.2  35.5 -99.000 -99.0   0.0
   2 1980  68 28973.  19.7  34.2 -99.000 -99.0   0.0
   2 1980  69 28973.  11.7  34.0 -99.000 -99.0   0.0
   2 1980  70 29140.  19.0  33.8 -99.000 -99.0   0.0
   2 1980  71 27130.  20.1  35.0 -99.000 -99.0   0.0
   2 1980  72 24116.  20.7  35.4 -99.000 -99.0   0.0
   2 1980  73 19176.  21.2  36.8 -99.000 -99.0   0.0
   2 1980  74 25288.  23.1  35.4 -99.000 -99.0   0.0
   2 1980  75 25288.  21.1  36.0 -99.000 -99.0   0.0
   2 1980  76 24409.  23.4  37.0 -99.000 -99.0   0.0
   2 1980  77 26461.  23.2  36.4 -99.000 -99.0   0.0
   2 1980  78 29768.  20.6  36.4 -99.000 -99.0   0.0
   2 1980  79 27717.  21.0  37.4 -99.000 -99.0   0.0
   2 1980  80 25623.  21.7  38.0 -99.000 -99.0   0.0
   2 1980  81 23739.  22.2  38.4 -99.000 -99.0   0.0
   2 1980  82 23739.  25.6  39.0 -99.000 -99.0   0.0
   2 1980  83 20599.  24.7  39.0 -99.000 -99.0   0.0
   2 1980  84 23739.  23.7  39.0 -99.000 -99.0   0.0
   2 1980  85 21646.  34.7  38.6 -99.000 -99.0   0.0
   2 1980  86 24911.  24.2  39.0 -99.000 -99.0   0.0
   2 1980  87 24911.  22.6  38.2 -99.000 -99.0   0.0
   2 1980  88 19804.  24.1  37.4 -99.000 -99.0   0.0
   2 1980  89 17710.  24.2  34.4 -99.000 -99.0   0.0
   2 1980  90 28428.  24.2  38.0 -99.000 -99.0   0.0
   2 1980  91 22106.  25.3  39.0 -99.000 -99.0   0.0
   2 1980  92 21018.  22.1  39.8 -99.000 -99.0  10.6
   2 1980  93 20097.  19.1  36.4 -99.000 -99.0   2.6
   2 1980  94 25456.  22.5  35.4 -99.000 -99.0   0.0
   2 1980  95 15910.  24.1  37.0 -99.000 -99.0   1.0
   2 1980  96 22358.  23.2  37.0 -99.000 -99.0   0.0
   2 1980  97 24535.  21.3  35.4 -99.000 -99.0   0.0
   2 1980  98 22358.  23.7  37.0 -99.000 -99.0   0.0
   2 1980  99 16035.  25.7  38.4 -99.000 -99.0   0.0
   2 1980 100 19259.  24.7  38.4 -99.000 -99.0   0.0
   2 1980 101 24660.  24.7  39.4 -99.000 -99.0   0.0
   2 1980 102 22651.  25.1  39.4 -99.000 -99.0   0.0
   2 1980 103 21604.  27.1  40.0 -99.000 -99.0   0.0
   2 1980 104 17208.  26.7  40.0 -99.000 -99.0   0.0
   2 1980 105 21604.  24.3  39.0 -99.000 -99.0   5.4
   2 1980 106 20515.  23.2  39.0 -99.000 -99.0   4.0
   2 1980 107 20515.  22.7  36.0 -99.000 -99.0   1.2
   2 1980 108 16161.  25.0  36.4 -99.000 -99.0   0.0
   2 1980 109 18296.  27.2  38.0 -99.000 -99.0   0.0
   2 1980 110 17208.  26.2  39.0 -99.000 -99.0   0.0
   2 1980 111 18296.  26.4  39.4 -99.000 -99.0   0.0
   2 1980 112 25916.  24.2  39.4 -99.000 -99.0   0.0
   2 1980 113 22651.  22.2  40.0 -99.000 -99.0   0.0
   2 1980 114 24828.  25.7  39.4 -99.000 -99.0   3.4
   2 1980 115 17208.  25.4  40.0 -99.000 -99.0   0.0
   2 1980 116 16161.  27.2  35.4 -99.000 -99.0   0.0
   2 1980 117 21604.  24.7  40.2 -99.000 -99.0   0.0
   2 1980 118 17333.  24.9  40.4 -99.000 -99.0   0.0
   2 1980 119 28261.  24.2  40.4 -99.000 -99.0   0.0
   2 1980 120 23907.  25.2  39.4 -99.000 -99.0   0.0
   2 1980 121 17333.  23.6  39.2 -99.000 -99.0   1.4
   2 1980 122 27172.  26.1  40.0 -99.000 -99.0   0.0
   2 1980 123 22818.  25.2  40.0 -99.000 -99.0   0.0
   2 1980 124 18464.  25.7  40.4 -99.000 -99.0   0.0
   2 1980 125 16245.  20.2  39.4 -99.000 -99.0   4.8
   2 1980 126 19636.  24.7  38.0 -99.000 -99.0   0.0
   2 1980 127 26209.  26.0  38.4 -99.000 -99.0   0.0
   2 1980 128 20767.  25.8  41.0 -99.000 -99.0   0.0
   2 1980 129 21855.  27.7  41.6 -99.000 -99.0   0.0
   2 1980 130 25163.  26.0  40.4 -99.000 -99.0   0.0
   2 1980 131 23111.  24.2  40.4 -99.000 -99.0   0.0
   2 1980 132 21981.  25.7  40.4 -99.000 -99.0   0.0
   2 1980 133 21981.  24.6  40.8 -99.000 -99.0   0.0
   2 1980 134 27717.  27.6  41.0 -99.000 -99.0   0.0
   2 1980 135 16538.  27.3  42.0 -99.000 -99.0   0.0
   2 1980 136 16538.  26.1  40.0 -99.000 -99.0   0.0
   2 1980 137 21018.  25.2  40.4 -99.000 -99.0   0.0
   2 1980 138 24367.  24.0  40.0 -99.000 -99.0   0.0
   2 1980 139 27717.  24.3  40.0 -99.000 -99.0   0.0
   2 1980 140 26586.  24.6  40.4 -99.000 -99.0   0.0
   2 1980 141 26419.  26.0  39.4 -99.000 -99.0   0.0
   2 1980 142 27507.  24.7  41.0 -99.000 -99.0   0.0
   2 1980 143 26419.  23.3  40.4 -99.000 -99.0   0.0
   2 1980 144 25330.  23.9  40.1 -99.000 -99.0   0.0
   2 1980 145 25330.  23.2  39.4 -99.000 -99.0   0.0
   2 1980 146 25330.  24.2  39.4 -99.000 -99.0   0.0
   2 1980 147 20850.  25.2  40.4 -99.000 -99.0   0.0
   2 1980 148 19762.  26.2  40.8 -99.000 -99.0   0.0
   2 1980 149 20850.  24.2  39.4 -99.000 -99.0   0.0
   2 1980 150 24158.  25.1  38.4 -99.000 -99.0   0.0
   2 1980 151 16454.  25.8  39.6 -99.000 -99.0   0.0
   2 1980 152 16454.  24.0  39.4 -99.000 -99.0   1.8
   2 1980 153 15366.  22.3  36.1 -99.000 -99.0   4.0
   2 1980 154 15366.  23.7  33.0 -99.000 -99.0   0.0
   2 1980 155 15366.  23.3  33.0 -99.000 -99.0   0.0
   2 1980 156 14235.  23.6  33.4 -99.000 -99.0   1.0
   2 1980 157 14235.  23.2  30.4 -99.000 -99.0   0.4
   2 1980 158 14235.  22.5  30.4 -99.000 -99.0   0.8
   2 1980 159 19762.  22.4  32.4 -99.000 -99.0   2.4
   2 1980 160 16454.  23.1  32.9 -99.000 -99.0   0.0
   2 1980 161 18673.  23.7  33.9 -99.000 -99.0   0.0
   2 1980 162 15366.  24.8  34.4 -99.000 -99.0   0.0
   2 1980 163 15366.  22.6  34.6 -99.000 -99.0   6.6
   2 1980 164 18673.  22.2  31.2 -99.000 -99.0   0.0
   2 1980 165 18673.  23.1  32.6 -99.000 -99.0   0.0
   2 1980 166 16454.  23.6  33.4 -99.000 -99.0   0.0
   2 1980 167 14235.  23.7  31.4 -99.000 -99.0   0.2
   2 1980 168 15366.  21.7  26.4 -99.000 -99.0   5.3
   2 1980 169 14235.  22.8  34.2 -99.000 -99.0   0.0
   2 1980 170 14235.  23.2  31.0 -99.000 -99.0   0.0
   2 1980 171 17543.  22.9  32.0 -99.000 -99.0   0.0
   2 1980 172 14235.  23.2  32.5 -99.000 -99.0   0.0
   2 1980 173 15366.  22.7  31.4 -99.000 -99.0   0.0
   2 1980 174 15366.  23.7  32.4 -99.000 -99.0   0.0
   2 1980 175 14235.  22.2  32.5 -99.000 -99.0   1.0
   2 1980 176 14235.  22.2  29.4 -99.000 -99.0   1.0
   2 1980 177 15366.  23.2  32.8 -99.000 -99.0   0.0
   2 1980 178 14235.  23.2  31.9 -99.000 -99.0   0.0
   2 1980 179 14235.  23.2  32.9 -99.000 -99.0   0.0
   2 1980 180 16454.  23.2  30.9 -99.000 -99.0   0.8
   2 1980 181 14235.  23.2  32.4 -99.000 -99.0   0.6
   2 1980 182 14235.  22.4  31.9 -99.000 -99.0   2.0
   2 1980 183 14235.  22.3  31.9 -99.000 -99.0   0.4
   2 1980 184 14235.  21.7  24.9 -99.000 -99.0   5.6
   2 1980 185 17543.  21.2  26.4 -99.000 -99.0   0.6
   2 1980 186 16454.  22.2  30.5 -99.000 -99.0   0.0
   2 1980 187 15366.  22.7  31.0 -99.000 -99.0   0.0
   2 1980 188 15366.  22.2  31.0 -99.000 -99.0   6.3
   2 1980 189 14235.  22.7  31.0 -99.000 -99.0   0.0
   2 1980 190 19762.  23.0  29.9 -99.000 -99.0   0.0
   2 1980 191 17543.  22.7  29.9 -99.000 -99.0   0.5
   2 1980 192 15366.  21.7  31.0 -99.000 -99.0   1.1
   2 1980 193 14235.  22.6  31.4 -99.000 -99.0   0.0
   2 1980 194 16454.  22.7  31.8 -99.000 -99.0   0.0
   2 1980 195 18673.  22.1  30.9 -99.000 -99.0   0.0
   2 1980 196 15366.  22.2  31.3 -99.000 -99.0   0.0
   2 1980 197 15366.  22.2  31.4 -99.000 -99.0   0.6
   2 1980 198 19636.  22.2  32.1 -99.000 -99.0   0.0
   2 1980 199 19636.  21.5  32.4 -99.000 -99.0   0.0
   2 1980 200 20767.  21.7  32.4 -99.000 -99.0   0.0
   2 1980 201 19636.  21.8  32.9 -99.000 -99.0   0.0
   2 1980 202 16370.  22.0  31.9 -99.000 -99.0   0.0
   2 1980 203 16370.  21.2  30.2 -99.000 -99.0  11.8
   2 1980 204 16370.  22.4  31.4 -99.000 -99.0   0.0
   2 1980 205 14151.  22.7  31.9 -99.000 -99.0   1.8
   2 1980 206 15240.  22.5  30.4 -99.000 -99.0   0.0
   2 1980 207 15240.  22.2  29.7 -99.000 -99.0   2.8
   2 1980 208 16370.  22.1  28.8 -99.000 -99.0   0.0
   2 1980 209 16370.  22.3  30.8 -99.000 -99.0   0.0
   2 1980 210 15240.  22.1  31.4 -99.000 -99.0   0.0
   2 1980 211 15240.  22.4  30.9 -99.000 -99.0   0.0
   2 1980 212 12351.  22.0  30.9 -99.000 -99.0   1.0
   2 1980 213 14151.  22.2  26.9 -99.000 -99.0   0.0
   2 1980 214 14151.  22.0  28.4 -99.000 -99.0   0.2
   2 1980 215 14151.  21.0  26.4 -99.000 -99.0   2.6
   2 1980 216 15240.  20.2  23.9 -99.000 -99.0  15.4
   2 1980 217 15240.  21.7  28.9 -99.000 -99.0   2.7
   2 1980 218 15240.  21.7  29.4 -99.000 -99.0   4.6
   2 1980 219 16370.  21.2  28.2 -99.000 -99.0   0.0
   2 1980 220 16245.  21.6  28.8 -99.000 -99.0   0.5
   2 1980 221 16245.  21.7  30.4 -99.000 -99.0   0.0
   2 1980 222 15156.  22.1  30.4 -99.000 -99.0   0.0
   2 1980 223 15156.  22.2  28.4 -99.000 -99.0   0.0
   2 1980 224 16245.  21.7  29.9 -99.000 -99.0   1.6
   2 1980 225 16245.  22.2  30.9 -99.000 -99.0   1.2
   2 1980 226 16245.  21.9  30.6 -99.000 -99.0   1.0
   2 1980 227 21688.  22.1  32.6 -99.000 -99.0   0.0
   2 1980 228 16245.  22.8  34.5 -99.000 -99.0   0.0
   2 1980 229 16245.  22.3  31.4 -99.000 -99.0   5.8
   2 1980 230 16245.  22.3  29.9 -99.000 -99.0   1.6
   2 1980 231 13984.  22.7  30.4 -99.000 -99.0   0.0
   2 1980 232 13984.  22.0  28.9 -99.000 -99.0   3.6
   2 1980 233 13858.  21.7  28.7 -99.000 -99.0   7.6
   2 1980 234 13858.  21.1  28.9 -99.000 -99.0   5.4
   2 1980 235 14863.  20.8  24.9 -99.000 -99.0   2.0
   2 1980 236 19134.  21.2  27.9 -99.000 -99.0   1.8
   2 1980 237 15910.  22.1  31.6 -99.000 -99.0   0.0
   2 1980 238 16915.  22.2  31.9 -99.000 -99.0   0.0
   2 1980 239 15826.  21.2  31.4 -99.000 -99.0   0.2
   2 1980 240 15826.  21.8  28.9 -99.000 -99.0   0.2
   2 1980 241 14779.  21.8  29.4 -99.000 -99.0   0.0
   2 1980 242 18882.  21.8  30.6 -99.000 -99.0   0.0
   2 1980 243 16789.  21.3  31.5 -99.000 -99.0   0.0
   2 1980 244 18882.  21.0  31.4 -99.000 -99.0   0.0
   2 1980 245 14654.  21.9  29.9 -99.000 -99.0  21.6
   2 1980 246 13523.  21.7  27.4 -99.000 -99.0  49.5
   2 1980 247 13523.  21.1  25.4 -99.000 -99.0  21.7
   2 1980 248 15659.  21.1  29.4 -99.000 -99.0   1.0
   2 1980 249 15659.  20.5  29.7 -99.000 -99.0   3.6
   2 1980 250 16580.  20.7  31.6 -99.000 -99.0   0.0
   2 1980 251 15533.  20.8  31.9 -99.000 -99.0   0.0
   2 1980 252 13440.  21.2  32.4 -99.000 -99.0   0.0
   2 1980 253 21813.  20.7  31.1 -99.000 -99.0   0.0
   2 1980 254 20767.  21.4  31.4 -99.000 -99.0   0.0
   2 1980 255 16454.  21.2  33.4 -99.000 -99.0   0.0
   2 1980 256 21646.  20.8  33.9 -99.000 -99.0   0.0
   2 1980 257 13356.  21.2  32.9 -99.000 -99.0   0.0
   2 1980 258 14403.  22.6  31.7 -99.000 -99.0  40.6
   2 1980 259 13356.  22.7  32.4 -99.000 -99.0   1.0
   2 1980 260 15407.  22.2  29.4 -99.000 -99.0   0.0
   2 1980 261 14277.  21.7  30.4 -99.000 -99.0   0.0
   2 1980 262 15324.  23.2  33.9 -99.000 -99.0   3.4
   2 1980 263 13147.  23.7  34.9 -99.000 -99.0   0.0
   2 1980 264 15114.  23.7  32.2 -99.000 -99.0   0.0
   2 1980 265 18171.  22.6  33.5 -99.000 -99.0   0.0
   2 1980 266 13984.  22.2  34.4 -99.000 -99.0   0.0
   2 1980 267 20055.  20.2  33.0 -99.000 -99.0   0.0
   2 1980 268 17920.  22.3  31.1 -99.000 -99.0   0.0
   2 1980 269 16789.  21.2  31.9 -99.000 -99.0   0.0
   2 1980 270 19636.  23.2  32.9 -99.000 -99.0   0.0
   2 1980 271 15659.  22.6  34.4 -99.000 -99.0   0.0
   2 1980 272 19510.  23.0  33.6 -99.000 -99.0   0.4
   2 1980 273 14486.  21.7  32.4 -99.000 -99.0  12.8
   2 1980 274 18422.  22.6  30.0 -99.000 -99.0   5.2
   2 1980 275 15366.  21.4  31.4 -99.000 -99.0   8.5
   2 1980 276 17291.  21.3  31.4 -99.000 -99.0   0.0
   2 1980 277 17291.  24.2  33.9 -99.000 -99.0   0.0
   2 1980 278 18254.  23.2  34.4 -99.000 -99.0   0.0
   2 1980 279 19259.  23.0  34.9 -99.000 -99.0   0.0
   2 1980 280 22148.  22.2  34.4 -99.000 -99.0   0.0
   2 1980 281 25037.  22.2  34.4 -99.000 -99.0   0.0
   2 1980 282 17291.  22.7  34.4 -99.000 -99.0   0.0
   2 1980 283 22148.  21.2  34.0 -99.000 -99.0   0.0
   2 1980 284 15156.  22.2  34.0 -99.000 -99.0   0.0
   2 1980 285 15156.  22.7  33.5 -99.000 -99.0   0.0
   2 1980 286 23764.  23.2  34.7 -99.000 -99.0   0.0
   2 1980 287 27549.  22.3  35.4 -99.000 -99.0   0.0
   2 1980 288 17040.  20.2  34.9 -99.000 -99.0   0.0
   2 1980 289 12309.  20.5  34.0 -99.000 -99.0   0.0
   2 1980 290 15156.  20.7  33.5 -99.000 -99.0   0.0
   2 1980 291 13105.  23.2  33.9 -99.000 -99.0   0.0
   2 1980 292 15031.  21.7  31.8 -99.000 -99.0   0.0
   2 1980 293 13984.  21.7  34.4 -99.000 -99.0   0.0
   2 1980 294 14905.  22.2  33.9 -99.000 -99.0   0.0
   2 1980 295 17626.  24.2  35.4 -99.000 -99.0   0.0
   2 1980 296 16705.  22.8  34.9 -99.000 -99.0   0.0
   2 1980 297 16705.  20.7  35.4 -99.000 -99.0   0.0
   2 1980 298 19343.  20.7  35.4 -99.000 -99.0   0.0
   2 1980 299 16538.  21.7  34.7 -99.000 -99.0   0.0
   2 1980 300 21060.  22.2  34.6 -99.000 -99.0   0.0
   2 1980 301 24535.  21.8  34.6 -99.000 -99.0   0.0
   2 1980 302 22692.  20.2  33.5 -99.000 -99.0   0.0
   2 1980 303 20725.  22.0  34.0 -99.000 -99.0   0.0
   2 1980 304 26168.  19.7  33.7 -99.000 -99.0   0.0
   2 1980 305 25958.  19.7  32.9 -99.000 -99.0   0.0
   2 1980 306 19636.  20.3  32.9 -99.000 -99.0   0.0
   2 1980 307 25958.  20.3  32.2 -99.000 -99.0   0.0
   2 1980 308 25749.  18.7  32.4 -99.000 -99.0   0.0
   2 1980 309 22190.  19.2  32.4 -99.000 -99.0   0.0
   2 1980 310 22860.  20.5  32.9 -99.000 -99.0   0.0
   2 1980 311 22023.  20.5  32.9 -99.000 -99.0   0.0
   2 1980 312 20976.  21.7  34.2 -99.000 -99.0   0.0
   2 1980 313 24283.  19.2  33.4 -99.000 -99.0   0.0
   2 1980 314 24953.  17.2  31.4 -99.000 -99.0   0.0
   2 1980 315 14444.  18.1  30.9 -99.000 -99.0   0.0
   2 1980 316 13607.  19.7  30.9 -99.000 -99.0   0.0
   2 1980 317 10928.  21.3  29.1 -99.000 -99.0   2.8
   2 1980 318 10844.  21.2  26.9 -99.000 -99.0   0.0
   2 1980 319 10844.  20.2  29.0 -99.000 -99.0  15.2
   2 1980 320 12351.  20.8  25.6 -99.000 -99.0   0.0
   2 1980 321 10760.  20.5  29.4 -99.000 -99.0   0.0
   2 1980 322 13272.  21.2  29.4 -99.000 -99.0   0.0
   2 1980 323 12309.  22.2  32.4 -99.000 -99.0   0.0
   2 1980 324 14821.  21.6  32.4 -99.000 -99.0   0.0
   2 1980 325 16454.  22.2  32.6 -99.000 -99.0   0.0
   2 1980 326 12309.  21.2  32.4 -99.000 -99.0   0.0
   2 1980 327 14696.  23.2  32.6 -99.000 -99.0   0.3
   2 1980 328 21311.  20.8  33.1 -99.000 -99.0   0.0
   2 1980 329 23739.  17.0  31.2 -99.000 -99.0   0.0
   2 1980 330 23572.  16.7  30.4 -99.000 -99.0   0.0
   2 1980 331 23572.  15.7  31.0 -99.000 -99.0   0.0
   2 1980 332 23362.  18.2  31.0 -99.000 -99.0   0.0
   2 1980 333 19301.  18.1  31.4 -99.000 -99.0   0.0
   2 1980 334 18338.  16.1  30.4 -99.000 -99.0   0.0
   2 1980 335 22358.  16.2  29.4 -99.000 -99.0   0.0
   2 1980 336 23153.  16.6  29.7 -99.000 -99.0   0.0
   2 1980 337 19134.  17.2  29.0 -99.000 -99.0   0.0
   2 1980 338 11807.  16.2  28.9 -99.000 -99.0   0.0
   2 1980 339 14193.  15.7  28.9 -99.000 -99.0   0.0
   2 1980 340 20557.  15.1  29.7 -99.000 -99.0   0.0
   2 1980 341 16580.  15.2  29.7 -99.000 -99.0   0.0
   2 1980 342 20557.  16.1  31.4 -99.000 -99.0   0.0
   2 1980 343 15784.  17.8  31.4 -99.000 -99.0   0.0
   2 1980 344 16580.  16.7  32.9 -99.000 -99.0   0.0
   2 1980 345 22776.  18.0  33.0 -99.000 -99.0   0.0
   2 1980 346 22776.  16.7  33.3 -99.000 -99.0   0.0
   2 1980 347 22776.  15.2  31.4 -99.000 -99.0   0.0
   2 1980 348 22776.  14.2  30.9 -99.000 -99.0   0.0
   2 1980 349 22776.  13.6  30.4 -99.000 -99.0   0.0
   2 1980 350 22776.  13.2  30.1 -99.000 -99.0   0.0
   2 1980 351 22776.  13.2  31.3 -99.000 -99.0   0.0
   2 1980 352 22148.  12.8  30.6 -99.000 -99.0   0.0
   2 1980 353 22944.  13.2  30.9 -99.000 -99.0   0.0
   2 1980 354 19008.  13.7  32.2 -99.000 -99.0   0.0
   2 1980 355 11807.  16.9  32.4 -99.000 -99.0   0.0
   2 1980 356 11053.  21.1  30.9 -99.000 -99.0   0.0
   2 1980 357 10258.  19.2  30.2 -99.000 -99.0   6.2
   2 1980 358 15449.  17.7  28.4 -99.000 -99.0   0.0
   2 1980 359 11932.  14.7  27.4 -99.000 -99.0   0.0
   2 1980 360 14319.  16.1  26.7 -99.000 -99.0   0.0
   2 1980 361 18338.  15.6  29.9 -99.000 -99.0   0.0
   2 1980 362 13523.  18.7  30.3 -99.000 -99.0   0.0
   2 1980 363 14319.  18.2  29.9 -99.000 -99.0   0.0
   2 1980 364 19301.  17.2  29.4 -99.000 -99.0   0.0
   2 1980 365 20934.  18.7  30.5 -99.000 -99.0   0.0
