*---------------------------------------------------------------------------*
* Station name: Muara (Agric. Research Station, CRIFC), Indonesia
* Year: 1983
* Author: Peter Uithol                                     -99.000: NIL VALUE
* Source: IRRI/WMO Special project
* Comments: Incomplete year
* Longitude: 106 47 E, latitude: 6 36 S, altitude: 240. m
*
* Column  Daily value
* 1       station number
* 2       year
* 3       day
* 4       irradiation                   (kJ m-2 d-1)
* 5       minimum temperature           (degrees Celsius)
* 6       maximum temperature           (degrees Celsius)
* 7       early morning vapour pressure (kPa)
* 8       mean wind speed (height: 2 m) (m s-1)
* 9       precipitation                 (mm d-1)
*---------------------------------------------------------------------------*
 106.78  -6.60   240. 0.00 0.00
   1 1983 182 14011.  22.0  32.5   2.001   1.0  12.2
   1 1983 183  8953.  20.0  31.0   1.681   0.7  10.0
   1 1983 184 24206.  21.5  31.0   1.990   1.5  11.0
   1 1983 185 12737.  21.5  31.5   1.951   1.4  23.0
   1 1983 186 15998.  22.0  32.0   2.081   0.8   0.0
   1 1983 187 20344.  22.0  31.0   1.927   1.2   0.0
   1 1983 188 17496.  21.0  30.5   1.780   1.2   4.0
   1 1983 189 17647.  21.0  32.0   1.892   2.0   0.0
   1 1983 190 22817.  21.0  31.6   1.810   1.4   0.0
   1 1983 191 15098.  22.0  32.0   2.001   2.4   0.0
   1 1983 192 18472.  22.0  31.5   1.975   1.7   0.0
   1 1983 193 16373.  21.8  32.0   1.995   1.6   0.0
   1 1983 194 15509.  22.0  31.5   2.083   1.5   0.0
   1 1983 195 23267.  22.0  31.0   2.110   1.6   0.0
   1 1983 196 25142.  21.5  32.0   2.044   1.3   0.0
   1 1983 197 23382.  22.0  31.5   2.086   0.8   0.0
   1 1983 198 18396.  19.5  31.0   1.700   1.5   0.0
   1 1983 199  3557.  20.0  31.0   1.720   1.1  28.8
   1 1983 200  3182.  22.0  31.0   2.049   1.4  12.0
   1 1983 201 16110.  20.0  32.0   1.868   0.8   1.5
   1 1983 202  9252.  19.5  31.0   1.858   0.8   0.0
   1 1983 203 12251.  19.0  29.0   1.707   0.4   0.5
   1 1983 204 15210.  20.5  30.5   1.929   1.0   0.0
   1 1983 205 14162.  21.0  30.0   2.014   0.7   9.0
   1 1983 206 18583.  21.5  31.0   2.018   0.7   0.0
   1 1983 207 18284.  21.5  31.0   2.085   1.3   0.0
   1 1983 208 18997.  20.0  32.0   1.856   1.4   0.0
   1 1983 209 16823.  22.0  31.5   2.001   1.4   0.0
   1 1983 210  6815.  21.5  32.0   1.990   1.7   0.0
   1 1983 211 22144.  22.0  31.0   1.903   0.9   0.0
   1 1983 212 27389.  21.0  31.5   1.795   1.0   0.0
   1 1983 213 17608.  22.0  32.0   2.041   0.8   0.0
   1 1983 214 15286.  20.0  31.5   1.788   0.8   9.2
   1 1983 215 15361.  20.0  31.0   1.814   0.9   0.0
   1 1983 216 15660.  21.0  31.5   1.940   1.1   0.0
   1 1983 217 20272.  21.0  31.0   1.925   2.5   0.0
   1 1983 218 17608.  18.5  31.5   1.582   1.7   0.0
   1 1983 219 21020.  19.0  30.0   1.713   1.3   1.5
   1 1983 220 16297.  21.0  31.0   1.940   1.0   0.0
   1 1983 221 15361.  18.5  31.0   1.627   0.9   0.0
   1 1983 222 20156.  21.0  32.0   1.895   0.6   0.0
   1 1983 223 10415.  20.0  31.8   1.678   1.3   0.5
   1 1983 224 17910.  21.0  30.5   1.775   0.7  79.0
   1 1983 225 18133.  21.0  31.5   1.887   1.4   0.0
   1 1983 226 16409.  22.0  30.5   2.033   1.6   0.0
   1 1983 227 22630.  20.0  31.0   1.718   1.3   0.0
   1 1983 228 12661.  21.0  31.5   1.897   1.8   0.0
   1 1983 229 19145.  21.0  31.5   1.875   1.0   0.0
   1 1983 230 18846.  22.0  31.0   2.078   1.2   0.0
   1 1983 231 17834.  20.5  32.5   1.842   0.8   0.0
   1 1983 232 17384.  21.0  32.5   1.885   0.9   0.0
   1 1983 233 12964.  22.0  32.0   2.012   1.2   0.0
   1 1983 234 26680.  22.0  32.5   1.903   1.2   0.0
   1 1983 235 19858.  20.0  32.5   1.646   0.9   0.0
   1 1983 236 18619.  21.5  31.0   1.910   1.1   0.0
   1 1983 237 15923.  21.1  31.5   1.784   0.6   0.0
   1 1983 238 19109.  21.1  32.5   1.789   1.2   0.0
   1 1983 239 22032.  20.5  32.0   1.767   1.4   0.0
   1 1983 240 18173.  20.0  32.0   1.835   0.7   0.0
   1 1983 241 18810.  19.5  30.5   1.811   1.1   0.0
   1 1983 242 19559.  22.0  31.5   2.105   1.1   0.0
   1 1983 243 21168.  21.4  32.5   1.870   1.0   0.0
   1 1983 244 13601.  20.0  32.5   1.760   0.7   0.0
   1 1983 245 18922.  20.0  32.5   1.596   0.6   0.0
   1 1983 246  7679.  22.5  30.6   2.017   1.1   0.0
   1 1983 247 21769.  21.5  31.6   1.915   1.4  12.2
   1 1983 248 20682.  22.0  32.4   1.872   1.4   0.0
   1 1983 249 21618.  20.0  32.0   1.622   1.3   0.0
   1 1983 250 19220.  21.0  32.5   1.890   1.1   0.0
   1 1983 251 19595.  20.0  32.5   1.793   0.9   0.0
   1 1983 252 14836.  21.0  31.0   1.935   1.3   0.0
   1 1983 253 18846.  21.0  32.5   1.828   1.4   0.0
   1 1983 254 19220.  20.5  32.5   1.758   1.4   0.0
   1 1983 255 14724.  20.5  30.5   1.917   1.4   0.0
   1 1983 256 16898.  22.0  31.5   1.991   1.7  45.0
   1 1983 257 17233.  20.8  32.0   1.741   1.3   0.0
   1 1983 258 16596.  20.0  31.5   1.697   1.6  11.0
   1 1983 259 18770.  21.5  32.5   1.782   1.3   6.0
   1 1983 260 17910.  22.0  31.5   1.962   2.0  12.0
   1 1983 261 21845.  21.5  32.5   1.854   1.7   0.0
   1 1983 262 21470.  21.0  31.6   1.847   1.4   0.0
   1 1983 263 17870.  21.0  30.8   1.857   1.7   1.0
   1 1983 264 22482.  21.0  32.0   1.813   1.9   8.5
   1 1983 265 20045.  21.0  31.6   1.686   1.7   0.0
   1 1983 266 15361.  19.0  32.0   1.480   1.0  27.0
   1 1983 267 22144.  19.0  32.0   1.645   1.7   3.2
   1 1983 268 20682.  22.0  32.0   1.845   2.0   2.0
   1 1983 269 21355.  21.0  31.8   1.636   3.0   0.0
   1 1983 270 15887.  22.4  32.0   1.918   2.5   0.0
   1 1983 271 19184.  21.5  31.0   1.815   1.7  25.6
   1 1983 272 18547.  21.5  31.0   1.810   1.4   0.5
   1 1983 273 21096.  21.0  31.0   1.865   1.6   0.0
   1 1983 274 17683.  22.0  31.5   1.893   1.4  44.0
   1 1983 275 25477.  21.5  32.0   1.823   1.4   0.0
   1 1983 276 22817.  22.0  32.0   1.996   1.1  10.2
   1 1983 277 17273.  21.0  31.5   1.750   1.2   0.0
   1 1983 278 14836.  21.0  32.0   1.785   1.1   0.0
   1 1983 279 21881.  21.0  31.5   1.790   1.1   0.0
   1 1983 280 19746.  23.0  32.0   2.180   1.7   5.2
   1 1983 281 18922.  22.0  31.5   1.887   2.4   0.0
   1 1983 282 18882.  21.0  32.5   1.890   1.4   1.0
   1 1983 283 23080.  21.0  31.5   1.875   1.3  57.5
   1 1983 284 19559.  21.0  30.5   1.895   1.3  13.8
   1 1983 285 18958.  22.0  31.0   1.845   1.1   0.0
   1 1983 286 18770.  21.5  31.0   1.846   1.0   0.5
   1 1983 287 20758.  21.0  32.5   1.845   1.2   0.0
   1 1983 288 13824.  22.0  31.0   1.909   1.3   2.5
   1 1983 289 15548.  22.5  31.5   2.020   1.5   2.5
   1 1983 290 12776.  22.0  31.0   1.797   1.0   6.3
   1 1983 291 16747.  22.0  31.0   1.874   0.8   0.0
   1 1983 292 16859.  20.0  31.5   1.643   1.3  57.5
   1 1983 293 13410.  21.0  31.5   1.813   1.4  25.5
   1 1983 294 17158.  22.0  30.5   1.988   1.2   0.0
   1 1983 295 17723.  22.0  32.0   1.959   1.0  17.3
   1 1983 296 17608.  21.5  30.0   2.023   1.2  25.0
   1 1983 297 13262.  21.8  31.5   1.857   0.6   0.5
   1 1983 298  9065.  21.5  31.5   1.805   1.3  38.0
   1 1983 299 19483.  21.5  31.5   1.828   1.3  32.0
   1 1983 300 16110.  21.0  31.0   1.818   1.1  14.0
   1 1983 301 10901.  21.5  30.5   1.951   0.5  30.0
   1 1983 302 13036.  21.5  30.0   1.769   1.2   0.0
   1 1983 303 11725.  21.5  30.5   1.854   0.7  20.0
   1 1983 304 14537.  22.0  30.5   2.057   1.3  96.5
   1 1983 305 15210.  21.5  30.0   2.082   0.9  28.2
   1 1983 306 15361.  21.5  30.5   1.987   1.0  13.2
   1 1983 307 14425.  21.5  30.8   1.846   0.9  64.0
   1 1983 308 12776.  22.0  30.5   1.959   0.6   8.5
   1 1983 309 18547.  21.5  31.0   1.831   0.9   1.5
   1 1983 310 17046.  21.5  30.5   1.959   1.1  15.5
   1 1983 311 13860.  22.0  30.0   2.163   0.6   0.0
   1 1983 312 19372.  22.0  30.5   2.369   1.3   3.0
   1 1983 313 13637.  22.0  30.5   1.972   0.6   2.0
   1 1983 314 18958.  22.0  32.0   1.901   1.0  32.0
   1 1983 315  9925.  23.0  28.0   2.391   1.8   0.5
   1 1983 316 17010.  24.0  30.0   2.175   1.1  40.0
   1 1983 317 17536.  23.5  30.5   2.265   1.9   0.0
   1 1983 318 19483.  23.0  31.0   2.040   1.1   0.0
   1 1983 319 22180.  20.5  32.0   1.719   1.6   0.0
   1 1983 320 12474.  24.0  31.5   2.035   1.0  24.0
   1 1983 321 16484.  22.0  31.0   2.062   1.5   0.0
   1 1983 322 10602.  23.0  29.5   2.301   0.6  17.5
   1 1983 323 15286.  22.0  30.7   1.938   0.6  10.0
   1 1983 324 18508.  21.5  30.0   1.874   1.6  16.0
   1 1983 325 11502.  22.0  30.0   2.316   2.2  13.0
   1 1983 326  9364.  22.0  28.0   2.094   2.2   1.0
   1 1983 327 17046.  22.0  29.0   2.046   3.0   0.0
   1 1983 328 11538.  22.0  29.5   1.877   1.1   3.2
   1 1983 329 10188.  22.0  28.0   2.160   0.7   3.6
   1 1983 330 12064.  21.5  27.5   2.177   0.6   3.8
   1 1983 331 10112.  21.5  27.0   2.167   0.8   7.0
   1 1983 332 14047.  21.0  29.5   1.960   1.3   0.0
   1 1983 333 17572.  22.5  31.0   1.913   0.8   1.5
   1 1983 334 16448.  20.5  29.0   1.886   1.5   0.0
   1 1983 335 21355.  22.0  29.0   1.898   1.1   0.0
   1 1983 336 14612.  21.8  28.5   2.079   1.1   0.0
   1 1983 337 18922.  20.5  30.0   1.849   1.6   0.0
   1 1983 338 23155.  18.5  30.0   1.614   1.9   0.0
   1 1983 339 16783.  19.5  31.5   1.799   1.5   0.0
   1 1983 340 22558.  18.5  31.0   1.586   1.1   0.0
   1 1983 341 14911.  19.0  29.5   1.832   1.0   0.0
   1 1983 342 16222.  20.0  32.0   1.809   1.3   0.0
   1 1983 343 26417.  20.0  32.0   1.517   1.6   1.8
   1 1983 344 13338.  19.5  31.0   1.706   1.1   0.0
   1 1983 345 19372.  22.5  32.0   2.320   1.0  69.0
   1 1983 346 17834.  22.0  31.5   2.033   1.1   0.5
   1 1983 347 15023.  22.0  31.0   1.972   0.9   7.8
   1 1983 348 15509.  22.0  31.5   2.083   0.5  67.0
   1 1983 349 16783.  22.0  31.0   2.157   0.3  41.6
   1 1983 350  5281.  21.0  31.0   1.942   0.9  42.0
   1 1983 351 17647.  20.5  31.5   1.886   0.5  48.0
   1 1983 352 21431.  20.5  31.0   1.857   0.5  49.0
   1 1983 353 19483.  20.0  32.0   1.636   0.7   0.0
   1 1983 354 18810.  20.5  31.0   1.760   0.7   3.0
   1 1983 355 16074.  20.5  31.5   1.852   0.5  64.0
   1 1983 356 17309.  20.0  32.0   1.706   1.4  11.8
   1 1983 357 12924.  22.0  30.0   1.922   0.6  27.8
   1 1983 358 12661.  21.5  31.0   2.121   0.3  21.8
   1 1983 359 14162.  22.0  30.5   1.930   0.8   0.0
   1 1983 360 15134.  21.0  30.0   1.940   0.4   7.5
   1 1983 361 10152.  21.2  30.0   1.986   0.6  34.0
   1 1983 362  8878.  19.0  30.0   1.782   0.5  11.0
   1 1983 363 18958.  21.0  30.5   2.012   0.6   0.0
   1 1983 364 16711.  20.5  30.5   1.823   1.0   0.5
   1 1983 365  8392.  20.0  31.5   1.725   1.0   5.0
