*---------------------------------------------------------------------------*
* Station name: Sukamandi (Agric. Research Station, CRIFC), Indonesia
* Year: 1985
* Author: Peter Uithol                                     -99.000: NIL VALUE
* Source: IRRI/WMO Special project
* Comments: Incomplete year (January only)
* Longitude: 107 45 E, latitude: 6 15 S, altitude: 7. m
*
* Column  Daily value
* 1       station number
* 2       year
* 3       day
* 4       irradiation                   (kJ m-2 d-1)
* 5       minimum temperature           (degrees Celsius)
* 6       maximum temperature           (degrees Celsius)
* 7       early morning vapour pressure (kPa)
* 8       mean wind speed (height: 2 m) (m s-1)
* 9       precipitation                 (mm d-1)
*---------------------------------------------------------------------------*
 107.75  -6.25     7. 0.00 0.00
   2 1985   1 13428.  23.4  29.0   2.652   2.1  15.5
   2 1985   2 21456.  24.2  31.3   2.604   2.0   0.0
   2 1985   3 21528.  22.9  30.6   2.441   1.7  40.5
   2 1985   4 15228.  24.2  30.3   2.655   1.6   9.5
   2 1985   5 24012.  22.4  30.8   2.398   2.0   3.0
   2 1985   6 19764.  22.8  29.8   2.551   1.7   0.0
   2 1985   7 12996.  21.0  29.4   2.306   1.8  16.5
   2 1985   8 13104.  23.2  27.9   2.625   2.3   0.0
   2 1985   9 19584.  23.6  29.7   2.672   2.3   0.0
   2 1985  10 15408.  23.6  29.8   2.637   2.0   0.0
   2 1985  11 20376.  24.2  29.7   2.701   2.8   0.0
   2 1985  12 20988.  23.8  29.7   2.645   2.2   0.0
   2 1985  13 14688.  23.9  29.8   2.730   2.7   2.5
   2 1985  14 17532.  22.6  29.3   2.452   3.4  12.0
   2 1985  15 11124.  22.8  26.9   2.710   1.9  28.0
   2 1985  16 21168.  22.8  28.7   2.538   2.8   0.0
   2 1985  17 21708.  23.0  30.5   2.495   2.8   3.0
   2 1985  18 18792.  24.2  30.2   2.819   2.6   0.0
   2 1985  19 17784.  23.0  30.1   2.619   2.5  32.5
   2 1985  20 18432.  23.4  28.8   2.646   2.2   5.0
   2 1985  21 21276.  25.9  30.6   2.992   2.3   0.0
   2 1985  22 19836.  22.8  30.1   2.476   1.7  17.5
   2 1985  23 24264.  23.8  30.8   2.569   1.7   0.0
   2 1985  24 23472.  23.4  30.6   2.562   2.0   0.0
   2 1985  25 19152.  23.6  31.0   2.640   1.7   0.0
   2 1985  26 24120.  22.8  31.2   2.499   1.4  51.5
   2 1985  27 13788.  24.6  30.1   2.825   1.6   2.0
   2 1985  28 21276.  23.6  30.6   2.681   1.4   4.2
   2 1985  29 20304.  24.0  30.8   2.728   1.9   0.0
   2 1985  30 19224.  23.6  30.6   2.730   2.6   5.7
   2 1985  31 16992.  23.4  27.8   2.755   1.7   0.0
