*---------------------------------------------------------------------------*
* Station name: Sukamandi (Agric. Research Station, CRIFC), Indonesia
* Year: 1983
* Author: Peter Uithol                                     -99.000: NIL VALUE
* Source: IRRI/WMO Special project
* Comments: Incomplete year
* Longitude: 107 45 E, latitude: 6 15 S, altitude: 7. m
*
* Column  Daily value
* 1       station number
* 2       year
* 3       day
* 4       irradiation                   (kJ m-2 d-1)
* 5       minimum temperature           (degrees Celsius)
* 6       maximum temperature           (degrees Celsius)
* 7       early morning vapour pressure (kPa)
* 8       mean wind speed (height: 2 m) (m s-1)
* 9       precipitation                 (mm d-1)
*---------------------------------------------------------------------------*
 107.75  -6.25     7. 0.00 0.00
   2 1983 182 19944.  23.1  32.9   2.281   2.1   0.0
   2 1983 183 19163.  24.2  32.3   2.435   1.6   0.0
   2 1983 184 20542.  23.6  32.3   2.249   2.0   0.0
   2 1983 185 20131.  22.9  32.9   2.078   2.0   0.0
   2 1983 186 19051.  21.9  31.2   2.065   2.7   0.0
   2 1983 187 22849.  20.6  31.6   1.805   2.4   0.0
   2 1983 188 19944.  20.8  32.7   1.923   2.1   0.0
   2 1983 189 21024.  21.8  31.8   2.097   2.9   0.0
   2 1983 190 20948.  21.9  31.0   1.958   2.9   0.0
   2 1983 191 21136.  20.8  31.3   1.874   4.3   0.0
   2 1983 192 21546.  19.2  32.3   1.653   0.3   0.0
   2 1983 193 20725.  20.0  31.7   1.805   1.8   0.0
   2 1983 194 20912.  20.7  32.3   1.848   1.7   0.0
   2 1983 195 20614.  20.6  31.9   2.259   1.9   0.0
   2 1983 196 20279.  20.3  32.3   1.839   1.8   0.0
   2 1983 197 20167.  22.9  32.7   2.273   1.7   0.0
   2 1983 198 16520.  22.2  31.5   2.106   2.6   0.0
   2 1983 199  1480.  22.2  32.2   2.133   3.1   0.0
   2 1983 200 16186.  23.4  29.1   2.332   1.6  20.5
   2 1983 201 18976.  22.1  31.3   2.291   1.5   0.0
   2 1983 202 18306.  23.9  30.2   2.881   1.9   0.0
   2 1983 203 20542.  22.9  30.9   2.377   2.1   0.0
   2 1983 204 20502.  22.1  30.7   2.189   2.5   0.0
   2 1983 205 19944.  23.2  31.4   2.361   2.5   0.0
   2 1983 206 20912.  22.9  31.7   2.477   2.3   0.0
   2 1983 207 20876.  22.2  30.9   2.369   2.3   0.0
   2 1983 208 20876.  20.7  31.9   2.107   2.3   0.0
   2 1983 209 20988.  21.7  32.2   2.261   1.9   0.0
   2 1983 210 20765.  22.0  31.4   2.319   2.4   0.0
   2 1983 211 21359.  20.6  31.2   2.325   1.9   0.0
   2 1983 212 20801.  20.1  31.3   2.308   2.1   0.0
   2 1983 213 20801.  21.5  29.8   2.283   2.6   0.0
   2 1983 214 20765.  21.8  31.3   2.231   2.7   0.0
   2 1983 215 20801.  21.7  31.7   2.279   2.6   0.0
   2 1983 216 21323.  21.5  30.9   2.234   2.2   0.0
   2 1983 217 21841.  22.4  31.8   2.167   2.3   0.0
   2 1983 218 21172.  19.9  31.7   1.875   1.8   0.0
   2 1983 219 21546.  20.4  31.2   2.071   2.4   0.0
   2 1983 220 21582.  21.3  31.1   2.290   2.6   0.0
   2 1983 221 21730.  20.3  31.7   2.044   2.6   0.0
   2 1983 222 19721.  20.5  31.9   2.091   2.7   0.0
   2 1983 223 19944.  22.1  31.5   2.357   2.4   0.0
   2 1983 224 19944.  20.2  31.8   2.071   2.3   0.0
   2 1983 225 20430.  21.7  31.9   2.391   2.5   0.0
   2 1983 226 19645.  21.4  31.9   2.248   2.5   0.0
   2 1983 227 19422.  21.6  31.7   2.211   1.9   0.0
   2 1983 228 22064.  21.6  31.5   2.498   2.1   0.0
   2 1983 229 20948.  21.9  30.9   2.305   2.3   0.0
   2 1983 230 22439.  21.4  31.9   2.195   3.1   0.0
   2 1983 231 22363.  22.5  32.2   2.314   3.5   0.0
   2 1983 232 22064.  22.0  30.9   2.303   2.9   0.0
   2 1983 233 22961.  22.9  32.2   2.416   3.3   0.0
   2 1983 234 21917.  20.9  32.1   2.123   3.2   0.0
   2 1983 235 19274.  21.5  31.4   2.254   1.9   0.0
   2 1983 236 20318.  20.6  31.6   2.126   2.2   0.0
   2 1983 237 22403.  22.3  32.3   2.359   2.7   0.0
   2 1983 238 23072.  22.1  32.7   2.280   2.4   0.0
   2 1983 239 22363.  21.7  32.3   2.235   2.6   0.0
   2 1983 240 22662.  19.9  31.9   1.991   1.9   0.0
   2 1983 241 22626.  21.5  32.1   2.154   2.9   0.0
   2 1983 242 21211.  21.2  31.6   2.105   3.2   0.0
   2 1983 243 21618.  21.0  32.9   2.149   4.1   0.0
   2 1983 244 21992.  22.7  32.9   2.362   1.8   0.0
   2 1983 245 21805.  21.9  32.1   2.221   2.4   0.0
   2 1983 246 21992.  21.6  32.7   2.232   2.3   0.0
   2 1983 247 20578.  22.3  32.5   2.421   2.4   0.0
   2 1983 248 19868.  22.2  32.1   2.393   1.9   0.0
   2 1983 249 22849.  22.6  31.7   2.438   2.1   0.0
   2 1983 250 22997.  21.0  31.6   2.044   2.5   0.0
   2 1983 251 21395.  21.9  32.0   2.321   2.6   0.0
   2 1983 252 23332.  22.0  33.1   2.271   2.6   0.0
   2 1983 253 20318.  22.2  33.3   2.286   2.7   0.0
   2 1983 254 15664.  22.6  33.5   2.197   2.2   0.0
   2 1983 255 23256.  22.2  33.2   2.230   1.6   0.0
   2 1983 256 22698.  23.0  33.0   2.397   2.2   0.0
   2 1983 257 20837.  22.9  33.0   2.377   2.3   0.0
   2 1983 258 20578.  21.5  33.1   2.162   2.2   0.0
   2 1983 259 22997.  23.1  33.1   2.295   2.1   0.0
   2 1983 260 23332.  22.6  33.9   2.295   2.6   0.0
   2 1983 261 23814.  22.6  33.7   2.301   2.5   0.0
   2 1983 262 20653.  23.2  33.8   2.443   3.0   0.0
   2 1983 263 23296.  21.2  33.3   2.105   2.3   0.0
   2 1983 264 20653.  22.9  33.6   2.312   2.3   0.0
   2 1983 265 18119.  22.9  33.6   2.338   2.3   0.0
   2 1983 266 23519.  23.1  33.9   2.377   2.1   0.0
   2 1983 267 22626.  21.5  33.1   2.185   2.3   0.0
   2 1983 268 22291.  22.1  39.6   2.280   0.8   0.0
   2 1983 269 22514.  22.8  34.1   2.207   3.8   0.0
   2 1983 270 19498.  22.9  34.0   2.419   2.4   0.0
   2 1983 271 22403.  23.6  34.0   2.462   2.6   0.0
   2 1983 272 23702.  23.2  34.7   2.440   2.5   0.0
   2 1983 273 21024.  24.0  34.1   2.468   2.9   0.0
   2 1983 274 21060.  23.0  34.9   2.228   2.7   0.0
   2 1983 275 23296.  23.2  34.0   2.261   2.6   0.0
   2 1983 276 20243.  22.5  34.1   2.101   2.9   0.0
   2 1983 277 17971.  23.2  34.0   2.272   3.2   0.0
   2 1983 278 23033.  24.8  32.9   2.546   3.3   0.0
   2 1983 279 21730.  23.1  32.9   2.312   2.4   0.0
   2 1983 280 22327.  24.1  33.4   2.486   2.8   0.0
   2 1983 281 23443.  22.3  34.1   2.308   2.5   0.0
   2 1983 282 19832.  22.1  31.9   2.184   2.7   0.0
   2 1983 283 21618.  23.6  33.5   2.415   2.3   0.0
   2 1983 284 19944.  24.1  33.6   2.375   2.2   0.0
   2 1983 285 20430.  24.0  33.8   2.358   2.4   0.0
   2 1983 286 21060.  24.0  34.1   2.423   3.0   0.0
   2 1983 287 13504.  24.1  34.9   2.504   3.5   0.0
   2 1983 288 20912.  23.6  33.6   2.138   2.7   0.0
   2 1983 289 19199.  23.3  31.7   2.515   2.3  27.0
   2 1983 290 17636.  23.6  33.0   2.494   2.4   6.5
   2 1983 291 18529.  24.6  31.8   2.655   2.7   0.0
   2 1983 292 18828.  23.3  32.6   2.332   2.9   1.5
   2 1983 293 19274.  23.6  30.7   2.541   3.4   6.7
   2 1983 294 22961.  23.6  32.5   2.468   1.8  13.5
   2 1983 295 21992.  23.9  33.5   2.540   2.9   0.0
   2 1983 296 14173.  19.2  32.2   1.882   2.6   2.2
   2 1983 297 21658.  24.0  30.4   2.722   2.8   0.2
   2 1983 298 13057.  24.5  32.8   2.439   2.5   0.0
   2 1983 299 15962.  24.5  31.8   2.587   1.3   2.1
   2 1983 300 18418.  24.1  31.3   2.606   1.6   0.0
   2 1983 301 12647.  24.5  32.2   2.685   2.8   0.0
   2 1983 302  8924.  23.3  31.1   2.504   2.6   6.0
   2 1983 303 21470.  23.4  33.7   2.620   1.3   6.2
   2 1983 304 20578.  24.0  32.2   2.612   2.6   0.0
   2 1983 305 15851.  25.1  34.0   2.588   2.7   0.0
   2 1983 306 18007.  24.3  31.9   2.516   2.1   0.0
   2 1983 307 12798.  23.2  32.4   2.423   2.2   0.0
   2 1983 308 18007.  21.5  34.2   2.416   1.7  19.5
   2 1983 309 18306.  24.4  32.4   2.687   2.2   0.0
   2 1983 310 13543.  24.6  31.6   2.652   2.6   0.0
   2 1983 311 18047.  23.7  31.3   2.577   2.5   0.0
   2 1983 312 24822.  23.5  30.7   2.540   2.2   5.0
   2 1983 313 20056.  24.0  33.1   2.489   2.3   0.0
   2 1983 314 16186.  24.3  32.5   2.534   2.5   0.0
   2 1983 315  7960.  24.2  32.8   2.604   1.6   0.1
   2 1983 316 19274.  23.3  31.7   2.681   2.0  69.5
   2 1983 317 15181.  24.3  32.0   2.693   1.7   0.0
   2 1983 318 18792.  23.8  31.8   2.580   1.9   0.0
   2 1983 319 14807.  24.8  33.0   2.511   1.7   0.0
   2 1983 320 19274.  25.3  32.4   2.813   2.4   0.0
   2 1983 321 17935.  24.4  32.2   2.332   2.8   0.0
   2 1983 322 19199.  23.4  31.7   2.533   3.0   0.0
   2 1983 323 16222.  31.0  31.5   3.922   2.8   5.3
   2 1983 324 14771.  23.8  31.5   2.533   3.2   0.0
   2 1983 325 31111.  23.2  29.9   2.546   3.6   0.0
   2 1983 326 15628.  24.0  30.9   2.537   3.1   0.0
   2 1983 327 16744.  23.8  30.7   2.489   3.1   0.0
   2 1983 328  3863.  23.8  30.8   2.569   3.2   4.0
   2 1983 329 20988.  23.8  31.2   2.409   6.4   0.0
   2 1983 330 17860.  23.8  30.6   2.203   6.3   0.0
   2 1983 331 14846.  23.6  30.9   2.468   6.6   0.0
   2 1983 332 16967.  23.4  30.3   2.556   5.1  16.0
   2 1983 333 22291.  23.7  31.1   2.445   5.8   0.0
   2 1983 334 14026.  23.5  30.6   2.488   4.6   0.0
   2 1983 335 18792.  23.4  30.9   2.493   4.1   0.0
   2 1983 336 24077.  23.2  31.6   2.440   2.7   1.0
   2 1983 337 19832.  22.6  31.0   2.334   2.4   1.0
   2 1983 338 12388.  23.8  30.9   2.445   2.4   0.0
   2 1983 339 11718.  21.0  30.9   1.999   2.3   0.0
   2 1983 340 20837.  22.6  31.1   2.172   2.6   0.0
   2 1983 341 19238.  23.3  30.8   2.355   3.6   0.0
   2 1983 342 18716.  23.2  31.2   2.418   2.4   0.0
   2 1983 343 19238.  25.4  31.6   2.876   2.8   0.0
   2 1983 344 20390.  22.4  31.5   2.230   2.4  16.0
   2 1983 345 16445.  22.0  31.4   2.105   2.4  27.0
   2 1983 346 23926.  22.8  31.2   2.385   2.1   0.0
   2 1983 347 15440.  25.2  31.2   2.806   2.1   3.0
   2 1983 348 14958.  26.8  30.4   3.004   1.7   0.0
   2 1983 349 16891.  24.5  31.0   2.796   2.1   6.0
   2 1983 350 16967.  24.1  30.2   2.673   2.2   7.5
   2 1983 351 22849.  23.6  31.5   2.430   2.2   2.5
   2 1983 352 24559.  23.0  32.1   2.363   2.0   0.0
   2 1983 353 20354.  23.3  31.9   2.386   2.0   0.0
   2 1983 354 21470.  24.2  31.7   2.525   2.1   0.0
   2 1983 355 21060.  30.1  31.6   3.661   2.7   0.0
   2 1983 356 18194.  24.8  31.2   2.737   3.2   0.0
   2 1983 357 20430.  24.0  31.1   2.567   3.1   1.0
   2 1983 358 11905.  24.5  29.1   2.777   3.9   0.0
   2 1983 359 21100.  24.0  31.0   2.531   4.1   0.0
   2 1983 360 17042.  23.3  29.4   2.613   3.6  31.0
   2 1983 361 16481.  23.8  29.8   2.681   4.4  42.0
   2 1983 362  8964.  22.9  27.5   2.628   3.9  23.0
   2 1983 363 17935.  23.2  29.4   2.586   3.5   1.0
   2 1983 364 22064.  23.8  30.5   2.516   4.0   0.0
   2 1983 365 15142.  23.5  30.5   2.418   5.2  13.5
