*---------------------------------------------------------------------------*
* Station name: Meteostation Carlow, Dublin, Ireland
* Year: 1986                                              -99.000: NIL VALUE
* Author: C. Grashoff
* Source:
* Comments: Vapour pressure calculated from dry and wet bulb temperature
*
* Longitude: 6 00 W, latitude: 53 00 N, altitude: 80 m.
*
* Column  Daily value
* 1       station number
* 2       year
* 3       day
* 4       irradiation                   (kJ m-2 d-1)
* 5       minimum temperature           (degrees Celsius)
* 6       maximum temperature           (degrees Celsius)
* 7       early morning vapour pressure (kPa)
* 8       mean wind speed               (m s-1)
* 9       precipitation                 (mm d-1)
*---------------------------------------------------------------------------*
  -6.00  53.00    80. 0.00 0.00
   8 1986 110 15540.   5.0  10.5   1.058   3.0   6.8
   8 1986 111  5520.   3.8   6.5   0.883   1.0   4.0
   8 1986 112 13250.   3.7  11.7   1.054   0.2   0.3
   8 1986 113 18410.   0.0  11.8   0.931   1.1   0.5
   8 1986 114 18280.   1.2  12.3   0.987   0.7   0.0
   8 1986 115 13290.   2.0  12.7   1.029   0.7   0.0
   8 1986 116 13760.   2.3  12.6   1.036   1.9   0.6
   8 1986 117 19670.   2.0  12.7   1.029   2.3   2.2
   8 1986 118 12130.   7.1  12.0   1.196   2.5   0.0
   8 1986 119 18860.   1.6  12.6   1.011   3.2   1.4
   8 1986 120  7710.   7.2  14.0   1.283   3.4   0.0
   8 1986 121 23150.   8.1  13.2   1.287   2.8   0.0
   8 1986 122  6110.   4.8  11.3   1.080   1.9   2.5
   8 1986 123  6160.   7.7   9.0   1.102   0.7   5.0
   8 1986 124  7540.   4.5  10.3   1.033   2.5   7.5
   8 1986 125  6930.   5.7  10.5   1.083   2.6   6.6
   8 1986 126  6580.   6.2  10.3   1.094   2.3   8.3
   8 1986 127  9990.   5.5   8.2   0.994   1.8   1.7
   8 1986 128 12210.   5.4  15.0   1.249   2.2   1.5
   8 1986 129  9560.   7.2  17.4   1.437   3.3   3.5
   8 1986 130  9750.  10.6  15.6   1.515   3.5   4.3
   8 1986 131  8580.   9.5  15.4   1.451   3.5   2.0
   8 1986 132 13280.   9.0  13.0   1.318   4.0   2.0
   8 1986 133 17590.   5.8  13.5   1.204   2.4   5.8
   8 1986 134 13670.   2.8  10.7   0.987   1.7   3.5
   8 1986 135 19800.   3.0  13.2   1.083   1.1   1.6
   8 1986 136 26500.   0.8  14.6   1.054   2.4   4.6
   8 1986 137  7890.   7.0  14.0   1.274   4.5   4.3
   8 1986 138 14780.   9.6  16.3   1.500   2.6   0.0
   8 1986 139 12560.   8.4  13.8   1.327   1.5   0.0
   8 1986 140 17630.   5.3  15.4   1.262   3.7   9.2
   8 1986 141 21600.   8.2  12.0   1.241   3.7   3.6
   8 1986 142 22780.   5.3  14.7   1.232   3.2   1.0
   8 1986 143 18920.   7.0  15.2   1.327   2.4   1.5
   8 1986 144 12370.   6.2  13.3   1.212   3.6   1.0
   8 1986 145 14660.  10.0  17.0   1.555   3.1   0.4
   8 1986 146 19500.   7.8  15.1   1.358   4.1   1.0
   8 1986 147 22790.   6.6  13.2   1.224   3.6   0.7
   8 1986 148 19030.   6.0  13.1   1.196   2.4   0.8
   8 1986 149 10100.   7.0  13.5   1.253   1.4   0.0
   8 1986 150  9180.   4.0  13.6   1.136   1.9  11.8
   8 1986 151  7930.   9.5  17.5   1.555   1.7   0.3
   8 1986 152 10090.  12.0  18.5   1.742   1.7   0.0
   8 1986 153 14810.  12.6  20.2   1.876   2.0   0.0
   8 1986 154 14270.  11.3  14.4   1.490   2.3   0.1
   8 1986 155  8450.   6.5  13.0   1.212   1.7   0.0
   8 1986 156 22890.   5.6  15.0   1.258   1.9   0.0
   8 1986 157 12350.   4.3  15.8   1.237   1.4   0.1
   8 1986 158  9370.   9.4  12.8   1.327   1.4   0.0
   8 1986 159 11820.   5.8  15.0   1.266   3.6   2.4
   8 1986 160 16560.  10.5  16.8   1.570   1.6   0.3
   8 1986 161 12280.   6.8  13.7   1.253   1.5   4.6
   8 1986 162 27490.   1.8  17.0   1.183   1.4   0.0
   8 1986 163  8440.   7.7  16.1   1.399   2.6   0.0
   8 1986 164 16340.  12.6  20.0   1.864   1.7   0.0
   8 1986 165  9890.  11.8  23.3   2.019   0.0   0.0
   8 1986 166 26850.   9.5  22.4   1.823   0.0   0.0
   8 1986 167  9340.  12.0  21.5   1.918   1.6   0.0
   8 1986 168  8050.  11.4  14.5   1.500   1.1   0.0
   8 1986 169 24290.   6.0  17.2   1.372   1.3   0.0
   8 1986 170  7920.   7.2  17.2   1.427   1.4   0.3
   8 1986 171 14390.  12.8  18.0   1.759   0.5   0.0
   8 1986 172 14960.  10.0  20.0   1.714   1.1   2.0
   8 1986 173 12520.  10.8  18.6   1.681   0.8   0.3
   8 1986 174 14670.  10.5  20.0   1.742   0.8  20.0
   8 1986 175  8780.  11.4  15.5   1.550   2.3   1.4
   8 1986 176 16100.  12.6  19.4   1.829   1.1   0.0
   8 1986 177 17670.  10.5  24.4   2.006   1.3  22.5
   8 1986 178 15370.  15.0  24.5   2.318   0.9   0.0
   8 1986 179 15940.  14.7  24.0   2.261   0.5   7.0
   8 1986 180  7740.  16.0  20.0   2.077   0.8  11.6
   8 1986 181 12180.  14.8  17.5   1.846   0.9  20.0
   8 1986 182 20630.   9.5  18.7   1.617   2.2   1.2
   8 1986 183 13300.  13.1  20.0   1.894   1.1   2.0
   8 1986 184 11140.  13.4  18.2   1.805   1.7   4.6
   8 1986 185 12700.  13.3  18.4   1.811   1.7   0.0
   8 1986 186  8390.  11.5  15.5   1.555   0.8   3.8
   8 1986 187 13090.  10.4  16.0   1.525   1.8   0.0
   8 1986 188  8780.  10.1  17.0   1.560   1.0   1.0
   8 1986 189 18040.  11.8  17.8   1.692   0.9   0.3
   8 1986 190  7740.   6.2  15.0   1.283   1.9   0.1
   8 1986 191  7300.  12.7  17.8   1.742   1.0   2.2
   8 1986 192  7300.  12.0  17.2   1.670   0.4   3.6
   8 1986 193 12360.  13.7  20.4   1.955   0.3   0.0
   8 1986 194  8640.  13.8  13.7   1.580   0.8   2.4
   8 1986 195 11740.  16.0  21.0   2.144   0.8   0.0
   8 1986 196  9020.  17.3  25.0   2.529   2.4   0.0
   8 1986 197 14080.  15.0  23.2   2.226   2.4   0.1
   8 1986 198 13050.  10.0  19.7   1.698   1.8   0.0
   8 1986 199  7800.  11.8  16.8   1.638   0.8   0.0
   8 1986 200  7760.   8.6  16.3   1.451   1.6   0.0
   8 1986 201  8290.  12.5  18.6   1.776   1.0   0.0
   8 1986 202 11350.  11.7  18.1   1.703   1.4   0.0
   8 1986 203  8220.   7.0  17.7   1.442   1.2   0.0
   8 1986 204 13360.   8.4  15.5   1.404   1.1   0.0
   8 1986 205  6890.   8.6  16.0   1.437   1.4   2.3
   8 1986 206  7550.  13.2  17.5   1.754   1.6   1.0
   8 1986 207 13490.  12.7  17.2   1.709   2.0   0.3
   8 1986 208  7060.  12.3  19.3   1.805   2.1   2.8
   8 1986 209  6880.  14.0  18.8   1.876   1.7   4.0
   8 1986 210 10010.  10.5  19.0   1.687   1.7   4.0
   8 1986 211  9960.  11.8  17.6   1.681   2.3   0.8
   8 1986 212 13890.  11.5  18.7   1.725   1.2   1.0
   8 1986 213  7540.   5.2  17.7   1.358   4.1  13.0
   8 1986 214 13760.  11.8  14.6   1.525   1.8   0.0
   8 1986 215 17230.   6.7  18.0   1.442   0.5   4.2
   8 1986 216  7940.   7.2  18.0   1.466   0.8   7.6
   8 1986 217 10050.   7.0  14.5   1.296   3.1  25.0
   8 1986 218  7300.  11.7  15.6   1.570   3.3   4.2
   8 1986 219  6710.  12.3  15.0   1.570   1.6   0.0
   8 1986 220 17880.   6.4  14.8   1.283   0.2   0.0
   8 1986 221  8870.   6.3  18.0   1.423   0.7   1.5
   8 1986 222  6160.  11.4  16.8   1.617   0.6   0.0
   8 1986 223  8880.  12.4  17.2   1.692   0.3   0.0
   8 1986 224 11190.   8.4  20.0   1.628   1.2   2.0
   8 1986 225  6010.  11.5  19.5   1.771   1.0   3.0
   8 1986 226 14560.   7.0  15.0   1.318   3.4   0.3
   8 1986 227 13820.   9.7  16.2   1.500   2.2   0.0
   8 1986 228 11140.   8.5  17.8   1.520   1.7   0.0
   8 1986 229 15050.  11.8  17.5   1.676   1.2   0.0
   8 1986 230 11880.   8.0  18.0   1.505   1.2   0.8
   8 1986 231 10270.   9.2  16.5   1.490   0.8   0.0
   8 1986 232 19040.   4.0  17.0   1.274   1.2   5.0
   8 1986 233  6830.   9.1  18.6   1.591   1.6   4.0
   8 1986 234  9150.  10.6  15.0   1.485   7.2   4.0
   8 1986 235  5460.   7.5  18.3   1.495   6.4   0.0
   8 1986 236 13570.   4.3  13.7   1.152   0.9  10.0
   8 1986 237  5340.   9.5  18.0   1.580   4.7  39.0
   8 1986 238  5770.   8.6  11.8   1.249   2.8   0.0
   8 1986 239 10570.   8.1  12.6   1.262   2.1   1.3
   8 1986 240 14820.   6.6  14.0   1.258   2.0   0.7
   8 1986 241 11940.   7.1  14.3   1.292   2.0   0.0
   8 1986 242  7780.   7.4  15.1   1.340   0.8   0.0
   8 1986 243 16220.   3.5  14.6   1.156   1.6   0.1
   8 1986 244 11030.   9.8  16.0   1.495   2.7   0.4
   8 1986 245  5450.  12.7  18.2   1.765   3.0   0.4
   8 1986 246 16140.   9.1  16.2   1.470   0.9   0.0
   8 1986 247 14950.   2.8  16.7   1.212   0.8   0.0
   8 1986 248  4670.   9.8  17.0   1.545   1.1   0.3
   8 1986 249  6540.  10.7  14.2   1.451   0.6   0.0
   8 1986 250 10490.   2.2  17.0   1.200   0.9   0.0
   8 1986 251  5160.   8.8  17.0   1.495   0.4   0.0
   8 1986 252 14340.   1.4  15.0   1.091   0.4   0.0
   8 1986 253 10590.   4.0  17.1   1.279   0.4   0.0
   8 1986 254  8630.   7.7  15.6   1.376   0.8   0.0
   8 1986 255 15180.   2.0  15.1   1.117   1.0   0.0
   8 1986 256 14800.   2.4  15.3   1.140   1.5   0.0
   8 1986 257 14850.   1.8  15.1   1.110   1.4   0.0
   8 1986 258 12600.   0.5  14.6   1.043   1.7   0.0
