*---------------------------------------------------------------------------*
* Station name: Gilat (Migda), Israel
* Year: 1962
* Author: Peter Uithol                                     -99.000: NIL VALUE
* Source: Ungar, E., 1981. Meteo data Migda/Gilat
* Comments: Data from October 1 onwards.
*           Rainfall from Gilat.
* Longitude: 43 40 E, latitude: 31 20 N, altitude: 150. m.
*
* Column  Daily value
* 1       station number
* 2       year
* 3       day
* 4       irradiation                   (kJ m-2 d-1)
* 5       minimum temperature           (degrees Celsius)
* 6       maximum temperature           (degrees Celsius)
* 7       early morning vapour pressure (kPa)
* 8       mean wind speed (height: 2 m) (m s-1)
* 9       precipitation                 (mm d-1)
*---------------------------------------------------------------------------*
  43.67  31.33   150. 0.00 0.00
   1 1962 274 21353.  19.6  35.0   2.227   1.1   0.0
   1 1962 275 20641.  17.4  35.6   1.891   1.8   0.0
   1 1962 276 19469.  20.1  34.5   2.399   1.4   0.0
   1 1962 277 20432.  21.8  32.8   2.326   1.6   0.0
   1 1962 278 19971.  17.7  33.1   1.460   2.0   0.0
   1 1962 279 19427.  17.8  30.5   1.652   1.9   0.0
   1 1962 280 17710.  18.4  29.5   1.808   1.4   0.0
   1 1962 281 18213.  18.0  27.5   1.558   1.8  22.0
   1 1962 282 16203.  16.9  25.4   2.027   1.8   0.0
   1 1962 283 14905.  17.4  26.4   1.717   1.9   0.0
   1 1962 284 17710.  16.5  29.3   1.831   1.5   0.0
   1 1962 285 20097.  16.3  28.1   1.469   1.4   0.0
   1 1962 286 22148.  17.3  29.7   1.843   1.2   0.0
   1 1962 287 21855.  15.4  29.7   1.367   1.4   0.0
   1 1962 288 22483.  14.6  29.1   1.349   1.5   0.0
   1 1962 289 19176.  13.9  28.2   1.717   1.5   0.0
   1 1962 290 16412.  13.9  28.8   1.740   1.6   0.0
   1 1962 291 18464.  14.4  29.9   1.927   1.6   0.0
   1 1962 292 14068.  16.9  30.0   1.989   0.9   0.0
   1 1962 293 18045.  15.4  33.5   1.431   1.3   0.0
   1 1962 294 18841.  16.1  32.7   1.095   1.5   0.0
   1 1962 295 17878.  15.3  31.7   0.848   1.5   0.0
   1 1962 296 16873.  15.4  30.0   1.133   1.4   0.0
   1 1962 297 12225.  16.3  27.6   1.843   1.2   0.0
   1 1962 298 15366.  16.4  25.7   1.964   1.4   0.0
   1 1962 299 15240.  15.2  27.7   1.508   1.3   0.0
   1 1962 300  7327.  17.2  32.8   1.340   2.2   0.0
   1 1962 301 16957.  18.3  28.1   2.053   1.1   0.0
   1 1962 302 15868.  16.8  28.1   1.952   1.1   0.0
   1 1962 303 15784.  14.6  24.4   1.674   1.9   0.0
   1 1962 304 17626.  16.2  31.2   1.706   1.2   0.0
   1 1962 305 17082.  14.4  33.7   1.253   1.6   0.0
   1 1962 306 16203.  19.3  36.2   0.593   2.2   0.0
   1 1962 307 10216.  21.3  34.1   0.825   1.6   0.0
   1 1962 308 16873.  17.8  28.9   0.657   1.2   0.0
   1 1962 309 12477.  16.3  25.8   1.706   1.3   0.0
   1 1962 310 17417.  12.8  26.3   1.340   1.1   0.0
   1 1962 311 13565.  13.8  24.7   1.376   1.3   0.0
   1 1962 312 16370.  13.7  25.6   1.579   1.3   0.0
   1 1962 313 15491.  13.6  25.7   1.489   0.9   0.0
   1 1962 314 15617.  12.7  27.9   1.245   1.4   0.0
   1 1962 315 14528.  11.2  29.1   1.073   1.3   0.0
   1 1962 316 14612.  12.8  29.6   1.558   1.1   0.0
   1 1962 317 14528.  14.0  30.2   1.674   1.2   0.0
   1 1962 318 14110.  13.9  29.6   1.349   1.3   0.0
   1 1962 319 13481.  16.9  28.4   1.915   1.3   0.0
   1 1962 320 14905.  13.2  30.7   1.367   1.3   0.0
   1 1962 321 14738.  15.2  34.6   0.647   1.6   0.0
   1 1962 322 13356.  14.0  33.3   0.624   1.3   0.0
   1 1962 323 11891.  14.4  32.3   0.848   1.6   0.0
   1 1962 324 16454.  15.3  31.9   0.551   1.9   0.0
   1 1962 325 15994.  16.2  31.2   0.501   2.4   0.0
   1 1962 326 16370.  15.7  29.3   0.493   4.5   0.0
   1 1962 327 13356.  18.4  29.2   0.458   4.7   0.0
   1 1962 328 15659.  18.3  29.3   0.472   3.5   0.0
   1 1962 329 16245.  17.9  27.6   0.465   2.5   0.0
   1 1962 330 15994.  12.8  27.3   0.497   3.4   0.0
   1 1962 331 15910.  14.4  27.2   0.378   2.3   0.0
   1 1962 332 16035.  14.6  28.1   0.421   1.6   0.0
   1 1962 333 15868.  12.7  28.2   0.405   2.5   0.0
   1 1962 334 14779.  12.3  26.9   0.527   1.5   0.0
   1 1962 335 14612.  11.5  26.8   0.747   1.3   0.0
   1 1962 336 14863.  12.4  28.1   0.891   2.5   0.0
   1 1962 337 14863.  14.3  30.0   0.791   1.5   0.0
   1 1962 338 14151.  12.9  27.7   0.706   1.6   0.0
   1 1962 339 15114.  11.4  20.0   1.212   2.4   0.0
   1 1962 340 11597.   9.4  20.0   0.643   2.1   0.0
   1 1962 341  6406.  11.6  17.9   1.088   1.3   0.0
   1 1962 342 14528.   9.5  18.6   1.030   2.2   0.0
   1 1962 343 10509.  10.2  18.5   1.009   2.9   0.0
   1 1962 344 13021.   9.5  18.7   0.769   2.3   0.0
   1 1962 345 13816.  10.2  17.6   0.831   2.4   0.0
   1 1962 346 14151.   7.5  18.6   0.629   2.0   0.0
   1 1962 347 13021.   8.9  19.0   0.523   2.7   0.0
   1 1962 348 10090.  10.4  19.2   1.088   0.8   0.0
   1 1962 349 13733.   7.2  21.7   0.891   1.4   0.0
   1 1962 350  5275.   9.3  19.8   0.643   1.2   0.0
   1 1962 351 12853.  10.0  19.4   0.968   1.8   0.0
   1 1962 352  6615.  11.5  22.7   0.701   4.1   0.0
   1 1962 353 11137.  11.4  23.0   0.512   2.6   0.0
   1 1962 354 13775.   9.9  19.0   0.831   1.6   0.0
   1 1962 355 12602.   5.7  21.5   0.752   1.4   0.0
   1 1962 356 12142.   8.9  17.5   0.652   2.2   0.0
   1 1962 357 13733.   5.8  18.5   0.559   1.2   0.0
   1 1962 358 12686.   6.2  19.0   0.504   1.0   0.0
   1 1962 359 14151.   4.8  19.8   0.681   1.5   0.0
   1 1962 360 14068.   7.0  21.0   0.872   1.1   0.0
   1 1962 361 13858.   7.4  23.2   0.942   2.2   0.0
   1 1962 362 12602.  10.2  21.8   0.897   1.4   0.0
   1 1962 363 11472.   9.6  20.4   1.133   1.3   0.0
   1 1962 364 13314.   7.3  20.9   0.769   0.9   0.0
   1 1962 365 13230.   6.9  21.0   0.860   1.1   0.0
