*---------------------------------------------------------------------------*
* Station name: Gilat (Migda), Israel
* Year: 1975
* Author: Peter Uithol                                     -99.000: NIL VALUE
* Source: Ungar, E., 1981. Meteo data Migda/Gilat
* Comments: Summer data (May-September) missing.
*           Rainfall from Gilat, from March 19 to September missing.
* Longitude: 43 40 E, latitude: 31 20 N, altitude: 150. m.
*
* Column  Daily value
* 1       station number
* 2       year
* 3       day
* 4       irradiation                   (kJ m-2 d-1)
* 5       minimum temperature           (degrees Celsius)
* 6       maximum temperature           (degrees Celsius)
* 7       early morning vapour pressure (kPa)
* 8       mean wind speed (height: 2 m) (m s-1)
* 9       precipitation                 (mm d-1)
*---------------------------------------------------------------------------*
  43.67  31.33   150. 0.00 0.00
   1 1975   1 16726.   6.3  21.3   0.860   1.4   0.0
   1 1975   2 13255.   8.0  17.5   0.948   1.1   0.0
   1 1975   3 14172.   6.8  15.5   0.620   1.8   0.0
   1 1975   4 14683.   3.2  16.0   0.791   2.1   0.0
   1 1975   5 14683.   8.0  17.2   0.780   1.5   0.0
   1 1975   6 12539.   6.5  16.5   1.080   0.6   0.0
   1 1975   7 15093.   4.8  16.6   0.935   0.8   0.0
   1 1975   8 13967.   4.2  16.2   0.854   1.2   0.0
   1 1975   9 16215.   6.4  16.3   0.836   2.0   0.0
   1 1975  10 15194.   7.2  18.0   0.643   3.9   0.0
   1 1975  11 11108.   8.0  11.5   0.968   1.9  14.0
   1 1975  12 13050.   8.6  14.2   1.002   0.9   0.0
   1 1975  13 14072.   6.2  14.8   0.910   0.8   0.0
   1 1975  14 17032.   3.6  17.3   0.910   0.9   0.0
   1 1975  15 14683.   4.4  16.6   0.763   1.0   0.0
   1 1975  16 13662.   5.0  15.5   0.935   1.3   0.0
   1 1975  17 11618.   6.5  14.0   0.808   1.1   0.0
   1 1975  18  8558.   8.5  15.3   0.763   1.3   0.0
   1 1975  19 18259.   5.0  19.3   0.922   0.8   0.0
   1 1975  20 15705.   6.3  19.6   0.752   1.5   0.0
   1 1975  21 13151.   8.0  15.7   1.080   0.9   0.0
   1 1975  22 19891.   4.3  18.0   0.891   1.2   0.0
   1 1975  23 14683.   9.1  17.3   1.030   1.0   0.0
   1 1975  24 16215.   6.5  16.0   1.110   1.1   0.0
   1 1975  25 18259.   5.4  18.5   0.891   0.8   0.0
   1 1975  26 11108.   6.0  15.6   0.948   1.3   0.0
   1 1975  27 14377.   7.6  14.4   1.110   1.7  14.0
   1 1975  28 16521.   8.5  15.7   1.009   1.8   0.0
   1 1975  29 19280.   7.7  18.7   1.023   1.2   0.0
   1 1975  30 20808.   5.5  19.8   0.910   1.6   0.0
   1 1975  31 12129.   6.5  20.2   0.666   1.6   0.0
   1 1975  32 13867.   9.4  17.0   0.791   6.3  10.0
   1 1975  33 14072.   9.5  15.0   1.245   1.7   0.0
   1 1975  34 14583.   8.9  16.0   1.080   1.9   0.0
   1 1975  35 13867.   8.5  15.8   1.156   0.6   0.0
   1 1975  36 17748.   5.0  16.2   1.009   1.2   0.0
   1 1975  37 16726.   5.2  15.7   0.910   1.2  19.0
   1 1975  38 12640.   8.2  13.6   1.095   1.4   0.0
   1 1975  39 13356.   5.6  14.3   0.961   2.0   0.0
   1 1975  40 17237.   5.8  15.4   0.706   4.5   0.0
   1 1975  41 10086.   7.0   9.5   0.758   2.8  39.0
   1 1975  42 13151.   4.3  11.5   0.885   0.9   0.0
   1 1975  43 20913.   6.6  13.5   0.706   1.0   0.0
   1 1975  44 19791.   2.9  17.0   0.711   1.2   0.0
   1 1975  45 20298.   5.5  21.7   0.763   1.5   0.0
   1 1975  46 20298.   6.7  19.7   0.916   1.0   0.0
   1 1975  47 23362.   5.5  18.4   1.118   1.1   0.0
   1 1975  48 24895.   5.7  25.0   0.758   2.4   0.0
   1 1975  49 25200.  12.0  26.0   0.647   2.3   0.0
   1 1975  50 13662.  14.4  25.0   0.808   1.7   0.0
   1 1975  51 10597.  17.5  21.5   1.695   3.1   0.0
   1 1975  52 18259.  10.0  16.3   1.204   2.6  37.0
   1 1975  53 18564.   9.7  18.4   1.125   1.4   0.0
   1 1975  54 20808.   7.5  18.6   1.030   1.1   0.0
   1 1975  55 19791.   5.8  16.8   1.051   1.1   0.0
   1 1975  56  8558.   8.7  18.3   1.148   1.1   0.0
   1 1975  57 19280.   9.0  17.0   1.141   1.2   0.0
   1 1975  58 19791.   9.0  16.2   1.204   1.4   0.0
   1 1975  59 21319.   7.4  18.6   1.066   2.6   0.0
   1 1975  60 15194.   8.0  17.0   0.948   3.6   7.0
   1 1975  61 17748.   6.0  14.0   0.935   1.8  22.0
   1 1975  62 11618.   5.8  16.0   0.878   0.7   0.0
   1 1975  63 24078.   4.8  18.3   1.016   1.1   0.0
   1 1975  64 20097.   7.3  17.8   1.287   0.8   0.0
   1 1975  65 22751.   9.2  17.8   1.125   1.0   0.0
   1 1975  66 25406.   5.7  21.5   1.188   1.2   0.0
   1 1975  67 25406.   8.0  24.0   0.731   2.4   0.0
   1 1975  68 26017.  12.6  27.2   2.355   2.2   0.0
   1 1975  69 26427.  10.8  23.4   1.340   1.1   0.0
   1 1975  70 25406.   7.5  21.2   1.016   1.0   0.0
   1 1975  71 24690.   7.0  18.0   1.245   1.0   0.0
   1 1975  72 24794.   5.7  20.8   1.237   1.5   0.0
   1 1975  73 26427.   9.6  26.3   0.752   1.8   0.0
   1 1975  74 20298.  13.5  29.0   0.831   1.1   0.0
   1 1975  75 16010.   7.5  28.7   0.785   1.3   0.0
   1 1975  76 16726.  11.2  18.0   1.262   3.2   0.0
   1 1975  77 14989.  10.0  17.0   1.103   1.7   2.8
   1 1975  78 17848.   8.8  18.5   1.287   1.2 -99.0
   1 1975  79 26427.   7.0  22.4   1.228   1.0 -99.0
   1 1975  80 27959.   7.8  29.2   0.935   1.1 -99.0
   1 1975  81 27959.  12.5  32.2   0.652   2.5 -99.0
   1 1975  82 22341.  16.8  31.4   3.387   3.5 -99.0
   1 1975  83 25406.  10.2  20.0   1.016   1.2 -99.0
   1 1975  84 26017.   7.5  19.5   0.995   1.7 -99.0
   1 1975  85 24895.  10.8  19.5   1.188   3.4 -99.0
   1 1975  86 17848.   9.9  18.4   1.073   1.5 -99.0
   1 1975  87 24384.   4.9  19.3   0.935   1.5 -99.0
   1 1975  88 29797.   5.2  23.6   0.796   1.1 -99.0
   1 1975  89 27038.   8.6  27.7   1.023   1.0 -99.0
   1 1975  90 26938.   8.6  20.8   0.860   1.1 -99.0
   1 1975  91 26427.   7.7  30.0   0.752   1.1 -99.0
   1 1975  92 28981.  13.7  33.0   0.891   1.7 -99.0
   1 1975  93 31330.  11.2  33.5   0.802   1.9 -99.0
   1 1975  94 28470.  20.1  35.2   0.472   1.8 -99.0
   1 1975  95 30204.  19.2  36.0   0.504   1.3 -99.0
   1 1975  96 27855.  11.8  34.3   1.237   1.0 -99.0
   1 1975  97 27959.  11.3  34.4   1.331   1.5 -99.0
   1 1975  98 22240.  11.0  29.0   1.196   1.3 -99.0
   1 1975  99 25305.  14.0  30.9   1.349   1.3 -99.0
   1 1975 100 27855.  12.6  27.3   1.652   1.2 -99.0
   1 1975 101 22852.  13.0  28.4   1.589   1.1 -99.0
   1 1975 102 27038.  14.0  32.0   1.740   1.2 -99.0
   1 1975 103 27449.  13.3  33.2   1.133   1.3 -99.0
   1 1975 104 19791.  10.5  25.2   0.942   1.3 -99.0
   1 1975 105 25506.  12.0  25.0   1.450   1.3 -99.0
   1 1975 106 25506.  12.0  32.5   1.403   1.5 -99.0
   1 1975 107 25506.  16.5  31.6   2.002   2.1 -99.0
   1 1975 108 25506.  13.5  23.0   1.695   1.6 -99.0
   1 1975 109 25506.  12.0  28.1   1.253   1.6 -99.0
   1 1975 110 18870.  12.0  22.4   1.441   1.3 -99.0
   1 1975 111 17748.  10.8  20.0   1.296   1.5 -99.0
   1 1975 112 19280.  10.0  21.5   1.180   1.3 -99.0
   1 1975 113 27959.   8.7  24.3   1.237   1.1 -99.0
   1 1975 114 29693.   7.8  30.2   1.066   2.5 -99.0
   1 1975 115 21830.  16.5  32.1   0.721   2.7 -99.0
   1 1975 116 27959.  12.4  30.1   1.403   1.5 -99.0
   1 1975 117 34596.  14.5  25.0   1.340   1.4 -99.0
   1 1975 118 21118.  11.8  27.5   1.133   2.0 -99.0
   1 1975 119 17748.  14.1  31.0   0.731   1.7 -99.0
   1 1975 120 27549.   8.9  24.2   1.095   1.2 -99.0
   1 1975 274 23057.  17.4  29.6   2.014   0.9   0.0
   1 1975 275 22240.  16.5  29.9   2.053   1.3   0.0
   1 1975 276 22445.  12.8  30.2   1.548   1.0   0.0
   1 1975 277 18259.  13.2  37.6   1.296   2.1   0.0
   1 1975 278 23567.  12.6  27.9   1.460   1.1   0.0
   1 1975 279 22445.  13.7  28.7   1.528   1.1   0.0
   1 1975 280 21014.  15.0  27.9   1.663   1.3   0.0
   1 1975 281 22140.  15.2  28.1   1.642   1.5   0.0
   1 1975 282 17643.  15.5  26.4   1.322   1.2   0.0
   1 1975 283 19791.  15.5  26.4   1.855   1.3   0.0
   1 1975 284 23467.  15.4  27.6   1.558   1.2   0.0
   1 1975 285 23668.  13.6  28.2   1.685   1.0   0.0
   1 1975 286 20097.  14.5  26.9   1.843   1.2   0.0
   1 1975 287 19586.  16.3  27.7   1.891   1.5   0.0
   1 1975 288 23057.  14.0  28.7   1.403   1.1   0.0
   1 1975 289 19280.  12.8  29.3   1.450   0.9   0.0
   1 1975 290 15705.  10.2  30.2   1.394   1.6   0.0
   1 1975 291 23773.  10.1  30.9   1.820   1.7   0.0
   1 1975 292 21118.  14.5  32.4   1.964   1.2   0.0
   1 1975 293 23978.  14.2  36.4   1.663   1.0   0.0
   1 1975 294 24384.  13.5  32.8   1.287   1.1   0.0
   1 1975 295 19075.  17.5  26.5   2.172   1.2   0.0
   1 1975 296 22035.  12.8  30.2   1.212   1.1   0.0
   1 1975 297 17032.  12.3  30.8   1.110   1.1   0.0
   1 1975 298 18665.  12.0  34.0   1.915   1.2   0.0
   1 1975 299 15194.  15.0  24.4   1.652   1.2   0.0
   1 1975 300 19075.  14.0  25.2   1.412   1.1   0.0
   1 1975 301 19891.  12.8  25.7   1.412   0.9   0.0
   1 1975 302 19280.  13.6  25.4   1.412   1.1   0.0
   1 1975 303 18769.  11.5  25.0   1.331   1.2   8.0
   1 1975 304 24078.  14.5  22.2   1.706   1.2   0.0
   1 1975 305 18154.  19.2  24.8   2.200   1.5   0.0
   1 1975 306 18564.  12.2  24.7   1.385   0.7   0.0
   1 1975 307 18259.  12.8  24.8   1.642   1.3   0.0
   1 1975 308 16931.  13.1  25.5   1.695   1.1   0.0
   1 1975 309 20197.  12.7  28.2   1.528   1.1   0.0
   1 1975 310 19075.  12.5  26.9   1.499   1.2   0.0
   1 1975 311 31020.  11.7  24.3   1.358   0.8   0.0
   1 1975 312 17953.  12.2  25.8   1.051   1.1   0.0
   1 1975 313 19686.  10.7  24.9   0.935   1.1   0.0
   1 1975 314 14377.  11.7  23.2   1.528   1.3  22.0
   1 1975 315 16316.  14.8  22.2   1.706   1.8   0.0
   1 1975 316 16421.  13.2  21.7   1.569   1.4   0.0
   1 1975 317 17132.  12.0  22.3   1.367   1.3   0.0
   1 1975 318 16316.  13.4  21.2   1.331   1.1   0.0
   1 1975 319 16827.  12.1  21.1   1.141   2.0   0.0
   1 1975 320 18053.  10.7  22.2   1.262   1.6   0.0
   1 1975 321 17442.  11.9  23.7   1.103   1.4   0.0
   1 1975 322 18769.   9.7  23.8   1.262   0.7   0.0
   1 1975 323 18259.  10.5  27.7   1.903   1.4   0.0
   1 1975 324 17848.  16.0  28.0   0.711   0.6   0.0
   1 1975 325 18769.  15.3  27.5   0.922   1.4   0.0
   1 1975 326 15805.  15.0  23.1   0.885   1.2   0.0
   1 1975 327 17032.  11.8  26.2   1.394   1.0   0.0
   1 1975 328 13662.  14.9  29.2   1.037   0.9   0.0
   1 1975 329  9680.  17.0  24.2   1.751   0.8   0.0
   1 1975 330 14478.  14.3  20.4   1.558   0.9   0.0
   1 1975 331 13356.  14.1  19.9   1.304   1.6   0.0
   1 1975 332 15604.  13.8  19.9   1.220   0.9   0.0
   1 1975 333 14172.  16.5  22.0   0.897   1.0   0.0
   1 1975 334 14172.  12.4  22.3   0.527   1.3  14.0
   1 1975 335 13151.  13.0  17.8   1.431   2.2  10.0
   1 1975 336 16215.   8.8  17.8   1.172   1.4   0.0
   1 1975 337 16622.   6.2  18.8   0.982   0.8   0.0
   1 1975 338 12745.   9.4  19.3   0.686   1.7   0.0
   1 1975 339 16521.   5.3  17.2   0.813   1.1   0.0
   1 1975 340 17032.   6.0  18.0   0.842   0.8   0.0
   1 1975 341 16421.   5.4  17.9   0.726   1.0   0.0
   1 1975 342 16215.   8.9  19.7   0.676   1.6   0.0
   1 1975 343 14888.  11.2  17.3   1.080   1.8   0.0
   1 1975 344  7025.  10.5  14.2   1.156   2.9  20.0
   1 1975 345 14784.  11.4  17.0   1.188   1.1   0.0
   1 1975 346 13356.   6.6  16.0   1.044   0.6   0.0
   1 1975 347 17643.   6.3  18.0   0.955   0.5   0.0
   1 1975 348 16726.   8.2  19.5   1.110   0.6   0.0
   1 1975 349 13662.   9.0  18.5   1.023   0.9   0.0
   1 1975 350 11518.  10.8  17.7   1.322   1.0  10.0
   1 1975 351 14583.  10.7  17.6   1.245   1.3   0.0
   1 1975 352 14989.   9.8  17.8   1.172   1.8   0.0
   1 1975 353 13456.   7.8  18.8   0.968   0.6   0.0
   1 1975 354 14377.  11.3  20.1   0.910   0.8   0.0
   1 1975 355  9885.  11.8  17.4   0.942   0.8   0.0
   1 1975 356  7025.  11.9  15.8   1.422   0.8   0.0
   1 1975 357 13255.   9.3  14.8   1.125   0.7   0.0
   1 1975 358 16521.   3.7  16.6   0.885   0.6   0.0
   1 1975 359 15399.  10.1  20.8   0.752   1.0   0.0
   1 1975 360 10291.  13.3  21.5   0.891   3.6  10.0
   1 1975 361 13766.  18.1  17.0   0.819   2.5   0.0
   1 1975 362 14478.   9.9  16.4   0.968   2.7   0.0
   1 1975 363 13050.   9.9  15.9   1.002   2.5   0.0
   1 1975 364 13356.   9.8  15.4   1.058   2.1  16.0
   1 1975 365  7741.   9.8  14.4   1.296   1.4   0.0
