*---------------------------------------------------------------------------*
* Station name: Gilat (Migda), Israel
* Year: 1976
* Author: Peter Uithol                                     -99.000: NIL VALUE
* Source: Ungar, E., 1981. Meteo data Migda/Gilat
* Comments: Summer data (May-September) missing.
*           Rainfall from Gilat, from March 13 to September missing.
* Longitude: 43 40 E, latitude: 31 20 N, altitude: 150. m.
*
* Column  Daily value
* 1       station number
* 2       year
* 3       day
* 4       irradiation                   (kJ m-2 d-1)
* 5       minimum temperature           (degrees Celsius)
* 6       maximum temperature           (degrees Celsius)
* 7       early morning vapour pressure (kPa)
* 8       mean wind speed (height: 2 m) (m s-1)
* 9       precipitation                 (mm d-1)
*---------------------------------------------------------------------------*
  43.67  31.33   150. 0.00 0.00
   1 1976   1 14989.   7.6  16.7   1.037   1.3   0.0
   1 1976   2 16316.   6.5  16.4   0.955   0.6   0.0
   1 1976   3 11212.   8.1  15.1   0.975   1.0   0.0
   1 1976   4 15399.   7.0  16.9   1.037   1.3   0.0
   1 1976   5 16421.   7.4  16.8   0.848   1.2   0.0
   1 1976   6 15194.   9.6  13.7   0.995   2.3   0.0
   1 1976   7 15399.   5.3  15.5   0.819   1.5   0.0
   1 1976   8 14377.   4.4  16.8   0.780   0.8   0.0
   1 1976   9 16827.   8.7  19.4   1.073   0.6   0.0
   1 1976  10 16421.   5.5  17.2   0.802   0.5   0.0
   1 1976  11 15805.   6.3  16.7   0.961   0.7   0.0
   1 1976  12 13356.   8.9  16.2   0.982   1.5   0.0
   1 1976  13 15604.  10.4  15.9   1.204   3.2   0.0
   1 1976  14 16521.   5.1  15.6   0.785   1.5   0.0
   1 1976  15 15910.   4.6  19.3   0.796   0.6   0.0
   1 1976  16 13766.  15.6  29.1   0.458   2.4   0.0
   1 1976  17 17338.   8.5  19.1   0.808   1.0   0.0
   1 1976  18 18870.   7.5  16.2   0.736   1.6   0.0
   1 1976  19 16215.   5.6  14.8   0.671   2.5   0.0
   1 1976  20 18769.   3.2  15.5   0.696   0.8   0.0
   1 1976  21 18053.   4.2  15.2   0.611   0.9   0.0
   1 1976  22 17543.   2.9  15.3   0.742   0.8   0.0
   1 1976  23 17748.   5.5  16.4   0.819   1.0   0.0
   1 1976  24 16115.   9.0  15.1   1.023   2.4   5.0
   1 1976  25 19176.   4.5  19.2   1.009   1.1   0.0
   1 1976  26 19992.   5.7  20.3   0.676   0.7   0.0
   1 1976  27 20097.  10.0  21.8   0.676   1.3   0.0
   1 1976  28 19586.  11.7  24.9   0.676   2.2   0.0
   1 1976  29 16726.  10.5  17.0   1.066   1.0   0.0
   1 1976  30 18359.   8.7  15.9   1.030   1.3   6.0
   1 1976  31 14683.   8.1  15.1   1.023   1.4   0.0
   1 1976  32 17748.   7.3  17.5   0.916   1.2   0.0
   1 1976  33 16622.   6.5  20.5   0.819   0.6   0.0
   1 1976  34  9270.   8.1  23.7   0.813   1.8   4.0
   1 1976  35 17442.   7.3  16.8   0.802   1.2   0.0
   1 1976  36 14273.   8.7  16.6   0.903   1.4   0.0
   1 1976  37 14377.   9.4  17.0   1.103   1.5   0.0
   1 1976  38 18970.  10.4  22.0   0.916   0.9   0.0
   1 1976  39 15500.   9.5  19.1   0.831   1.4   0.0
   1 1976  40  6515.  11.1  12.5   1.262   1.1  11.0
   1 1976  41  6820.   4.9   8.3   0.747   4.2   0.0
   1 1976  42 13255.   5.4  11.7   0.808   2.2   0.0
   1 1976  43 17643.   5.9  13.2   0.736   1.1   0.0
   1 1976  44 21014.   2.9  15.4   0.785   0.7   0.0
   1 1976  45 19280.   2.8  18.8   0.780   0.6   0.0
   1 1976  46 21424.   8.2  17.4   0.848   0.7   0.0
   1 1976  47 18870.   4.4  16.4   1.016   0.7   0.0
   1 1976  48 19481.   5.4  17.4   0.968   0.9   0.0
   1 1976  49 15500.   3.1  16.9   0.910   0.7   0.0
   1 1976  50 24690.   6.0  20.2   0.922   0.8   0.0
   1 1976  51 24690.   6.5  18.8   1.164   0.9   0.0
   1 1976  52 20097.   7.0  21.2   0.955   1.3   0.0
   1 1976  53 21319.   6.2  17.8   2.040   1.3   0.0
   1 1976  54 16931.   5.3  15.7   1.002   1.0  14.0
   1 1976  55 10396.   7.1  11.2   0.995   1.6  26.0
   1 1976  56 13867.   4.8  13.7   0.922   2.5   0.0
   1 1976  57 17442.   3.6  12.4   0.836   1.7   0.0
   1 1976  58 15805.   2.3  11.4   0.819   1.7  13.0
   1 1976  59 10291.   3.0  13.5   1.016   1.2   0.0
   1 1976  60 20913.   4.2  12.2   0.611   0.8   0.0
   1 1976  61 22240.   0.5  11.5   1.964   1.6   0.0
   1 1976  62 24589.   0.2  14.0   0.527   0.8   0.0
   1 1976  63 25711.   1.5  17.0   0.559   1.0   0.0
   1 1976  64 24995.   0.5  16.9   0.942   0.6   0.0
   1 1976  65 20708.   4.8  16.6   1.073   1.0   0.0
   1 1976  66 23262.   5.5  17.8   1.103   1.2   0.0
   1 1976  67 24078.   5.2  20.5   0.836   0.7   0.0
   1 1976  68 19481.   6.0  26.3   0.747   0.6   0.0
   1 1976  69 20607.   8.2  18.8   1.228   1.4   0.0
   1 1976  70 21118.   9.3  18.2   1.253   1.0  15.0
   1 1976  71 22140.   4.7  24.1   0.611   0.9   0.0
   1 1976  72 14478.  12.6  18.8   0.051   3.0 -99.0
   1 1976  73 11212.  11.6  14.8   1.685   2.1 -99.0
   1 1976  74 19586.   8.0  15.7   1.156   2.9 -99.0
   1 1976  75 21319.   7.6  21.2   0.774   1.3 -99.0
   1 1976  76 14683.  10.6  17.6   1.740   1.9 -99.0
   1 1976  77 21118.   9.2  18.3   1.023   2.2 -99.0
   1 1976  78 26733.   7.3  21.4   0.929   0.6 -99.0
   1 1976  79 19481.  11.3  21.1   1.855   1.5 -99.0
   1 1976  80 15604.  10.2  16.1   1.133   1.6 -99.0
   1 1976  81 21319.   9.2  18.3   0.982   2.7 -99.0
   1 1976  82 18259.   6.7  22.6   0.716   1.0 -99.0
   1 1976  83 21424.  13.8  24.8   1.023   1.7 -99.0
   1 1976  84 22546.   9.0  21.2   1.376   1.1 -99.0
   1 1976  85 24384.  11.2  25.8   1.631   0.9 -99.0
   1 1976  86 23362.   8.4  28.1   1.331   0.8 -99.0
   1 1976  87 25816.  12.0  26.8   1.279   1.0 -99.0
   1 1976  88 26327.  10.5  22.6   1.441   1.0 -99.0
   1 1976  89 22240.   6.5  28.4   0.842   0.8 -99.0
   1 1976  90 26327.  21.4  28.8   0.620   2.1 -99.0
   1 1976  91  4982.  13.6  27.7   1.023   1.3 -99.0
   1 1976  92 22341.  11.3  23.3   1.349   0.9 -99.0
   1 1976  93 24895.  10.3  22.1   1.412   1.1 -99.0
   1 1976  94 25916.  19.0  21.2   0.696   0.9 -99.0
   1 1976  95 21729.   8.4  20.4   1.287   0.8 -99.0
   1 1976  96 14377.   9.3  17.3   1.358   1.3 -99.0
   1 1976  97 18665.   8.8  19.1   1.296   1.8 -99.0
   1 1976  98 25611.  10.7  21.8   1.358   1.4 -99.0
   1 1976  99 28165.   8.5  27.8   1.051   1.3 -99.0
   1 1976 100 16726.  18.9  31.4   0.629   1.6 -99.0
   1 1976 101 24078.  15.0  23.0   1.331   2.0 -99.0
   1 1976 102 19992.   7.4  27.7   0.866   1.3 -99.0
   1 1976 103 15194.  18.5  25.3   1.518   1.8 -99.0
   1 1976 104 22546.  15.1  23.0   1.441   1.0 -99.0
   1 1976 105 25100.   9.0  27.6   1.349   1.7 -99.0
   1 1976 106 19075.  16.8  38.4   1.322   1.7 -99.0
   1 1976 107 16622.  18.6  23.5   1.450   3.3 -99.0
   1 1976 108 26833.  11.0  21.0   1.367   2.7 -99.0
   1 1976 109 19791.  10.7  20.8   1.237   1.7 -99.0
   1 1976 110 23362.   9.8  20.7   1.253   2.2 -99.0
   1 1976 111 23978.   9.2  27.1   1.287   1.7 -99.0
   1 1976 112 28060.  17.5  28.0   0.961   1.0 -99.0
   1 1976 113 25916.   6.2  23.1   1.479   1.6 -99.0
   1 1976 114 27344.  10.2  25.6   1.148   1.5 -99.0
   1 1976 115 24995.  12.1  24.0   1.270   1.6 -99.0
   1 1976 116 29693.   7.2  31.1   0.791   1.2 -99.0
   1 1976 117 31020.  12.4  36.9   0.543   1.2 -99.0
   1 1976 118 30103.  21.6  38.3   0.454   1.9 -99.0
   1 1976 119 22035.  17.8  23.4   1.879   2.1 -99.0
   1 1976 120 24690.  10.3  24.4   1.296   1.3 -99.0
   1 1976 121 24895.   8.4  26.4   1.376   1.0 -99.0
   1 1976 122 26528.  14.4  27.1   1.610   1.0 -99.0
   1 1976 123 25916.  10.6  26.7   1.620   1.3 -99.0
   1 1976 124 27754.  12.9  30.5   1.751   1.0 -99.0
   1 1976 125 23978.  16.7  28.9   1.820   1.4 -99.0
   1 1976 126 28671.  15.2  27.5   0.878   1.2 -99.0
   1 1976 127 22240.  14.6  29.4   1.044   1.2 -99.0
   1 1976 128 27549.  10.9  33.3   0.808   1.0 -99.0
   1 1976 129 18053.  17.4  31.2   0.701   1.1 -99.0
   1 1976 130 27449.  21.8  30.6   1.088   1.5 -99.0
   1 1976 131 28776.  17.0  28.7   1.740   1.9 -99.0
   1 1976 132 19176.  13.8  30.8   1.620   1.4 -99.0
   1 1976 133 26528.  20.9  29.3   1.358   1.6 -99.0
   1 1976 134 24283.  13.5  30.6   1.412   1.6 -99.0
   1 1976 135 29287.  14.1  23.6   1.785   2.4 -99.0
   1 1976 136 28165.  12.8  26.4   1.518   1.5 -99.0
   1 1976 137 27038.  11.6  29.2   1.270   1.5 -99.0
   1 1976 138 22956.  15.9  29.9   1.903   1.5 -99.0
   1 1976 139 21118.  17.5  33.0   1.164   1.1 -99.0
   1 1976 140 26733.  20.4  28.6   1.508   2.6 -99.0
   1 1976 141 23978.  15.8  27.3   1.469   2.0 -99.0
   1 1976 142 29898.  14.8  26.2   1.340   2.0 -99.0
   1 1976 143 31330.  14.1  27.2   1.110   1.9 -99.0
   1 1976 144 30409.  13.7  30.4   1.066   1.7 -99.0
   1 1976 145 27959.  15.8  30.8   0.995   1.7 -99.0
   1 1976 146 28776.  12.5  28.0   1.831   1.5 -99.0
   1 1976 147 27754.  15.2  30.9   0.638   1.5 -99.0
   1 1976 148 22240.  21.1  24.7   1.441   1.9 -99.0
   1 1976 149 21424.  11.9  26.2   1.403   1.4 -99.0
   1 1976 150 23873.  19.5  26.9   1.499   1.3 -99.0
   1 1976 151 28776.  11.0  28.2   0.747   1.3 -99.0
   1 1976 152 27143.  10.5  28.6   1.729   1.2 -99.0
   1 1976 274  9579.  16.1  29.1   1.879   1.1   0.0
   1 1976 275 17442.  19.2  29.2   1.989   0.9   0.0
   1 1976 276 25406.  15.2  29.4   2.092   0.9   0.0
   1 1976 277 18259.  14.6  29.6   1.579   1.3   0.0
   1 1976 278 21219.  18.3  30.7   2.213   0.8   0.0
   1 1976 279 21424.  17.2  33.1   2.186   0.8   0.0
   1 1976 280 21629.  19.6  34.1   1.717   1.0   0.0
   1 1976 281 21524.  17.4  35.2   1.620   1.1   0.0
   1 1976 282 21524.  18.2  32.8   2.105   1.3   0.0
   1 1976 283 20808.  18.2  29.8   1.977   1.0   0.0
   1 1976 284 21524.  16.8  29.6   1.820   0.9   0.0
   1 1976 285 21014.  15.9  34.2   1.304   1.1   0.0
   1 1976 286 16521.  21.4  30.7   1.331   1.6   0.0
   1 1976 287 18154.  19.1  29.1   2.132   1.3   0.0
   1 1976 288 28165.  18.7  36.0   1.479   1.4   0.0
   1 1976 289 21729.  18.2  31.2   2.159   2.1   0.0
   1 1976 290 22546.  16.4  29.1   1.706   0.8   0.0
   1 1976 291 20197.  13.7  27.9   1.808   1.0   0.0
   1 1976 292 20197.  16.4  34.8   1.331   1.3   0.0
   1 1976 293 18769.  17.7  27.7   1.891   1.9   0.0
   1 1976 294 19481.  16.3  28.3   1.412   1.7   0.0
   1 1976 295 20913.  13.6  29.9   1.313   1.1   0.0
   1 1976 296 15705.  17.2  33.2   1.499   1.4   0.0
   1 1976 297 18053.  19.8  27.5   1.148   2.2   0.0
   1 1976 298 15294.  16.4  24.9   1.394   2.9   8.0
   1 1976 299 14888.  16.5  25.7   1.808   2.0   0.0
   1 1976 300 20197.  13.3  26.5   1.528   1.3   0.0
   1 1976 301 17032.  16.8  28.4   1.172   1.8   0.0
   1 1976 302 27654.  14.7  24.4   1.685   2.1   0.0
   1 1976 303 17237.  15.3  24.8   1.558   1.5   5.0
   1 1976 304 19992.  12.3  30.4   1.030   1.3   0.0
   1 1976 305 19586.  18.0  30.2   0.701   1.1   0.0
   1 1976 306 20503.  19.8  31.9   0.555   1.9   0.0
   1 1976 307 20503.  15.4  35.2   0.633   1.5   0.0
   1 1976 308 19176.  15.2  32.2   0.568   1.0   0.0
   1 1976 309 18970.  11.0  25.0   0.559   0.8   0.0
   1 1976 310 21014.  13.2  30.4   1.717   0.9   0.0
   1 1976 311 18359.  14.8  28.1   1.499   1.1   0.0
   1 1976 312 18359.  13.4  27.0   1.831   0.7   0.0
   1 1976 313 16827.  15.2  25.2   1.879   0.8   0.0
   1 1976 314 17237.  13.5  24.9   1.642   0.9   0.0
   1 1976 315 14989.  12.0  23.0   1.518   0.7   0.0
   1 1976 316 24078.  11.4  26.2   1.403   0.9   0.0
   1 1976 317  8047.  12.4  24.9   1.088   0.9   0.0
   1 1976 318 16010.  14.1  26.6   1.762   0.3   0.0
   1 1976 319 16931.  13.8  26.7   1.270   0.8   0.0
   1 1976 320 17338.  15.6  26.7   1.304   1.1   0.0
   1 1976 321 16827.  14.0  26.7   1.796   0.7   0.0
   1 1976 322 14583.  12.5  26.4   1.287   1.0   0.0
   1 1976 323 14683.  10.4  28.4   0.854   0.8   0.0
   1 1976 324  9885.  17.4  29.6   1.304   1.8   0.0
   1 1976 325 14072.  11.3  27.2   1.304   0.6   0.0
   1 1976 326 13356.  12.8  21.2   1.558   0.8   0.0
   1 1976 327 16010.  11.6  22.3   1.156   1.4   0.0
   1 1976 328 12845.  12.0  19.0   0.747   2.1   0.0
   1 1976 329 12234.  11.8  20.0   0.842   4.0   0.0
   1 1976 330 14072.  11.0  20.0   0.836   2.5   0.0
   1 1976 331 14683.  13.2  16.5   0.752   2.6   0.0
   1 1976 332  8558.   9.5  14.5   0.968   4.4   0.0
   1 1976 333  9069.  10.8  17.6   1.279   2.1   0.0
   1 1976 334 12745.  10.5  18.1   1.110   1.3   0.0
   1 1976 335 11518.   8.2  18.0   1.066   1.0   0.0
   1 1976 336 13967.   8.2  19.2   1.118   1.7   0.0
   1 1976 337 16115.   6.2  20.2   0.961   1.3   0.0
   1 1976 338 20708.   6.2  24.0   1.110   1.3   0.0
   1 1976 339 16827.   7.7  28.1   0.866   0.5   0.0
   1 1976 340 14478.  12.2  29.1   0.774   1.8   0.0
   1 1976 341  9680.  10.1  18.3   1.002   1.0   0.0
   1 1976 342 14583.  12.2  20.2   1.394   0.6   0.0
   1 1976 343  7942.  10.4  19.2   1.212   1.0   0.0
   1 1976 344 15604.  10.3  17.0   1.340   2.1   0.0
   1 1976 345 15705.   8.4  20.2   1.095   1.4   0.0
   1 1976 346 15294.   6.2  25.0   0.701   0.4   0.0
   1 1976 347 15705.   7.1  24.2   0.752   1.2   0.0
   1 1976 348 14683.   6.8  19.4   0.808   0.6   0.0
   1 1976 349 13967.   6.4  15.2   1.016   1.4   0.0
   1 1976 350 13766.   6.7  19.2   0.885   1.6   0.0
   1 1976 351 18870.   5.9  11.4   1.009   1.0   0.0
   1 1976 352 10597.   7.1  21.1   1.237   1.5   0.0
   1 1976 353 12745.   9.7  15.8   1.385   0.8   0.0
   1 1976 354 13050.   9.1  13.4   1.172   0.9   0.0
   1 1976 355 13967.   8.0  16.8   1.009   0.7   0.0
   1 1976 356 15604.   8.5  20.2   1.148   1.0   0.0
   1 1976 357 13456.   6.9  14.2   0.948   0.7   0.0
   1 1976 358 13766.   9.9  13.0   0.854   0.8   0.0
   1 1976 359 13766.   9.8  13.0   1.188   1.8   0.0
   1 1976 360 14072.   6.9  18.2   0.681   1.5   0.0
   1 1976 361 14377.   6.1  20.2   0.758   2.0   0.0
   1 1976 362 12845.   6.6  23.2   0.624   0.9   0.0
   1 1976 363 13662.   7.5  15.1   1.037   2.3   0.0
   1 1976 364 12334.   8.5  16.0   1.037   2.0   0.0
   1 1976 365  9986.   8.3  15.8   1.037   7.0   0.0
