*---------------------------------------------------------------------------*
* Station name: Gilat (Migda), Israel
* Year: 1974
* Author: Peter Uithol                                     -99.000: NIL VALUE
* Source: Ungar, E., 1981. Meteo data Migda/Gilat
* Comments: Summer data (May-September) missing.
*           Constant irradiation data in December.
*           Rainfall from Gilat.
* Longitude: 43 40 E, latitude: 31 20 N, altitude: 150. m.
*
* Column  Daily value
* 1       station number
* 2       year
* 3       day
* 4       irradiation                   (kJ m-2 d-1)
* 5       minimum temperature           (degrees Celsius)
* 6       maximum temperature           (degrees Celsius)
* 7       early morning vapour pressure (kPa)
* 8       mean wind speed (height: 2 m) (m s-1)
* 9       precipitation                 (mm d-1)
*---------------------------------------------------------------------------*
  43.67  31.33   150. 0.00 0.00
   1 1974   1 15701.   3.4  17.5   0.629   0.3   0.0
   1 1974   2 17543.   8.4  19.0   0.910   0.5   0.0
   1 1974   3 14821.   8.8  19.6   0.543   0.8   0.0
   1 1974   4 15198.   8.7  20.5   0.652   0.4   0.0
   1 1974   5 15701.   5.9  19.0   0.813   1.7   0.0
   1 1974   6  8039.   8.9  15.5   1.002   0.6   6.0
   1 1974   7 12644.   8.5  14.5   1.051   1.0   0.0
   1 1974   8 15198.   7.5  17.0   0.752   0.8   0.0
   1 1974   9 12644.   8.2  16.0   1.103   1.3   0.0
   1 1974  10 11095.  11.6  15.8   1.009   1.0   0.0
   1 1974  11 18213.   9.6  19.3   0.955   0.2   0.0
   1 1974  12 18757.  11.6  21.2   0.752   0.6   0.0
   1 1974  13 16203.   6.0  17.2   0.671   1.0   0.0
   1 1974  14 11095.   8.0  13.2   0.955   1.4   0.0
   1 1974  15 10509.   6.5  14.0   0.916   1.0  30.0
   1 1974  16 12058.   7.7  14.0   0.955   1.0   0.0
   1 1974  17  8750.   7.1   9.9   0.752   2.0  19.0
   1 1974  18  9085.  11.6  13.7   0.842   0.7   0.0
   1 1974  19 13523.   6.2  19.5   0.752   1.1   0.0
   1 1974  20 12644.   8.0  14.4   0.935   1.4   0.0
   1 1974  21 10844.   6.3  13.6   0.825   0.6   0.0
   1 1974  22  9672.   5.8  10.5   0.872   0.8   0.0
   1 1974  23  7118.   5.3   5.6   0.752   0.3   0.0
   1 1974  24 12225.   3.6  13.2   0.701   0.8  64.0
   1 1974  25 11095.   7.5  15.7   0.716   0.3   0.0
   1 1974  26 10174.   6.0  11.6   0.819   0.4   0.0
   1 1974  27  9378.   8.9  13.6   0.836   0.5   0.0
   1 1974  28 13356.   7.0  14.5   0.935   0.5   0.0
   1 1974  29 18966.   4.9  17.5   0.763   0.4   0.0
   1 1974  30 15701.   6.8  14.7   0.955   0.5   0.0
   1 1974  31  8164.   8.1  12.4   0.819   1.1   0.0
   1 1974  32 11556.   3.5  11.1   0.813   0.3  36.0
   1 1974  33 11095.   2.3  11.8   0.661   0.4   0.0
   1 1974  34 20013.   1.5  15.1   0.721   0.2   0.0
   1 1974  35 19678.   3.0  16.0   0.716   0.2   0.0
   1 1974  36 20180.   2.8  18.6   0.726   0.3   0.0
   1 1974  37 16412.   4.7  18.6   0.819   0.2   0.0
   1 1974  38 18213.   6.8  17.2   0.955   0.3   0.0
   1 1974  39 20306.   5.8  19.5   1.023   0.4   0.0
   1 1974  40 20306.   5.8  21.6   0.922   0.9   0.0
   1 1974  41 19804.   9.2  19.4   1.044   0.4   0.0
   1 1974  42  9504.   8.7  12.4   1.088   0.9   0.0
   1 1974  43 12770.   8.8  15.1   1.009   1.5  55.0
   1 1974  44 16496.   9.8  16.8   1.088   0.8   3.0
   1 1974  45 18422.   8.6  16.9   1.073   0.4   0.0
   1 1974  46  3014.   6.2  20.3   1.196   0.4   0.0
   1 1974  47 22106.   8.5  21.3   0.813   0.9   0.0
   1 1974  48 17208.  10.2  17.5   1.253   0.8   0.0
   1 1974  49 20097.   8.8  17.8   1.304   0.4   0.0
   1 1974  50 22316.   3.8  20.9   0.752   0.3   0.0
   1 1974  51 21897.   7.5  24.3   0.808   0.9   0.0
   1 1974  52 20808.  13.2  18.4   1.441   0.5   0.0
   1 1974  53  3475.   7.2  19.1   1.016   0.3   0.0
   1 1974  54  3977.   8.3  23.6   1.009   0.4   0.0
   1 1974  55 11639.  14.2  22.0   0.516   1.4  15.0
   1 1974  56 19804.  11.0  20.0   1.009   0.5   0.0
   1 1974  57 22860.  10.0  18.7   0.935   0.8   0.0
   1 1974  58 22316.   5.5  19.0   0.935   0.4   0.0
   1 1974  59 17208.   9.5  15.8   1.044   1.7   4.0
   1 1974  60 17208.   8.2  16.0   0.955   1.4   0.0
   1 1974  61 16203.   7.0  15.0   1.088   0.6   0.0
   1 1974  62 19804.   4.5  16.4   0.910   0.6   0.0
   1 1974  63 17710.   5.0  17.0   1.030   0.7   0.0
   1 1974  64 20306.   5.4  18.0   0.961   0.4   0.0
   1 1974  65 17208.   8.4  19.5   1.080   0.3   0.0
   1 1974  66 18757.   7.0  20.5   1.228   0.4   0.0
   1 1974  67 16412.  10.0  20.0   1.394   0.3   0.0
   1 1974  68 18548.  10.0  20.0   1.589   0.5   0.0
   1 1974  69 17710.   6.0  25.2   1.385   0.7   0.0
   1 1974  70 20683.  15.2  30.5   1.228   0.3   0.0
   1 1974  71 16203.  16.0  27.0   1.376   0.2   0.0
   1 1974  72 20934.  21.5  30.2   1.164   0.8   0.0
   1 1974  73 15701.  19.1  27.3   1.270   0.4  10.0
   1 1974  74 23111.  18.8  23.7   1.729   0.5   0.0
   1 1974  75  8164.  15.0  17.6   1.751   0.4   0.0
   1 1974  76 15198.   8.5  20.2   0.897   0.5   0.0
   1 1974  77 18087.   9.8  12.2   0.955   0.5   0.0
   1 1974  78 20390.   5.9  18.8   1.188   0.6   0.0
   1 1974  79 16203.   8.5  17.4   1.296   0.5  11.0
   1 1974  80 25372.   5.8  19.2   1.066   0.4   0.0
   1 1974  81 29684.   6.5  20.8   1.212   0.3   0.0
   1 1974  82 20934.  10.2  19.1   1.358   0.6   0.0
   1 1974  83 23530.   8.9  21.2   1.431   0.5   0.0
   1 1974  84 20306.   9.0  20.6   1.172   0.3   0.0
   1 1974  85 18757.  14.0  20.2   1.385   0.3   0.0
   1 1974  86 26921.   7.9  24.0   1.322   0.3   0.0
   1 1974  87  4271.  10.8  29.0   1.066   0.7   0.0
   1 1974  88  3643.  15.3  23.7   1.450   0.7   0.0
   1 1974  89 30480.  11.2  22.0   1.631   0.4   0.0
   1 1974  90 24870.  11.4  22.2   1.385   0.3   0.0
   1 1974  91  4312.   8.8  29.2   0.975   0.6   0.0
   1 1974  92 15701.  20.8  25.4   0.666   0.6   0.0
   1 1974  93 17920.  13.4  19.4   1.331   0.8   0.0
   1 1974  94 14361.  11.0  17.4   1.133   0.9   5.0
   1 1974  95 16705.   9.8  18.1   1.002   0.9   0.0
   1 1974  96 24660.   8.1  21.0   1.066   0.4   0.0
   1 1974  97 25916.   8.0  31.0   1.322   1.2   0.0
   1 1974  98 19259.  15.3  20.1   1.228   1.1   4.0
   1 1974  99 17208.  11.3  17.6   1.228   1.1   0.0
   1 1974 100 10174.   9.8  15.0   1.148   0.5  32.0
   1 1974 101 21520.   7.7  17.9   1.245   0.6   0.0
   1 1974 102 25372.   9.1  27.0   1.058   0.9   0.0
   1 1974 103 27214.  15.1  27.1   1.088   0.8   0.0
   1 1974 104 29475.  14.7  32.1   1.073   0.6   0.0
   1 1974 105 19594.  17.5  35.5   0.948   0.9   0.0
   1 1974 106 22023.  14.7  24.8   1.751   0.4   0.0
   1 1974 107 25372.  13.0  26.9   1.538   0.5   0.0
   1 1974 108 24451.  14.0  30.7   1.103   0.8   0.0
   1 1974 109  4480.  11.5  22.4   1.412   0.5   0.0
   1 1974 110 24953.   9.1  24.1   1.610   0.4   0.0
   1 1974 111 25916.  10.5  36.7   0.752   0.9   0.0
   1 1974 112 17920.  12.0  24.5   1.589   0.4   0.0
   1 1974 113 24283.  11.4  21.0   1.296   0.8   0.0
   1 1974 114 24953.   9.2  22.8   1.279   0.3   0.0
   1 1974 115 15826.   8.2  27.2   1.110   0.2   0.0
   1 1974 116 24660.  23.7  26.4   1.095   1.1   0.0
   1 1974 117 20515.  15.1  22.1   1.579   0.7   0.0
   1 1974 118 28470.  10.9  23.4   1.228   0.4   0.0
   1 1974 119 27926.  10.6  27.0   1.412   0.4   0.0
   1 1974 120 26419.  12.5  32.8   0.897   0.3   0.0
   1 1974 274 20808.  16.0  28.0   1.891   1.9   0.0
   1 1974 275 20607.  15.3  28.7   1.891   1.5   0.0
   1 1974 276 22445.  12.1  29.0   1.569   1.7   0.0
   1 1974 277 21319.  15.3  29.4   2.255   1.6   0.0
   1 1974 278 22035.  12.0  29.3   1.964   1.5   0.0
   1 1974 279 23262.  16.4  32.0   1.964   1.8   0.0
   1 1974 280 21014.  20.7  33.0   2.298   1.4   0.0
   1 1974 281 21118.  21.0  30.1   2.298   1.9   0.0
   1 1974 282 18564.  16.8  26.8   2.105   1.4   0.0
   1 1974 283 19381.  17.2  27.4   1.774   1.4   0.0
   1 1974 284 19891.  16.0  27.8   1.796   1.2   0.0
   1 1974 285 22852.  16.0  25.4   1.695   1.4   0.0
   1 1974 286 18870.  15.5  27.4   1.939   1.4   0.0
   1 1974 287 19791.  15.3  27.5   1.867   1.4   0.0
   1 1974 288 19791.  15.5  28.5   1.977   1.9   0.0
   1 1974 289 25100.  17.0  36.0   1.939   1.4   0.0
   1 1974 290 23873.  15.2  37.0   1.358   1.3   0.0
   1 1974 291 25100.  16.5  37.0   0.922   1.4   0.0
   1 1974 292 19075.  16.4  34.0   0.747   1.2   0.0
   1 1974 293 22341.  18.3  32.0   2.132   1.4   0.0
   1 1974 294 23362.  16.2  36.2   1.279   1.9   0.0
   1 1974 295 20607.  21.0  34.3   0.785   1.4   0.0
   1 1974 296 15705.  18.0  30.8   2.079   1.4   0.0
   1 1974 297 19791.  18.2  29.0   1.989   1.4   0.0
   1 1974 298 19075.  16.0  28.4   1.977   1.5   0.0
   1 1974 299 19891.  13.5  31.2   1.237   2.5   0.0
   1 1974 300 20808.  12.9  29.8   1.253   0.9   0.0
   1 1974 301 15093.  20.5  29.5   1.385   1.0   0.0
   1 1974 302 17132.  21.6  35.2   0.691   0.8   0.0
   1 1974 303 18259.  16.8  27.8   2.159   1.5   0.0
   1 1974 304 20503.   9.9  29.1   1.296   1.5   0.0
   1 1974 305 20503.  14.8  30.4   1.508   1.3   0.0
   1 1974 306 15194.  17.2  24.3   1.245   2.0   0.0
   1 1974 307 10086.  14.0  22.7   1.569   1.2   0.0
   1 1974 308 17237.  13.8  24.2   1.518   1.3   0.0
   1 1974 309 19992.  11.2  25.4   1.245   1.1   0.0
   1 1974 310 15194.  12.1  26.6   1.479   1.2   0.0
   1 1974 311 16726.  11.8  25.6   1.589   1.5   0.0
   1 1974 312 19280.  12.2  28.2   0.842   1.0   0.0
   1 1974 313 18970.  16.5  29.3   1.188   0.9   0.0
   1 1974 314 18769.  10.9  27.6   1.204   1.2   0.0
   1 1974 315 18769.  10.5  26.7   1.340   1.3   0.0
   1 1974 316 25711.  10.2  22.5   1.304   1.6   6.0
   1 1974 317 13766.  11.8  21.7   1.296   1.1   0.0
   1 1974 318 17237.  12.8  23.3   1.431   1.1   0.0
   1 1974 319 19791.  10.8  24.0   1.296   1.1   0.0
   1 1974 320 30819.  11.5  24.3   1.148   1.0   0.0
   1 1974 321 13662.  12.5  23.0   1.220   1.4   0.0
   1 1974 322 12129.  12.5  20.5   1.322   1.2   7.0
   1 1974 323 15194.  11.5  20.0   1.499   1.2   0.0
   1 1974 324 16827.   8.7  22.7   1.172   1.1   0.0
   1 1974 325 19280.   9.6  26.4   1.172   0.9   0.0
   1 1974 326 19280.  13.7  26.5   1.508   1.5   0.0
   1 1974 327 15194.  14.0  23.1   1.479   1.8  15.0
   1 1974 328 14172.  13.5  20.2   1.422   1.7   8.0
   1 1974 329 10086.  12.6  19.3   1.460   1.1   0.0
   1 1974 330 14478.  11.0  21.2   1.349   1.0   0.0
   1 1974 331 17748.   9.2  26.0   1.253   1.1   0.0
   1 1974 332 13662.  12.0  20.1   1.620   1.3   3.5
   1 1974 333 14683.  10.4  21.2   1.287   1.0   0.0
   1 1974 334 16726.  10.6  21.0   1.080   0.8   0.0
   1 1974 335 15194.   6.9  20.2   1.188   0.9   0.0
   1 1974 336 17543.   9.4  20.5   1.262   0.9   0.0
   1 1974 337 15705.   9.6  20.7   1.331   1.0   0.0
   1 1974 338 12029.  10.8  17.4   1.270   2.2   0.0
   1 1974 339 10396.   9.4  17.0   1.196   2.6   0.0
   1 1974 340 15194.  10.5  17.7   1.204   1.8  18.0
   1 1974 341 15500.   9.5  19.5   0.982   1.4   0.0
   1 1974 342 14072.   9.2  18.4   0.968   2.0   0.0
   1 1974 343  7536.   9.2  14.6   1.110   2.0  18.0
   1 1974 344 15194.   8.5  16.6   0.961   1.9   0.0
   1 1974 345 12745.   9.0  13.6   1.044   2.5   4.0
   1 1974 346 14172.   8.3  14.7   1.058   1.1   0.0
   1 1974 347 14172.  12.0  17.6   1.044   1.5   0.0
   1 1974 348 14172.  10.2  18.7   0.948   0.8   0.0
   1 1974 349 14172.  10.3  21.3   0.813   1.3   0.0
   1 1974 350 14172.  10.9  18.3   0.802   1.5   0.0
   1 1974 351 14172.   9.8  16.8   0.836   1.7   0.0
   1 1974 352 14172.  10.1  16.7   0.706   1.7   0.0
   1 1974 353 14172.  12.3  17.2   1.080   1.0   7.0
   1 1974 354 14172.  10.4  16.8   0.961   1.8   0.0
   1 1974 355 14172.  11.2  14.5   1.270   1.2   0.0
   1 1974 356 14172.   9.7  15.3   0.897   1.2   0.0
   1 1974 357 14172.   9.5  17.0   0.942   0.7   0.0
   1 1974 358 14172.   9.5  16.2   0.813   0.7   0.0
   1 1974 359 14172.   9.8  16.4   0.878   1.0   0.0
   1 1974 360 14172.  10.4  15.0   0.935   1.0   0.0
   1 1974 361 14172.  10.2  15.2   0.948   0.9   0.0
   1 1974 362 14172.  11.2  16.9   1.023   1.3   0.0
   1 1974 363 14172.  12.4  19.2   0.854   0.7   0.0
   1 1974 364 14172.   9.0  19.8   0.860   2.5   0.0
   1 1974 365 14172.  11.0  18.6   0.922   1.5   0.0
