*---------------------------------------------------------------------------*
* Station name: Gilat (Migda), Israel
* Year: 1980
* Author: Peter Uithol                                     -99.000: NIL VALUE
* Source: Ungar, E., 1981. Meteo data Migda/Gilat
* Comments: Summer data (June-September) missing.
*           Wind speed data from June onwards missing.
*           Rainfall from Gilat.
* Longitude: 43 40 E, latitude: 31 20 N, altitude: 150. m.
*
* Column  Daily value
* 1       station number
* 2       year
* 3       day
* 4       irradiation                   (kJ m-2 d-1)
* 5       minimum temperature           (degrees Celsius)
* 6       maximum temperature           (degrees Celsius)
* 7       early morning vapour pressure (kPa)
* 8       mean wind speed (height: 2 m) (m s-1)
* 9       precipitation                 (mm d-1)
*---------------------------------------------------------------------------*
  43.67  31.33   150. 0.00 0.00
   1 1980   1 16747.   5.2  17.4   0.796   0.9   0.0
   1 1980   2 17040.   7.3  18.0   0.736   1.1   0.0
   1 1980   3 17250.   6.2  18.8   0.848   0.9   0.0
   1 1980   4 13649.   7.2  18.8   0.885   1.0   0.0
   1 1980   5 13649.   6.8  15.3   0.825   3.3  20.0
   1 1980   6  6196.   6.3  11.0   0.825   3.2  17.0
   1 1980   7 14486.   7.4  15.8   0.982   1.5   0.0
   1 1980   8 16412.   3.8  15.6   0.774   0.6   0.0
   1 1980   9 15701.   5.0  15.7   0.836   0.8   0.0
   1 1980  10 12560.   7.1  16.4   0.935   1.2   0.0
   1 1980  11 10174.   8.4  13.7   1.051   0.6   0.0
   1 1980  12 10174.   7.8  15.1   1.016   0.6   1.4
   1 1980  13 17333.   7.0  16.9   0.988   0.6   0.1
   1 1980  14 13984.   8.7  15.8   1.125   1.4   0.5
   1 1980  15 12644.   8.4  14.5   1.023   2.1   0.0
   1 1980  16 17040.   5.2  14.1   0.916   1.4   0.0
   1 1980  17 12142.   6.2  17.1   0.758   1.2   0.0
   1 1980  18 16412.   9.1  17.8   1.228   1.0   0.0
   1 1980  19 16329.   7.0  18.3   0.897   1.0   0.0
   1 1980  20 16915.   5.3  19.0   0.848   1.3   0.0
   1 1980  21 17752.   6.9  17.7   0.903   0.5   0.0
   1 1980  22 17250.   5.0  15.7   0.866   0.8   4.0
   1 1980  23  7034.   7.3   9.6   1.103   1.3  32.8
   1 1980  24 10090.   8.1  11.5   1.002   2.2  31.7
   1 1980  25 14989.   6.5  15.0   0.968   2.0   0.0
   1 1980  26 14905.   8.3  16.3   0.961   1.3   0.0
   1 1980  27 18464.   7.0  17.9   0.752   2.0   0.0
   1 1980  28 19092.   7.1  18.5   0.657   1.5   2.6
   1 1980  29 13356.   9.4  13.8   0.854   2.5   0.0
   1 1980  30 17961.   2.8  12.1   0.711   1.4   0.0
   1 1980  31 19176.   2.5  14.5   0.638   1.1   0.0
   1 1980  32 18171.   2.8  15.6   0.620   0.6   0.0
   1 1980  33 18171.   2.9  15.4   0.681   0.5   0.0
   1 1980  34 16622.   3.0  15.1   0.774   1.3   2.2
   1 1980  35 10174.   7.4  14.5   1.023   1.2   0.0
   1 1980  36 14361.   7.4  16.0   0.935   1.1  11.6
   1 1980  37 13147.   4.1  14.6   0.402   1.7   3.2
   1 1980  38 13272.   4.2  15.1   0.696   0.9   0.0
   1 1980  39 13147.   5.4  15.3   0.929   0.8   0.0
   1 1980  40 13063.   3.7  16.3   0.551   1.0   0.0
   1 1980  41 14696.   6.8  16.6   1.220   0.8   4.0
   1 1980  42 11095.   9.0  15.7   1.270   0.6   4.0
   1 1980  43 17626.   9.3  16.7   1.066   0.9   0.0
   1 1980  44 16915.   7.5  21.6   0.955   1.2   1.0
   1 1980  45 14277.  10.2  16.0   1.148   2.0   6.0
   1 1980  46 12435.  11.2  16.0   1.270   3.5   0.0
   1 1980  47 12351.   9.9  15.4   1.164   1.3   2.0
   1 1980  48 15198.   7.8  14.3   0.961   1.5  10.0
   1 1980  49 10593.   7.6  13.0   0.948   3.1   0.0
   1 1980  50 17459.   6.1  16.4   0.897   1.0   2.0
   1 1980  51 21813.   7.7  17.7   1.051   0.7   7.0
   1 1980  52 22651.   8.3  17.4   1.058   0.7   0.0
   1 1980  53 20934.   7.8  16.6   1.095   1.2   0.0
   1 1980  54 20808.   9.1  16.6   1.180   0.6   0.0
   1 1980  55 12351.  11.0  16.7   1.212   1.2  20.0
   1 1980  56 10090.   8.7  11.4   1.073   1.3   3.0
   1 1980  57 20808.   6.9  15.6   1.023   1.1   0.1
   1 1980  58 13565.   8.0  16.4   1.051   1.0   0.0
   1 1980  59 19469.   9.3  15.5   1.141   1.0   4.0
   1 1980  60 14905.   8.0  14.2   1.103   8.7   0.0
   1 1980  61 20725.   7.0  14.0   0.842   1.2  23.0
   1 1980  62 21520.   4.0   7.0   0.885   1.0  19.0
   1 1980  63 19092.   4.3  13.2   0.866   1.1   0.0
   1 1980  64 24074.   3.2  15.1   0.860   1.6   0.0
   1 1980  65 23572.   2.8  15.8   0.848   0.7   0.0
   1 1980  66 24493.   3.6  17.6   0.961   0.8   0.0
   1 1980  67 21436.   7.0  22.8   1.125   0.7   0.0
   1 1980  68 21520.  13.5  23.5   1.228   1.4   0.0
   1 1980  69 20306.  10.3  19.9   1.450   2.0   0.0
   1 1980  70 24367.   7.1  19.7   1.296   1.0   0.0
   1 1980  71 24367.   5.6  24.9   1.103   1.1   0.0
   1 1980  72 21311.   8.4  17.8   1.058   2.0   0.0
   1 1980  73 21227.   8.0  18.5   1.080   0.9   0.0
   1 1980  74 16203.   5.0  13.5   1.066   1.7   0.3
   1 1980  75 16329.   4.9  14.0   1.073   0.6   0.0
   1 1980  76 24911.   4.5  19.8   1.051   1.1   0.0
   1 1980  77 18464.   8.8  19.9   1.212   1.0   0.0
   1 1980  78 18757.   8.3  17.1   0.988   1.4   0.1
   1 1980  79 19594.   9.0  17.1   1.088   3.0   0.0
   1 1980  80 20306.   7.4  23.2   1.030   1.3   0.0
   1 1980  81 23362.   9.4  20.4   1.412   0.9   0.0
   1 1980  82 23362.   6.5  22.8   1.394   0.9   0.0
   1 1980  83 26921.   6.5  29.6   1.367   1.0   0.0
   1 1980  84 14486.  16.3  29.8   1.080   1.3   0.0
   1 1980  85 25623.  11.8  30.7   1.431   1.6   0.0
   1 1980  86 19385.  16.0  29.4   0.903   1.4   0.0
   1 1980  87  9881.  22.8  27.1   1.204   2.1   0.5
   1 1980  88 22148.   9.6  18.8   1.141   1.5   0.0
   1 1980  89 22232.   8.0  22.0   1.141   1.0   0.0
   1 1980  90 18548.  10.0  26.8   1.156   2.1   0.0
   1 1980  91 19469.  16.5  31.5   1.279   1.5   0.0
   1 1980  92 22232.  18.5  33.4   2.105   0.3   0.4
   1 1980  93 24158.  13.6  23.5   1.600   2.7   0.0
   1 1980  94 20599.  11.7  20.5   1.180   2.1   0.0
   1 1980  95 21729.  10.0  23.0   1.279   2.5   0.0
   1 1980  96 21729.  10.0  27.7   1.030   0.9   0.0
   1 1980  97 23488.   9.9  31.1   0.982   1.4   0.0
   1 1980  98 23572.  13.0  35.0   1.367   0.8   0.0
   1 1980  99 22651.  13.0  24.5   1.663   1.4   0.0
   1 1980 100 26419.  11.0  38.0   1.118   1.3   0.0
   1 1980 101 19469.  15.3  20.8   1.450   3.6   0.0
   1 1980 102 22441.   7.7  20.8   1.212   1.3   0.0
   1 1980 103 22441.   9.0  21.0   1.237   1.4   0.0
   1 1980 104 20934.   7.8  19.5   1.262   1.7   0.0
   1 1980 105 23362.   8.3  19.2   1.156   1.6   3.3
   1 1980 106 16203.   8.0  15.7   0.935   2.2   0.3
   1 1980 107 26084.   6.2  19.5   0.942   1.7   0.0
   1 1980 108 28470.   5.7  23.5   0.929   1.1   0.0
   1 1980 109 25498.   6.8  23.5   1.245   1.1   0.0
   1 1980 110 25623.  12.0  36.0   1.796   1.3   0.0
   1 1980 111 21311.  18.0  38.2   2.014   2.7   0.0
   1 1980 112 21311.  19.5  35.0   1.110   2.1   0.0
   1 1980 113 24577.  10.2  23.2   1.322   1.8   0.0
   1 1980 114 28889.   8.3  28.3   0.961   1.1   0.0
   1 1980 115 24911.  13.2  21.8   1.631   1.5   0.0
   1 1980 116 22148.  10.2  20.6   1.196   1.6   0.0
   1 1980 117 22023.   9.2  23.6   0.995   0.8   0.0
   1 1980 118 20306.   9.2  28.5   0.897   2.0   0.0
   1 1980 119 21729.  18.8  33.8   0.922   2.1   0.0
   1 1980 120 25121.  11.4  21.8   1.489   3.3   0.0
   1 1980 121 26921.   9.6  26.7   1.253   8.7   0.0
   1 1980 122 26628.   7.3  32.2   1.110   4.2   0.0
   1 1980 123 23362.  18.2  39.5   1.751   1.9   0.0
   1 1980 124 23362.  13.0  23.5   1.620   1.2   0.0
   1 1980 125 23865.  11.4  22.5   1.558   3.0   0.0
   1 1980 126 29475.   7.8  25.8   1.431   1.2   0.0
   1 1980 127 30396.   8.0  33.5   1.237   1.1   0.0
   1 1980 128 19301.  20.0  25.6   1.469   1.9   0.0
   1 1980 129 26921.  14.3  27.2   1.469   1.4   0.0
   1 1980 130 25288.  13.2  25.5   1.066   1.4   0.0
   1 1980 131 25205.  10.2  26.3   1.349   1.4   0.0
   1 1980 132 29810.   9.5  27.7   1.469   1.3   0.0
   1 1980 133 23572.  12.5  38.4   1.009   1.6   0.0
   1 1980 134 25498.  15.0  27.4   1.080   3.3   0.0
   1 1980 135 24702.  14.5  21.5   1.237   2.0   0.0
   1 1980 136 25916.   7.8  27.6   1.066   2.8   0.0
   1 1980 137 27675.  10.3  38.0   1.469   1.6   0.0
   1 1980 138 22860.  17.0  38.0   1.548   0.7   0.0
   1 1980 139 25833.  14.0  28.8   1.674   1.8   0.0
   1 1980 140 24911.  13.5  32.9   0.593   1.2   0.0
   1 1980 141 23781.  18.3  41.4   0.785   1.4   0.0
   1 1980 142 23865.  21.0  29.0   1.903   1.5   0.0
   1 1980 143 26335.  14.8  24.3   1.751   2.4   0.0
   1 1980 144 25288.  10.9  24.7   1.228   1.5   0.0
   1 1980 145 25205.   9.0  25.8   1.376   1.2   0.0
   1 1980 146 28973.   9.2  32.5   1.489   1.8   0.0
   1 1980 147 28680.  14.0  30.8   1.600   1.4   0.0
   1 1980 148 29475.  14.3  32.2   1.642   1.8   0.0
   1 1980 149 30396.  11.3  30.6   0.769   1.0   0.0
   1 1980 150 30019.  13.5  31.5   1.620   1.6   0.0
   1 1980 151 30019.  14.3  40.8   1.528   0.8   0.0
   1 1980 152 29601.  20.0  42.0   1.674 -99.0   0.0
   1 1980 274 24384.  19.0  27.4   1.610 -99.0   0.0
   1 1980 275 24384.  25.0  27.4   1.489 -99.0   0.0
   1 1980 276 24384.  15.0  25.5   1.385 -99.0   0.0
   1 1980 277 24384.  13.0  25.5   1.431 -99.0   0.0
   1 1980 278 24384.  12.6  26.5   1.479 -99.0   0.0
   1 1980 279 20097.  13.7  26.7   1.740 -99.0   0.0
   1 1980 280 19891.  18.1  28.8   1.903 -99.0   0.0
   1 1980 281 19686.  17.5  28.4   2.079 -99.0   0.0
   1 1980 282 21424.  15.1  29.0   2.002 -99.0   0.0
   1 1980 283 20913.  14.2  29.0   2.027 -99.0   0.0
   1 1980 284 21935.  14.0  30.0   1.569 -99.0   0.0
   1 1980 285 22852.  14.3  30.6   1.125 -99.0   0.0
   1 1980 286 22341.  15.8  30.6   2.027 -99.0   0.0
   1 1980 287 22956.  13.3  29.5   1.558 -99.0   0.0
   1 1980 288 22445.  14.7  30.8   2.066 -99.0   0.0
   1 1980 289 22341.  14.3  31.5   1.891 -99.0   0.0
   1 1980 290 19381.  16.9  31.5   2.105 -99.0   0.0
   1 1980 291 20607.  16.0  28.4   1.964 -99.0   0.0
   1 1980 292 21830.  16.0  28.4   1.808 -99.0   0.0
   1 1980 293 20808.  15.0  30.5   1.891 -99.0   0.0
   1 1980 294 22341.  13.5  34.8   1.103 -99.0   0.0
   1 1980 295 22140.  17.0  34.8   1.125 -99.0   0.0
   1 1980 296 17032.  17.7  32.3   2.312 -99.0   0.0
   1 1980 297 17132.  15.3  26.2   1.508 -99.0   0.0
   1 1980 298 18665.  17.0  26.2   1.620 -99.0   0.0
   1 1980 299 20097.  15.6  27.0   1.729 -99.0   0.0
   1 1980 300 21629.  13.1  30.3   1.441 -99.0   0.0
   1 1980 301 22546.  15.3  34.5   1.118 -99.0   0.0
   1 1980 302 14172.  17.8  34.5   1.188 -99.0   0.0
   1 1980 303 14172.  18.3  32.4   2.213 -99.0   0.0
   1 1980 304 14172.  17.5  25.1   2.227 -99.0   0.0
   1 1980 305 20097.  13.0  24.8   1.740 -99.0   0.0
   1 1980 306 20402.  11.0  29.4   1.685 -99.0   0.0
   1 1980 307 19686.  13.2  30.2   1.569 -99.0   0.0
   1 1980 308 18665.  19.2  30.2   1.296 -99.0   0.0
   1 1980 309 19280.  15.8  28.5   1.855 -99.0   0.0
   1 1980 310 17643.  15.6  28.5   1.939 -99.0   0.0
   1 1980 311 12946.  15.0  26.4   1.685 -99.0   0.0
   1 1980 312 12946.  13.5  26.4   1.729 -99.0   0.0
   1 1980 313 15194.  13.5  23.8   1.751 -99.0   0.0
   1 1980 314 18769.  13.6  26.7   1.610 -99.0   0.0
   1 1980 315 19891.  11.4  27.6   1.296 -99.0   0.0
   1 1980 316 19791.  13.6  29.2   0.948 -99.0   0.0
   1 1980 317 16622.  12.5  30.4   1.023 -99.0   0.0
   1 1980 318 16622.  15.2  30.4   1.831 -99.0   0.0
   1 1980 319 16115.  10.0  29.0   1.820 -99.0   0.0
   1 1980 320 15500.  10.7  25.0   1.820 -99.0   0.0
   1 1980 321 17237.  13.0  25.2   1.518 -99.0   0.0
   1 1980 322 16521.  11.6  24.7   1.518 -99.0   0.0
   1 1980 323 16010.  12.5  26.3   1.695 -99.0   0.0
   1 1980 324 14377.  10.0  26.3   1.009 -99.0   0.0
   1 1980 325 14478.  14.5  24.5   1.652 -99.0   0.0
   1 1980 326 13456.  13.0  20.0   1.220 -99.0   0.0
   1 1980 327 12334.   9.8  20.4   0.848 -99.0   0.0
   1 1980 328 15705.   7.3  21.5   0.916 -99.0   0.0
   1 1980 329 16622.   7.8  24.0   0.842 -99.0   0.0
   1 1980 330 16726.  12.6  26.1   0.866 -99.0   0.0
   1 1980 331 14683.  13.0  26.1   1.125 -99.0   0.0
   1 1980 332 14989.   9.5  24.3   1.133 -99.0   0.0
   1 1980 333 14888.   8.0  25.4   1.002 -99.0   0.0
   1 1980 334 14784.   7.6  25.4   0.885 -99.0   0.0
   1 1980 335 17237.   6.0  24.5   0.891 -99.0   0.0
   1 1980 336 17338.   6.0  24.6   0.968 -99.0   0.0
   1 1980 337 17032.   8.5  27.3   0.975 -99.0   0.0
   1 1980 338 15705.  15.5  31.5   1.002 -99.0   0.0
   1 1980 339 14172.  13.0  31.5   1.270 -99.0   0.0
   1 1980 340 13561.  12.0  20.7   1.016 -99.0   0.0
   1 1980 341 10907.   9.7  20.7   0.796 -99.0   0.0
   1 1980 342  9780.  11.4  21.5   0.995 -99.0   0.0
   1 1980 343 11108.   7.5  21.2   0.808 -99.0   0.0
   1 1980 344 10701.  10.4  21.2   1.073 -99.0   0.0
   1 1980 345  9579.   6.2  18.6   0.935 -99.0 105.0
   1 1980 346  9579.   7.3  13.5   1.125 -99.0  27.0
   1 1980 347 11212.   8.5  14.0   1.118 -99.0   0.0
   1 1980 348 10396.   9.0  16.0   1.103 -99.0   6.0
   1 1980 349 13766.   9.0  16.0   1.044 -99.0   0.0
   1 1980 350 12334.  10.0  15.2   0.878 -99.0   3.0
   1 1980 351 11007.   6.5  15.2   1.002 -99.0   2.0
   1 1980 352  9579.   5.3  16.0   0.523 -99.0   0.0
   1 1980 353 19176.   6.5  18.2   0.785 -99.0   0.0
   1 1980 354 17442.  11.0  21.6   0.961 -99.0   0.0
   1 1980 355 15399.  10.5  21.6   1.088 -99.0   0.0
   1 1980 356 17748.   7.0  19.0   1.002 -99.0   0.0
   1 1980 357 16215.   7.0  19.4   1.051 -99.0   0.0
   1 1980 358 11007.   7.5  19.5   0.988 -99.0   0.0
   1 1980 359 16726.   7.5  24.4   1.228 -99.0   0.0
   1 1980 360 13151.  14.8  24.4   1.663 -99.0  31.0
   1 1980 361 15294.  15.0  16.5   1.237 -99.0   0.0
   1 1980 362 15399.   8.0  16.3   0.878 -99.0   0.0
   1 1980 363 11108.   8.5  16.3   0.995 -99.0   0.0
   1 1980 364 12640.  10.2  16.0   1.296 -99.0   7.0
   1 1980 365 13151.   5.0  16.0   0.808 -99.0   1.0
