*---------------------------------------------------------------------------*
* Station name: Gilat (Migda), Israel
* Year: 1981
* Author: Peter Uithol                                     -99.000: NIL VALUE
* Source: Ungar, E., 1981. Meteo data Migda/Gilat
* Comments: Summer data (May-September) missing.
*           No wind speed data available.
*           Rainfall from Gilat.
* Longitude: 43 40 E, latitude: 31 20 N, altitude: 150. m.
*
* Column  Daily value
* 1       station number
* 2       year
* 3       day
* 4       irradiation                   (kJ m-2 d-1)
* 5       minimum temperature           (degrees Celsius)
* 6       maximum temperature           (degrees Celsius)
* 7       early morning vapour pressure (kPa)
* 8       mean wind speed (height: 2 m) (m s-1)
* 9       precipitation                 (mm d-1)
*---------------------------------------------------------------------------*
  43.67  31.33   150. 0.00 0.00
   1 1981   1 12640.   5.5  15.5   0.652 -99.0   0.0
   1 1981   2 20808.   8.7  15.5   0.948 -99.0   0.0
   1 1981   3 16931.   8.6  16.1   0.968 -99.0   0.0
   1 1981   4 11928.   8.5  16.7   0.995 -99.0   0.0
   1 1981   5 15294.   8.5  17.5   0.891 -99.0   0.0
   1 1981   6 14888.   5.0  17.5   0.808 -99.0   0.0
   1 1981   7 16115.   7.5  16.3   0.726 -99.0   0.0
   1 1981   8 16726.   4.5  18.8   0.780 -99.0   0.0
   1 1981   9 23773.   3.4  18.8   0.731 -99.0   0.0
   1 1981  10 19481.   4.5  18.9   0.716 -99.0   0.0
   1 1981  11 13151.   5.6  19.0   0.701 -99.0  19.0
   1 1981  12  8863.   7.5  12.5   0.948 -99.0   8.0
   1 1981  13 16115.   8.0  16.0   1.103 -99.0   0.0
   1 1981  14 16421.   5.0  18.0   0.916 -99.0   0.0
   1 1981  15 14989.   9.5  20.0   0.808 -99.0   0.0
   1 1981  16 14072.  12.0  20.0   1.095 -99.0   6.0
   1 1981  17 14273.   9.0  18.3   0.831 -99.0   0.0
   1 1981  18 13662.   6.0  16.5   0.593 -99.0   0.0
   1 1981  19 14172.   5.0  18.0   0.854 -99.0   0.0
   1 1981  20 16115.   6.2  18.0   0.848 -99.0   0.0
   1 1981  21 17543.   5.6  16.8   0.686 -99.0   0.0
   1 1981  22 17237.   4.0  19.2   0.696 -99.0   0.0
   1 1981  23 23668.   8.4  19.2   0.780 -99.0   0.0
   1 1981  24 23668.   6.5  17.7   0.666 -99.0   0.0
   1 1981  25 16316.   4.5  16.2   0.572 -99.0   0.0
   1 1981  26 13867.   6.2  16.2   0.878 -99.0   0.0
   1 1981  27 12435.   7.9  15.7   0.935 -99.0   0.0
   1 1981  28 18053.   7.8  16.8   0.813 -99.0   0.0
   1 1981  29 18769.   4.7  17.0   0.769 -99.0   0.0
   1 1981  30 18053.   4.6  17.3   0.681 -99.0   0.0
   1 1981  31 18564.   4.6  17.3   0.681 -99.0   0.0
   1 1981  32 13050.   3.0  17.2   0.961 -99.0   9.0
   1 1981  33 12129.   7.7  14.6   1.009 -99.0  13.0
   1 1981  34  9270.   8.3  15.0   1.002 -99.0   0.0
   1 1981  35 13967.   6.0  15.8   0.916 -99.0   0.0
   1 1981  36 13151.   6.8  16.3   0.948 -99.0   0.0
   1 1981  37 32552.   5.6  17.5   0.813 -99.0   0.0
   1 1981  38 25506.   5.3  17.9   0.726 -99.0   0.0
   1 1981  39 18359.   5.0  18.2   0.638 -99.0   0.0
   1 1981  40 18053.   7.0  16.0   0.736 -99.0   0.0
   1 1981  41 18970.   4.0  16.0   0.836 -99.0   0.0
   1 1981  42 18259.   5.5  16.4   0.891 -99.0   0.0
   1 1981  43 16215.   6.6  17.2   0.961 -99.0   0.0
   1 1981  44 29287.   5.2  17.5   0.903 -99.0   0.0
   1 1981  45 22240.   5.3  20.5   0.910 -99.0   0.0
   1 1981  46 15093.   5.4  23.5   0.885 -99.0   0.0
   1 1981  47  9986.   9.5  23.5   1.110 -99.0   4.0
   1 1981  48 17442.   6.0  15.5   0.819 -99.0   0.0
   1 1981  49 13662.   9.0  17.5   0.791 -99.0   0.0
   1 1981  50 15194.  11.5  21.2   1.037 -99.0   0.0
   1 1981  51 30409.   8.8  21.2   1.262 -99.0   3.0
   1 1981  52 26427.   6.7  22.4   1.125 -99.0   0.0
   1 1981  53 22341.   4.5  23.6   1.009 -99.0   0.0
   1 1981  54 17032.   9.5  23.6   0.796 -99.0   0.0
   1 1981  55  6921.  12.0  23.7   1.088 -99.0   4.0
   1 1981  56 18769.  10.5  16.8   1.196 -99.0   0.0
   1 1981  57 19586.   7.7  16.8   1.088 -99.0   0.0
   1 1981  58 19586.   4.0  18.5   0.961 -99.0   0.0
   1 1981  59 19586.   4.0  18.5   0.961 -99.0   0.0
   1 1981  60 13662.   8.6  18.7   1.088 -99.0   9.0
   1 1981  61 13151.   7.0  14.2   0.878 -99.0  17.0
   1 1981  62 19280.   7.5  15.0   0.988 -99.0  11.0
   1 1981  63 23978.   4.5  20.8   1.058 -99.0   0.0
   1 1981  64 23873.   8.0  24.5   0.686 -99.0   0.0
   1 1981  65 33063.  13.0  27.0   0.872 -99.0   0.0
   1 1981  66 23157.  10.0  20.5   1.051 -99.0   0.0
   1 1981  67 13151.   6.5  27.0   1.228 -99.0   0.0
   1 1981  68 16421.  10.4  21.0   1.441 -99.0   0.0
   1 1981  69 16215.  12.0  27.5   1.460 -99.0   0.0
   1 1981  70 15910.  13.7  27.5   1.589 -99.0   0.0
   1 1981  71 23362.  10.0  19.5   1.237 -99.0   0.0
   1 1981  72 41847.   9.2  21.7   1.304 -99.0   0.0
   1 1981  73 32247.  12.0  22.1   1.304 -99.0   0.0
   1 1981  74 22646.   9.2  22.4   1.331 -99.0   0.0
   1 1981  75 26427.   5.8  23.5   1.023 -99.0   0.0
   1 1981  76 26938.   8.0  29.4   1.009 -99.0   0.0
   1 1981  77 27959.  11.2  33.5   1.450 -99.0   0.0
   1 1981  78 41742.  18.0  35.0   0.796 -99.0   0.0
   1 1981  79 30103.  12.8  35.0   1.037 -99.0   0.0
   1 1981  80 30103.  12.8  35.0   1.037 -99.0   0.0
   1 1981  81 18460.   7.5  35.0   1.133 -99.0   0.0
   1 1981  82 17338.   8.1  19.5   1.287 -99.0   0.0
   1 1981  83 16726.   6.2  21.5   1.172 -99.0   0.0
   1 1981  84 20298.  12.0  21.5   1.172 -99.0   0.0
   1 1981  85 12334.  11.0  21.5   1.212 -99.0  13.0
   1 1981  86 33574.   8.0  17.8   1.164 -99.0   4.0
   1 1981  87 30204.  10.0  20.2   1.133 -99.0   0.0
   1 1981  88 26733.   6.5  23.0   1.095 -99.0   0.0
   1 1981  89 27143.   5.5  23.5   1.279 -99.0   0.0
   1 1981  90 24384.   5.5  23.8   1.270 -99.0   0.0
   1 1981  91 26222.   5.5  23.0   1.287 -99.0   0.0
   1 1981  92 27654.   2.2  24.5   0.836 -99.0   0.0
   1 1981  93 41864.   5.0  24.8   1.118 -99.0   0.0
   1 1981  94 33779.   6.5  21.0   1.172 -99.0   0.0
   1 1981  95 23157.   7.5  22.0   1.220 -99.0   0.0
   1 1981  96 27038.   6.5  28.0   0.910 -99.0   0.0
   1 1981  97 17032.  15.3  28.7   1.340 -99.0   0.0
   1 1981  98 19481.   9.5  19.6   0.995 -99.0   0.0
   1 1981  99 19686.   7.5  19.5   1.172 -99.0   0.0
   1 1981 100 30920.   5.5  20.0   0.968 -99.0   0.0
   1 1981 101 26528.   7.0  20.0   1.118 -99.0   0.0
   1 1981 102 22140.   7.5  20.0   1.279 -99.0   0.0
   1 1981 103 24895.   6.2  22.5   0.774 -99.0   0.0
   1 1981 104 36739.   6.2  26.2   1.058 -99.0   0.0
   1 1981 105 28776.   9.4  28.6   1.340 -99.0   0.0
   1 1981 106 20808.  12.5  31.0   1.642 -99.0   0.0
   1 1981 107 33880.  11.0  23.0   1.394 -99.0   0.0
   1 1981 108 33880.   9.3  29.0   2.241 -99.0   0.0
   1 1981 109 33880.   9.3  29.0   2.241 -99.0   0.0
   1 1981 110 41864.   7.5  35.5   3.347 -99.0   0.0
   1 1981 111 23773.  13.4  36.4   1.489 -99.0   0.0
   1 1981 112 24895.  15.0  37.0   1.313 -99.0   0.0
   1 1981 113 29492.  23.0  40.0   1.156 -99.0   0.0
   1 1981 114 41864.  21.5  40.0   5.042 -99.0   0.0
   1 1981 115 41864.  14.5  38.3   2.729 -99.0   0.0
   1 1981 116 41864.   7.5  36.5   1.188 -99.0   0.0
   1 1981 117 41864.   9.8  29.0   0.842 -99.0   0.0
   1 1981 118 41864.  13.5  28.5   0.975 -99.0   0.0
   1 1981 119 41864.  11.0  27.4   1.279 -99.0   0.0
   1 1981 120 41864.  12.4  26.4   1.304 -99.0   0.0
   1 1981 121 41864.   9.5  23.0   1.133 -99.0   0.0
   1 1981 122 35412.  10.0  27.8   0.878 -99.0   0.0
   1 1981 123 24895.  10.0  32.6   0.535 -99.0   0.0
   1 1981 124 22445.  22.5  32.5   1.322 -99.0   0.0
   1 1981 125 41864.  11.8  26.5   1.394 -99.0   0.0
   1 1981 126 22341.  11.3  32.5   0.593 -99.0   0.0
   1 1981 127 30308.  11.0  32.5   0.942 -99.0   0.0
   1 1981 128 38171.  10.6  32.5   1.287 -99.0   0.0
   1 1981 129 33779.  10.0  30.4   1.296 -99.0   0.0
   1 1981 130 29287.   9.3  28.2   1.313 -99.0   0.0
   1 1981 131 26733.   9.0  28.5   1.156 -99.0   0.0
   1 1981 132 31125.  14.0  35.5   0.922 -99.0   0.0
   1 1981 133 21319.  23.4  36.0   1.051 -99.0   0.0
   1 1981 134 24589.  13.2  30.8   1.729 -99.0   0.0
   1 1981 135 41864.  10.5  27.5   0.763 -99.0   0.0
   1 1981 136 37045.  11.0  31.5   0.831 -99.0   0.0
   1 1981 137 27959.  11.0  35.4   0.903 -99.0   0.0
   1 1981 138 25816.  19.5  35.5   1.855 -99.0   0.0
   1 1981 139 23467.  14.5  26.0   1.740 -99.0   0.0
   1 1981 140 26017.  12.0  26.4   1.620 -99.0   0.0
   1 1981 141 26938.  13.0  28.4   1.296 -99.0   0.0
   1 1981 142 41864.  11.2  28.4   1.340 -99.0   0.0
   1 1981 143 35517.  10.6  28.1   1.412 -99.0   0.0
   1 1981 144 24895.  10.0  27.7   1.479 -99.0   0.0
   1 1981 145 25506.  10.4  26.4   1.548 -99.0   0.0
   1 1981 146 24179.  14.2  25.5   1.569 -99.0   0.0
   1 1981 147 25916.  12.2  27.2   1.610 -99.0   0.0
   1 1981 148 27754.   9.5  29.6   1.528 -99.0   0.0
   1 1981 149 39498.   9.5  33.0   2.002 -99.0   0.0
   1 1981 150 39498.  12.3  33.0   1.964 -99.0   0.0
   1 1981 151 39498.  15.0  33.0   1.903 -99.0   0.0
   1 1981 274 20503.  17.0  31.3   2.298 -99.0   0.0
   1 1981 275 18564.  17.5  30.6   2.429 -99.0   0.0
   1 1981 276 19992.  17.0  30.0   2.118 -99.0   0.0
   1 1981 277 21319.  17.0  29.5   1.831 -99.0   0.0
   1 1981 278 20298.  18.4  29.7   2.145 -99.0   0.0
   1 1981 279 19992.  15.0  29.7   1.808 -99.0   0.0
   1 1981 280 20913.  15.4  29.4   1.831 -99.0   0.0
   1 1981 281 18665.  15.9  30.5   2.002 -99.0   0.0
   1 1981 282 16316.  16.5  31.5   2.213 -99.0   0.0
   1 1981 283 17032.  16.9  30.9   2.053 -99.0   0.0
   1 1981 284 17748.  17.3  30.2   1.915 -99.0   0.0
   1 1981 285 17132.  17.4  31.1   1.441 -99.0   0.0
   1 1981 286 18970.  17.4  31.1   1.441 -99.0   0.0
   1 1981 287 20808.  17.5  32.0   1.009 -99.0   0.0
   1 1981 288 18769.  10.5  32.0   1.349 -99.0   0.0
   1 1981 289 18053.  11.5  31.0   1.706 -99.0   0.0
   1 1981 290 18154.  13.8  31.5   1.729 -99.0   0.0
   1 1981 291 18259.  16.0  32.0   1.762 -99.0   0.0
   1 1981 292 18053.  14.5  31.5   1.774 -99.0   0.0
   1 1981 293 18665.  13.8  32.4   1.340 -99.0   0.0
   1 1981 294 19280.  13.0  33.2   0.922 -99.0   0.0
   1 1981 295 18460.  16.0  33.2   1.729 -99.0   0.0
   1 1981 296 17032.  18.2  29.5   2.269 -99.0   0.0
   1 1981 297 18154.  16.6  28.8   2.079 -99.0   0.0
   1 1981 298 19280.  15.0  28.0   1.891 -99.0   0.0
   1 1981 299 18259.  15.0  29.0   1.989 -99.0   0.0
   1 1981 300 18259.  15.2  29.4   2.118 -99.0   0.0
   1 1981 301 18769.  17.6  30.5   2.145 -99.0   0.0
   1 1981 302 18359.  19.5  30.5   2.118 -99.0   0.0
   1 1981 303 18359.  20.0  30.0   2.505 -99.0   0.0
   1 1981 304 18359.  20.0  30.0   2.505 -99.0   0.0
   1 1981 305 14683.  14.0  27.5   1.237 -99.0   0.0
   1 1981 306 15194.  14.2  25.5   1.422 -99.0   0.0
   1 1981 307 15705.  12.0  25.5   1.642 -99.0   0.0
   1 1981 308 14784.  15.2  24.8   1.548 -99.0   5.0
   1 1981 309 10802.  16.0  23.7   1.589 -99.0  13.0
   1 1981 310 14478.  10.1  21.5   1.237 -99.0   0.0
   1 1981 311 15500.  10.0  23.2   1.287 -99.0   0.0
   1 1981 312 16421.  10.0  24.8   1.349 -99.0   0.0
   1 1981 313 16215.  14.0  24.5   1.479 -99.0   0.0
   1 1981 314 18053.  14.0  27.0   1.118 -99.0   0.0
   1 1981 315 16215.  15.0  27.0   1.600 -99.0   0.0
   1 1981 316 15705.  13.0  23.8   1.118 -99.0   0.0
   1 1981 317 14683.  12.6  21.5   1.479 -99.0  17.0
   1 1981 318 14683.  10.6  21.5   1.340 -99.0   0.0
   1 1981 319 13662.   8.5  21.5   1.212 -99.0   0.0
   1 1981 320 15705.  11.0  21.5   1.270 -99.0   0.0
   1 1981 321 14683.  11.0  21.5   1.037 -99.0   0.0
   1 1981 322 13766.  12.5  21.0   1.228 -99.0   0.0
   1 1981 323 12845.  12.5  20.7   1.450 -99.0   8.0
   1 1981 324 11824.  12.2  19.3   1.148 -99.0   0.0
   1 1981 325 14172.   9.9  19.3   1.141 -99.0   0.0
   1 1981 326 16521.   7.5  19.2   1.133 -99.0   0.0
   1 1981 327 17338.   5.5  20.5   0.897 -99.0   0.0
   1 1981 328 18564.   4.4  21.8   0.465 -99.0   0.0
   1 1981 329 18259.  10.2  24.5   0.597 -99.0   0.0
   1 1981 330 16521.   9.5  24.5   1.009 -99.0   0.0
   1 1981 331 14478.  11.0  21.5   1.253 -99.0   0.0
   1 1981 332 14784.   9.6  21.4   1.125 -99.0   2.0
   1 1981 333 14989.   8.2  21.2   1.016 -99.0   0.0
   1 1981 334 18053.   8.0  21.5   0.948 -99.0   0.0
   1 1981 335 13662.   7.5  21.5   0.935 -99.0   0.0
   1 1981 336 10701.   7.0  19.5   1.009 -99.0   0.0
   1 1981 337 19586.   7.0  20.7   0.836 -99.0   0.0
   1 1981 338 18053.   8.0  20.7   0.866 -99.0   0.0
   1 1981 339 18053.   8.2  22.1   0.866 -99.0   0.0
   1 1981 340 16521.   8.5  23.4   0.891 -99.0   0.0
   1 1981 341 16421.   7.5  19.8   0.726 -99.0   0.0
   1 1981 342 15194.   6.5  21.3   0.848 -99.0   0.0
   1 1981 343 16521.   9.5  22.0   0.774 -99.0   0.0
   1 1981 344 17543.   7.5  22.0   0.711 -99.0   0.0
   1 1981 345 17237.   6.0  21.5   0.836 -99.0   0.0
   1 1981 346 17237.   7.7  21.5   1.073 -99.0   0.0
   1 1981 347 17237.   9.3  21.5   1.279 -99.0   0.0
   1 1981 348 16726.   7.5  21.0   1.044 -99.0   0.0
   1 1981 349 17237.   7.7  22.5   0.891 -99.0   0.0
   1 1981 350 14377.  10.5  22.5   1.196 -99.0   0.0
   1 1981 351 15805.  10.0  20.0   1.073 -99.0   0.0
   1 1981 352 15705.  11.5  21.2   0.819 -99.0   0.0
   1 1981 353 15399.   9.3  23.6   0.878 -99.0   0.0
   1 1981 354 14989.   7.0  26.0   0.929 -99.0   0.0
   1 1981 355 17748.  11.0  26.0   0.721 -99.0   0.0
   1 1981 356 14784.   8.5  23.5   1.009 -99.0   0.0
   1 1981 357 16215.  10.5  25.7   0.891 -99.0   0.0
   1 1981 358 10291.  13.2  25.7   0.988 -99.0   0.0
   1 1981 359 14478.  11.0  22.0   0.942 -99.0   0.0
   1 1981 360 15399.  10.1  22.3   0.935 -99.0   0.0
   1 1981 361 16215.   9.2  22.5   0.922 -99.0   0.0
   1 1981 362 13151.  12.0  22.5   1.058 -99.0   0.0
   1 1981 363 15194.  10.0  18.8   1.066 -99.0   0.0
   1 1981 364 14172.   9.2  18.8   1.148 -99.0   0.0
   1 1981 365 13662.   8.5  18.5   1.051 -99.0   0.0
