*---------------------------------------------------------------------------*
* Station name: Gilat (Migda), Israel
* Year: 1982
* Author: Peter Uithol                                     -99.000: NIL VALUE
* Source: Ungar, E., 1981. Meteo data Migda/Gilat
* Comments: Summer data (May-September) missing.
*           No wind speed data available.
*           Rainfall from Gilat.
* Longitude: 43 40 E, latitude: 31 20 N, altitude: 150. m.
*
* Column  Daily value
* 1       station number
* 2       year
* 3       day
* 4       irradiation                   (kJ m-2 d-1)
* 5       minimum temperature           (degrees Celsius)
* 6       maximum temperature           (degrees Celsius)
* 7       early morning vapour pressure (kPa)
* 8       mean wind speed (height: 2 m) (m s-1)
* 9       precipitation                 (mm d-1)
*---------------------------------------------------------------------------*
  43.67  31.33   150. 0.00 0.00
   1 1982   1 16215.   9.0  21.0   0.982 -99.0   0.0
   1 1982   2 16827.   6.9  21.8   0.885 -99.0   0.0
   1 1982   3 17338.   4.8  22.6   0.791 -99.0   0.0
   1 1982   4 14172.   9.2  21.7   1.304 -99.0   0.0
   1 1982   5 16622.   7.5  18.0   0.948 -99.0   6.0
   1 1982   6 16421.   7.6  18.0   0.968 -99.0   3.0
   1 1982   7 16215.   7.8  18.0   0.988 -99.0   3.0
   1 1982   8 16421.   8.0  18.0   0.848 -99.0   0.0
   1 1982   9 15604.   7.7  17.8   0.854 -99.0   0.0
   1 1982  10 14683.   7.5  17.6   0.878 -99.0   2.0
   1 1982  11 16215.   6.3  17.7   0.975 -99.0   0.0
   1 1982  12 17032.   5.5  19.0   0.891 -99.0   0.0
   1 1982  13 17237.   7.5  19.2   0.975 -99.0   0.0
   1 1982  14 15805.   7.6  19.2   1.009 -99.0   0.0
   1 1982  15 15705.  10.0  18.2   1.296 -99.0   5.0
   1 1982  16 16726.   6.0  16.6   0.955 -99.0   0.0
   1 1982  17 17748.   2.0  15.0   0.671 -99.0   0.0
   1 1982  18 15194.   4.5  15.0   0.819 -99.0   0.0
   1 1982  19 17643.   3.0  17.4   0.701 -99.0   0.0
   1 1982  20 16931.   1.8  19.4   0.580 -99.0   0.0
   1 1982  21 15805.   6.0  19.6   0.585 -99.0   0.0
   1 1982  22 16726.   9.0  20.8   0.975 -99.0   3.0
   1 1982  23 16215.   9.2  22.7   0.916 -99.0   0.0
   1 1982  24 15705.   9.5  24.5   0.848 -99.0   0.0
   1 1982  25  9885.  14.0  23.0   1.450 -99.0   1.0
   1 1982  26 18564.   7.1  21.0   1.148 -99.0   0.0
   1 1982  27 14683.   9.0  21.3   1.367 -99.0   3.0
   1 1982  28 11618.   9.0  20.7   1.030 -99.0  13.0
   1 1982  29 17643.   8.0  17.0   0.929 -99.0   0.0
   1 1982  30 17643.   6.2  17.2   0.758 -99.0   0.0
   1 1982  31 17643.   4.4  17.4   0.576 -99.0   0.0
   1 1982  32 10291.   8.0  15.9   0.948 -99.0   0.0
   1 1982  33 10291.   8.9  16.9   0.916 -99.0   2.0
   1 1982  34 10291.   9.8  18.0   0.878 -99.0   0.0
   1 1982  35  7741.   5.5  13.5   0.848 -99.0  31.0
   1 1982  36 21830.   4.5  10.1   0.872 -99.0  19.0
   1 1982  37 20298.   4.1  12.1   0.813 -99.0   0.0
   1 1982  38 18769.   3.7  14.0   0.747 -99.0   0.0
   1 1982  39 18460.   3.0  14.5   0.661 -99.0   0.0
   1 1982  40 14172.   4.5  14.5   0.796 -99.0   0.0
   1 1982  41 20402.   4.5  16.0   1.002 -99.0   0.0
   1 1982  42 19791.   6.5  17.0   0.836 -99.0   0.0
   1 1982  43 17032.   6.0  17.0   0.711 -99.0   0.0
   1 1982  44 15399.   6.6  17.3   0.878 -99.0   0.0
   1 1982  45 13662.   7.2  17.5   1.044 -99.0  26.0
   1 1982  46  8558.   8.0  14.5   1.066 -99.0   7.0
   1 1982  47 19791.   8.0  15.2   1.095 -99.0   3.0
   1 1982  48 18460.   7.0  15.7   0.995 -99.0  10.0
   1 1982  49 21830.   2.5  16.7   0.802 -99.0   0.0
   1 1982  50 20808.   3.1  17.0   0.891 -99.0   0.0
   1 1982  51 20808.   4.6  19.5   0.968 -99.0   0.0
   1 1982  52 19791.   6.0  22.0   1.037 -99.0   0.0
   1 1982  53 15194.   6.0  20.0   0.774 -99.0   0.0
   1 1982  54 10597.  11.5  20.0   1.212 -99.0   2.0
   1 1982  55 16726.  11.2  18.0   1.304 -99.0   1.0
   1 1982  56 23668.   7.0  20.4   1.118 -99.0   0.0
   1 1982  57 17543.   9.0  24.0   1.009 -99.0   0.0
   1 1982  58 17543.  10.5  24.0   1.164 -99.0   0.0
   1 1982  59 17543.  12.0  24.0   1.331 -99.0  19.0
   1 1982  60 21830.   8.2  18.4   1.002 -99.0   0.0
   1 1982  61 17643.   8.2  18.4   0.916 -99.0   0.0
   1 1982  62 19075.   8.2  17.0   1.044 -99.0   0.0
   1 1982  63 24384.   7.5  21.6   0.891 -99.0   0.0
   1 1982  64 30509.   9.0  22.2   1.044 -99.0   0.0
   1 1982  65 17748.   8.0  21.5   1.141 -99.0   6.0
   1 1982  66 21629.   7.0  20.7   1.228 -99.0   0.0
   1 1982  67 16726.   5.4  20.6   1.066 -99.0   0.0
   1 1982  68 16726.   5.7  20.6   1.088 -99.0   0.0
   1 1982  69 11723.   6.0  20.6   1.088 -99.0   2.0
   1 1982  70 18769.   5.1  15.2   1.009 -99.0   8.0
   1 1982  71 17748.   6.5  16.6   1.016 -99.0   0.0
   1 1982  72 17748.   7.4  17.0   1.080 -99.0   0.0
   1 1982  73 20808.   8.3  17.3   1.148 -99.0   3.0
   1 1982  74 21935.   6.5  20.8   1.212 -99.0   0.0
   1 1982  75 19791.  10.8  20.8   1.422 -99.0   0.0
   1 1982  76 18769.   8.1  19.6   1.204 -99.0   0.0
   1 1982  77 23362.   6.5  17.2   1.110 -99.0   0.0
   1 1982  78 23362.   6.0  17.5   1.030 -99.0   0.0
   1 1982  79 24179.  10.0  19.8   1.023 -99.0   0.0
   1 1982  80 24995.   4.0  22.0   1.016 -99.0   0.0
   1 1982  81 21629.   4.3  22.2   0.961 -99.0   0.0
   1 1982  82 18259.   4.5  28.4   0.916 -99.0   0.0
   1 1982  83 21830.   9.5  28.5   1.066 -99.0   0.0
   1 1982  84 17237.  12.0  20.8   1.422 -99.0   4.0
   1 1982  85 26427.   9.0  17.7   1.080 -99.0  14.0
   1 1982  86 23773.   7.2  16.5   1.016 -99.0  16.0
   1 1982  87 21118.   5.4  15.2   0.942 -99.0   0.0
   1 1982  88 26427.  11.8  18.3   0.968 -99.0   0.0
   1 1982  89 26427.   5.0  24.0   0.922 -99.0   0.0
   1 1982  90 26427.   5.8  25.4   0.576 -99.0   0.0
   1 1982  91 25916.   9.5  28.1   0.791 -99.0   0.0
   1 1982  92 25916.  13.5  30.5   0.955 -99.0   0.0
   1 1982  93 22240.  13.8  32.7   1.349 -99.0   0.0
   1 1982  94 18564.  14.0  34.8   1.751 -99.0   0.0
   1 1982  95 18970.  11.0  20.5   1.412 -99.0   0.0
   1 1982  96 22956.   8.4  19.8   1.279 -99.0   0.0
   1 1982  97 15805.   8.7  24.4   1.023 -99.0   0.0
   1 1982  98 15805.   8.7  24.4   1.023 -99.0   0.0
   1 1982  99 15805.   9.0  29.0   0.742 -99.0   0.0
   1 1982 100 20607.  11.0  31.1   1.095 -99.0   0.0
   1 1982 101 25406.  12.0  33.2   1.479 -99.0   0.0
   1 1982 102 24078.  12.0  25.0   1.469 -99.0   0.0
   1 1982 103 22035.  13.0  23.5   1.403 -99.0   0.0
   1 1982 104 24283.  13.8  25.5   1.558 -99.0   0.0
   1 1982 105 26427.  14.6  27.5   1.706 -99.0   0.0
   1 1982 106 24384.  14.3  27.5   1.663 -99.0   0.0
   1 1982 107 24384.  13.3  29.9   1.740 -99.0   0.0
   1 1982 108 25200.  12.2  32.3   1.808 -99.0   0.0
   1 1982 109 26222.  11.4  26.7   1.518 -99.0   0.0
   1 1982 110 23157.   9.8  26.9   1.538 -99.0   0.0
   1 1982 111 24690.  15.0  37.0   0.819 -99.0   0.0
   1 1982 112 23362.  13.0  37.0   1.674 -99.0   0.0
   1 1982 113 25200.  10.2  26.5   1.066 -99.0   0.0
   1 1982 114 25200.  11.0  31.1   1.204 -99.0   0.0
   1 1982 115 25200.  11.8  35.6   1.349 -99.0   0.0
   1 1982 116 22341.  16.6  35.6   1.685 -99.0   0.0
   1 1982 117 22341.  14.2  23.8   1.125 -99.0   0.0
   1 1982 118 22341.  11.9  28.9   1.009 -99.0   0.0
   1 1982 119 19381.   9.5  34.0   0.860 -99.0   0.0
   1 1982 120 19381.  16.5  34.0   1.674 -99.0   0.0
   1 1982 274 19791.  16.0  29.8   2.079 -99.0   0.0
   1 1982 275 21729.   0.0  30.4   5.892 -99.0   0.0
   1 1982 276 23668.  15.5  30.4   1.469 -99.0   0.0
   1 1982 277 21014.  17.2  30.4   1.927 -99.0   0.0
   1 1982 278 23157.  17.1  32.6   1.740 -99.0   0.0
   1 1982 279 21524.  19.2  33.5   1.685 -99.0   0.0
   1 1982 280 20913.  18.6  33.5   2.159 -99.0   0.0
   1 1982 281 21118.  17.2  31.5   1.220 -99.0   0.0
   1 1982 282 21219.  17.2  31.5   1.220 -99.0   0.0
   1 1982 283 21319.  15.5  33.2   1.558 -99.0   0.0
   1 1982 284 22341.  16.2  34.7   1.164 -99.0   0.0
   1 1982 285 23362.  18.0  34.7   2.092 -99.0   0.0
   1 1982 286 22341.  18.4  35.8   1.385 -99.0   0.0
   1 1982 287 22140.  21.4  36.3   0.897 -99.0   0.0
   1 1982 288 21014.  22.6  36.3   1.508 -99.0   0.0
   1 1982 289 21014.  19.1  36.2   1.579 -99.0   0.0
   1 1982 290 19791.  15.6  36.0   1.663 -99.0   0.0
   1 1982 291 19686.  17.1  28.6   1.927 -99.0   0.0
   1 1982 292 18359.  16.5  28.6   1.808 -99.0   0.0
   1 1982 293 18769.  15.5  27.4   1.600 -99.0   0.0
   1 1982 294 18259.  14.5  26.6   1.489 -99.0   0.0
   1 1982 295 20808.  15.2  26.5   1.469 -99.0   0.0
   1 1982 296 19176.  14.6  26.0   1.460 -99.0  11.0
   1 1982 297 17543.  14.0  25.5   1.450 -99.0   0.0
   1 1982 298 19992.  14.5  27.4   1.729 -99.0   0.0
   1 1982 299 18769.  15.4  27.4   1.706 -99.0   0.0
   1 1982 300 18564.  15.0  26.5   1.774 -99.0   0.0
   1 1982 301 18564.  14.0  28.0   1.579 -99.0   0.0
   1 1982 302 18564.  12.1  29.3   1.262 -99.0   0.0
   1 1982 303 18564.  13.1  29.3   1.367 -99.0   0.0
   1 1982 304 28776.  14.0  29.3   1.441 -99.0   0.0
   1 1982 305 19075.  13.8  26.5   1.220 -99.0   0.0
   1 1982 306 18460.  12.5  26.5   1.095 -99.0   0.0
   1 1982 307 17237.  12.0  26.5   1.133 -99.0   0.0
   1 1982 308 17237.  11.4  27.0   1.066 -99.0   0.0
   1 1982 309 16827.  11.4  27.0   0.854 -99.0   0.0
   1 1982 310 16827.  12.0  26.3   1.002 -99.0   0.0
   1 1982 311 16726.  12.5  25.5   1.164 -99.0   0.0
   1 1982 312  4982.  14.2  25.5   1.460 -99.0  35.0
   1 1982 313  4982.   9.2  18.7   1.080 -99.0  15.0
   1 1982 314  4982.   8.0  16.6   1.110 -99.0  25.0
   1 1982 315 16931.  10.5  17.7   1.180 -99.0  12.0
   1 1982 316 14989.  11.2  17.7   1.340 -99.0   8.0
   1 1982 317 16421.   8.9  18.9   1.180 -99.0   0.0
   1 1982 318 17748.   6.6  20.0   1.016 -99.0   0.0
   1 1982 319 17748.   7.5  20.0   0.995 -99.0   0.0
   1 1982 320 15194.   7.0  23.0   1.002 -99.0   0.0
   1 1982 321 18460.   8.0  25.0   0.791 -99.0   0.0
   1 1982 322 19992.  15.0  28.6   0.686 -99.0   0.0
   1 1982 323 21830.  13.0  28.5   0.961 -99.0   0.0
   1 1982 324 18665.  11.8  26.5   0.995 -99.0   0.0
   1 1982 325 15399.  10.5  24.5   1.037 -99.0   0.0
   1 1982 326 15705.  11.3  20.6   1.394 -99.0   0.0
   1 1982 327 10396.   9.4  20.2   1.172 -99.0   8.0
   1 1982 328  9069.   9.0  17.8   0.968 -99.0  10.0
   1 1982 329 13456.   8.4  17.2   0.935 -99.0   0.0
   1 1982 330 14273.  10.0  17.2   1.016 -99.0   7.0
   1 1982 331 14273.   9.0  18.0   0.995 -99.0   0.0
   1 1982 332 15705.   8.0  18.8   0.988 -99.0   0.0
   1 1982 333 15705.   7.0  19.7   0.910 -99.0   0.0
   1 1982 334 15705.   6.0  20.5   0.813 -99.0   0.0
   1 1982 335 13967.   4.3  18.7   0.785 -99.0   0.0
   1 1982 336 15194.   5.6  18.5   0.948 -99.0   0.0
   1 1982 337 12640.   3.0  19.0   0.638 -99.0   0.0
   1 1982 338 12640.   2.6  14.8   0.836 -99.0   0.0
   1 1982 339  7842.   2.2  10.5   1.058 -99.0   3.0
   1 1982 340 10291.   7.0  13.5   0.916 -99.0   8.0
   1 1982 341 10291.   7.5  16.0   0.995 -99.0   8.0
   1 1982 342 10291.   7.5  16.0   0.995 -99.0   0.0
   1 1982 343 10291.   8.0  18.5   1.080 -99.0   3.0
   1 1982 344 14583.   9.0  18.5   0.929 -99.0   0.0
   1 1982 345 14888.   6.8  18.3   0.808 -99.0   0.0
   1 1982 346 15194.   4.5  18.0   0.676 -99.0   0.0
   1 1982 347 14683.   7.5  17.8   0.791 -99.0   0.0
   1 1982 348  9680.  10.2  17.0   1.188 -99.0   0.0
   1 1982 349 14377.  11.2  18.0   1.270 -99.0   2.0
   1 1982 350 11723.   7.5  18.0   1.030 -99.0   0.0
   1 1982 351 14989.   8.5  17.5   1.016 -99.0   0.0
   1 1982 352 14989.   7.8  19.9   0.878 -99.0   0.0
   1 1982 353 15194.   7.1  22.3   0.747 -99.0   0.0
   1 1982 354 16215.   9.1  23.3   1.103 -99.0   0.0
   1 1982 355 13662.  10.0  23.9   0.808 -99.0   0.0
   1 1982 356 11108.   8.8  23.0   1.156 -99.0   2.0
   1 1982 357 18053.   9.0  18.5   1.009 -99.0   2.0
   1 1982 358 18053.   8.8  18.5   0.866 -99.0   0.0
   1 1982 359 18053.   6.9  20.5   0.854 -99.0   0.0
   1 1982 360 15093.   5.0  22.4   0.842 -99.0   0.0
   1 1982 361 13356.  11.3  22.4   1.212 -99.0   0.0
   1 1982 362 13151.   8.0  18.6   1.080 -99.0   0.0
   1 1982 363 13151.   7.6  18.5   0.910 -99.0   0.0
   1 1982 364 13151.   7.6  18.5   0.910 -99.0   5.0
   1 1982 365  4982.   7.3  18.4   0.752 -99.0   0.0
