*---------------------------------------------------------------------------*
* Station name: POLICORO
* Year: 1987
* Author: Vitale Nuzzo                                    NULL-VALUE = -99.0
* Source: C.N.R. - Servizio Idrografico
* Comments: from the original data file are changed:
*     - wind speed: average is calculated between daily
*                   and nightly wind distance in 12h and
*                   units are converted
*     - vapor pres.: vapor pressure is calculated from the
*                    original data of relative humidity and
*                    temperature
* Longitude: 16 25 E, Latitude: 40 07 N, altitude: 10 m
* A and B regression coefficents
*
* Column daily value
* 1      Station number             -
* 2      year                       -
* 3      day                        -
* 4      sunshine                  (h)
* 5      minimum temperature       (degrees Celsius)
* 6      maximum temperature       (degrees Celsius)
* 7      vapor pressure            (kPa)
* 8      average wind speed        (m s-1)
* 9      precipitation             (mm d-1)
*---------------------------------------------------------------------------*
  16.41  40.12    10. 0.18 0.47
-999 1987   1      1     1     1       3     1     1
  20 1987   1   6.30   5.2  16.5   0.500   1.0   0.0
-999 1987   2      1     1     1       4     1     1
  20 1987   2   2.50   6.5  19.2 -99.000   3.5   0.0
  20 1987   3   3.20   4.5  13.5 -99.000   3.0   0.0
-999 1987   4      1     1     1       4     4     1
  20 1987   4   6.50   1.0   8.0 -99.000 -99.0   0.0
-999 1987   5      1     1     1       4     1     1
  20 1987   5   6.40   1.7  10.3 -99.000   1.4   0.0
  20 1987   6   3.50   5.0  15.6 -99.000   2.3   0.2
  20 1987   7   0.00   3.2   9.0 -99.000   3.0  22.8
  20 1987   8   6.30  -1.5   4.5 -99.000   4.4   0.0
-999 1987   9      1     1     1       3     4     1
  20 1987   9   7.10  -4.5   7.0   0.600 -99.0   0.0
-999 1987  10      1     1     1       4     1     1
  20 1987  10   0.00   4.0  11.8 -99.000   1.8   2.4
  20 1987  11   3.00   7.0  14.2 -99.000   5.2   1.1
  20 1987  12   5.30   5.2  12.2 -99.000   3.5   0.0
  20 1987  13   5.30   5.0  16.8 -99.000   1.6   0.0
  20 1987  14   1.40   4.5  17.2 -99.000   3.4   0.0
  20 1987  15   3.20   1.2  12.8 -99.000   1.3   0.0
  20 1987  16   0.00   2.4  11.2 -99.000   1.8   6.8
  20 1987  17   0.00   4.1  12.5 -99.000   5.3   0.0
  20 1987  18   5.40   4.5  15.0 -99.000   3.5  20.4
  20 1987  19   0.00   5.0   7.8 -99.000   4.1   0.5
  20 1987  20   0.00   5.2   8.2 -99.000   3.1   0.5
  20 1987  21   3.00   5.4  11.2 -99.000   3.4   0.0
-999 1987  22      1     1     1       1     1     1
  20 1987  22   5.10   2.5  11.8   0.900   2.8   0.0
  20 1987  23   7.50   3.5  11.4   0.800   3.5   0.0
  20 1987  24   3.00   1.8  14.5   0.900   4.0   0.0
-999 1987  25      1     1     1       1     4     1
  20 1987  25   8.00  -3.5  10.2   0.700 -99.0   0.0
-999 1987  26      1     1     1       1     1     1
  20 1987  26   7.20   1.8  13.8   0.800   2.9   0.0
  20 1987  27   0.40   6.4  16.4   1.300   1.0   0.0
  20 1987  28   6.40  12.0  19.8   1.600   4.0   0.0
  20 1987  29   3.00  10.2  21.8   1.600   3.7   0.0
  20 1987  30   0.00   0.5  11.0   0.800   5.9   1.0
  20 1987  31   0.00   0.5   5.0   0.700   4.9   0.0
  20 1987  32   0.00   3.8   8.0   0.900   3.8   0.0
  20 1987  33   1.10   1.4  11.0   0.900   2.2   0.0
  20 1987  34   7.40   2.0  13.4   1.000   2.6   0.0
  20 1987  35   2.40   5.5  14.6   1.100   2.3   0.0
  20 1987  36   0.00   7.8  13.5   1.200   2.9  14.7
  20 1987  37   0.00   2.6  11.2   0.900   2.3   0.0
-999 1987  38      1     1     1       1     4     1
  20 1987  38   8.20   4.3  14.7   1.100 -99.0   0.0
  20 1987  39   8.20   1.5  13.4   0.900 -99.0   0.0
-999 1987  40      1     1     1       1     1     1
  20 1987  40   8.40   1.6  16.2   1.000   1.4   0.0
  20 1987  41   0.20   2.4  14.5   1.000   2.2   0.0
  20 1987  42   5.50   5.2  15.6   1.200   2.6   0.0
  20 1987  43   0.00   8.2  14.2   1.200   3.7   0.0
  20 1987  44   0.00  11.8  14.5   1.500   5.2   0.8
  20 1987  45   0.00   7.1  13.8   1.200   3.5  24.5
  20 1987  46   4.60   3.6  16.0   1.100   1.6   0.0
  20 1987  47   4.30   4.0  15.4   1.000   1.8   0.0
  20 1987  48   6.30   5.5  15.4   1.200   3.0   0.0
  20 1987  49   8.10   3.2  15.6   1.000   2.2   0.0
  20 1987  50   0.00   4.8  14.6   1.200   4.4   0.0
  20 1987  51   7.30   1.8  15.6   0.800   3.1   0.0
  20 1987  52   7.10   3.4  14.5   0.900   1.4   0.0
  20 1987  53   0.00   4.5  14.5   1.100   2.6  19.5
  20 1987  54   0.00   4.4   8.8   0.900   6.5  22.2
  20 1987  55   9.30   0.4   9.4   0.700   6.7   0.0
  20 1987  56   7.50   2.0  10.2   0.800   2.0   0.0
  20 1987  57   1.50   2.5  10.4   0.800   2.3   0.0
  20 1987  58   4.60   3.5  12.4   1.000   0.5   0.0
  20 1987  59   0.00   5.4  11.4   1.100   1.6   0.0
  20 1987  60   2.50   5.0  14.5   1.100   3.5   0.0
  20 1987  61   6.30   6.8  18.4   1.200   2.5   0.0
  20 1987  62   0.40   0.5  15.0   0.900   7.4   0.5
  20 1987  63   6.10   0.0   3.5   0.600   6.8   0.0
  20 1987  64   3.10  -1.0   6.2   0.600   3.1   0.0
  20 1987  65   3.10  -2.4   3.5   0.600   5.4   0.0
  20 1987  66   6.30  -2.5   5.3   0.600   4.8   0.0
  20 1987  67   6.50  -2.5   4.5   0.600   6.4   0.0
  20 1987  68   8.40  -0.5   7.5   0.700   4.0   0.0
  20 1987  69   4.00  -1.0   4.8   0.600   6.5   0.0
  20 1987  70   0.00   1.4   6.4   0.700   5.6   0.0
  20 1987  71   8.40  -1.2  10.8   0.700   3.0   0.0
  20 1987  72   6.00  -0.6  11.6   0.700   2.0   0.0
  20 1987  73   3.50   1.0  11.5   0.800   2.6  53.2
  20 1987  74   0.00   0.0   5.6   0.600   6.2   4.3
  20 1987  75   9.10   2.2  11.8   0.800   3.6   2.2
  20 1987  76   9.50   0.5   9.5   0.700   6.0   0.0
  20 1987  77   9.20   0.0  13.2   0.700   2.2   0.0
  20 1987  78   8.10   2.4  17.0   1.000   1.8   0.0
  20 1987  79   7.20   6.8  19.0   1.100   2.5   0.0
  20 1987  80   8.20   7.9  16.0   1.100   1.3  18.0
  20 1987  81   0.00   5.2  10.8   0.800   4.3   5.6
  20 1987  82   8.50   6.4  13.5   1.100   7.8   0.0
  20 1987  83  10.50   2.6  15.0   1.000   5.4   0.0
  20 1987  84  10.00   4.0  19.5   1.200   1.6   0.0
  20 1987  85   6.40   8.4  18.4   1.400   1.4   0.0
  20 1987  86   5.10   6.2  17.0   1.300   1.0   0.0
  20 1987  87   4.60   8.0  18.8   1.400   1.3   0.0
  20 1987  88   0.00   9.0  15.8   1.300   1.4   0.0
  20 1987  89   5.50   6.0  17.2   1.100   2.8   0.0
  20 1987  90   0.20   4.4  11.8   1.000   0.4   0.7
  20 1987  91   3.20   1.5  13.4   0.900   4.8   0.0
  20 1987  92   9.40   1.8  15.4   0.900   2.5   0.0
  20 1987  93  10.30   3.5  17.9   0.900   2.8   0.0
  20 1987  94  10.20   7.2  18.4   1.400   3.5   0.0
  20 1987  95   4.30   8.8  17.5   1.400   0.0   0.0
  20 1987  96   8.40   8.2  20.6   1.500   1.8   0.0
  20 1987  97  11.10   8.0  21.3   1.400   2.0   0.0
  20 1987  98   7.40   9.5  20.2   1.500   1.7   0.0
  20 1987  99   2.40  10.6  18.4   1.500   1.4   0.0
  20 1987 100   9.50   9.6  23.6   1.500   3.0   0.0
  20 1987 101   8.10   9.0  20.0   1.400   2.8   0.0
  20 1987 102   6.00   6.2  19.4   1.300   1.6   0.0
  20 1987 103   6.10   8.0  18.5   1.300   2.0   0.0
  20 1987 104   2.10   9.8  16.5   1.400   3.2  14.6
  20 1987 105   5.50   7.6  16.2   1.200   5.3   0.0
  20 1987 106   1.10   5.8  14.0   1.100   4.4   0.2
  20 1987 107   8.30   7.0  18.5   1.200   2.8   0.0
  20 1987 108  11.00  11.0  21.6   1.500   4.1   0.0
  20 1987 109  11.40   6.5  23.8   1.500   2.2   0.0
  20 1987 110  11.00   8.2  21.4   1.400   1.6   0.0
  20 1987 111   0.00   9.4  21.2   1.300   2.0   0.0
  20 1987 112   8.40  10.0  18.8   1.400   5.9   0.0
  20 1987 113  11.00   6.2  19.5   1.300   4.8   0.0
  20 1987 114  11.50   5.5  20.3   1.200   2.0   0.0
  20 1987 115   9.20   7.8  20.4   1.400   1.9   0.0
  20 1987 116   7.50   7.2  20.3   1.400   1.2   0.0
  20 1987 117   6.60   9.5  22.4   1.500   2.9   6.0
  20 1987 118  11.50   7.6  16.5   1.100   6.6   0.0
  20 1987 119  11.00   5.5  18.4   1.100   4.6   0.0
  20 1987 120  11.60   6.4  20.8   1.300   2.2   0.0
  20 1987 121  11.40   6.2  22.6   1.300   1.6   0.0
  20 1987 122   7.60   7.5  21.4   1.300   1.2   0.0
  20 1987 123   9.20   3.4  22.2   1.400   1.3   0.0
  20 1987 124   2.50   9.4  20.8   1.400   1.0   0.0
  20 1987 125   0.30   9.4  15.5   1.300   1.6   3.0
  20 1987 126   3.30   4.4  15.0   1.100   1.6   0.5
  20 1987 127   5.30   7.0  18.4   0.500   3.6   0.0
  20 1987 128  11.00   8.4  20.0   1.300   5.3   0.0
  20 1987 129  11.30   7.5  22.3   1.400   2.8   0.0
  20 1987 130  11.60   6.5  23.2   1.400   1.8   0.0
  20 1987 131   8.50   8.5  21.6   1.400   1.9   0.0
  20 1987 132   7.40   9.0  21.4   1.600   2.2   0.0
  20 1987 133  11.30   9.6  24.4   1.600   2.4   0.0
  20 1987 134   8.30  13.2  22.6   1.800   1.7   0.2
  20 1987 135   0.00   9.5  17.4   1.500   1.6  18.7
  20 1987 136  12.00  10.4  24.5   1.600   1.6   0.0
  20 1987 137   9.00  10.6  23.2   1.600   8.3   0.0
  20 1987 138   6.20  10.6  21.0   1.700   2.0   0.0
  20 1987 139  11.50  11.5  27.0   1.900   2.0   0.0
  20 1987 140   5.50  10.8  23.0   1.700   1.7   5.8
  20 1987 141   9.10   7.0  21.8   1.400   3.2   0.2
  20 1987 142   8.10   9.2  20.6   1.500   2.3   0.0
  20 1987 143   8.30  10.5  20.6   1.600   1.9   0.0
  20 1987 144   4.50  13.0  21.0   1.900   1.9   0.4
  20 1987 145   5.20  12.0  22.2   1.800   2.5   0.0
  20 1987 146  10.00  11.8  25.2   1.800   0.2   0.0
  20 1987 147   9.10  12.8  25.8   2.000   1.7   0.0
  20 1987 148  10.10  15.1  26.2   2.100   1.7   1.3
  20 1987 149   4.10  10.8  20.6   1.700   1.3   2.2
  20 1987 150   7.20  13.5  23.1   1.900   3.7   0.0
  20 1987 151   8.10  12.0  23.0   1.600   4.6   0.0
  20 1987 152   5.50  11.4  24.4   1.800   2.4   0.5
  20 1987 153  10.50  12.4  24.8   1.800   2.2   0.0
  20 1987 154  11.40  11.0  25.0   1.900   1.9   0.0
  20 1987 155  11.30  13.2  25.2   1.900   2.0   0.0
  20 1987 156   9.50  16.0  29.5   2.200   1.6   0.0
  20 1987 157  11.50  16.0  27.8   2.300   2.2   0.0
  20 1987 158  11.10  13.6  28.4   2.100   1.7   0.0
  20 1987 159  11.40  17.2  26.8   2.400   2.2   0.0
  20 1987 160   5.20  16.5  23.6   2.300   1.9   0.0
  20 1987 161  10.00  17.0  27.4   2.500   1.4   0.0
  20 1987 162   6.40  16.8  30.4   2.500   1.2   0.0
  20 1987 163  10.40  16.5  30.6   2.400   1.2   0.0
  20 1987 164  11.40  18.0  31.6   2.700   1.8   0.0
  20 1987 165  10.40  20.2  30.7   3.000   1.6   0.0
  20 1987 166   9.10  22.0  33.1   3.100   2.3   0.0
  20 1987 167  12.00  16.9  30.5   2.200   4.3   0.0
  20 1987 168  10.40  15.9  28.0   2.000   3.1   0.0
  20 1987 169   8.40  14.8  27.6   1.900   2.9   0.0
  20 1987 170  12.00  16.1  26.3   2.100   2.6   0.6
  20 1987 171   1.00  14.2  20.8   1.700   0.7   3.8
  20 1987 172   4.30  14.1  24.1   1.900   1.8   2.5
  20 1987 173  10.40  13.9  27.3   1.900   2.4   0.0
  20 1987 174  11.30  13.6  27.3   1.800   2.4   0.0
  20 1987 175  12.00  16.3  29.2   2.100   2.3   0.0
  20 1987 176  10.40  14.8  28.6   2.200   1.7   0.0
  20 1987 177  11.50  17.8  28.6   2.400   2.3   0.0
  20 1987 178   0.00  16.6  23.6   2.000   1.2   1.9
  20 1987 179   4.40  17.6  26.2   2.200   3.6   0.0
  20 1987 180   5.30  19.8  30.4   2.600   3.5   0.0
  20 1987 181   8.10  22.3  33.1   2.900   2.6   0.0
  20 1987 182   7.30  20.1  32.6   2.700   3.6   0.0
  20 1987 183   8.20  19.8  31.4   2.600   3.4   0.0
  20 1987 184   9.00  20.7  31.7   2.800   2.8   0.0
  20 1987 185   8.10  21.4  34.6   2.900   2.8   0.0
  20 1987 186   8.40  21.3  33.6   2.700   3.8   0.0
  20 1987 187  11.10  18.4  31.2   2.300   4.4   0.0
  20 1987 188  11.20  17.4  31.7   2.300   2.2   0.0
  20 1987 189   9.50  16.7  29.8   2.400   2.0   0.0
  20 1987 190   8.00  18.5  29.6   2.500   2.0   0.0
  20 1987 191   7.20  18.4  31.0   2.500   3.5   9.6
  20 1987 192   9.30  18.3  32.3   2.600   2.0   0.0
  20 1987 193  11.40  18.2  31.6   2.400   1.7   0.0
  20 1987 194  11.40  20.4  33.8   2.200   1.9   9.7
  20 1987 195   9.40  21.0  35.4   2.200   2.0   0.0
  20 1987 196  10.40  20.0  34.2   2.300   2.0   0.0
  20 1987 197  11.00  19.5  32.8   2.200   1.7   0.0
  20 1987 198  10.10  19.4  33.8   2.400   1.8   0.0
  20 1987 199  11.50  17.8  33.2   2.200   1.8   0.0
  20 1987 200  11.30  20.7  33.8   2.300   1.6   0.0
  20 1987 201  11.30  22.6  35.6   2.800   1.8   0.0
  20 1987 202  11.00  21.6  36.4   2.800   1.8   0.0
  20 1987 203  11.00  20.7  36.3   2.900   1.8   0.0
  20 1987 204   7.50  23.1  37.0   3.200   1.8   0.0
  20 1987 205  11.20  20.7  37.8   3.000   1.7   0.0
  20 1987 206   7.60  21.6  38.7   3.000   1.6   0.0
  20 1987 207  10.40  23.5  38.8   3.000   3.0   0.0
  20 1987 208  10.20  17.1  32.3   1.900   2.3   0.0
  20 1987 209  10.20  19.7  31.8   2.300   2.0   0.0
  20 1987 210  11.10  18.0  32.2   2.000   1.6   0.0
  20 1987 211  11.40  19.0  31.8   2.100   2.2   0.0
  20 1987 212   9.10  20.0  32.6   1.900   2.5   0.2
  20 1987 213   7.00  17.6  31.1   2.100   1.6   0.5
  20 1987 214  11.50  18.6  30.2   2.200   1.8   0.0
  20 1987 215  12.00  18.8  32.2   2.400   1.9   0.0
  20 1987 216  11.60  19.0  32.2   2.300   2.2   0.0
  20 1987 217  12.00  19.0  34.0   2.000   3.4   0.0
  20 1987 218  12.00  17.2  25.6   1.500   2.6   0.0
  20 1987 219  10.60  16.4  31.6   2.200   1.9   0.0
  20 1987 220   7.50  19.6  33.2   2.200   1.6   0.0
  20 1987 221  11.30  18.8  33.2   2.300   1.9   0.0
  20 1987 222  11.10  19.0  33.4   2.300   1.8   0.0
  20 1987 223  11.10  20.0  35.2   2.100   1.7   0.0
  20 1987 224   6.40  21.4  32.8   2.500   2.0   0.0
  20 1987 225   9.40  21.5  33.0   2.500   3.2   0.0
  20 1987 226  11.40  17.9  32.8   1.800   1.9   0.0
  20 1987 227  10.30  21.0  33.1   2.400   2.4   0.0
  20 1987 228   7.00  19.2  31.2   1.600   3.1   0.0
  20 1987 229  11.60  19.0  32.2   1.800   2.5   0.0
  20 1987 230  10.50  19.8  31.4   2.400   2.4   0.0
  20 1987 231  10.20  21.2  31.6   2.600   2.0   0.0
  20 1987 232   7.30  22.0  32.2   2.400   2.6   0.0
  20 1987 233  11.30  19.8  32.2   1.600   4.7   0.0
  20 1987 234  11.30  15.8  31.4   1.500   2.3   0.0
  20 1987 235  11.00  17.8  30.0   2.100   1.9   0.0
  20 1987 236  10.30  20.0  31.2   2.700   2.2   0.0
  20 1987 237   8.00  20.4  32.5   2.600   1.7   0.0
  20 1987 238  10.10  18.8  33.0   2.200   2.8   0.0
  20 1987 239  10.30  18.5  31.6   2.200   2.2   0.0
  20 1987 240   6.30  19.4  31.8   2.100   2.3   0.0
  20 1987 241   1.40  19.0  29.8   1.700   5.0   0.0
  20 1987 242  11.20  18.4  30.6   1.600   3.2   0.0
  20 1987 243  11.30  18.5  32.4   1.800   2.2   0.0
  20 1987 244  10.20  18.2  32.4   1.900   1.4   0.0
  20 1987 245   9.00  17.8  32.0   2.100   1.7   0.0
  20 1987 246   6.30  18.0  30.6   2.200   1.9   0.0
  20 1987 247   5.50  18.6  30.8   2.200   2.6   2.4
  20 1987 248   7.50  18.0  30.0   2.100   1.8   0.0
  20 1987 249   4.20  18.2  29.2   2.300   2.5   0.0
  20 1987 250   8.40  17.5  29.6   1.900   3.4   0.0
  20 1987 251   9.40  17.6  31.6   2.000   2.2   0.0
  20 1987 252  10.40  18.8  31.4   2.200   1.8   0.0
  20 1987 253   9.00  19.4  31.0   2.200   1.8   0.0
  20 1987 254  10.00  19.5  32.0   2.200   1.8   0.0
  20 1987 255   9.40  19.0  32.2   2.200   1.7   0.0
  20 1987 256   9.60  20.2  32.4   2.200   2.2   0.0
  20 1987 257  10.20  20.6  35.2   1.800   2.5   0.0
  20 1987 258  10.30  20.6  35.8   1.900   2.2   0.0
  20 1987 259  10.00  20.6  35.5   1.900   2.3   0.0
  20 1987 260   9.00  21.2  37.5   1.800   1.9   0.0
  20 1987 261   9.40  20.5  35.0   1.600   2.6   0.0
  20 1987 262   9.10  19.0  34.7   2.200   1.3   0.0
  20 1987 263   9.20  19.2  32.4   2.500   1.3   0.0
  20 1987 264   9.50  19.4  33.4   2.200   1.8   0.0
  20 1987 265   9.40  18.2  35.2   1.800   1.8   0.0
-999 1987 266      1     1     1       1     4     1
  20 1987 266   9.40  15.0  31.8   2.000 -99.0   0.0
-999 1987 267      1     1     1       1     1     1
  20 1987 267   9.40  15.2  31.0   1.900   1.3   0.0
  20 1987 268   8.40  15.6  31.0   1.800   1.3   0.0
  20 1987 269  10.10  16.4  30.6   2.100   1.2   0.0
  20 1987 270   6.20  22.0  31.2   2.800   1.1   0.0
  20 1987 271   0.00  18.2  31.6   1.900   1.4   0.0
  20 1987 272   5.10  13.8  27.6   1.700   2.3  22.0
  20 1987 273   0.00  11.8  16.2   1.400   4.1  31.5
  20 1987 274   8.30  11.6  20.5   1.200   4.7   0.0
  20 1987 275   8.50  11.6  23.0   1.300   2.4   0.0
  20 1987 276   8.30  12.5  23.2   1.300   2.8   0.0
  20 1987 277   8.10  13.0  24.4   1.400   2.2   0.0
  20 1987 278   7.30  14.0  25.4   1.700   2.5   0.0
  20 1987 279   2.50  16.5  25.2   1.800   1.2   0.0
  20 1987 280   2.50  16.4  25.4   2.000   1.1  17.1
  20 1987 281   9.40  16.0  26.3   1.700   1.4   0.0
  20 1987 282   5.00  16.4  26.5   1.900   1.6   0.0
  20 1987 283   9.10  14.8  26.8   1.900   2.4   0.0
  20 1987 284   5.00  16.5  26.6   2.200   2.5   9.5
  20 1987 285   3.10  13.6  22.5   1.600   1.8   0.0
  20 1987 286   4.30  10.5  23.8   1.300   1.0   0.0
  20 1987 287   6.30  11.8  23.8   1.500   1.3   0.0
  20 1987 288   8.50  13.8  24.6   1.600   8.3   0.0
  20 1987 289   2.50  15.8  25.0   1.800   1.2   0.0
  20 1987 290   3.50  12.1  25.0   1.600   0.4   0.0
  20 1987 291   7.20  14.6  25.6   1.900   1.4   0.0
  20 1987 292   7.50  11.4  22.2   1.200   3.5   9.5
  20 1987 293   9.00  11.6  23.7   1.400   1.9   0.0
  20 1987 294   7.60  12.5  23.4   1.600   1.8   0.0
  20 1987 295   6.20  13.8  24.2   1.700   1.7   0.0
  20 1987 296   2.30  14.0  24.2   1.900   1.0   0.0
  20 1987 297   8.20  15.0  27.6   1.900   1.9   0.0
  20 1987 298   0.00  15.2  22.8   1.900   1.3   0.0
  20 1987 299   4.40  14.4  25.0   1.700   1.0   0.0
  20 1987 300   6.20  14.5  24.5   1.600   2.3   0.0
  20 1987 301   6.20  12.0  21.6   1.300   0.8   0.0
  20 1987 302   6.40  12.4  22.2   1.400   1.1  15.1
  20 1987 303   3.20  14.5  23.9   1.600   3.0   0.0
  20 1987 304   3.50  12.5  20.2   1.500   2.8   0.0
  20 1987 305   4.00  13.4  19.4   1.400   0.5   0.0
  20 1987 306   0.00  12.2  17.5   1.500   1.4   0.0
  20 1987 307   0.00  10.6  15.8   1.300   3.6   6.3
  20 1987 308   4.40   7.6  16.7   0.900   5.2   0.0
  20 1987 309   6.30   6.6  13.3   0.800   2.8   0.0
  20 1987 310   8.10   6.8  17.4   1.000   2.4   0.0
  20 1987 311   8.20   7.4  21.4   1.100   1.4   0.0
  20 1987 312   7.40   8.2  19.4   1.200   1.8   0.0
  20 1987 313   4.30   7.4  19.4   1.300   1.4   0.0
  20 1987 314   6.10  12.4  21.5   1.400   2.2  20.6
  20 1987 315   0.00  13.5  16.8   1.500   4.0   1.1
  20 1987 316   7.20   7.4  19.0   1.400   1.9   0.0
  20 1987 317   6.50   8.8  23.0   1.200   0.8   0.0
  20 1987 318   2.40  10.6  25.0   1.600   0.8   0.0
  20 1987 319   0.40  12.4  18.6   1.500   2.3   0.0
  20 1987 320   1.50  11.8  18.6   1.400   1.2   0.0
  20 1987 321   4.50  10.8  18.2   1.300   4.3   0.0
  20 1987 322   7.40   9.2  16.8   0.800   7.2   0.0
  20 1987 323   6.50   4.0  15.8   0.700   4.4   0.0
  20 1987 324   0.00   5.5  15.0   0.900   2.0   7.5
  20 1987 325   0.00   6.8  10.4   0.800   7.7  15.2
  20 1987 326   2.50   2.8  12.2   0.800   3.7   0.0
  20 1987 327   1.40   4.4  15.5   0.900   2.3   0.0
  20 1987 328   3.00  12.0  19.5   1.400   5.5   0.0
  20 1987 329   5.50   6.9  20.3   1.200   1.8   0.0
  20 1987 330   0.20   7.2  17.8   1.200   1.7   2.2
  20 1987 331   3.50   6.8  16.2   1.000   1.1   0.0
  20 1987 332   5.10   6.0  16.0   1.000   1.8   2.5
  20 1987 333   0.00   5.6  16.4   1.100   1.1   0.0
  20 1987 334   2.30   5.2  15.2   0.900   1.1   0.0
  20 1987 335   7.00   4.3  16.4   0.900   1.8   0.0
  20 1987 336   6.50   5.0  16.5   0.900   2.0   0.0
  20 1987 337   3.50   5.4  15.4   1.000   3.1   0.0
  20 1987 338   0.00   6.6  12.2   1.100   1.7   0.0
  20 1987 339   0.00   9.4  12.3   1.200   1.7   4.4
  20 1987 340   0.00   9.5  17.5   1.100   2.0   0.0
  20 1987 341   0.40   9.2  14.8   1.200   0.8   0.2
  20 1987 342   2.30  11.0  19.2   1.500   1.7   0.7
  20 1987 343   3.00   7.7  16.3   1.200   2.5  19.1
  20 1987 344   0.00   5.3   9.3   1.000   3.5   3.5
  20 1987 345   0.30   3.6   9.2   0.900   4.1   0.0
  20 1987 346   3.30   3.8  11.7   1.000   2.3   2.4
-999 1987 347      1     1     1       1     4     1
  20 1987 347   0.20   6.0  10.0   1.000 -99.0   7.0
-999 1987 348      1     1     1       4     4     1
  20 1987 348   0.20   7.6  12.8 -99.000 -99.0   1.2
-999 1987 349      1     1     1       1     1     1
  20 1987 349   0.20   8.9  14.1   1.200   1.4   0.0
  20 1987 350   5.00   6.0  16.7   1.100   0.8   0.0
  20 1987 351   4.20   6.5  16.4   1.200   1.4   0.0
  20 1987 352   6.10   3.0  16.8   1.100   1.2   0.0
  20 1987 353   3.30   3.0  14.6   1.000   1.7   0.0
  20 1987 354   5.40   6.5  15.0   1.200   4.8   0.0
  20 1987 355   6.20   5.2  18.4   0.800   2.2   0.0
  20 1987 356   6.10   7.2  15.4   1.100   4.0   0.0
  20 1987 357   6.10   4.5  16.2   0.900   4.2   0.0
  20 1987 358   6.30   1.5  11.5   0.700   4.2   0.0
  20 1987 359   6.00   1.1  13.6   0.700   2.5   0.0
-999 1987 360      1     1     1       1     4     1
  20 1987 360   4.20   1.6  13.5   0.800 -99.0   0.0
  20 1987 361   2.30   4.4  14.4   0.900 -99.0   0.0
-999 1987 362      1     1     1       1     1     1
  20 1987 362   6.10   4.5  16.6   1.000   1.1   0.0
  20 1987 363   6.00   3.2  17.5   1.000   1.9   0.0
  20 1987 364   6.00   3.8  15.8   1.000   1.6   0.0
  20 1987 365   0.00   6.5  11.2   1.000   1.6   0.0
