*---------------------------------------------------------------------------*
* Station name: POLICORO
* Year: 1986
* Author: Vitale Nuzzo                                    NULL-VALUE = -99.0
* Source: C.N.R. - Servizio Idrografico
* Comments: from the original data file are changed:
*     - wind speed: average is calculated between daily
*                   and nightly wind distance in 12h and
*                   units are converted
*     - vapor pres.: vapor pressure is calculated from the
*                    original data of relative humidity and
*                    temperature
* Longitude: 16 25 E, Latitude: 40 07 N, altitude: 10 m
* A and B regression coefficents
*
* Column daily value
* 1      Station number             -
* 2      year                       -
* 3      day                        -
* 4      sunshine                  (h)
* 5      minimum temperature       (degrees Celsius)
* 6      maximum temperature       (degrees Celsius)
* 7      vapour pressure           (kPa)
* 8      average wind speed        (m s-1)
* 9      precipitation             (mm d-1)
*---------------------------------------------------------------------------*
  16.41  40.12    10. 0.18 0.47
  20 1986   1   0.00   3.5  12.4   0.900   1.0   0.2
  20 1986   2   5.20   3.8  15.6   0.900   1.3   0.0
  20 1986   3   4.00   6.4  19.2   1.100   1.3   2.0
  20 1986   4   2.20   7.1  18.2   1.200   1.4   0.0
  20 1986   5   5.20   4.4  14.4   0.900   1.6   1.0
  20 1986   6   3.20   3.8  14.4   0.900   2.0   0.0
  20 1986   7   4.50   2.2  13.4   0.800   4.0   0.0
  20 1986   8   5.20   2.5  13.8   0.900   2.3   0.0
  20 1986   9   2.40   4.2  15.4   1.100   1.0  24.5
  20 1986  10   0.20   1.6  11.2   0.800   4.9   1.5
  20 1986  11   7.40   1.7  13.7   0.700   1.8   0.0
  20 1986  12   3.50   3.4  11.9   0.900   2.9   0.0
  20 1986  13   7.30  -0.6  11.8   0.800   3.0   0.0
  20 1986  14   7.00   6.5  15.6   1.000   1.4   0.0
  20 1986  15   4.10   6.2  17.8   1.100   2.5   0.0
  20 1986  16   4.20   5.0  15.8   0.600   5.9   0.0
  20 1986  17   6.30   4.8  10.4   0.700   7.2   0.0
  20 1986  18   7.50  -3.4   9.3   0.600   2.0   0.0
-999 1986  19      1     1     1       1     4     1
  20 1986  19   0.30  -2.0  15.8   0.800 -99.0   0.0
-999 1986  20      1     1     1       4     1     1
  20 1986  20   8.00   5.0  17.4 -99.000   3.0   0.0
  20 1986  21   6.30   4.0  15.6 -99.000   1.3   0.0
  20 1986  22   0.00   5.2  12.2 -99.000   0.7   0.0
  20 1986  23   1.40   5.6  17.0 -99.000   1.3   0.0
  20 1986  24   1.10   4.5  16.6 -99.000   2.3   3.0
  20 1986  25   2.50   2.6   8.8 -99.000   3.1   1.1
-999 1986  26      1     1     1       4     4     1
  20 1986  26   7.50   0.8   8.0 -99.000 -99.0   0.8
-999 1986  27      1     1     1       1     1     1
  20 1986  27   1.00   1.6   7.0   0.800   3.0   5.8
  20 1986  28   6.30  -0.5   9.0   0.700   3.1   0.0
-999 1986  29      1     1     1       1     4     1
  20 1986  29   5.30   0.2  11.2   0.700 -99.0   0.0
  20 1986  30   1.10   3.4  12.8   1.000 -99.0   0.0
  20 1986  31   0.60   6.6  15.8   1.200 -99.0   2.2
  20 1986  32   4.00   5.1  16.0   1.100 -99.0   0.0
  20 1986  33   8.30   5.8  16.5   0.700 -99.0   0.2
-999 1986  34      1     1     1       1     1     1
  20 1986  34   4.30   4.8  15.6   1.000   1.8   0.0
  20 1986  35   0.00   3.8  11.5   0.900   3.4   0.0
  20 1986  36   0.00   3.6  10.6   0.900   2.2   6.6
  20 1986  37   2.20   4.2   9.8   0.900   3.2   8.8
  20 1986  38   3.20   1.0  10.8   0.800   1.8  12.2
  20 1986  39   7.00   2.6  14.0   0.800   1.6   0.0
-999 1986  40      1     1     1       1     4     1
  20 1986  40   4.40   2.4  14.2   0.900 -99.0   0.0
-999 1986  41      1     1     1       1     1     1
  20 1986  41   7.30   1.2  11.2   0.700   3.1   0.4
  20 1986  42   1.60   0.0   7.4   0.700   2.0   0.0
  20 1986  43   5.10   1.6   9.4   0.700   4.7   0.0
  20 1986  44   2.20   2.0   8.4   0.700   2.3   0.0
  20 1986  45   1.20   2.4  10.2   0.800   1.6   9.2
-999 1986  46      1     1     1       1     4     1
  20 1986  46   0.00   5.2  10.6   1.000 -99.0   0.2
  20 1986  47   0.00  -0.6   6.6   0.700 -99.0   1.0
-999 1986  48      1     1     1       1     1     1
  20 1986  48   4.10  -0.2  12.8   0.900   1.6   0.2
  20 1986  49   2.50   6.5  17.6   1.300   1.6   0.0
  20 1986  50   3.40   7.8  16.8   1.100   3.0   0.4
  20 1986  51   5.20   5.8  14.0   0.900   3.6   0.0
-999 1986  52      1     1     1       1     4     1
  20 1986  52   6.50   6.2  16.5   0.500 -99.0   0.0
  20 1986  53   2.50   7.1  14.6   1.000 -99.0   8.0
  20 1986  54   1.10   8.6  15.0   1.000 -99.0   0.0
-999 1986  55      1     1     1       1     1     1
  20 1986  55   6.00  10.2  18.8   1.300   1.8   0.0
  20 1986  56   3.30   3.5  16.0   1.000   4.3   1.4
  20 1986  57   0.00   1.5   6.0   0.600   4.8   0.0
  20 1986  58   3.30   2.5   7.8   0.600   3.5   0.0
  20 1986  59   0.00   3.2   9.6   0.800   1.8   0.0
  20 1986  60   0.00   7.4  12.4   1.200   4.8   1.1
-999 1986  61      1     1     1       1     4     1
  20 1986  61   0.00   8.6  16.2   1.200 -99.0   0.0
-999 1986  62      1     1     1       1     1     1
  20 1986  62   3.40   8.8  18.6   1.200   1.7   0.0
  20 1986  63   8.00   9.4  18.8   1.200   3.5   0.0
  20 1986  64   9.10   2.2  13.2   0.800   3.1   0.0
  20 1986  65   4.20   3.6  14.4   1.000   3.2   3.6
  20 1986  66   0.00  10.6  13.8   1.400   1.7  16.2
  20 1986  67   0.00   8.8  12.0   1.200   3.2  42.2
  20 1986  68   2.30   5.8  14.8   1.100   0.4   0.0
  20 1986  69   0.00   9.4  13.5   1.200   1.1  16.5
  20 1986  70   2.50   5.8  16.2   1.100   1.8   0.0
  20 1986  71   7.40   3.5  17.8   1.000   1.3   0.0
  20 1986  72   9.40   5.0  16.4   0.700   2.2   0.0
  20 1986  73   6.20   7.0  16.6   1.200   2.4   0.0
  20 1986  74   0.20   7.8  15.7   1.100   1.8   0.0
  20 1986  75   0.00   8.2  14.2   1.100   1.0   1.6
-999 1986  76      1     1     1       1     4     1
  20 1986  76   0.40   6.6  13.6   1.000 -99.0   0.0
-999 1986  77      1     1     1       1     1     1
  20 1986  77   0.00   5.0  11.0   0.800   1.7   0.0
  20 1986  78   0.00   5.8  11.2   0.800   1.7   0.2
  20 1986  79   0.10   2.6  12.2   0.700   1.4   0.0
  20 1986  80   4.20   5.0  14.8   1.000   1.9   0.0
  20 1986  81   0.60   4.2  14.7   1.000   2.6   3.8
-999 1986  82      1     1     1       1     4     1
  20 1986  82   8.40   3.2  14.4   0.900 -99.0   0.0
-999 1986  83      1     1     1       1     1     1
  20 1986  83   3.00   5.6  17.2   1.000   1.2   0.0
  20 1986  84   8.50   9.0  23.8   1.200   1.7   0.0
  20 1986  85   5.40   7.0  18.6   1.300   2.0  14.3
  20 1986  86   0.00   7.6  10.6   1.100   4.4  10.8
  20 1986  87   4.00   6.2  19.5   1.100   2.5   0.0
  20 1986  88  11.00   8.4  22.8   1.400   4.4   0.0
-999 1986  89      1     1     1       1     4     1
  20 1986  89  10.10   8.5  20.3   1.100 -99.0   0.0
-999 1986  90      1     1     1       1     1     1
  20 1986  90  11.10   8.4  21.2   1.100   2.8   0.0
  20 1986  91  10.40   5.8  21.2   1.200   1.3   0.0
  20 1986  92  10.10   7.0  20.0   1.200   2.3   0.0
  20 1986  93   4.40   7.8  16.8   1.200   1.6   0.0
  20 1986  94   0.00   7.6  16.4   1.200   1.3   0.0
  20 1986  95   6.10   9.4  24.4   1.200   1.4   0.0
  20 1986  96   9.20   8.2  22.4   1.200   1.4   0.0
  20 1986  97   3.30   9.6  20.2   1.400   2.0   0.0
  20 1986  98   8.00   8.8  20.8   1.300   1.8   0.0
  20 1986  99  10.20   8.5  21.2   1.100   2.8   0.0
  20 1986 100   8.00   5.2  18.2   0.700   2.6   0.0
  20 1986 101   9.50   7.2  17.8   1.100   1.2   0.0
-999 1986 102      1     1     1       1     4     1
  20 1986 102   9.40  10.5  22.4   1.300 -99.0   0.0
-999 1986 103      1     1     1       1     1     1
  20 1986 103   8.40   4.6  17.8   0.800   3.4   0.0
  20 1986 104   8.10   4.0  15.2   0.800   3.2   0.0
  20 1986 105   6.00   4.5  17.0   1.000   1.8   0.0
  20 1986 106   8.40   5.4  20.4   1.100   1.9   0.0
  20 1986 107   8.00   6.8  20.0   1.100   2.0   0.2
  20 1986 108   3.00  11.5  19.4   1.500   3.6   0.0
  20 1986 109   5.60   7.0  18.0   1.000   3.5   0.3
  20 1986 110   6.20   2.2  17.8   0.700   2.3   0.0
  20 1986 111  11.40   5.0  19.4   0.900   2.0   0.0
  20 1986 112  11.40   8.2  20.5   1.200   2.5   0.0
  20 1986 113  11.40   9.4  20.0   1.300   2.2   0.0
  20 1986 114  11.20   5.5  20.1   1.200   0.6   0.0
  20 1986 115  11.00   7.8  20.6   1.200   0.5   0.0
  20 1986 116   6.30   9.4  19.4   1.400   1.8   0.0
  20 1986 117   5.30  11.8  20.7   1.400   1.7   0.0
  20 1986 118   7.50   8.8  21.6   1.100   3.6   0.0
  20 1986 119   8.10   7.4  21.5   1.100   2.2   2.5
  20 1986 120   6.50   9.7  18.0   1.200   3.2   5.9
  20 1986 121   0.00  11.6  18.2   1.400   2.3   0.3
  20 1986 122   9.50  11.5  25.2   1.400   2.6   0.0
  20 1986 123  10.40  10.5  25.3   1.300   1.8   0.0
-999 1986 124      1     1     1       1     4     1
  20 1986 124   5.10  11.8  22.2   1.400 -99.0   0.4
-999 1986 125      1     1     1       1     1     1
  20 1986 125   0.20  13.2  18.6   1.600   1.3   6.7
  20 1986 126   0.20  10.2  19.4   1.400   1.2   0.0
  20 1986 127   9.40  11.5  23.5   1.600   1.4   0.0
  20 1986 128   2.30  10.2  20.8   1.600   1.3   0.0
  20 1986 129   6.30  12.6  24.4   1.500   2.8  17.5
  20 1986 130   8.00  12.4  20.6   1.200   6.0   0.0
  20 1986 131  11.10  10.5  23.6   1.200   2.6   0.0
  20 1986 132  10.40  11.8  25.0   1.300   2.0   0.0
  20 1986 133  11.40  11.8  26.4   1.400   1.7   0.0
  20 1986 134  10.30  13.0  25.4   1.700   1.8   0.0
  20 1986 135   6.20  14.4  23.0   1.900   1.4   0.0
  20 1986 136   9.10  14.2  24.2   1.900   1.9   0.0
  20 1986 137   5.30  15.4  24.2   1.900   1.4   0.0
  20 1986 138  11.20  14.4  27.4   1.700   2.0   0.0
  20 1986 139  12.00  16.0  29.0   1.700   2.0   0.0
  20 1986 140  11.40  17.2  30.2   1.700   1.8   0.0
  20 1986 141  10.20  17.5  30.6   2.000   1.4   0.0
  20 1986 142  11.20  18.5  29.0   2.200   2.2   0.0
  20 1986 143  10.50  17.2  29.4   2.000   1.8   0.0
  20 1986 144   6.30  16.6  28.3   2.200   2.0   0.0
  20 1986 145   5.50  16.4  28.0   1.800   3.5   1.5
  20 1986 146  11.00  17.4  29.5   2.000   0.6   0.0
  20 1986 147  11.30  15.4  29.0   2.000   1.8   0.0
  20 1986 148   7.00  15.4  29.2   2.000   1.6   0.0
  20 1986 149  11.10  17.0  29.4   1.900   2.0   0.0
  20 1986 150  10.30  16.8  30.4   1.800   3.0   0.0
  20 1986 151   6.30  13.6  27.0   1.400   1.8   0.0
  20 1986 152   9.40  13.8  27.2   1.400   2.2   0.0
  20 1986 153   9.10  13.4  25.3   1.700   0.8   0.0
  20 1986 154  11.40  13.5  26.7   1.600   1.3   0.0
-999 1986 155      1     1     1       1     4     1
  20 1986 155  11.50  16.0  26.6   1.700 -99.0   0.0
  20 1986 156   2.20  13.4  26.4   1.400 -99.0   0.0
  20 1986 157   0.30  15.0  28.0   1.800 -99.0   0.0
-999 1986 158      1     1     1       1     1     1
  20 1986 158   2.10  15.0  24.2   2.000   1.4   2.2
-999 1986 159      1     1     1       1     4     1
  20 1986 159   9.10  15.2  26.5   1.600 -99.0   0.0
-999 1986 160      1     1     1       1     1     1
  20 1986 160   9.30  17.2  25.4   1.300   7.9   0.0
  20 1986 161   4.50  18.0  26.5   1.400   9.1   0.0
  20 1986 162   8.50  16.4  31.0   1.300   5.5   0.0
  20 1986 163   3.30  15.0  27.8   1.400   2.2   0.0
  20 1986 164   3.30  14.4  25.0   1.800   2.3   0.0
  20 1986 165  11.40  16.5  26.2   2.000   2.5   0.0
  20 1986 166   2.10  18.2  29.6   2.000   2.2   0.0
  20 1986 167   9.40  17.6  31.0   2.000   2.0   0.0
  20 1986 168   5.50  20.0  30.0   2.000   2.0   0.0
  20 1986 169   8.10  18.8  30.2   2.100   2.2   0.0
  20 1986 170   8.00  18.0  29.2   2.200   1.9   0.0
  20 1986 171  11.60  17.5  29.4   2.200   2.3   0.0
  20 1986 172   9.10  16.6  30.1   2.100   4.0   1.4
  20 1986 173  11.60  18.0  30.8   2.000   2.3   0.0
  20 1986 174  11.40  20.2  33.8   0.900   2.3   0.0
  20 1986 175  11.00  21.2  33.9   2.500   2.4   0.0
  20 1986 176  11.10  20.5  32.5   2.300   3.0   0.0
  20 1986 177  11.60  18.8  31.6   1.400   6.2   0.0
  20 1986 178  12.00  20.0  30.8   1.500   5.6   0.0
  20 1986 179  11.40  19.0  31.6   1.600   4.4   0.0
  20 1986 180  11.10  17.6  33.6   2.100   2.6   0.2
  20 1986 181   8.20  18.2  30.2   2.100   2.0   9.6
  20 1986 182   6.50  17.2  26.5   1.800   2.8   2.0
  20 1986 183   7.50  17.2  30.2   1.800   3.1   0.0
  20 1986 184   8.30  17.6  31.2   2.000   2.0   0.0
  20 1986 185  11.30  18.8  31.4   2.100   2.2   0.0
  20 1986 186  11.50  18.5  32.8   2.000   1.9   0.0
  20 1986 187  11.10  18.6  31.5   2.300   2.0   0.0
  20 1986 188  10.50  21.0  32.2   2.300   2.6   0.0
  20 1986 189  10.50  17.5  32.0   1.600   3.2   0.0
  20 1986 190  12.00  19.5  30.8   2.300   3.0   0.0
  20 1986 191  10.50  15.4  30.4   1.900   2.0   0.0
  20 1986 192  12.00  18.4  31.2   1.900   2.0   0.0
  20 1986 193  10.40  16.3  31.7   1.900   1.4   0.0
  20 1986 194  11.30  19.5  31.0   2.400   2.6   0.0
  20 1986 195   8.10  20.2  30.0   2.600   2.2   0.0
  20 1986 196   9.00  20.6  31.4   2.400   2.3   0.0
  20 1986 197   4.10  19.2  31.4   2.200   3.0   0.0
  20 1986 198   5.00  17.8  27.4   2.200   1.8   4.1
  20 1986 199   7.30  19.0  30.4   2.200   1.6   0.0
  20 1986 200   6.50  19.7  30.3   2.500   2.0   0.0
  20 1986 201   2.00  17.4  27.4   2.200   3.0  22.8
-999 1986 202      1     1     1       1     4     1
  20 1986 202   6.40  17.4  27.2   2.200 -99.0  18.2
  20 1986 203  10.00  18.4  29.4   2.100 -99.0   0.0
-999 1986 204      1     1     1       1     1     1
  20 1986 204  11.40  19.0  31.8   2.300   1.4   0.0
  20 1986 205  11.20  20.8  32.2   2.700   2.0   0.0
  20 1986 206   0.20  17.0  33.2   1.800   2.5   0.0
  20 1986 207  11.40  18.0  31.4   2.000   1.6   0.0
  20 1986 208  11.30  20.4  31.6   2.600   1.6   0.0
  20 1986 209   5.20  20.2  31.0   2.600   1.4   0.0
  20 1986 210  11.60  21.0  33.4   2.100   3.6   0.0
  20 1986 211  11.60  17.2  33.6   2.000   2.4   0.0
  20 1986 212  11.60  17.9  33.7   1.300   1.7   0.0
  20 1986 213  10.40  17.1  33.2   2.200   1.4   0.0
  20 1986 214  10.20  20.8  34.2   2.400   1.8   0.0
  20 1986 215  11.10  21.4  34.3   2.200   2.3   0.0
  20 1986 216   7.30  19.6  34.5   2.200   2.0   0.0
  20 1986 217   8.40  21.0  35.3   2.400   2.5   3.5
  20 1986 218   8.10  20.9  33.7   2.100   4.6   0.0
  20 1986 219   7.20  19.3  32.0   2.400   3.5   1.2
  20 1986 220  10.40  19.6  32.5   2.300   1.7   0.0
  20 1986 221   8.20  20.4  32.8   2.300   1.4   0.0
  20 1986 222  11.20  21.7  35.2   2.500   2.6   0.0
  20 1986 223  11.40  21.0  35.7   2.300   2.0   0.0
  20 1986 224  11.20  20.2  35.5   2.500   1.6   0.0
  20 1986 225  11.00  22.4  34.8   2.800   2.5   0.0
  20 1986 226   9.20  20.4  35.2   2.500   2.4   6.2
  20 1986 227  11.10  20.1  32.2   2.200   3.4   0.0
  20 1986 228  10.30  13.8  20.2   1.300   1.9   0.0
  20 1986 229  10.30  19.5  33.2   2.600   1.2   0.0
  20 1986 230  10.40  20.5  33.2   2.600   1.6   0.0
  20 1986 231   9.10  20.5  33.8   2.500   1.6   0.0
  20 1986 232  11.30  21.6  35.7   2.300   2.8   0.0
  20 1986 233  11.50  21.8  34.7   2.400   1.8   0.0
  20 1986 234  10.40  20.6  32.8   2.500   1.7   0.0
  20 1986 235  11.30  17.2  32.6   2.400   1.7   0.0
  20 1986 236  11.40  20.8  34.5   2.400   2.2   0.0
  20 1986 237  11.50  17.3  32.6   1.900   2.8   0.0
  20 1986 238  11.00  17.5  30.7   2.100   1.8   0.0
  20 1986 239  11.00  19.0  32.3   2.200   1.9   0.0
  20 1986 240  10.60  17.3  31.8   2.600   1.9   0.0
  20 1986 241  11.40  18.8  34.5   2.300   2.2   0.0
  20 1986 242  11.50  16.2  33.3   1.600   2.4   0.0
  20 1986 243  10.40  17.5  29.6   1.700   2.0   0.0
  20 1986 244   9.00  17.6  30.2   1.800   2.6   0.0
  20 1986 245  11.10  15.6  28.4   1.300   4.3   0.0
  20 1986 246  11.40  15.6  30.6   1.700   2.0   0.0
  20 1986 247  11.30  16.2  31.8   1.800   3.0   0.0
  20 1986 248   8.00  13.8  26.5   1.500   4.0   0.0
  20 1986 249  11.20  14.6  28.7   1.700   1.9   0.0
  20 1986 250  11.20  16.6  29.6   2.100   1.9   0.0
  20 1986 251   1.00  17.6  29.8   2.000   1.8   0.0
  20 1986 252  10.30  16.4  29.6   2.000   1.9   0.0
  20 1986 253   9.40  16.8  30.0   1.900   2.5   2.2
  20 1986 254   1.30  18.2  24.0   1.900   1.8  20.6
  20 1986 255   9.30  17.6  29.3   1.900   1.3   0.0
  20 1986 256  10.50  18.0  29.5   2.100   1.7   0.0
  20 1986 257   9.50  18.8  30.0   2.100   1.6   0.0
  20 1986 258  10.00  19.0  31.0   2.100   1.4   0.0
  20 1986 259  10.30  19.0  31.2   1.500   1.4   0.0
  20 1986 260  10.40  17.6  32.0   2.100   1.2   0.0
  20 1986 261  10.10  18.6  32.2   2.200   1.6   0.0
  20 1986 262   9.10  19.5  34.4   2.100   4.6   0.0
  20 1986 263   9.20  15.0  26.8   1.300   4.4   0.0
  20 1986 264   6.10  15.2  25.2   1.400   4.0   0.0
  20 1986 265  10.40  13.0  27.4   1.200   3.1   0.0
  20 1986 266  10.40  13.8  30.4   1.000   1.9   0.0
  20 1986 267  10.30  14.4  29.8   1.500   1.6   0.0
  20 1986 268   8.00  15.6  27.8   1.700   1.8   1.7
  20 1986 269   5.40  15.2  27.6   1.600   1.3   0.0
  20 1986 270   8.40  16.5  28.3   1.800   1.8   0.5
-999 1986 271      1     1     1       1     4     1
  20 1986 271   0.20  15.0  21.5   1.700 -99.0   1.2
-999 1986 272      1     1     1       1     1     1
  20 1986 272   4.10  16.2  25.0   1.700   1.3   0.0
  20 1986 273   8.40  15.2  26.8   1.600   3.1   0.0
  20 1986 274   9.00  13.0  25.4   1.100   3.0   0.0
  20 1986 275   9.30  13.5  27.5   1.400   2.2   0.0
  20 1986 276   9.40  13.4  28.5   1.300   1.6   0.0
-999 1986 277      1     1     1       1     4     1
  20 1986 277  10.00  14.4  28.6   1.400 -99.0   0.0
  20 1986 278   9.30  15.5  29.8   1.700 -99.0   0.0
-999 1986 279      1     1     1       1     1     1
  20 1986 279   9.00  15.5  29.0   1.800   1.4   0.0
  20 1986 280   9.30  14.6  28.2   0.900   1.8   0.0
  20 1986 281   7.40  15.6  28.2   1.900   1.9   0.0
  20 1986 282   2.50  13.0  25.5   1.700   3.4   0.0
  20 1986 283   8.60  13.5  26.2   1.600   2.5   0.0
  20 1986 284   8.10  14.2  25.9   1.800   2.0   0.0
-999 1986 285      1     1     1       1     4     1
  20 1986 285   7.60  13.4  26.0   1.500 -99.0   0.0
-999 1986 286      1     1     1       1     1     1
  20 1986 286   8.00  13.8  25.8   1.600   1.9   0.0
  20 1986 287   7.00  14.0  25.6   1.700   1.9   0.0
  20 1986 288   2.50  13.8  24.2   1.600   1.7   0.0
  20 1986 289   5.40   9.8  23.6   1.400   2.4   0.0
  20 1986 290   9.10   9.4  23.8   1.100   2.6   0.0
-999 1986 291      1     1     1       1     4     1
  20 1986 291   8.40  10.5  22.6   1.300 -99.0   0.0
  20 1986 292   2.50  12.8  23.8   1.600 -99.0   8.6
-999 1986 293      1     1     1       1     1     1
  20 1986 293   6.20  15.2  21.6   1.500   2.2   0.0
  20 1986 294   3.10  11.2  26.3   1.500   1.8   0.0
  20 1986 295   0.30  11.6  27.4   1.600   1.8   0.0
  20 1986 296   8.40  15.6  28.0   1.700   2.6  11.0
  20 1986 297   5.20   7.4  22.2   1.200   1.5   0.0
  20 1986 298   5.10  10.2  18.8   1.200   1.6   0.0
  20 1986 299   1.50  10.6  19.7   1.200   1.6   0.0
  20 1986 300   4.30   9.6  18.4   1.100   1.3   0.0
  20 1986 301   3.20  10.2  19.8   1.400   4.0   6.1
  20 1986 302   0.00  12.8  16.0   1.500   4.1   1.8
  20 1986 303   5.30  11.0  19.6   1.300   4.6   0.0
  20 1986 304   3.00  12.7  19.4   1.400   3.1   0.0
  20 1986 305   4.30   9.4  20.7   1.200   2.0   0.0
  20 1986 306   8.10   9.6  21.8   1.300   1.6   0.0
  20 1986 307   0.50   8.5  17.4   1.200   1.9   7.7
-999 1986 308      1     1     1       1     4     1
  20 1986 308   0.00   9.2  14.0   1.200 -99.0   0.7
-999 1986 309      1     1     1       1     1     1
  20 1986 309   0.60   6.0  14.2   0.800   6.0   0.0
  20 1986 310   8.10   6.5  15.4   1.000   3.4   0.0
  20 1986 311   8.40   6.2  18.6   0.900   2.9   0.0
  20 1986 312   8.40   4.2  18.8   0.900   1.8   0.0
  20 1986 313   8.10   8.2  19.8   1.100   1.3   0.0
  20 1986 314   6.20   9.0  19.8   1.200   1.3   0.0
  20 1986 315   7.40   7.8  19.4   1.200   2.2   0.0
  20 1986 316   7.10   8.2  18.6   1.200   2.2   0.0
  20 1986 317   1.50   9.5  17.2   1.200   1.3   0.0
  20 1986 318   3.30  11.0  19.4   1.400   1.7   0.0
  20 1986 319   8.20   9.4  20.6   1.400   2.3   0.0
  20 1986 320   7.20   7.6  18.4   1.200   1.3   0.0
  20 1986 321   6.10   9.5  18.0   1.200   1.7   0.0
  20 1986 322   0.00  10.5  16.2   1.200   2.0   0.0
  20 1986 323   6.30   7.4  18.6   1.100   2.0   0.0
  20 1986 324   5.40   7.2  17.6   1.200   2.0   0.0
  20 1986 325   6.00   7.5  18.4   1.200   1.6   0.0
  20 1986 326   5.20   6.4  19.3   1.100   1.0   0.0
-999 1986 327      1     1     1       1     4     1
  20 1986 327   6.20   6.8  19.6   1.100 -99.0   0.0
-999 1986 328      1     1     1       1     1     1
  20 1986 328   0.10   8.4  18.2   1.200   2.4   1.0
  20 1986 329   0.50  10.5  15.4   1.400   4.0   4.1
  20 1986 330   5.60   7.4  17.8   1.200   3.7   0.0
  20 1986 331   5.50   7.8  15.8   1.200   4.9   0.7
  20 1986 332   2.50   5.5  14.8   0.900   3.5   0.0
  20 1986 333   6.10   6.0  14.7   0.900   3.2   0.0
  20 1986 334   3.10   4.0  15.2   0.800   3.6   0.0
  20 1986 335   7.20   3.5  14.8   0.800   4.2   0.0
  20 1986 336   7.20   3.6  13.8   0.800   4.0   0.0
  20 1986 337   7.20   4.5  16.4   0.900   3.8   0.0
  20 1986 338   7.30   5.2  18.0   0.900   2.2   0.0
  20 1986 339   4.20   4.6  16.2   1.000   1.7   0.0
  20 1986 340   6.00   4.4  15.3   0.900   2.3   0.0
  20 1986 341   6.30   5.0  14.5   0.900   3.6   0.0
-999 1986 342      1     1     1       4     4     1
  20 1986 342   2.30   5.5  15.4 -99.000 -99.0   0.0
  20 1986 343   6.00   5.8  15.4 -99.000 -99.0   0.0
  20 1986 344   3.20   6.0  14.2 -99.000 -99.0   0.0
  20 1986 345   0.20   6.5  13.2 -99.000 -99.0   0.0
  20 1986 346   5.40   2.8  15.8 -99.000 -99.0   0.0
  20 1986 347   4.30   2.5  13.6 -99.000 -99.0   0.0
  20 1986 348   3.30   3.2  15.0 -99.000 -99.0   0.0
-999 1986 349      1     1     1       4     1     1
  20 1986 349   0.00   5.4  14.0 -99.000   1.1   0.0
  20 1986 350   1.30   7.6  11.4 -99.000   2.4   0.0
  20 1986 351   6.40   4.0  13.4 -99.000   6.1   0.0
-999 1986 352      1     1     1       4     4     1
  20 1986 352   6.50   0.5  13.2 -99.000 -99.0   0.0
-999 1986 353      1     1     1       3     1     1
  20 1986 353   1.00   2.6  17.5   0.800   4.1   0.0
-999 1986 354      1     1     1       4     4     1
  20 1986 354   6.60   2.0  13.3 -99.000 -99.0   0.0
  20 1986 355   0.00   4.5  10.4 -99.000 -99.0   0.5
-999 1986 356      1     1     1       4     1     1
  20 1986 356   5.20   0.5  13.0 -99.000   3.0   1.0
  20 1986 357   7.00  -0.2  11.0 -99.000   0.3   0.0
-999 1986 358      1     1     1       4     4     1
  20 1986 358   0.00   0.9   6.5 -99.000 -99.0   0.0
  20 1986 359   4.20   0.5   4.5 -99.000 -99.0   0.0
  20 1986 360   5.50   1.7   6.0 -99.000 -99.0   0.0
  20 1986 361   0.00  -0.5   5.6 -99.000 -99.0   2.6
  20 1986 362   6.10   2.4   8.5 -99.000 -99.0   0.0
-999 1986 363      1     1     1       4     1     1
  20 1986 363   6.50   2.4  15.4 -99.000   1.9   0.0
  20 1986 364   6.30   2.8  17.5 -99.000   1.2   0.0
-999 1986 365      1     1     1       3     1     1
  20 1986 365   6.50   3.4  18.0   0.600   2.4   0.0
