*---------------------------------------------------------------------------*
* Station name: Mopti-aerodrome, Mopti-region, Mali
* Year: 1961
* Author: Olaf Erenstein & Willem Stol
* Source: Meteo Mali
* Comments: Daily raindata, others monthly means
*
* Longitude: 04 06 W
* Latitude:  14 31 N
* Altitude:    271 m
*
* Column  Daily value
* 1       station number
* 2       year
* 3       day
* 4       irradiation                   (kJ m-2 d-1)
* 5       minimum temperature           (degrees Celsius)
* 6       maximum temperature           (degrees Celsius)
* 7       early morning vapour pressure (kPa)
* 8       mean wind speed (height: 2 m) (m s-1)
* 9       precipitation                 (mm d-1)
*---------------------------------------------------------------------------*
  -4.10  14.52   271. 0.00 0.00
   2 1961   1      4     4     4       4     4     4
   2 1961   1     0.   0.0   0.0   0.000   0.0   0.0
   2 1961   2     0.   0.0   0.0   0.000   0.0   0.0
   2 1961   3     0.   0.0   0.0   0.000   0.0   0.0
   2 1961   4     0.   0.0   0.0   0.000   0.0   0.0
   2 1961   5     0.   0.0   0.0   0.000   0.0   0.0
   2 1961   6     0.   0.0   0.0   0.000   0.0   0.0
   2 1961   7     0.   0.0   0.0   0.000   0.0   0.0
   2 1961   8     0.   0.0   0.0   0.000   0.0   0.0
   2 1961   9     0.   0.0   0.0   0.000   0.0   0.0
   2 1961  10     0.   0.0   0.0   0.000   0.0   0.0
   2 1961  11     0.   0.0   0.0   0.000   0.0   0.0
   2 1961  12     0.   0.0   0.0   0.000   0.0   0.0
   2 1961  13     0.   0.0   0.0   0.000   0.0   0.0
   2 1961  14     0.   0.0   0.0   0.000   0.0   0.0
   2 1961  15     0.   0.0   0.0   0.000   0.0   0.0
   2 1961  16     0.   0.0   0.0   0.000   0.0   0.0
   2 1961  17     0.   0.0   0.0   0.000   0.0   0.0
   2 1961  18     0.   0.0   0.0   0.000   0.0   0.0
   2 1961  19     0.   0.0   0.0   0.000   0.0   0.0
   2 1961  20     0.   0.0   0.0   0.000   0.0   0.0
   2 1961  21     0.   0.0   0.0   0.000   0.0   0.0
   2 1961  22     0.   0.0   0.0   0.000   0.0   0.0
   2 1961  23     0.   0.0   0.0   0.000   0.0   0.0
   2 1961  24     0.   0.0   0.0   0.000   0.0   0.0
   2 1961  25     0.   0.0   0.0   0.000   0.0   0.0
   2 1961  26     0.   0.0   0.0   0.000   0.0   0.0
   2 1961  27     0.   0.0   0.0   0.000   0.0   0.0
   2 1961  28     0.   0.0   0.0   0.000   0.0   0.0
   2 1961  29     0.   0.0   0.0   0.000   0.0   0.0
   2 1961  30     0.   0.0   0.0   0.000   0.0   0.0
   2 1961  31     0.   0.0   0.0   0.000   0.0   0.0
   2 1961  32     0.   0.0   0.0   0.000   0.0   0.0
   2 1961  33     0.   0.0   0.0   0.000   0.0   0.0
   2 1961  34     0.   0.0   0.0   0.000   0.0   0.0
   2 1961  35     0.   0.0   0.0   0.000   0.0   0.0
   2 1961  36     0.   0.0   0.0   0.000   0.0   0.0
   2 1961  37     0.   0.0   0.0   0.000   0.0   0.0
   2 1961  38     0.   0.0   0.0   0.000   0.0   0.0
   2 1961  39     0.   0.0   0.0   0.000   0.0   0.0
   2 1961  40     0.   0.0   0.0   0.000   0.0   0.0
   2 1961  41     0.   0.0   0.0   0.000   0.0   0.0
   2 1961  42     0.   0.0   0.0   0.000   0.0   0.0
   2 1961  43     0.   0.0   0.0   0.000   0.0   0.0
   2 1961  44     0.   0.0   0.0   0.000   0.0   0.0
   2 1961  45     0.   0.0   0.0   0.000   0.0   0.0
   2 1961  46     0.   0.0   0.0   0.000   0.0   0.0
   2 1961  47     0.   0.0   0.0   0.000   0.0   0.0
   2 1961  48     0.   0.0   0.0   0.000   0.0   0.0
   2 1961  49     0.   0.0   0.0   0.000   0.0   0.0
   2 1961  50     0.   0.0   0.0   0.000   0.0   0.0
   2 1961  51     0.   0.0   0.0   0.000   0.0   0.0
   2 1961  52     0.   0.0   0.0   0.000   0.0   0.0
   2 1961  53     0.   0.0   0.0   0.000   0.0   0.0
   2 1961  54     0.   0.0   0.0   0.000   0.0   0.0
   2 1961  55     0.   0.0   0.0   0.000   0.0   0.0
   2 1961  56     0.   0.0   0.0   0.000   0.0   0.0
   2 1961  57     0.   0.0   0.0   0.000   0.0   0.0
   2 1961  58     0.   0.0   0.0   0.000   0.0   0.0
   2 1961  59     0.   0.0   0.0   0.000   0.0   0.0
   2 1961  60     0.   0.0   0.0   0.000   0.0   0.0
   2 1961  61     0.   0.0   0.0   0.000   0.0   0.0
   2 1961  62     0.   0.0   0.0   0.000   0.0   0.0
   2 1961  63     0.   0.0   0.0   0.000   0.0   0.0
   2 1961  64     0.   0.0   0.0   0.000   0.0   0.0
   2 1961  65     0.   0.0   0.0   0.000   0.0   0.0
   2 1961  66     0.   0.0   0.0   0.000   0.0   0.0
   2 1961  67     0.   0.0   0.0   0.000   0.0   0.0
   2 1961  68     0.   0.0   0.0   0.000   0.0   0.0
   2 1961  69     0.   0.0   0.0   0.000   0.0   0.0
   2 1961  70     0.   0.0   0.0   0.000   0.0   0.0
   2 1961  71     0.   0.0   0.0   0.000   0.0   0.0
   2 1961  72     0.   0.0   0.0   0.000   0.0   0.0
   2 1961  73     0.   0.0   0.0   0.000   0.0   0.0
   2 1961  74     0.   0.0   0.0   0.000   0.0   0.0
   2 1961  75     0.   0.0   0.0   0.000   0.0   0.0
   2 1961  76     0.   0.0   0.0   0.000   0.0   0.0
   2 1961  77     0.   0.0   0.0   0.000   0.0   0.0
   2 1961  78     0.   0.0   0.0   0.000   0.0   0.0
   2 1961  79     0.   0.0   0.0   0.000   0.0   0.0
   2 1961  80     0.   0.0   0.0   0.000   0.0   0.0
   2 1961  81     0.   0.0   0.0   0.000   0.0   0.0
   2 1961  82     0.   0.0   0.0   0.000   0.0   0.0
   2 1961  83     0.   0.0   0.0   0.000   0.0   0.0
   2 1961  84     0.   0.0   0.0   0.000   0.0   0.0
   2 1961  85     0.   0.0   0.0   0.000   0.0   0.0
   2 1961  86     0.   0.0   0.0   0.000   0.0   0.0
   2 1961  87     0.   0.0   0.0   0.000   0.0   0.0
   2 1961  88     0.   0.0   0.0   0.000   0.0   0.0
   2 1961  89     0.   0.0   0.0   0.000   0.0   0.0
   2 1961  90     0.   0.0   0.0   0.000   0.0   0.0
   2 1961  91     0.   0.0   0.0   0.000   0.0   0.0
   2 1961  92     0.   0.0   0.0   0.000   0.0   0.0
   2 1961  93     0.   0.0   0.0   0.000   0.0   0.0
   2 1961  94     0.   0.0   0.0   0.000   0.0   0.0
   2 1961  95     0.   0.0   0.0   0.000   0.0   0.0
   2 1961  96     0.   0.0   0.0   0.000   0.0   0.0
   2 1961  97     0.   0.0   0.0   0.000   0.0   0.0
   2 1961  98     0.   0.0   0.0   0.000   0.0   0.0
   2 1961  99     0.   0.0   0.0   0.000   0.0   0.0
   2 1961 100     0.   0.0   0.0   0.000   0.0   0.0
   2 1961 101     0.   0.0   0.0   0.000   0.0   0.0
   2 1961 102     0.   0.0   0.0   0.000   0.0   0.0
   2 1961 103     0.   0.0   0.0   0.000   0.0   0.0
   2 1961 104     0.   0.0   0.0   0.000   0.0   0.0
   2 1961 105     0.   0.0   0.0   0.000   0.0   0.0
   2 1961 106     0.   0.0   0.0   0.000   0.0   0.0
   2 1961 107     0.   0.0   0.0   0.000   0.0   0.0
   2 1961 108     0.   0.0   0.0   0.000   0.0   0.0
   2 1961 109     0.   0.0   0.0   0.000   0.0   0.0
   2 1961 110     0.   0.0   0.0   0.000   0.0   0.0
   2 1961 111     0.   0.0   0.0   0.000   0.0   0.0
   2 1961 112     0.   0.0   0.0   0.000   0.0   0.0
   2 1961 113     0.   0.0   0.0   0.000   0.0   0.0
   2 1961 114     0.   0.0   0.0   0.000   0.0   0.0
   2 1961 115     0.   0.0   0.0   0.000   0.0   0.0
   2 1961 116     0.   0.0   0.0   0.000   0.0   0.0
   2 1961 117     0.   0.0   0.0   0.000   0.0   0.0
   2 1961 118     0.   0.0   0.0   0.000   0.0   0.0
   2 1961 119     0.   0.0   0.0   0.000   0.0   0.0
   2 1961 120     0.   0.0   0.0   0.000   0.0   0.0
   2 1961 121      4     4     4       4     4     1
   2 1961 121     0.   0.0   0.0   0.000   0.0   0.0
   2 1961 122     0.   0.0   0.0   0.000   0.0   0.0
   2 1961 123     0.   0.0   0.0   0.000   0.0   0.0
   2 1961 124     0.   0.0   0.0   0.000   0.0   0.0
   2 1961 125     0.   0.0   0.0   0.000   0.0   0.0
   2 1961 126     0.   0.0   0.0   0.000   0.0   0.0
   2 1961 127     0.   0.0   0.0   0.000   0.0   1.7
   2 1961 128     0.   0.0   0.0   0.000   0.0   1.1
   2 1961 129     0.   0.0   0.0   0.000   0.0   0.0
   2 1961 130     0.   0.0   0.0   0.000   0.0   0.0
   2 1961 131     0.   0.0   0.0   0.000   0.0   0.0
   2 1961 132     0.   0.0   0.0   0.000   0.0   0.0
   2 1961 133     0.   0.0   0.0   0.000   0.0   0.0
   2 1961 134     0.   0.0   0.0   0.000   0.0   0.0
   2 1961 135     0.   0.0   0.0   0.000   0.0   3.2
   2 1961 136     0.   0.0   0.0   0.000   0.0   0.0
   2 1961 137     0.   0.0   0.0   0.000   0.0   0.0
   2 1961 138     0.   0.0   0.0   0.000   0.0   0.0
   2 1961 139     0.   0.0   0.0   0.000   0.0   0.0
   2 1961 140     0.   0.0   0.0   0.000   0.0   0.0
   2 1961 141     0.   0.0   0.0   0.000   0.0   0.2
   2 1961 142     0.   0.0   0.0   0.000   0.0   0.0
   2 1961 143     0.   0.0   0.0   0.000   0.0   0.0
   2 1961 144     0.   0.0   0.0   0.000   0.0   0.8
   2 1961 145     0.   0.0   0.0   0.000   0.0   0.0
   2 1961 146     0.   0.0   0.0   0.000   0.0   0.0
   2 1961 147     0.   0.0   0.0   0.000   0.0   3.5
   2 1961 148     0.   0.0   0.0   0.000   0.0   0.0
   2 1961 149     0.   0.0   0.0   0.000   0.0   0.4
   2 1961 150     0.   0.0   0.0   0.000   0.0   0.0
   2 1961 151     0.   0.0   0.0   0.000   0.0   0.0
   2 1961 152     0.   0.0   0.0   0.000   0.0   0.0
   2 1961 153     0.   0.0   0.0   0.000   0.0   0.5
   2 1961 154     0.   0.0   0.0   0.000   0.0   0.0
   2 1961 155     0.   0.0   0.0   0.000   0.0   1.3
   2 1961 156     0.   0.0   0.0   0.000   0.0   0.0
   2 1961 157     0.   0.0   0.0   0.000   0.0   0.0
   2 1961 158     0.   0.0   0.0   0.000   0.0  16.0
   2 1961 159     0.   0.0   0.0   0.000   0.0   0.0
   2 1961 160     0.   0.0   0.0   0.000   0.0   0.0
   2 1961 161     0.   0.0   0.0   0.000   0.0   0.0
   2 1961 162     0.   0.0   0.0   0.000   0.0   0.0
   2 1961 163     0.   0.0   0.0   0.000   0.0   0.0
   2 1961 164     0.   0.0   0.0   0.000   0.0   0.0
   2 1961 165     0.   0.0   0.0   0.000   0.0   0.0
   2 1961 166     0.   0.0   0.0   0.000   0.0   0.0
   2 1961 167     0.   0.0   0.0   0.000   0.0   0.0
   2 1961 168     0.   0.0   0.0   0.000   0.0   0.2
   2 1961 169     0.   0.0   0.0   0.000   0.0   1.7
   2 1961 170     0.   0.0   0.0   0.000   0.0   3.0
   2 1961 171     0.   0.0   0.0   0.000   0.0   0.0
   2 1961 172     0.   0.0   0.0   0.000   0.0   0.0
   2 1961 173     0.   0.0   0.0   0.000   0.0   2.7
   2 1961 174     0.   0.0   0.0   0.000   0.0   0.0
   2 1961 175     0.   0.0   0.0   0.000   0.0   0.0
   2 1961 176     0.   0.0   0.0   0.000   0.0  17.4
   2 1961 177     0.   0.0   0.0   0.000   0.0   0.0
   2 1961 178     0.   0.0   0.0   0.000   0.0   0.0
   2 1961 179     0.   0.0   0.0   0.000   0.0   0.0
   2 1961 180     0.   0.0   0.0   0.000   0.0  24.0
   2 1961 181     0.   0.0   0.0   0.000   0.0   2.3
   2 1961 182     0.   0.0   0.0   0.000   0.0   0.0
   2 1961 183     0.   0.0   0.0   0.000   0.0   0.0
   2 1961 184     0.   0.0   0.0   0.000   0.0  10.6
   2 1961 185     0.   0.0   0.0   0.000   0.0   0.2
   2 1961 186     0.   0.0   0.0   0.000   0.0  11.2
   2 1961 187     0.   0.0   0.0   0.000   0.0   0.0
   2 1961 188     0.   0.0   0.0   0.000   0.0   0.0
   2 1961 189     0.   0.0   0.0   0.000   0.0   0.0
   2 1961 190     0.   0.0   0.0   0.000   0.0   0.0
   2 1961 191     0.   0.0   0.0   0.000   0.0   0.0
   2 1961 192     0.   0.0   0.0   0.000   0.0   0.0
   2 1961 193     0.   0.0   0.0   0.000   0.0   0.0
   2 1961 194     0.   0.0   0.0   0.000   0.0   9.9
   2 1961 195     0.   0.0   0.0   0.000   0.0   8.9
   2 1961 196     0.   0.0   0.0   0.000   0.0   0.0
   2 1961 197     0.   0.0   0.0   0.000   0.0   6.0
   2 1961 198     0.   0.0   0.0   0.000   0.0   0.0
   2 1961 199     0.   0.0   0.0   0.000   0.0   0.0
   2 1961 200     0.   0.0   0.0   0.000   0.0   0.0
   2 1961 201     0.   0.0   0.0   0.000   0.0   0.2
   2 1961 202     0.   0.0   0.0   0.000   0.0   0.0
   2 1961 203     0.   0.0   0.0   0.000   0.0   0.7
   2 1961 204     0.   0.0   0.0   0.000   0.0  23.3
   2 1961 205     0.   0.0   0.0   0.000   0.0   0.0
   2 1961 206     0.   0.0   0.0   0.000   0.0   0.0
   2 1961 207     0.   0.0   0.0   0.000   0.0   0.2
   2 1961 208     0.   0.0   0.0   0.000   0.0  30.9
   2 1961 209     0.   0.0   0.0   0.000   0.0   2.0
   2 1961 210     0.   0.0   0.0   0.000   0.0   0.0
   2 1961 211     0.   0.0   0.0   0.000   0.0   9.5
   2 1961 212     0.   0.0   0.0   0.000   0.0  43.0
   2 1961 213     0.   0.0   0.0   0.000   0.0   5.8
   2 1961 214     0.   0.0   0.0   0.000   0.0   4.7
   2 1961 215     0.   0.0   0.0   0.000   0.0  28.9
   2 1961 216     0.   0.0   0.0   0.000   0.0   0.2
   2 1961 217     0.   0.0   0.0   0.000   0.0  10.4
   2 1961 218     0.   0.0   0.0   0.000   0.0   0.0
   2 1961 219     0.   0.0   0.0   0.000   0.0   0.0
   2 1961 220     0.   0.0   0.0   0.000   0.0   1.6
   2 1961 221     0.   0.0   0.0   0.000   0.0   0.3
   2 1961 222     0.   0.0   0.0   0.000   0.0   0.0
   2 1961 223     0.   0.0   0.0   0.000   0.0   0.0
   2 1961 224     0.   0.0   0.0   0.000   0.0   0.0
   2 1961 225     0.   0.0   0.0   0.000   0.0   0.0
   2 1961 226     0.   0.0   0.0   0.000   0.0   0.0
   2 1961 227     0.   0.0   0.0   0.000   0.0   0.0
   2 1961 228     0.   0.0   0.0   0.000   0.0   0.0
   2 1961 229     0.   0.0   0.0   0.000   0.0   0.0
   2 1961 230     0.   0.0   0.0   0.000   0.0   5.6
   2 1961 231     0.   0.0   0.0   0.000   0.0   0.0
   2 1961 232     0.   0.0   0.0   0.000   0.0   3.2
   2 1961 233     0.   0.0   0.0   0.000   0.0   0.0
   2 1961 234     0.   0.0   0.0   0.000   0.0   0.0
   2 1961 235     0.   0.0   0.0   0.000   0.0   4.0
   2 1961 236     0.   0.0   0.0   0.000   0.0   1.4
   2 1961 237     0.   0.0   0.0   0.000   0.0   1.7
   2 1961 238     0.   0.0   0.0   0.000   0.0   2.2
   2 1961 239     0.   0.0   0.0   0.000   0.0   0.0
   2 1961 240     0.   0.0   0.0   0.000   0.0  11.0
   2 1961 241     0.   0.0   0.0   0.000   0.0  21.8
   2 1961 242     0.   0.0   0.0   0.000   0.0   2.0
   2 1961 243     0.   0.0   0.0   0.000   0.0  10.4
   2 1961 244     0.   0.0   0.0   0.000   0.0   0.0
   2 1961 245     0.   0.0   0.0   0.000   0.0   0.9
   2 1961 246     0.   0.0   0.0   0.000   0.0   0.0
   2 1961 247     0.   0.0   0.0   0.000   0.0   0.0
   2 1961 248     0.   0.0   0.0   0.000   0.0   0.4
   2 1961 249     0.   0.0   0.0   0.000   0.0   0.0
   2 1961 250     0.   0.0   0.0   0.000   0.0   0.0
   2 1961 251     0.   0.0   0.0   0.000   0.0   0.0
   2 1961 252     0.   0.0   0.0   0.000   0.0   0.2
   2 1961 253     0.   0.0   0.0   0.000   0.0   2.3
   2 1961 254     0.   0.0   0.0   0.000   0.0   2.1
   2 1961 255     0.   0.0   0.0   0.000   0.0   0.1
   2 1961 256     0.   0.0   0.0   0.000   0.0  10.5
   2 1961 257     0.   0.0   0.0   0.000   0.0   0.0
   2 1961 258     0.   0.0   0.0   0.000   0.0   0.0
   2 1961 259     0.   0.0   0.0   0.000   0.0   4.0
   2 1961 260     0.   0.0   0.0   0.000   0.0   0.0
   2 1961 261     0.   0.0   0.0   0.000   0.0   0.0
   2 1961 262     0.   0.0   0.0   0.000   0.0   0.0
   2 1961 263     0.   0.0   0.0   0.000   0.0   0.0
   2 1961 264     0.   0.0   0.0   0.000   0.0   0.0
   2 1961 265     0.   0.0   0.0   0.000   0.0   3.4
   2 1961 266     0.   0.0   0.0   0.000   0.0   3.0
   2 1961 267     0.   0.0   0.0   0.000   0.0   0.0
   2 1961 268     0.   0.0   0.0   0.000   0.0   0.0
   2 1961 269     0.   0.0   0.0   0.000   0.0   0.0
   2 1961 270     0.   0.0   0.0   0.000   0.0   6.6
   2 1961 271     0.   0.0   0.0   0.000   0.0   0.0
   2 1961 272     0.   0.0   0.0   0.000   0.0   0.0
   2 1961 273     0.   0.0   0.0   0.000   0.0   0.0
   2 1961 274     0.   0.0   0.0   0.000   0.0  19.6
   2 1961 275     0.   0.0   0.0   0.000   0.0   0.0
   2 1961 276     0.   0.0   0.0   0.000   0.0   0.0
   2 1961 277     0.   0.0   0.0   0.000   0.0   0.2
   2 1961 278     0.   0.0   0.0   0.000   0.0   6.3
   2 1961 279     0.   0.0   0.0   0.000   0.0   0.0
   2 1961 280     0.   0.0   0.0   0.000   0.0   0.0
   2 1961 281     0.   0.0   0.0   0.000   0.0   0.0
   2 1961 282     0.   0.0   0.0   0.000   0.0   0.0
   2 1961 283     0.   0.0   0.0   0.000   0.0   0.0
   2 1961 284     0.   0.0   0.0   0.000   0.0   0.0
   2 1961 285     0.   0.0   0.0   0.000   0.0   0.0
   2 1961 286     0.   0.0   0.0   0.000   0.0   0.0
   2 1961 287     0.   0.0   0.0   0.000   0.0   0.0
   2 1961 288     0.   0.0   0.0   0.000   0.0   0.7
   2 1961 289     0.   0.0   0.0   0.000   0.0   0.0
   2 1961 290     0.   0.0   0.0   0.000   0.0   0.0
   2 1961 291     0.   0.0   0.0   0.000   0.0   0.0
   2 1961 292     0.   0.0   0.0   0.000   0.0   0.0
   2 1961 293     0.   0.0   0.0   0.000   0.0   0.0
   2 1961 294     0.   0.0   0.0   0.000   0.0   0.0
   2 1961 295     0.   0.0   0.0   0.000   0.0   0.0
   2 1961 296     0.   0.0   0.0   0.000   0.0   0.0
   2 1961 297     0.   0.0   0.0   0.000   0.0   0.0
   2 1961 298     0.   0.0   0.0   0.000   0.0   0.0
   2 1961 299     0.   0.0   0.0   0.000   0.0   0.0
   2 1961 300     0.   0.0   0.0   0.000   0.0   0.0
   2 1961 301     0.   0.0   0.0   0.000   0.0   0.0
   2 1961 302     0.   0.0   0.0   0.000   0.0   0.0
   2 1961 303     0.   0.0   0.0   0.000   0.0   0.0
   2 1961 304     0.   0.0   0.0   0.000   0.0   0.0
   2 1961 305      4     4     4       4     4     4
   2 1961 305     0.   0.0   0.0   0.000   0.0   0.0
   2 1961 306     0.   0.0   0.0   0.000   0.0   0.0
   2 1961 307     0.   0.0   0.0   0.000   0.0   0.0
   2 1961 308     0.   0.0   0.0   0.000   0.0   0.0
   2 1961 309     0.   0.0   0.0   0.000   0.0   0.0
   2 1961 310     0.   0.0   0.0   0.000   0.0   0.0
   2 1961 311     0.   0.0   0.0   0.000   0.0   0.0
   2 1961 312     0.   0.0   0.0   0.000   0.0   0.0
   2 1961 313     0.   0.0   0.0   0.000   0.0   0.0
   2 1961 314     0.   0.0   0.0   0.000   0.0   0.0
   2 1961 315     0.   0.0   0.0   0.000   0.0   0.0
   2 1961 316     0.   0.0   0.0   0.000   0.0   0.0
   2 1961 317     0.   0.0   0.0   0.000   0.0   0.0
   2 1961 318     0.   0.0   0.0   0.000   0.0   0.0
   2 1961 319     0.   0.0   0.0   0.000   0.0   0.0
   2 1961 320     0.   0.0   0.0   0.000   0.0   0.0
   2 1961 321     0.   0.0   0.0   0.000   0.0   0.0
   2 1961 322     0.   0.0   0.0   0.000   0.0   0.0
   2 1961 323     0.   0.0   0.0   0.000   0.0   0.0
   2 1961 324     0.   0.0   0.0   0.000   0.0   0.0
   2 1961 325     0.   0.0   0.0   0.000   0.0   0.0
   2 1961 326     0.   0.0   0.0   0.000   0.0   0.0
   2 1961 327     0.   0.0   0.0   0.000   0.0   0.0
   2 1961 328     0.   0.0   0.0   0.000   0.0   0.0
   2 1961 329     0.   0.0   0.0   0.000   0.0   0.0
   2 1961 330     0.   0.0   0.0   0.000   0.0   0.0
   2 1961 331     0.   0.0   0.0   0.000   0.0   0.0
   2 1961 332     0.   0.0   0.0   0.000   0.0   0.0
   2 1961 333     0.   0.0   0.0   0.000   0.0   0.0
   2 1961 334     0.   0.0   0.0   0.000   0.0   0.0
   2 1961 335     0.   0.0   0.0   0.000   0.0   0.0
   2 1961 336     0.   0.0   0.0   0.000   0.0   0.0
   2 1961 337     0.   0.0   0.0   0.000   0.0   0.0
   2 1961 338     0.   0.0   0.0   0.000   0.0   0.0
   2 1961 339     0.   0.0   0.0   0.000   0.0   0.0
   2 1961 340     0.   0.0   0.0   0.000   0.0   0.0
   2 1961 341     0.   0.0   0.0   0.000   0.0   0.0
   2 1961 342     0.   0.0   0.0   0.000   0.0   0.0
   2 1961 343     0.   0.0   0.0   0.000   0.0   0.0
   2 1961 344     0.   0.0   0.0   0.000   0.0   0.0
   2 1961 345     0.   0.0   0.0   0.000   0.0   0.0
   2 1961 346     0.   0.0   0.0   0.000   0.0   0.0
   2 1961 347     0.   0.0   0.0   0.000   0.0   0.0
   2 1961 348     0.   0.0   0.0   0.000   0.0   0.0
   2 1961 349     0.   0.0   0.0   0.000   0.0   0.0
   2 1961 350     0.   0.0   0.0   0.000   0.0   0.0
   2 1961 351     0.   0.0   0.0   0.000   0.0   0.0
   2 1961 352     0.   0.0   0.0   0.000   0.0   0.0
   2 1961 353     0.   0.0   0.0   0.000   0.0   0.0
   2 1961 354     0.   0.0   0.0   0.000   0.0   0.0
   2 1961 355     0.   0.0   0.0   0.000   0.0   0.0
   2 1961 356     0.   0.0   0.0   0.000   0.0   0.0
   2 1961 357     0.   0.0   0.0   0.000   0.0   0.0
   2 1961 358     0.   0.0   0.0   0.000   0.0   0.0
   2 1961 359     0.   0.0   0.0   0.000   0.0   0.0
   2 1961 360     0.   0.0   0.0   0.000   0.0   0.0
   2 1961 361     0.   0.0   0.0   0.000   0.0   0.0
   2 1961 362     0.   0.0   0.0   0.000   0.0   0.0
   2 1961 363     0.   0.0   0.0   0.000   0.0   0.0
   2 1961 364     0.   0.0   0.0   0.000   0.0   0.0
   2 1961 365     0.   0.0   0.0   0.000   0.0   0.0
