*---------------------------------------------------------------------------*
* Station name: Mopti-Sevare, Mopti-region, Mali
* Year: 1974
* Author: Olaf Erenstein & Willem Stol
* Source: Meteo Mali
* Comments: Daily raindata, others monthly means
*
* Longitude: 04 06 W
* Latitude:  14 31 N
* Altitude:    271 m
*
* Column  Daily value
* 1       station number
* 2       year
* 3       day
* 4       irradiation                   (kJ m-2 d-1)
* 5       minimum temperature           (degrees Celsius)
* 6       maximum temperature           (degrees Celsius)
* 7       early morning vapour pressure (kPa)
* 8       mean wind speed (height: 2 m) (m s-1)
* 9       precipitation                 (mm d-1)
*---------------------------------------------------------------------------*
  -4.10  14.52   271. 0.00 0.00
   2 1974   1      4     4     4       4     4     4
   2 1974   1     0.   0.0   0.0   0.000   0.0   0.0
   2 1974   2     0.   0.0   0.0   0.000   0.0   0.0
   2 1974   3     0.   0.0   0.0   0.000   0.0   0.0
   2 1974   4     0.   0.0   0.0   0.000   0.0   0.0
   2 1974   5     0.   0.0   0.0   0.000   0.0   0.0
   2 1974   6     0.   0.0   0.0   0.000   0.0   0.0
   2 1974   7     0.   0.0   0.0   0.000   0.0   0.0
   2 1974   8     0.   0.0   0.0   0.000   0.0   0.0
   2 1974   9     0.   0.0   0.0   0.000   0.0   0.0
   2 1974  10     0.   0.0   0.0   0.000   0.0   0.0
   2 1974  11     0.   0.0   0.0   0.000   0.0   0.0
   2 1974  12     0.   0.0   0.0   0.000   0.0   0.0
   2 1974  13     0.   0.0   0.0   0.000   0.0   0.0
   2 1974  14     0.   0.0   0.0   0.000   0.0   0.0
   2 1974  15     0.   0.0   0.0   0.000   0.0   0.0
   2 1974  16     0.   0.0   0.0   0.000   0.0   0.0
   2 1974  17     0.   0.0   0.0   0.000   0.0   0.0
   2 1974  18     0.   0.0   0.0   0.000   0.0   0.0
   2 1974  19     0.   0.0   0.0   0.000   0.0   0.0
   2 1974  20     0.   0.0   0.0   0.000   0.0   0.0
   2 1974  21     0.   0.0   0.0   0.000   0.0   0.0
   2 1974  22     0.   0.0   0.0   0.000   0.0   0.0
   2 1974  23     0.   0.0   0.0   0.000   0.0   0.0
   2 1974  24     0.   0.0   0.0   0.000   0.0   0.0
   2 1974  25     0.   0.0   0.0   0.000   0.0   0.0
   2 1974  26     0.   0.0   0.0   0.000   0.0   0.0
   2 1974  27     0.   0.0   0.0   0.000   0.0   0.0
   2 1974  28     0.   0.0   0.0   0.000   0.0   0.0
   2 1974  29     0.   0.0   0.0   0.000   0.0   0.0
   2 1974  30     0.   0.0   0.0   0.000   0.0   0.0
   2 1974  31     0.   0.0   0.0   0.000   0.0   0.0
   2 1974  32     0.   0.0   0.0   0.000   0.0   0.0
   2 1974  33     0.   0.0   0.0   0.000   0.0   0.0
   2 1974  34     0.   0.0   0.0   0.000   0.0   0.0
   2 1974  35     0.   0.0   0.0   0.000   0.0   0.0
   2 1974  36     0.   0.0   0.0   0.000   0.0   0.0
   2 1974  37     0.   0.0   0.0   0.000   0.0   0.0
   2 1974  38     0.   0.0   0.0   0.000   0.0   0.0
   2 1974  39     0.   0.0   0.0   0.000   0.0   0.0
   2 1974  40     0.   0.0   0.0   0.000   0.0   0.0
   2 1974  41     0.   0.0   0.0   0.000   0.0   0.0
   2 1974  42     0.   0.0   0.0   0.000   0.0   0.0
   2 1974  43     0.   0.0   0.0   0.000   0.0   0.0
   2 1974  44     0.   0.0   0.0   0.000   0.0   0.0
   2 1974  45     0.   0.0   0.0   0.000   0.0   0.0
   2 1974  46     0.   0.0   0.0   0.000   0.0   0.0
   2 1974  47     0.   0.0   0.0   0.000   0.0   0.0
   2 1974  48     0.   0.0   0.0   0.000   0.0   0.0
   2 1974  49     0.   0.0   0.0   0.000   0.0   0.0
   2 1974  50     0.   0.0   0.0   0.000   0.0   0.0
   2 1974  51     0.   0.0   0.0   0.000   0.0   0.0
   2 1974  52     0.   0.0   0.0   0.000   0.0   0.0
   2 1974  53     0.   0.0   0.0   0.000   0.0   0.0
   2 1974  54     0.   0.0   0.0   0.000   0.0   0.0
   2 1974  55     0.   0.0   0.0   0.000   0.0   0.0
   2 1974  56     0.   0.0   0.0   0.000   0.0   0.0
   2 1974  57     0.   0.0   0.0   0.000   0.0   0.0
   2 1974  58     0.   0.0   0.0   0.000   0.0   0.0
   2 1974  59     0.   0.0   0.0   0.000   0.0   0.0
   2 1974  60     0.   0.0   0.0   0.000   0.0   0.0
   2 1974  61     0.   0.0   0.0   0.000   0.0   0.0
   2 1974  62     0.   0.0   0.0   0.000   0.0   0.0
   2 1974  63     0.   0.0   0.0   0.000   0.0   0.0
   2 1974  64     0.   0.0   0.0   0.000   0.0   0.0
   2 1974  65     0.   0.0   0.0   0.000   0.0   0.0
   2 1974  66     0.   0.0   0.0   0.000   0.0   0.0
   2 1974  67     0.   0.0   0.0   0.000   0.0   0.0
   2 1974  68     0.   0.0   0.0   0.000   0.0   0.0
   2 1974  69     0.   0.0   0.0   0.000   0.0   0.0
   2 1974  70     0.   0.0   0.0   0.000   0.0   0.0
   2 1974  71     0.   0.0   0.0   0.000   0.0   0.0
   2 1974  72     0.   0.0   0.0   0.000   0.0   0.0
   2 1974  73     0.   0.0   0.0   0.000   0.0   0.0
   2 1974  74     0.   0.0   0.0   0.000   0.0   0.0
   2 1974  75     0.   0.0   0.0   0.000   0.0   0.0
   2 1974  76     0.   0.0   0.0   0.000   0.0   0.0
   2 1974  77     0.   0.0   0.0   0.000   0.0   0.0
   2 1974  78     0.   0.0   0.0   0.000   0.0   0.0
   2 1974  79     0.   0.0   0.0   0.000   0.0   0.0
   2 1974  80     0.   0.0   0.0   0.000   0.0   0.0
   2 1974  81     0.   0.0   0.0   0.000   0.0   0.0
   2 1974  82     0.   0.0   0.0   0.000   0.0   0.0
   2 1974  83     0.   0.0   0.0   0.000   0.0   0.0
   2 1974  84     0.   0.0   0.0   0.000   0.0   0.0
   2 1974  85     0.   0.0   0.0   0.000   0.0   0.0
   2 1974  86     0.   0.0   0.0   0.000   0.0   0.0
   2 1974  87     0.   0.0   0.0   0.000   0.0   0.0
   2 1974  88     0.   0.0   0.0   0.000   0.0   0.0
   2 1974  89     0.   0.0   0.0   0.000   0.0   0.0
   2 1974  90     0.   0.0   0.0   0.000   0.0   0.0
   2 1974  91     0.   0.0   0.0   0.000   0.0   0.0
   2 1974  92     0.   0.0   0.0   0.000   0.0   0.0
   2 1974  93     0.   0.0   0.0   0.000   0.0   0.0
   2 1974  94     0.   0.0   0.0   0.000   0.0   0.0
   2 1974  95     0.   0.0   0.0   0.000   0.0   0.0
   2 1974  96     0.   0.0   0.0   0.000   0.0   0.0
   2 1974  97     0.   0.0   0.0   0.000   0.0   0.0
   2 1974  98     0.   0.0   0.0   0.000   0.0   0.0
   2 1974  99     0.   0.0   0.0   0.000   0.0   0.0
   2 1974 100     0.   0.0   0.0   0.000   0.0   0.0
   2 1974 101     0.   0.0   0.0   0.000   0.0   0.0
   2 1974 102     0.   0.0   0.0   0.000   0.0   0.0
   2 1974 103     0.   0.0   0.0   0.000   0.0   0.0
   2 1974 104     0.   0.0   0.0   0.000   0.0   0.0
   2 1974 105     0.   0.0   0.0   0.000   0.0   0.0
   2 1974 106     0.   0.0   0.0   0.000   0.0   0.0
   2 1974 107     0.   0.0   0.0   0.000   0.0   0.0
   2 1974 108     0.   0.0   0.0   0.000   0.0   0.0
   2 1974 109     0.   0.0   0.0   0.000   0.0   0.0
   2 1974 110     0.   0.0   0.0   0.000   0.0   0.0
   2 1974 111     0.   0.0   0.0   0.000   0.0   0.0
   2 1974 112     0.   0.0   0.0   0.000   0.0   0.0
   2 1974 113     0.   0.0   0.0   0.000   0.0   0.0
   2 1974 114     0.   0.0   0.0   0.000   0.0   0.0
   2 1974 115     0.   0.0   0.0   0.000   0.0   0.0
   2 1974 116     0.   0.0   0.0   0.000   0.0   0.0
   2 1974 117     0.   0.0   0.0   0.000   0.0   0.0
   2 1974 118     0.   0.0   0.0   0.000   0.0   0.0
   2 1974 119     0.   0.0   0.0   0.000   0.0   0.0
   2 1974 120     0.   0.0   0.0   0.000   0.0   0.0
   2 1974 121      4     4     4       4     4     1
   2 1974 121     0.   0.0   0.0   0.000   0.0   0.0
   2 1974 122     0.   0.0   0.0   0.000   0.0   0.0
   2 1974 123     0.   0.0   0.0   0.000   0.0   0.0
   2 1974 124     0.   0.0   0.0   0.000   0.0   0.0
   2 1974 125     0.   0.0   0.0   0.000   0.0   0.0
   2 1974 126     0.   0.0   0.0   0.000   0.0   0.0
   2 1974 127     0.   0.0   0.0   0.000   0.0   0.0
   2 1974 128     0.   0.0   0.0   0.000   0.0   0.0
   2 1974 129     0.   0.0   0.0   0.000   0.0   0.0
   2 1974 130     0.   0.0   0.0   0.000   0.0   0.0
   2 1974 131     0.   0.0   0.0   0.000   0.0   0.0
   2 1974 132     0.   0.0   0.0   0.000   0.0   0.0
   2 1974 133     0.   0.0   0.0   0.000   0.0   0.0
   2 1974 134     0.   0.0   0.0   0.000   0.0  13.2
   2 1974 135     0.   0.0   0.0   0.000   0.0   0.0
   2 1974 136     0.   0.0   0.0   0.000   0.0   0.3
   2 1974 137     0.   0.0   0.0   0.000   0.0   0.0
   2 1974 138     0.   0.0   0.0   0.000   0.0   0.0
   2 1974 139     0.   0.0   0.0   0.000   0.0   1.9
   2 1974 140     0.   0.0   0.0   0.000   0.0   0.0
   2 1974 141     0.   0.0   0.0   0.000   0.0   0.0
   2 1974 142     0.   0.0   0.0   0.000   0.0   0.0
   2 1974 143     0.   0.0   0.0   0.000   0.0   0.0
   2 1974 144     0.   0.0   0.0   0.000   0.0   0.0
   2 1974 145     0.   0.0   0.0   0.000   0.0   0.0
   2 1974 146     0.   0.0   0.0   0.000   0.0   0.2
   2 1974 147     0.   0.0   0.0   0.000   0.0   0.0
   2 1974 148     0.   0.0   0.0   0.000   0.0   0.0
   2 1974 149     0.   0.0   0.0   0.000   0.0   0.0
   2 1974 150     0.   0.0   0.0   0.000   0.0   1.7
   2 1974 151     0.   0.0   0.0   0.000   0.0   0.3
   2 1974 152     0.   0.0   0.0   0.000   0.0   0.0
   2 1974 153     0.   0.0   0.0   0.000   0.0   0.0
   2 1974 154     0.   0.0   0.0   0.000   0.0   1.9
   2 1974 155     0.   0.0   0.0   0.000   0.0   0.0
   2 1974 156     0.   0.0   0.0   0.000   0.0   0.0
   2 1974 157     0.   0.0   0.0   0.000   0.0   3.6
   2 1974 158     0.   0.0   0.0   0.000   0.0   1.4
   2 1974 159     0.   0.0   0.0   0.000   0.0   0.0
   2 1974 160     0.   0.0   0.0   0.000   0.0   0.0
   2 1974 161     0.   0.0   0.0   0.000   0.0   0.0
   2 1974 162     0.   0.0   0.0   0.000   0.0   5.1
   2 1974 163     0.   0.0   0.0   0.000   0.0   0.0
   2 1974 164     0.   0.0   0.0   0.000   0.0   0.0
   2 1974 165     0.   0.0   0.0   0.000   0.0   0.0
   2 1974 166     0.   0.0   0.0   0.000   0.0   0.2
   2 1974 167     0.   0.0   0.0   0.000   0.0   0.0
   2 1974 168     0.   0.0   0.0   0.000   0.0   0.0
   2 1974 169     0.   0.0   0.0   0.000   0.0   0.0
   2 1974 170     0.   0.0   0.0   0.000   0.0   0.8
   2 1974 171     0.   0.0   0.0   0.000   0.0   1.9
   2 1974 172     0.   0.0   0.0   0.000   0.0   0.0
   2 1974 173     0.   0.0   0.0   0.000   0.0  13.2
   2 1974 174     0.   0.0   0.0   0.000   0.0   0.2
   2 1974 175     0.   0.0   0.0   0.000   0.0   0.0
   2 1974 176     0.   0.0   0.0   0.000   0.0   0.3
   2 1974 177     0.   0.0   0.0   0.000   0.0  24.0
   2 1974 178     0.   0.0   0.0   0.000   0.0  20.3
   2 1974 179     0.   0.0   0.0   0.000   0.0   0.0
   2 1974 180     0.   0.0   0.0   0.000   0.0   2.0
   2 1974 181     0.   0.0   0.0   0.000   0.0   0.0
   2 1974 182     0.   0.0   0.0   0.000   0.0   0.0
   2 1974 183     0.   0.0   0.0   0.000   0.0   0.0
   2 1974 184     0.   0.0   0.0   0.000   0.0   2.2
   2 1974 185     0.   0.0   0.0   0.000   0.0   4.4
   2 1974 186     0.   0.0   0.0   0.000   0.0   0.0
   2 1974 187     0.   0.0   0.0   0.000   0.0   0.0
   2 1974 188     0.   0.0   0.0   0.000   0.0  10.0
   2 1974 189     0.   0.0   0.0   0.000   0.0   0.0
   2 1974 190     0.   0.0   0.0   0.000   0.0   0.0
   2 1974 191     0.   0.0   0.0   0.000   0.0  14.5
   2 1974 192     0.   0.0   0.0   0.000   0.0   0.0
   2 1974 193     0.   0.0   0.0   0.000   0.0   0.0
   2 1974 194     0.   0.0   0.0   0.000   0.0   0.0
   2 1974 195     0.   0.0   0.0   0.000   0.0   1.2
   2 1974 196     0.   0.0   0.0   0.000   0.0   5.8
   2 1974 197     0.   0.0   0.0   0.000   0.0   0.0
   2 1974 198     0.   0.0   0.0   0.000   0.0   0.0
   2 1974 199     0.   0.0   0.0   0.000   0.0   0.0
   2 1974 200     0.   0.0   0.0   0.000   0.0   5.0
   2 1974 201     0.   0.0   0.0   0.000   0.0   8.6
   2 1974 202     0.   0.0   0.0   0.000   0.0   7.9
   2 1974 203     0.   0.0   0.0   0.000   0.0   0.0
   2 1974 204     0.   0.0   0.0   0.000   0.0   0.0
   2 1974 205     0.   0.0   0.0   0.000   0.0  37.3
   2 1974 206     0.   0.0   0.0   0.000   0.0   3.8
   2 1974 207     0.   0.0   0.0   0.000   0.0   6.8
   2 1974 208     0.   0.0   0.0   0.000   0.0   7.0
   2 1974 209     0.   0.0   0.0   0.000   0.0  14.4
   2 1974 210     0.   0.0   0.0   0.000   0.0   1.4
   2 1974 211     0.   0.0   0.0   0.000   0.0   2.4
   2 1974 212     0.   0.0   0.0   0.000   0.0   0.0
   2 1974 213     0.   0.0   0.0   0.000   0.0  28.0
   2 1974 214     0.   0.0   0.0   0.000   0.0   4.2
   2 1974 215     0.   0.0   0.0   0.000   0.0   4.6
   2 1974 216     0.   0.0   0.0   0.000   0.0   0.0
   2 1974 217     0.   0.0   0.0   0.000   0.0   0.0
   2 1974 218     0.   0.0   0.0   0.000   0.0  11.1
   2 1974 219     0.   0.0   0.0   0.000   0.0   3.3
   2 1974 220     0.   0.0   0.0   0.000   0.0   0.0
   2 1974 221     0.   0.0   0.0   0.000   0.0   0.0
   2 1974 222     0.   0.0   0.0   0.000   0.0   0.3
   2 1974 223     0.   0.0   0.0   0.000   0.0   0.0
   2 1974 224     0.   0.0   0.0   0.000   0.0  17.5
   2 1974 225     0.   0.0   0.0   0.000   0.0   1.6
   2 1974 226     0.   0.0   0.0   0.000   0.0   1.0
   2 1974 227     0.   0.0   0.0   0.000   0.0   0.0
   2 1974 228     0.   0.0   0.0   0.000   0.0   1.5
   2 1974 229     0.   0.0   0.0   0.000   0.0   0.0
   2 1974 230     0.   0.0   0.0   0.000   0.0   0.0
   2 1974 231     0.   0.0   0.0   0.000   0.0   0.0
   2 1974 232     0.   0.0   0.0   0.000   0.0   0.1
   2 1974 233     0.   0.0   0.0   0.000   0.0   9.2
   2 1974 234     0.   0.0   0.0   0.000   0.0   0.0
   2 1974 235     0.   0.0   0.0   0.000   0.0   0.0
   2 1974 236     0.   0.0   0.0   0.000   0.0   6.5
   2 1974 237     0.   0.0   0.0   0.000   0.0   0.3
   2 1974 238     0.   0.0   0.0   0.000   0.0   7.5
   2 1974 239     0.   0.0   0.0   0.000   0.0   0.0
   2 1974 240     0.   0.0   0.0   0.000   0.0  30.4
   2 1974 241     0.   0.0   0.0   0.000   0.0   0.0
   2 1974 242     0.   0.0   0.0   0.000   0.0   2.1
   2 1974 243     0.   0.0   0.0   0.000   0.0   0.0
   2 1974 244     0.   0.0   0.0   0.000   0.0   0.0
   2 1974 245     0.   0.0   0.0   0.000   0.0  10.0
   2 1974 246     0.   0.0   0.0   0.000   0.0   0.0
   2 1974 247     0.   0.0   0.0   0.000   0.0   0.0
   2 1974 248     0.   0.0   0.0   0.000   0.0   0.0
   2 1974 249     0.   0.0   0.0   0.000   0.0   0.6
   2 1974 250     0.   0.0   0.0   0.000   0.0   0.0
   2 1974 251     0.   0.0   0.0   0.000   0.0   0.0
   2 1974 252     0.   0.0   0.0   0.000   0.0   0.0
   2 1974 253     0.   0.0   0.0   0.000   0.0   0.0
   2 1974 254     0.   0.0   0.0   0.000   0.0   0.0
   2 1974 255     0.   0.0   0.0   0.000   0.0   0.0
   2 1974 256     0.   0.0   0.0   0.000   0.0   0.2
   2 1974 257     0.   0.0   0.0   0.000   0.0   0.0
   2 1974 258     0.   0.0   0.0   0.000   0.0   0.0
   2 1974 259     0.   0.0   0.0   0.000   0.0   0.0
   2 1974 260     0.   0.0   0.0   0.000   0.0  11.1
   2 1974 261     0.   0.0   0.0   0.000   0.0   0.0
   2 1974 262     0.   0.0   0.0   0.000   0.0   0.0
   2 1974 263     0.   0.0   0.0   0.000   0.0   0.0
   2 1974 264     0.   0.0   0.0   0.000   0.0   0.0
   2 1974 265     0.   0.0   0.0   0.000   0.0   0.1
   2 1974 266     0.   0.0   0.0   0.000   0.0   0.0
   2 1974 267     0.   0.0   0.0   0.000   0.0   0.1
   2 1974 268     0.   0.0   0.0   0.000   0.0   0.0
   2 1974 269     0.   0.0   0.0   0.000   0.0   0.0
   2 1974 270     0.   0.0   0.0   0.000   0.0   0.9
   2 1974 271     0.   0.0   0.0   0.000   0.0   0.0
   2 1974 272     0.   0.0   0.0   0.000   0.0   0.0
   2 1974 273     0.   0.0   0.0   0.000   0.0   0.0
   2 1974 274     0.   0.0   0.0   0.000   0.0   5.9
   2 1974 275     0.   0.0   0.0   0.000   0.0   0.0
   2 1974 276     0.   0.0   0.0   0.000   0.0   4.5
   2 1974 277     0.   0.0   0.0   0.000   0.0   0.0
   2 1974 278     0.   0.0   0.0   0.000   0.0   0.0
   2 1974 279     0.   0.0   0.0   0.000   0.0   0.0
   2 1974 280     0.   0.0   0.0   0.000   0.0   0.0
   2 1974 281     0.   0.0   0.0   0.000   0.0   0.4
   2 1974 282     0.   0.0   0.0   0.000   0.0   0.1
   2 1974 283     0.   0.0   0.0   0.000   0.0  20.9
   2 1974 284     0.   0.0   0.0   0.000   0.0   0.2
   2 1974 285     0.   0.0   0.0   0.000   0.0   0.0
   2 1974 286     0.   0.0   0.0   0.000   0.0   0.0
   2 1974 287     0.   0.0   0.0   0.000   0.0   0.0
   2 1974 288     0.   0.0   0.0   0.000   0.0   0.0
   2 1974 289     0.   0.0   0.0   0.000   0.0   0.0
   2 1974 290     0.   0.0   0.0   0.000   0.0   0.0
   2 1974 291     0.   0.0   0.0   0.000   0.0   0.0
   2 1974 292     0.   0.0   0.0   0.000   0.0   0.0
   2 1974 293     0.   0.0   0.0   0.000   0.0   0.0
   2 1974 294     0.   0.0   0.0   0.000   0.0   0.0
   2 1974 295     0.   0.0   0.0   0.000   0.0   0.0
   2 1974 296     0.   0.0   0.0   0.000   0.0   0.0
   2 1974 297     0.   0.0   0.0   0.000   0.0   0.0
   2 1974 298     0.   0.0   0.0   0.000   0.0   0.0
   2 1974 299     0.   0.0   0.0   0.000   0.0   0.0
   2 1974 300     0.   0.0   0.0   0.000   0.0   0.0
   2 1974 301     0.   0.0   0.0   0.000   0.0   0.0
   2 1974 302     0.   0.0   0.0   0.000   0.0   0.0
   2 1974 303     0.   0.0   0.0   0.000   0.0   0.0
   2 1974 304     0.   0.0   0.0   0.000   0.0   0.0
   2 1974 305      4     4     4       4     4     4
   2 1974 305     0.   0.0   0.0   0.000   0.0   0.0
   2 1974 306     0.   0.0   0.0   0.000   0.0   0.0
   2 1974 307     0.   0.0   0.0   0.000   0.0   0.0
   2 1974 308     0.   0.0   0.0   0.000   0.0   0.0
   2 1974 309     0.   0.0   0.0   0.000   0.0   0.0
   2 1974 310     0.   0.0   0.0   0.000   0.0   0.0
   2 1974 311     0.   0.0   0.0   0.000   0.0   0.0
   2 1974 312     0.   0.0   0.0   0.000   0.0   0.0
   2 1974 313     0.   0.0   0.0   0.000   0.0   0.0
   2 1974 314     0.   0.0   0.0   0.000   0.0   0.0
   2 1974 315     0.   0.0   0.0   0.000   0.0   0.0
   2 1974 316     0.   0.0   0.0   0.000   0.0   0.0
   2 1974 317     0.   0.0   0.0   0.000   0.0   0.0
   2 1974 318     0.   0.0   0.0   0.000   0.0   0.0
   2 1974 319     0.   0.0   0.0   0.000   0.0   0.0
   2 1974 320     0.   0.0   0.0   0.000   0.0   0.0
   2 1974 321     0.   0.0   0.0   0.000   0.0   0.0
   2 1974 322     0.   0.0   0.0   0.000   0.0   0.0
   2 1974 323     0.   0.0   0.0   0.000   0.0   0.0
   2 1974 324     0.   0.0   0.0   0.000   0.0   0.0
   2 1974 325     0.   0.0   0.0   0.000   0.0   0.0
   2 1974 326     0.   0.0   0.0   0.000   0.0   0.0
   2 1974 327     0.   0.0   0.0   0.000   0.0   0.0
   2 1974 328     0.   0.0   0.0   0.000   0.0   0.0
   2 1974 329     0.   0.0   0.0   0.000   0.0   0.0
   2 1974 330     0.   0.0   0.0   0.000   0.0   0.0
   2 1974 331     0.   0.0   0.0   0.000   0.0   0.0
   2 1974 332     0.   0.0   0.0   0.000   0.0   0.0
   2 1974 333     0.   0.0   0.0   0.000   0.0   0.0
   2 1974 334     0.   0.0   0.0   0.000   0.0   0.0
   2 1974 335     0.   0.0   0.0   0.000   0.0   0.0
   2 1974 336     0.   0.0   0.0   0.000   0.0   0.0
   2 1974 337     0.   0.0   0.0   0.000   0.0   0.0
   2 1974 338     0.   0.0   0.0   0.000   0.0   0.0
   2 1974 339     0.   0.0   0.0   0.000   0.0   0.0
   2 1974 340     0.   0.0   0.0   0.000   0.0   0.0
   2 1974 341     0.   0.0   0.0   0.000   0.0   0.0
   2 1974 342     0.   0.0   0.0   0.000   0.0   0.0
   2 1974 343     0.   0.0   0.0   0.000   0.0   0.0
   2 1974 344     0.   0.0   0.0   0.000   0.0   0.0
   2 1974 345     0.   0.0   0.0   0.000   0.0   0.0
   2 1974 346     0.   0.0   0.0   0.000   0.0   0.0
   2 1974 347     0.   0.0   0.0   0.000   0.0   0.0
   2 1974 348     0.   0.0   0.0   0.000   0.0   0.0
   2 1974 349     0.   0.0   0.0   0.000   0.0   0.0
   2 1974 350     0.   0.0   0.0   0.000   0.0   0.0
   2 1974 351     0.   0.0   0.0   0.000   0.0   0.0
   2 1974 352     0.   0.0   0.0   0.000   0.0   0.0
   2 1974 353     0.   0.0   0.0   0.000   0.0   0.0
   2 1974 354     0.   0.0   0.0   0.000   0.0   0.0
   2 1974 355     0.   0.0   0.0   0.000   0.0   0.0
   2 1974 356     0.   0.0   0.0   0.000   0.0   0.0
   2 1974 357     0.   0.0   0.0   0.000   0.0   0.0
   2 1974 358     0.   0.0   0.0   0.000   0.0   0.0
   2 1974 359     0.   0.0   0.0   0.000   0.0   0.0
   2 1974 360     0.   0.0   0.0   0.000   0.0   0.0
   2 1974 361     0.   0.0   0.0   0.000   0.0   0.0
   2 1974 362     0.   0.0   0.0   0.000   0.0   0.0
   2 1974 363     0.   0.0   0.0   0.000   0.0   0.0
   2 1974 364     0.   0.0   0.0   0.000   0.0   0.0
   2 1974 365     0.   0.0   0.0   0.000   0.0   0.0
