*---------------------------------------------------------------------------*
* Station name: Mopti-Sevare, Mopti-region, Mali
* Year: 1975
* Author: Olaf Erenstein & Willem Stol
* Source: Meteo Mali
* Comments: Daily raindata, others monthly means
*
* Longitude: 04 06 W
* Latitude:  14 31 N
* Altitude:    271 m
*
* Column  Daily value
* 1       station
* 2       year
* 3       day
* 4       irradiation                   (kJ m-2 d-1)
* 5       minimum temperature           (degrees Celsius)
* 6       maximum temperature           (degrees Celsius)
* 7       early morning vapour pressure (kPa)
* 8       mean wind speed (height: 2 m) (m s-1)
* 9       precipitation                 (mm d-1)
*---------------------------------------------------------------------------*
  -4.10  14.52   271. 0.00 0.00
   2 1975   1      4     4     4       4     4     4
   2 1975   1     0.   0.0   0.0   0.000   0.0   0.0
   2 1975   2     0.   0.0   0.0   0.000   0.0   0.0
   2 1975   3     0.   0.0   0.0   0.000   0.0   0.0
   2 1975   4     0.   0.0   0.0   0.000   0.0   0.0
   2 1975   5     0.   0.0   0.0   0.000   0.0   0.0
   2 1975   6     0.   0.0   0.0   0.000   0.0   0.0
   2 1975   7     0.   0.0   0.0   0.000   0.0   0.0
   2 1975   8     0.   0.0   0.0   0.000   0.0   0.0
   2 1975   9     0.   0.0   0.0   0.000   0.0   0.0
   2 1975  10     0.   0.0   0.0   0.000   0.0   0.0
   2 1975  11     0.   0.0   0.0   0.000   0.0   0.0
   2 1975  12     0.   0.0   0.0   0.000   0.0   0.0
   2 1975  13     0.   0.0   0.0   0.000   0.0   0.0
   2 1975  14     0.   0.0   0.0   0.000   0.0   0.0
   2 1975  15     0.   0.0   0.0   0.000   0.0   0.0
   2 1975  16     0.   0.0   0.0   0.000   0.0   0.0
   2 1975  17     0.   0.0   0.0   0.000   0.0   0.0
   2 1975  18     0.   0.0   0.0   0.000   0.0   0.0
   2 1975  19     0.   0.0   0.0   0.000   0.0   0.0
   2 1975  20     0.   0.0   0.0   0.000   0.0   0.0
   2 1975  21     0.   0.0   0.0   0.000   0.0   0.0
   2 1975  22     0.   0.0   0.0   0.000   0.0   0.0
   2 1975  23     0.   0.0   0.0   0.000   0.0   0.0
   2 1975  24     0.   0.0   0.0   0.000   0.0   0.0
   2 1975  25     0.   0.0   0.0   0.000   0.0   0.0
   2 1975  26     0.   0.0   0.0   0.000   0.0   0.0
   2 1975  27     0.   0.0   0.0   0.000   0.0   0.0
   2 1975  28     0.   0.0   0.0   0.000   0.0   0.0
   2 1975  29     0.   0.0   0.0   0.000   0.0   0.0
   2 1975  30     0.   0.0   0.0   0.000   0.0   0.0
   2 1975  31     0.   0.0   0.0   0.000   0.0   0.0
   2 1975  32     0.   0.0   0.0   0.000   0.0   0.0
   2 1975  33     0.   0.0   0.0   0.000   0.0   0.0
   2 1975  34     0.   0.0   0.0   0.000   0.0   0.0
   2 1975  35     0.   0.0   0.0   0.000   0.0   0.0
   2 1975  36     0.   0.0   0.0   0.000   0.0   0.0
   2 1975  37     0.   0.0   0.0   0.000   0.0   0.0
   2 1975  38     0.   0.0   0.0   0.000   0.0   0.0
   2 1975  39     0.   0.0   0.0   0.000   0.0   0.0
   2 1975  40     0.   0.0   0.0   0.000   0.0   0.0
   2 1975  41     0.   0.0   0.0   0.000   0.0   0.0
   2 1975  42     0.   0.0   0.0   0.000   0.0   0.0
   2 1975  43     0.   0.0   0.0   0.000   0.0   0.0
   2 1975  44     0.   0.0   0.0   0.000   0.0   0.0
   2 1975  45     0.   0.0   0.0   0.000   0.0   0.0
   2 1975  46     0.   0.0   0.0   0.000   0.0   0.0
   2 1975  47     0.   0.0   0.0   0.000   0.0   0.0
   2 1975  48     0.   0.0   0.0   0.000   0.0   0.0
   2 1975  49     0.   0.0   0.0   0.000   0.0   0.0
   2 1975  50     0.   0.0   0.0   0.000   0.0   0.0
   2 1975  51     0.   0.0   0.0   0.000   0.0   0.0
   2 1975  52     0.   0.0   0.0   0.000   0.0   0.0
   2 1975  53     0.   0.0   0.0   0.000   0.0   0.0
   2 1975  54     0.   0.0   0.0   0.000   0.0   0.0
   2 1975  55     0.   0.0   0.0   0.000   0.0   0.0
   2 1975  56     0.   0.0   0.0   0.000   0.0   0.0
   2 1975  57     0.   0.0   0.0   0.000   0.0   0.0
   2 1975  58     0.   0.0   0.0   0.000   0.0   0.0
   2 1975  59     0.   0.0   0.0   0.000   0.0   0.0
   2 1975  60     0.   0.0   0.0   0.000   0.0   0.0
   2 1975  61     0.   0.0   0.0   0.000   0.0   0.0
   2 1975  62     0.   0.0   0.0   0.000   0.0   0.0
   2 1975  63     0.   0.0   0.0   0.000   0.0   0.0
   2 1975  64     0.   0.0   0.0   0.000   0.0   0.0
   2 1975  65     0.   0.0   0.0   0.000   0.0   0.0
   2 1975  66     0.   0.0   0.0   0.000   0.0   0.0
   2 1975  67     0.   0.0   0.0   0.000   0.0   0.0
   2 1975  68     0.   0.0   0.0   0.000   0.0   0.0
   2 1975  69     0.   0.0   0.0   0.000   0.0   0.0
   2 1975  70     0.   0.0   0.0   0.000   0.0   0.0
   2 1975  71     0.   0.0   0.0   0.000   0.0   0.0
   2 1975  72     0.   0.0   0.0   0.000   0.0   0.0
   2 1975  73     0.   0.0   0.0   0.000   0.0   0.0
   2 1975  74     0.   0.0   0.0   0.000   0.0   0.0
   2 1975  75     0.   0.0   0.0   0.000   0.0   0.0
   2 1975  76     0.   0.0   0.0   0.000   0.0   0.0
   2 1975  77     0.   0.0   0.0   0.000   0.0   0.0
   2 1975  78     0.   0.0   0.0   0.000   0.0   0.0
   2 1975  79     0.   0.0   0.0   0.000   0.0   0.0
   2 1975  80     0.   0.0   0.0   0.000   0.0   0.0
   2 1975  81     0.   0.0   0.0   0.000   0.0   0.0
   2 1975  82     0.   0.0   0.0   0.000   0.0   0.0
   2 1975  83     0.   0.0   0.0   0.000   0.0   0.0
   2 1975  84     0.   0.0   0.0   0.000   0.0   0.0
   2 1975  85     0.   0.0   0.0   0.000   0.0   0.0
   2 1975  86     0.   0.0   0.0   0.000   0.0   0.0
   2 1975  87     0.   0.0   0.0   0.000   0.0   0.0
   2 1975  88     0.   0.0   0.0   0.000   0.0   0.0
   2 1975  89     0.   0.0   0.0   0.000   0.0   0.0
   2 1975  90     0.   0.0   0.0   0.000   0.0   0.0
   2 1975  91     0.   0.0   0.0   0.000   0.0   0.0
   2 1975  92     0.   0.0   0.0   0.000   0.0   0.0
   2 1975  93     0.   0.0   0.0   0.000   0.0   0.0
   2 1975  94     0.   0.0   0.0   0.000   0.0   0.0
   2 1975  95     0.   0.0   0.0   0.000   0.0   0.0
   2 1975  96     0.   0.0   0.0   0.000   0.0   0.0
   2 1975  97     0.   0.0   0.0   0.000   0.0   0.0
   2 1975  98     0.   0.0   0.0   0.000   0.0   0.0
   2 1975  99     0.   0.0   0.0   0.000   0.0   0.0
   2 1975 100     0.   0.0   0.0   0.000   0.0   0.0
   2 1975 101     0.   0.0   0.0   0.000   0.0   0.0
   2 1975 102     0.   0.0   0.0   0.000   0.0   0.0
   2 1975 103     0.   0.0   0.0   0.000   0.0   0.0
   2 1975 104     0.   0.0   0.0   0.000   0.0   0.0
   2 1975 105     0.   0.0   0.0   0.000   0.0   0.0
   2 1975 106     0.   0.0   0.0   0.000   0.0   0.0
   2 1975 107     0.   0.0   0.0   0.000   0.0   0.0
   2 1975 108     0.   0.0   0.0   0.000   0.0   0.0
   2 1975 109     0.   0.0   0.0   0.000   0.0   0.0
   2 1975 110     0.   0.0   0.0   0.000   0.0   0.0
   2 1975 111     0.   0.0   0.0   0.000   0.0   0.0
   2 1975 112     0.   0.0   0.0   0.000   0.0   0.0
   2 1975 113     0.   0.0   0.0   0.000   0.0   0.0
   2 1975 114     0.   0.0   0.0   0.000   0.0   0.0
   2 1975 115     0.   0.0   0.0   0.000   0.0   0.0
   2 1975 116     0.   0.0   0.0   0.000   0.0   0.0
   2 1975 117     0.   0.0   0.0   0.000   0.0   0.0
   2 1975 118     0.   0.0   0.0   0.000   0.0   0.0
   2 1975 119     0.   0.0   0.0   0.000   0.0   0.0
   2 1975 120     0.   0.0   0.0   0.000   0.0   0.0
   2 1975 121      4     4     4       4     4     1
   2 1975 121     0.   0.0   0.0   0.000   0.0   0.0
   2 1975 122     0.   0.0   0.0   0.000   0.0   0.0
   2 1975 123     0.   0.0   0.0   0.000   0.0   0.0
   2 1975 124     0.   0.0   0.0   0.000   0.0   0.0
   2 1975 125     0.   0.0   0.0   0.000   0.0   1.1
   2 1975 126     0.   0.0   0.0   0.000   0.0   0.0
   2 1975 127     0.   0.0   0.0   0.000   0.0   0.0
   2 1975 128     0.   0.0   0.0   0.000   0.0   0.0
   2 1975 129     0.   0.0   0.0   0.000   0.0   0.0
   2 1975 130     0.   0.0   0.0   0.000   0.0   0.0
   2 1975 131     0.   0.0   0.0   0.000   0.0   0.0
   2 1975 132     0.   0.0   0.0   0.000   0.0   0.0
   2 1975 133     0.   0.0   0.0   0.000   0.0   0.0
   2 1975 134     0.   0.0   0.0   0.000   0.0   0.0
   2 1975 135     0.   0.0   0.0   0.000   0.0   0.0
   2 1975 136     0.   0.0   0.0   0.000   0.0   0.0
   2 1975 137     0.   0.0   0.0   0.000   0.0   0.0
   2 1975 138     0.   0.0   0.0   0.000   0.0   0.6
   2 1975 139     0.   0.0   0.0   0.000   0.0  21.4
   2 1975 140     0.   0.0   0.0   0.000   0.0   0.0
   2 1975 141     0.   0.0   0.0   0.000   0.0   0.0
   2 1975 142     0.   0.0   0.0   0.000   0.0   7.5
   2 1975 143     0.   0.0   0.0   0.000   0.0   0.0
   2 1975 144     0.   0.0   0.0   0.000   0.0   0.0
   2 1975 145     0.   0.0   0.0   0.000   0.0   0.0
   2 1975 146     0.   0.0   0.0   0.000   0.0   0.0
   2 1975 147     0.   0.0   0.0   0.000   0.0   0.0
   2 1975 148     0.   0.0   0.0   0.000   0.0   0.0
   2 1975 149     0.   0.0   0.0   0.000   0.0   0.0
   2 1975 150     0.   0.0   0.0   0.000   0.0   0.0
   2 1975 151     0.   0.0   0.0   0.000   0.0   0.0
   2 1975 152     0.   0.0   0.0   0.000   0.0   0.0
   2 1975 153     0.   0.0   0.0   0.000   0.0   0.0
   2 1975 154     0.   0.0   0.0   0.000   0.0   1.6
   2 1975 155     0.   0.0   0.0   0.000   0.0   2.2
   2 1975 156     0.   0.0   0.0   0.000   0.0   0.0
   2 1975 157     0.   0.0   0.0   0.000   0.0   0.0
   2 1975 158     0.   0.0   0.0   0.000   0.0   4.2
   2 1975 159     0.   0.0   0.0   0.000   0.0   0.0
   2 1975 160     0.   0.0   0.0   0.000   0.0   0.0
   2 1975 161     0.   0.0   0.0   0.000   0.0  23.9
   2 1975 162     0.   0.0   0.0   0.000   0.0   0.0
   2 1975 163     0.   0.0   0.0   0.000   0.0   0.5
   2 1975 164     0.   0.0   0.0   0.000   0.0   3.8
   2 1975 165     0.   0.0   0.0   0.000   0.0   0.2
   2 1975 166     0.   0.0   0.0   0.000   0.0   0.0
   2 1975 167     0.   0.0   0.0   0.000   0.0   0.0
   2 1975 168     0.   0.0   0.0   0.000   0.0   0.0
   2 1975 169     0.   0.0   0.0   0.000   0.0   0.0
   2 1975 170     0.   0.0   0.0   0.000   0.0   0.0
   2 1975 171     0.   0.0   0.0   0.000   0.0   0.0
   2 1975 172     0.   0.0   0.0   0.000   0.0   0.0
   2 1975 173     0.   0.0   0.0   0.000   0.0   0.0
   2 1975 174     0.   0.0   0.0   0.000   0.0   0.0
   2 1975 175     0.   0.0   0.0   0.000   0.0   7.1
   2 1975 176     0.   0.0   0.0   0.000   0.0   0.0
   2 1975 177     0.   0.0   0.0   0.000   0.0   0.0
   2 1975 178     0.   0.0   0.0   0.000   0.0   0.0
   2 1975 179     0.   0.0   0.0   0.000   0.0   1.2
   2 1975 180     0.   0.0   0.0   0.000   0.0   9.7
   2 1975 181     0.   0.0   0.0   0.000   0.0  12.6
   2 1975 182     0.   0.0   0.0   0.000   0.0   0.0
   2 1975 183     0.   0.0   0.0   0.000   0.0   0.0
   2 1975 184     0.   0.0   0.0   0.000   0.0   0.0
   2 1975 185     0.   0.0   0.0   0.000   0.0   0.0
   2 1975 186     0.   0.0   0.0   0.000   0.0  25.5
   2 1975 187     0.   0.0   0.0   0.000   0.0   0.0
   2 1975 188     0.   0.0   0.0   0.000   0.0   8.3
   2 1975 189     0.   0.0   0.0   0.000   0.0   0.0
   2 1975 190     0.   0.0   0.0   0.000   0.0   0.0
   2 1975 191     0.   0.0   0.0   0.000   0.0   0.0
   2 1975 192     0.   0.0   0.0   0.000   0.0  32.1
   2 1975 193     0.   0.0   0.0   0.000   0.0   0.1
   2 1975 194     0.   0.0   0.0   0.000   0.0   2.6
   2 1975 195     0.   0.0   0.0   0.000   0.0   0.0
   2 1975 196     0.   0.0   0.0   0.000   0.0   0.0
   2 1975 197     0.   0.0   0.0   0.000   0.0  14.1
   2 1975 198     0.   0.0   0.0   0.000   0.0   0.0
   2 1975 199     0.   0.0   0.0   0.000   0.0   5.0
   2 1975 200     0.   0.0   0.0   0.000   0.0   0.4
   2 1975 201     0.   0.0   0.0   0.000   0.0  27.1
   2 1975 202     0.   0.0   0.0   0.000   0.0   0.0
   2 1975 203     0.   0.0   0.0   0.000   0.0   0.0
   2 1975 204     0.   0.0   0.0   0.000   0.0  18.0
   2 1975 205     0.   0.0   0.0   0.000   0.0  13.0
   2 1975 206     0.   0.0   0.0   0.000   0.0  31.3
   2 1975 207     0.   0.0   0.0   0.000   0.0   0.2
   2 1975 208     0.   0.0   0.0   0.000   0.0  15.0
   2 1975 209     0.   0.0   0.0   0.000   0.0   0.0
   2 1975 210     0.   0.0   0.0   0.000   0.0   1.4
   2 1975 211     0.   0.0   0.0   0.000   0.0   0.0
   2 1975 212     0.   0.0   0.0   0.000   0.0   0.0
   2 1975 213     0.   0.0   0.0   0.000   0.0   0.0
   2 1975 214     0.   0.0   0.0   0.000   0.0   0.0
   2 1975 215     0.   0.0   0.0   0.000   0.0   0.0
   2 1975 216     0.   0.0   0.0   0.000   0.0   5.7
   2 1975 217     0.   0.0   0.0   0.000   0.0   0.0
   2 1975 218     0.   0.0   0.0   0.000   0.0   0.0
   2 1975 219     0.   0.0   0.0   0.000   0.0   0.0
   2 1975 220     0.   0.0   0.0   0.000   0.0   0.0
   2 1975 221     0.   0.0   0.0   0.000   0.0  27.8
   2 1975 222     0.   0.0   0.0   0.000   0.0   0.0
   2 1975 223     0.   0.0   0.0   0.000   0.0   0.0
   2 1975 224     0.   0.0   0.0   0.000   0.0   0.0
   2 1975 225     0.   0.0   0.0   0.000   0.0  10.7
   2 1975 226     0.   0.0   0.0   0.000   0.0   0.3
   2 1975 227     0.   0.0   0.0   0.000   0.0   0.0
   2 1975 228     0.   0.0   0.0   0.000   0.0   0.0
   2 1975 229     0.   0.0   0.0   0.000   0.0   4.4
   2 1975 230     0.   0.0   0.0   0.000   0.0   0.0
   2 1975 231     0.   0.0   0.0   0.000   0.0   0.0
   2 1975 232     0.   0.0   0.0   0.000   0.0   0.1
   2 1975 233     0.   0.0   0.0   0.000   0.0   5.1
   2 1975 234     0.   0.0   0.0   0.000   0.0   0.0
   2 1975 235     0.   0.0   0.0   0.000   0.0   0.0
   2 1975 236     0.   0.0   0.0   0.000   0.0  19.7
   2 1975 237     0.   0.0   0.0   0.000   0.0   0.0
   2 1975 238     0.   0.0   0.0   0.000   0.0  10.6
   2 1975 239     0.   0.0   0.0   0.000   0.0  35.7
   2 1975 240     0.   0.0   0.0   0.000   0.0   0.0
   2 1975 241     0.   0.0   0.0   0.000   0.0  11.9
   2 1975 242     0.   0.0   0.0   0.000   0.0   8.6
   2 1975 243     0.   0.0   0.0   0.000   0.0  13.1
   2 1975 244     0.   0.0   0.0   0.000   0.0   0.0
   2 1975 245     0.   0.0   0.0   0.000   0.0   0.0
   2 1975 246     0.   0.0   0.0   0.000   0.0   0.0
   2 1975 247     0.   0.0   0.0   0.000   0.0   0.0
   2 1975 248     0.   0.0   0.0   0.000   0.0  10.6
   2 1975 249     0.   0.0   0.0   0.000   0.0   0.0
   2 1975 250     0.   0.0   0.0   0.000   0.0   0.0
   2 1975 251     0.   0.0   0.0   0.000   0.0   0.0
   2 1975 252     0.   0.0   0.0   0.000   0.0   0.0
   2 1975 253     0.   0.0   0.0   0.000   0.0   0.0
   2 1975 254     0.   0.0   0.0   0.000   0.0   6.5
   2 1975 255     0.   0.0   0.0   0.000   0.0   0.0
   2 1975 256     0.   0.0   0.0   0.000   0.0   5.1
   2 1975 257     0.   0.0   0.0   0.000   0.0   0.0
   2 1975 258     0.   0.0   0.0   0.000   0.0   0.0
   2 1975 259     0.   0.0   0.0   0.000   0.0  45.3
   2 1975 260     0.   0.0   0.0   0.000   0.0   0.6
   2 1975 261     0.   0.0   0.0   0.000   0.0   0.0
   2 1975 262     0.   0.0   0.0   0.000   0.0   0.0
   2 1975 263     0.   0.0   0.0   0.000   0.0  11.1
   2 1975 264     0.   0.0   0.0   0.000   0.0   0.0
   2 1975 265     0.   0.0   0.0   0.000   0.0   0.4
   2 1975 266     0.   0.0   0.0   0.000   0.0  24.8
   2 1975 267     0.   0.0   0.0   0.000   0.0   0.0
   2 1975 268     0.   0.0   0.0   0.000   0.0   0.0
   2 1975 269     0.   0.0   0.0   0.000   0.0   0.0
   2 1975 270     0.   0.0   0.0   0.000   0.0   0.0
   2 1975 271     0.   0.0   0.0   0.000   0.0   0.2
   2 1975 272     0.   0.0   0.0   0.000   0.0   0.0
   2 1975 273     0.   0.0   0.0   0.000   0.0   0.0
   2 1975 274     0.   0.0   0.0   0.000   0.0   0.0
   2 1975 275     0.   0.0   0.0   0.000   0.0   0.0
   2 1975 276     0.   0.0   0.0   0.000   0.0   0.0
   2 1975 277     0.   0.0   0.0   0.000   0.0   0.0
   2 1975 278     0.   0.0   0.0   0.000   0.0   0.0
   2 1975 279     0.   0.0   0.0   0.000   0.0   0.0
   2 1975 280     0.   0.0   0.0   0.000   0.0   0.0
   2 1975 281     0.   0.0   0.0   0.000   0.0   0.1
   2 1975 282     0.   0.0   0.0   0.000   0.0   0.0
   2 1975 283     0.   0.0   0.0   0.000   0.0   2.5
   2 1975 284     0.   0.0   0.0   0.000   0.0   0.0
   2 1975 285     0.   0.0   0.0   0.000   0.0   0.0
   2 1975 286     0.   0.0   0.0   0.000   0.0   0.0
   2 1975 287     0.   0.0   0.0   0.000   0.0   0.0
   2 1975 288     0.   0.0   0.0   0.000   0.0   0.0
   2 1975 289     0.   0.0   0.0   0.000   0.0   0.0
   2 1975 290     0.   0.0   0.0   0.000   0.0   0.0
   2 1975 291     0.   0.0   0.0   0.000   0.0   0.0
   2 1975 292     0.   0.0   0.0   0.000   0.0   0.0
   2 1975 293     0.   0.0   0.0   0.000   0.0   0.0
   2 1975 294     0.   0.0   0.0   0.000   0.0   0.0
   2 1975 295     0.   0.0   0.0   0.000   0.0   0.0
   2 1975 296     0.   0.0   0.0   0.000   0.0   0.0
   2 1975 297     0.   0.0   0.0   0.000   0.0   0.0
   2 1975 298     0.   0.0   0.0   0.000   0.0   0.0
   2 1975 299     0.   0.0   0.0   0.000   0.0   0.0
   2 1975 300     0.   0.0   0.0   0.000   0.0   0.0
   2 1975 301     0.   0.0   0.0   0.000   0.0   0.0
   2 1975 302     0.   0.0   0.0   0.000   0.0   0.0
   2 1975 303     0.   0.0   0.0   0.000   0.0   0.0
   2 1975 304     0.   0.0   0.0   0.000   0.0   0.0
   2 1975 305      4     4     4       4     4     4
   2 1975 305     0.   0.0   0.0   0.000   0.0   0.0
   2 1975 306     0.   0.0   0.0   0.000   0.0   0.0
   2 1975 307     0.   0.0   0.0   0.000   0.0   0.0
   2 1975 308     0.   0.0   0.0   0.000   0.0   0.0
   2 1975 309     0.   0.0   0.0   0.000   0.0   0.0
   2 1975 310     0.   0.0   0.0   0.000   0.0   0.0
   2 1975 311     0.   0.0   0.0   0.000   0.0   0.0
   2 1975 312     0.   0.0   0.0   0.000   0.0   0.0
   2 1975 313     0.   0.0   0.0   0.000   0.0   0.0
   2 1975 314     0.   0.0   0.0   0.000   0.0   0.0
   2 1975 315     0.   0.0   0.0   0.000   0.0   0.0
   2 1975 316     0.   0.0   0.0   0.000   0.0   0.0
   2 1975 317     0.   0.0   0.0   0.000   0.0   0.0
   2 1975 318     0.   0.0   0.0   0.000   0.0   0.0
   2 1975 319     0.   0.0   0.0   0.000   0.0   0.0
   2 1975 320     0.   0.0   0.0   0.000   0.0   0.0
   2 1975 321     0.   0.0   0.0   0.000   0.0   0.0
   2 1975 322     0.   0.0   0.0   0.000   0.0   0.0
   2 1975 323     0.   0.0   0.0   0.000   0.0   0.0
   2 1975 324     0.   0.0   0.0   0.000   0.0   0.0
   2 1975 325     0.   0.0   0.0   0.000   0.0   0.0
   2 1975 326     0.   0.0   0.0   0.000   0.0   0.0
   2 1975 327     0.   0.0   0.0   0.000   0.0   0.0
   2 1975 328     0.   0.0   0.0   0.000   0.0   0.0
   2 1975 329     0.   0.0   0.0   0.000   0.0   0.0
   2 1975 330     0.   0.0   0.0   0.000   0.0   0.0
   2 1975 331     0.   0.0   0.0   0.000   0.0   0.0
   2 1975 332     0.   0.0   0.0   0.000   0.0   0.0
   2 1975 333     0.   0.0   0.0   0.000   0.0   0.0
   2 1975 334     0.   0.0   0.0   0.000   0.0   0.0
   2 1975 335     0.   0.0   0.0   0.000   0.0   0.0
   2 1975 336     0.   0.0   0.0   0.000   0.0   0.0
   2 1975 337     0.   0.0   0.0   0.000   0.0   0.0
   2 1975 338     0.   0.0   0.0   0.000   0.0   0.0
   2 1975 339     0.   0.0   0.0   0.000   0.0   0.0
   2 1975 340     0.   0.0   0.0   0.000   0.0   0.0
   2 1975 341     0.   0.0   0.0   0.000   0.0   0.0
   2 1975 342     0.   0.0   0.0   0.000   0.0   0.0
   2 1975 343     0.   0.0   0.0   0.000   0.0   0.0
   2 1975 344     0.   0.0   0.0   0.000   0.0   0.0
   2 1975 345     0.   0.0   0.0   0.000   0.0   0.0
   2 1975 346     0.   0.0   0.0   0.000   0.0   0.0
   2 1975 347     0.   0.0   0.0   0.000   0.0   0.0
   2 1975 348     0.   0.0   0.0   0.000   0.0   0.0
   2 1975 349     0.   0.0   0.0   0.000   0.0   0.0
   2 1975 350     0.   0.0   0.0   0.000   0.0   0.0
   2 1975 351     0.   0.0   0.0   0.000   0.0   0.0
   2 1975 352     0.   0.0   0.0   0.000   0.0   0.0
   2 1975 353     0.   0.0   0.0   0.000   0.0   0.0
   2 1975 354     0.   0.0   0.0   0.000   0.0   0.0
   2 1975 355     0.   0.0   0.0   0.000   0.0   0.0
   2 1975 356     0.   0.0   0.0   0.000   0.0   0.0
   2 1975 357     0.   0.0   0.0   0.000   0.0   0.0
   2 1975 358     0.   0.0   0.0   0.000   0.0   0.0
   2 1975 359     0.   0.0   0.0   0.000   0.0   0.0
   2 1975 360     0.   0.0   0.0   0.000   0.0   0.0
   2 1975 361     0.   0.0   0.0   0.000   0.0   0.0
   2 1975 362     0.   0.0   0.0   0.000   0.0   0.0
   2 1975 363     0.   0.0   0.0   0.000   0.0   0.0
   2 1975 364     0.   0.0   0.0   0.000   0.0   0.0
   2 1975 365     0.   0.0   0.0   0.000   0.0   0.0
