*---------------------------------------------------------------------------*
* Station name: Mopti-Sevare, Mopti-region, Mali
* Year: 1972
* Author: Olaf Erenstein & Willem Stol
* Source: Meteo Mali
* Comments: Daily raindata, others monthly means
*
* Longitude: 04 06 W
* Latitude:  14 31 N
* Altitude:    271 m
*
* Column  Daily value
* 1       station number
* 2       year
* 3       day
* 4       irradiation                   (kJ m-2 d-1)
* 5       minimum temperature           (degrees Celsius)
* 6       maximum temperature           (degrees Celsius)
* 7       early morning vapour pressure (kPa)
* 8       mean wind speed (height: 2 m) (m s-1)
* 9       precipitation                 (mm d-1)
*---------------------------------------------------------------------------*
  -4.10  14.52   271. 0.00 0.00
   2 1972   1      4     4     4       4     4     4
   2 1972   1     0.   0.0   0.0   0.000   0.0   0.0
   2 1972   2     0.   0.0   0.0   0.000   0.0   0.0
   2 1972   3     0.   0.0   0.0   0.000   0.0   0.0
   2 1972   4     0.   0.0   0.0   0.000   0.0   0.0
   2 1972   5     0.   0.0   0.0   0.000   0.0   0.0
   2 1972   6     0.   0.0   0.0   0.000   0.0   0.0
   2 1972   7     0.   0.0   0.0   0.000   0.0   0.0
   2 1972   8     0.   0.0   0.0   0.000   0.0   0.0
   2 1972   9     0.   0.0   0.0   0.000   0.0   0.0
   2 1972  10     0.   0.0   0.0   0.000   0.0   0.0
   2 1972  11     0.   0.0   0.0   0.000   0.0   0.0
   2 1972  12     0.   0.0   0.0   0.000   0.0   0.0
   2 1972  13     0.   0.0   0.0   0.000   0.0   0.0
   2 1972  14     0.   0.0   0.0   0.000   0.0   0.0
   2 1972  15     0.   0.0   0.0   0.000   0.0   0.0
   2 1972  16     0.   0.0   0.0   0.000   0.0   0.0
   2 1972  17     0.   0.0   0.0   0.000   0.0   0.0
   2 1972  18     0.   0.0   0.0   0.000   0.0   0.0
   2 1972  19     0.   0.0   0.0   0.000   0.0   0.0
   2 1972  20     0.   0.0   0.0   0.000   0.0   0.0
   2 1972  21     0.   0.0   0.0   0.000   0.0   0.0
   2 1972  22     0.   0.0   0.0   0.000   0.0   0.0
   2 1972  23     0.   0.0   0.0   0.000   0.0   0.0
   2 1972  24     0.   0.0   0.0   0.000   0.0   0.0
   2 1972  25     0.   0.0   0.0   0.000   0.0   0.0
   2 1972  26     0.   0.0   0.0   0.000   0.0   0.0
   2 1972  27     0.   0.0   0.0   0.000   0.0   0.0
   2 1972  28     0.   0.0   0.0   0.000   0.0   0.0
   2 1972  29     0.   0.0   0.0   0.000   0.0   0.0
   2 1972  30     0.   0.0   0.0   0.000   0.0   0.0
   2 1972  31     0.   0.0   0.0   0.000   0.0   0.0
   2 1972  32     0.   0.0   0.0   0.000   0.0   0.0
   2 1972  33     0.   0.0   0.0   0.000   0.0   0.0
   2 1972  34     0.   0.0   0.0   0.000   0.0   0.0
   2 1972  35     0.   0.0   0.0   0.000   0.0   0.0
   2 1972  36     0.   0.0   0.0   0.000   0.0   0.0
   2 1972  37     0.   0.0   0.0   0.000   0.0   0.0
   2 1972  38     0.   0.0   0.0   0.000   0.0   0.0
   2 1972  39     0.   0.0   0.0   0.000   0.0   0.0
   2 1972  40     0.   0.0   0.0   0.000   0.0   0.0
   2 1972  41     0.   0.0   0.0   0.000   0.0   0.0
   2 1972  42     0.   0.0   0.0   0.000   0.0   0.0
   2 1972  43     0.   0.0   0.0   0.000   0.0   0.0
   2 1972  44     0.   0.0   0.0   0.000   0.0   0.0
   2 1972  45     0.   0.0   0.0   0.000   0.0   0.0
   2 1972  46     0.   0.0   0.0   0.000   0.0   0.0
   2 1972  47     0.   0.0   0.0   0.000   0.0   0.0
   2 1972  48     0.   0.0   0.0   0.000   0.0   0.0
   2 1972  49     0.   0.0   0.0   0.000   0.0   0.0
   2 1972  50     0.   0.0   0.0   0.000   0.0   0.0
   2 1972  51     0.   0.0   0.0   0.000   0.0   0.0
   2 1972  52     0.   0.0   0.0   0.000   0.0   0.0
   2 1972  53     0.   0.0   0.0   0.000   0.0   0.0
   2 1972  54     0.   0.0   0.0   0.000   0.0   0.0
   2 1972  55     0.   0.0   0.0   0.000   0.0   0.0
   2 1972  56     0.   0.0   0.0   0.000   0.0   0.0
   2 1972  57     0.   0.0   0.0   0.000   0.0   0.0
   2 1972  58     0.   0.0   0.0   0.000   0.0   0.0
   2 1972  59     0.   0.0   0.0   0.000   0.0   0.0
   2 1972  60     0.   0.0   0.0   0.000   0.0   0.0
   2 1972  61     0.   0.0   0.0   0.000   0.0   0.0
   2 1972  62     0.   0.0   0.0   0.000   0.0   0.0
   2 1972  63     0.   0.0   0.0   0.000   0.0   0.0
   2 1972  64     0.   0.0   0.0   0.000   0.0   0.0
   2 1972  65     0.   0.0   0.0   0.000   0.0   0.0
   2 1972  66     0.   0.0   0.0   0.000   0.0   0.0
   2 1972  67     0.   0.0   0.0   0.000   0.0   0.0
   2 1972  68     0.   0.0   0.0   0.000   0.0   0.0
   2 1972  69     0.   0.0   0.0   0.000   0.0   0.0
   2 1972  70     0.   0.0   0.0   0.000   0.0   0.0
   2 1972  71     0.   0.0   0.0   0.000   0.0   0.0
   2 1972  72     0.   0.0   0.0   0.000   0.0   0.0
   2 1972  73     0.   0.0   0.0   0.000   0.0   0.0
   2 1972  74     0.   0.0   0.0   0.000   0.0   0.0
   2 1972  75     0.   0.0   0.0   0.000   0.0   0.0
   2 1972  76     0.   0.0   0.0   0.000   0.0   0.0
   2 1972  77     0.   0.0   0.0   0.000   0.0   0.0
   2 1972  78     0.   0.0   0.0   0.000   0.0   0.0
   2 1972  79     0.   0.0   0.0   0.000   0.0   0.0
   2 1972  80     0.   0.0   0.0   0.000   0.0   0.0
   2 1972  81     0.   0.0   0.0   0.000   0.0   0.0
   2 1972  82     0.   0.0   0.0   0.000   0.0   0.0
   2 1972  83     0.   0.0   0.0   0.000   0.0   0.0
   2 1972  84     0.   0.0   0.0   0.000   0.0   0.0
   2 1972  85     0.   0.0   0.0   0.000   0.0   0.0
   2 1972  86     0.   0.0   0.0   0.000   0.0   0.0
   2 1972  87     0.   0.0   0.0   0.000   0.0   0.0
   2 1972  88     0.   0.0   0.0   0.000   0.0   0.0
   2 1972  89     0.   0.0   0.0   0.000   0.0   0.0
   2 1972  90     0.   0.0   0.0   0.000   0.0   0.0
   2 1972  91     0.   0.0   0.0   0.000   0.0   0.0
   2 1972  92     0.   0.0   0.0   0.000   0.0   0.0
   2 1972  93     0.   0.0   0.0   0.000   0.0   0.0
   2 1972  94     0.   0.0   0.0   0.000   0.0   0.0
   2 1972  95     0.   0.0   0.0   0.000   0.0   0.0
   2 1972  96     0.   0.0   0.0   0.000   0.0   0.0
   2 1972  97     0.   0.0   0.0   0.000   0.0   0.0
   2 1972  98     0.   0.0   0.0   0.000   0.0   0.0
   2 1972  99     0.   0.0   0.0   0.000   0.0   0.0
   2 1972 100     0.   0.0   0.0   0.000   0.0   0.0
   2 1972 101     0.   0.0   0.0   0.000   0.0   0.0
   2 1972 102     0.   0.0   0.0   0.000   0.0   0.0
   2 1972 103     0.   0.0   0.0   0.000   0.0   0.0
   2 1972 104     0.   0.0   0.0   0.000   0.0   0.0
   2 1972 105     0.   0.0   0.0   0.000   0.0   0.0
   2 1972 106     0.   0.0   0.0   0.000   0.0   0.0
   2 1972 107     0.   0.0   0.0   0.000   0.0   0.0
   2 1972 108     0.   0.0   0.0   0.000   0.0   0.0
   2 1972 109     0.   0.0   0.0   0.000   0.0   0.0
   2 1972 110     0.   0.0   0.0   0.000   0.0   0.0
   2 1972 111     0.   0.0   0.0   0.000   0.0   0.0
   2 1972 112     0.   0.0   0.0   0.000   0.0   0.0
   2 1972 113     0.   0.0   0.0   0.000   0.0   0.0
   2 1972 114     0.   0.0   0.0   0.000   0.0   0.0
   2 1972 115     0.   0.0   0.0   0.000   0.0   0.0
   2 1972 116     0.   0.0   0.0   0.000   0.0   0.0
   2 1972 117     0.   0.0   0.0   0.000   0.0   0.0
   2 1972 118     0.   0.0   0.0   0.000   0.0   0.0
   2 1972 119     0.   0.0   0.0   0.000   0.0   0.0
   2 1972 120     0.   0.0   0.0   0.000   0.0   0.0
   2 1972 121      4     4     4       4     4     1
   2 1972 121     0.   0.0   0.0   0.000   0.0   0.0
   2 1972 122     0.   0.0   0.0   0.000   0.0   0.0
   2 1972 123     0.   0.0   0.0   0.000   0.0   0.0
   2 1972 124     0.   0.0   0.0   0.000   0.0   0.0
   2 1972 125     0.   0.0   0.0   0.000   0.0   0.0
   2 1972 126     0.   0.0   0.0   0.000   0.0   0.0
   2 1972 127     0.   0.0   0.0   0.000   0.0   2.4
   2 1972 128     0.   0.0   0.0   0.000   0.0   0.0
   2 1972 129     0.   0.0   0.0   0.000   0.0   0.0
   2 1972 130     0.   0.0   0.0   0.000   0.0   0.0
   2 1972 131     0.   0.0   0.0   0.000   0.0   0.0
   2 1972 132     0.   0.0   0.0   0.000   0.0   0.0
   2 1972 133     0.   0.0   0.0   0.000   0.0   0.0
   2 1972 134     0.   0.0   0.0   0.000   0.0   0.0
   2 1972 135     0.   0.0   0.0   0.000   0.0   0.0
   2 1972 136     0.   0.0   0.0   0.000   0.0   0.0
   2 1972 137     0.   0.0   0.0   0.000   0.0   0.0
   2 1972 138     0.   0.0   0.0   0.000   0.0   1.7
   2 1972 139     0.   0.0   0.0   0.000   0.0   0.0
   2 1972 140     0.   0.0   0.0   0.000   0.0   0.0
   2 1972 141     0.   0.0   0.0   0.000   0.0   0.0
   2 1972 142     0.   0.0   0.0   0.000   0.0   0.0
   2 1972 143     0.   0.0   0.0   0.000   0.0   0.0
   2 1972 144     0.   0.0   0.0   0.000   0.0   0.0
   2 1972 145     0.   0.0   0.0   0.000   0.0   0.0
   2 1972 146     0.   0.0   0.0   0.000   0.0   3.3
   2 1972 147     0.   0.0   0.0   0.000   0.0   0.0
   2 1972 148     0.   0.0   0.0   0.000   0.0   0.0
   2 1972 149     0.   0.0   0.0   0.000   0.0   0.0
   2 1972 150     0.   0.0   0.0   0.000   0.0   6.9
   2 1972 151     0.   0.0   0.0   0.000   0.0  28.5
   2 1972 152     0.   0.0   0.0   0.000   0.0   0.0
   2 1972 153     0.   0.0   0.0   0.000   0.0   2.2
   2 1972 154     0.   0.0   0.0   0.000   0.0   6.7
   2 1972 155     0.   0.0   0.0   0.000   0.0   2.4
   2 1972 156     0.   0.0   0.0   0.000   0.0   1.0
   2 1972 157     0.   0.0   0.0   0.000   0.0   0.0
   2 1972 158     0.   0.0   0.0   0.000   0.0   0.0
   2 1972 159     0.   0.0   0.0   0.000   0.0   0.0
   2 1972 160     0.   0.0   0.0   0.000   0.0   0.0
   2 1972 161     0.   0.0   0.0   0.000   0.0   0.0
   2 1972 162     0.   0.0   0.0   0.000   0.0   0.0
   2 1972 163     0.   0.0   0.0   0.000   0.0   0.0
   2 1972 164     0.   0.0   0.0   0.000   0.0   1.5
   2 1972 165     0.   0.0   0.0   0.000   0.0   0.0
   2 1972 166     0.   0.0   0.0   0.000   0.0   0.0
   2 1972 167     0.   0.0   0.0   0.000   0.0   0.0
   2 1972 168     0.   0.0   0.0   0.000   0.0  28.7
   2 1972 169     0.   0.0   0.0   0.000   0.0   3.0
   2 1972 170     0.   0.0   0.0   0.000   0.0   0.0
   2 1972 171     0.   0.0   0.0   0.000   0.0   0.0
   2 1972 172     0.   0.0   0.0   0.000   0.0   0.0
   2 1972 173     0.   0.0   0.0   0.000   0.0   0.0
   2 1972 174     0.   0.0   0.0   0.000   0.0   0.0
   2 1972 175     0.   0.0   0.0   0.000   0.0   0.0
   2 1972 176     0.   0.0   0.0   0.000   0.0   0.0
   2 1972 177     0.   0.0   0.0   0.000   0.0   0.0
   2 1972 178     0.   0.0   0.0   0.000   0.0  16.0
   2 1972 179     0.   0.0   0.0   0.000   0.0   0.0
   2 1972 180     0.   0.0   0.0   0.000   0.0   0.0
   2 1972 181     0.   0.0   0.0   0.000   0.0   0.0
   2 1972 182     0.   0.0   0.0   0.000   0.0   0.0
   2 1972 183     0.   0.0   0.0   0.000   0.0   0.0
   2 1972 184     0.   0.0   0.0   0.000   0.0   0.0
   2 1972 185     0.   0.0   0.0   0.000   0.0   2.7
   2 1972 186     0.   0.0   0.0   0.000   0.0   0.0
   2 1972 187     0.   0.0   0.0   0.000   0.0   0.0
   2 1972 188     0.   0.0   0.0   0.000   0.0   3.1
   2 1972 189     0.   0.0   0.0   0.000   0.0   0.0
   2 1972 190     0.   0.0   0.0   0.000   0.0   0.0
   2 1972 191     0.   0.0   0.0   0.000   0.0   0.0
   2 1972 192     0.   0.0   0.0   0.000   0.0   0.0
   2 1972 193     0.   0.0   0.0   0.000   0.0   0.0
   2 1972 194     0.   0.0   0.0   0.000   0.0   0.0
   2 1972 195     0.   0.0   0.0   0.000   0.0   2.1
   2 1972 196     0.   0.0   0.0   0.000   0.0   5.2
   2 1972 197     0.   0.0   0.0   0.000   0.0  14.1
   2 1972 198     0.   0.0   0.0   0.000   0.0   0.1
   2 1972 199     0.   0.0   0.0   0.000   0.0   2.8
   2 1972 200     0.   0.0   0.0   0.000   0.0   0.0
   2 1972 201     0.   0.0   0.0   0.000   0.0   0.0
   2 1972 202     0.   0.0   0.0   0.000   0.0   0.0
   2 1972 203     0.   0.0   0.0   0.000   0.0   0.6
   2 1972 204     0.   0.0   0.0   0.000   0.0   0.0
   2 1972 205     0.   0.0   0.0   0.000   0.0   0.0
   2 1972 206     0.   0.0   0.0   0.000   0.0   0.0
   2 1972 207     0.   0.0   0.0   0.000   0.0   0.0
   2 1972 208     0.   0.0   0.0   0.000   0.0   0.0
   2 1972 209     0.   0.0   0.0   0.000   0.0   0.0
   2 1972 210     0.   0.0   0.0   0.000   0.0   0.0
   2 1972 211     0.   0.0   0.0   0.000   0.0  20.8
   2 1972 212     0.   0.0   0.0   0.000   0.0   0.3
   2 1972 213     0.   0.0   0.0   0.000   0.0   0.0
   2 1972 214     0.   0.0   0.0   0.000   0.0   0.0
   2 1972 215     0.   0.0   0.0   0.000   0.0   0.0
   2 1972 216     0.   0.0   0.0   0.000   0.0   0.0
   2 1972 217     0.   0.0   0.0   0.000   0.0  35.9
   2 1972 218     0.   0.0   0.0   0.000   0.0   0.2
   2 1972 219     0.   0.0   0.0   0.000   0.0   0.0
   2 1972 220     0.   0.0   0.0   0.000   0.0   0.0
   2 1972 221     0.   0.0   0.0   0.000   0.0   0.0
   2 1972 222     0.   0.0   0.0   0.000   0.0   0.0
   2 1972 223     0.   0.0   0.0   0.000   0.0   2.7
   2 1972 224     0.   0.0   0.0   0.000   0.0   0.2
   2 1972 225     0.   0.0   0.0   0.000   0.0  11.3
   2 1972 226     0.   0.0   0.0   0.000   0.0   0.0
   2 1972 227     0.   0.0   0.0   0.000   0.0   0.0
   2 1972 228     0.   0.0   0.0   0.000   0.0  11.2
   2 1972 229     0.   0.0   0.0   0.000   0.0   0.0
   2 1972 230     0.   0.0   0.0   0.000   0.0   0.0
   2 1972 231     0.   0.0   0.0   0.000   0.0   0.0
   2 1972 232     0.   0.0   0.0   0.000   0.0   0.0
   2 1972 233     0.   0.0   0.0   0.000   0.0   0.0
   2 1972 234     0.   0.0   0.0   0.000   0.0   0.0
   2 1972 235     0.   0.0   0.0   0.000   0.0   0.6
   2 1972 236     0.   0.0   0.0   0.000   0.0  29.0
   2 1972 237     0.   0.0   0.0   0.000   0.0   0.2
   2 1972 238     0.   0.0   0.0   0.000   0.0   0.0
   2 1972 239     0.   0.0   0.0   0.000   0.0   0.0
   2 1972 240     0.   0.0   0.0   0.000   0.0   0.0
   2 1972 241     0.   0.0   0.0   0.000   0.0   1.0
   2 1972 242     0.   0.0   0.0   0.000   0.0   4.4
   2 1972 243     0.   0.0   0.0   0.000   0.0  17.6
   2 1972 244     0.   0.0   0.0   0.000   0.0   5.6
   2 1972 245     0.   0.0   0.0   0.000   0.0   0.3
   2 1972 246     0.   0.0   0.0   0.000   0.0   0.2
   2 1972 247     0.   0.0   0.0   0.000   0.0   0.0
   2 1972 248     0.   0.0   0.0   0.000   0.0   0.0
   2 1972 249     0.   0.0   0.0   0.000   0.0   0.0
   2 1972 250     0.   0.0   0.0   0.000   0.0   0.0
   2 1972 251     0.   0.0   0.0   0.000   0.0   0.0
   2 1972 252     0.   0.0   0.0   0.000   0.0   0.0
   2 1972 253     0.   0.0   0.0   0.000   0.0   3.8
   2 1972 254     0.   0.0   0.0   0.000   0.0   0.0
   2 1972 255     0.   0.0   0.0   0.000   0.0   0.0
   2 1972 256     0.   0.0   0.0   0.000   0.0   0.0
   2 1972 257     0.   0.0   0.0   0.000   0.0  34.5
   2 1972 258     0.   0.0   0.0   0.000   0.0   0.0
   2 1972 259     0.   0.0   0.0   0.000   0.0   2.3
   2 1972 260     0.   0.0   0.0   0.000   0.0   0.0
   2 1972 261     0.   0.0   0.0   0.000   0.0   0.0
   2 1972 262     0.   0.0   0.0   0.000   0.0   0.4
   2 1972 263     0.   0.0   0.0   0.000   0.0   0.0
   2 1972 264     0.   0.0   0.0   0.000   0.0   0.0
   2 1972 265     0.   0.0   0.0   0.000   0.0  22.6
   2 1972 266     0.   0.0   0.0   0.000   0.0   0.0
   2 1972 267     0.   0.0   0.0   0.000   0.0   0.0
   2 1972 268     0.   0.0   0.0   0.000   0.0   0.0
   2 1972 269     0.   0.0   0.0   0.000   0.0   0.0
   2 1972 270     0.   0.0   0.0   0.000   0.0   0.0
   2 1972 271     0.   0.0   0.0   0.000   0.0   0.0
   2 1972 272     0.   0.0   0.0   0.000   0.0   0.0
   2 1972 273     0.   0.0   0.0   0.000   0.0   0.0
   2 1972 274     0.   0.0   0.0   0.000   0.0   0.0
   2 1972 275     0.   0.0   0.0   0.000   0.0   0.4
   2 1972 276     0.   0.0   0.0   0.000   0.0   0.0
   2 1972 277     0.   0.0   0.0   0.000   0.0   0.0
   2 1972 278     0.   0.0   0.0   0.000   0.0   1.0
   2 1972 279     0.   0.0   0.0   0.000   0.0   0.0
   2 1972 280     0.   0.0   0.0   0.000   0.0   0.0
   2 1972 281     0.   0.0   0.0   0.000   0.0   0.0
   2 1972 282     0.   0.0   0.0   0.000   0.0  11.5
   2 1972 283     0.   0.0   0.0   0.000   0.0   0.0
   2 1972 284     0.   0.0   0.0   0.000   0.0   0.0
   2 1972 285     0.   0.0   0.0   0.000   0.0   0.0
   2 1972 286     0.   0.0   0.0   0.000   0.0   0.0
   2 1972 287     0.   0.0   0.0   0.000   0.0   0.0
   2 1972 288     0.   0.0   0.0   0.000   0.0   0.0
   2 1972 289     0.   0.0   0.0   0.000   0.0   0.0
   2 1972 290     0.   0.0   0.0   0.000   0.0   0.0
   2 1972 291     0.   0.0   0.0   0.000   0.0   0.2
   2 1972 292     0.   0.0   0.0   0.000   0.0   0.0
   2 1972 293     0.   0.0   0.0   0.000   0.0   0.0
   2 1972 294     0.   0.0   0.0   0.000   0.0   0.0
   2 1972 295     0.   0.0   0.0   0.000   0.0   0.0
   2 1972 296     0.   0.0   0.0   0.000   0.0   0.0
   2 1972 297     0.   0.0   0.0   0.000   0.0   0.0
   2 1972 298     0.   0.0   0.0   0.000   0.0   0.0
   2 1972 299     0.   0.0   0.0   0.000   0.0  33.8
   2 1972 300     0.   0.0   0.0   0.000   0.0   0.0
   2 1972 301     0.   0.0   0.0   0.000   0.0   0.0
   2 1972 302     0.   0.0   0.0   0.000   0.0   0.0
   2 1972 303     0.   0.0   0.0   0.000   0.0   0.0
   2 1972 304     0.   0.0   0.0   0.000   0.0   0.0
   2 1972 305      4     4     4       4     4     4
   2 1972 305     0.   0.0   0.0   0.000   0.0   0.0
   2 1972 306     0.   0.0   0.0   0.000   0.0   0.0
   2 1972 307     0.   0.0   0.0   0.000   0.0   0.0
   2 1972 308     0.   0.0   0.0   0.000   0.0   0.0
   2 1972 309     0.   0.0   0.0   0.000   0.0   0.0
   2 1972 310     0.   0.0   0.0   0.000   0.0   0.0
   2 1972 311     0.   0.0   0.0   0.000   0.0   0.0
   2 1972 312     0.   0.0   0.0   0.000   0.0   0.0
   2 1972 313     0.   0.0   0.0   0.000   0.0   0.0
   2 1972 314     0.   0.0   0.0   0.000   0.0   0.0
   2 1972 315     0.   0.0   0.0   0.000   0.0   0.0
   2 1972 316     0.   0.0   0.0   0.000   0.0   0.0
   2 1972 317     0.   0.0   0.0   0.000   0.0   0.0
   2 1972 318     0.   0.0   0.0   0.000   0.0   0.0
   2 1972 319     0.   0.0   0.0   0.000   0.0   0.0
   2 1972 320     0.   0.0   0.0   0.000   0.0   0.0
   2 1972 321     0.   0.0   0.0   0.000   0.0   0.0
   2 1972 322     0.   0.0   0.0   0.000   0.0   0.0
   2 1972 323     0.   0.0   0.0   0.000   0.0   0.0
   2 1972 324     0.   0.0   0.0   0.000   0.0   0.0
   2 1972 325     0.   0.0   0.0   0.000   0.0   0.0
   2 1972 326     0.   0.0   0.0   0.000   0.0   0.0
   2 1972 327     0.   0.0   0.0   0.000   0.0   0.0
   2 1972 328     0.   0.0   0.0   0.000   0.0   0.0
   2 1972 329     0.   0.0   0.0   0.000   0.0   0.0
   2 1972 330     0.   0.0   0.0   0.000   0.0   0.0
   2 1972 331     0.   0.0   0.0   0.000   0.0   0.0
   2 1972 332     0.   0.0   0.0   0.000   0.0   0.0
   2 1972 333     0.   0.0   0.0   0.000   0.0   0.0
   2 1972 334     0.   0.0   0.0   0.000   0.0   0.0
   2 1972 335     0.   0.0   0.0   0.000   0.0   0.0
   2 1972 336     0.   0.0   0.0   0.000   0.0   0.0
   2 1972 337     0.   0.0   0.0   0.000   0.0   0.0
   2 1972 338     0.   0.0   0.0   0.000   0.0   0.0
   2 1972 339     0.   0.0   0.0   0.000   0.0   0.0
   2 1972 340     0.   0.0   0.0   0.000   0.0   0.0
   2 1972 341     0.   0.0   0.0   0.000   0.0   0.0
   2 1972 342     0.   0.0   0.0   0.000   0.0   0.0
   2 1972 343     0.   0.0   0.0   0.000   0.0   0.0
   2 1972 344     0.   0.0   0.0   0.000   0.0   0.0
   2 1972 345     0.   0.0   0.0   0.000   0.0   0.0
   2 1972 346     0.   0.0   0.0   0.000   0.0   0.0
   2 1972 347     0.   0.0   0.0   0.000   0.0   0.0
   2 1972 348     0.   0.0   0.0   0.000   0.0   0.0
   2 1972 349     0.   0.0   0.0   0.000   0.0   0.0
   2 1972 350     0.   0.0   0.0   0.000   0.0   0.0
   2 1972 351     0.   0.0   0.0   0.000   0.0   0.0
   2 1972 352     0.   0.0   0.0   0.000   0.0   0.0
   2 1972 353     0.   0.0   0.0   0.000   0.0   0.0
   2 1972 354     0.   0.0   0.0   0.000   0.0   0.0
   2 1972 355     0.   0.0   0.0   0.000   0.0   0.0
   2 1972 356     0.   0.0   0.0   0.000   0.0   0.0
   2 1972 357     0.   0.0   0.0   0.000   0.0   0.0
   2 1972 358     0.   0.0   0.0   0.000   0.0   0.0
   2 1972 359     0.   0.0   0.0   0.000   0.0   0.0
   2 1972 360     0.   0.0   0.0   0.000   0.0   0.0
   2 1972 361     0.   0.0   0.0   0.000   0.0   0.0
   2 1972 362     0.   0.0   0.0   0.000   0.0   0.0
   2 1972 363     0.   0.0   0.0   0.000   0.0   0.0
   2 1972 364     0.   0.0   0.0   0.000   0.0   0.0
   2 1972 365     0.   0.0   0.0   0.000   0.0   0.0
