*---------------------------------------------------------------------------*
* Station name: Mopti-aerodrome, Mopti-region, Mali
* Year: 1960
* Author: Olaf Erenstein & Willem Stol
* Source: Meteo Mali
* Comments: Daily raindata, others monthly means
*
* Longitude: 04 06 W
* Latitude:  14 31 N
* Altitude:    271 m
*
* Column  Daily value
* 1       station number
* 2       year
* 3       day
* 4       irradiation                   (kJ m-2 d-1)
* 5       minimum temperature           (degrees Celsius)
* 6       maximum temperature           (degrees Celsius)
* 7       early morning vapour pressure (kPa)
* 8       mean wind speed (height: 2 m) (m s-1)
* 9       precipitation                 (mm d-1)
*---------------------------------------------------------------------------*
  -4.10  14.52   271. 0.00 0.00
   2 1960   1      4     4     4       4     4     4
   2 1960   1     0.   0.0   0.0   0.000   0.0   0.0
   2 1960   2     0.   0.0   0.0   0.000   0.0   0.0
   2 1960   3     0.   0.0   0.0   0.000   0.0   0.0
   2 1960   4     0.   0.0   0.0   0.000   0.0   0.0
   2 1960   5     0.   0.0   0.0   0.000   0.0   0.0
   2 1960   6     0.   0.0   0.0   0.000   0.0   0.0
   2 1960   7     0.   0.0   0.0   0.000   0.0   0.0
   2 1960   8     0.   0.0   0.0   0.000   0.0   0.0
   2 1960   9     0.   0.0   0.0   0.000   0.0   0.0
   2 1960  10     0.   0.0   0.0   0.000   0.0   0.0
   2 1960  11     0.   0.0   0.0   0.000   0.0   0.0
   2 1960  12     0.   0.0   0.0   0.000   0.0   0.0
   2 1960  13     0.   0.0   0.0   0.000   0.0   0.0
   2 1960  14     0.   0.0   0.0   0.000   0.0   0.0
   2 1960  15     0.   0.0   0.0   0.000   0.0   0.0
   2 1960  16     0.   0.0   0.0   0.000   0.0   0.0
   2 1960  17     0.   0.0   0.0   0.000   0.0   0.0
   2 1960  18     0.   0.0   0.0   0.000   0.0   0.0
   2 1960  19     0.   0.0   0.0   0.000   0.0   0.0
   2 1960  20     0.   0.0   0.0   0.000   0.0   0.0
   2 1960  21     0.   0.0   0.0   0.000   0.0   0.0
   2 1960  22     0.   0.0   0.0   0.000   0.0   0.0
   2 1960  23     0.   0.0   0.0   0.000   0.0   0.0
   2 1960  24     0.   0.0   0.0   0.000   0.0   0.0
   2 1960  25     0.   0.0   0.0   0.000   0.0   0.0
   2 1960  26     0.   0.0   0.0   0.000   0.0   0.0
   2 1960  27     0.   0.0   0.0   0.000   0.0   0.0
   2 1960  28     0.   0.0   0.0   0.000   0.0   0.0
   2 1960  29     0.   0.0   0.0   0.000   0.0   0.0
   2 1960  30     0.   0.0   0.0   0.000   0.0   0.0
   2 1960  31     0.   0.0   0.0   0.000   0.0   0.0
   2 1960  32     0.   0.0   0.0   0.000   0.0   0.0
   2 1960  33     0.   0.0   0.0   0.000   0.0   0.0
   2 1960  34     0.   0.0   0.0   0.000   0.0   0.0
   2 1960  35     0.   0.0   0.0   0.000   0.0   0.0
   2 1960  36     0.   0.0   0.0   0.000   0.0   0.0
   2 1960  37     0.   0.0   0.0   0.000   0.0   0.0
   2 1960  38     0.   0.0   0.0   0.000   0.0   0.0
   2 1960  39     0.   0.0   0.0   0.000   0.0   0.0
   2 1960  40     0.   0.0   0.0   0.000   0.0   0.0
   2 1960  41     0.   0.0   0.0   0.000   0.0   0.0
   2 1960  42     0.   0.0   0.0   0.000   0.0   0.0
   2 1960  43     0.   0.0   0.0   0.000   0.0   0.0
   2 1960  44     0.   0.0   0.0   0.000   0.0   0.0
   2 1960  45     0.   0.0   0.0   0.000   0.0   0.0
   2 1960  46     0.   0.0   0.0   0.000   0.0   0.0
   2 1960  47     0.   0.0   0.0   0.000   0.0   0.0
   2 1960  48     0.   0.0   0.0   0.000   0.0   0.0
   2 1960  49     0.   0.0   0.0   0.000   0.0   0.0
   2 1960  50     0.   0.0   0.0   0.000   0.0   0.0
   2 1960  51     0.   0.0   0.0   0.000   0.0   0.0
   2 1960  52     0.   0.0   0.0   0.000   0.0   0.0
   2 1960  53     0.   0.0   0.0   0.000   0.0   0.0
   2 1960  54     0.   0.0   0.0   0.000   0.0   0.0
   2 1960  55     0.   0.0   0.0   0.000   0.0   0.0
   2 1960  56     0.   0.0   0.0   0.000   0.0   0.0
   2 1960  57     0.   0.0   0.0   0.000   0.0   0.0
   2 1960  58     0.   0.0   0.0   0.000   0.0   0.0
   2 1960  59     0.   0.0   0.0   0.000   0.0   0.0
   2 1960  60     0.   0.0   0.0   0.000   0.0   0.0
   2 1960  61     0.   0.0   0.0   0.000   0.0   0.0
   2 1960  62     0.   0.0   0.0   0.000   0.0   0.0
   2 1960  63     0.   0.0   0.0   0.000   0.0   0.0
   2 1960  64     0.   0.0   0.0   0.000   0.0   0.0
   2 1960  65     0.   0.0   0.0   0.000   0.0   0.0
   2 1960  66     0.   0.0   0.0   0.000   0.0   0.0
   2 1960  67     0.   0.0   0.0   0.000   0.0   0.0
   2 1960  68     0.   0.0   0.0   0.000   0.0   0.0
   2 1960  69     0.   0.0   0.0   0.000   0.0   0.0
   2 1960  70     0.   0.0   0.0   0.000   0.0   0.0
   2 1960  71     0.   0.0   0.0   0.000   0.0   0.0
   2 1960  72     0.   0.0   0.0   0.000   0.0   0.0
   2 1960  73     0.   0.0   0.0   0.000   0.0   0.0
   2 1960  74     0.   0.0   0.0   0.000   0.0   0.0
   2 1960  75     0.   0.0   0.0   0.000   0.0   0.0
   2 1960  76     0.   0.0   0.0   0.000   0.0   0.0
   2 1960  77     0.   0.0   0.0   0.000   0.0   0.0
   2 1960  78     0.   0.0   0.0   0.000   0.0   0.0
   2 1960  79     0.   0.0   0.0   0.000   0.0   0.0
   2 1960  80     0.   0.0   0.0   0.000   0.0   0.0
   2 1960  81     0.   0.0   0.0   0.000   0.0   0.0
   2 1960  82     0.   0.0   0.0   0.000   0.0   0.0
   2 1960  83     0.   0.0   0.0   0.000   0.0   0.0
   2 1960  84     0.   0.0   0.0   0.000   0.0   0.0
   2 1960  85     0.   0.0   0.0   0.000   0.0   0.0
   2 1960  86     0.   0.0   0.0   0.000   0.0   0.0
   2 1960  87     0.   0.0   0.0   0.000   0.0   0.0
   2 1960  88     0.   0.0   0.0   0.000   0.0   0.0
   2 1960  89     0.   0.0   0.0   0.000   0.0   0.0
   2 1960  90     0.   0.0   0.0   0.000   0.0   0.0
   2 1960  91     0.   0.0   0.0   0.000   0.0   0.0
   2 1960  92     0.   0.0   0.0   0.000   0.0   0.0
   2 1960  93     0.   0.0   0.0   0.000   0.0   0.0
   2 1960  94     0.   0.0   0.0   0.000   0.0   0.0
   2 1960  95     0.   0.0   0.0   0.000   0.0   0.0
   2 1960  96     0.   0.0   0.0   0.000   0.0   0.0
   2 1960  97     0.   0.0   0.0   0.000   0.0   0.0
   2 1960  98     0.   0.0   0.0   0.000   0.0   0.0
   2 1960  99     0.   0.0   0.0   0.000   0.0   0.0
   2 1960 100     0.   0.0   0.0   0.000   0.0   0.0
   2 1960 101     0.   0.0   0.0   0.000   0.0   0.0
   2 1960 102     0.   0.0   0.0   0.000   0.0   0.0
   2 1960 103     0.   0.0   0.0   0.000   0.0   0.0
   2 1960 104     0.   0.0   0.0   0.000   0.0   0.0
   2 1960 105     0.   0.0   0.0   0.000   0.0   0.0
   2 1960 106     0.   0.0   0.0   0.000   0.0   0.0
   2 1960 107     0.   0.0   0.0   0.000   0.0   0.0
   2 1960 108     0.   0.0   0.0   0.000   0.0   0.0
   2 1960 109     0.   0.0   0.0   0.000   0.0   0.0
   2 1960 110     0.   0.0   0.0   0.000   0.0   0.0
   2 1960 111     0.   0.0   0.0   0.000   0.0   0.0
   2 1960 112     0.   0.0   0.0   0.000   0.0   0.0
   2 1960 113     0.   0.0   0.0   0.000   0.0   0.0
   2 1960 114     0.   0.0   0.0   0.000   0.0   0.0
   2 1960 115     0.   0.0   0.0   0.000   0.0   0.0
   2 1960 116     0.   0.0   0.0   0.000   0.0   0.0
   2 1960 117     0.   0.0   0.0   0.000   0.0   0.0
   2 1960 118     0.   0.0   0.0   0.000   0.0   0.0
   2 1960 119     0.   0.0   0.0   0.000   0.0   0.0
   2 1960 120     0.   0.0   0.0   0.000   0.0   0.0
   2 1960 121      4     4     4       4     4     1
   2 1960 121     0.   0.0   0.0   0.000   0.0   0.0
   2 1960 122     0.   0.0   0.0   0.000   0.0   5.7
   2 1960 123     0.   0.0   0.0   0.000   0.0   0.0
   2 1960 124     0.   0.0   0.0   0.000   0.0   0.0
   2 1960 125     0.   0.0   0.0   0.000   0.0   0.0
   2 1960 126     0.   0.0   0.0   0.000   0.0   0.0
   2 1960 127     0.   0.0   0.0   0.000   0.0   0.0
   2 1960 128     0.   0.0   0.0   0.000   0.0   0.0
   2 1960 129     0.   0.0   0.0   0.000   0.0   0.0
   2 1960 130     0.   0.0   0.0   0.000   0.0   0.0
   2 1960 131     0.   0.0   0.0   0.000   0.0   0.0
   2 1960 132     0.   0.0   0.0   0.000   0.0   0.0
   2 1960 133     0.   0.0   0.0   0.000   0.0   0.0
   2 1960 134     0.   0.0   0.0   0.000   0.0   0.0
   2 1960 135     0.   0.0   0.0   0.000   0.0   0.0
   2 1960 136     0.   0.0   0.0   0.000   0.0   0.0
   2 1960 137     0.   0.0   0.0   0.000   0.0   0.0
   2 1960 138     0.   0.0   0.0   0.000   0.0   0.0
   2 1960 139     0.   0.0   0.0   0.000   0.0   8.9
   2 1960 140     0.   0.0   0.0   0.000   0.0   1.1
   2 1960 141     0.   0.0   0.0   0.000   0.0   0.0
   2 1960 142     0.   0.0   0.0   0.000   0.0   0.0
   2 1960 143     0.   0.0   0.0   0.000   0.0   0.0
   2 1960 144     0.   0.0   0.0   0.000   0.0   5.7
   2 1960 145     0.   0.0   0.0   0.000   0.0   0.0
   2 1960 146     0.   0.0   0.0   0.000   0.0   0.0
   2 1960 147     0.   0.0   0.0   0.000   0.0   0.0
   2 1960 148     0.   0.0   0.0   0.000   0.0   0.0
   2 1960 149     0.   0.0   0.0   0.000   0.0   0.0
   2 1960 150     0.   0.0   0.0   0.000   0.0   0.0
   2 1960 151     0.   0.0   0.0   0.000   0.0   0.0
   2 1960 152     0.   0.0   0.0   0.000   0.0   0.0
   2 1960 153     0.   0.0   0.0   0.000   0.0   0.0
   2 1960 154     0.   0.0   0.0   0.000   0.0   0.0
   2 1960 155     0.   0.0   0.0   0.000   0.0   0.0
   2 1960 156     0.   0.0   0.0   0.000   0.0   0.5
   2 1960 157     0.   0.0   0.0   0.000   0.0   0.0
   2 1960 158     0.   0.0   0.0   0.000   0.0   0.0
   2 1960 159     0.   0.0   0.0   0.000   0.0   6.6
   2 1960 160     0.   0.0   0.0   0.000   0.0   0.0
   2 1960 161     0.   0.0   0.0   0.000   0.0   1.3
   2 1960 162     0.   0.0   0.0   0.000   0.0   0.2
   2 1960 163     0.   0.0   0.0   0.000   0.0   0.0
   2 1960 164     0.   0.0   0.0   0.000   0.0  29.8
   2 1960 165     0.   0.0   0.0   0.000   0.0   0.0
   2 1960 166     0.   0.0   0.0   0.000   0.0   0.0
   2 1960 167     0.   0.0   0.0   0.000   0.0   0.0
   2 1960 168     0.   0.0   0.0   0.000   0.0   0.0
   2 1960 169     0.   0.0   0.0   0.000   0.0   0.0
   2 1960 170     0.   0.0   0.0   0.000   0.0   0.0
   2 1960 171     0.   0.0   0.0   0.000   0.0   0.0
   2 1960 172     0.   0.0   0.0   0.000   0.0   0.0
   2 1960 173     0.   0.0   0.0   0.000   0.0   5.7
   2 1960 174     0.   0.0   0.0   0.000   0.0   6.9
   2 1960 175     0.   0.0   0.0   0.000   0.0   0.0
   2 1960 176     0.   0.0   0.0   0.000   0.0   9.1
   2 1960 177     0.   0.0   0.0   0.000   0.0   5.7
   2 1960 178     0.   0.0   0.0   0.000   0.0   0.0
   2 1960 179     0.   0.0   0.0   0.000   0.0   0.0
   2 1960 180     0.   0.0   0.0   0.000   0.0   0.0
   2 1960 181     0.   0.0   0.0   0.000   0.0  18.5
   2 1960 182     0.   0.0   0.0   0.000   0.0   0.0
   2 1960 183     0.   0.0   0.0   0.000   0.0   0.0
   2 1960 184     0.   0.0   0.0   0.000   0.0  10.3
   2 1960 185     0.   0.0   0.0   0.000   0.0   0.0
   2 1960 186     0.   0.0   0.0   0.000   0.0   0.0
   2 1960 187     0.   0.0   0.0   0.000   0.0  20.9
   2 1960 188     0.   0.0   0.0   0.000   0.0   0.0
   2 1960 189     0.   0.0   0.0   0.000   0.0   0.0
   2 1960 190     0.   0.0   0.0   0.000   0.0   0.0
   2 1960 191     0.   0.0   0.0   0.000   0.0   0.0
   2 1960 192     0.   0.0   0.0   0.000   0.0   0.0
   2 1960 193     0.   0.0   0.0   0.000   0.0  26.3
   2 1960 194     0.   0.0   0.0   0.000   0.0   9.5
   2 1960 195     0.   0.0   0.0   0.000   0.0   4.2
   2 1960 196     0.   0.0   0.0   0.000   0.0  38.1
   2 1960 197     0.   0.0   0.0   0.000   0.0   0.0
   2 1960 198     0.   0.0   0.0   0.000   0.0  30.2
   2 1960 199     0.   0.0   0.0   0.000   0.0   0.0
   2 1960 200     0.   0.0   0.0   0.000   0.0   0.0
   2 1960 201     0.   0.0   0.0   0.000   0.0   0.0
   2 1960 202     0.   0.0   0.0   0.000   0.0  13.1
   2 1960 203     0.   0.0   0.0   0.000   0.0   0.0
   2 1960 204     0.   0.0   0.0   0.000   0.0   9.3
   2 1960 205     0.   0.0   0.0   0.000   0.0   1.0
   2 1960 206     0.   0.0   0.0   0.000   0.0   0.0
   2 1960 207     0.   0.0   0.0   0.000   0.0   0.0
   2 1960 208     0.   0.0   0.0   0.000   0.0   0.0
   2 1960 209     0.   0.0   0.0   0.000   0.0   0.0
   2 1960 210     0.   0.0   0.0   0.000   0.0   0.0
   2 1960 211     0.   0.0   0.0   0.000   0.0   0.0
   2 1960 212     0.   0.0   0.0   0.000   0.0   0.0
   2 1960 213     0.   0.0   0.0   0.000   0.0   0.0
   2 1960 214     0.   0.0   0.0   0.000   0.0   0.0
   2 1960 215     0.   0.0   0.0   0.000   0.0   0.0
   2 1960 216     0.   0.0   0.0   0.000   0.0   0.0
   2 1960 217     0.   0.0   0.0   0.000   0.0   1.0
   2 1960 218     0.   0.0   0.0   0.000   0.0   0.0
   2 1960 219     0.   0.0   0.0   0.000   0.0   0.0
   2 1960 220     0.   0.0   0.0   0.000   0.0   0.0
   2 1960 221     0.   0.0   0.0   0.000   0.0   9.8
   2 1960 222     0.   0.0   0.0   0.000   0.0   0.0
   2 1960 223     0.   0.0   0.0   0.000   0.0   3.4
   2 1960 224     0.   0.0   0.0   0.000   0.0   3.2
   2 1960 225     0.   0.0   0.0   0.000   0.0   0.0
   2 1960 226     0.   0.0   0.0   0.000   0.0   7.6
   2 1960 227     0.   0.0   0.0   0.000   0.0   0.0
   2 1960 228     0.   0.0   0.0   0.000   0.0   0.0
   2 1960 229     0.   0.0   0.0   0.000   0.0   3.0
   2 1960 230     0.   0.0   0.0   0.000   0.0   0.0
   2 1960 231     0.   0.0   0.0   0.000   0.0   0.0
   2 1960 232     0.   0.0   0.0   0.000   0.0  18.6
   2 1960 233     0.   0.0   0.0   0.000   0.0   0.0
   2 1960 234     0.   0.0   0.0   0.000   0.0   0.2
   2 1960 235     0.   0.0   0.0   0.000   0.0   0.2
   2 1960 236     0.   0.0   0.0   0.000   0.0   0.0
   2 1960 237     0.   0.0   0.0   0.000   0.0   0.3
   2 1960 238     0.   0.0   0.0   0.000   0.0  38.3
   2 1960 239     0.   0.0   0.0   0.000   0.0   5.0
   2 1960 240     0.   0.0   0.0   0.000   0.0   6.8
   2 1960 241     0.   0.0   0.0   0.000   0.0   0.0
   2 1960 242     0.   0.0   0.0   0.000   0.0   0.0
   2 1960 243     0.   0.0   0.0   0.000   0.0   0.0
   2 1960 244     0.   0.0   0.0   0.000   0.0   9.8
   2 1960 245     0.   0.0   0.0   0.000   0.0   0.0
   2 1960 246     0.   0.0   0.0   0.000   0.0   2.0
   2 1960 247     0.   0.0   0.0   0.000   0.0   0.3
   2 1960 248     0.   0.0   0.0   0.000   0.0  39.1
   2 1960 249     0.   0.0   0.0   0.000   0.0   0.0
   2 1960 250     0.   0.0   0.0   0.000   0.0   4.1
   2 1960 251     0.   0.0   0.0   0.000   0.0   0.0
   2 1960 252     0.   0.0   0.0   0.000   0.0   0.0
   2 1960 253     0.   0.0   0.0   0.000   0.0   0.0
   2 1960 254     0.   0.0   0.0   0.000   0.0   0.0
   2 1960 255     0.   0.0   0.0   0.000   0.0   6.7
   2 1960 256     0.   0.0   0.0   0.000   0.0   0.2
   2 1960 257     0.   0.0   0.0   0.000   0.0   0.8
   2 1960 258     0.   0.0   0.0   0.000   0.0   0.2
   2 1960 259     0.   0.0   0.0   0.000   0.0   1.0
   2 1960 260     0.   0.0   0.0   0.000   0.0   0.0
   2 1960 261     0.   0.0   0.0   0.000   0.0   0.0
   2 1960 262     0.   0.0   0.0   0.000   0.0  11.2
   2 1960 263     0.   0.0   0.0   0.000   0.0   0.0
   2 1960 264     0.   0.0   0.0   0.000   0.0   0.0
   2 1960 265     0.   0.0   0.0   0.000   0.0   0.0
   2 1960 266     0.   0.0   0.0   0.000   0.0   0.0
   2 1960 267     0.   0.0   0.0   0.000   0.0   0.3
   2 1960 268     0.   0.0   0.0   0.000   0.0   0.0
   2 1960 269     0.   0.0   0.0   0.000   0.0   0.0
   2 1960 270     0.   0.0   0.0   0.000   0.0   0.0
   2 1960 271     0.   0.0   0.0   0.000   0.0   0.0
   2 1960 272     0.   0.0   0.0   0.000   0.0   0.0
   2 1960 273     0.   0.0   0.0   0.000   0.0   0.0
   2 1960 274     0.   0.0   0.0   0.000   0.0   0.0
   2 1960 275     0.   0.0   0.0   0.000   0.0   0.0
   2 1960 276     0.   0.0   0.0   0.000   0.0   0.0
   2 1960 277     0.   0.0   0.0   0.000   0.0   0.0
   2 1960 278     0.   0.0   0.0   0.000   0.0   0.0
   2 1960 279     0.   0.0   0.0   0.000   0.0   0.0
   2 1960 280     0.   0.0   0.0   0.000   0.0   1.5
   2 1960 281     0.   0.0   0.0   0.000   0.0   0.0
   2 1960 282     0.   0.0   0.0   0.000   0.0   0.0
   2 1960 283     0.   0.0   0.0   0.000   0.0   0.0
   2 1960 284     0.   0.0   0.0   0.000   0.0   0.0
   2 1960 285     0.   0.0   0.0   0.000   0.0   0.0
   2 1960 286     0.   0.0   0.0   0.000   0.0   0.0
   2 1960 287     0.   0.0   0.0   0.000   0.0   0.0
   2 1960 288     0.   0.0   0.0   0.000   0.0  27.7
   2 1960 289     0.   0.0   0.0   0.000   0.0   8.1
   2 1960 290     0.   0.0   0.0   0.000   0.0   0.1
   2 1960 291     0.   0.0   0.0   0.000   0.0   0.0
   2 1960 292     0.   0.0   0.0   0.000   0.0   0.0
   2 1960 293     0.   0.0   0.0   0.000   0.0   0.0
   2 1960 294     0.   0.0   0.0   0.000   0.0   0.0
   2 1960 295     0.   0.0   0.0   0.000   0.0   0.0
   2 1960 296     0.   0.0   0.0   0.000   0.0   1.5
   2 1960 297     0.   0.0   0.0   0.000   0.0   0.0
   2 1960 298     0.   0.0   0.0   0.000   0.0   0.0
   2 1960 299     0.   0.0   0.0   0.000   0.0   0.0
   2 1960 300     0.   0.0   0.0   0.000   0.0   0.0
   2 1960 301     0.   0.0   0.0   0.000   0.0   0.0
   2 1960 302     0.   0.0   0.0   0.000   0.0   0.0
   2 1960 303     0.   0.0   0.0   0.000   0.0   0.0
   2 1960 304     0.   0.0   0.0   0.000   0.0   0.0
   2 1960 305      4     4     4       4     4     4
   2 1960 305     0.   0.0   0.0   0.000   0.0   0.0
   2 1960 306     0.   0.0   0.0   0.000   0.0   0.0
   2 1960 307     0.   0.0   0.0   0.000   0.0   0.0
   2 1960 308     0.   0.0   0.0   0.000   0.0   0.0
   2 1960 309     0.   0.0   0.0   0.000   0.0   0.0
   2 1960 310     0.   0.0   0.0   0.000   0.0   0.0
   2 1960 311     0.   0.0   0.0   0.000   0.0   0.0
   2 1960 312     0.   0.0   0.0   0.000   0.0   0.0
   2 1960 313     0.   0.0   0.0   0.000   0.0   0.0
   2 1960 314     0.   0.0   0.0   0.000   0.0   0.0
   2 1960 315     0.   0.0   0.0   0.000   0.0   0.0
   2 1960 316     0.   0.0   0.0   0.000   0.0   0.0
   2 1960 317     0.   0.0   0.0   0.000   0.0   0.0
   2 1960 318     0.   0.0   0.0   0.000   0.0   0.0
   2 1960 319     0.   0.0   0.0   0.000   0.0   0.0
   2 1960 320     0.   0.0   0.0   0.000   0.0   0.0
   2 1960 321     0.   0.0   0.0   0.000   0.0   0.0
   2 1960 322     0.   0.0   0.0   0.000   0.0   0.0
   2 1960 323     0.   0.0   0.0   0.000   0.0   0.0
   2 1960 324     0.   0.0   0.0   0.000   0.0   0.0
   2 1960 325     0.   0.0   0.0   0.000   0.0   0.0
   2 1960 326     0.   0.0   0.0   0.000   0.0   0.0
   2 1960 327     0.   0.0   0.0   0.000   0.0   0.0
   2 1960 328     0.   0.0   0.0   0.000   0.0   0.0
   2 1960 329     0.   0.0   0.0   0.000   0.0   0.0
   2 1960 330     0.   0.0   0.0   0.000   0.0   0.0
   2 1960 331     0.   0.0   0.0   0.000   0.0   0.0
   2 1960 332     0.   0.0   0.0   0.000   0.0   0.0
   2 1960 333     0.   0.0   0.0   0.000   0.0   0.0
   2 1960 334     0.   0.0   0.0   0.000   0.0   0.0
   2 1960 335     0.   0.0   0.0   0.000   0.0   0.0
   2 1960 336     0.   0.0   0.0   0.000   0.0   0.0
   2 1960 337     0.   0.0   0.0   0.000   0.0   0.0
   2 1960 338     0.   0.0   0.0   0.000   0.0   0.0
   2 1960 339     0.   0.0   0.0   0.000   0.0   0.0
   2 1960 340     0.   0.0   0.0   0.000   0.0   0.0
   2 1960 341     0.   0.0   0.0   0.000   0.0   0.0
   2 1960 342     0.   0.0   0.0   0.000   0.0   0.0
   2 1960 343     0.   0.0   0.0   0.000   0.0   0.0
   2 1960 344     0.   0.0   0.0   0.000   0.0   0.0
   2 1960 345     0.   0.0   0.0   0.000   0.0   0.0
   2 1960 346     0.   0.0   0.0   0.000   0.0   0.0
   2 1960 347     0.   0.0   0.0   0.000   0.0   0.0
   2 1960 348     0.   0.0   0.0   0.000   0.0   0.0
   2 1960 349     0.   0.0   0.0   0.000   0.0   0.0
   2 1960 350     0.   0.0   0.0   0.000   0.0   0.0
   2 1960 351     0.   0.0   0.0   0.000   0.0   0.0
   2 1960 352     0.   0.0   0.0   0.000   0.0   0.0
   2 1960 353     0.   0.0   0.0   0.000   0.0   0.0
   2 1960 354     0.   0.0   0.0   0.000   0.0   0.0
   2 1960 355     0.   0.0   0.0   0.000   0.0   0.0
   2 1960 356     0.   0.0   0.0   0.000   0.0   0.0
   2 1960 357     0.   0.0   0.0   0.000   0.0   0.0
   2 1960 358     0.   0.0   0.0   0.000   0.0   0.0
   2 1960 359     0.   0.0   0.0   0.000   0.0   0.0
   2 1960 360     0.   0.0   0.0   0.000   0.0   0.0
   2 1960 361     0.   0.0   0.0   0.000   0.0   0.0
   2 1960 362     0.   0.0   0.0   0.000   0.0   0.0
   2 1960 363     0.   0.0   0.0   0.000   0.0   0.0
   2 1960 364     0.   0.0   0.0   0.000   0.0   0.0
   2 1960 365     0.   0.0   0.0   0.000   0.0   0.0
