*---------------------------------------------------------------------------*
* Station name: Koro, Mopti-region, Mali
* Year: 1973
* Author: Olaf Erenstein & Willem Stol
* Source: Meteo Mali
* Comments: Daily raindata, others monthly means
*
* Longitude: 03 04 W
* Latitude:  14 04 N
* Altitude:    253 m
*
* Column  Daily value
* 1       station number
* 2       year
* 3       day
* 4       irradiation                   (kJ m-2 d-1)
* 5       minimum temperature           (degrees Celsius)
* 6       maximum temperature           (degrees Celsius)
* 7       early morning vapour pressure (kPa)
* 8       mean wind speed (height: 2 m) (m s-1)
* 9       precipitation                 (mm d-1)
*---------------------------------------------------------------------------*
  -3.07  14.07   253. 0.00 0.00
   4 1973   1      4     4     4       4     4     1
   4 1973   1     0.   0.0   0.0   0.000   0.0   0.0
   4 1973   2     0.   0.0   0.0   0.000   0.0   0.0
   4 1973   3     0.   0.0   0.0   0.000   0.0   0.0
   4 1973   4     0.   0.0   0.0   0.000   0.0   0.0
   4 1973   5     0.   0.0   0.0   0.000   0.0   0.0
   4 1973   6     0.   0.0   0.0   0.000   0.0   0.0
   4 1973   7     0.   0.0   0.0   0.000   0.0   0.0
   4 1973   8     0.   0.0   0.0   0.000   0.0   0.0
   4 1973   9     0.   0.0   0.0   0.000   0.0   0.0
   4 1973  10     0.   0.0   0.0   0.000   0.0   0.0
   4 1973  11     0.   0.0   0.0   0.000   0.0   0.0
   4 1973  12     0.   0.0   0.0   0.000   0.0   0.0
   4 1973  13     0.   0.0   0.0   0.000   0.0   0.0
   4 1973  14     0.   0.0   0.0   0.000   0.0   0.0
   4 1973  15     0.   0.0   0.0   0.000   0.0   0.0
   4 1973  16     0.   0.0   0.0   0.000   0.0   0.0
   4 1973  17     0.   0.0   0.0   0.000   0.0   0.0
   4 1973  18     0.   0.0   0.0   0.000   0.0   0.0
   4 1973  19     0.   0.0   0.0   0.000   0.0   0.0
   4 1973  20     0.   0.0   0.0   0.000   0.0   0.0
   4 1973  21     0.   0.0   0.0   0.000   0.0   0.0
   4 1973  22     0.   0.0   0.0   0.000   0.0   0.0
   4 1973  23     0.   0.0   0.0   0.000   0.0   0.0
   4 1973  24     0.   0.0   0.0   0.000   0.0   0.0
   4 1973  25     0.   0.0   0.0   0.000   0.0   0.0
   4 1973  26     0.   0.0   0.0   0.000   0.0   0.0
   4 1973  27     0.   0.0   0.0   0.000   0.0   0.0
   4 1973  28     0.   0.0   0.0   0.000   0.0   0.0
   4 1973  29     0.   0.0   0.0   0.000   0.0   0.0
   4 1973  30     0.   0.0   0.0   0.000   0.0   0.0
   4 1973  31     0.   0.0   0.0   0.000   0.0   0.0
   4 1973  32     0.   0.0   0.0   0.000   0.0   0.0
   4 1973  33     0.   0.0   0.0   0.000   0.0   0.0
   4 1973  34     0.   0.0   0.0   0.000   0.0   0.0
   4 1973  35     0.   0.0   0.0   0.000   0.0   0.0
   4 1973  36     0.   0.0   0.0   0.000   0.0   0.0
   4 1973  37     0.   0.0   0.0   0.000   0.0   0.0
   4 1973  38     0.   0.0   0.0   0.000   0.0   0.0
   4 1973  39     0.   0.0   0.0   0.000   0.0   0.0
   4 1973  40     0.   0.0   0.0   0.000   0.0   0.0
   4 1973  41     0.   0.0   0.0   0.000   0.0   0.0
   4 1973  42     0.   0.0   0.0   0.000   0.0   0.0
   4 1973  43     0.   0.0   0.0   0.000   0.0   0.0
   4 1973  44     0.   0.0   0.0   0.000   0.0   0.0
   4 1973  45     0.   0.0   0.0   0.000   0.0   0.0
   4 1973  46     0.   0.0   0.0   0.000   0.0   0.0
   4 1973  47     0.   0.0   0.0   0.000   0.0   0.0
   4 1973  48     0.   0.0   0.0   0.000   0.0   0.0
   4 1973  49     0.   0.0   0.0   0.000   0.0   0.0
   4 1973  50     0.   0.0   0.0   0.000   0.0   0.0
   4 1973  51     0.   0.0   0.0   0.000   0.0   0.0
   4 1973  52     0.   0.0   0.0   0.000   0.0   0.0
   4 1973  53     0.   0.0   0.0   0.000   0.0   0.0
   4 1973  54     0.   0.0   0.0   0.000   0.0   0.0
   4 1973  55     0.   0.0   0.0   0.000   0.0   0.0
   4 1973  56     0.   0.0   0.0   0.000   0.0   0.0
   4 1973  57     0.   0.0   0.0   0.000   0.0   0.0
   4 1973  58     0.   0.0   0.0   0.000   0.0   0.0
   4 1973  59     0.   0.0   0.0   0.000   0.0   0.0
   4 1973  60     0.   0.0   0.0   0.000   0.0   0.0
   4 1973  61     0.   0.0   0.0   0.000   0.0   0.0
   4 1973  62     0.   0.0   0.0   0.000   0.0   0.0
   4 1973  63     0.   0.0   0.0   0.000   0.0   0.0
   4 1973  64     0.   0.0   0.0   0.000   0.0   0.0
   4 1973  65     0.   0.0   0.0   0.000   0.0   0.0
   4 1973  66     0.   0.0   0.0   0.000   0.0   0.0
   4 1973  67     0.   0.0   0.0   0.000   0.0   0.0
   4 1973  68     0.   0.0   0.0   0.000   0.0   0.0
   4 1973  69     0.   0.0   0.0   0.000   0.0   0.0
   4 1973  70     0.   0.0   0.0   0.000   0.0   0.0
   4 1973  71     0.   0.0   0.0   0.000   0.0   0.0
   4 1973  72     0.   0.0   0.0   0.000   0.0   0.0
   4 1973  73     0.   0.0   0.0   0.000   0.0   0.0
   4 1973  74     0.   0.0   0.0   0.000   0.0   0.0
   4 1973  75     0.   0.0   0.0   0.000   0.0   0.0
   4 1973  76     0.   0.0   0.0   0.000   0.0   0.0
   4 1973  77     0.   0.0   0.0   0.000   0.0   0.0
   4 1973  78     0.   0.0   0.0   0.000   0.0   0.0
   4 1973  79     0.   0.0   0.0   0.000   0.0   0.0
   4 1973  80     0.   0.0   0.0   0.000   0.0   0.0
   4 1973  81     0.   0.0   0.0   0.000   0.0   0.0
   4 1973  82     0.   0.0   0.0   0.000   0.0   0.0
   4 1973  83     0.   0.0   0.0   0.000   0.0   0.0
   4 1973  84     0.   0.0   0.0   0.000   0.0   0.0
   4 1973  85     0.   0.0   0.0   0.000   0.0   0.0
   4 1973  86     0.   0.0   0.0   0.000   0.0   0.0
   4 1973  87     0.   0.0   0.0   0.000   0.0   0.0
   4 1973  88     0.   0.0   0.0   0.000   0.0   0.0
   4 1973  89     0.   0.0   0.0   0.000   0.0   0.0
   4 1973  90     0.   0.0   0.0   0.000   0.0   0.0
   4 1973  91     0.   0.0   0.0   0.000   0.0   0.0
   4 1973  92     0.   0.0   0.0   0.000   0.0   0.0
   4 1973  93     0.   0.0   0.0   0.000   0.0   0.0
   4 1973  94     0.   0.0   0.0   0.000   0.0   0.0
   4 1973  95     0.   0.0   0.0   0.000   0.0   0.0
   4 1973  96     0.   0.0   0.0   0.000   0.0   0.0
   4 1973  97     0.   0.0   0.0   0.000   0.0   0.0
   4 1973  98     0.   0.0   0.0   0.000   0.0   0.0
   4 1973  99     0.   0.0   0.0   0.000   0.0   0.0
   4 1973 100     0.   0.0   0.0   0.000   0.0   0.0
   4 1973 101     0.   0.0   0.0   0.000   0.0   0.0
   4 1973 102     0.   0.0   0.0   0.000   0.0   0.0
   4 1973 103     0.   0.0   0.0   0.000   0.0   0.0
   4 1973 104     0.   0.0   0.0   0.000   0.0   0.0
   4 1973 105     0.   0.0   0.0   0.000   0.0   0.0
   4 1973 106     0.   0.0   0.0   0.000   0.0   0.0
   4 1973 107     0.   0.0   0.0   0.000   0.0  19.5
   4 1973 108     0.   0.0   0.0   0.000   0.0   0.0
   4 1973 109     0.   0.0   0.0   0.000   0.0   0.0
   4 1973 110     0.   0.0   0.0   0.000   0.0   0.0
   4 1973 111     0.   0.0   0.0   0.000   0.0   0.0
   4 1973 112     0.   0.0   0.0   0.000   0.0   0.0
   4 1973 113     0.   0.0   0.0   0.000   0.0   0.0
   4 1973 114     0.   0.0   0.0   0.000   0.0   0.0
   4 1973 115     0.   0.0   0.0   0.000   0.0   0.0
   4 1973 116     0.   0.0   0.0   0.000   0.0   0.0
   4 1973 117     0.   0.0   0.0   0.000   0.0   0.0
   4 1973 118     0.   0.0   0.0   0.000   0.0   0.0
   4 1973 119     0.   0.0   0.0   0.000   0.0   0.0
   4 1973 120     0.   0.0   0.0   0.000   0.0   0.0
   4 1973 121     0.   0.0   0.0   0.000   0.0   0.0
   4 1973 122     0.   0.0   0.0   0.000   0.0   0.0
   4 1973 123     0.   0.0   0.0   0.000   0.0   0.0
   4 1973 124     0.   0.0   0.0   0.000   0.0   0.0
   4 1973 125     0.   0.0   0.0   0.000   0.0   0.0
   4 1973 126     0.   0.0   0.0   0.000   0.0   0.0
   4 1973 127     0.   0.0   0.0   0.000   0.0   0.0
   4 1973 128     0.   0.0   0.0   0.000   0.0   0.0
   4 1973 129     0.   0.0   0.0   0.000   0.0   0.0
   4 1973 130     0.   0.0   0.0   0.000   0.0   0.0
   4 1973 131     0.   0.0   0.0   0.000   0.0   0.0
   4 1973 132     0.   0.0   0.0   0.000   0.0   0.0
   4 1973 133     0.   0.0   0.0   0.000   0.0   0.0
   4 1973 134     0.   0.0   0.0   0.000   0.0   0.0
   4 1973 135     0.   0.0   0.0   0.000   0.0   0.0
   4 1973 136     0.   0.0   0.0   0.000   0.0   0.0
   4 1973 137     0.   0.0   0.0   0.000   0.0  16.5
   4 1973 138     0.   0.0   0.0   0.000   0.0   0.0
   4 1973 139     0.   0.0   0.0   0.000   0.0   0.0
   4 1973 140     0.   0.0   0.0   0.000   0.0   0.0
   4 1973 141     0.   0.0   0.0   0.000   0.0   0.0
   4 1973 142     0.   0.0   0.0   0.000   0.0   0.0
   4 1973 143     0.   0.0   0.0   0.000   0.0   0.0
   4 1973 144     0.   0.0   0.0   0.000   0.0   0.0
   4 1973 145     0.   0.0   0.0   0.000   0.0   0.0
   4 1973 146     0.   0.0   0.0   0.000   0.0   0.0
   4 1973 147     0.   0.0   0.0   0.000   0.0   0.0
   4 1973 148     0.   0.0   0.0   0.000   0.0   0.0
   4 1973 149     0.   0.0   0.0   0.000   0.0   0.0
   4 1973 150     0.   0.0   0.0   0.000   0.0  28.5
   4 1973 151     0.   0.0   0.0   0.000   0.0   0.0
   4 1973 152     0.   0.0   0.0   0.000   0.0   0.0
   4 1973 153     0.   0.0   0.0   0.000   0.0   0.0
   4 1973 154     0.   0.0   0.0   0.000   0.0   0.0
   4 1973 155     0.   0.0   0.0   0.000   0.0   0.0
   4 1973 156     0.   0.0   0.0   0.000   0.0   0.0
   4 1973 157     0.   0.0   0.0   0.000   0.0   0.0
   4 1973 158     0.   0.0   0.0   0.000   0.0   0.0
   4 1973 159     0.   0.0   0.0   0.000   0.0   0.0
   4 1973 160     0.   0.0   0.0   0.000   0.0   0.0
   4 1973 161     0.   0.0   0.0   0.000   0.0   0.0
   4 1973 162     0.   0.0   0.0   0.000   0.0   8.0
   4 1973 163     0.   0.0   0.0   0.000   0.0   0.0
   4 1973 164     0.   0.0   0.0   0.000   0.0   0.0
   4 1973 165     0.   0.0   0.0   0.000   0.0   0.0
   4 1973 166     0.   0.0   0.0   0.000   0.0   0.0
   4 1973 167     0.   0.0   0.0   0.000   0.0  12.5
   4 1973 168     0.   0.0   0.0   0.000   0.0   0.0
   4 1973 169     0.   0.0   0.0   0.000   0.0   0.0
   4 1973 170     0.   0.0   0.0   0.000   0.0   0.0
   4 1973 171     0.   0.0   0.0   0.000   0.0   0.0
   4 1973 172     0.   0.0   0.0   0.000   0.0   0.0
   4 1973 173     0.   0.0   0.0   0.000   0.0   0.0
   4 1973 174     0.   0.0   0.0   0.000   0.0   0.0
   4 1973 175     0.   0.0   0.0   0.000   0.0   0.0
   4 1973 176     0.   0.0   0.0   0.000   0.0   0.0
   4 1973 177     0.   0.0   0.0   0.000   0.0   0.0
   4 1973 178     0.   0.0   0.0   0.000   0.0   0.0
   4 1973 179     0.   0.0   0.0   0.000   0.0   0.0
   4 1973 180     0.   0.0   0.0   0.000   0.0   0.0
   4 1973 181     0.   0.0   0.0   0.000   0.0  18.0
   4 1973 182     0.   0.0   0.0   0.000   0.0  26.5
   4 1973 183     0.   0.0   0.0   0.000   0.0   0.0
   4 1973 184     0.   0.0   0.0   0.000   0.0   0.0
   4 1973 185     0.   0.0   0.0   0.000   0.0   0.0
   4 1973 186     0.   0.0   0.0   0.000   0.0   0.0
   4 1973 187     0.   0.0   0.0   0.000   0.0   7.0
   4 1973 188     0.   0.0   0.0   0.000   0.0   0.0
   4 1973 189     0.   0.0   0.0   0.000   0.0   0.0
   4 1973 190     0.   0.0   0.0   0.000   0.0   2.5
   4 1973 191     0.   0.0   0.0   0.000   0.0   0.0
   4 1973 192     0.   0.0   0.0   0.000   0.0   0.0
   4 1973 193     0.   0.0   0.0   0.000   0.0   0.0
   4 1973 194     0.   0.0   0.0   0.000   0.0   0.0
   4 1973 195     0.   0.0   0.0   0.000   0.0  18.0
   4 1973 196     0.   0.0   0.0   0.000   0.0  40.0
   4 1973 197     0.   0.0   0.0   0.000   0.0   0.0
   4 1973 198     0.   0.0   0.0   0.000   0.0  26.0
   4 1973 199     0.   0.0   0.0   0.000   0.0   0.0
   4 1973 200     0.   0.0   0.0   0.000   0.0  12.5
   4 1973 201     0.   0.0   0.0   0.000   0.0   0.0
   4 1973 202     0.   0.0   0.0   0.000   0.0   0.0
   4 1973 203     0.   0.0   0.0   0.000   0.0   0.0
   4 1973 204     0.   0.0   0.0   0.000   0.0   0.0
   4 1973 205     0.   0.0   0.0   0.000   0.0   0.0
   4 1973 206     0.   0.0   0.0   0.000   0.0   0.0
   4 1973 207     0.   0.0   0.0   0.000   0.0   0.0
   4 1973 208     0.   0.0   0.0   0.000   0.0   8.0
   4 1973 209     0.   0.0   0.0   0.000   0.0   0.0
   4 1973 210     0.   0.0   0.0   0.000   0.0   0.0
   4 1973 211     0.   0.0   0.0   0.000   0.0   0.0
   4 1973 212     0.   0.0   0.0   0.000   0.0   0.0
   4 1973 213     0.   0.0   0.0   0.000   0.0  17.5
   4 1973 214     0.   0.0   0.0   0.000   0.0   0.0
   4 1973 215     0.   0.0   0.0   0.000   0.0   0.0
   4 1973 216     0.   0.0   0.0   0.000   0.0  51.5
   4 1973 217     0.   0.0   0.0   0.000   0.0   0.0
   4 1973 218     0.   0.0   0.0   0.000   0.0   0.0
   4 1973 219     0.   0.0   0.0   0.000   0.0  12.5
   4 1973 220     0.   0.0   0.0   0.000   0.0   0.0
   4 1973 221     0.   0.0   0.0   0.000   0.0   0.0
   4 1973 222     0.   0.0   0.0   0.000   0.0   0.0
   4 1973 223     0.   0.0   0.0   0.000   0.0  13.0
   4 1973 224     0.   0.0   0.0   0.000   0.0  40.0
   4 1973 225     0.   0.0   0.0   0.000   0.0   0.0
   4 1973 226     0.   0.0   0.0   0.000   0.0  17.5
   4 1973 227     0.   0.0   0.0   0.000   0.0   0.0
   4 1973 228     0.   0.0   0.0   0.000   0.0   0.0
   4 1973 229     0.   0.0   0.0   0.000   0.0   0.0
   4 1973 230     0.   0.0   0.0   0.000   0.0  27.5
   4 1973 231     0.   0.0   0.0   0.000   0.0   0.0
   4 1973 232     0.   0.0   0.0   0.000   0.0   0.0
   4 1973 233     0.   0.0   0.0   0.000   0.0   0.0
   4 1973 234     0.   0.0   0.0   0.000   0.0   0.8
   4 1973 235     0.   0.0   0.0   0.000   0.0   0.0
   4 1973 236     0.   0.0   0.0   0.000   0.0   0.0
   4 1973 237     0.   0.0   0.0   0.000   0.0   1.0
   4 1973 238     0.   0.0   0.0   0.000   0.0   0.0
   4 1973 239     0.   0.0   0.0   0.000   0.0   0.0
   4 1973 240     0.   0.0   0.0   0.000   0.0   0.0
   4 1973 241     0.   0.0   0.0   0.000   0.0   0.0
   4 1973 242     0.   0.0   0.0   0.000   0.0   0.0
   4 1973 243     0.   0.0   0.0   0.000   0.0   0.0
   4 1973 244     0.   0.0   0.0   0.000   0.0   5.0
   4 1973 245     0.   0.0   0.0   0.000   0.0  28.0
   4 1973 246     0.   0.0   0.0   0.000   0.0   0.0
   4 1973 247     0.   0.0   0.0   0.000   0.0   0.0
   4 1973 248     0.   0.0   0.0   0.000   0.0   0.0
   4 1973 249     0.   0.0   0.0   0.000   0.0  35.0
   4 1973 250     0.   0.0   0.0   0.000   0.0   0.0
   4 1973 251     0.   0.0   0.0   0.000   0.0  70.0
   4 1973 252     0.   0.0   0.0   0.000   0.0   0.0
   4 1973 253     0.   0.0   0.0   0.000   0.0   0.0
   4 1973 254     0.   0.0   0.0   0.000   0.0   0.0
   4 1973 255     0.   0.0   0.0   0.000   0.0   3.0
   4 1973 256     0.   0.0   0.0   0.000   0.0   0.0
   4 1973 257     0.   0.0   0.0   0.000   0.0   0.0
   4 1973 258     0.   0.0   0.0   0.000   0.0  20.0
   4 1973 259     0.   0.0   0.0   0.000   0.0   0.0
   4 1973 260     0.   0.0   0.0   0.000   0.0  38.0
   4 1973 261     0.   0.0   0.0   0.000   0.0   0.0
   4 1973 262     0.   0.0   0.0   0.000   0.0   0.0
   4 1973 263     0.   0.0   0.0   0.000   0.0   0.0
   4 1973 264     0.   0.0   0.0   0.000   0.0   0.8
   4 1973 265     0.   0.0   0.0   0.000   0.0   0.0
   4 1973 266     0.   0.0   0.0   0.000   0.0   0.0
   4 1973 267     0.   0.0   0.0   0.000   0.0   0.0
   4 1973 268     0.   0.0   0.0   0.000   0.0   0.0
   4 1973 269     0.   0.0   0.0   0.000   0.0   0.0
   4 1973 270     0.   0.0   0.0   0.000   0.0   0.0
   4 1973 271     0.   0.0   0.0   0.000   0.0   0.0
   4 1973 272     0.   0.0   0.0   0.000   0.0   0.0
   4 1973 273     0.   0.0   0.0   0.000   0.0   0.0
   4 1973 274     0.   0.0   0.0   0.000   0.0   0.0
   4 1973 275     0.   0.0   0.0   0.000   0.0   0.0
   4 1973 276     0.   0.0   0.0   0.000   0.0   0.0
   4 1973 277     0.   0.0   0.0   0.000   0.0   0.0
   4 1973 278     0.   0.0   0.0   0.000   0.0   0.0
   4 1973 279     0.   0.0   0.0   0.000   0.0   0.0
   4 1973 280     0.   0.0   0.0   0.000   0.0   0.0
   4 1973 281     0.   0.0   0.0   0.000   0.0   0.0
   4 1973 282     0.   0.0   0.0   0.000   0.0   0.0
   4 1973 283     0.   0.0   0.0   0.000   0.0   0.0
   4 1973 284     0.   0.0   0.0   0.000   0.0   0.0
   4 1973 285     0.   0.0   0.0   0.000   0.0   0.0
   4 1973 286     0.   0.0   0.0   0.000   0.0   0.0
   4 1973 287     0.   0.0   0.0   0.000   0.0   0.0
   4 1973 288     0.   0.0   0.0   0.000   0.0   0.0
   4 1973 289     0.   0.0   0.0   0.000   0.0   0.0
   4 1973 290     0.   0.0   0.0   0.000   0.0   0.0
   4 1973 291     0.   0.0   0.0   0.000   0.0   0.0
   4 1973 292     0.   0.0   0.0   0.000   0.0   0.0
   4 1973 293     0.   0.0   0.0   0.000   0.0   0.0
   4 1973 294     0.   0.0   0.0   0.000   0.0   0.0
   4 1973 295     0.   0.0   0.0   0.000   0.0   0.0
   4 1973 296     0.   0.0   0.0   0.000   0.0   0.0
   4 1973 297     0.   0.0   0.0   0.000   0.0   0.0
   4 1973 298     0.   0.0   0.0   0.000   0.0   0.0
   4 1973 299     0.   0.0   0.0   0.000   0.0   0.0
   4 1973 300     0.   0.0   0.0   0.000   0.0   0.0
   4 1973 301     0.   0.0   0.0   0.000   0.0   0.0
   4 1973 302     0.   0.0   0.0   0.000   0.0   0.0
   4 1973 303     0.   0.0   0.0   0.000   0.0   0.0
   4 1973 304     0.   0.0   0.0   0.000   0.0   0.0
   4 1973 305     0.   0.0   0.0   0.000   0.0   0.0
   4 1973 306     0.   0.0   0.0   0.000   0.0   0.0
   4 1973 307     0.   0.0   0.0   0.000   0.0   0.0
   4 1973 308     0.   0.0   0.0   0.000   0.0   0.0
   4 1973 309     0.   0.0   0.0   0.000   0.0   0.0
   4 1973 310     0.   0.0   0.0   0.000   0.0   0.0
   4 1973 311     0.   0.0   0.0   0.000   0.0   0.0
   4 1973 312     0.   0.0   0.0   0.000   0.0   0.0
   4 1973 313     0.   0.0   0.0   0.000   0.0   0.0
   4 1973 314     0.   0.0   0.0   0.000   0.0   0.0
   4 1973 315     0.   0.0   0.0   0.000   0.0   0.0
   4 1973 316     0.   0.0   0.0   0.000   0.0   0.0
   4 1973 317     0.   0.0   0.0   0.000   0.0   0.0
   4 1973 318     0.   0.0   0.0   0.000   0.0   0.0
   4 1973 319     0.   0.0   0.0   0.000   0.0   0.0
   4 1973 320     0.   0.0   0.0   0.000   0.0   0.0
   4 1973 321     0.   0.0   0.0   0.000   0.0   0.0
   4 1973 322     0.   0.0   0.0   0.000   0.0   0.0
   4 1973 323     0.   0.0   0.0   0.000   0.0   0.0
   4 1973 324     0.   0.0   0.0   0.000   0.0   0.0
   4 1973 325     0.   0.0   0.0   0.000   0.0   0.0
   4 1973 326     0.   0.0   0.0   0.000   0.0   0.0
   4 1973 327     0.   0.0   0.0   0.000   0.0   0.0
   4 1973 328     0.   0.0   0.0   0.000   0.0   0.0
   4 1973 329     0.   0.0   0.0   0.000   0.0   0.0
   4 1973 330     0.   0.0   0.0   0.000   0.0   0.0
   4 1973 331     0.   0.0   0.0   0.000   0.0   0.0
   4 1973 332     0.   0.0   0.0   0.000   0.0   0.0
   4 1973 333     0.   0.0   0.0   0.000   0.0   0.0
   4 1973 334     0.   0.0   0.0   0.000   0.0   0.0
   4 1973 335     0.   0.0   0.0   0.000   0.0   0.0
   4 1973 336     0.   0.0   0.0   0.000   0.0   0.0
   4 1973 337     0.   0.0   0.0   0.000   0.0   0.0
   4 1973 338     0.   0.0   0.0   0.000   0.0   0.0
   4 1973 339     0.   0.0   0.0   0.000   0.0   0.0
   4 1973 340     0.   0.0   0.0   0.000   0.0   0.0
   4 1973 341     0.   0.0   0.0   0.000   0.0   0.0
   4 1973 342     0.   0.0   0.0   0.000   0.0   0.0
   4 1973 343     0.   0.0   0.0   0.000   0.0   0.0
   4 1973 344     0.   0.0   0.0   0.000   0.0   0.0
   4 1973 345     0.   0.0   0.0   0.000   0.0   0.0
   4 1973 346     0.   0.0   0.0   0.000   0.0   0.0
   4 1973 347     0.   0.0   0.0   0.000   0.0   0.0
   4 1973 348     0.   0.0   0.0   0.000   0.0   0.0
   4 1973 349     0.   0.0   0.0   0.000   0.0   0.0
   4 1973 350     0.   0.0   0.0   0.000   0.0   0.0
   4 1973 351     0.   0.0   0.0   0.000   0.0   0.0
   4 1973 352     0.   0.0   0.0   0.000   0.0   0.0
   4 1973 353     0.   0.0   0.0   0.000   0.0   0.0
   4 1973 354     0.   0.0   0.0   0.000   0.0   0.0
   4 1973 355     0.   0.0   0.0   0.000   0.0   0.0
   4 1973 356     0.   0.0   0.0   0.000   0.0   0.0
   4 1973 357     0.   0.0   0.0   0.000   0.0   0.0
   4 1973 358     0.   0.0   0.0   0.000   0.0   0.0
   4 1973 359     0.   0.0   0.0   0.000   0.0   0.0
   4 1973 360     0.   0.0   0.0   0.000   0.0   0.0
   4 1973 361     0.   0.0   0.0   0.000   0.0   0.0
   4 1973 362     0.   0.0   0.0   0.000   0.0   0.0
   4 1973 363     0.   0.0   0.0   0.000   0.0   0.0
   4 1973 364     0.   0.0   0.0   0.000   0.0   0.0
   4 1973 365     0.   0.0   0.0   0.000   0.0   0.0
