*---------------------------------------------------------------------------*
* Station name: Koro, Mopti-region, Mali
* Year: 1969
* Author: Olaf Erenstein & Willem Stol
* Source: Meteo Mali
* Comments: Daily raindata, others monthly means
*
* Longitude: 03 04 W
* Latitude:  14 04 N
* Altitude:    253 m
*
* Column  Daily value
* 1       station number
* 2       year
* 3       day
* 4       irradiation                   (kJ m-2 d-1)
* 5       minimum temperature           (degrees Celsius)
* 6       maximum temperature           (degrees Celsius)
* 7       early morning vapour pressure (kPa)
* 8       mean wind speed (height: 2 m) (m s-1)
* 9       precipitation                 (mm d-1)
*---------------------------------------------------------------------------*
  -3.07  14.07   253. 0.00 0.00
   4 1969   1      4     4     4       4     4     1
   4 1969   1     0.   0.0   0.0   0.000   0.0   0.0
   4 1969   2     0.   0.0   0.0   0.000   0.0   0.0
   4 1969   3     0.   0.0   0.0   0.000   0.0   0.0
   4 1969   4     0.   0.0   0.0   0.000   0.0   0.0
   4 1969   5     0.   0.0   0.0   0.000   0.0   0.0
   4 1969   6     0.   0.0   0.0   0.000   0.0   0.0
   4 1969   7     0.   0.0   0.0   0.000   0.0   0.0
   4 1969   8     0.   0.0   0.0   0.000   0.0   0.0
   4 1969   9     0.   0.0   0.0   0.000   0.0   0.0
   4 1969  10     0.   0.0   0.0   0.000   0.0   0.0
   4 1969  11     0.   0.0   0.0   0.000   0.0   0.0
   4 1969  12     0.   0.0   0.0   0.000   0.0   0.0
   4 1969  13     0.   0.0   0.0   0.000   0.0   0.0
   4 1969  14     0.   0.0   0.0   0.000   0.0   0.0
   4 1969  15     0.   0.0   0.0   0.000   0.0   0.0
   4 1969  16     0.   0.0   0.0   0.000   0.0   0.0
   4 1969  17     0.   0.0   0.0   0.000   0.0   0.0
   4 1969  18     0.   0.0   0.0   0.000   0.0   0.0
   4 1969  19     0.   0.0   0.0   0.000   0.0   0.0
   4 1969  20     0.   0.0   0.0   0.000   0.0   0.0
   4 1969  21     0.   0.0   0.0   0.000   0.0   0.0
   4 1969  22     0.   0.0   0.0   0.000   0.0   0.0
   4 1969  23     0.   0.0   0.0   0.000   0.0   0.0
   4 1969  24     0.   0.0   0.0   0.000   0.0   0.0
   4 1969  25     0.   0.0   0.0   0.000   0.0   0.0
   4 1969  26     0.   0.0   0.0   0.000   0.0   0.0
   4 1969  27     0.   0.0   0.0   0.000   0.0   0.0
   4 1969  28     0.   0.0   0.0   0.000   0.0   0.0
   4 1969  29     0.   0.0   0.0   0.000   0.0   0.0
   4 1969  30     0.   0.0   0.0   0.000   0.0   0.0
   4 1969  31     0.   0.0   0.0   0.000   0.0   0.0
   4 1969  32     0.   0.0   0.0   0.000   0.0   0.0
   4 1969  33     0.   0.0   0.0   0.000   0.0   0.0
   4 1969  34     0.   0.0   0.0   0.000   0.0   0.0
   4 1969  35     0.   0.0   0.0   0.000   0.0   0.0
   4 1969  36     0.   0.0   0.0   0.000   0.0   0.0
   4 1969  37     0.   0.0   0.0   0.000   0.0   0.0
   4 1969  38     0.   0.0   0.0   0.000   0.0   0.0
   4 1969  39     0.   0.0   0.0   0.000   0.0   0.0
   4 1969  40     0.   0.0   0.0   0.000   0.0   0.0
   4 1969  41     0.   0.0   0.0   0.000   0.0   0.0
   4 1969  42     0.   0.0   0.0   0.000   0.0   0.0
   4 1969  43     0.   0.0   0.0   0.000   0.0   0.0
   4 1969  44     0.   0.0   0.0   0.000   0.0   0.0
   4 1969  45     0.   0.0   0.0   0.000   0.0   0.0
   4 1969  46     0.   0.0   0.0   0.000   0.0   0.0
   4 1969  47     0.   0.0   0.0   0.000   0.0   0.0
   4 1969  48     0.   0.0   0.0   0.000   0.0   0.0
   4 1969  49     0.   0.0   0.0   0.000   0.0   0.0
   4 1969  50     0.   0.0   0.0   0.000   0.0   0.0
   4 1969  51     0.   0.0   0.0   0.000   0.0   0.0
   4 1969  52     0.   0.0   0.0   0.000   0.0   0.0
   4 1969  53     0.   0.0   0.0   0.000   0.0   0.0
   4 1969  54     0.   0.0   0.0   0.000   0.0   0.0
   4 1969  55     0.   0.0   0.0   0.000   0.0   0.0
   4 1969  56     0.   0.0   0.0   0.000   0.0   0.0
   4 1969  57     0.   0.0   0.0   0.000   0.0   0.0
   4 1969  58     0.   0.0   0.0   0.000   0.0   0.0
   4 1969  59     0.   0.0   0.0   0.000   0.0   0.0
   4 1969  60     0.   0.0   0.0   0.000   0.0   0.0
   4 1969  61     0.   0.0   0.0   0.000   0.0   0.0
   4 1969  62     0.   0.0   0.0   0.000   0.0   0.0
   4 1969  63     0.   0.0   0.0   0.000   0.0   0.0
   4 1969  64     0.   0.0   0.0   0.000   0.0   0.0
   4 1969  65     0.   0.0   0.0   0.000   0.0   0.0
   4 1969  66     0.   0.0   0.0   0.000   0.0   0.0
   4 1969  67     0.   0.0   0.0   0.000   0.0   0.0
   4 1969  68     0.   0.0   0.0   0.000   0.0   0.0
   4 1969  69     0.   0.0   0.0   0.000   0.0   0.0
   4 1969  70     0.   0.0   0.0   0.000   0.0   0.0
   4 1969  71     0.   0.0   0.0   0.000   0.0   0.0
   4 1969  72     0.   0.0   0.0   0.000   0.0   0.0
   4 1969  73     0.   0.0   0.0   0.000   0.0   0.0
   4 1969  74     0.   0.0   0.0   0.000   0.0   0.0
   4 1969  75     0.   0.0   0.0   0.000   0.0   0.0
   4 1969  76     0.   0.0   0.0   0.000   0.0   0.0
   4 1969  77     0.   0.0   0.0   0.000   0.0   0.0
   4 1969  78     0.   0.0   0.0   0.000   0.0   0.0
   4 1969  79     0.   0.0   0.0   0.000   0.0   0.0
   4 1969  80     0.   0.0   0.0   0.000   0.0   0.0
   4 1969  81     0.   0.0   0.0   0.000   0.0   0.0
   4 1969  82     0.   0.0   0.0   0.000   0.0   0.0
   4 1969  83     0.   0.0   0.0   0.000   0.0   0.0
   4 1969  84     0.   0.0   0.0   0.000   0.0   0.0
   4 1969  85     0.   0.0   0.0   0.000   0.0   0.0
   4 1969  86     0.   0.0   0.0   0.000   0.0   0.0
   4 1969  87     0.   0.0   0.0   0.000   0.0   0.0
   4 1969  88     0.   0.0   0.0   0.000   0.0   0.0
   4 1969  89     0.   0.0   0.0   0.000   0.0   0.0
   4 1969  90     0.   0.0   0.0   0.000   0.0   0.0
   4 1969  91     0.   0.0   0.0   0.000   0.0   0.0
   4 1969  92     0.   0.0   0.0   0.000   0.0   0.0
   4 1969  93     0.   0.0   0.0   0.000   0.0   0.0
   4 1969  94     0.   0.0   0.0   0.000   0.0   0.0
   4 1969  95     0.   0.0   0.0   0.000   0.0   0.0
   4 1969  96     0.   0.0   0.0   0.000   0.0   0.0
   4 1969  97     0.   0.0   0.0   0.000   0.0   0.0
   4 1969  98     0.   0.0   0.0   0.000   0.0   0.0
   4 1969  99     0.   0.0   0.0   0.000   0.0   0.0
   4 1969 100     0.   0.0   0.0   0.000   0.0   0.0
   4 1969 101     0.   0.0   0.0   0.000   0.0   0.0
   4 1969 102     0.   0.0   0.0   0.000   0.0   0.0
   4 1969 103     0.   0.0   0.0   0.000   0.0   0.0
   4 1969 104     0.   0.0   0.0   0.000   0.0   0.0
   4 1969 105     0.   0.0   0.0   0.000   0.0   0.0
   4 1969 106     0.   0.0   0.0   0.000   0.0   0.0
   4 1969 107     0.   0.0   0.0   0.000   0.0   0.0
   4 1969 108     0.   0.0   0.0   0.000   0.0   0.0
   4 1969 109     0.   0.0   0.0   0.000   0.0   0.0
   4 1969 110     0.   0.0   0.0   0.000   0.0   0.0
   4 1969 111     0.   0.0   0.0   0.000   0.0   0.0
   4 1969 112     0.   0.0   0.0   0.000   0.0   0.0
   4 1969 113     0.   0.0   0.0   0.000   0.0   0.0
   4 1969 114     0.   0.0   0.0   0.000   0.0   0.0
   4 1969 115     0.   0.0   0.0   0.000   0.0   0.0
   4 1969 116     0.   0.0   0.0   0.000   0.0   0.0
   4 1969 117     0.   0.0   0.0   0.000   0.0   0.0
   4 1969 118     0.   0.0   0.0   0.000   0.0   0.0
   4 1969 119     0.   0.0   0.0   0.000   0.0   0.0
   4 1969 120     0.   0.0   0.0   0.000   0.0   0.0
   4 1969 121     0.   0.0   0.0   0.000   0.0   0.0
   4 1969 122     0.   0.0   0.0   0.000   0.0   0.0
   4 1969 123     0.   0.0   0.0   0.000   0.0   0.0
   4 1969 124     0.   0.0   0.0   0.000   0.0   0.0
   4 1969 125     0.   0.0   0.0   0.000   0.0   0.0
   4 1969 126     0.   0.0   0.0   0.000   0.0   0.0
   4 1969 127     0.   0.0   0.0   0.000   0.0   0.0
   4 1969 128     0.   0.0   0.0   0.000   0.0   0.0
   4 1969 129     0.   0.0   0.0   0.000   0.0   0.0
   4 1969 130     0.   0.0   0.0   0.000   0.0   0.0
   4 1969 131     0.   0.0   0.0   0.000   0.0   0.0
   4 1969 132     0.   0.0   0.0   0.000   0.0   0.0
   4 1969 133     0.   0.0   0.0   0.000   0.0   0.0
   4 1969 134     0.   0.0   0.0   0.000   0.0   0.0
   4 1969 135     0.   0.0   0.0   0.000   0.0   0.0
   4 1969 136     0.   0.0   0.0   0.000   0.0   0.0
   4 1969 137     0.   0.0   0.0   0.000   0.0   0.0
   4 1969 138     0.   0.0   0.0   0.000   0.0   0.0
   4 1969 139     0.   0.0   0.0   0.000   0.0   0.0
   4 1969 140     0.   0.0   0.0   0.000   0.0   0.0
   4 1969 141     0.   0.0   0.0   0.000   0.0   0.0
   4 1969 142     0.   0.0   0.0   0.000   0.0   0.0
   4 1969 143     0.   0.0   0.0   0.000   0.0   0.0
   4 1969 144     0.   0.0   0.0   0.000   0.0   0.0
   4 1969 145     0.   0.0   0.0   0.000   0.0   0.0
   4 1969 146     0.   0.0   0.0   0.000   0.0   0.0
   4 1969 147     0.   0.0   0.0   0.000   0.0   0.0
   4 1969 148     0.   0.0   0.0   0.000   0.0   4.5
   4 1969 149     0.   0.0   0.0   0.000   0.0   0.0
   4 1969 150     0.   0.0   0.0   0.000   0.0   0.0
   4 1969 151     0.   0.0   0.0   0.000   0.0   0.0
   4 1969 152     0.   0.0   0.0   0.000   0.0   0.0
   4 1969 153     0.   0.0   0.0   0.000   0.0   0.0
   4 1969 154     0.   0.0   0.0   0.000   0.0   2.5
   4 1969 155     0.   0.0   0.0   0.000   0.0   0.0
   4 1969 156     0.   0.0   0.0   0.000   0.0   0.0
   4 1969 157     0.   0.0   0.0   0.000   0.0  12.5
   4 1969 158     0.   0.0   0.0   0.000   0.0   0.0
   4 1969 159     0.   0.0   0.0   0.000   0.0   0.0
   4 1969 160     0.   0.0   0.0   0.000   0.0   0.0
   4 1969 161     0.   0.0   0.0   0.000   0.0   0.0
   4 1969 162     0.   0.0   0.0   0.000   0.0   0.0
   4 1969 163     0.   0.0   0.0   0.000   0.0   0.0
   4 1969 164     0.   0.0   0.0   0.000   0.0   0.0
   4 1969 165     0.   0.0   0.0   0.000   0.0   0.0
   4 1969 166     0.   0.0   0.0   0.000   0.0   0.0
   4 1969 167     0.   0.0   0.0   0.000   0.0   0.0
   4 1969 168     0.   0.0   0.0   0.000   0.0   0.0
   4 1969 169     0.   0.0   0.0   0.000   0.0   0.0
   4 1969 170     0.   0.0   0.0   0.000   0.0   0.0
   4 1969 171     0.   0.0   0.0   0.000   0.0   0.0
   4 1969 172     0.   0.0   0.0   0.000   0.0   0.0
   4 1969 173     0.   0.0   0.0   0.000   0.0   0.0
   4 1969 174     0.   0.0   0.0   0.000   0.0   3.5
   4 1969 175     0.   0.0   0.0   0.000   0.0   0.0
   4 1969 176     0.   0.0   0.0   0.000   0.0   3.5
   4 1969 177     0.   0.0   0.0   0.000   0.0   0.0
   4 1969 178     0.   0.0   0.0   0.000   0.0   0.0
   4 1969 179     0.   0.0   0.0   0.000   0.0   0.0
   4 1969 180     0.   0.0   0.0   0.000   0.0   0.0
   4 1969 181     0.   0.0   0.0   0.000   0.0   0.0
   4 1969 182     0.   0.0   0.0   0.000   0.0   0.0
   4 1969 183     0.   0.0   0.0   0.000   0.0   0.0
   4 1969 184     0.   0.0   0.0   0.000   0.0   0.0
   4 1969 185     0.   0.0   0.0   0.000   0.0   0.0
   4 1969 186     0.   0.0   0.0   0.000   0.0  47.5
   4 1969 187     0.   0.0   0.0   0.000   0.0   0.0
   4 1969 188     0.   0.0   0.0   0.000   0.0   4.5
   4 1969 189     0.   0.0   0.0   0.000   0.0   0.0
   4 1969 190     0.   0.0   0.0   0.000   0.0   2.0
   4 1969 191     0.   0.0   0.0   0.000   0.0   0.0
   4 1969 192     0.   0.0   0.0   0.000   0.0  36.5
   4 1969 193     0.   0.0   0.0   0.000   0.0   0.0
   4 1969 194     0.   0.0   0.0   0.000   0.0   0.0
   4 1969 195     0.   0.0   0.0   0.000   0.0   0.0
   4 1969 196     0.   0.0   0.0   0.000   0.0  19.0
   4 1969 197     0.   0.0   0.0   0.000   0.0   0.0
   4 1969 198     0.   0.0   0.0   0.000   0.0  12.0
   4 1969 199     0.   0.0   0.0   0.000   0.0   0.0
   4 1969 200     0.   0.0   0.0   0.000   0.0   0.0
   4 1969 201     0.   0.0   0.0   0.000   0.0  11.0
   4 1969 202     0.   0.0   0.0   0.000   0.0   0.0
   4 1969 203     0.   0.0   0.0   0.000   0.0   0.0
   4 1969 204     0.   0.0   0.0   0.000   0.0   8.0
   4 1969 205     0.   0.0   0.0   0.000   0.0   0.0
   4 1969 206     0.   0.0   0.0   0.000   0.0   0.0
   4 1969 207     0.   0.0   0.0   0.000   0.0   0.0
   4 1969 208     0.   0.0   0.0   0.000   0.0  30.0
   4 1969 209     0.   0.0   0.0   0.000   0.0   0.0
   4 1969 210     0.   0.0   0.0   0.000   0.0   0.0
   4 1969 211     0.   0.0   0.0   0.000   0.0   0.0
   4 1969 212     0.   0.0   0.0   0.000   0.0   0.0
   4 1969 213     0.   0.0   0.0   0.000   0.0   5.0
   4 1969 214     0.   0.0   0.0   0.000   0.0   0.0
   4 1969 215     0.   0.0   0.0   0.000   0.0   0.0
   4 1969 216     0.   0.0   0.0   0.000   0.0   4.0
   4 1969 217     0.   0.0   0.0   0.000   0.0   0.0
   4 1969 218     0.   0.0   0.0   0.000   0.0  39.0
   4 1969 219     0.   0.0   0.0   0.000   0.0   0.0
   4 1969 220     0.   0.0   0.0   0.000   0.0   0.0
   4 1969 221     0.   0.0   0.0   0.000   0.0   0.0
   4 1969 222     0.   0.0   0.0   0.000   0.0  28.0
   4 1969 223     0.   0.0   0.0   0.000   0.0   0.0
   4 1969 224     0.   0.0   0.0   0.000   0.0   0.0
   4 1969 225     0.   0.0   0.0   0.000   0.0   0.0
   4 1969 226     0.   0.0   0.0   0.000   0.0   0.0
   4 1969 227     0.   0.0   0.0   0.000   0.0   0.0
   4 1969 228     0.   0.0   0.0   0.000   0.0   0.0
   4 1969 229     0.   0.0   0.0   0.000   0.0  42.5
   4 1969 230     0.   0.0   0.0   0.000   0.0   0.0
   4 1969 231     0.   0.0   0.0   0.000   0.0  32.5
   4 1969 232     0.   0.0   0.0   0.000   0.0   0.0
   4 1969 233     0.   0.0   0.0   0.000   0.0  11.0
   4 1969 234     0.   0.0   0.0   0.000   0.0  17.5
   4 1969 235     0.   0.0   0.0   0.000   0.0   0.0
   4 1969 236     0.   0.0   0.0   0.000   0.0   0.0
   4 1969 237     0.   0.0   0.0   0.000   0.0  66.5
   4 1969 238     0.   0.0   0.0   0.000   0.0   0.0
   4 1969 239     0.   0.0   0.0   0.000   0.0   0.0
   4 1969 240     0.   0.0   0.0   0.000   0.0  16.0
   4 1969 241     0.   0.0   0.0   0.000   0.0  12.0
   4 1969 242     0.   0.0   0.0   0.000   0.0   0.0
   4 1969 243     0.   0.0   0.0   0.000   0.0  12.5
   4 1969 244     0.   0.0   0.0   0.000   0.0   0.0
   4 1969 245     0.   0.0   0.0   0.000   0.0  13.5
   4 1969 246     0.   0.0   0.0   0.000   0.0   0.0
   4 1969 247     0.   0.0   0.0   0.000   0.0   0.0
   4 1969 248     0.   0.0   0.0   0.000   0.0   0.0
   4 1969 249     0.   0.0   0.0   0.000   0.0   0.0
   4 1969 250     0.   0.0   0.0   0.000   0.0   0.0
   4 1969 251     0.   0.0   0.0   0.000   0.0  24.0
   4 1969 252     0.   0.0   0.0   0.000   0.0   0.0
   4 1969 253     0.   0.0   0.0   0.000   0.0  12.5
   4 1969 254     0.   0.0   0.0   0.000   0.0   0.0
   4 1969 255     0.   0.0   0.0   0.000   0.0   0.0
   4 1969 256     0.   0.0   0.0   0.000   0.0   0.0
   4 1969 257     0.   0.0   0.0   0.000   0.0   0.0
   4 1969 258     0.   0.0   0.0   0.000   0.0   0.0
   4 1969 259     0.   0.0   0.0   0.000   0.0   0.0
   4 1969 260     0.   0.0   0.0   0.000   0.0   0.0
   4 1969 261     0.   0.0   0.0   0.000   0.0   0.0
   4 1969 262     0.   0.0   0.0   0.000   0.0   0.0
   4 1969 263     0.   0.0   0.0   0.000   0.0  16.5
   4 1969 264     0.   0.0   0.0   0.000   0.0   0.0
   4 1969 265     0.   0.0   0.0   0.000   0.0   0.0
   4 1969 266     0.   0.0   0.0   0.000   0.0   0.0
   4 1969 267     0.   0.0   0.0   0.000   0.0   0.0
   4 1969 268     0.   0.0   0.0   0.000   0.0  22.5
   4 1969 269     0.   0.0   0.0   0.000   0.0   0.0
   4 1969 270     0.   0.0   0.0   0.000   0.0   0.0
   4 1969 271     0.   0.0   0.0   0.000   0.0   0.0
   4 1969 272     0.   0.0   0.0   0.000   0.0   0.0
   4 1969 273     0.   0.0   0.0   0.000   0.0   0.0
   4 1969 274     0.   0.0   0.0   0.000   0.0   0.0
   4 1969 275     0.   0.0   0.0   0.000   0.0   0.0
   4 1969 276     0.   0.0   0.0   0.000   0.0   0.0
   4 1969 277     0.   0.0   0.0   0.000   0.0   0.0
   4 1969 278     0.   0.0   0.0   0.000   0.0   0.0
   4 1969 279     0.   0.0   0.0   0.000   0.0   0.0
   4 1969 280     0.   0.0   0.0   0.000   0.0   0.0
   4 1969 281     0.   0.0   0.0   0.000   0.0   0.0
   4 1969 282     0.   0.0   0.0   0.000   0.0   0.0
   4 1969 283     0.   0.0   0.0   0.000   0.0   0.0
   4 1969 284     0.   0.0   0.0   0.000   0.0   0.0
   4 1969 285     0.   0.0   0.0   0.000   0.0   4.0
   4 1969 286     0.   0.0   0.0   0.000   0.0   0.0
   4 1969 287     0.   0.0   0.0   0.000   0.0  11.0
   4 1969 288     0.   0.0   0.0   0.000   0.0   0.0
   4 1969 289     0.   0.0   0.0   0.000   0.0   0.0
   4 1969 290     0.   0.0   0.0   0.000   0.0   0.0
   4 1969 291     0.   0.0   0.0   0.000   0.0   0.0
   4 1969 292     0.   0.0   0.0   0.000   0.0   0.0
   4 1969 293     0.   0.0   0.0   0.000   0.0   0.0
   4 1969 294     0.   0.0   0.0   0.000   0.0   0.0
   4 1969 295     0.   0.0   0.0   0.000   0.0   0.0
   4 1969 296     0.   0.0   0.0   0.000   0.0   0.0
   4 1969 297     0.   0.0   0.0   0.000   0.0   0.0
   4 1969 298     0.   0.0   0.0   0.000   0.0   0.0
   4 1969 299     0.   0.0   0.0   0.000   0.0   0.0
   4 1969 300     0.   0.0   0.0   0.000   0.0   0.0
   4 1969 301     0.   0.0   0.0   0.000   0.0   0.0
   4 1969 302     0.   0.0   0.0   0.000   0.0   0.0
   4 1969 303     0.   0.0   0.0   0.000   0.0   0.0
   4 1969 304     0.   0.0   0.0   0.000   0.0   0.0
   4 1969 305     0.   0.0   0.0   0.000   0.0   0.0
   4 1969 306     0.   0.0   0.0   0.000   0.0   0.0
   4 1969 307     0.   0.0   0.0   0.000   0.0   0.0
   4 1969 308     0.   0.0   0.0   0.000   0.0   0.0
   4 1969 309     0.   0.0   0.0   0.000   0.0   0.0
   4 1969 310     0.   0.0   0.0   0.000   0.0   0.0
   4 1969 311     0.   0.0   0.0   0.000   0.0   0.0
   4 1969 312     0.   0.0   0.0   0.000   0.0   0.0
   4 1969 313     0.   0.0   0.0   0.000   0.0   0.0
   4 1969 314     0.   0.0   0.0   0.000   0.0   0.0
   4 1969 315     0.   0.0   0.0   0.000   0.0   0.0
   4 1969 316     0.   0.0   0.0   0.000   0.0   0.0
   4 1969 317     0.   0.0   0.0   0.000   0.0   0.0
   4 1969 318     0.   0.0   0.0   0.000   0.0   0.0
   4 1969 319     0.   0.0   0.0   0.000   0.0   0.0
   4 1969 320     0.   0.0   0.0   0.000   0.0   0.0
   4 1969 321     0.   0.0   0.0   0.000   0.0   0.0
   4 1969 322     0.   0.0   0.0   0.000   0.0   0.0
   4 1969 323     0.   0.0   0.0   0.000   0.0   0.0
   4 1969 324     0.   0.0   0.0   0.000   0.0   0.0
   4 1969 325     0.   0.0   0.0   0.000   0.0   0.0
   4 1969 326     0.   0.0   0.0   0.000   0.0   0.0
   4 1969 327     0.   0.0   0.0   0.000   0.0   0.0
   4 1969 328     0.   0.0   0.0   0.000   0.0   0.0
   4 1969 329     0.   0.0   0.0   0.000   0.0   0.0
   4 1969 330     0.   0.0   0.0   0.000   0.0   0.0
   4 1969 331     0.   0.0   0.0   0.000   0.0   0.0
   4 1969 332     0.   0.0   0.0   0.000   0.0   0.0
   4 1969 333     0.   0.0   0.0   0.000   0.0   0.0
   4 1969 334     0.   0.0   0.0   0.000   0.0   0.0
   4 1969 335     0.   0.0   0.0   0.000   0.0   0.0
   4 1969 336     0.   0.0   0.0   0.000   0.0   0.0
   4 1969 337     0.   0.0   0.0   0.000   0.0   0.0
   4 1969 338     0.   0.0   0.0   0.000   0.0   0.0
   4 1969 339     0.   0.0   0.0   0.000   0.0   0.0
   4 1969 340     0.   0.0   0.0   0.000   0.0   0.0
   4 1969 341     0.   0.0   0.0   0.000   0.0   0.0
   4 1969 342     0.   0.0   0.0   0.000   0.0   0.0
   4 1969 343     0.   0.0   0.0   0.000   0.0   0.0
   4 1969 344     0.   0.0   0.0   0.000   0.0   0.0
   4 1969 345     0.   0.0   0.0   0.000   0.0   0.0
   4 1969 346     0.   0.0   0.0   0.000   0.0   0.0
   4 1969 347     0.   0.0   0.0   0.000   0.0   0.0
   4 1969 348     0.   0.0   0.0   0.000   0.0   0.0
   4 1969 349     0.   0.0   0.0   0.000   0.0   0.0
   4 1969 350     0.   0.0   0.0   0.000   0.0   0.0
   4 1969 351     0.   0.0   0.0   0.000   0.0   0.0
   4 1969 352     0.   0.0   0.0   0.000   0.0   0.0
   4 1969 353     0.   0.0   0.0   0.000   0.0   0.0
   4 1969 354     0.   0.0   0.0   0.000   0.0   0.0
   4 1969 355     0.   0.0   0.0   0.000   0.0   0.0
   4 1969 356     0.   0.0   0.0   0.000   0.0   0.0
   4 1969 357     0.   0.0   0.0   0.000   0.0   0.0
   4 1969 358     0.   0.0   0.0   0.000   0.0   0.0
   4 1969 359     0.   0.0   0.0   0.000   0.0   0.0
   4 1969 360     0.   0.0   0.0   0.000   0.0   0.0
   4 1969 361     0.   0.0   0.0   0.000   0.0   0.0
   4 1969 362     0.   0.0   0.0   0.000   0.0   0.0
   4 1969 363     0.   0.0   0.0   0.000   0.0   0.0
   4 1969 364     0.   0.0   0.0   0.000   0.0   0.0
   4 1969 365     0.   0.0   0.0   0.000   0.0   0.0
