*---------------------------------------------------------------------------*
* Station name: Djenne, Mopti-region, Mali
* Year: 1977
* Author: Olaf Erenstein & Willem Stol
* Source: Meteo Mali
* Comments: Daily raindata, others monthly means
*
* Longitude:  04 34 W
* Latitude:   13 54 N
* Altitude:     278 m
*
* Column  Daily value
* 1       station number
* 2       year
* 3       day
* 4       irradiation                   (kJ m-2 d-1)
* 5       minimum temperature           (degrees Celsius)
* 6       maximum temperature           (degrees Celsius)
* 7       early morning vapour pressure (kPa)
* 8       mean wind speed (height: 2 m) (m s-1)
* 9       precipitation                 (mm d-1)
*---------------------------------------------------------------------------*
  -4.57  13.90   278. 0.00 0.00
   5 1977   1      4     4     4       4     4     4
   5 1977   1     0.   0.0   0.0   0.000   0.0   0.0
   5 1977   2     0.   0.0   0.0   0.000   0.0   0.0
   5 1977   3     0.   0.0   0.0   0.000   0.0   0.0
   5 1977   4     0.   0.0   0.0   0.000   0.0   0.0
   5 1977   5     0.   0.0   0.0   0.000   0.0   0.0
   5 1977   6     0.   0.0   0.0   0.000   0.0   0.0
   5 1977   7     0.   0.0   0.0   0.000   0.0   0.0
   5 1977   8     0.   0.0   0.0   0.000   0.0   0.0
   5 1977   9     0.   0.0   0.0   0.000   0.0   0.0
   5 1977  10     0.   0.0   0.0   0.000   0.0   0.0
   5 1977  11     0.   0.0   0.0   0.000   0.0   0.0
   5 1977  12     0.   0.0   0.0   0.000   0.0   0.0
   5 1977  13     0.   0.0   0.0   0.000   0.0   0.0
   5 1977  14     0.   0.0   0.0   0.000   0.0   0.0
   5 1977  15     0.   0.0   0.0   0.000   0.0   0.0
   5 1977  16     0.   0.0   0.0   0.000   0.0   0.0
   5 1977  17     0.   0.0   0.0   0.000   0.0   0.0
   5 1977  18     0.   0.0   0.0   0.000   0.0   0.0
   5 1977  19     0.   0.0   0.0   0.000   0.0   0.0
   5 1977  20     0.   0.0   0.0   0.000   0.0   0.0
   5 1977  21     0.   0.0   0.0   0.000   0.0   0.0
   5 1977  22     0.   0.0   0.0   0.000   0.0   0.0
   5 1977  23     0.   0.0   0.0   0.000   0.0   0.0
   5 1977  24     0.   0.0   0.0   0.000   0.0   0.0
   5 1977  25     0.   0.0   0.0   0.000   0.0   0.0
   5 1977  26     0.   0.0   0.0   0.000   0.0   0.0
   5 1977  27     0.   0.0   0.0   0.000   0.0   0.0
   5 1977  28     0.   0.0   0.0   0.000   0.0   0.0
   5 1977  29     0.   0.0   0.0   0.000   0.0   0.0
   5 1977  30     0.   0.0   0.0   0.000   0.0   0.0
   5 1977  31     0.   0.0   0.0   0.000   0.0   0.0
   5 1977  32     0.   0.0   0.0   0.000   0.0   0.0
   5 1977  33     0.   0.0   0.0   0.000   0.0   0.0
   5 1977  34     0.   0.0   0.0   0.000   0.0   0.0
   5 1977  35     0.   0.0   0.0   0.000   0.0   0.0
   5 1977  36     0.   0.0   0.0   0.000   0.0   0.0
   5 1977  37     0.   0.0   0.0   0.000   0.0   0.0
   5 1977  38     0.   0.0   0.0   0.000   0.0   0.0
   5 1977  39     0.   0.0   0.0   0.000   0.0   0.0
   5 1977  40     0.   0.0   0.0   0.000   0.0   0.0
   5 1977  41     0.   0.0   0.0   0.000   0.0   0.0
   5 1977  42     0.   0.0   0.0   0.000   0.0   0.0
   5 1977  43     0.   0.0   0.0   0.000   0.0   0.0
   5 1977  44     0.   0.0   0.0   0.000   0.0   0.0
   5 1977  45     0.   0.0   0.0   0.000   0.0   0.0
   5 1977  46     0.   0.0   0.0   0.000   0.0   0.0
   5 1977  47     0.   0.0   0.0   0.000   0.0   0.0
   5 1977  48     0.   0.0   0.0   0.000   0.0   0.0
   5 1977  49     0.   0.0   0.0   0.000   0.0   0.0
   5 1977  50     0.   0.0   0.0   0.000   0.0   0.0
   5 1977  51     0.   0.0   0.0   0.000   0.0   0.0
   5 1977  52     0.   0.0   0.0   0.000   0.0   0.0
   5 1977  53     0.   0.0   0.0   0.000   0.0   0.0
   5 1977  54     0.   0.0   0.0   0.000   0.0   0.0
   5 1977  55     0.   0.0   0.0   0.000   0.0   0.0
   5 1977  56     0.   0.0   0.0   0.000   0.0   0.0
   5 1977  57     0.   0.0   0.0   0.000   0.0   0.0
   5 1977  58     0.   0.0   0.0   0.000   0.0   0.0
   5 1977  59     0.   0.0   0.0   0.000   0.0   0.0
   5 1977  60     0.   0.0   0.0   0.000   0.0   0.0
   5 1977  61     0.   0.0   0.0   0.000   0.0   0.0
   5 1977  62     0.   0.0   0.0   0.000   0.0   0.0
   5 1977  63     0.   0.0   0.0   0.000   0.0   0.0
   5 1977  64     0.   0.0   0.0   0.000   0.0   0.0
   5 1977  65     0.   0.0   0.0   0.000   0.0   0.0
   5 1977  66     0.   0.0   0.0   0.000   0.0   0.0
   5 1977  67     0.   0.0   0.0   0.000   0.0   0.0
   5 1977  68     0.   0.0   0.0   0.000   0.0   0.0
   5 1977  69     0.   0.0   0.0   0.000   0.0   0.0
   5 1977  70     0.   0.0   0.0   0.000   0.0   0.0
   5 1977  71     0.   0.0   0.0   0.000   0.0   0.0
   5 1977  72     0.   0.0   0.0   0.000   0.0   0.0
   5 1977  73     0.   0.0   0.0   0.000   0.0   0.0
   5 1977  74     0.   0.0   0.0   0.000   0.0   0.0
   5 1977  75     0.   0.0   0.0   0.000   0.0   0.0
   5 1977  76     0.   0.0   0.0   0.000   0.0   0.0
   5 1977  77     0.   0.0   0.0   0.000   0.0   0.0
   5 1977  78     0.   0.0   0.0   0.000   0.0   0.0
   5 1977  79     0.   0.0   0.0   0.000   0.0   0.0
   5 1977  80     0.   0.0   0.0   0.000   0.0   0.0
   5 1977  81     0.   0.0   0.0   0.000   0.0   0.0
   5 1977  82     0.   0.0   0.0   0.000   0.0   0.0
   5 1977  83     0.   0.0   0.0   0.000   0.0   0.0
   5 1977  84     0.   0.0   0.0   0.000   0.0   0.0
   5 1977  85     0.   0.0   0.0   0.000   0.0   0.0
   5 1977  86     0.   0.0   0.0   0.000   0.0   0.0
   5 1977  87     0.   0.0   0.0   0.000   0.0   0.0
   5 1977  88     0.   0.0   0.0   0.000   0.0   0.0
   5 1977  89     0.   0.0   0.0   0.000   0.0   0.0
   5 1977  90     0.   0.0   0.0   0.000   0.0   0.0
   5 1977  91     0.   0.0   0.0   0.000   0.0   0.0
   5 1977  92     0.   0.0   0.0   0.000   0.0   0.0
   5 1977  93     0.   0.0   0.0   0.000   0.0   0.0
   5 1977  94     0.   0.0   0.0   0.000   0.0   0.0
   5 1977  95     0.   0.0   0.0   0.000   0.0   0.0
   5 1977  96     0.   0.0   0.0   0.000   0.0   0.0
   5 1977  97     0.   0.0   0.0   0.000   0.0   0.0
   5 1977  98     0.   0.0   0.0   0.000   0.0   0.0
   5 1977  99     0.   0.0   0.0   0.000   0.0   0.0
   5 1977 100     0.   0.0   0.0   0.000   0.0   0.0
   5 1977 101     0.   0.0   0.0   0.000   0.0   0.0
   5 1977 102     0.   0.0   0.0   0.000   0.0   0.0
   5 1977 103     0.   0.0   0.0   0.000   0.0   0.0
   5 1977 104     0.   0.0   0.0   0.000   0.0   0.0
   5 1977 105     0.   0.0   0.0   0.000   0.0   0.0
   5 1977 106     0.   0.0   0.0   0.000   0.0   0.0
   5 1977 107     0.   0.0   0.0   0.000   0.0   0.0
   5 1977 108     0.   0.0   0.0   0.000   0.0   0.0
   5 1977 109     0.   0.0   0.0   0.000   0.0   0.0
   5 1977 110     0.   0.0   0.0   0.000   0.0   0.0
   5 1977 111     0.   0.0   0.0   0.000   0.0   0.0
   5 1977 112     0.   0.0   0.0   0.000   0.0   0.0
   5 1977 113     0.   0.0   0.0   0.000   0.0   0.0
   5 1977 114     0.   0.0   0.0   0.000   0.0   0.0
   5 1977 115     0.   0.0   0.0   0.000   0.0   0.0
   5 1977 116     0.   0.0   0.0   0.000   0.0   0.0
   5 1977 117     0.   0.0   0.0   0.000   0.0   0.0
   5 1977 118     0.   0.0   0.0   0.000   0.0   0.0
   5 1977 119     0.   0.0   0.0   0.000   0.0   0.0
   5 1977 120     0.   0.0   0.0   0.000   0.0   0.0
   5 1977 121      4     4     4       4     4     1
   5 1977 121     0.   0.0   0.0   0.000   0.0   0.0
   5 1977 122     0.   0.0   0.0   0.000   0.0   0.0
   5 1977 123     0.   0.0   0.0   0.000   0.0   0.0
   5 1977 124     0.   0.0   0.0   0.000   0.0   0.0
   5 1977 125     0.   0.0   0.0   0.000   0.0   0.0
   5 1977 126     0.   0.0   0.0   0.000   0.0   0.0
   5 1977 127     0.   0.0   0.0   0.000   0.0   0.0
   5 1977 128     0.   0.0   0.0   0.000   0.0   0.0
   5 1977 129     0.   0.0   0.0   0.000   0.0   0.0
   5 1977 130     0.   0.0   0.0   0.000   0.0   0.0
   5 1977 131     0.   0.0   0.0   0.000   0.0   0.0
   5 1977 132     0.   0.0   0.0   0.000   0.0   0.0
   5 1977 133     0.   0.0   0.0   0.000   0.0   0.0
   5 1977 134     0.   0.0   0.0   0.000   0.0  15.0
   5 1977 135     0.   0.0   0.0   0.000   0.0   0.0
   5 1977 136     0.   0.0   0.0   0.000   0.0   0.0
   5 1977 137     0.   0.0   0.0   0.000   0.0   0.0
   5 1977 138     0.   0.0   0.0   0.000   0.0   0.0
   5 1977 139     0.   0.0   0.0   0.000   0.0   0.0
   5 1977 140     0.   0.0   0.0   0.000   0.0   0.0
   5 1977 141     0.   0.0   0.0   0.000   0.0   0.0
   5 1977 142     0.   0.0   0.0   0.000   0.0   0.0
   5 1977 143     0.   0.0   0.0   0.000   0.0   0.0
   5 1977 144     0.   0.0   0.0   0.000   0.0   0.0
   5 1977 145     0.   0.0   0.0   0.000   0.0   0.0
   5 1977 146     0.   0.0   0.0   0.000   0.0   0.0
   5 1977 147     0.   0.0   0.0   0.000   0.0   0.0
   5 1977 148     0.   0.0   0.0   0.000   0.0   0.0
   5 1977 149     0.   0.0   0.0   0.000   0.0   0.0
   5 1977 150     0.   0.0   0.0   0.000   0.0   0.7
   5 1977 151     0.   0.0   0.0   0.000   0.0   0.0
   5 1977 152     0.   0.0   0.0   0.000   0.0   0.0
   5 1977 153     0.   0.0   0.0   0.000   0.0   0.0
   5 1977 154     0.   0.0   0.0   0.000   0.0   0.0
   5 1977 155     0.   0.0   0.0   0.000   0.0   0.0
   5 1977 156     0.   0.0   0.0   0.000   0.0   0.0
   5 1977 157     0.   0.0   0.0   0.000   0.0   0.5
   5 1977 158     0.   0.0   0.0   0.000   0.0   0.0
   5 1977 159     0.   0.0   0.0   0.000   0.0  30.0
   5 1977 160     0.   0.0   0.0   0.000   0.0   0.0
   5 1977 161     0.   0.0   0.0   0.000   0.0   0.0
   5 1977 162     0.   0.0   0.0   0.000   0.0   0.0
   5 1977 163     0.   0.0   0.0   0.000   0.0   0.0
   5 1977 164     0.   0.0   0.0   0.000   0.0   0.0
   5 1977 165     0.   0.0   0.0   0.000   0.0   0.0
   5 1977 166     0.   0.0   0.0   0.000   0.0   0.2
   5 1977 167     0.   0.0   0.0   0.000   0.0   0.0
   5 1977 168     0.   0.0   0.0   0.000   0.0   0.0
   5 1977 169     0.   0.0   0.0   0.000   0.0  15.0
   5 1977 170     0.   0.0   0.0   0.000   0.0   0.0
   5 1977 171     0.   0.0   0.0   0.000   0.0   0.0
   5 1977 172     0.   0.0   0.0   0.000   0.0   0.5
   5 1977 173     0.   0.0   0.0   0.000   0.0   0.5
   5 1977 174     0.   0.0   0.0   0.000   0.0   0.0
   5 1977 175     0.   0.0   0.0   0.000   0.0   0.6
   5 1977 176     0.   0.0   0.0   0.000   0.0   0.0
   5 1977 177     0.   0.0   0.0   0.000   0.0   0.0
   5 1977 178     0.   0.0   0.0   0.000   0.0   0.0
   5 1977 179     0.   0.0   0.0   0.000   0.0   0.0
   5 1977 180     0.   0.0   0.0   0.000   0.0   0.0
   5 1977 181     0.   0.0   0.0   0.000   0.0   0.0
   5 1977 182     0.   0.0   0.0   0.000   0.0   0.0
   5 1977 183     0.   0.0   0.0   0.000   0.0   0.0
   5 1977 184     0.   0.0   0.0   0.000   0.0   0.0
   5 1977 185     0.   0.0   0.0   0.000   0.0   0.0
   5 1977 186     0.   0.0   0.0   0.000   0.0   0.0
   5 1977 187     0.   0.0   0.0   0.000   0.0   0.0
   5 1977 188     0.   0.0   0.0   0.000   0.0   0.0
   5 1977 189     0.   0.0   0.0   0.000   0.0   0.0
   5 1977 190     0.   0.0   0.0   0.000   0.0   0.0
   5 1977 191     0.   0.0   0.0   0.000   0.0   0.5
   5 1977 192     0.   0.0   0.0   0.000   0.0   0.0
   5 1977 193     0.   0.0   0.0   0.000   0.0   0.0
   5 1977 194     0.   0.0   0.0   0.000   0.0   0.0
   5 1977 195     0.   0.0   0.0   0.000   0.0   0.0
   5 1977 196     0.   0.0   0.0   0.000   0.0   0.0
   5 1977 197     0.   0.0   0.0   0.000   0.0   0.0
   5 1977 198     0.   0.0   0.0   0.000   0.0  25.0
   5 1977 199     0.   0.0   0.0   0.000   0.0   0.0
   5 1977 200     0.   0.0   0.0   0.000   0.0   0.0
   5 1977 201     0.   0.0   0.0   0.000   0.0   0.0
   5 1977 202     0.   0.0   0.0   0.000   0.0   0.6
   5 1977 203     0.   0.0   0.0   0.000   0.0   0.0
   5 1977 204     0.   0.0   0.0   0.000   0.0   0.0
   5 1977 205     0.   0.0   0.0   0.000   0.0   0.0
   5 1977 206     0.   0.0   0.0   0.000   0.0   0.0
   5 1977 207     0.   0.0   0.0   0.000   0.0  20.0
   5 1977 208     0.   0.0   0.0   0.000   0.0   0.0
   5 1977 209     0.   0.0   0.0   0.000   0.0  22.0
   5 1977 210     0.   0.0   0.0   0.000   0.0   0.0
   5 1977 211     0.   0.0   0.0   0.000   0.0   0.0
   5 1977 212     0.   0.0   0.0   0.000   0.0   0.0
   5 1977 213     0.   0.0   0.0   0.000   0.0   0.0
   5 1977 214     0.   0.0   0.0   0.000   0.0   0.0
   5 1977 215     0.   0.0   0.0   0.000   0.0   0.0
   5 1977 216     0.   0.0   0.0   0.000   0.0  49.0
   5 1977 217     0.   0.0   0.0   0.000   0.0   0.0
   5 1977 218     0.   0.0   0.0   0.000   0.0   0.0
   5 1977 219     0.   0.0   0.0   0.000   0.0   0.0
   5 1977 220     0.   0.0   0.0   0.000   0.0   0.0
   5 1977 221     0.   0.0   0.0   0.000   0.0   0.3
   5 1977 222     0.   0.0   0.0   0.000   0.0   0.5
   5 1977 223     0.   0.0   0.0   0.000   0.0   0.0
   5 1977 224     0.   0.0   0.0   0.000   0.0  10.0
   5 1977 225     0.   0.0   0.0   0.000   0.0   0.0
   5 1977 226     0.   0.0   0.0   0.000   0.0   0.0
   5 1977 227     0.   0.0   0.0   0.000   0.0  17.0
   5 1977 228     0.   0.0   0.0   0.000   0.0   0.0
   5 1977 229     0.   0.0   0.0   0.000   0.0   0.0
   5 1977 230     0.   0.0   0.0   0.000   0.0   0.0
   5 1977 231     0.   0.0   0.0   0.000   0.0   0.0
   5 1977 232     0.   0.0   0.0   0.000   0.0   0.0
   5 1977 233     0.   0.0   0.0   0.000   0.0   0.0
   5 1977 234     0.   0.0   0.0   0.000   0.0   0.0
   5 1977 235     0.   0.0   0.0   0.000   0.0   0.0
   5 1977 236     0.   0.0   0.0   0.000   0.0   0.0
   5 1977 237     0.   0.0   0.0   0.000   0.0   0.0
   5 1977 238     0.   0.0   0.0   0.000   0.0   0.0
   5 1977 239     0.   0.0   0.0   0.000   0.0  43.0
   5 1977 240     0.   0.0   0.0   0.000   0.0   0.0
   5 1977 241     0.   0.0   0.0   0.000   0.0   0.0
   5 1977 242     0.   0.0   0.0   0.000   0.0   0.8
   5 1977 243     0.   0.0   0.0   0.000   0.0   0.0
   5 1977 244     0.   0.0   0.0   0.000   0.0   0.6
   5 1977 245     0.   0.0   0.0   0.000   0.0  11.0
   5 1977 246     0.   0.0   0.0   0.000   0.0   0.0
   5 1977 247     0.   0.0   0.0   0.000   0.0   0.9
   5 1977 248     0.   0.0   0.0   0.000   0.0   0.0
   5 1977 249     0.   0.0   0.0   0.000   0.0  16.0
   5 1977 250     0.   0.0   0.0   0.000   0.0   0.0
   5 1977 251     0.   0.0   0.0   0.000   0.0  11.0
   5 1977 252     0.   0.0   0.0   0.000   0.0   0.0
   5 1977 253     0.   0.0   0.0   0.000   0.0   0.0
   5 1977 254     0.   0.0   0.0   0.000   0.0   0.0
   5 1977 255     0.   0.0   0.0   0.000   0.0   0.0
   5 1977 256     0.   0.0   0.0   0.000   0.0   0.0
   5 1977 257     0.   0.0   0.0   0.000   0.0   0.0
   5 1977 258     0.   0.0   0.0   0.000   0.0   0.0
   5 1977 259     0.   0.0   0.0   0.000   0.0   0.0
   5 1977 260     0.   0.0   0.0   0.000   0.0   0.0
   5 1977 261     0.   0.0   0.0   0.000   0.0   0.0
   5 1977 262     0.   0.0   0.0   0.000   0.0   0.0
   5 1977 263     0.   0.0   0.0   0.000   0.0   0.0
   5 1977 264     0.   0.0   0.0   0.000   0.0   0.0
   5 1977 265     0.   0.0   0.0   0.000   0.0   0.0
   5 1977 266     0.   0.0   0.0   0.000   0.0   0.0
   5 1977 267     0.   0.0   0.0   0.000   0.0   0.0
   5 1977 268     0.   0.0   0.0   0.000   0.0   0.0
   5 1977 269     0.   0.0   0.0   0.000   0.0   0.0
   5 1977 270     0.   0.0   0.0   0.000   0.0   0.0
   5 1977 271     0.   0.0   0.0   0.000   0.0   2.5
   5 1977 272     0.   0.0   0.0   0.000   0.0   0.0
   5 1977 273     0.   0.0   0.0   0.000   0.0   0.0
   5 1977 274     0.   0.0   0.0   0.000   0.0   0.0
   5 1977 275     0.   0.0   0.0   0.000   0.0   0.0
   5 1977 276     0.   0.0   0.0   0.000   0.0   0.0
   5 1977 277     0.   0.0   0.0   0.000   0.0   0.0
   5 1977 278     0.   0.0   0.0   0.000   0.0   0.0
   5 1977 279     0.   0.0   0.0   0.000   0.0   0.0
   5 1977 280     0.   0.0   0.0   0.000   0.0   0.0
   5 1977 281     0.   0.0   0.0   0.000   0.0   0.0
   5 1977 282     0.   0.0   0.0   0.000   0.0   0.0
   5 1977 283     0.   0.0   0.0   0.000   0.0   0.0
   5 1977 284     0.   0.0   0.0   0.000   0.0   0.0
   5 1977 285     0.   0.0   0.0   0.000   0.0   0.0
   5 1977 286     0.   0.0   0.0   0.000   0.0   0.0
   5 1977 287     0.   0.0   0.0   0.000   0.0   0.0
   5 1977 288     0.   0.0   0.0   0.000   0.0   0.0
   5 1977 289     0.   0.0   0.0   0.000   0.0   0.0
   5 1977 290     0.   0.0   0.0   0.000   0.0   0.0
   5 1977 291     0.   0.0   0.0   0.000   0.0   0.0
   5 1977 292     0.   0.0   0.0   0.000   0.0   0.0
   5 1977 293     0.   0.0   0.0   0.000   0.0   0.0
   5 1977 294     0.   0.0   0.0   0.000   0.0   0.0
   5 1977 295     0.   0.0   0.0   0.000   0.0   0.0
   5 1977 296     0.   0.0   0.0   0.000   0.0   0.0
   5 1977 297     0.   0.0   0.0   0.000   0.0   0.0
   5 1977 298     0.   0.0   0.0   0.000   0.0   0.0
   5 1977 299     0.   0.0   0.0   0.000   0.0   0.0
   5 1977 300     0.   0.0   0.0   0.000   0.0   0.0
   5 1977 301     0.   0.0   0.0   0.000   0.0   0.0
   5 1977 302     0.   0.0   0.0   0.000   0.0   0.0
   5 1977 303     0.   0.0   0.0   0.000   0.0   0.0
   5 1977 304     0.   0.0   0.0   0.000   0.0   0.0
   5 1977 305      4     4     4       4     4     4
   5 1977 305     0.   0.0   0.0   0.000   0.0   0.0
   5 1977 306     0.   0.0   0.0   0.000   0.0   0.0
   5 1977 307     0.   0.0   0.0   0.000   0.0   0.0
   5 1977 308     0.   0.0   0.0   0.000   0.0   0.0
   5 1977 309     0.   0.0   0.0   0.000   0.0   0.0
   5 1977 310     0.   0.0   0.0   0.000   0.0   0.0
   5 1977 311     0.   0.0   0.0   0.000   0.0   0.0
   5 1977 312     0.   0.0   0.0   0.000   0.0   0.0
   5 1977 313     0.   0.0   0.0   0.000   0.0   0.0
   5 1977 314     0.   0.0   0.0   0.000   0.0   0.0
   5 1977 315     0.   0.0   0.0   0.000   0.0   0.0
   5 1977 316     0.   0.0   0.0   0.000   0.0   0.0
   5 1977 317     0.   0.0   0.0   0.000   0.0   0.0
   5 1977 318     0.   0.0   0.0   0.000   0.0   0.0
   5 1977 319     0.   0.0   0.0   0.000   0.0   0.0
   5 1977 320     0.   0.0   0.0   0.000   0.0   0.0
   5 1977 321     0.   0.0   0.0   0.000   0.0   0.0
   5 1977 322     0.   0.0   0.0   0.000   0.0   0.0
   5 1977 323     0.   0.0   0.0   0.000   0.0   0.0
   5 1977 324     0.   0.0   0.0   0.000   0.0   0.0
   5 1977 325     0.   0.0   0.0   0.000   0.0   0.0
   5 1977 326     0.   0.0   0.0   0.000   0.0   0.0
   5 1977 327     0.   0.0   0.0   0.000   0.0   0.0
   5 1977 328     0.   0.0   0.0   0.000   0.0   0.0
   5 1977 329     0.   0.0   0.0   0.000   0.0   0.0
   5 1977 330     0.   0.0   0.0   0.000   0.0   0.0
   5 1977 331     0.   0.0   0.0   0.000   0.0   0.0
   5 1977 332     0.   0.0   0.0   0.000   0.0   0.0
   5 1977 333     0.   0.0   0.0   0.000   0.0   0.0
   5 1977 334     0.   0.0   0.0   0.000   0.0   0.0
   5 1977 335     0.   0.0   0.0   0.000   0.0   0.0
   5 1977 336     0.   0.0   0.0   0.000   0.0   0.0
   5 1977 337     0.   0.0   0.0   0.000   0.0   0.0
   5 1977 338     0.   0.0   0.0   0.000   0.0   0.0
   5 1977 339     0.   0.0   0.0   0.000   0.0   0.0
   5 1977 340     0.   0.0   0.0   0.000   0.0   0.0
   5 1977 341     0.   0.0   0.0   0.000   0.0   0.0
   5 1977 342     0.   0.0   0.0   0.000   0.0   0.0
   5 1977 343     0.   0.0   0.0   0.000   0.0   0.0
   5 1977 344     0.   0.0   0.0   0.000   0.0   0.0
   5 1977 345     0.   0.0   0.0   0.000   0.0   0.0
   5 1977 346     0.   0.0   0.0   0.000   0.0   0.0
   5 1977 347     0.   0.0   0.0   0.000   0.0   0.0
   5 1977 348     0.   0.0   0.0   0.000   0.0   0.0
   5 1977 349     0.   0.0   0.0   0.000   0.0   0.0
   5 1977 350     0.   0.0   0.0   0.000   0.0   0.0
   5 1977 351     0.   0.0   0.0   0.000   0.0   0.0
   5 1977 352     0.   0.0   0.0   0.000   0.0   0.0
   5 1977 353     0.   0.0   0.0   0.000   0.0   0.0
   5 1977 354     0.   0.0   0.0   0.000   0.0   0.0
   5 1977 355     0.   0.0   0.0   0.000   0.0   0.0
   5 1977 356     0.   0.0   0.0   0.000   0.0   0.0
   5 1977 357     0.   0.0   0.0   0.000   0.0   0.0
   5 1977 358     0.   0.0   0.0   0.000   0.0   0.0
   5 1977 359     0.   0.0   0.0   0.000   0.0   0.0
   5 1977 360     0.   0.0   0.0   0.000   0.0   0.0
   5 1977 361     0.   0.0   0.0   0.000   0.0   0.0
   5 1977 362     0.   0.0   0.0   0.000   0.0   0.0
   5 1977 363     0.   0.0   0.0   0.000   0.0   0.0
   5 1977 364     0.   0.0   0.0   0.000   0.0   0.0
   5 1977 365     0.   0.0   0.0   0.000   0.0   0.0
