*---------------------------------------------------------------------------*
* Station name: Wageningen (Haarweg), Netherlands
* Year: 1957
* Author: Peter Uithol                                     -99.000: NIL VALUE
* Source: Natuur- en Weerkunde via Nel van Keulen
* Comments: Humidity measured in mBar at 14.00 h.,
*           wind speed in Beaufort at 14.00 h.
* Longitude: 5 40 E, latitude: 51 58 N, altitude: 7 m.
*
* Column  Daily value
* 1       station number
* 2       year
* 3       day
* 4       irradiation                   (kJ m-2 d-1)
* 5       minimum temperature           (degrees Celsius)
* 6       maximum temperature           (degrees Celsius)
* 7       early morning vapour pressure (kPa)
* 8       mean wind speed (height: 2m)  (m s-1)
* 9       precipitation                 (mm d-1)
*---------------------------------------------------------------------------*
   5.67  51.97     7. 0.00 0.00
   1 1957   1  1047.  -2.4   3.8   0.510   2.5   0.0
   1 1957   2  1005.   0.0   2.9   0.690   1.2   1.4
   1 1957   3   419.   0.6   7.8   0.920   4.3   0.2
   1 1957   4   419.   3.9  10.4   1.200   4.3   7.9
   1 1957   5   461.  10.1  12.6   1.300  11.1   1.6
   1 1957   6  2638.   6.0  12.8   0.890   6.3   7.9
   1 1957   7  1465.   2.3   7.0   0.900   4.3   0.0
   1 1957   8   586.   4.0   7.8   0.980   4.3   0.0
   1 1957   9   419.   7.3   8.1   0.980   4.3   0.4
   1 1957  10  3098.   1.7   7.4   0.700   4.3   1.0
   1 1957  11  2889.   0.9   6.0   0.700   2.5   0.7
   1 1957  12  1298.   2.9   6.8   0.820   4.3   4.0
   1 1957  13  2303.   2.6   5.4   0.760   2.5   7.7
   1 1957  14   712.  -0.3   3.1   0.490   4.3   3.5
   1 1957  15  2721.  -2.8   0.3   0.480   4.3   0.0
   1 1957  16  4815.  -3.9   3.7   0.470   4.3   0.1
   1 1957  17  5778.  -4.8   3.2   0.410   2.5   0.0
   1 1957  18  2721.  -6.2   2.0   0.610   1.2   0.0
   1 1957  19  1424.   0.3   3.8   0.730   1.2   0.0
   1 1957  20   879.  -0.2   2.8   0.630   4.3   0.3
   1 1957  21  1465.  -1.1   1.8   0.610   6.3   0.0
   1 1957  22  2680.  -1.2   4.3   0.590   4.3   0.0
   1 1957  23  4731.  -2.4   6.3   0.560   2.5   0.0
   1 1957  24  2763.  -1.9   6.1   0.720   2.5   0.0
   1 1957  25  1089.   0.2   4.0   0.570   1.2   0.0
   1 1957  26   628.  -0.1   9.0   1.000   2.5   0.7
   1 1957  27  4564.   3.3   9.5   0.770   6.3   3.3
   1 1957  28  3601.   1.1   7.0   0.810   4.3   2.7
   1 1957  29  5527.   1.5   9.0   0.700   4.3   0.0
   1 1957  30  2303.   4.8   8.2   0.820   4.3   2.8
   1 1957  31  1633.   5.6   9.4   1.010   4.3   1.8
   1 1957  32   628.   8.7  13.9   1.340   6.3   8.1
   1 1957  33  1842.   7.1  11.9   1.090   2.5   0.4
   1 1957  34  1842.   6.9   9.5   1.120   2.5   3.8
   1 1957  35  5568.   5.7  13.0   0.960   2.5   0.1
   1 1957  36  4019.   7.3  12.6   0.900   2.5   0.2
   1 1957  37  1758.   6.8  10.8   0.960   2.5   0.2
   1 1957  38  3517.   2.1   9.1   0.890   4.3   1.1
   1 1957  39  2010.   7.6   9.9   1.050   4.3   5.2
   1 1957  40  6071.   5.7  10.5   0.760   2.5   2.4
   1 1957  41  2386.   6.1   9.0   1.000   1.2   4.4
   1 1957  42  1926.   2.9   7.6   0.890   4.3   0.3
   1 1957  43  2386.   5.6   7.7   0.820   4.3  11.5
   1 1957  44  1842.   5.1   9.0   1.040   4.3   3.8
   1 1957  45  1842.   4.7   7.6   0.810   8.6   9.1
   1 1957  46  3643.  -0.8   5.9   0.760   1.2   2.2
   1 1957  47  5652.   1.1   6.1   0.570   4.3   0.6
   1 1957  48  2386.   0.0   5.8   0.690   4.3   0.3
   1 1957  49  6280.   0.0   6.7   0.740   1.2   5.7
   1 1957  50  2470.   0.1   5.1   0.680   4.3   0.5
   1 1957  51   795.   0.6   1.8   0.610   2.5   5.8
   1 1957  52  5652.  -0.1   4.8   0.610   1.2  15.0
   1 1957  53  7955.   0.8   6.7   0.640   2.5   0.0
   1 1957  54  3852.  -2.3   2.4   0.570   2.5   0.0
   1 1957  55  3391.  -0.1   7.0   0.840   1.2  11.6
   1 1957  56  2010.   3.0   7.0   0.820   1.2   1.0
   1 1957  57  3391.   3.2   8.4   0.970   2.5   3.8
   1 1957  58  7118.   0.6   7.6   0.550   1.2   0.3
   1 1957  59 10634.  -1.6   6.6   0.630   1.2   0.0
   1 1957  60 10844.   0.0   7.6   0.650   2.5   0.0
   1 1957  61  9630.   0.6   9.5   0.610   2.5   0.0
   1 1957  62 10174.   1.0  12.4   0.760   2.5   0.0
   1 1957  63  8625.   1.5  11.3   0.860   1.2   0.0
   1 1957  64 10090.   1.1   9.5   0.820   2.5   0.0
   1 1957  65  3894.   4.0  10.8   1.000   1.2   0.0
   1 1957  66  3140.   8.2  11.6   1.100   2.5   5.1
   1 1957  67  5694.   7.3  13.2   1.130   1.2   0.7
   1 1957  68  5862.   8.9  13.6   1.340   1.2   7.2
   1 1957  69  9965.   6.0  12.3   1.010   4.3   0.0
   1 1957  70 10969.   5.3  15.1   1.020   2.5   0.0
   1 1957  71 11262.   5.7  17.7   1.120   1.2   0.0
   1 1957  72 12853.   6.6  20.0   0.940   1.2   0.0
   1 1957  73  8918.   7.9  13.8   0.940   6.3   0.0
   1 1957  74  1465.   8.3  11.3   1.120   6.3   0.5
   1 1957  75  1549.   9.3  10.3   1.170   6.3   8.7
   1 1957  76  1047.  10.0  11.4   1.250   6.3   9.4
   1 1957  77  8499.   8.6  11.8   1.010   4.3  20.5
   1 1957  78  3266.   7.7  11.9   1.220   6.3   2.1
   1 1957  79  6699.   9.2  15.1   1.120   8.6   0.3
   1 1957  80 11430.   5.3  12.2   0.890   4.3   2.2
   1 1957  81 15156.   2.9  14.6   0.840   1.2   0.0
   1 1957  82  4522.   7.7  13.7   1.040   4.3   0.0
   1 1957  83 10258.   7.8  13.0   1.010   4.3   0.7
   1 1957  84  7243.   7.8  13.0   0.860   2.5   0.6
   1 1957  85  5192.   5.6  13.9   1.320   4.3   0.0
   1 1957  86  3726.   8.2  12.4   1.220   6.3   1.8
   1 1957  87  9378.   5.3  11.0   0.720   4.3   8.0
   1 1957  88 12895.   5.9  11.9   0.940   1.2   0.0
   1 1957  89  3852.   3.2   8.7   0.810   1.2   0.0
   1 1957  90  6741.   3.2   8.8   0.850   1.2   0.0
   1 1957  91 15868.   4.3  14.0   0.850   6.3   0.0
   1 1957  92  9462.   4.3  12.1   1.060   1.2   0.0
   1 1957  93 16622.   1.8  15.2   1.020   2.5   0.1
   1 1957  94 14235.   5.0  18.6   1.020   1.2   0.0
   1 1957  95 15701.   4.0  22.7   0.980   1.2   0.0
   1 1957  96 11262.   6.9  13.9   0.820   4.3   0.0
   1 1957  97 14654.   4.1  13.6   0.930   2.5   0.1
   1 1957  98 19887.  -0.1  11.5   0.570   6.3   0.0
   1 1957  99 16329.   0.2  13.1   0.860   2.5   0.0
   1 1957 100 11514.   2.3  10.2   0.810   4.3   0.0
   1 1957 101 17166.   1.0   8.8   0.640   6.3   1.3
   1 1957 102 14486.   0.4   7.2   0.760   4.3   1.9
   1 1957 103 16580.   0.1   7.3   0.490   6.3   2.6
   1 1957 104 17082.   0.7   8.8   0.530   6.3   4.2
   1 1957 105 13858.   2.5  13.9   0.960   2.5   0.0
   1 1957 106 13523.   3.8  14.8   0.980   4.3   0.0
   1 1957 107 19217.   3.6  17.6   0.920   4.3   0.0
   1 1957 108  6866.   8.1  13.4   1.090   4.3   0.0
   1 1957 109 21897.   7.5  13.3   0.880   6.3   2.3
   1 1957 110 15156.   3.2  13.8   0.960   0.1   0.0
   1 1957 111 22986.   3.8  15.8   0.450   4.3   0.0
   1 1957 112 19427.   5.0  17.2   0.640   2.5   0.0
   1 1957 113 16831.   6.8  18.7   0.750   2.5   0.0
   1 1957 114 15617.   6.6  18.2   1.000   4.3   0.0
   1 1957 115 16203.   6.0  13.7   0.890   6.3   0.7
   1 1957 116 17794.   3.2  16.0   0.960   4.3   0.8
   1 1957 117 20641.   5.8  20.1   1.040   2.5   0.0
   1 1957 118 14696.   6.2  21.0   1.450   1.2   0.0
   1 1957 119  8332.   8.9  13.7   1.080   2.5  17.1
   1 1957 120 22651.   4.9  12.1   0.690   6.3   0.2
   1 1957 121 24200.   1.6  14.0   0.740   4.3   0.0
   1 1957 122 10467.   7.8  13.1   1.100   2.5   0.3
   1 1957 123 17291.   5.9  15.2   1.010   1.2   0.8
   1 1957 124 15198.   5.0  10.0   0.560   6.3   0.7
   1 1957 125 19427.   0.3   7.9   0.570   8.6   8.0
   1 1957 126 16203.   1.4   9.8   0.670   8.6   2.4
   1 1957 127 25246.   0.0   9.2   0.490   4.3   3.7
   1 1957 128 26796.  -1.1  11.0   0.610   2.5   0.5
   1 1957 129 17208.   4.9  15.4   0.720   2.5   0.0
   1 1957 130 21353.   5.6  20.2   0.920   2.5   0.0
   1 1957 131 15156.   8.6  20.5   1.300   2.5   1.2
   1 1957 132 21018.  11.4  18.5   1.020   6.3   2.7
   1 1957 133 17501.   8.7  18.2   1.020   4.3   6.6
   1 1957 134 21101.   7.9  20.8   1.250   2.5   2.4
   1 1957 135 12770.  12.0  21.2   1.480   1.2   0.0
   1 1957 136 12686.   9.0  18.4   1.300   1.2   3.5
   1 1957 137 20767.   7.6  19.1   1.260   2.5   2.7
   1 1957 138 21060.   8.8  21.1   1.220   1.2   0.0
   1 1957 139  6866.  11.4  16.8   1.300   1.2   1.7
   1 1957 140 24242.   7.8  16.9   1.010   1.2   2.9
   1 1957 141 15575.  10.0  15.0   1.080   6.3   0.6
   1 1957 142 15659.   5.8  13.5   0.890   4.3   0.0
   1 1957 143  6448.   2.0  12.7   1.200   4.3   0.2
   1 1957 144 13188.   8.4  17.0   1.220   4.3   5.9
   1 1957 145 28931.   6.8  17.0   0.780   8.6   0.0
   1 1957 146 29517.   4.3  15.7   0.590   8.6   0.0
   1 1957 147 25581.   4.1  16.7   0.730   4.3   0.0
   1 1957 148 19050.   4.8  17.9   0.980   2.5   0.0
   1 1957 149 22651.   3.9  17.0   1.130   4.3   0.0
   1 1957 150 11137.   4.6  13.1   1.060   2.5   0.0
   1 1957 151 29391.   2.8  16.9   1.090   1.2   0.0
   1 1957 152 25958.   5.9  21.2   1.360   2.5   0.0
   1 1957 153 25958.   8.7  24.9   1.330   1.2   0.0
   1 1957 154 14821.  11.4  25.1   1.700   1.2   0.0
   1 1957 155 14905.  11.2  20.9   1.300   6.3   1.8
   1 1957 156 12477.  10.2  14.3   1.170   6.3   2.3
   1 1957 157 20180.   7.6  17.0   1.020   4.3   0.7
   1 1957 158 18841.   8.3  18.5   1.090   2.5   0.0
   1 1957 159 14193.  11.8  22.0   1.400   1.2   0.0
   1 1957 160 23153.  11.3  22.2   1.480   2.5   9.2
   1 1957 161 15952.  11.8  21.6   1.610   1.2   2.6
   1 1957 162  8248.  11.8  16.6   1.050   6.3  11.6
   1 1957 163 25833.   6.6  17.9   0.960   6.3   0.8
   1 1957 164 29684.   6.6  22.5   1.020   4.3   0.0
   1 1957 165 27968.  11.1  27.0   1.440   4.3   0.0
   1 1957 166 28847.  15.0  28.6   1.250   6.3   0.0
   1 1957 167 28721.  13.9  28.3   1.200   6.3   0.0
   1 1957 168 26796.  15.9  29.9   1.360   4.3   0.0
   1 1957 169 24409.  17.6  31.0   1.540   1.2   0.0
   1 1957 170 12937.  15.8  26.8   1.780   4.3   9.8
   1 1957 171 14026.  13.8  20.6   1.450   2.5   0.0
   1 1957 172 28638.  10.3  22.9   1.330   4.3   0.0
   1 1957 173 18338.  10.6  19.0   1.050   4.3   0.0
   1 1957 174 23362.  11.0  17.5   0.900   4.3   0.1
   1 1957 175 13649.   7.6  16.2   0.850   4.3   0.0
   1 1957 176 17124.   9.2  16.3   1.210   1.2   1.3
   1 1957 177 17417.   7.6  19.8   1.880   2.5   4.5
   1 1957 178 17291.   8.9  23.0   1.500   6.3   0.4
   1 1957 179 27424.  13.9  30.1   1.730   2.5   0.0
   1 1957 180 21646.  17.4  32.9   1.730   4.3   0.0
   1 1957 181 22986.  18.2  34.9   1.860   1.2   0.0
   1 1957 182 20013.  19.2  32.4   1.940   4.3   0.0
   1 1957 183 24032.  15.4  25.9   1.640   2.5   0.5
   1 1957 184 17501.  15.8  28.9   2.330   2.5   0.0
   1 1957 185 21813.  18.4  32.2   1.780   4.3   9.7
   1 1957 186 24870.  18.2  29.5   1.650   1.2   0.0
   1 1957 187 23823.  17.3  32.0   2.140   2.5   0.0
   1 1957 188 24325.  20.3  30.1   1.770   6.3   0.0
   1 1957 189 25163.  14.9  25.5   2.460   1.2   0.0
   1 1957 190 15282.  15.1  22.8   1.400   1.2   0.0
   1 1957 191 12225.  13.7  20.3   1.490   2.5   0.0
   1 1957 192 20348.  10.5  22.2   1.420   1.2   2.8
   1 1957 193 12058.  12.0  24.4   1.930   4.3  12.3
   1 1957 194 15659.  12.7  20.0   1.300   4.3   1.4
   1 1957 195 22274.  14.5  22.6   1.290   4.3   3.3
   1 1957 196 11639.  11.8  19.3   1.580   4.3   0.3
   1 1957 197 13440.  12.0  20.1   1.570   1.2   3.9
   1 1957 198 22651.  10.3  23.7   2.210   2.5   0.3
   1 1957 199  9630.  14.3  19.9   1.920   4.3   0.0
   1 1957 200 19385.  14.5  23.0   1.990   2.5   5.9
   1 1957 201 14947.  12.5  21.2   1.780   1.2   1.5
   1 1957 202 20180.  10.8  22.0   1.400   1.2   5.0
   1 1957 203 11346.  11.8  19.6   1.520   6.3   0.0
   1 1957 204 11262.  12.7  19.5   1.640   4.3   5.0
   1 1957 205 11807.  13.7  22.1   1.300   2.5   0.1
   1 1957 206  8164.  15.4  20.1   1.780   4.3   1.4
   1 1957 207  6155.  15.0  19.8   1.880   6.3   1.6
   1 1957 208 14110.  13.2  19.0   1.300   2.5   8.8
   1 1957 209 18254.  12.2  20.6   1.360   4.3   2.8
   1 1957 210  9378.  13.5  18.8   1.600   4.3  12.0
   1 1957 211 12393.  13.9  22.0   1.650   2.5   1.4
   1 1957 212 22316.   9.7  23.8   1.500   1.2   0.0
   1 1957 213 23823.  12.8  24.1   1.770   4.3   0.0
   1 1957 214 24409.   9.8  21.9   1.380   2.5   0.0
   1 1957 215 18045.   7.8  21.1   1.400   2.5   0.0
   1 1957 216 24702.  12.2  21.9   1.410   1.2   0.0
   1 1957 217 23907.  11.5  25.7   1.580   2.5   0.0
   1 1957 218  7662.  16.4  24.2   2.100   0.1   0.0
   1 1957 219 10383.  14.2  22.4   1.780   2.5   0.1
   1 1957 220  9588.  13.1  22.6   1.820   2.5   0.1
   1 1957 221 10174.  15.6  23.7   1.880   2.5   7.1
   1 1957 222 10006.  15.8  21.0   1.730   6.3   7.4
   1 1957 223 10006.  16.0  18.5   1.800   6.3   3.0
   1 1957 224 11137.  14.3  20.7   1.780   2.5  11.6
   1 1957 225 14696.  13.6  21.8   1.770   2.5   0.0
   1 1957 226 17082.  11.8  22.1   1.560   4.3   0.0
   1 1957 227 10593.  14.4  19.0   1.560   2.5  15.7
   1 1957 228  4061.  12.7  15.0   1.360   4.3   4.9
   1 1957 229  6238.  13.7  17.2   1.640   4.3  24.4
   1 1957 230  8374.  13.8  17.9   1.540   4.3  10.4
   1 1957 231 16035.  11.0  20.8   1.650   4.3  13.8
   1 1957 232  3726.  15.2  18.5   1.960   4.3   4.9
   1 1957 233 11262.  13.4  19.2   1.580   4.3  10.1
   1 1957 234 17961.   9.6  19.5   1.540   4.3   0.4
   1 1957 235 17082.   7.8  21.7   1.280   2.5   0.0
   1 1957 236 17417.  15.0  18.4   1.160   8.6   1.5
   1 1957 237  8876.  11.6  18.2   1.160  13.8   0.2
   1 1957 238 13356.  11.8  17.5   1.410   6.3  10.0
   1 1957 239 13188.  11.7  18.4   1.330   4.3   5.5
   1 1957 240 17920.  11.2  17.5   1.460   6.3   1.0
   1 1957 241 16705.   9.4  17.6   1.210   4.3   0.3
   1 1957 242  9295.   9.7  18.8   1.100   4.3   0.0
   1 1957 243  9839.  12.3  17.1   1.290   4.3   1.7
   1 1957 244  3936.  12.0  16.7   1.570   1.2   4.5
   1 1957 245 11932.  11.8  16.5   1.360   4.3   7.3
   1 1957 246 12602.   6.8  15.9   1.300   1.2   1.8
   1 1957 247 14821.   5.9  18.9   1.210   1.2   0.2
   1 1957 248 12853.  13.3  20.6   1.600   4.3   6.2
   1 1957 249 12309.  11.3  20.6   1.340   2.5   0.0
   1 1957 250 14821.  14.3  25.0   1.770   6.3   0.0
   1 1957 251  4438.  13.4  21.7   1.440   2.5   0.3
   1 1957 252 11556.  12.6  19.4   1.330   4.3   8.8
   1 1957 253  7913.  11.3  18.4   1.660   4.3   0.0
   1 1957 254  5192.  13.7  18.7   1.610   6.3  10.8
   1 1957 255 10551.   9.9  14.8   1.320   8.6  11.0
   1 1957 256  8374.   8.8  14.4   1.090   8.6  19.5
   1 1957 257  3349.   9.4  12.3   1.330   8.6  16.2
   1 1957 258  8164.   8.0  13.8   1.140   4.3   8.7
   1 1957 259 10593.   8.1  14.5   1.180   6.3   5.8
   1 1957 260  2303.   9.3  15.0   1.570   1.2   9.1
   1 1957 261  2470.  13.3  15.2   1.530   2.5   9.8
   1 1957 262  2512.  11.8  16.2   1.600   4.3   3.6
   1 1957 263 14486.   8.0  17.0   1.160   4.3   0.7
   1 1957 264  4019.   9.2  17.2   1.690   1.2   0.0
   1 1957 265  4773.  14.7  18.8   1.820   4.3   9.9
   1 1957 266  6071.  14.6  17.8   1.660   4.3   4.1
   1 1957 267  4396.   9.6  15.4   1.180   2.5  16.8
   1 1957 268  8332.   7.9  13.6   0.960   2.5   1.5
   1 1957 269 14193.   8.3  15.7   0.920   2.5   4.2
   1 1957 270  6699.   7.0  15.0   1.100   6.3   0.0
   1 1957 271  6531.  11.3  15.6   1.380   4.3   0.1
   1 1957 272  4815.   7.1  13.6   1.140   4.3  12.7
   1 1957 273 10300.   4.1  13.7   1.220   1.2   0.7
   1 1957 274 11556.   2.5  13.5   1.160   2.5   0.4
   1 1957 275 13942.   0.9  14.8   0.940   1.2   0.0
   1 1957 276  5192.   6.4  13.4   1.010   2.5   0.1
   1 1957 277 11262.   4.6  12.9   0.860   2.5   0.3
   1 1957 278  5234.   5.4  15.5   1.300   2.5   0.0
   1 1957 279  8918.  12.4  18.0   1.520   2.5   0.0
   1 1957 280  9797.   8.1  17.2   1.360   1.2   0.1
   1 1957 281 10006.   5.7  16.8   1.420   1.2   0.0
   1 1957 282  3726.   6.7  11.2   1.180   1.2   0.3
   1 1957 283  9211.  10.3  17.0   1.420   1.2   0.0
   1 1957 284  4438.  11.6  18.5   1.610   1.2   0.0
   1 1957 285  6155.  11.4  15.2   1.140   0.1   1.8
   1 1957 286  5778.   3.9  13.9   1.180   1.2   0.0
   1 1957 287  5108.   5.3  13.2   1.300   0.1   0.2
   1 1957 288  6699.   5.5  14.2   1.240   2.5   0.0
   1 1957 289  7494.   6.6  17.1   1.440   1.2   0.4
   1 1957 290  6029.   8.9  14.5   1.300   2.5   4.8
   1 1957 291  2470.  12.0  16.8   1.530   6.3   1.2
   1 1957 292  2596.   9.9  16.4   1.160   2.5   7.4
   1 1957 293  7704.   4.9  13.6   1.060   4.3   0.2
   1 1957 294  1047.   8.1  11.4   1.140   6.3   1.9
   1 1957 295  6071.   5.4  11.5   0.970   4.3   3.6
   1 1957 296  4605.   4.1  10.9   1.100   4.3   0.7
   1 1957 297  1340.  10.0  13.2   1.440   2.5   0.9
   1 1957 298  3559.  11.4  14.8   1.400   1.2   1.7
   1 1957 299  5485.  10.4  15.5   1.020   1.2   0.0
   1 1957 300  3098.   9.2  13.6   1.220   1.2   0.0
   1 1957 301  3391.   8.8  13.0   1.210   6.3   0.0
   1 1957 302  2177.  11.2  12.8   1.340   6.3   0.0
   1 1957 303  3182.  11.9  14.9   1.540   2.5   6.2
   1 1957 304  1424.  11.9  13.6   1.260   6.3   0.9
   1 1957 305  5485.   8.5  12.8   0.920   6.3   8.5
   1 1957 306  5485.   5.8  10.2   0.930   6.3   0.0
   1 1957 307  3308.   6.2  12.6   0.940   8.6   0.0
   1 1957 308  1926.   9.6  13.4   1.220  11.1   3.7
   1 1957 309  2177.  10.0  12.9   1.040   6.3   6.1
   1 1957 310  5443.   6.9  12.2   1.120   2.5   1.1
   1 1957 311  3559.   6.5  10.2   0.940   1.2   0.1
   1 1957 312  3349.   4.7   8.1   0.730   4.3   0.0
   1 1957 313  2847.   4.8   7.8   0.730   6.3   0.0
   1 1957 314   921.   6.8   8.8   0.940   1.2   0.2
   1 1957 315  1130.   7.1  11.5   1.000   4.3   0.0
   1 1957 316  4187.   7.8  11.2   1.050   4.3   0.0
   1 1957 317   879.   3.6   7.8   0.720   2.5   0.0
   1 1957 318   921.   2.3   3.8   0.640   2.5   0.0
   1 1957 319  3224.   1.7   6.6   0.720   2.5   0.0
   1 1957 320  1926.   4.8   9.5   1.000   2.5   0.1
   1 1957 321   544.   6.5   9.8   0.940   1.2   2.1
   1 1957 322   670.   2.6   7.6   0.920   1.2   0.2
   1 1957 323   544.   3.0   5.4   0.730   2.5   0.1
   1 1957 324   879.   2.2   3.7   0.560   1.2   0.0
   1 1957 325   754.  -4.0   2.2   0.510   0.1   0.0
   1 1957 326   586.  -0.5   4.0   0.770   1.2   1.9
   1 1957 327   754.   1.2   8.0   0.900   2.5   6.2
   1 1957 328  2889.   0.8   8.0   0.930   2.5   0.3
   1 1957 329  1047.   3.6   6.8   0.840   2.5   0.1
   1 1957 330   502.   6.0   7.8   0.860   2.5   0.0
   1 1957 331   963.   7.0  10.6   1.100   2.5   0.0
   1 1957 332   670.   7.9  10.1   1.140   4.3   0.0
   1 1957 333   963.   4.0  10.2   0.970   1.2   0.2
   1 1957 334  3936.  -1.1   4.0   0.430   1.2   0.0
   1 1957 335  4019.  -4.7   1.1   0.550   4.3   0.0
   1 1957 336  2052.  -4.9   3.4   0.470   1.2   0.0
   1 1957 337  2303.  -1.8   5.4   0.640   1.2   0.0
   1 1957 338  3266.  -3.3   4.8   0.630   2.5   0.0
   1 1957 339   879.  -0.4   4.7   0.820   0.1   1.3
   1 1957 340  1089.   2.9   4.3   0.760   1.2   0.2
   1 1957 341   335.   0.8   4.0   0.610   4.3   0.5
   1 1957 342  1758.   2.3  12.0   0.880  11.1  11.1
   1 1957 343  2680.   2.6   9.0   0.760   1.2   8.1
   1 1957 344  3349.  -0.3   5.1   0.600   2.5   1.0
   1 1957 345  1089.  -0.9   4.0   0.610   4.3   0.2
   1 1957 346  1214.   3.0   5.6   0.810   1.2   6.6
   1 1957 347   795.   1.2   5.1   0.650   1.2   4.0
   1 1957 348   712.  -0.8   2.5   0.600   2.5   0.7
   1 1957 349  1758.  -2.4   0.8   0.590   1.2   3.0
   1 1957 350  1424. -10.3  -2.4   0.330   2.5   0.0
   1 1957 351   879.  -5.4  -2.8   0.440   2.5   0.0
   1 1957 352  1298.  -3.0  11.0   0.600   4.3   0.0
   1 1957 353  2052.   0.6   6.0   0.810   2.5   7.0
   1 1957 354  1884.   0.9   6.8   0.820   6.3   0.2
   1 1957 355   712.   5.8   8.9   0.920   2.5   0.3
   1 1957 356  1800.   4.7   8.5   0.920   2.5   2.4
   1 1957 357   795.   0.8   5.8   0.770   2.5   0.1
   1 1957 358  2135.   3.9   8.3   0.810   1.2   8.8
   1 1957 359  2303.   1.3   7.7   0.930   1.2   0.0
   1 1957 360   586.   2.6   4.8   0.770   1.2   0.0
   1 1957 361   502.   2.6   5.5   0.860   1.2   0.0
   1 1957 362   209.   5.2   7.6   0.980   4.3   0.0
   1 1957 363  1172.   2.3   6.9   0.840   8.6   2.8
   1 1957 364   670.   4.8   7.5   0.810   8.6   0.0
   1 1957 365  1675.   2.8   6.9   0.850   4.3   3.5
