*---------------------------------------------------------------------------*
* Station name: Wageningen (Haarweg), Netherlands
* Year: 1965
* Author: Peter Uithol                                     -99.000: NIL VALUE
* Source: Natuur- en Weerkunde via Nel van Keulen
* Comments: Humidity measured as dew point temperature at 14.00 h.
* Longitude: 5 40 E, latitude: 51 58 N, altitude: 7 m.
*
* Column  Daily value
* 1       station number
* 2       year
* 3       day
* 4       irradiation                   (kJ m-2 d-1)
* 5       minimum temperature           (degrees Celsius)
* 6       maximum temperature           (degrees Celsius)
* 7       early morning vapour pressure (kPa)
* 8       mean wind speed (height: 2 m) (m s-1)
* 9       precipitation                 (mm d-1)
*---------------------------------------------------------------------------*
   5.67  51.97     7. 0.00 0.00
   1 1965   1  1549.   1.7   7.5   0.774   3.0  13.2
   1 1965   2  2763.   0.2   5.8   0.696   0.7   0.1
   1 1965   3  3391.  -3.4   4.7   0.615   1.8   1.6
   1 1965   4  4689.  -5.9   3.8   0.585   0.5   0.0
   1 1965   5  1633.  -6.0   2.7   0.696   3.3   0.0
   1 1965   6   502.   1.8   3.8   0.866   3.4   1.0
   1 1965   7   502.   3.8   5.8   0.961   3.0   7.3
   1 1965   8   502.   4.3   8.8   1.058   4.3  11.1
   1 1965   9  2596.   2.8   8.8   0.721   4.9   9.3
   1 1965  10   628.   1.9   7.6   0.866   2.7   9.1
   1 1965  11  1633.   2.4   8.0   0.747   3.3   5.6
   1 1965  12  2052.   1.2   7.9   0.696   2.9   0.0
   1 1965  13  3182.   2.5   8.3   0.758   4.8   0.2
   1 1965  14  2386.   4.3   7.2   0.585   6.0   2.9
   1 1965  15   544.   2.4   6.4   0.774   4.7   0.8
   1 1965  16  1214.   0.6   5.8   0.696   4.8   5.1
   1 1965  17  1675.   1.0  11.0   0.706   7.9   8.6
   1 1965  18  1549.   3.0   8.5   0.681   6.8   5.8
   1 1965  19  3475.   0.5   6.1   0.666   3.2   0.8
   1 1965  20  3391.  -1.2   5.5   0.493   3.4   0.1
   1 1965  21  1842.  -1.9   1.5   0.602   1.9   0.0
   1 1965  22   879.  -2.0   1.0   0.629   2.8   0.0
   1 1965  23  3475.   0.5   3.8   0.681   2.1   2.7
   1 1965  24   879.  -1.1   5.5   0.802   2.3   0.1
   1 1965  25   712.   2.4   5.2   0.842   3.8   3.7
   1 1965  26  1842.   0.4   6.0   0.559   2.9   0.6
   1 1965  27  2052.  -1.0   2.5   0.547   1.1   0.4
   1 1965  28  2386.  -4.0  -0.2   0.451   2.1   0.3
   1 1965  29  1298.  -4.2  -1.3   0.602   2.4   0.0
   1 1965  30  1298.  -1.3   0.6   0.572   3.1   0.5
   1 1965  31  3936.  -2.4   0.9   0.493   1.1   0.0
   1 1965  32  3726.  -7.5   3.5   0.696   1.5   0.0
   1 1965  33  5652.  -6.5   4.8   0.585   1.0   0.3
   1 1965  34  1507.  -6.0   4.4   0.802   3.0   0.0
   1 1965  35  1926.   1.6   5.0   0.785   2.2   2.2
   1 1965  36  3894.   2.7   6.6   0.802   4.4   1.7
   1 1965  37  1758.   1.0   7.6   0.758   1.6   0.0
   1 1965  38  3726.  -0.4   5.3   0.731   3.2   0.0
   1 1965  39  6280.   2.0   7.4   0.437   4.1   0.0
   1 1965  40  7913.  -6.0   4.4   0.504   1.3   1.3
   1 1965  41  1800.  -6.0   3.0   0.831   3.1   0.5
   1 1965  42  2763.   2.5   6.4   0.681   2.2   2.6
   1 1965  43  2973.   3.3   6.8   0.785   4.1   0.0
   1 1965  44  5275.   4.0   6.7   0.451   7.5   6.7
   1 1965  45  5820.   0.9   6.3   0.602   4.9   1.6
   1 1965  46  5527.  -0.2   5.0   0.652   3.1   2.1
   1 1965  47  6322.  -4.1   5.4   0.412   1.1   1.5
   1 1965  48  6364.  -3.3   4.5   0.412   2.6   0.0
   1 1965  49  7704.  -4.6   0.6   0.412   1.8   0.0
   1 1965  50  4815.  -2.6   3.1   0.547   1.1   0.0
   1 1965  51  7536.  -2.0   3.5   0.451   3.4   0.2
   1 1965  52  2345.  -1.5   1.5   0.493   1.4   0.0
   1 1965  53  3098.  -1.9  -0.5   0.585   1.3   0.1
   1 1965  54  3224.  -1.1   1.7   0.638   1.1   0.6
   1 1965  55  1842.  -0.1   3.5   0.681   1.0   0.0
   1 1965  56  6322.  -4.4   3.3   0.629   2.1   0.0
   1 1965  57  7118.  -7.5   5.5   0.531   2.4   0.2
   1 1965  58  5652.  -3.2   4.5   0.437   2.8   1.0
   1 1965  59  5275.   0.6   5.0   0.559   1.9   0.1
   1 1965  60  3601.  -2.5   6.0   0.531   2.4   0.0
   1 1965  61  4773.  -3.5   2.5   0.345   5.3   0.0
   1 1965  62 11639. -11.8  -1.1   0.264   0.1   0.0
   1 1965  63  8834.  -7.4   1.0   0.504   1.4   0.0
   1 1965  64  9546.  -6.6   1.5   0.602   1.3   0.0
   1 1965  65  9337.  -5.6   2.0   0.652   1.1   0.0
   1 1965  66  6992.  -7.0   2.9   0.652   0.4   0.0
   1 1965  67  4145.  -2.4   3.4   0.721   1.5   0.0
   1 1965  68  3559.  -0.2   6.4   0.531   0.4   0.5
   1 1965  69 10802.  -1.6   4.4   0.399   2.6   0.0
   1 1965  70 11723.  -2.5   6.4   0.479   2.6   0.0
   1 1965  71 12016.  -0.6  11.9   0.479   2.9   0.0
   1 1965  72 12435.   0.2  13.2   0.373   2.8   0.0
   1 1965  73  2973.   2.2  15.9   1.164   2.4   0.5
   1 1965  74  3726.   7.3  11.0   1.073   2.8   3.4
   1 1965  75  8248.   7.3  12.2   0.885   5.2   3.8
   1 1965  76  8499.   4.8  12.5   0.802   3.1   4.8
   1 1965  77  4647.   6.6  11.5   1.016   2.1   1.4
   1 1965  78  6824.   4.8  10.5   0.585   2.7   0.4
   1 1965  79  7411.  -1.5   8.4   0.547   2.3   0.0
   1 1965  80  2470.   1.9   7.4   0.696   2.5   9.6
   1 1965  81 14821.  -5.5   4.3   0.602   2.2   3.4
   1 1965  82  6448.   1.5   8.0   0.961   2.1   1.4
   1 1965  83  2219.   5.5  13.1   0.774   3.4   8.2
   1 1965  84  7787.   3.3   8.0   0.696   3.1   0.4
   1 1965  85  6448.   3.9   9.1   0.638   3.1   9.9
   1 1965  86  2931.   4.0  10.1   1.095   3.1   0.0
   1 1965  87 14947.   5.1  11.3   1.148   1.8   0.4
   1 1965  88 15324.   1.5  16.4   1.706   0.5   0.0
   1 1965  89 17040.  -1.0  21.2   0.758   2.3   0.1
   1 1965  90 18296.  -3.6  14.2   0.602   1.4   0.0
   1 1965  91 16203.   2.0  15.5   0.813   1.9   0.0
   1 1965  92 16622.  -2.9  15.5   0.802   0.5   0.0
   1 1965  93 15533.  -1.7  19.3   0.802   1.2   0.0
   1 1965  94 13105.  -0.5  17.9   0.988   1.5   0.0
   1 1965  95 11179.   1.5  12.6   0.910   0.9   0.1
   1 1965  96  4354.   4.7  17.1   1.002   0.7   0.6
   1 1965  97  5401.   3.5  10.5   0.885   1.2   5.5
   1 1965  98  6615.   6.0  11.4   0.922   1.6   2.4
   1 1965  99 10090.   2.3  10.1   0.747   0.9   0.0
   1 1965 100  5945.   2.7  10.5   1.133   3.3   0.0
   1 1965 101 17752.   3.5  14.4   0.785   2.8   4.2
   1 1965 102  8541.   6.5  12.1   1.030   4.4   2.1
   1 1965 103 18171.   3.5  12.0   0.638   2.2   9.6
   1 1965 104 14654.  -1.3  11.1   0.681   0.9   0.2
   1 1965 105  2931.   3.0  11.7   1.164   2.4   5.8
   1 1965 106 13565.   7.0  11.0   0.802   2.7   6.1
   1 1965 107  1968.   3.2  11.5   1.125   4.0   1.0
   1 1965 108 12937.   6.0  10.1   0.572   3.9  20.7
   1 1965 109 17208.   3.1   9.4   0.615   2.8   4.8
   1 1965 110 12519.  -2.1   7.5   0.747   1.9   0.4
   1 1965 111  7369.   3.9  13.0   1.095   3.3   0.6
   1 1965 112 14486.   2.1  12.6   0.961   1.6   2.4
   1 1965 113 11891.   5.5  13.2   1.110   1.5   0.8
   1 1965 114 11807.   5.5  14.0   1.403   2.5   0.0
   1 1965 115 11304.   0.5  13.2   1.030   1.0   4.7
   1 1965 116  7704.   1.5  11.2   0.854   2.1   5.4
   1 1965 117  8876.   5.0  10.0   0.774   1.3   3.7
   1 1965 118 15031.  -0.4  10.1   0.758   0.9   0.3
   1 1965 119  6992.   5.0  13.6   1.073   2.3  10.6
   1 1965 120 10467.  -0.8  14.1   0.897   1.4   0.4
   1 1965 121 13565.  -0.9  14.0   0.831   2.4   0.0
   1 1965 122 11514.   8.0  16.7   1.188   3.0   0.0
   1 1965 123  6071.  10.3  18.8   0.988   2.9   0.9
   1 1965 124  5903.  11.0  15.0   1.180   3.4  10.6
   1 1965 125  9546.   9.5  14.4   1.044   5.0  20.5
   1 1965 126  6448.   8.3  14.2   0.885   3.4   0.9
   1 1965 127  4061.   7.6  12.0   1.313   3.5   4.0
   1 1965 128  4312.  10.2  13.9   1.376   5.0   3.4
   1 1965 129  7327.  11.3  14.0   0.922   5.5  15.2
   1 1965 130 10844.   8.7  12.9   0.774   4.7   4.3
   1 1965 131 16915.   7.0  11.4   0.922   2.9   0.0
   1 1965 132 21060.  -1.3  12.8   0.774   1.8   0.0
   1 1965 133 21060.   4.0  18.2   1.340   0.5   0.0
   1 1965 134 19510.   9.7  22.4   1.589   1.0   0.0
   1 1965 135 20055.   7.8  25.0   1.376   1.7   0.0
   1 1965 136  8750.  11.0  24.5   1.422   1.5   2.2
   1 1965 137  7536.  11.5  17.1   1.538   2.0   1.4
   1 1965 138 14444.  10.4  17.0   1.180   3.3   4.6
   1 1965 139 22316.   2.6  16.8   0.731   2.4   1.4
   1 1965 140 19469.   1.1  11.5   0.758   1.7   0.5
   1 1965 141 20097.   0.6  12.0   0.731   1.3   1.5
   1 1965 142 21269.   7.2  16.4   0.774   3.0   0.0
   1 1965 143 14403.   9.9  19.4   1.125   3.5   0.1
   1 1965 144 20432.  10.3  19.4   1.044   1.6   0.3
   1 1965 145 14528.   6.7  20.1   1.188   1.1   1.9
   1 1965 146  9002.   5.0  16.5   1.245   0.9  22.1
   1 1965 147 13942.   3.6  15.6   1.180   0.3   1.4
   1 1965 148 11137.   9.5  16.0   0.988   3.5   0.0
   1 1965 149 23320.   9.2  18.3   1.296   3.6   0.2
   1 1965 150 18464.   4.5  18.9   1.148   2.0   0.1
   1 1965 151 12058.   6.6  16.1   1.002   0.9   0.0
   1 1965 152 14403.   7.1  13.4   1.002   1.2   0.2
   1 1965 153 21604.   2.7  18.7   1.016   1.8   0.0
   1 1965 154  7829.   4.0  18.6   1.030   1.1   0.0
   1 1965 155 17794.   8.5  13.2   0.885   1.8   0.0
   1 1965 156 16077.   4.5  15.2   1.499   1.5   0.0
   1 1965 157  4396.  10.0  20.2   1.538   0.8   1.1
   1 1965 158 21478.   7.0  16.4   1.164   0.8   0.2
   1 1965 159  7494.  13.3  20.9   1.528   1.4   2.5
   1 1965 160  5778.  11.5  18.5   1.589   2.3   4.5
   1 1965 161 24535.   6.4  17.0   1.394   2.3   1.0
   1 1965 162 12853.  11.3  19.5   1.188   1.2   0.0
   1 1965 163  6908.   7.2  17.1   1.125   1.0   2.9
   1 1965 164 12895.  12.5  19.1   1.674   1.9   1.2
   1 1965 165 12351.  13.5  20.6   1.569   0.5   0.0
   1 1965 166 21143.  11.3  21.4   1.450   1.6   0.0
   1 1965 167  8206.  16.1  25.3   1.313   2.0  11.0
   1 1965 168 17417.  11.4  19.0   1.110   4.4  50.6
   1 1965 169  4731.  10.9  17.7   1.785   4.8   3.4
   1 1965 170 19176.  12.8  19.0   1.460   4.0   1.9
   1 1965 171 21101.  10.6  19.4   1.499   1.3   0.0
   1 1965 172 23823.   7.6  21.2   1.322   1.5   0.0
   1 1965 173 10634.  15.0  24.9   1.579   2.9   0.0
   1 1965 174 19510.  12.6  21.0   1.188   2.8   7.4
   1 1965 175 19636.  11.9  21.0   1.204   2.7   0.3
   1 1965 176 23530.  12.7  20.9   1.376   1.8   0.0
   1 1965 177 19887.  14.6  25.9   0.854   3.5   0.0
   1 1965 178 15575.   9.8  19.9   1.164   1.9   0.0
   1 1965 179 23195.   5.2  18.5   1.188   1.9   0.0
   1 1965 180 11514.   8.2  20.9   1.518   1.3   0.0
   1 1965 181 20683.   9.9  22.0   1.518   1.9   0.0
   1 1965 182 21897.  11.2  24.5   1.016   2.8   0.0
   1 1965 183  7829.   5.9  17.8   1.188   2.3   0.0
   1 1965 184 14654.   6.5  17.5   1.245   2.5   0.0
   1 1965 185 14528.   6.5  15.6   1.002   1.5   0.3
   1 1965 186 17459.   4.5  14.6   0.910   2.4   0.2
   1 1965 187  6741.  11.0  16.5   1.110   2.8   2.7
   1 1965 188 11011.  11.9  16.2   1.296   2.5   0.0
   1 1965 189 10634.   9.6  19.5   1.073   3.1  24.0
   1 1965 190  8248.   7.7  16.0   1.148   2.5   2.9
   1 1965 191 14444.   9.4  15.7   1.296   1.9   4.0
   1 1965 192 11556.  12.8  17.8   1.685   3.3   0.5
   1 1965 193  6783.  16.2  19.7   1.808   3.4  16.7
   1 1965 194 19008.  14.4  19.4   1.808   1.5   5.1
   1 1965 195 12937.  12.0  24.8   2.312   0.8   0.7
   1 1965 196 12686.  13.3  24.6   2.092   0.9   1.5
   1 1965 197  3852.  12.5  22.9   1.685   2.7  12.5
   1 1965 198 18422.  13.1  16.6   1.610   2.3   6.0
   1 1965 199  8583.   8.0  22.1   1.518   0.9   0.0
   1 1965 200 20976.  14.5  18.9   1.610   0.9   0.0
   1 1965 201 17208.  16.5  24.8   1.820   1.5   0.0
   1 1965 202 10467.  14.3  25.3   1.538   1.0   6.2
   1 1965 203  9211.  12.8  20.3   1.685   1.6   0.5
   1 1965 204 10258.  12.4  19.1   1.674   1.6   3.3
   1 1965 205 18841.  12.5  18.4   1.270   4.4   3.0
   1 1965 206 18003.  11.1  19.5   1.422   2.6   0.0
   1 1965 207  5568.  12.6  18.9   1.489   2.9   0.8
   1 1965 208  6908.  13.0  16.0   1.262   3.4   6.5
   1 1965 209  5903.  12.9  16.4   1.431   3.6   4.2
   1 1965 210  6950.  13.4  16.9   1.685   4.8   7.5
   1 1965 211 17585.  12.5  19.0   1.164   4.2   4.8
   1 1965 212 17040.   7.0  16.9   0.988   1.4   0.0
   1 1965 213 17794.   7.9  16.9   1.180   2.2   0.0
   1 1965 214 16747.  10.0  18.4   1.016   2.7   0.1
   1 1965 215  8667.  12.8  19.8   1.518   3.7  14.1
   1 1965 216 13816.  13.0  19.1   1.579   1.9   2.5
   1 1965 217 20390.  12.6  21.3   1.808   2.4   0.0
   1 1965 218 13984.  14.5  28.3   1.340   1.9   0.0
   1 1965 219 15701.  12.9  20.8   1.180   1.8   0.0
   1 1965 220 10048.  11.6  20.2   1.340   1.1   8.7
   1 1965 221 18715.   9.0  18.5   1.110   0.9   3.7
   1 1965 222 20264.   9.2  19.4   0.961   1.6   0.0
   1 1965 223 20934.  10.5  21.1   1.030   1.8   0.0
   1 1965 224 21729.   7.4  22.1   1.133   2.2   0.0
   1 1965 225 19678.  10.4  21.8   1.080   3.0   0.0
   1 1965 226 20055.  12.9  23.0   2.027   2.9   0.0
   1 1965 227  5234.  12.1  24.5   1.717   1.0   0.0
   1 1965 228 18799.  12.0  19.7   1.663   0.6   2.3
   1 1965 229 17208.   9.7  24.8   1.610   1.1   0.0
   1 1965 230 17543.  14.5  24.2   1.376   0.7   0.0
   1 1965 231 15198.  12.5  24.4   1.717   1.1   0.0
   1 1965 232  6657.  14.8  23.0   1.796   1.3   0.8
   1 1965 233  6238.   8.7  20.1   1.270   1.6  10.5
   1 1965 234  4940.  13.1  17.1   1.631   1.2   5.8
   1 1965 235  9253.  11.7  17.5   1.538   1.2   9.9
   1 1965 236 13440.  12.5  20.1   1.313   1.9   0.4
   1 1965 237 13440.  13.6  19.9   1.262   4.5  10.6
   1 1965 238  9965.  10.5  17.0   1.376   2.0   4.6
   1 1965 239 12895.  10.9  17.6   1.460   1.3   4.4
   1 1965 240 11891.   4.1  19.6   1.489   1.0   0.1
   1 1965 241 15324.  11.3  20.1   1.164   2.9   5.7
   1 1965 242 15826.   9.7  18.5   1.058   2.5   1.7
   1 1965 243  4396.  10.5  17.6   1.313   1.5   1.1
   1 1965 244 13272.   5.3  13.2   1.164   1.0   6.9
   1 1965 245  5192.   6.9  17.2   1.431   2.2   1.1
   1 1965 246  7159.  13.0  16.0   1.296   2.8  26.9
   1 1965 247  8248.  11.6  18.1   1.322   3.2   9.9
   1 1965 248  7871.  11.6  18.3   1.287   1.1   0.2
   1 1965 249  4480.   7.7  15.4   1.296   0.7   0.7
   1 1965 250  6238.   5.0  12.7   1.322   1.3   3.3
   1 1965 251 10676.   9.5  16.1   1.148   3.3   0.9
   1 1965 252 12351.   9.9  18.7   1.016   3.2   1.7
   1 1965 253 13356.   6.9  16.8   1.044   2.4   3.0
   1 1965 254  5527.   7.7  16.5   1.220   2.4   0.2
   1 1965 255  7159.   9.5  12.8   1.313   1.2   0.5
   1 1965 256  8248.   9.5  16.3   1.287   0.6   3.0
   1 1965 257 11681.   5.9  16.6   1.296   0.8   0.0
   1 1965 258  9965.   7.5  18.0   1.469   1.0   0.0
   1 1965 259 12895.  10.0  20.0   1.367   1.7   0.0
   1 1965 260  6490.  13.1  22.1   1.843   1.5   0.2
   1 1965 261  3977.  13.9  20.3   1.220   4.5   0.2
   1 1965 262  9462.   9.1  15.1   1.148   1.4   3.8
   1 1965 263 13021.   2.7  17.4   0.975   0.5   0.0
   1 1965 264 11723.   3.5  19.3   1.220   0.7   0.0
   1 1965 265 12351.   7.1  19.4   1.340   0.7   0.0
   1 1965 266 11179.   4.5  21.5   1.528   0.9   0.0
   1 1965 267 11681.   9.0  21.1   1.489   2.0   0.0
   1 1965 268 10802.  12.8  22.9   1.080   3.4   0.0
   1 1965 269  3643.  13.5  24.3   1.431   2.1   0.0
   1 1965 270  9085.   8.8  16.1   1.148   0.8   0.3
   1 1965 271  9295.   6.5  19.5   1.188   1.2   0.0
   1 1965 272  6071.   7.6  16.2   1.204   1.9   0.0
   1 1965 273  2847.   9.3  15.6   1.460   1.9   0.4
   1 1965 274  8583.  11.7  16.0   1.287   1.5   3.6
   1 1965 275  6573.   7.6  18.9   1.270   1.5   0.0
   1 1965 276  7955.   7.1  17.4   1.262   1.3   0.7
   1 1965 277  9588.   8.5  17.3   1.296   2.1   0.0
   1 1965 278  9295.  11.0  20.2   1.538   2.8   0.0
   1 1965 279  8039.   9.5  21.4   1.579   1.7   0.1
   1 1965 280  8834.   8.5  20.5   1.855   0.9   0.0
   1 1965 281  3098.  11.0  23.4   1.164   1.3   0.0
   1 1965 282  9462.   6.5  14.3   0.922   1.6   0.0
   1 1965 283 10425.   0.5  13.9   0.897   1.3   0.0
   1 1965 284  3475.   1.2  14.9   1.245   0.5   0.0
   1 1965 285  3643.   7.0  13.5   0.961   0.5   0.0
   1 1965 286  7787.  -0.2  14.8   1.133   0.1   0.0
   1 1965 287  6071.   0.0  16.3   1.287   0.9   0.1
   1 1965 288  1340.   4.5  17.3   1.394   1.4   0.0
   1 1965 289  8918.   2.5  12.9   1.016   1.1   8.4
   1 1965 290  5275.   0.1  14.5   0.831   0.4   0.1
   1 1965 291  8415.  -0.5  13.0   1.030   1.0   0.0
   1 1965 292  8667.   3.0  14.8   0.885   2.6   0.0
   1 1965 293  8206.   5.0  13.5   0.785   3.5   0.0
   1 1965 294  7327.   4.1  13.5   0.747   2.6   0.0
   1 1965 295  7369.   2.2  14.3   0.666   2.1   0.0
   1 1965 296  6866.   2.1  12.5   0.706   1.9   0.0
   1 1965 297  6490.  -1.5  11.5   0.785   2.8   0.0
   1 1965 298  6531.   1.5  13.5   0.922   1.4   0.0
   1 1965 299  6490.  -2.6  12.5   1.148   1.0   0.0
   1 1965 300  5275.   2.6  16.1   1.188   2.0   0.2
   1 1965 301  6699.   8.6  17.4   1.349   3.0   0.0
   1 1965 302  6741.   8.3  19.0   0.831   3.1   1.2
   1 1965 303  2261.   5.0  12.9   0.910   3.9   0.0
   1 1965 304  2177.   7.0  12.0   0.988   3.6   1.8
   1 1965 305  2931.   8.1  12.9   1.044   6.4   5.0
   1 1965 306  3014.   7.1  15.0   1.002   4.2   5.5
   1 1965 307  4857.   0.7  10.0   0.731   1.1   3.5
   1 1965 308  6196.  -1.0   9.5   0.731   0.5   0.1
   1 1965 309  6364.  -3.5  10.2   0.785   0.4   0.1
   1 1965 310  6573.  -6.4  10.6   0.638   2.0   0.0
   1 1965 311  5485.  -4.0  10.2   1.228   2.5   0.0
   1 1965 312  4815.   5.6  16.0   1.125   1.0   0.0
   1 1965 313  3559.  -0.2  13.9   1.044   1.6   0.0
   1 1965 314  1256.   4.3  10.8   0.948   1.5   0.0
   1 1965 315  1926.   5.7   8.3   0.866   2.6   0.2
   1 1965 316  5527.   0.1   8.0   0.412   2.9   0.2
   1 1965 317  5234.  -4.3   4.5   0.399   2.3   0.0
   1 1965 318  4145.  -9.1   0.9   0.384   1.0   0.0
   1 1965 319  5610.  -9.0  -0.6   0.345   0.9   0.0
   1 1965 320  4061. -10.5   0.4   0.384   2.7   0.0
   1 1965 321  1842.  -8.3  -0.6   0.332   4.3   0.0
   1 1965 322  2847.  -2.9   1.5   0.721   3.1   8.2
   1 1965 323   963.   1.2   4.1   0.615   1.5   1.5
   1 1965 324   293.  -2.4   1.9   0.520   1.9   4.3
   1 1965 325   670.  -2.5  -1.0   0.572   2.8   2.4
   1 1965 326  5443.  -8.1   0.3   0.504   0.2   0.9
   1 1965 327  2554.  -6.9   0.3   0.465   1.8   0.0
   1 1965 328  1591.  -4.9   3.0   0.706   6.4   8.8
   1 1965 329  1172.  -1.5   4.0   0.774   3.6   6.3
   1 1965 330  3852.  -0.6   6.0   0.547   4.5  10.1
   1 1965 331  1382.   0.0   4.5   0.885   4.0   2.0
   1 1965 332  3140.   0.3   6.5   0.638   4.8  13.3
   1 1965 333   293.  -0.6   5.5   0.747   4.6   0.1
   1 1965 334  1591.   1.1   8.2   0.547   7.2  23.2
   1 1965 335  2261.  -0.1   4.5   0.681   4.4  15.6
   1 1965 336   712.   0.0   5.5   0.652   3.9   1.6
   1 1965 337  1256.   0.6   6.0   0.802   3.1   5.6
   1 1965 338  2010.   3.3   6.5   0.785   1.2   1.3
   1 1965 339   419.   2.6   5.9   1.245   4.0   6.0
   1 1965 340  3224.   4.5  12.4   0.652   6.5   9.9
   1 1965 341  1256.   3.6   6.5   0.747   3.8   1.4
   1 1965 342  2638.   0.9   5.3   0.696   3.5   4.3
   1 1965 343   251.   1.5   5.2   0.988   6.6   7.3
   1 1965 344   837.   4.9   9.0   0.731   5.4  30.6
   1 1965 345  2428.   2.0   6.2   0.696   3.7   3.5
   1 1965 346  1214.   1.6   5.5   0.731   1.8   0.9
   1 1965 347   377.   2.5   6.0   1.073   3.2   4.3
   1 1965 348  1633.   2.5   9.4   0.866   1.1  10.5
   1 1965 349  2386.   2.2   7.5   0.731   2.8   0.0
   1 1965 350  1172.   0.9   5.4   0.731   2.2   0.0
   1 1965 351   754.   1.0   7.0   0.885   3.3   0.8
   1 1965 352   419.   5.5  12.0   1.322   7.9  19.8
   1 1965 353   377.  11.4  12.9   1.180   5.1  11.0
   1 1965 354  1424.   2.1  11.5   0.842   0.8   6.3
   1 1965 355  2512.   2.0   5.6   0.802   2.3   0.9
   1 1965 356  2261.   1.7   6.5   0.706   1.8   6.5
   1 1965 357  1047.   2.3   6.9   0.652   3.4   0.0
   1 1965 358   628.   0.9   5.8   0.831   2.6  20.7
   1 1965 359   963.   4.6   7.0   0.747   1.4   3.8
   1 1965 360  2889.  -1.0   5.0   0.652   2.4   0.3
   1 1965 361  1130.  -1.4   4.6   0.520   0.8   0.1
   1 1965 362  2428.  -4.4  -1.1   0.638   0.8   0.1
   1 1965 363  2596.  -2.5   2.6   0.531   2.8   0.8
   1 1965 364  1047.  -1.0   2.0   0.774   4.9   2.5
   1 1965 365  1968.   2.0   5.2   0.885   3.1   3.3
