*-------------------------------------------------------------*
* Station name: Wageningen (Haarweg), Netherlands
* Year: 1991                                -99.000: NIL VALUE
* Author: Willem Stol and L. Filippo D'Antuono
* Source: Natuur- en Weerkunde
*
* Comments: Missing values are exchanged with daily weather
*           data from synoptic station de Bilt, Netherlands
*
* Longitude: 5 40 E, latitude: 51 58 N, altitude: 7 m.
*
* Column  Daily value
* 1       station number
* 2       year
* 3       day
* 4       irradiation                   (kJ m-2 d-1)
* 5       minimum temperature           (degrees Celsius)
* 6       maximum temperature           (degrees Celsius)
* 7       early morning vapour pressure (kPa)
* 8       mean wind speed (height: 2 m) (m s-1)
* 9       precipitation                 (mm d-1)
*-------------------------------------------------------------*
   5.67  51.97     7. 0.00 0.00
   1 1991   1  3230.   1.5   6.5   0.720   4.3   1.1
   1 1991   2   750.   6.1  12.3   1.100   7.4  27.4
   1 1991   3  2010.   6.8   9.2   0.900   4.6   9.1
   1 1991   4  3290.   4.3   9.2   0.760   5.4   3.0
   1 1991   5   910.   2.7   7.7   0.730   7.0   4.4
   1 1991   6  2580.   4.9   6.8   0.650   8.3   1.0
   1 1991   7  2370.   4.9   8.8   0.780   5.3   1.7
   1 1991   8  2830.   3.3  11.1   0.820   6.1   6.4
   1 1991   9  2370.   4.5  10.3   0.840   6.8   6.5
   1 1991  10  1410.   6.8  12.6   0.940   7.6   3.7
   1 1991  11  1990.   4.4   9.0   0.850   5.3   1.9
   1 1991  12   840.   0.0   4.8   0.700   2.2   1.5
   1 1991  13  4740.  -2.8   5.5   0.580   1.2   0.0
   1 1991  14  4670.  -1.0   2.3   0.480   5.0   0.0
   1 1991  15  5070.  -1.5   4.2   0.240   6.2   0.0
   1 1991  16  4690.  -3.4   2.1   0.320   4.6   0.0
   1 1991  17  4310.  -3.0   4.3   0.420   3.1   0.0
   1 1991  18  4440.  -1.7   4.4   0.500   3.0   0.0
   1 1991  19  1220.  -1.5   4.5   0.600   2.4   2.8
   1 1991  20  1630.  -1.7   4.5   0.630   3.1   0.3
   1 1991  21  3400.   1.7   7.1   0.750   2.8   0.8
   1 1991  22  2530.  -0.1   5.0   0.690   2.7   0.5
   1 1991  23   620.  -0.9   0.7   0.560   1.6   0.0
   1 1991  24  1500.  -4.3   1.6   0.520   1.1   0.0
   1 1991  25   780.  -4.9   2.1   0.560   0.9   0.0
   1 1991  26   660.   1.0   2.8   0.610   1.0   0.1
   1 1991  27  2160.   0.9   5.4   0.640   1.3   0.0
   1 1991  28  3640.  -0.9   4.5   0.590   2.5   0.0
   1 1991  29  4980.  -5.8   2.0   0.500   2.4   0.0
   1 1991  30  4320.  -6.1   2.3   0.470   2.8   0.0
   1 1991  31  5380.  -5.2   1.4   0.420   2.6   0.0
   1 1991  32  4930.  -8.5  -0.5   0.390   1.6   0.0
   1 1991  33  6470. -10.2   1.2   0.300   1.1   0.0
   1 1991  34  5370. -11.0  -2.4   0.280   1.9   0.0
   1 1991  35  5840.  -9.4   0.7   0.300   2.5   0.0
   1 1991  36  6380.  -3.5   2.2   0.430   3.6   0.0
   1 1991  37  5220. -12.2  -2.7   0.220   5.0   0.0
   1 1991  38  2580. -12.3  -5.4   0.270   5.1   0.0
   1 1991  39  2370.  -9.4  -4.5   0.300   4.6   0.2
   1 1991  40  6040. -14.9  -3.6   0.310   2.3   0.0
   1 1991  41  4330.  -6.9  -3.3   0.370   1.0   0.1
   1 1991  42  3660.  -4.8  -1.2   0.450   2.4   2.2
   1 1991  43  4490.  -9.7   0.1   0.410   0.8   1.3
   1 1991  44  6390.  -9.6  -1.1   0.380   1.6   0.1
   1 1991  45  6310. -11.5   1.0   0.450   2.2   0.2
   1 1991  46  1920.  -2.0   2.2   0.570   5.4   5.7
   1 1991  47  5840.  -0.1   2.8   0.530   2.7   0.4
   1 1991  48  8520.  -3.4   4.2   0.470   0.7   0.0
   1 1991  49  3560.  -5.1   3.8   0.540   1.0   0.0
   1 1991  50 10150.  -8.5   4.1   0.440   1.0   0.0
   1 1991  51  2650.  -3.0   2.6   0.630   2.4   0.0
   1 1991  52  3430.   0.3   7.2   0.670   3.0   0.0
   1 1991  53  7360.   2.2   7.3   0.690   5.1   0.1
   1 1991  54  1640.   6.5  11.5   0.950   6.4   0.4
   1 1991  55  9660.   3.7  14.0   0.830   3.1   0.0
   1 1991  56  4870.   3.7   9.0   0.920   1.4   0.6
   1 1991  57  9250.  -1.2  11.5   0.760   2.9   0.0
   1 1991  58  5730.   0.5   5.7   0.590   4.3   0.0
   1 1991  59  1360.   0.7   3.9   0.610   4.2   1.2
   1 1991  60  7810.   0.5   8.5   0.680   1.8   2.4
   1 1991  61  3390.   2.2   6.1   0.750   1.7   0.5
   1 1991  62  8530.   2.3  10.0   0.750   3.2   0.0
   1 1991  63  9980.  -2.1  13.1   0.740   3.4   0.0
   1 1991  64  3820.   6.6  12.1   1.030   3.2   4.5
   1 1991  65  7850.   8.4  16.0   1.030   3.8   1.2
   1 1991  66  4650.  10.8  15.8   0.990   3.8   0.2
   1 1991  67  4160.   8.7  13.6   1.010   2.9   0.1
   1 1991  68  3220.   6.7  12.1   1.050   1.8   0.0
   1 1991  69  9370.   7.3  15.7   0.950   2.9   0.0
   1 1991  70  6880.   7.4  14.1   1.060   2.1   0.0
   1 1991  71 11740.   3.2  16.3   0.990   1.8   0.0
   1 1991  72 13220.   1.9  17.4   0.860   1.5   0.0
   1 1991  73 11520.   4.1  17.8   0.990   2.4   0.1
   1 1991  74  2190.   7.1  10.8   1.080   2.1   0.0
   1 1991  75  8060.   8.3  15.8   1.070   3.2   0.0
   1 1991  76  4720.   2.2  13.0   1.000   1.3   0.0
   1 1991  77  7110.   1.5  12.4   0.990   2.6   0.0
   1 1991  78  1940.   8.7  13.3   1.150   6.7   6.0
   1 1991  79  7940.   8.9  14.5   1.180   5.3   1.2
   1 1991  80  6970.   5.0  13.7   0.990   4.2   0.1
   1 1991  81 12290.   0.4  10.6   0.750   1.6   1.0
   1 1991  82 13000.  -3.5  11.0   0.610   1.5   0.0
   1 1991  83 12520.   1.4  12.0   0.690   2.7   0.0
   1 1991  84 16220.   2.2  10.9   0.600   5.8   0.0
   1 1991  85  9590.   4.1  11.7   0.600   6.4   0.0
   1 1991  86 17500.   2.4  13.5   0.660   3.7   0.0
   1 1991  87  9350.   0.6  11.3   0.630   1.6   0.0
   1 1991  88 17890.  -2.5  10.8   0.520   2.4   0.0
   1 1991  89 16900.  -4.1  11.2   0.570   1.4   0.0
   1 1991  90 11390.   5.2  11.9   0.910   2.2   0.0
