*---------------------------------------------------------------------------*
* Station name: Wageningen (Haarweg), Netherlands
* Year: 1979
* Author: Peter Uithol                                     -99.000: NIL VALUE
* Source: Natuur- en Weerkunde via Nel van Keulen
* Comments:
* Longitude: 5 40 E, latitude: 51 58 N, altitude: 7 m.
*
* Column  Daily value
* 1       station number
* 2       year
* 3       day
* 4       irradiation                   (kJ m-2 d-1)
* 5       minimum temperature           (degrees Celsius)
* 6       maximum temperature           (degrees Celsius)
* 7       early morning vapour pressure (kPa)
* 8       mean wind speed (height: 2 m) (m s-1)
* 9       precipitation                 (mm d-1)
*---------------------------------------------------------------------------*
   5.67  51.97     7. 0.00 0.00
   1 1979   1  5410. -18.8  -6.3   0.122   0.5   0.4
   1 1979   2  1520. -16.9  -6.2   0.148   3.1   0.0
   1 1979   3  3410. -16.5  -3.3   0.143   1.5   0.0
   1 1979   4  3210. -12.5  -4.0   0.192   2.9   0.0
   1 1979   5  4140. -18.0  -8.1   0.135   1.4   0.2
   1 1979   6  4030. -19.4  -8.0   0.112   2.2   0.1
   1 1979   7  2390.  -8.9  -0.1   0.231   4.0   3.3
   1 1979   8   800.  -0.3   1.2   0.580   2.5   3.5
   1 1979   9   650.  -1.5   1.0   0.525   1.7   5.6
   1 1979  10  1250.  -1.6   1.6   0.500   4.1   2.6
   1 1979  11  1500.   0.1   1.4   0.578   3.7   2.4
   1 1979  12  2430.   0.3   2.1   0.543   4.7   1.1
   1 1979  13  5000.  -3.3   2.0   0.393   3.6   0.4
   1 1979  14  4380.  -7.4   0.2   0.287   2.1   0.0
   1 1979  15  5860. -12.9  -1.8   0.206   0.8   0.0
   1 1979  16  2190. -12.2  -3.9   0.230   1.5   0.0
   1 1979  17  2270.  -6.0  -2.6   0.378   2.0   0.0
   1 1979  18  3440.  -5.2  -1.6   0.336   4.2   0.0
   1 1979  19  4190.  -5.1  -1.3   0.301   5.1   0.0
   1 1979  20  3100.  -5.0  -1.0   0.337   4.0   7.5
   1 1979  21  1290.  -4.1  -1.6   0.410   2.3   0.3
   1 1979  22  1620.  -5.4  -4.0   0.372   2.8   0.0
   1 1979  23  1020.  -5.3  -0.7   0.391   2.5   5.2
   1 1979  24  3440.  -1.9   0.3   0.499   3.1   0.4
   1 1979  25  2970.  -1.1   1.1   0.451   5.3   0.0
   1 1979  26  3310.  -4.1   1.2   0.424   4.1   1.1
   1 1979  27  2730.  -7.7   0.0   0.315   1.6   0.0
   1 1979  28  3470.  -9.7  -3.5   0.284   0.7   0.0
   1 1979  29  3380.  -6.2   2.4   0.353   2.7   1.3
   1 1979  30  2150.   0.2   2.7   0.576   2.1   0.1
   1 1979  31  3460.   0.0   2.8   0.556   3.8   0.0
   1 1979  32  1980.   0.6   3.1   0.549   4.4   2.8
   1 1979  33  4260.  -0.5   3.7   0.495   2.1  12.6
   1 1979  34  6270.  -0.7   2.9   0.464   4.7   0.0
   1 1979  35  4320.  -1.7   2.4   0.480   2.3   0.0
   1 1979  36  4270.  -4.4   1.4   0.401   2.1   0.0
   1 1979  37  5910.  -6.3  -0.2   0.366   1.7   0.0
   1 1979  38  1290.  -3.1   1.6   0.447   3.4   2.2
   1 1979  39  7570.  -5.4   3.9   0.347   1.7   0.0
   1 1979  40  6680.  -6.0   1.8   0.328   1.8   0.0
   1 1979  41  7030.  -3.6   1.7   0.346   4.1   0.0
   1 1979  42  3450.  -1.8   3.9   0.289   5.0   1.0
   1 1979  43  1740.  -0.4   4.7   0.569   3.7   1.9
   1 1979  44  4280.   0.7   7.8   0.610   3.1  16.8
   1 1979  45  1960.  -6.5   0.7   0.327   5.4   1.5
   1 1979  46  2790.  -7.4  -6.1   0.280   4.5   0.3
   1 1979  47  4620.  -7.6  -4.2   0.286   3.9   0.0
   1 1979  48  4080.  -8.5  -5.5   0.264   3.5   0.4
   1 1979  49  3640.  -8.5  -4.4   0.264   1.2   0.0
   1 1979  50  3290.  -4.7  -0.4   0.362   1.5   0.0
   1 1979  51  4010.  -2.3  -0.3   0.490   1.9   0.0
   1 1979  52  2550.  -4.9  -2.0   0.416   1.0   0.0
   1 1979  53  2130.  -4.3   0.2   0.435   1.6   1.3
   1 1979  54  4070.  -0.2   2.8   0.572   2.2   2.7
   1 1979  55  8290.  -3.8   4.0   0.410   2.4   0.1
   1 1979  56  4060.  -3.9  -2.2   0.448   1.2   0.0
   1 1979  57  2900.  -3.7  -1.0   0.446   2.3   0.0
   1 1979  58  2950.  -3.2   2.8   0.429   2.3   0.0
   1 1979  59 10290.  -1.6   6.6   0.364   4.1   0.0
   1 1979  60  9960.  -0.5   5.8   0.495   3.9   0.1
   1 1979  61  1400.   1.9   7.9   0.666   4.4   2.8
   1 1979  62  2160.   7.6  10.3   0.940   5.0   2.6
   1 1979  63  4140.  -0.1   9.7   0.534   3.1   6.7
   1 1979  64 11230.  -0.9   8.7   0.469   2.0   0.0
   1 1979  65 10940.  -1.1   8.4   0.456   3.6   0.0
   1 1979  66  7220.   0.4   7.7   0.522   5.2   4.2
   1 1979  67  9280.   0.8   8.5   0.531   4.0   0.0
   1 1979  68  1330.   0.8   7.9   0.570   6.9  12.3
   1 1979  69 11790.   0.2   6.5   0.403   4.4   0.0
   1 1979  70  2760.   2.8  10.6   0.695   5.1   7.5
   1 1979  71  9940.   3.8   8.8   0.593   5.6   0.0
   1 1979  72  3970.   2.6   7.1   0.663   2.6   6.1
   1 1979  73  3750.   1.6   5.2   0.644   3.9   4.3
   1 1979  74  1480.   0.9   5.3   0.606   4.7   7.4
   1 1979  75  1830.   2.6   5.1   0.670   2.6   2.1
   1 1979  76 13530.   1.1   8.3   0.463   2.8   0.0
   1 1979  77  6660.  -2.1   6.0   0.455   2.3   0.0
   1 1979  78  2970.  -1.2   1.5   0.498   2.2   0.0
   1 1979  79 12970.  -0.8  11.2   0.472   2.3   0.0
   1 1979  80  8030.   1.9  10.5   0.588   4.9   0.4
   1 1979  81 12290.   1.0   8.9   0.532   5.3   6.9
   1 1979  82 14070.  -1.3   6.9   0.439   3.5   0.1
   1 1979  83 14710.  -2.7   6.8   0.360   2.4   0.0
   1 1979  84  4220.   4.9  13.9   0.693   5.6   3.9
   1 1979  85  8620.   4.7  11.5   0.598   7.0   0.8
   1 1979  86  7390.   3.1   9.4   0.641   5.6   7.9
   1 1979  87  6760.   2.3   8.7   0.620   5.2   4.4
   1 1979  88 13220.   1.4   9.3   0.520   3.0   0.0
   1 1979  89  2460.   3.2   5.5   0.699   4.4   0.9
   1 1979  90  8160.   3.2   6.9   0.592   2.8   0.1
   1 1979  91  6400.   4.9   9.0   0.736   3.0   0.4
   1 1979  92 10510.   4.0   8.3   0.651   3.4   2.1
   1 1979  93  4580.  -1.1   5.7   0.513   1.8   5.2
   1 1979  94  4850.  -2.1   3.4   0.492   2.0   0.3
   1 1979  95  8440.   1.6   6.8   0.583   2.1   0.0
   1 1979  96  7600.   1.6   7.6   0.596   2.3   0.9
   1 1979  97 18330.  -2.6  11.1   0.363   1.2   0.0
   1 1979  98 13930.  -1.1  11.2   0.406   2.4   0.0
   1 1979  99 17250.   3.9  15.7   0.501   4.2   0.0
   1 1979 100 18120.   7.3  19.8   0.665   4.2   0.0
   1 1979 101 17350.   8.6  18.6   0.794   3.2   0.3
   1 1979 102 16300.   7.8  16.5   0.783   2.9   0.4
   1 1979 103 19840.   4.4  18.4   0.544   2.6   0.0
   1 1979 104 19760.   5.1  21.4   0.562   2.8   0.0
   1 1979 105 16160.  10.4  21.1   0.757   2.7   0.0
   1 1979 106  3820.   4.2  13.8   0.685   3.7   1.8
   1 1979 107  4020.   4.2   8.1   0.685   3.4   0.0
   1 1979 108  7450.  -1.1   7.2   0.394   2.0   0.0
   1 1979 109 21710.  -5.1  12.0   0.255   1.5   0.0
   1 1979 110  5060.   4.6  10.1   0.746   3.4   4.4
   1 1979 111 12170.   4.9  13.0   0.684   3.9   2.2
   1 1979 112 11010.   6.9  11.4   0.726   3.6   0.7
   1 1979 113  7000.   6.6  12.2   0.819   4.7   2.4
   1 1979 114  9390.   3.7  11.3   0.669   3.7   3.6
   1 1979 115 13070.   1.5   9.3   0.572   1.8   2.1
   1 1979 116 11660.   3.5  11.2   0.659   2.0  12.9
   1 1979 117 12740.   1.2  11.2   0.526   2.4   0.1
   1 1979 118  5390.   0.9   7.4   0.574   3.1   2.5
   1 1979 119 10790.   4.1  11.4   0.696   4.4   1.5
   1 1979 120 15280.   2.0   9.3   0.501   5.5   6.9
   1 1979 121 11740.   2.6   8.1   0.574   3.6  10.1
   1 1979 122 12850.   0.4   6.6   0.528   5.4   9.3
   1 1979 123 14930.   0.9   9.2   0.489   3.3   3.5
   1 1979 124 16300.   0.1   9.4   0.492   1.6   0.5
   1 1979 125 11190.   2.4   7.1   0.588   1.7   1.7
   1 1979 126 11690.  -0.2   8.5   0.457   1.5   0.7
   1 1979 127 20160.  -2.3  13.4   0.346   2.8   0.0
   1 1979 128 23180.   5.0  16.8   0.515   2.2   0.0
   1 1979 129 24280.   1.5  18.2   0.456   2.7   0.0
   1 1979 130 19180.   5.1  12.6   0.527   1.6   0.0
   1 1979 131  3430.   7.0  12.6   0.922   3.5   7.1
   1 1979 132 11230.   7.2  14.7   0.884   1.6   0.0
   1 1979 133 22720.   3.3  20.4   0.604   1.0   0.0
   1 1979 134 25830.   7.1  24.5   0.757   1.1   0.0
   1 1979 135 25010.   9.9  26.6   0.683   1.7   0.0
   1 1979 136 24210.  13.6  26.7   0.888   3.3   0.0
   1 1979 137  8590.  10.0  14.3   1.007   3.4   1.2
   1 1979 138 19850.   8.0  15.8   0.783   2.5   0.0
   1 1979 139 27310.   6.5  17.8   0.620   2.4   0.0
   1 1979 140  6380.   9.7  18.8   0.927   3.6   0.4
   1 1979 141 11300.  10.5  17.5   0.902   4.9   3.1
   1 1979 142 19370.  10.0  17.2   0.872   3.6   0.6
   1 1979 143  9840.   9.2  16.2   0.978   2.7   6.0
   1 1979 144 10500.   6.7  13.3   0.795   1.6   0.1
   1 1979 145 11550.   6.8  13.1   0.810   3.4   2.4
   1 1979 146 18480.   6.3  20.4   0.735   4.0   3.9
   1 1979 147 13930.   7.8  16.8   0.857   2.6   1.7
   1 1979 148 24010.   6.9  19.4   0.657   3.1   0.0
   1 1979 149 11770.  14.4  23.1   1.297   2.2   6.3
   1 1979 150 21280.  15.1  26.0   1.340   2.0  15.4
   1 1979 151 23840.  14.1  27.0   1.304   2.4   1.7
   1 1979 152  6200.  12.6  16.9   1.343   2.5  60.4
   1 1979 153 19030.  11.5  25.2   1.100   2.2   0.0
   1 1979 154 20420.  18.1  29.7   1.393   2.2   3.2
   1 1979 155 18820.  16.8  27.7   1.494   2.0  37.1
   1 1979 156 10500.  12.5  19.9   1.276   2.2   0.0
   1 1979 157 19850.   8.5  19.5   0.833   2.0   0.0
   1 1979 158 18970.   8.6  18.5   0.861   1.6   3.1
   1 1979 159 14660.   8.7  17.8   0.900   2.9   0.1
   1 1979 160 20600.  10.6  19.6   0.985   2.2   0.0
   1 1979 161 26200.   8.7  19.6   0.810   2.7   0.0
   1 1979 162  8650.  10.7  19.7   1.158   3.4   6.4
   1 1979 163  9170.  10.6  16.3   1.074   2.1   0.0
   1 1979 164  7370.  10.6  16.9   1.176   2.8  21.6
   1 1979 165  4740.   8.8  14.5   0.974   4.5   7.1
   1 1979 166 17590.   7.2  13.7   0.803   2.5   1.6
   1 1979 167 22640.   4.7  18.6   0.615   2.0   0.0
   1 1979 168 12750.   6.3  17.6   0.783   1.6   0.0
   1 1979 169 24520.   6.0  19.8   0.729   1.9   0.0
   1 1979 170 21530.   7.9  22.0   0.842   1.3   0.0
   1 1979 171 26880.   9.3  24.4   0.867   1.1   0.0
   1 1979 172 22870.  11.0  26.4   0.919   1.2   0.5
   1 1979 173 11600.   9.5  18.7   0.962   2.1   0.0
   1 1979 174 20710.   6.7  21.6   0.687   1.9   0.0
   1 1979 175 10930.  10.8  18.4   1.088   3.2   6.0
   1 1979 176 16250.   9.6  18.3   0.873   3.5   0.6
   1 1979 177  8950.  11.3  16.9   1.112   1.8   0.2
   1 1979 178 19240.  10.3  20.2   0.915   1.3   0.0
   1 1979 179 23870.   7.4  21.5   0.731   2.3   0.0
   1 1979 180 12100.  10.8  19.4   1.011   3.5   0.4
   1 1979 181 15110.   9.2  16.3   0.826   3.6   0.1
   1 1979 182 11550.   6.8  15.2   0.731   2.0   0.2
   1 1979 183 14720.   8.1  17.5   0.778   1.2   0.0
   1 1979 184 19610.   7.9  20.9   0.778   1.3   0.0
   1 1979 185 14850.   9.5  17.0   0.891   1.8   0.0
   1 1979 186 15380.  11.4  19.9   0.998   0.9   0.0
   1 1979 187 18040.   8.7  21.7   0.844   1.5   0.0
   1 1979 188 16480.  11.2  21.7   1.038   3.3   2.2
   1 1979 189 21320.  13.0  20.5   1.094   3.5   0.1
   1 1979 190 14600.  11.6  19.5   1.080   3.8   2.1
   1 1979 191 18360.  10.2  19.3   0.822   1.5   0.0
   1 1979 192 15530.  11.8  20.7   0.942   2.1   0.0
   1 1979 193 28440.  12.7  24.2   0.823   3.6   0.0
   1 1979 194  9870.   9.9  22.2   0.903   2.1   0.0
   1 1979 195 20890.   6.1  22.5   0.706   2.0   0.0
   1 1979 196  7360.   8.7  16.3   0.945   1.3   0.3
   1 1979 197  6900.   8.0  17.0   0.933   2.8   0.2
   1 1979 198  9350.  14.8  21.5   1.449   2.8   0.7
   1 1979 199  7100.  12.7  19.5   1.293   3.5  12.0
   1 1979 200  7970.  11.7  16.1   1.128   3.6   0.0
   1 1979 201 14760.  13.1  18.1   1.086   3.5   0.0
   1 1979 202 10590.  10.8  17.5   1.063   3.7   7.5
   1 1979 203 15180.   8.5  17.6   0.833   3.9   0.0
   1 1979 204  5870.   9.7  16.2   1.047   2.0   0.2
   1 1979 205 19350.  11.0  20.1   0.972   3.0   0.3
   1 1979 206 15720.  13.2  22.1   1.199   2.9   0.0
   1 1979 207 23480.  12.0  24.3   1.024   2.0   0.0
   1 1979 208 20570.  10.0  25.7   0.823   1.1   0.0
   1 1979 209 21040.  11.7  27.2   0.935   1.1   0.0
   1 1979 210 11090.  16.3  22.5   1.577   3.4   5.3
   1 1979 211 13730.  14.2  22.5   1.280   3.7   0.1
   1 1979 212 11480.  13.4  22.1   1.184   3.2   0.2
   1 1979 213 10430.  13.0  19.3   1.259   3.7   4.4
   1 1979 214 17530.  13.5  20.9   1.161   4.6   0.0
   1 1979 215 18450.  11.4  21.6   1.038   2.8   0.0
   1 1979 216 15960.   8.6  19.8   0.939   1.1  14.5
   1 1979 217 23320.   7.2  21.9   0.711   1.5   0.0
   1 1979 218 19380.  14.8  25.8   1.112   2.0   0.0
   1 1979 219 13850.  14.8  24.5   1.196   1.6   0.0
   1 1979 220  9540.  10.8  18.1   1.076   3.3   0.5
   1 1979 221  4360.  10.4  14.6   1.161   3.1  19.3
   1 1979 222 13730.   9.0  18.3   0.930   2.8   1.5
   1 1979 223 14360.   9.3  18.8   0.996   1.0   0.0
   1 1979 224  4820.   9.0  16.2   1.079   1.6   0.7
   1 1979 225  8410.  12.3  21.2   1.302   1.7   0.0
   1 1979 226 17420.  15.6  26.8   1.224   4.0   0.2
   1 1979 227 17770.  12.5  20.2   0.986   2.6   0.0
   1 1979 228 10020.  12.8  18.4   1.183   1.6   1.2
   1 1979 229  9190.  12.0  18.2   1.193   3.5   3.6
   1 1979 230 13030.   8.0  21.2   0.891   1.2   0.0
   1 1979 231  6900.  11.9  18.9   1.241   2.1   0.0
   1 1979 232 10950.  11.1  18.5   1.124   1.9   0.0
   1 1979 233  6490.   6.7  17.1   0.854   2.3   1.8
   1 1979 234 14550.   7.7  18.8   0.788   2.7   0.0
   1 1979 235 17350.   8.4  18.5   0.794   2.7   4.5
   1 1979 236 11890.   9.0  16.7   0.896   2.4   0.4
   1 1979 237  8800.   7.2  17.4   0.914   1.8  28.5
   1 1979 238 14950.   6.4  18.3   0.798   1.7   2.7
   1 1979 239 11190.   9.0  16.0   0.930   3.3   1.0
   1 1979 240  9400.   8.8  16.0   0.872   2.4   0.0
   1 1979 241 19340.   7.1  21.7   0.726   0.9   0.0
   1 1979 242 19800.   8.8  24.9   0.714   2.3   0.0
   1 1979 243 16000.  12.5  24.9   1.059   1.4   0.0
   1 1979 244 15170.  10.6  27.0   0.972   1.6   0.0
   1 1979 245  8400.  12.8  22.6   1.228   3.3   0.2
   1 1979 246  6210.  11.6  16.1   1.203   3.9   7.0
   1 1979 247 10880.   7.4  19.1   0.844   1.6   0.0
   1 1979 248 17450.   6.0  20.8   0.711   1.5   0.0
   1 1979 249 18640.  12.4  23.3   0.893   2.9   0.0
   1 1979 250 11720.  11.7  22.4   1.128   1.5   0.0
   1 1979 251 13980.   9.6  24.4   0.969   1.2   0.0
   1 1979 252  9500.  13.1  21.7   1.222   1.1   1.3
   1 1979 253 14800.  11.5  22.0   1.086   1.2   0.0
   1 1979 254  7400.  11.7  19.8   1.211   2.8   0.0
   1 1979 255  4910.  10.9  15.8   1.200   1.7   0.0
   1 1979 256  8140.   5.4  16.9   0.700   2.9   0.0
   1 1979 257 13100.   4.0  17.1   0.602   2.8   1.1
   1 1979 258 15010.   1.9  15.0   0.497   2.0   0.0
   1 1979 259 17670.   1.5  16.0   0.463   1.6   0.0
   1 1979 260 12710.   7.6  19.8   0.700   3.2   0.0
   1 1979 261  3770.  13.2  17.3   1.321   5.8   3.8
   1 1979 262  2860.  15.0  18.0   1.553   3.5   3.1
   1 1979 263  7410.   8.2  18.1   0.892   3.1   0.4
   1 1979 264 15580.   2.6  15.9   0.516   2.5   0.0
   1 1979 265 10470.  -0.6  15.0   0.427   1.4   0.0
   1 1979 266 12980.  -0.8  16.0   0.432   0.6   0.0
   1 1979 267  9390.   3.1  15.9   0.618   1.3   0.0
   1 1979 268 13770.   0.4  16.3   0.453   1.7   0.0
   1 1979 269  6580.  11.7  18.9   1.142   2.9   0.0
   1 1979 270  3620.   2.7  16.4   0.653   1.6   0.9
   1 1979 271 11780.   1.9  15.8   0.518   1.4   0.0
   1 1979 272 14130.  -1.2  16.3   0.369   2.1   0.0
   1 1979 273 14220.   6.4  17.4   0.635   2.6   0.0
   1 1979 274 11780.   4.5  17.9   0.590   1.9   0.0
   1 1979 275 11540.   7.5  17.4   0.726   3.4   0.0
   1 1979 276  4980.   8.1  15.4   0.756   3.2   0.0
   1 1979 277  8130.  11.1  21.2   1.071   2.3   0.0
   1 1979 278  3090.  12.8  17.4   1.361   1.6   2.8
   1 1979 279  6880.  11.7  18.2   1.197   2.1   0.0
   1 1979 280  5940.   9.7  18.0   1.023   2.2   0.0
   1 1979 281  9700.   9.5  19.8   1.033   1.9   0.0
   1 1979 282 10250.  11.3  23.1   1.072   2.4   0.0
   1 1979 283  8900.  10.9  23.6   0.900   3.0   0.0
   1 1979 284  4680.  12.7  19.2   1.337   1.3   1.6
   1 1979 285  3470.   9.6  15.0   1.136   1.4  24.1
   1 1979 286  3510.  12.4  16.6   1.282   1.9   0.2
   1 1979 287  3670.   6.9  15.7   0.836   3.5   0.0
   1 1979 288  1300.   7.3  12.0   0.961   1.8   1.3
   1 1979 289  3880.   6.7  14.4   0.893   0.9   0.0
   1 1979 290  6420.   4.5  14.5   0.708   0.9   0.0
   1 1979 291  7760.   5.6  14.3   0.728   4.0   1.2
   1 1979 292  7000.   5.3  15.0   0.748   2.2   0.0
   1 1979 293  3130.   4.3  13.5   0.781   0.8   0.0
   1 1979 294  9550.   2.1  13.9   0.561   2.0   0.0
   1 1979 295 10150.   2.8  11.3   0.501   3.5   0.0
   1 1979 296  9710.   4.2  11.6   0.478   4.3   0.0
   1 1979 297  3470.   3.7  10.9   0.573   3.7   0.0
   1 1979 298  7990.   3.7  12.8   0.470   4.6   0.0
   1 1979 299  7700.   2.3  10.0   0.324   4.1   0.0
   1 1979 300  7890.   1.2   9.0   0.333   3.0   0.0
   1 1979 301  6110.   0.2   8.6   0.428   1.6   0.0
   1 1979 302  1550.   1.5   6.4   0.613   0.7   0.7
   1 1979 303  2950.   3.0  10.2   0.674   1.4   0.0
   1 1979 304   910.   7.4  11.1   0.906   3.5   4.7
   1 1979 305  4940.   3.5  13.5   0.691   2.4   0.4
   1 1979 306  5590.  -1.3  11.3   0.489   1.1   0.5
   1 1979 307  1960.  -1.1   8.7   0.513   3.1   1.7
   1 1979 308   820.   7.4  12.4   0.958   4.5  10.2
   1 1979 309  2360.   5.6  10.0   0.782   4.1  19.2
   1 1979 310  3340.   2.0  11.3   0.572   4.8   5.1
   1 1979 311  4370.   1.7  13.3   0.566   3.6   5.5
   1 1979 312  3490.   4.2  12.2   0.709   3.4   1.7
   1 1979 313  4510.   3.6   9.0   0.664   3.7   3.4
   1 1979 314  4990.   1.0   6.0   0.578   3.0   0.5
   1 1979 315  4480.   0.9   6.6   0.580   3.9   0.1
   1 1979 316   610.  -0.7   8.0   0.528   4.0   3.4
   1 1979 317  5730.  -2.4   7.7   0.445   1.5   0.0
   1 1979 318  2820.  -0.9   7.0   0.520   3.3   0.9
   1 1979 319  3580.   0.3   5.7   0.556   3.1   0.0
   1 1979 320  1000.  -1.0   4.2   0.511   1.8   0.0
   1 1979 321  2320.   1.9   5.6   0.609   2.8   0.0
   1 1979 322  1190.   1.7   7.1   0.635   3.4   3.3
   1 1979 323  2840.   1.4   9.7   0.642   1.5   0.6
   1 1979 324  3280.  -0.2   7.7   0.578   1.0   0.0
   1 1979 325  2740.  -0.7   5.6   0.569   1.0   0.0
   1 1979 326  3720.  -0.5   5.6   0.553   2.2   0.0
   1 1979 327  1430.   1.8   5.1   0.570   3.0   0.0
   1 1979 328  2060.   2.5   6.4   0.702   2.0   0.2
   1 1979 329  2570.   2.3   5.6   0.634   4.5   0.0
   1 1979 330  1180.   4.6  12.3   0.729   5.6   1.2
   1 1979 331  1460.   6.1  10.4   0.885   1.5   0.1
   1 1979 332  1360.   5.4  10.6   0.798   3.5   0.0
   1 1979 333  3260.   3.8   9.3   0.714   2.4   0.0
   1 1979 334  1860.   2.0  11.8   0.621   4.3   1.9
   1 1979 335  1590.   7.2  11.9   0.874   5.3   2.3
   1 1979 336  1130.   9.2  11.7   0.978   4.6   0.0
   1 1979 337  1030.   9.3  12.7   1.008   4.2   0.2
   1 1979 338  2220.   6.3  11.5   0.840   3.5   0.0
   1 1979 339   960.   3.9  14.3   0.622   5.1   3.7
   1 1979 340  1620.   3.0  10.8   0.712   1.5   0.0
   1 1979 341  2190.   8.9  11.7   0.992   2.8   2.9
   1 1979 342  1000.   9.1  12.0   1.052   4.0   1.3
   1 1979 343   860.   8.4  12.0   1.014   4.8   8.7
   1 1979 344  2520.   6.9  12.5   0.786   6.3   1.9
   1 1979 345   780.   5.4  11.0   0.798   4.8   9.4
   1 1979 346  3220.   0.6   5.6   0.536   2.5   0.1
   1 1979 347   770.   2.9   8.9   0.692   3.9   7.4
   1 1979 348   510.   6.0   9.8   0.767   6.4   8.5
   1 1979 349  1160.   5.4  10.0   0.709   7.1   5.1
   1 1979 350  1020.   3.2   7.5   0.607   6.6   0.9
   1 1979 351  1440.   5.5   9.4   0.659   7.9   1.1
   1 1979 352  2110.  -1.7   7.1   0.458   5.8   5.2
   1 1979 353  2940.  -3.6   4.8   0.435   1.3   0.1
   1 1979 354  3210.  -2.8   5.0   0.472   1.0   4.0
   1 1979 355  1810.  -5.5   0.8   0.369   3.4   0.1
   1 1979 356   800.  -3.4   0.9   0.447   3.7   0.0
   1 1979 357   400.   0.2   3.5   0.582   3.6   0.9
   1 1979 358  1930.   0.1   3.2   0.541   2.6   0.0
   1 1979 359  1580.  -0.6   5.6   0.549   1.9   0.0
   1 1979 360   800.  -1.7   0.5   0.518   3.6   0.0
   1 1979 361  1450.  -1.7   5.0   0.431   5.5   1.8
   1 1979 362   460.   1.7   6.9   0.622   5.1  13.1
   1 1979 363   430.   0.4   3.7   0.578   3.8   2.9
   1 1979 364   520.   0.3   3.7   0.568   4.0  10.8
   1 1979 365  2150.   0.1   4.7   0.547   3.2   1.7
