*---------------------------------------------------------------------------*
* Station name: Wageningen (Haarweg), Netherlands
* Year: 1958
* Author: Peter Uithol                                     -99.000: NIL VALUE
* Source: Natuur- en Weerkunde via Nel van Keulen
* Comments: Humidity measured in mBar at 14.00 h.,
*           wind speed in Beaufort at 14.00 h.
* Longitude: 5 40 E, latitude: 51 58 N, altitude: 7 m.
*
* Column  Daily value
* 1       station number
* 2       year
* 3       day
* 4       irradiation                   (kJ m-2 d-1)
* 5       minimum temperature           (degrees Celsius)
* 6       maximum temperature           (degrees Celsius)
* 7       early morning vapour pressure (kPa)
* 8       mean wind speed (height: 2 m) (m s-1)
* 9       precipitation                 (mm d-1)
*---------------------------------------------------------------------------*
   5.67  51.97     7. 0.00 0.00
   1 1958   1   335.   0.7   7.9   0.700   1.2   5.7
   1 1958   2  2386.  -0.2   2.5   0.600   1.2  16.9
   1 1958   3  2721.  -4.6  -0.2   0.480   2.5   0.0
   1 1958   4  1130.  -4.3   0.3   0.520   4.3   0.0
   1 1958   5   544.   0.1   8.0   0.940   6.3   0.8
   1 1958   6   963.   2.0  10.5   0.800   4.3  11.9
   1 1958   7   879.   2.0  10.4   0.720   6.3  10.9
   1 1958   8  2010.   0.3   6.0   0.820   4.3   4.0
   1 1958   9  2052.   4.9   7.9   0.900   8.6   8.3
   1 1958  10  2554.   3.0   7.0   0.440   4.3   2.1
   1 1958  11   544.   4.4   6.9   0.900   2.5   7.2
   1 1958  12  3098.   1.5   5.7   0.730   2.5   6.8
   1 1958  13  2428.   0.6   7.2   0.810   1.2   0.0
   1 1958  14   586.  -0.3   2.2   0.600   2.5   0.2
   1 1958  15  1758.  -1.0   2.4   0.630   1.2   0.0
   1 1958  16   628.   2.1   5.3   0.820   2.5   0.3
   1 1958  17   628.   4.7   7.2   0.980   2.5   0.3
   1 1958  18  1758.   0.8   6.0   0.670   6.3   0.6
   1 1958  19  1926.   0.0   6.5   0.560   8.6  12.1
   1 1958  20  2847.  -2.3   1.5   0.570   2.5   0.6
   1 1958  21  2219.   0.0   1.9   0.550   2.5   0.0
   1 1958  22   921.  -1.3   1.2   0.520  16.7   6.8
   1 1958  23  5862.  -4.5   0.0   0.590   1.2  21.0
   1 1958  24  2596.  -4.5  -0.2   0.550   1.2   1.0
   1 1958  25  3643.  -8.8  -0.3   0.470   1.2   0.2
   1 1958  26  1884.  -2.9   2.3   0.690   1.2   0.0
   1 1958  27  1591.   1.8   4.1   0.780   2.5   6.8
   1 1958  28  5694.   0.9   5.6   0.590   2.5   0.2
   1 1958  29  5401.  -1.6   8.1   0.680   1.2   0.0
   1 1958  30  1214.  -0.3   3.1   0.740   1.2   0.0
   1 1958  31  1633.  -1.2   3.4   0.730   1.2   0.1
   1 1958  32  1424.  -0.7   2.9   0.610   2.5   0.2
   1 1958  33  1130.  -0.2   2.7   0.680   2.5   0.1
   1 1958  34  5485.   1.5   6.4   0.600   4.3   0.8
   1 1958  35  2554.   0.8   4.2   0.720   4.3   0.0
   1 1958  36   795.   3.6   8.9   1.020  13.8   6.9
   1 1958  37  5443.   0.2   5.2   0.480   6.3   5.8
   1 1958  38  5443.  -3.2   1.6   0.510   2.5   2.4
   1 1958  39  1758.  -1.7   8.0   0.920   2.5   0.0
   1 1958  40  4103.   1.3   8.4   0.680   2.5   0.4
   1 1958  41  5275.   6.8  13.8   1.040   2.5   0.0
   1 1958  42  5275.   8.2  13.7   1.200   8.6   1.1
   1 1958  43  2303.   8.4  11.5   1.040   4.3   0.9
   1 1958  44  3224.   3.4   9.4   0.960   1.2  10.6
   1 1958  45  3308.   8.2  14.3   1.130   6.3   3.4
   1 1958  46  2512.  11.1  12.5   1.170   6.3   0.4
   1 1958  47  5234.   4.8  13.3   0.730   6.3   2.6
   1 1958  48  7829.   1.1   5.7   0.530   6.3   0.5
   1 1958  49  7201.  -0.8   4.3   0.560   6.3   0.7
   1 1958  50  5987.  -3.3   3.8   0.720   6.3   2.6
   1 1958  51  3894.   2.8   6.8   0.810   4.3   5.9
   1 1958  52  4480.   2.6   7.4   0.680   4.3   3.1
   1 1958  53  8792.  -1.2   6.6   0.610   4.3   4.6
   1 1958  54  1884.  -0.4   1.9   0.590   4.3   0.0
   1 1958  55  3391.  -2.4   0.9   0.550   2.5   9.5
   1 1958  56  1591.  -2.5   9.6   0.640   4.3  12.6
   1 1958  57  6029.  -2.7  -0.2   0.450   4.3  13.1
   1 1958  58  8332.  -6.4   2.8   0.550   4.3   1.5
   1 1958  59  4815.  -2.2   2.7   0.530   4.3   0.2
   1 1958  60  6531.   0.8   7.1   0.760   1.2   0.1
   1 1958  61  4103.   0.7   5.7   0.800   4.3   0.3
   1 1958  62  3643.   1.8   4.3   0.720   1.2   0.4
   1 1958  63  2219.   1.2   5.4   0.780   2.5   0.0
   1 1958  64  3726.   5.1   9.5   0.860   4.3   0.2
   1 1958  65  9002.   2.0   8.6   0.520   6.3   3.8
   1 1958  66  8750.  -0.7   4.2   0.490   2.5   5.4
   1 1958  67 11137.  -1.8   3.0   0.600   2.5   3.3
   1 1958  68  7034.  -3.4   0.9   0.570   2.5   0.6
   1 1958  69  6866.  -4.3   1.2   0.490   1.2   0.4
   1 1958  70 11137.  -4.2   3.2   0.570   2.5   0.0
   1 1958  71  9462.  -5.6   3.8   0.430   1.2   0.2
   1 1958  72  3768.  -1.7   1.2   0.640   2.5   0.5
   1 1958  73 15072.  -4.0   4.2   0.720   1.2   2.3
   1 1958  74 15240.  -2.0   5.4   0.480   2.5   0.1
   1 1958  75 10048.  -2.9   4.2   0.440   1.2   0.0
   1 1958  76 13942.  -1.7   3.9   0.530   6.3   0.0
   1 1958  77  5652.  -3.5   1.0   0.510   2.5   0.0
   1 1958  78  8918.  -1.9   3.1   0.470   4.3   0.0
   1 1958  79  8248.  -3.7   3.2   0.440   4.3   0.0
   1 1958  80  9923.  -5.3   2.2   0.600   2.5   0.2
   1 1958  81 15031.  -6.2   2.0   0.450   2.5   0.4
   1 1958  82 15198.  -6.0   2.0   0.480   2.5   0.0
   1 1958  83 14068.  -3.2   7.0   0.470   4.3   0.0
   1 1958  84 11556.   0.3  12.2   0.640   2.5   0.0
   1 1958  85  6490.   5.5  13.3   1.050   4.3   0.0
   1 1958  86 11556.   8.8  18.0   1.090   2.5   0.2
   1 1958  87  8248.   8.7  16.8   1.200   1.2   2.7
   1 1958  88 12686.   7.6  16.7   1.090   1.2   4.8
   1 1958  89 11514.   4.8  13.1   0.890   2.5   0.0
   1 1958  90 11137.   3.6   7.8   0.650   6.3   0.0
   1 1958  91 17501.  -2.2   8.0   0.440   4.3   0.0
   1 1958  92  8918.  -2.3   5.6   0.720   1.2   0.0
   1 1958  93 13858.  -1.3  12.6   0.560   6.3   0.0
   1 1958  94  9420.   6.2  11.1   1.160   4.3   3.9
   1 1958  95  9043.   4.8  14.3   1.050   2.5   0.1
   1 1958  96  2889.   4.3   6.4   0.760   2.5   2.0
   1 1958  97 12100.   2.8   7.5   0.730   2.5   0.0
   1 1958  98  7787.   0.9   8.1   0.800   2.5   0.8
   1 1958  99  9295.  -1.7   6.0   0.720   4.3   1.3
   1 1958 100 14612.  -1.0   5.2   0.590   8.6   3.6
   1 1958 101 13440.   0.3   7.2   0.550   4.3   0.7
   1 1958 102 20473.  -0.9   9.8   0.530   4.3   0.0
   1 1958 103 23153.  -2.2  11.9   0.530   2.5   0.0
   1 1958 104 20767.   0.1  14.9   0.890   4.3   0.0
   1 1958 105 20264.   0.9  11.5   0.890   4.3   0.0
   1 1958 106 12853.   2.9   8.5   0.600   6.3   0.0
   1 1958 107 14193.   0.0   8.0   0.630   2.5   3.5
   1 1958 108  2303.   4.1   9.0   0.930   4.3   1.3
   1 1958 109 11262.   5.7  14.8   1.170   6.3   2.6
   1 1958 110 19887.   8.2  16.0   0.880   6.3   0.1
   1 1958 111 16329.   6.6  14.1   0.770   4.3   0.0
   1 1958 112 13565.   5.8  12.1   0.880   6.3   0.0
   1 1958 113 21813.   2.7  14.1   0.680   2.5   0.0
   1 1958 114 18380.   4.8  18.3   0.810   2.5   0.0
   1 1958 115  6908.   8.7  15.4   1.050   4.3   0.1
   1 1958 116  6322.   5.8  11.0   1.000   2.5  13.5
   1 1958 117 10928.   2.6   9.4   0.780   8.6  17.0
   1 1958 118 10006.   3.0  11.4   1.050   6.3   4.4
   1 1958 119 16915.   5.6  16.7   1.020   4.3   2.2
   1 1958 120 18087.   6.4  19.1   1.180   2.5   0.0
   1 1958 121 19678.   6.5  20.7   1.360   4.3   0.0
   1 1958 122 18296.   5.0  22.0   1.250   2.5   0.0
   1 1958 123 24242.   5.1  16.4   0.770   4.3   0.0
   1 1958 124 24911.   3.3  14.9   0.700   2.5   0.0
   1 1958 125 15994.   6.7  22.7   1.020   2.5   0.0
   1 1958 126  7285.  12.8  16.6   1.410   8.6   0.2
   1 1958 127 16454.   7.2  16.7   1.080   1.2   4.0
   1 1958 128 11723.  13.6  19.0   1.730   2.5   1.9
   1 1958 129 13733.  12.8  20.9   1.580   2.5   0.4
   1 1958 130 11681.  13.4  18.3   1.400   1.2   2.0
   1 1958 131 13733.  11.2  15.7   1.000   6.3   5.6
   1 1958 132 12770.   6.6  15.9   1.180   4.3   0.1
   1 1958 133 21018.   6.0  16.6   0.900   2.5   0.5
   1 1958 134 16329.  10.2  19.9   1.160   2.5   0.0
   1 1958 135 11891.   9.9  15.4   1.140   4.3   0.0
   1 1958 136  4103.   7.1  11.3   1.160   2.5   4.8
   1 1958 137 13942.   3.9  13.5   0.890   4.3  10.8
   1 1958 138  7787.   9.6  15.4   1.290   6.3   0.9
   1 1958 139 11262.  11.2  17.8   1.480   2.5   2.0
   1 1958 140 16119.   9.6  19.2   1.460   2.5   0.1
   1 1958 141 11891.   9.0  14.7   1.080   6.3   0.0
   1 1958 142 21018.   5.4  17.7   1.040   2.5   0.3
   1 1958 143 17375.  10.2  20.7   1.120   4.3   0.4
   1 1958 144  9504.  10.1  17.4   1.340   2.5   1.3
   1 1958 145 10760.  10.1  16.3   1.240   2.5   3.1
   1 1958 146 14821.  11.4  16.8   1.050   6.3  11.9
   1 1958 147 10593.   7.1  16.1   1.280   1.2   0.0
   1 1958 148 24577.   7.8  17.0   0.760   4.3   0.4
   1 1958 149 23739.   8.1  21.1   1.020   1.2   0.0
   1 1958 150 13105.  12.3  20.2   1.320   6.3   0.0
   1 1958 151 23948.   7.8  21.7   1.530   2.5   1.3
   1 1958 152 25833.  12.8  25.7   1.220   2.5   0.0
   1 1958 153 22399.  13.4  29.2   1.320   1.2   0.0
   1 1958 154 19176.  13.6  22.4   1.210   1.2   0.0
   1 1958 155 11723.  10.6  18.0   1.300   0.1   0.0
   1 1958 156 17291.  11.3  20.7   1.280   4.3   0.8
   1 1958 157 20180.  10.1  20.1   1.380   2.5   0.0
   1 1958 158 10258.  11.6  22.4   1.560   2.5   0.0
   1 1958 159 11137.  12.8  19.8   1.320   6.3   0.9
   1 1958 160 15156.  12.8  18.3   1.380   1.2   0.4
   1 1958 161 26042.   8.5  17.2   1.000   4.3   0.0
   1 1958 162 23446.   4.0  16.8   1.040   4.3   0.0
   1 1958 163 13733.   9.4  14.4   1.080   1.2   0.0
   1 1958 164 21520.   5.5  16.8   0.860   1.2   0.0
   1 1958 165 25874.   7.6  21.5   1.280   0.1   0.0
   1 1958 166 21520.  12.0  24.8   1.040   1.2   0.0
   1 1958 167 23697.  10.2  27.2   1.170   1.2   0.0
   1 1958 168 18882.  14.2  25.3   1.680   0.1   0.0
   1 1958 169 18422.  12.7  18.3   1.080   2.5   0.7
   1 1958 170 15282.   6.4  19.7   1.090   2.5   0.0
   1 1958 171  4689.  12.0  16.9   1.620   2.5   5.0
   1 1958 172  7201.  12.5  15.8   1.380   1.2   6.9
   1 1958 173 16035.  10.1  18.2   1.700   1.2   3.3
   1 1958 174  9797.  10.1  16.3   1.420   4.3   4.8
   1 1958 175 19134.   8.7  18.7   1.240   4.3   5.8
   1 1958 176 16161.   9.1  19.6   1.260   1.2   0.0
   1 1958 177 13356.  12.9  21.2   1.760   1.2   7.3
   1 1958 178  6908.  12.0  19.2   1.360   2.5   4.7
   1 1958 179 14696.  10.0  19.9   1.880   2.5   1.1
   1 1958 180 10006.  13.0  20.8   1.580   1.2   0.0
   1 1958 181 20348.  11.3  24.3   1.730   1.2   0.0
   1 1958 182 20641.  17.2  26.9   1.820   2.5   0.0
   1 1958 183  5192.  15.6  22.4   1.840   1.2   4.0
   1 1958 184 15366.  14.6  22.5   1.970   2.5   9.9
   1 1958 185 16161.  13.5  21.1   1.620   1.2  19.1
   1 1958 186 15952.  14.6  22.4   1.730   1.2   0.0
   1 1958 187  9923.  14.0  19.0   1.460   2.5   0.3
   1 1958 188 11430.  12.6  18.0   1.540   2.5   0.0
   1 1958 189 17291.  12.8  22.9   1.770   1.2   0.0
   1 1958 190 21143.  11.1  25.8   1.900   1.2   0.0
   1 1958 191 22734.  14.8  24.3   1.940   2.5   0.0
   1 1958 192 25246.  10.2  24.7   1.290   2.5   0.0
   1 1958 193 22567.  14.6  27.5   1.730   2.5   1.3
   1 1958 194 12770.  16.9  24.4   1.620   6.3   1.1
   1 1958 195 23530.  12.9  21.9   1.280   6.3   0.0
   1 1958 196 19008.  10.6  23.9   1.360   2.5   0.0
   1 1958 197  4731.  13.9  21.1   1.810   1.2   5.3
   1 1958 198 15072.  11.4  20.0   1.560   2.5  12.8
   1 1958 199 18254.  10.7  21.9   1.410   0.1   2.2
   1 1958 200 22609.  13.9  25.7   1.580   1.2   0.0
   1 1958 201 15575.  15.7  26.0   1.800   2.5   0.0
   1 1958 202 14821.  14.8  20.7   1.530   6.3  16.1
   1 1958 203 12686.  12.0  17.8   1.570   2.5   3.0
   1 1958 204 14110.  12.1  17.0   1.200   6.3   8.2
   1 1958 205 14612.   9.8  17.0   1.300   6.3   1.6
   1 1958 206 22986.  10.1  20.7   1.300   2.5   0.3
   1 1958 207  7411.  13.8  20.9   1.930   2.5  12.0
   1 1958 208 16454.  13.9  21.9   1.490   6.3   8.0
   1 1958 209 11137.  16.2  24.2   2.090   4.3   0.8
   1 1958 210 13649.  15.5  21.4   1.700   4.3   3.3
   1 1958 211 11430.  12.2  21.1   1.680   4.3   1.7
   1 1958 212 18087.  11.7  22.7   1.580   2.5   0.2
   1 1958 213 15156.  13.7  24.9   1.690   1.2   0.0
   1 1958 214 18924.  12.9  19.9   1.280   4.3   6.3
   1 1958 215 18757.  11.6  20.1   1.410   1.2   0.2
   1 1958 216  6699.  11.7  19.1   1.210   2.5   0.0
   1 1958 217  8164.  15.1  20.5   1.740   2.5   0.2
   1 1958 218 13188.  15.3  20.0   1.410   4.3   0.7
   1 1958 219  9420.   9.0  17.5   1.380   2.5   0.0
   1 1958 220 13356.   9.5  19.7   1.460   2.5   4.8
   1 1958 221 17375.  15.4  24.7   2.030   2.5   2.1
   1 1958 222 18757.  14.2  27.2   2.190   1.2   0.0
   1 1958 223 16622.  18.0  25.2   1.880   2.5   0.9
   1 1958 224 13147.  15.0  21.3   1.660   4.3   3.4
   1 1958 225  9881.  14.0  20.8   1.660   4.3   0.9
   1 1958 226  9127.  14.8  22.1   1.970   4.3   5.6
   1 1958 227  5192.  17.5  20.7   1.970   1.2   0.2
   1 1958 228 16705.  15.6  21.5   1.560   6.3   7.1
   1 1958 229 13440.  12.5  22.4   1.580   1.2   0.0
   1 1958 230 15575.  14.3  25.8   1.720   2.5   0.0
   1 1958 231 14026.  17.8  25.9   2.140   2.5   3.7
   1 1958 232  8960.  15.8  22.2   1.740   4.3   5.6
   1 1958 233 14319.  12.8  20.2   1.530   2.5  20.0
   1 1958 234 10006.  14.5  21.2   1.800   1.2   0.6
   1 1958 235 11221.  14.7  20.9   1.740   2.5   2.0
   1 1958 236 14151.  12.0  19.6   1.540   4.3  10.1
   1 1958 237 12100.  12.2  20.1   1.530   6.3   8.0
   1 1958 238 14026.  11.7  20.9   1.540   4.3   3.3
   1 1958 239 18171.  12.8  23.8   1.460   4.3   0.0
   1 1958 240 16119.  13.4  27.1   1.940   6.3   0.0
   1 1958 241 13272.  16.8  27.8   2.620   1.2   0.0
   1 1958 242 11639.  17.2  25.3   2.410   2.5   0.0
   1 1958 243 13440.  19.2  28.3   1.960   2.5   0.0
   1 1958 244 16915.  16.1  25.2   1.700   4.3   0.0
   1 1958 245 16915.  16.3  25.6   1.800   4.3   0.0
   1 1958 246 17375.  14.7  23.2   1.370   4.3   0.0
   1 1958 247 14821.  13.2  23.9   1.490   4.3   0.0
   1 1958 248 16245.  12.7  26.6   1.520   2.5   0.0
   1 1958 249 15114.  15.3  30.1   1.900   1.2   0.0
   1 1958 250 10467.  16.6  23.1   1.930   2.5  21.9
   1 1958 251 10174.  14.7  21.1   1.680   4.3   0.9
   1 1958 252  6615.  14.2  19.0   1.600   4.3   0.8
   1 1958 253 13942.  13.0  20.0   1.580   2.5   1.9
   1 1958 254  8918.  12.7  18.0   1.600   1.2   0.0
   1 1958 255  8164.   9.6  18.6   1.480   1.2   0.5
   1 1958 256 14779.   7.5  23.2   1.370   1.2   0.0
   1 1958 257 14319.  10.0  25.4   1.730   2.5   0.0
   1 1958 258  6531.  13.8  22.8   2.380   2.5   0.0
   1 1958 259  1340.  14.9  18.0   1.730   4.3   0.2
   1 1958 260  7871.  10.9  18.9   1.850   1.2   2.1
   1 1958 261  8541.  12.0  18.8   1.700   1.2   1.4
   1 1958 262 10383.   8.8  21.7   1.570   1.2   0.1
   1 1958 263 10258.  13.7  20.6   1.540   4.3   5.8
   1 1958 264  8625.  10.6  19.8   1.680   1.2   0.0
   1 1958 265  6364.  10.1  16.5   1.420   4.3   5.3
   1 1958 266 12393.  10.5  19.9   1.600   4.3   3.6
   1 1958 267  8709.  12.6  18.9   1.410   6.3  25.8
   1 1958 268  6238.  11.0  16.2   1.210  11.1   0.0
   1 1958 269  5820.   9.8  14.6   1.380   8.6   4.3
   1 1958 270  6615.  11.0  16.3   1.300   1.2   1.8
   1 1958 271 13440.   6.7  19.1   1.400   4.3   0.0
   1 1958 272  7997.  11.7  22.8   1.920   4.3   0.0
   1 1958 273  1800.  13.7  18.9   1.820   2.5   6.4
   1 1958 274  4061.  13.3  16.8   1.660   2.5   7.9
   1 1958 275  4354.   9.7  17.0   1.370   4.3   1.0
   1 1958 276 10048.   8.6  18.0   1.730   1.2   1.3
   1 1958 277  5862.  12.1  18.5   1.490   6.3   0.0
   1 1958 278  8541.  12.0  17.8   1.380   1.2   0.2
   1 1958 279 10886.   9.1  15.9   0.920   4.3   1.8
   1 1958 280  8834.   4.8  16.7   1.100   6.3   1.1
   1 1958 281  7243.   9.4  16.6   1.300   8.6   0.3
   1 1958 282  1758.  13.7  16.8   1.840   4.3   2.4
   1 1958 283  5862.  13.5  18.8   1.730   4.3   8.6
   1 1958 284  8332.   9.6  16.3   1.210   0.1   4.2
   1 1958 285  6029.   9.2  15.0   1.330   1.2  10.0
   1 1958 286  3726.   5.8  11.7   1.140   6.3   0.7
   1 1958 287  4522.  10.1  14.2   1.250   4.3   6.1
   1 1958 288  5694.  10.0  14.8   1.080   8.6   0.1
   1 1958 289  6364.   6.8  11.5   0.880  11.1   3.4
   1 1958 290  6992.   7.4  12.9   0.840   4.3   8.0
   1 1958 291  8625.   4.6  13.0   0.740   4.3   4.7
   1 1958 292  4145.   4.7  12.1   0.760   4.3   0.6
   1 1958 293  8709.   9.0  13.5   0.970   6.3   2.5
   1 1958 294  3684.   9.3  13.6   1.200   4.3   2.2
   1 1958 295  2052.   9.8  13.9   1.420   2.5   0.7
   1 1958 296  5778.   8.8  14.6   1.160   2.5   0.8
   1 1958 297  3140.   6.3  13.8   1.400   1.2   0.4
   1 1958 298  1926.  10.9  13.2   1.210   1.2   0.1
   1 1958 299  2052.  10.5  13.2   1.220   1.2   0.0
   1 1958 300  2721.   5.8  11.8   1.050   1.2   0.1
   1 1958 301  1926.   7.4  10.0   1.120   1.2   0.1
   1 1958 302  1382.   4.5   7.7   0.960   2.5   0.1
   1 1958 303  1005.   5.0   6.7   0.900   2.5   0.2
   1 1958 304  1130.   4.0   8.9   1.080   1.2   0.2
   1 1958 305  6531.   4.0  11.9   0.930   1.2   8.3
   1 1958 306  1884.   3.7   8.7   0.840   6.3   0.0
   1 1958 307  1130.   5.0  10.8   1.080   1.2   3.9
   1 1958 308  3810.   8.0  12.2   1.170   1.2   0.7
   1 1958 309  2680.   5.6  10.6   1.120   1.2   0.8
   1 1958 310  3810.   5.9  11.6   1.100   1.2   0.0
   1 1958 311  1968.   3.7  10.0   1.140   2.5   0.0
   1 1958 312   544.   9.1  10.6   1.220   2.5  11.1
   1 1958 313  4773.   4.2   9.9   0.820   2.5   6.0
   1 1958 314  3140.   2.6   7.6   0.930   1.2   2.0
   1 1958 315  2680.  -1.1   4.0   0.760   1.2   0.2
   1 1958 316  1382.   0.8   2.7   0.720   1.2   0.5
   1 1958 317  1800.  -0.3   5.5   0.760   2.5   0.2
   1 1958 318  1758.   5.2  10.0   1.000   2.5   0.2
   1 1958 319  5317.   0.6  10.1   0.920   2.5   0.4
   1 1958 320  2135.  -2.2   8.1   1.040   1.2   0.1
   1 1958 321  4522.   4.8   9.3   0.930   2.5   0.1
   1 1958 322  2680.   4.0  10.1   0.970   1.2   0.0
   1 1958 323  2554.   3.9   9.9   0.860   1.2   0.0
   1 1958 324  1172.  -1.3   6.8   0.920   1.2   0.0
   1 1958 325  1926.   4.2   6.4   0.760   2.5   0.1
   1 1958 326   963.   2.3   5.0   0.770   4.3   0.0
   1 1958 327  1130.   3.7   5.0   0.740   4.3   0.0
   1 1958 328   628.   2.7   3.9   0.760   1.2   0.0
   1 1958 329  1424.   2.6   4.4   0.700   0.1   0.0
   1 1958 330  1758.   3.3   6.9   0.880   1.2   0.0
   1 1958 331   628.   5.9   8.2   1.060   0.1   0.2
   1 1958 332   921.   1.9   7.0   0.780   1.2   1.0
   1 1958 333   963.   2.2   3.8   0.640   1.2   0.0
   1 1958 334  1130.   0.7   2.9   0.670   1.2   0.0
   1 1958 335  3977.   0.3   9.1   0.850   0.1   0.2
   1 1958 336  1005.  -2.8   2.8   0.650   1.2   0.1
   1 1958 337  2596.   2.3   8.8   0.960   1.2   0.1
   1 1958 338   712.   2.7   4.5   0.780   1.2   0.0
   1 1958 339  1884.   2.3   7.4   0.700   2.5   0.0
   1 1958 340  3726.   1.0   7.0   0.800   1.2   0.7
   1 1958 341  1717.  -0.9   4.7   0.720   0.1   0.0
   1 1958 342  2470.  -2.1   0.7   0.560   2.5   0.1
   1 1958 343  1591.   0.2   6.4   0.780   6.3   6.2
   1 1958 344  2177.   0.5   5.3   0.730   2.5   9.5
   1 1958 345  1591.   2.5   7.6   0.840   4.3   5.9
   1 1958 346   377.   1.6   4.9   0.810   1.2   2.2
   1 1958 347  3098.   2.8   7.5   0.880   1.2   7.0
   1 1958 348   586.   3.6   7.0   0.740   6.3   0.6
   1 1958 349   586.   1.9   6.2   0.880   1.2   2.2
   1 1958 350   712.   3.8   7.8   1.010   4.3   6.9
   1 1958 351  1089.   4.8   7.8   1.020   1.2   1.3
   1 1958 352  1382.   3.5   7.6   0.920   2.5   0.3
   1 1958 353   586.   4.3  10.1   1.120   4.3   1.8
   1 1958 354  2093.   7.2  12.1   1.100   2.5   1.7
   1 1958 355   963.   5.6   8.7   1.020   2.5   6.0
   1 1958 356  3098.   2.3   7.9   0.890   2.5   0.8
   1 1958 357  2805.  -2.1   5.1   0.770   2.5   0.2
   1 1958 358   586.   3.8   5.7   0.800   4.3   0.1
   1 1958 359   712.   2.2   5.3   0.740   1.2   0.0
   1 1958 360  1633.   1.1   4.3   0.700   1.2   0.0
   1 1958 361   209.   3.6  10.1   0.890   1.2   5.5
   1 1958 362   544.   4.5   9.8   0.890   1.2   9.5
   1 1958 363  2010.   5.0  10.6   0.900   2.5   1.4
   1 1958 364  2428.   4.6   7.7   0.930   6.3   6.5
   1 1958 365  1298.   5.7   9.2   1.000   8.6   0.2
