*---------------------------------------------------------------------------*
* Station name: Wageningen (Haarweg), Netherlands
* Year: 1973
* Author: Peter Uithol                                     -99.000: NIL VALUE
* Source: Natuur- en Weerkunde via Nel van Keulen
* Comments: Humidity measured as dew point temperature at 14.00 h.,
*           Wind speed at 5 m height (?).
* Longitude: 5 40 E, latitude: 51 58 N, altitude: 7 m.
*
* Column  Daily value
* 1       station number
* 2       year
* 3       day
* 4       irradiation                   (kJ m-2 d-1)
* 5       minimum temperature           (degrees Celsius)
* 6       maximum temperature           (degrees Celsius)
* 7       early morning vapour pressure (kPa)
* 8       mean wind speed               (m s-1)
* 9       precipitation                 (mm d-1)
*---------------------------------------------------------------------------*
   5.67  51.97     7. 0.00 0.00
   1 1973   1  3470.  -9.4   0.2   0.345   1.4   0.0
   1 1973   2  1330.  -5.9   1.0   0.585   1.7   0.0
   1 1973   3  1290.   0.1   3.7   0.681   1.2   0.0
   1 1973   4  1550.   2.3   4.7   0.721   1.2   0.1
   1 1973   5  2430.  -0.2   4.5   0.572   1.3   0.0
   1 1973   6   740.  -0.4   3.9   0.758   1.3   0.3
   1 1973   7   770.  -0.5   4.0   0.615   0.7   0.2
   1 1973   8   850.   0.0   3.1   0.731   0.3   0.2
   1 1973   9  1070.   2.4   5.0   0.731   0.5   0.2
   1 1973  10  1810.   1.4   4.9   0.666   0.7   0.5
   1 1973  11  1070.   1.6   4.5   0.602   0.5   0.0
   1 1973  12   740.   2.1   4.6   0.615   1.7   0.0
   1 1973  13  3870.  -2.3   3.0   0.504   3.1   0.0
   1 1973  14  2360.  -2.1   1.8   0.602   2.9   0.0
   1 1973  15  3100.   1.6   6.2   0.758   4.3   0.8
   1 1973  16  1330.   3.4   9.4   0.706   1.7   0.0
   1 1973  17  2090.  -5.4   4.9   0.547   2.0   0.0
   1 1973  18  2830.   0.7   4.1   0.638   2.7   0.0
   1 1973  19  1440.  -0.9   3.1   0.520   2.1   0.0
   1 1973  20  1350.  -1.0   0.5   0.559   3.3   0.0
   1 1973  21  2180.   0.0   4.7   0.731   3.5   3.3
   1 1973  22  2830.  -0.8   5.7   0.585   3.1   0.0
   1 1973  23  1260.  -0.4   6.2   0.681   2.4   1.9
   1 1973  24  2880.   2.0   3.7   0.638   3.1   1.3
   1 1973  25  5320.  -1.0   5.7   0.493   3.1   0.0
   1 1973  26  1390.  -0.6   4.3   0.774   3.9   0.8
   1 1973  27  1960.   4.2   7.1   0.813   5.5   8.1
   1 1973  28  4710.   2.9   7.5   0.652   3.3   1.2
   1 1973  29  2480.   2.6   7.7   1.002   3.5   1.0
   1 1973  30  2350.   6.9   9.5   0.961   2.7   0.5
   1 1973  31  4990.   2.1   8.7   0.666   1.9   5.5
   1 1973  32  3530.  -0.5   7.1   0.585   1.3   0.0
   1 1973  33  2610.  -0.6   5.3   0.681   1.0   0.6
   1 1973  34  1260.   1.0   3.6   0.638   1.4   0.0
   1 1973  35  2090.  -2.4   1.9   0.479   1.5   0.0
   1 1973  36   870.  -3.3  -0.6   0.572   3.0   0.0
   1 1973  37  1790.  -0.6   6.2   0.854   5.3   0.2
   1 1973  38  2220.   6.2   8.0   0.910   5.8   1.2
   1 1973  39  1050.   6.9   8.9   0.922   5.3   2.5
   1 1973  40  3620.   6.2   7.4   0.885   4.7   7.5
   1 1973  41  3400.   0.7   7.7   0.706   4.0   1.0
   1 1973  42  5530.  -0.5   5.0   0.615   3.6   3.1
   1 1973  43   780.   1.2   6.0   0.842   6.7   2.8
   1 1973  44  5190.  -0.8   7.4   0.547   5.6  18.7
   1 1973  45  5060.  -0.1   3.6   0.547   5.5   1.4
   1 1973  46  3920.  -0.1   4.0   0.493   2.9   0.0
   1 1973  47  7280.  -2.2   5.3   0.479   1.3   0.0
   1 1973  48  3660.  -3.7   4.8   0.615   2.9   0.0
   1 1973  49  1530.   0.3   2.1   0.615   2.9  10.6
   1 1973  50  2790.   0.3   3.6   0.758   1.1   8.4
   1 1973  51  1480.   3.4   6.8   0.910   2.0   0.7
   1 1973  52  1530.   5.8   8.1   0.910   4.0   0.1
   1 1973  53  2790.   2.1   8.6   0.731   4.6   1.8
   1 1973  54  5140.   1.1   6.6   0.602   6.0   2.0
   1 1973  55  9940.  -2.1   5.3   0.531   3.2   5.2
   1 1973  56 12380.  -2.9   4.7   0.547   1.0   0.6
   1 1973  57  7320.  -5.7   5.3   0.547   1.1   0.0
   1 1973  58 11030.  -6.3   6.0   0.465   1.0   0.8
   1 1973  59  5320.  -3.2   5.3   0.465   2.8   0.0
   1 1973  60  7320.  -0.2   4.4   0.559   3.4   0.0
   1 1973  61  6800.   2.0   7.6   0.785   4.0   3.9
   1 1973  62  2400.   0.5   9.7   0.813   3.7   0.4
   1 1973  63  3180.   5.1   8.1   0.935   3.0   1.2
   1 1973  64  8110.   2.8   9.3   0.747   1.9   0.0
   1 1973  65  8320.   4.1  10.5   0.747   3.6   0.6
   1 1973  66 11850.   0.3   8.6   0.706   3.4   8.1
   1 1973  67 10350.  -1.5   8.3   0.758   2.1   0.6
   1 1973  68  5910.   2.3  11.1   0.813   1.6   0.0
   1 1973  69 12320.  -5.6   8.8   0.520   0.7   0.0
   1 1973  70  6760.  -2.3   9.4   0.721   2.0   0.1
   1 1973  71  9360.  -0.6   8.7   0.531   2.7   0.0
   1 1973  72 11690.  -1.1   6.6   0.615   2.5   0.0
   1 1973  73 13520.  -5.6   6.0   0.531   2.4   0.0
   1 1973  74 13730.  -0.2   8.5   0.652   2.4   0.0
   1 1973  75 15140.  -5.3  10.5   0.615   1.1   0.0
   1 1973  76  3520.  -1.5   9.5   0.774   2.0   0.3
   1 1973  77  8100.   3.8   7.9   0.866   4.1   0.5
   1 1973  78  7810.   1.6  10.8   0.731   2.3   1.6
   1 1973  79  6830.  -0.6   7.3   0.802   1.4   0.0
   1 1973  80  5840.   4.4  10.4   0.758   1.4   0.0
   1 1973  81 14640.   0.4  10.5   0.629   1.3   0.0
   1 1973  82 15140.  -2.3  13.3   0.652   0.7   0.0
   1 1973  83 15210.  -0.1  15.7   0.629   2.5   0.0
   1 1973  84  5560.   2.2  19.1   0.961   1.5   0.2
   1 1973  85 12810.  -0.6  11.6   0.831   1.3   3.2
   1 1973  86  3940.   0.4  12.6   0.731   1.1   0.0
   1 1973  87  9430.   2.4   8.2   0.866   1.1   0.9
   1 1973  88  5630.   3.6  10.7   0.854   1.2   2.2
   1 1973  89 16190.  -1.6   9.5   0.652   1.8   0.3
   1 1973  90 18090.  -1.7  12.2   0.813   2.1   0.0
   1 1973  91  4580.   1.5  11.1   0.802   5.3   0.0
   1 1973  92  3030.   5.2   9.7   0.774   9.1  15.7
   1 1973  93 16470.   1.0   9.7   0.504   5.8  15.8
   1 1973  94 10210.  -2.1   7.2   0.589   4.0   0.7
   1 1973  95  3730.   2.0   8.7   1.058   4.4   5.8
   1 1973  96  7600.   5.9  10.9   0.842   4.9   4.8
   1 1973  97 13020.   2.8   9.1   0.721   4.6   2.7
   1 1973  98 14220.  -1.1   9.0   0.629   1.6   1.2
   1 1973  99 12180.  -4.2   7.6   0.520   2.1   1.1
   1 1973 100 20280.  -4.6   5.8   0.479   2.8   0.4
   1 1973 101 12530.   2.6   8.1   0.721   5.0   1.4
   1 1973 102 11690.   0.8   8.2   0.696   3.5   2.5
   1 1973 103 15770.  -2.3   6.6   0.638   1.4   2.3
   1 1973 104 11620.  -4.1   8.1   0.706   0.9   1.0
   1 1973 105  9860.   2.7   9.1   0.885   2.9   0.6
   1 1973 106 10490.   6.3  11.3   0.988   2.6   0.2
   1 1973 107 12740.   3.0  12.6   0.813   4.4   0.1
   1 1973 108  8380.   4.1  10.6   0.758   4.1   0.0
   1 1973 109 15210.   1.2   9.1   0.774   5.0   8.1
   1 1973 110 16190.   0.6   9.7   0.721   1.8   1.0
   1 1973 111  9290.   0.5  10.3   0.758   1.9   1.2
   1 1973 112 20840.   1.9   8.4   0.666   2.5   3.0
   1 1973 113 14290.   1.0  12.8   0.721   2.2   0.0
   1 1973 114 22390.   5.0  11.6   0.774   3.4   0.0
   1 1973 115 21890.   2.5  14.1   0.520   2.7   0.0
   1 1973 116 16260.   0.8  13.9   0.758   1.0   0.0
   1 1973 117 21750.   3.1  13.4   0.842   2.4   0.0
   1 1973 118  6340.   0.2  15.8   0.785   1.1   0.0
   1 1973 119  9790.   6.7  12.2   1.044   1.8   6.1
   1 1973 120  7600.  -2.6  13.1   0.885   3.2   0.9
   1 1973 121  4510.   8.0  16.2   1.044   2.8   3.2
   1 1973 122  8310.  -0.7  10.0   0.813   2.2   6.0
   1 1973 123 14290.   6.9   9.9   1.044   2.3   0.0
   1 1973 124 15630.   8.7  18.0   1.431   2.6   6.7
   1 1973 125 15490.   5.5  18.5   1.489   4.3   0.0
   1 1973 126 14080.   8.1  21.5   0.866   4.7   0.0
   1 1973 127 12950.   8.4  14.7   1.016   2.2   5.0
   1 1973 128 14010.   5.4  13.0   0.866   2.4   0.9
   1 1973 129  7960.   6.4  13.2   1.133   2.6   3.6
   1 1973 130  9790.   8.7  14.4   1.030   4.4   1.6
   1 1973 131 22460.   4.0  12.1   0.758   3.5   2.2
   1 1973 132 21540.   2.2  13.0   0.975   3.0   0.0
   1 1973 133 11050.   6.4  15.1   0.948   3.6   0.0
   1 1973 134  8520.   6.8  13.8   0.885   1.3   2.4
   1 1973 135 26540.  -0.8  11.0   0.774   1.6   3.5
   1 1973 136 27390.  -1.3  13.6   0.721   2.4   0.0
   1 1973 137 27810.   5.2  14.5   0.585   4.8   0.0
   1 1973 138 21330.   8.5  17.7   0.813   3.5   0.0
   1 1973 139 14290.   7.7  19.2   0.897   2.6   0.0
   1 1973 140 21120.  12.3  20.4   1.489   2.2   3.4
   1 1973 141 21400.  12.2  21.2   1.422   1.8   0.0
   1 1973 142 24360.  10.2  22.5   1.431   2.0   0.9
   1 1973 143 11050.  13.3  20.3   1.148   3.2   0.1
   1 1973 144  6550.  10.9  17.8   1.228   3.7   6.3
   1 1973 145 18440.  10.1  15.3   1.188   1.4   0.3
   1 1973 146 28090.   3.2  18.7   1.270   1.6   0.0
   1 1973 147 27670.   9.3  20.8   1.262   2.6   0.0
   1 1973 148 26190.  11.2  22.4   1.058   3.3   0.0
   1 1973 149  8940.  12.3  23.8   1.367   1.8   3.7
   1 1973 150  8100.  11.4  18.1   1.322   2.8   6.1
   1 1973 151  8030.  11.8  16.4   1.376   1.6   3.3
   1 1973 152  5140.  12.7  19.3   1.349   1.9   1.4
   1 1973 153  6480.   9.3  14.5   1.204   2.8  13.6
   1 1973 154 15490.   6.8  15.0   1.125   2.2   1.7
   1 1973 155 23870.   6.8  18.0   1.220   1.8   0.3
   1 1973 156 29570.   2.4  18.2   0.935   2.2   0.0
   1 1973 157 30410.   2.3  17.6   0.885   2.4   0.0
   1 1973 158 17740.   5.7  19.6   0.988   2.2   0.0
   1 1973 159 14500.  11.3  18.4   1.270   2.1   0.0
   1 1973 160 19430.   8.3  19.5   1.403   2.1   0.0
   1 1973 161 10280.  13.5  22.4   1.460   3.3   0.0
   1 1973 162 13450.  11.7  17.8   1.376   1.7   0.0
   1 1973 163 27880.   5.4  17.5   1.262   1.7   0.0
   1 1973 164 16400.  12.3  23.2   1.376   2.9   0.0
   1 1973 165 27880.   3.9  18.8   0.813   1.9   0.0
   1 1973 166 29080.   2.4  17.1   0.935   1.4   0.0
   1 1973 167 30060.   5.8  21.0   1.220   1.9   0.0
   1 1973 168 15070.  12.4  22.6   1.538   2.3   0.0
   1 1973 169 25130.  10.6  24.8   1.460   1.6   0.0
   1 1973 170 26190.   6.9  22.5   1.431   1.5   0.0
   1 1973 171 19850.  15.9  25.4   1.460   3.5   0.0
   1 1973 172 17740.  14.8  26.5   1.569   1.9   0.0
   1 1973 173 29780.  12.1  23.4   0.935   3.5   0.0
   1 1973 174 25340.  12.3  23.2   1.125   3.2   0.0
   1 1973 175 21960.  10.3  24.1   1.270   2.2   0.0
   1 1973 176 24990.   8.5  25.8   1.403   1.2   0.0
   1 1973 177 25130.  13.0  25.9   1.796   1.4   0.0
   1 1973 178 23160.  18.4  28.8   1.808   1.7   0.0
   1 1973 179 13590.  18.2  29.5   1.891   3.3   0.4
   1 1973 180 21120.  13.8  23.7   1.589   3.7  12.2
   1 1973 181 29080.   9.8  22.7   1.340   1.3   0.0
   1 1973 182 26050.   9.0  24.3   1.528   1.4   0.0
   1 1973 183 26400.  18.4  29.0   1.774   2.7   0.0
   1 1973 184 29000.  12.9  31.1   1.620   2.2   0.0
   1 1973 185 24780.   9.6  24.5   1.740   1.0   0.1
   1 1973 186 23510.  13.6  27.0   2.027   1.9   0.0
   1 1973 187 13310.  17.8  31.0   2.002   1.6   0.1
   1 1973 188  8380.  15.8  26.1   1.685   2.8   0.3
   1 1973 189 27100.  13.9  21.0   1.610   2.5   0.3
   1 1973 190 26750.   5.0  20.6   0.975   1.4   0.0
   1 1973 191 26820.   7.6  21.0   1.095   1.2   0.0
   1 1973 192  6050.  14.8  23.6   1.674   2.0   1.2
   1 1973 193 13020.  13.7  20.1   1.685   2.3   5.6
   1 1973 194 13380.  14.2  20.4   1.518   0.9   1.2
   1 1973 195 19010.  12.6  21.0   1.528   2.7   0.0
   1 1973 196  6690.  18.0  24.0   1.685   2.9   0.0
   1 1973 197 20560.  13.6  19.0   1.569   2.4   8.5
   1 1973 198 17390.  12.4  22.9   1.322   3.0   5.7
   1 1973 199 13940.  11.6  19.7   1.589   2.8   1.4
   1 1973 200 11190.  12.9  19.3   1.349   3.4   0.0
   1 1973 201 12250.  13.8  20.6   1.469   3.7   0.7
   1 1973 202  7150.  13.1  20.6   1.460   3.2   5.8
   1 1973 203 14200.  11.5  18.1   1.422   4.2   5.3
   1 1973 204 18550.  10.8  19.0   1.245   3.1   4.5
   1 1973 205 13310.   9.4  18.0   1.245   2.5   0.7
   1 1973 206 13450.   6.2  19.6   1.287   2.5   0.0
   1 1973 207  7430.  13.2  18.9   1.489   4.9   3.0
   1 1973 208  5880.  12.4  16.7   1.228   3.8   0.4
   1 1973 209 17060.  14.2  17.9   1.685   2.2   5.8
   1 1973 210 15860.  14.7  22.3   1.579   2.8   0.0
   1 1973 211  7890.  14.3  19.2   1.499   1.2   0.0
   1 1973 212 18090.  11.4  18.3   1.403   1.9   0.0
   1 1973 213 15890.  11.6  21.8   1.569   1.8   0.0
   1 1973 214 16890.  13.7  26.8   1.717   0.9   5.5
   1 1973 215 13280.  10.3  26.2   1.796   1.9   6.6
   1 1973 216  8640.  15.7  20.1   1.620   2.2   2.5
   1 1973 217  3010.  12.6  20.2   1.579   4.2   4.4
   1 1973 218 18830.  15.1  22.2   1.927   4.7   0.0
   1 1973 219 16920.  12.7  28.5   1.367   5.2   3.6
   1 1973 220 19540.  11.6  19.6   1.450   3.3   3.3
   1 1973 221 18800.   8.7  19.2   1.110   1.7   0.3
   1 1973 222 22510.  11.2  21.4   1.450   1.6   0.0
   1 1973 223 19080.  14.8  26.0   1.685   1.6   0.0
   1 1973 224 21700.  12.9  26.4   1.460   2.4   0.0
   1 1973 225 23930.  12.6  25.6   1.367   2.4   0.0
   1 1973 226 23930.  16.9  27.5   1.296   3.3   0.0
   1 1973 227 22940.  16.8  28.5   1.164   3.0   0.0
   1 1973 228 22510.  17.3  28.5   1.431   2.8   0.0
   1 1973 229 14200.  15.9  30.5   1.751   1.4   0.0
   1 1973 230 14160.  16.6  28.7   1.589   1.7   0.0
   1 1973 231  9880.  13.3  23.6   1.450   0.9   0.0
   1 1973 232  9880.  11.8  23.7   1.867   1.5   0.0
   1 1973 233 14970.  13.9  22.8   1.188   2.6   0.0
   1 1973 234 23680.   1.9  20.7   0.813   2.0   0.0
   1 1973 235 21560.   8.8  20.2   0.910   2.2   0.0
   1 1973 236 16530.   5.8  24.5   1.164   1.4   0.0
   1 1973 237 19120.   6.2  22.2   1.287   1.7   0.0
   1 1973 238 21820.   7.0  22.8   1.270   1.7   0.0
   1 1973 239 17100.   7.0  23.7   1.422   1.1   0.0
   1 1973 240  7260.  15.3  26.8   1.610   1.8   0.0
   1 1973 241 13560.   7.4  22.6   1.518   1.0   0.0
   1 1973 242  4250.  13.6  21.5   1.558   2.3  12.3
   1 1973 243 15470.   8.3  18.0   1.313   2.7  11.4
   1 1973 244 11330.  14.3  18.5   1.558   4.2   0.1
   1 1973 245  3650.  15.4  20.7   1.740   2.3   0.5
   1 1973 246  9030.  15.0  19.0   1.717   3.1   2.4
   1 1973 247 16710.  12.2  22.9   1.729   0.9   0.0
   1 1973 248 14160.  11.4  26.4   1.915   0.7   0.0
   1 1973 249  5810.  15.5  29.2   1.820   1.5   0.0
   1 1973 250 13130.  13.0  20.1   1.610   0.9   0.1
   1 1973 251 17200.   8.4  23.6   1.796   1.1   0.0
   1 1973 252  8460.  11.3  25.8   1.652   1.6   0.1
   1 1973 253 14230.  10.9  20.1   0.988   1.9   0.0
   1 1973 254  8570.   5.2  18.0   1.204   0.7   0.0
   1 1973 255 13420.   2.1  17.6   1.204   1.0   0.0
   1 1973 256 11080.   6.5  18.3   1.313   1.4   0.0
   1 1973 257 17490.   2.7  19.4   0.922   1.7   0.0
   1 1973 258 16670.   7.3  22.1   0.922   2.7   0.0
   1 1973 259 12210.  13.9  25.4   1.528   2.2   4.3
   1 1973 260 12640.  13.1  23.3   1.751   1.9   0.6
   1 1973 261  8670.  14.3  24.6   1.558   1.7   0.8
   1 1973 262  4600.  12.5  21.0   1.403   4.7   8.2
   1 1973 263 11040.  11.7  17.3   1.450   2.1   4.2
   1 1973 264  3260.  13.5  19.0   1.685   4.3   5.6
   1 1973 265  8530.  10.7  16.7   1.125   3.3  21.2
   1 1973 266  7120.   6.9  15.3   1.080   1.5   0.0
   1 1973 267 10410.   4.0  14.3   0.975   1.3   0.2
   1 1973 268  8250.   7.3  14.5   1.270   2.4   0.5
   1 1973 269  8640.   4.2  16.6   1.133   1.0   0.0
   1 1973 270 11010.   9.1  16.4   1.422   2.1   5.8
   1 1973 271  6800.  11.3  17.6   1.313   4.9   2.4
   1 1973 272  5350.  10.0  17.6   1.030   3.9   2.8
   1 1973 273  3330.   7.9  12.2   1.110   3.7   3.5
   1 1973 274 12340.   3.3  12.1   1.110   1.1   0.0
   1 1973 275 13950.   1.3  15.2   1.073   0.9   0.0
   1 1973 276  7010.   8.1  16.7   1.460   2.4   0.0
   1 1973 277 12070.   9.7  17.6   1.148   1.9   0.0
   1 1973 278 11290.   7.0  19.3   1.133   1.0   0.0
   1 1973 279 10970.   3.9  21.6   1.044   0.8   0.1
   1 1973 280  2180.   8.1  20.6   1.431   1.4   0.1
   1 1973 281  3700.  11.8  14.9   1.367   1.0   0.5
   1 1973 282  3200.  11.7  15.1   1.164   3.8   0.0
   1 1973 283  5060.  10.1  15.2   1.322   2.9   9.0
   1 1973 284  6940.   5.8  15.4   0.842   1.9   9.9
   1 1973 285  9910.  -2.0   9.9   0.721   1.9   2.4
   1 1973 286  8580.   2.4   8.8   0.547   2.8   0.0
   1 1973 287  5150.   0.6   8.1   0.638   1.2   0.0
   1 1973 288  4990.   3.0   8.7   0.961   1.5   4.0
   1 1973 289  1470.   7.5  11.4   1.148   1.7   4.1
   1 1973 290  5520.   0.3  10.5   0.785   1.9   7.5
   1 1973 291  5260.   0.5  10.9   0.666   3.1   7.3
   1 1973 292  1680.   2.2   8.4   0.842   5.1   5.6
   1 1973 293  5040.   6.7  10.6   1.030   1.9  16.5
   1 1973 294  3290.   7.7  12.7   1.073   4.9  12.7
   1 1973 295  6070.   0.0  12.6   0.774   2.3   2.2
   1 1973 296  5650.   5.9  11.1   1.030   3.4   2.5
   1 1973 297  8320.  -0.4  12.1   0.638   0.9   1.1
   1 1973 298  6970.   1.0  12.5   0.802   1.0   0.0
   1 1973 299  7750.   3.1  12.1   0.785   1.1   0.0
   1 1973 300  8500.   2.6  12.6   0.802   1.9   0.0
   1 1973 301  5080.   1.1  14.1   0.629   1.5   0.0
   1 1973 302  7750.   2.5  11.0   0.975   0.8   0.0
   1 1973 303  2460.   3.2  12.1   0.975   1.1   0.0
   1 1973 304  5730.   7.9  12.4   1.110   2.4   0.1
   1 1973 305  6550.   3.6  12.6   0.638   3.2   0.0
   1 1973 306  1980.   1.1   9.6   0.681   1.3   0.0
   1 1973 307  6760.   2.8   8.5   0.910   2.4   0.0
   1 1973 308  5750.   3.6  13.1   0.774   2.5   0.0
   1 1973 309  3130.   4.4  13.1   1.204   4.1   2.0
   1 1973 310  2730.   1.7  14.5   0.731   3.6  11.4
   1 1973 311  2730.   2.8   6.6   0.802   3.8   4.9
   1 1973 312  2600.   6.5  10.1   1.125   4.2   0.2
   1 1973 313  2190.   9.7  13.0   1.002   5.0   0.0
   1 1973 314   940.   8.8  11.5   1.080   5.1   0.9
   1 1973 315  5290.   5.6   9.5   0.831   3.9   5.8
   1 1973 316  2760.   2.9   9.6   0.706   5.6   1.5
   1 1973 317  3820.   4.3  11.8   0.706   7.6   9.8
   1 1973 318  3190.   4.7   9.6   0.774   3.0   7.6
   1 1973 319  4350.   3.2   8.4   0.897   4.8   5.9
   1 1973 320  3730.   3.1   9.7   0.813   5.6   1.8
   1 1973 321  4070.   1.5   9.5   0.602   2.7   1.6
   1 1973 322  4760.  -0.7   6.6   0.547   1.7   0.0
   1 1973 323  2690.  -0.5   7.6   0.910   6.1   0.0
   1 1973 324  4850.   2.2  10.1   0.652   2.1   0.3
   1 1973 325  4760.  -1.0   9.1   0.559   0.6   0.0
   1 1973 326  3350.  -3.7   7.7   0.547   0.7   0.0
   1 1973 327   800.  -1.7   6.4   0.910   2.7   0.2
   1 1973 328  1030.   6.4  10.6   1.180   8.0   0.2
   1 1973 329  3530.   0.7  11.1   0.638   3.7   3.6
   1 1973 330  1770.   0.0   5.6   0.547   3.4   3.0
   1 1973 331  2900.  -2.6   2.5   0.559   3.3  10.0
   1 1973 332  4340.  -3.4   2.1   0.520   2.9   2.7
   1 1973 333  4970.  -3.9   1.8   0.437   1.4   3.4
   1 1973 334  2090.  -7.5   1.7   0.531   1.7   1.8
   1 1973 335  2920. -15.8   0.6   0.157   0.7   1.0
   1 1973 336  5730. -21.7  -3.0   0.119   0.7   3.2
   1 1973 337   710. -17.9  -0.4   0.520   5.0   0.3
   1 1973 338  2040.  -0.6   8.3   0.935   4.3   1.5
   1 1973 339   900.   5.8   8.5   0.910   2.5   1.7
   1 1973 340  1950.   6.4   8.2   0.961   6.9   1.1
   1 1973 341  3130.   1.9   8.7   0.559   3.4   4.6
   1 1973 342   810.   2.5  10.4   0.831   5.1  14.4
   1 1973 343  4870.  -3.0   6.7   0.479   0.6   1.1
   1 1973 344  4020.  -5.0   2.6   0.384   2.5   0.0
   1 1973 345   420.  -4.4   0.6   0.479   4.2   0.0
   1 1973 346  1520.   0.6   2.6   0.681   4.2   6.3
   1 1973 347  1240.   2.2   7.6   0.747   7.4   5.7
   1 1973 348  1010.   1.9   7.5   0.731   5.8   5.1
   1 1973 349  3610.   0.0   3.5   0.547   3.7   4.7
   1 1973 350   350.   1.2   4.1   0.721   6.2   1.3
   1 1973 351  2410.   2.8   6.7   0.629   5.7   5.8
   1 1973 352  3420.  -0.1   5.0   0.585   2.9   0.2
   1 1973 353  3580.   0.0   3.8   0.531   3.5   0.0
   1 1973 354  1520.  -0.2   3.9   0.531   3.7   0.0
   1 1973 355  2340.   1.1   5.9   0.547   2.4   0.0
   1 1973 356  1100.   1.4   6.5   0.813   3.6   0.1
   1 1973 357  1770.   2.9   7.9   0.721   2.2   0.0
   1 1973 358   730.   3.4   6.7   0.866   1.4   3.6
   1 1973 359  1270.   4.0   5.6   0.652   1.8   0.0
   1 1973 360   890.   0.6   5.3   0.681   2.5   0.0
   1 1973 361   440.   2.8   5.5   0.866   3.4   1.0
   1 1973 362   510.   5.5   7.3   0.948   3.0   1.1
   1 1973 363   780.   4.6   7.4   0.758   2.7   0.1
   1 1973 364   760.  -1.5   4.7   0.547   2.4   0.0
   1 1973 365  2120.  -1.3   2.3   0.531   0.7   0.2
