*---------------------------------------------------------------------------*
* Station name: de Bilt, the Netherlands
* Year: 1969                                              -99.000: NIL VALUE
* Author: -
* Source: KNMI, de Bilt
* Comments: WMO identification - 6260
* 
* Longitude: 5 12 N, latitude: 52 06 E, altitude: 2 m.
* 
* Column  Daily value
* 1       station number
* 2       year
* 3       day
* 4       irradiation                   (kJ m-2 d-1)
* 5       minimum temperature           (degrees Celsius)
* 6       maximum temperature           (degrees Celsius)
* 7       early morning vapour pressure (kPa)
* 8       mean wind speed               (m s-1)
* 9       precipitation                 (mm d-1)
*---------------------------------------------------------------------------*
5.2 52.1 2. 0. 0.
  12 1969   1  1290.  -2.5   5.2   0.630   3.8   2.3
  12 1969   2  1300.   3.9   7.8   0.870   3.8   2.0
  12 1969   3  1610.   1.5   5.8   0.730   1.5   0.0
  12 1969   4  1320.  -0.4   1.6   0.590   3.3   0.0
  12 1969   5  2590.  -2.3   0.9   0.510   1.8   0.0
  12 1969   6  1350.  -1.1   0.6   0.520   4.0   0.0
  12 1969   7  1620.   0.2   3.2   0.550   5.5   0.0
  12 1969   8  1540.   0.4   4.3   0.630   3.0   0.0
  12 1969   9  1400.  -1.6   2.0   0.600   2.3   0.0
  12 1969  10  1730.  -1.0   1.7   0.580   5.0   0.1
  12 1969  11  1440.  -0.3   4.1   0.650   3.0   1.0
  12 1969  12  1460.   0.0   5.5   0.690   4.3   0.3
  12 1969  13  1480.   5.1  10.2   0.900   6.5   1.5
  12 1969  14  3550.   4.1   8.8   0.830   3.3   0.1
  12 1969  15  1850.   3.4   5.8   0.760   5.0   6.9
  12 1969  16  1600.   3.6   6.5   0.740   6.8   0.4
  12 1969  17  1850.   2.6   5.1   0.700   6.3   0.5
  12 1969  18  1600.   2.7   7.5   0.760   7.5   5.2
  12 1969  19  1620.   2.2   6.9   0.750   3.3   6.1
  12 1969  20  2000.   0.1   6.3   0.720   4.0   1.8
  12 1969  21  2670.   4.1   8.1   0.760   5.0   1.6
  12 1969  22  1710.   6.9   9.9   0.980   3.5   0.0
  12 1969  23  3700.   4.1   8.1   0.890   2.0   8.6
  12 1969  24  1770.   3.1   8.3   0.890   3.0   0.0
  12 1969  25  1800.   7.8   9.9   1.090   1.8   0.2
  12 1969  26  1840.   5.1   9.2   0.940   4.0   0.1
  12 1969  27  1870.   4.6   8.0   0.870   4.0   0.0
  12 1969  28  1910.   4.8  10.4   0.930   5.0   0.3
  12 1969  29  2450.   5.3   7.7   0.850   4.3   4.3
  12 1969  30  1980.   4.1   7.9   0.810   6.8   0.0
  12 1969  31  4310.   1.8   7.9   0.660   5.5   1.2
  12 1969  32  3120.   0.8   6.9   0.690   6.3   0.0
  12 1969  33  2360.   1.0   4.9   0.620   7.3   4.0
  12 1969  34  5540.  -1.3   5.4   0.600   3.0   4.0
  12 1969  35  3970.  -2.6   5.1   0.570   1.3   0.3
  12 1969  36  2220.   0.8   6.9   0.760   1.5   0.1
  12 1969  37  2260.   1.7   5.1   0.740   5.5   0.0
  12 1969  38  4090.  -1.8   4.2   0.600   2.8   4.8
  12 1969  39  4160.  -2.8   3.2   0.550   4.5   3.0
  12 1969  40  3710.  -1.5   1.9   0.580   3.3   6.9
  12 1969  41  7260.  -4.9   4.0   0.530   1.5   5.1
  12 1969  42  2480.  -8.1  -0.2   0.430   3.8   0.8
  12 1969  43  2530.  -6.4   1.2   0.470   5.3   4.0
  12 1969  44  8120. -14.2  -2.8   0.270   1.8   2.9
  12 1969  45  8470. -16.4  -4.1   0.240   3.3   0.0
  12 1969  46  8750. -11.3  -3.6   0.290   6.8   0.2
  12 1969  47  2730.  -4.3   0.9   0.450   6.5   0.0
  12 1969  48  2780.  -3.4  -0.4   0.480   2.3   2.1
  12 1969  49  2830.  -2.2   1.0   0.540   3.5   2.5
  12 1969  50  2880.  -7.7  -1.4   0.370   6.3   0.0
  12 1969  51  2930.  -2.3   5.1   0.620   3.8   5.8
  12 1969  52  2990.   2.9   4.9   0.700   3.8   3.4
  12 1969  53  5610.   2.7   7.6   0.680   4.3   1.3
  12 1969  54  7590.   0.3   9.2   0.670   5.3   0.4
  12 1969  55  3150.   0.3   4.4   0.600   4.0   0.0
  12 1969  56  3830.  -0.5   3.1   0.580   3.3   0.0
  12 1969  57  3890.  -1.6   0.8   0.520   3.3   0.0
  12 1969  58  3320.  -1.8   1.2   0.550   2.8   0.7
  12 1969  59  4930.  -0.4   4.8   0.620   4.8   0.0
  12 1969  60  3430.  -1.5   1.7   0.540   4.3   0.0
  12 1969  61  4980.   0.1   6.5   0.600   4.3   0.0
  12 1969  62  3920.   1.3   6.8   0.610   4.0   0.0
  12 1969  63 12170.  -2.3   8.7   0.530   5.3   0.0
  12 1969  64 12610.  -4.8   6.9   0.440   4.8   0.0
  12 1969  65 12850.  -3.8   8.4   0.500   3.3   0.0
  12 1969  66  6330.  -3.9   4.7   0.570   2.5   0.1
  12 1969  67 12160.  -5.0   9.9   0.520   4.8   0.0
  12 1969  68  6900.  -2.8   7.1   0.550   2.0   0.1
  12 1969  69  8100.  -4.3   7.8   0.430   3.3   0.0
  12 1969  70  5140.  -0.8   5.5   0.620   4.5   4.3
  12 1969  71  4080.  -1.0   1.4   0.560   4.8   1.9
  12 1969  72  4150.   0.4  11.0   0.870   4.3   9.4
  12 1969  73  4210.   5.1  12.3   1.020   3.5  13.4
  12 1969  74  4270.  -0.4   5.1   0.640   7.8   6.1
  12 1969  75  4330.  -1.3   0.9   0.520   6.5   2.9
  12 1969  76  4390.  -1.0   1.5   0.550   7.0   1.3
  12 1969  77  4450.  -1.2   0.8   0.530   5.8   1.3
  12 1969  78  4840.  -0.4   7.1   0.650   4.3   0.1
  12 1969  79 10840.  -0.5   7.2   0.590   4.3   0.0
  12 1969  80 15040.  -1.8   7.8   0.510   6.3   0.0
  12 1969  81 15630.  -1.7   5.2   0.460   6.0   0.0
  12 1969  82 12960.  -1.7   5.7   0.560   6.3   0.0
  12 1969  83  4820.  -0.6   4.0   0.610   4.5   0.2
  12 1969  84 10130.  -1.0   5.9   0.590   5.5   0.4
  12 1969  85  6670.  -1.1   4.1   0.500   5.5   0.0
  12 1969  86 15880.  -2.7   5.4   0.490   4.5   0.0
  12 1969  87 11590.  -2.2   6.1   0.540   2.8   0.0
  12 1969  88  7480.  -5.5   8.0   0.540   3.8   0.1
  12 1969  89  5430.   4.1   9.1   0.890   5.8   0.3
  12 1969  90  5250.   3.5   9.2   0.850   6.5   6.1
  12 1969  91 10930.   2.1   7.6   0.670   5.3   9.4
  12 1969  92 10910.   2.3   7.7   0.650   4.0   0.1
  12 1969  93 12930.  -0.6   8.9   0.650   3.5   0.0
  12 1969  94 19120.  -0.1  12.3   0.670   4.8   0.1
  12 1969  95 19630.   2.2  14.3   0.750   7.0   0.0
  12 1969  96 19030.   1.7  19.0   0.790   5.8   0.0
  12 1969  97 19780.   6.0  21.2   0.860   2.5   0.0
  12 1969  98 19170.   7.3  22.6   0.900   2.3   0.0
  12 1969  99 19550.   5.8  23.4   0.960   1.8   0.0
  12 1969 100 10250.   3.7  18.4   0.990   4.8   0.0
  12 1969 101  5910.   6.5  11.5   1.060   7.5   0.5
  12 1969 102  8130.   3.9  10.0   0.780   7.3  10.9
  12 1969 103 13680.   1.4   6.9   0.620   4.8   4.3
  12 1969 104 16210.   1.8   8.8   0.600   5.0   3.9
  12 1969 105  6140.   4.0  10.4   0.940   5.5   6.5
  12 1969 106 17580.   3.2   9.4   0.710   5.0  11.0
  12 1969 107 19500.   1.7   8.9   0.630   5.3   1.2
  12 1969 108 17790.   0.2   7.2   0.610   4.8   0.1
  12 1969 109 13830.  -0.2   7.7   0.560   2.3   2.6
  12 1969 110 14050.  -0.3   9.3   0.570   3.0   0.0
  12 1969 111  7790.   2.4  10.9   0.810   7.5   0.1
  12 1969 112 16200.   6.5  12.1   0.900   4.0   9.8
  12 1969 113 11100.   5.0  12.1   0.960   2.8   2.1
  12 1969 114  6630.   4.0  12.7   0.960   5.5   0.0
  12 1969 115 18340.   7.3  15.3   1.030   4.3   8.2
  12 1969 116  6740.   7.1  16.6   1.200   5.0   0.0
  12 1969 117 20540.   5.0  14.5   0.920   3.0   2.9
  12 1969 118 23600.   3.1  14.1   0.850   3.0   0.0
  12 1969 119 23030.   0.9  12.7   0.740   2.8   0.0
  12 1969 120 20270.  -0.2  13.6   0.740   4.3   0.1
  12 1969 121  6980.   5.5   9.9   0.880   3.3   0.0
  12 1969 122 17020.   7.9  20.8   1.230   3.3   1.4
  12 1969 123 14900.  11.4  20.4   1.370   2.5   0.2
  12 1969 124 10700.  11.7  20.7   1.590   2.0   7.6
  12 1969 125 17920.  10.6  19.6   1.340   3.3  11.6
  12 1969 126  7220.   9.7  12.3   1.200   3.5   0.0
  12 1969 127 18900.   8.9  17.0   1.090   3.0   5.8
  12 1969 128 10360.   5.0  16.2   0.990   2.8   0.0
  12 1969 129 18750.   3.5  17.5   0.990   2.5   0.1
  12 1969 130  8640.   7.3  15.0   1.170   5.3   0.9
  12 1969 131 10920.  11.2  18.4   1.500   2.3   7.9
  12 1969 132 20910.   9.3  25.6   1.500   2.8   0.1
  12 1969 133 22230.  16.6  28.7   1.790   3.3   0.0
  12 1969 134 15130.  12.0  22.1   1.520   3.8   0.0
  12 1969 135 13210.  10.8  19.2   1.350   4.0   5.0
  12 1969 136 19600.   7.5  14.2   1.000   5.5   2.6
  12 1969 137 11190.   7.5  13.7   1.100   5.0   3.3
  12 1969 138 14060.   5.0  11.7   0.880   3.8  15.2
  12 1969 139 10560.   4.8   9.5   0.810   5.5   5.9
  12 1969 140  8750.   3.4  10.3   0.820   2.3   4.6
  12 1969 141  9920.   0.5  11.2   0.780   2.5   1.3
  12 1969 142 25020.   5.8  15.4   0.960   3.0   0.3
  12 1969 143 19660.   3.9  18.1   0.840   4.3   0.0
  12 1969 144 18710.   9.9  23.3   1.190   4.0   0.0
  12 1969 145 13480.  14.1  22.0   1.470   3.0   0.0
  12 1969 146 13650.   6.4  16.2   0.980   3.5   0.2
  12 1969 147 20110.   4.5  19.4   1.020   3.3   0.0
  12 1969 148 16000.  12.0  18.2   1.250   3.0   6.7
  12 1969 149 24620.  10.8  20.1   1.160   3.0   2.5
  12 1969 150 12770.   9.5  18.9   1.250   2.5   1.0
  12 1969 151 12510.   8.4  17.0   1.220   3.0   0.3
  12 1969 152 16410.   6.2  16.4   1.060   2.0   3.5
  12 1969 153 15430.   6.0  15.7   1.040   3.3   0.0
  12 1969 154  9140.   7.4  14.8   1.110   4.3  23.5
  12 1969 155 18350.   6.1  13.2   0.920   4.8   1.8
  12 1969 156 15210.   8.5  15.3   1.050   5.8   3.6
  12 1969 157 23140.   6.6  16.3   0.910   5.5   0.2
  12 1969 158 18270.   7.7  18.2   1.050   6.0   0.0
  12 1969 159 29940.   8.8  22.6   1.050   5.3   0.0
  12 1969 160 30250.   7.5  21.2   1.060   4.3   0.0
  12 1969 161 29980.  10.7  24.3   1.220   5.0   0.0
  12 1969 162 28840.  12.1  24.8   1.300   5.8   0.0
  12 1969 163 29430.  10.9  23.1   1.240   4.3   0.0
  12 1969 164 23400.  11.6  27.0   1.460   2.5   0.0
  12 1969 165 24130.  13.1  26.2   1.700   2.3   0.0
  12 1969 166 23420.  13.4  26.5   1.770   1.5   0.0
  12 1969 167 13190.  12.8  25.0   1.660   3.5   0.0
  12 1969 168 18100.  11.7  20.1   1.280   3.3   5.3
  12 1969 169  8300.  10.8  20.6   1.360   2.3   0.0
  12 1969 170 26170.   8.9  19.5   1.170   3.0   0.3
  12 1969 171 16230.   7.5  19.5   1.250   4.0   0.0
  12 1969 172 18530.   9.5  19.5   1.240   2.8   1.1
  12 1969 173 19110.   8.6  20.1   1.130   2.8   0.5
  12 1969 174  9020.  14.0  22.8   1.500   3.5   0.0
  12 1969 175 10600.  14.5  20.2   1.610   3.8   0.0
  12 1969 176  8290.  13.0  17.9   1.440   3.0   0.0
  12 1969 177 21250.   8.4  19.5   1.150   2.5   0.6
  12 1969 178  9870.   8.2  16.6   1.170   2.5   0.8
  12 1969 179 23090.   7.5  19.0   1.110   3.0   1.0
  12 1969 180  9270.   7.9  20.5   1.180   2.8   0.0
  12 1969 181 23070.  10.7  24.6   1.370   2.0   0.0
  12 1969 182 21320.   9.0  24.4   1.350   2.0   0.0
  12 1969 183 20440.  11.0  26.1   1.560   2.5   0.0
  12 1969 184 10380.  13.4  21.9   1.740   2.0   0.7
  12 1969 185 26150.  10.7  24.0   1.330   2.5   2.2
  12 1969 186 23250.  10.7  21.4   1.370   2.5   0.0
  12 1969 187  8320.  10.3  21.7   1.420   2.5   0.0
  12 1969 188 10310.  10.5  17.5   1.360   5.5   8.8
  12 1969 189  9860.   8.7  14.0   1.160   3.0   7.8
  12 1969 190 14420.   7.9  16.1   1.170   2.3  13.4
  12 1969 191 16540.   8.2  17.5   1.140   3.0   2.5
  12 1969 192  9080.  10.6  17.4   1.380   3.5   6.7
  12 1969 193  8200.  10.7  19.4   1.440   2.5   1.5
  12 1969 194 22440.  12.1  23.3   1.640   2.5   0.0
  12 1969 195 15280.   8.9  21.1   1.380   1.3   0.0
  12 1969 196 28910.  12.0  26.8   1.560   3.5   0.0
  12 1969 197 23030.  16.3  30.2   1.830   3.5   0.0
  12 1969 198 15180.  10.9  23.0   1.450   2.3   0.0
  12 1969 199 17840.   9.0  22.8   1.340   1.8   0.0
  12 1969 200 20060.   8.6  23.9   1.280   5.0   0.0
  12 1969 201 14500.  15.0  21.6   1.660   2.8   0.1
  12 1969 202 17990.  14.7  25.6   1.840   2.0   0.0
  12 1969 203 17530.  13.6  23.9   1.840   3.0   0.0
  12 1969 204 24390.  15.0  31.1   1.950   2.8   0.0
  12 1969 205 15600.  18.7  28.7   2.290   4.0   1.4
  12 1969 206  7970.  17.3  22.6   1.770   4.3   0.8
  12 1969 207 13120.  16.8  26.5   2.020   2.5   0.0
  12 1969 208 19660.  15.9  25.1   1.860   2.5   0.0
  12 1969 209 19750.  13.8  28.9   1.810   3.8   0.0
  12 1969 210 22060.  16.9  31.1   2.090   3.8   0.0
  12 1969 211  9310.  16.2  24.1   1.890   3.5   0.0
  12 1969 212  7460.  17.1  22.1   1.920   3.3   0.0
  12 1969 213 18250.  18.4  29.5   2.270   2.5   2.0
  12 1969 214 21650.  15.8  30.9   2.130   4.0   0.0
  12 1969 215 19510.  16.1  24.8   1.730   3.8   6.4
  12 1969 216 25510.  13.5  28.0   1.620   2.0   0.0
  12 1969 217 16480.  19.0  29.1   2.190   1.8   0.0
  12 1969 218 18340.  14.2  23.4   1.650   2.8   3.6
  12 1969 219 22240.  10.3  23.5   1.410   2.8   0.0
  12 1969 220 23520.  13.3  27.3   1.500   3.0   0.0
  12 1969 221 21930.  16.3  29.8   1.410   3.3   0.0
  12 1969 222 22800.  16.7  30.4   1.370   3.0   0.0
  12 1969 223 23390.  14.8  28.1   1.100   3.8   0.0
  12 1969 224 16130.  14.3  27.1   1.490   4.0   0.0
  12 1969 225 15380.  12.3  22.4   1.550   1.8  10.7
  12 1969 226 13690.  11.5  23.9   1.420   2.3   0.0
  12 1969 227  6930.  15.8  20.4   1.790   2.5   1.0
  12 1969 228  6740.  16.2  19.7   1.810   3.5  19.3
  12 1969 229 11080.  13.4  21.7   1.730   2.3   9.6
  12 1969 230 11950.  11.3  22.3   1.530   2.0  12.2
  12 1969 231 10560.  15.9  23.4   1.880   3.0   1.1
  12 1969 232 13260.  11.7  20.4   1.420   4.0   0.4
  12 1969 233 15150.  11.6  18.1   1.320   5.0  34.7
  12 1969 234  8530.  10.8  17.1   1.320   2.8   2.0
  12 1969 235 12370.   9.2  17.6   1.280   3.5  17.6
  12 1969 236 10220.  12.6  18.6   1.560   4.0  24.7
  12 1969 237  6400.   9.9  15.6   1.250   3.5   9.7
  12 1969 238  8280.   9.7  15.3   1.220   3.0   8.6
  12 1969 239 11670.   9.0  18.3   1.250   3.8   4.2
  12 1969 240 10950.  11.0  18.3   1.420   3.5   8.3
  12 1969 241 16720.  12.6  19.9   1.480   3.5  23.8
  12 1969 242 11180.  13.4  19.1   1.420   2.5   0.1
  12 1969 243  6820.  12.9  19.3   1.500   1.8   0.0
  12 1969 244  6260.  12.7  17.1   1.320   2.8   0.4
  12 1969 245  7690.  11.2  18.2   1.270   3.5   0.0
  12 1969 246 15560.   7.2  19.1   1.150   2.8   0.0
  12 1969 247 15700.  11.0  19.9   1.320   2.3   0.1
  12 1969 248 17060.   8.3  19.2   1.200   2.5   0.0
  12 1969 249 11450.   9.9  19.8   1.340   4.3   0.0
  12 1969 250 15360.  11.2  20.0   1.350   4.0   0.0
  12 1969 251 17900.   9.2  22.4   1.400   2.8   0.0
  12 1969 252 15850.  11.5  24.0   1.590   2.0   0.0
  12 1969 253  5840.  12.5  20.4   1.700   2.5   0.1
  12 1969 254 14430.  11.0  24.7   1.560   3.8   0.1
  12 1969 255 17960.  14.4  26.5   1.710   2.5   0.0
  12 1969 256 16650.  13.0  26.9   1.770   1.8   0.0
  12 1969 257 11170.  12.0  27.3   1.670   1.3   0.0
  12 1969 258  6800.  13.8  23.4   1.760   1.8   0.0
  12 1969 259  5000.  15.3  20.0   1.840   1.3   0.1
  12 1969 260  5400.  15.1  21.5   1.830   2.5   0.2
  12 1969 261 14740.  10.1  19.3   1.210   4.8   1.3
  12 1969 262 17200.   5.8  18.1   0.870   3.5   0.0
  12 1969 263 15260.   2.2  18.0   0.930   2.8   0.0
  12 1969 264  4700.  10.9  17.8   1.440   6.0   0.4
  12 1969 265 12680.   5.2  18.9   1.060   2.8   0.6
  12 1969 266 12450.   4.1  19.0   1.050   1.8   0.7
  12 1969 267 13950.   7.0  20.9   1.230   2.0   0.0
  12 1969 268 10380.   9.5  20.1   1.380   3.0   0.0
  12 1969 269  7390.  11.2  18.1   1.240   5.8   0.0
  12 1969 270  9320.   5.1  16.2   0.950   2.8   3.4
  12 1969 271 14680.   2.2  15.7   0.800   3.8   0.3
  12 1969 272  7350.   3.9  16.1   0.880   1.8   2.2
  12 1969 273 13460.   1.0  14.8   0.740   2.3   0.0
  12 1969 274  8300.   4.6  14.6   0.790   3.3   0.3
  12 1969 275  4050.   4.1  15.4   0.970   3.8   0.8
  12 1969 276  6500.  13.8  18.4   1.500   3.0   2.0
  12 1969 277  4630.  10.9  19.9   1.510   1.3   0.0
  12 1969 278 11970.   9.7  20.2   1.360   3.0   0.2
  12 1969 279 10080.   8.6  21.6   1.480   1.5   0.0
  12 1969 280  5500.  10.6  21.4   1.550   2.5   0.1
  12 1969 281  9370.  11.7  22.5   1.560   2.3   0.0
  12 1969 282 12300.   9.1  23.3   1.550   1.0   0.0
  12 1969 283 11410.   5.9  20.3   1.240   1.5   0.1
  12 1969 284 10710.   6.6  20.6   1.390   3.8   0.2
  12 1969 285  5960.   8.3  16.9   1.310   2.3   0.0
  12 1969 286  3410.   8.2  10.1   1.110   2.3   0.4
  12 1969 287  7700.   8.4  18.8   1.310   3.0   0.0
  12 1969 288  6710.   7.3  17.8   1.300   1.5   0.1
  12 1969 289 10700.   4.6  19.0   1.150   1.5   0.1
  12 1969 290 10130.   6.9  21.2   1.280   2.0   0.1
  12 1969 291  9480.   7.0  17.5   1.230   1.5   0.2
  12 1969 292  9440.   4.6  20.1   1.190   1.3   0.2
  12 1969 293  8470.   4.2  20.3   1.260   1.0   0.2
  12 1969 294  3060.  11.7  18.6   1.550   1.3   0.3
  12 1969 295  3090.  11.8  16.9   1.510   1.0   0.7
  12 1969 296  4850.  10.8  17.4   1.420   3.5   0.0
  12 1969 297  6000.   9.8  14.6   1.120   4.0   2.7
  12 1969 298  4540.   8.7  14.5   1.150   3.8   7.2
  12 1969 299  4160.   6.1  15.6   1.110   2.0   1.4
  12 1969 300  3460.   9.2  16.4   1.290   2.5   0.0
  12 1969 301  3720.  10.6  15.9   1.330   3.5   0.0
  12 1969 302  4580.   8.4  13.2   0.970   3.5   0.9
  12 1969 303  3440.   9.1  12.5   0.960   4.5   0.0
  12 1969 304  2490.  10.1  13.8   1.120   4.3   2.7
  12 1969 305  3700.   9.0  12.7   1.000   5.5   0.0
  12 1969 306  2400.   8.9  14.8   1.200   8.0   0.0
  12 1969 307  2350.  13.1  15.8   1.240   9.8   0.0
  12 1969 308  2310.   4.9  13.9   0.890   5.3   0.0
  12 1969 309  5020.   2.5  11.0   0.750   2.3  10.5
  12 1969 310  3760.  -0.7   8.9   0.680   3.3   3.4
  12 1969 311  2180.  -0.2   6.5   0.640   4.8   0.2
  12 1969 312  2760.   6.0  11.5   0.900   6.8   6.1
  12 1969 313  2310.   4.8  11.6   0.890   8.8   3.1
  12 1969 314  3590.   5.7  10.6   0.870   7.3   8.3
  12 1969 315  2030.   9.3  14.3   1.180   7.5   0.7
  12 1969 316  4450.   6.5  14.6   0.990   8.0  16.7
  12 1969 317  2210.   0.6   9.9   0.740   3.3   1.8
  12 1969 318  2930.   0.8   9.0   0.750   5.3   1.7
  12 1969 319  2950.   4.0   8.4   0.740   8.0   0.2
  12 1969 320  2160.   3.1   9.2   0.800   6.8  10.9
  12 1969 321  2120.   3.1   8.3   0.730   4.0   2.1
  12 1969 322  1780.   1.6   8.3   0.670   7.0   1.2
  12 1969 323  1750.   7.4  11.9   0.940   6.5   1.2
  12 1969 324  4490.   3.7  11.2   0.740   4.8   0.0
  12 1969 325  1690.   3.1   9.2   0.830   3.3   0.6
  12 1969 326  1660.   3.8  10.7   0.930   1.8   1.8
  12 1969 327  1640.   3.9  10.9   0.920   3.5   0.2
  12 1969 328  3580.  -0.2   7.0   0.610   2.3   0.0
  12 1969 329  2090.  -1.3   2.5   0.550   4.0   3.1
  12 1969 330  2220.  -3.2   2.6   0.500   2.8   1.2
  12 1969 331  1530.  -1.7   6.4   0.630   6.3   0.2
  12 1969 332  2860.   0.3   6.7   0.640   4.5   4.7
  12 1969 333  2190.  -1.6   5.5   0.600   2.5   4.1
  12 1969 334  2690.  -3.6   0.2   0.490   2.3   1.4
  12 1969 335  1450.  -1.3   1.3   0.560   4.3   0.1
  12 1969 336  2890.   1.0   8.3   0.740   4.8   0.8
  12 1969 337  1410.   2.2   7.6   0.770   3.0   2.9
  12 1969 338  3240.  -2.1   3.8   0.490   2.3   1.1
  12 1969 339  4430.  -5.4   3.7   0.490   2.5   0.2
  12 1969 340  2570.  -4.1   1.0   0.480   3.0   0.5
  12 1969 341  1600.  -3.3  -0.7   0.460   4.5   0.1
  12 1969 342  2280.  -1.7   3.9   0.580   2.3   2.7
  12 1969 343  4680.  -5.0   4.4   0.510   1.3   0.2
  12 1969 344  4350.  -9.5  -3.2   0.320   1.3   0.1
  12 1969 345  2810. -10.8  -3.9   0.290   1.0   0.0
  12 1969 346  1290.  -7.5   0.0   0.420   1.3   0.1
  12 1969 347  1280.  -0.8   0.4   0.540   2.8   0.0
  12 1969 348  1270.  -0.5   1.7   0.560   6.8   0.2
  12 1969 349  1260.   0.0   1.7   0.590   3.5  10.1
  12 1969 350  1260.  -8.0   0.4   0.380   3.0   2.0
  12 1969 351  3060. -10.1  -4.3   0.280   4.3   0.0
  12 1969 352  1250.  -8.7  -1.1   0.340   4.5   0.0
  12 1969 353  3380.  -7.9  -2.6   0.310   2.8   0.0
  12 1969 354  3090. -11.2  -5.7   0.260   3.0   0.0
  12 1969 355  1240.  -8.6   0.4   0.370   6.3   0.0
  12 1969 356  1240.  -0.5   1.1   0.530   3.8  11.2
  12 1969 357  1480.  -0.3   5.4   0.670   2.0   4.5
  12 1969 358  1240.   0.8   4.1   0.680   2.8   0.9
  12 1969 359  1240.   2.5   4.9   0.720   3.0   2.1
  12 1969 360  1290.  -1.6   5.8   0.630   2.3   0.8
  12 1969 361  1300.  -4.2  -0.7   0.440   4.0   0.0
  12 1969 362  1260.  -4.9  -2.9   0.370   4.5   0.0
  12 1969 363  1260.  -7.3  -2.2   0.330   5.3   0.0
  12 1969 364  3680.  -7.1  -0.4   0.340   8.0   0.0
  12 1969 365  1910. -11.3  -4.2   0.240   5.3   0.0
