*---------------------------------------------------------------------------*
* Station name: de Bilt, the Netherlands
* Year: 1960                                              -99.000: NIL VALUE
* Author: -
* Source: KNMI, de Bilt
* Comments: WMO identification - 6260
* 
* Longitude: 5 12 N, latitude: 52 06 E, altitude: 2 m.
* 
* Column  Daily value
* 1       station number
* 2       year
* 3       day
* 4       irradiation                   (kJ m-2 d-1)
* 5       minimum temperature           (degrees Celsius)
* 6       maximum temperature           (degrees Celsius)
* 7       early morning vapour pressure (kPa)
* 8       mean wind speed               (m s-1)
* 9       precipitation                 (mm d-1)
*---------------------------------------------------------------------------*
5.2 52.1 2. 0. 0.
  12 1960   1  1290.   7.1  11.0   0.980   6.8   0.0
  12 1960   2  1350.   6.0   8.3   0.910   3.5   2.5
  12 1960   3  2790.   4.3   9.9   0.930   3.0   0.7
  12 1960   4  1320.   3.5  10.1   0.940   6.3   0.1
  12 1960   5  1340.   2.3  11.2   0.890   6.0   1.4
  12 1960   6  3920.   2.2   8.2   0.780   4.5   4.9
  12 1960   7  1370.   2.7   7.6   0.790   4.0   0.7
  12 1960   8  1640.  -1.7   6.9   0.630   5.5   0.3
  12 1960   9  4540.  -4.5  -0.4   0.370   5.3   0.7
  12 1960  10  4480.  -7.4  -0.4   0.350   3.8   0.0
  12 1960  11  2010.  -8.1   1.9   0.430   3.8   1.6
  12 1960  12  4100.  -8.5  -1.9   0.340   2.5   0.2
  12 1960  13  4570.  -9.1  -4.2   0.290   2.3   0.1
  12 1960  14  1500.  -7.7  -1.6   0.380   6.5   0.9
  12 1960  15  4790.  -9.4  -4.6   0.300   3.0   1.3
  12 1960  16  1550.  -4.6   1.8   0.500   3.8   0.0
  12 1960  17  3910.  -7.9   1.1   0.420   4.8   1.2
  12 1960  18  1600.   0.3   3.9   0.660   8.5   0.4
  12 1960  19  1620.   0.8   5.2   0.640  10.5   0.1
  12 1960  20  2800.   0.8   4.6   0.530   8.8   3.2
  12 1960  21  1680.  -1.5   5.0   0.620   5.8   1.2
  12 1960  22  3410.   4.8  11.2   0.970   7.8   2.5
  12 1960  23  1740.   8.0  10.5   0.930   9.5   0.0
  12 1960  24  1890.   8.8  12.1   0.980  11.0   3.9
  12 1960  25  1800.   4.9   9.5   0.830   3.5   4.7
  12 1960  26  1840.   1.9   6.5   0.760   2.8   9.6
  12 1960  27  3990.   1.9   6.8   0.760   5.3   0.1
  12 1960  28  1910.   4.8   9.4   0.870   9.5   3.9
  12 1960  29  1940.   3.0   5.3   0.690   7.5   1.1
  12 1960  30  1980.  -0.4   3.9   0.650   4.5  15.7
  12 1960  31  2020.  -0.5   0.5   0.560   6.0  11.4
  12 1960  32  2980.  -0.2   2.2   0.580   6.0   2.5
  12 1960  33  2090.   0.8   6.6   0.730   5.3   0.0
  12 1960  34  2130.   5.3   8.6   0.800   7.8   0.2
  12 1960  35  2590.   4.2   9.7   0.840   5.3   1.0
  12 1960  36  3190.   0.9   7.2   0.710   1.5  11.6
  12 1960  37  2540.  -2.8   5.1   0.580   4.8   0.3
  12 1960  38  8240.  -7.1   1.0   0.330   4.3   0.0
  12 1960  39  8500.  -7.4   2.3   0.330   3.5   0.0
  12 1960  40  8330.  -3.8   6.1   0.500   3.8   0.0
  12 1960  41  2440.  -2.3   5.7   0.660   3.5   0.0
  12 1960  42  2480.  -1.0   3.6   0.620   2.8   4.8
  12 1960  43  2530.  -0.8   3.2   0.600   2.5   0.0
  12 1960  44  2580.  -0.5   2.9   0.630   2.8   0.0
  12 1960  45  2630.  -0.2   3.8   0.630   5.8   0.3
  12 1960  46  7800.  -0.1   5.3   0.610   5.8   4.9
  12 1960  47  4240.  -0.8   4.8   0.580   6.0   1.4
  12 1960  48  7060.  -2.8   4.5   0.540   4.0   1.4
  12 1960  49  8140.  -4.6   4.3   0.520   4.8   0.0
  12 1960  50  5030.  -1.9   7.0   0.620   7.0   0.0
  12 1960  51  6110.  -1.0   8.2   0.710   9.5   0.6
  12 1960  52  8060.  -1.7   7.6   0.640   5.3   3.6
  12 1960  53  3040.  -1.4   5.1   0.660   3.3   1.0
  12 1960  54  3100.   1.2   3.3   0.700   3.5   5.2
  12 1960  55  9190.  -1.2   7.2   0.610   5.0   0.2
  12 1960  56  3210.   1.3   6.1   0.690   6.0   0.0
  12 1960  57  3260.   4.7   8.1   0.880   6.3   2.6
  12 1960  58  3320.   4.9  11.3   0.920   6.8   5.0
  12 1960  59  3560.   5.2  16.5   1.110   5.5   0.1
  12 1960  60  3430.   6.9  15.2   1.080   6.5   0.0
  12 1960  61  4420.   8.3  11.9   0.990   8.0   0.1
  12 1960  62  3550.   8.2  10.2   1.060   6.5   5.0
  12 1960  63  3610.   5.3   9.8   0.880   8.5   4.1
  12 1960  64  3660.   4.0   9.0   0.830   5.8   1.3
  12 1960  65 11590.   2.2   9.8   0.740   4.5   0.0
  12 1960  66 11230.  -0.1   9.4   0.610   6.8   0.0
  12 1960  67 13150.  -2.4   3.8   0.440   7.8   0.0
  12 1960  68 12500.  -4.5   1.8   0.390   7.5   0.0
  12 1960  69  7800.  -2.8   7.6   0.470   7.8   0.0
  12 1960  70  4020.   2.1   8.0   0.780   4.8   3.7
  12 1960  71  4080.   0.8  10.4   0.760   3.3   0.7
  12 1960  72 10150.   3.6  15.0   0.980   4.0   0.1
  12 1960  73 10270.   3.1  16.2   0.880   4.8   4.8
  12 1960  74 11860.   4.6  17.0   0.950   5.3   0.0
  12 1960  75 14000.   3.5  13.6   0.900   4.3   1.8
  12 1960  76  6530.   2.7   6.5   0.700   5.3   0.0
  12 1960  77  5100.   1.6   5.5   0.610   4.5   0.0
  12 1960  78  4510.   1.7   3.4   0.590   2.3   0.0
  12 1960  79 12370.   0.2   8.2   0.620   3.8   0.0
  12 1960  80  7520.  -2.0   5.1   0.530   4.8   0.0
  12 1960  81  4810.  -0.8   5.8   0.590   4.8   0.0
  12 1960  82 10270.  -2.2   8.8   0.610   4.3   0.1
  12 1960  83 15920.  -0.8  15.4   0.620   6.0   0.1
  12 1960  84 16290.   2.7  15.7   0.570   7.0   0.0
  12 1960  85  4950.   5.5  10.1   0.830   3.8   0.0
  12 1960  86  6630.   5.0  13.0   1.050   2.3   1.9
  12 1960  87  5070.   4.8   8.2   0.890   5.3   2.5
  12 1960  88  5130.   3.3   8.5   0.810   5.5   0.4
  12 1960  89  5190.   4.8   6.8   0.790   5.5   0.0
  12 1960  90  5250.   5.0  10.8   0.930   3.5   0.0
  12 1960  91  5430.   4.0  10.3   0.910   2.8   0.0
  12 1960  92  5380.   4.3   8.1   0.840   2.8   0.0
  12 1960  93 11240.   3.5  14.1   0.900   6.0   0.1
  12 1960  94 10360.   9.1  19.0   0.870   7.8   0.0
  12 1960  95  8130.   5.4  14.0   0.950   3.8   0.3
  12 1960  96 11150.   4.5  17.6   0.940   5.0   0.0
  12 1960  97 12110.   9.2  21.1   0.970   4.5   0.0
  12 1960  98 16810.  10.9  20.3   1.300   3.5   0.0
  12 1960  99  8050.   9.0  14.7   1.280   3.3  18.3
  12 1960 100  9000.   7.6  15.2   1.120   5.0   0.2
  12 1960 101  7180.   5.7  12.8   0.960   8.8   0.4
  12 1960 102  6100.   6.3  10.4   0.860   6.8   0.1
  12 1960 103 13170.   5.2  12.1   0.790   8.0   0.1
  12 1960 104  6090.   7.9  13.4   1.100   9.0   0.5
  12 1960 105 14900.   4.8  11.9   0.780   7.0   0.9
  12 1960 106 16540.   3.1  10.5   0.750   5.5   0.0
  12 1960 107 14050.   0.2   9.5   0.690   4.8   0.1
  12 1960 108 13610.   3.0  11.6   0.810   4.0   3.4
  12 1960 109 13040.   2.5  12.0   0.820   5.5   0.0
  12 1960 110 16410.   6.0  19.2   1.070   5.8   0.5
  12 1960 111 19280.   7.1  21.5   1.210   5.0   0.0
  12 1960 112 22960.   3.6  12.1   0.750   6.3   0.0
  12 1960 113  7640.   2.2  13.9   0.850   3.8   0.1
  12 1960 114 18240.   2.3  11.1   0.710   6.3   0.0
  12 1960 115  9500.   2.3  11.8   0.750   7.3   0.1
  12 1960 116  8620.   4.5   8.6   0.670   5.5   0.5
  12 1960 117 16900.   2.3  10.7   0.710   5.8   1.5
  12 1960 118 13190.   1.1  10.0   0.700   6.0   0.0
  12 1960 119 15840.   3.0  11.4   0.750   6.0   2.4
  12 1960 120 22440.   2.7  10.9   0.710   4.5   0.2
  12 1960 121 19670.   0.1  11.3   0.720   3.5   0.0
  12 1960 122  8540.   3.0   8.3   0.650   4.8   0.6
  12 1960 123 12570.  -0.8  10.3   0.640   3.5   0.0
  12 1960 124 23220.  -1.5  15.0   0.690   3.5   0.1
  12 1960 125 20820.   0.2  18.1   0.840   2.3   0.0
  12 1960 126 24770.   0.2  20.3   0.790   3.3   0.0
  12 1960 127 23610.   6.2  22.2   0.990   3.5   0.0
  12 1960 128 22990.   8.5  22.6   1.040   4.3   0.0
  12 1960 129 25020.  10.8  23.9   1.130   4.8   0.0
  12 1960 130 16870.   9.2  23.0   1.010   6.3   0.0
  12 1960 131 22100.  10.8  22.0   1.100   5.5   0.0
  12 1960 132 23010.  10.1  22.6   1.170   6.0   0.0
  12 1960 133 19710.  10.8  23.6   1.280   6.5   0.0
  12 1960 134  9090.  11.1  24.1   1.610   4.3   9.4
  12 1960 135 22220.  10.4  18.7   1.230   3.3   4.0
  12 1960 136 10580.  11.9  20.9   1.640   3.3   0.3
  12 1960 137  7800.   9.0  18.2   1.400   2.8  13.0
  12 1960 138  7980.   9.1  14.0   1.280   2.0   0.1
  12 1960 139  7730.   8.7  14.0   1.210   3.8   0.5
  12 1960 140  7760.  10.0  14.8   1.350   3.3   0.0
  12 1960 141 13900.   8.8  17.0   1.330   3.3   4.6
  12 1960 142  7830.   7.4  14.8   1.260   3.3   0.0
  12 1960 143  8000.   7.7  12.7   1.030   2.8   6.8
  12 1960 144 18140.   8.8  20.1   1.330   4.0   0.0
  12 1960 145 20180.   4.9  15.4   1.020   4.8  10.3
  12 1960 146 19930.   2.3  18.2   0.950   3.0   0.4
  12 1960 147 13970.   6.3  20.2   1.130   3.0   0.0
  12 1960 148 11570.  10.0  21.5   1.360   3.5   0.0
  12 1960 149 21040.  10.6  18.9   1.340   6.0   0.0
  12 1960 150  8330.   9.0  13.0   1.020   5.0   0.0
  12 1960 151 11360.   6.9  15.6   1.020   3.3   0.0
  12 1960 152 13830.   4.4  17.3   1.010   2.5   0.0
  12 1960 153 27910.   6.7  17.8   1.140   4.0   0.0
  12 1960 154 28090.   8.4  23.1   1.330   4.5   0.0
  12 1960 155 28550.  11.6  25.3   1.250   4.3   0.0
  12 1960 156 28290.  12.6  26.0   1.120   5.3   0.0
  12 1960 157 25870.  14.8  27.6   1.440   4.5   0.0
  12 1960 158 19850.  13.8  25.3   1.840   3.8   0.0
  12 1960 159 27210.   8.3  19.1   1.100   4.5  12.0
  12 1960 160 20170.   7.2  21.6   1.170   6.8   0.0
  12 1960 161 18030.  13.2  18.8   1.380   6.8   2.1
  12 1960 162 15600.  11.3  16.5   1.220   5.0   0.0
  12 1960 163  8260.  10.2  16.2   1.370   6.3   2.2
  12 1960 164 12590.  14.6  20.1   1.610   6.5   0.3
  12 1960 165 18360.   9.3  18.7   1.220   5.0   4.3
  12 1960 166 15490.   8.5  16.8   1.220   5.0   0.1
  12 1960 167 22560.   6.6  20.1   1.200   3.3   6.0
  12 1960 168  9300.   6.4  21.3   1.270   4.5   2.6
  12 1960 169 25020.  13.3  24.2   1.730   3.3   0.2
  12 1960 170 21990.  11.4  26.8   1.820   3.3   0.0
  12 1960 171 22280.  11.0  19.9   1.300   4.5   0.0
  12 1960 172  8880.   9.4  18.1   1.290   4.3   0.0
  12 1960 173  8300.  10.7  16.8   1.370   2.5   0.4
  12 1960 174 22850.   9.8  21.6   1.410   3.3   0.0
  12 1960 175 27310.  11.7  27.3   1.610   3.5   0.0
  12 1960 176 15210.  14.1  25.2   2.020   3.0   0.0
  12 1960 177 28880.  14.1  27.7   1.630   5.0  16.8
  12 1960 178 29150.  16.4  25.9   1.710   6.5   0.0
  12 1960 179 14610.  12.1  18.3   1.330   5.8   0.0
  12 1960 180 23220.   9.5  17.0   1.110   6.8   0.0
  12 1960 181  8690.   9.8  13.5   1.180   6.0   5.9
  12 1960 182 16010.   7.9  15.2   1.010   5.0   5.5
  12 1960 183 13980.   8.1  15.7   1.050   4.5   0.6
  12 1960 184 15540.   8.4  16.7   1.030   4.8   0.3
  12 1960 185  8640.   8.0  15.5   1.020   3.8   0.0
  12 1960 186 15220.   5.1  20.7   1.120   3.3   0.0
  12 1960 187  9040.  13.0  18.1   1.570   6.3   0.0
  12 1960 188 15900.  13.1  19.2   1.290   7.5   9.6
  12 1960 189 14870.  13.0  18.9   1.470   5.5   1.3
  12 1960 190  8270.  12.9  18.5   1.570   3.8   6.3
  12 1960 191 16540.  12.9  19.7   1.470   5.3  24.6
  12 1960 192  8220.  13.1  17.7   1.560   6.5   1.8
  12 1960 193 17760.  14.3  20.1   1.530   8.5   9.0
  12 1960 194 22010.  11.1  20.0   1.330   4.8   6.7
  12 1960 195 14850.  11.1  20.6   1.370   5.3   0.0
  12 1960 196 15530.  12.7  20.7   1.480   4.3   0.0
  12 1960 197 15070.  10.7  20.0   1.480   3.3   3.0
  12 1960 198 20430.   9.7  21.2   1.410   3.8   0.9
  12 1960 199  8610.  10.9  19.1   1.450   7.5   2.0
  12 1960 200 23320.  12.3  20.2   1.370   7.0   1.3
  12 1960 201  9970.  12.6  19.6   1.470   5.3   0.7
  12 1960 202  8240.  12.4  19.1   1.560   3.0   2.9
  12 1960 203 17240.  10.2  19.8   1.370   3.5   1.8
  12 1960 204 18040.   9.9  17.9   1.260   4.3   0.5
  12 1960 205 20670.   9.0  18.9   1.240   3.0   0.5
  12 1960 206 19490.   5.9  20.0   1.120   3.0   0.1
  12 1960 207 13260.  13.0  21.6   1.720   3.3   0.3
  12 1960 208 17000.  11.5  20.5   1.420   3.0   0.9
  12 1960 209 17790.   9.8  20.7   1.370   3.3   1.4
  12 1960 210  7540.   8.6  17.2   1.390   5.8   0.1
  12 1960 211 12940.  15.7  23.9   1.920   3.8   2.7
  12 1960 212  7460.  16.4  22.0   1.920   3.3   0.0
  12 1960 213  7700.  14.7  19.0   1.690   2.5   2.0
  12 1960 214 14860.  10.1  20.6   1.400   3.5   2.4
  12 1960 215 14810.   7.8  19.8   1.310   2.8   0.0
  12 1960 216 18890.   5.7  21.7   1.290   3.3   4.4
  12 1960 217 18820.   8.6  22.7   1.420   3.3   0.0
  12 1960 218 18200.  12.2  21.2   1.520   3.8   0.0
  12 1960 219 15110.  13.2  20.9   1.650   2.8   0.0
  12 1960 220 21470.  11.8  20.8   1.410   3.0   1.0
  12 1960 221 16750.  11.7  22.5   1.540   2.3   0.0
  12 1960 222 12610.  11.9  19.7   1.530   3.8   0.7
  12 1960 223  6990.  10.4  16.3   1.400   4.3  12.0
  12 1960 224  6940.  11.9  15.9   1.490   2.8  10.8
  12 1960 225  7020.   9.5  18.1   1.390   4.8  13.2
  12 1960 226 15440.   9.7  17.4   1.180   3.5   3.6
  12 1960 227 15770.  10.1  21.0   1.330   3.3   0.0
  12 1960 228  9150.  11.6  17.8   1.460   4.3   8.7
  12 1960 229 16540.   9.7  19.1   1.380   3.5   6.4
  12 1960 230 13940.   7.6  20.0   1.280   3.3   2.6
  12 1960 231  8440.   9.8  18.0   1.400   3.0   2.7
  12 1960 232 18130.  10.8  17.6   1.300   5.8   3.7
  12 1960 233 13700.  11.2  19.5   1.520   3.5  12.2
  12 1960 234 10880.  11.5  21.7   1.570   3.5   4.3
  12 1960 235 15370.  14.3  25.9   1.890   5.8   0.0
  12 1960 236 16700.  15.8  21.2   1.730   4.0   5.5
  12 1960 237  9370.  14.9  23.0   1.860   3.8   0.3
  12 1960 238  8920.  15.6  21.8   1.900   2.5   3.6
  12 1960 239 11160.  13.1  22.9   1.840   4.0  13.6
  12 1960 240 13630.  12.4  23.9   1.730   3.0   2.9
  12 1960 241  7960.  11.2  21.2   1.700   2.5   1.9
  12 1960 242  6380.  11.3  18.0   1.520   5.3   3.9
  12 1960 243  7830.  13.1  18.1   1.580   5.5   6.7
  12 1960 244  6880.  12.5  17.6   1.490   3.8  12.6
  12 1960 245  5830.  10.5  15.5   1.390   2.0   8.9
  12 1960 246  7630.   8.4  16.9   1.300   4.5   1.4
  12 1960 247  6200.  15.3  18.8   1.730   6.3   1.0
  12 1960 248 10680.  10.0  16.6   1.300   4.0   1.8
  12 1960 249 15480.   6.6  17.9   1.130   3.5   0.5
  12 1960 250 13540.   6.3  17.0   1.140   3.3   9.2
  12 1960 251  7050.   8.3  17.6   1.240   2.0   0.0
  12 1960 252  9620.  10.3  19.7   1.400   1.8   0.0
  12 1960 253 14900.   8.7  20.5   1.410   3.3   0.1
  12 1960 254  8500.  12.7  21.2   1.680   2.8   0.0
  12 1960 255 17490.  11.2  23.1   1.530   4.3   0.0
  12 1960 256 17590.  11.7  24.1   1.560   3.0   0.0
  12 1960 257 13380.   9.2  20.6   1.490   3.3   0.0
  12 1960 258  6680.  13.8  19.2   1.640   4.8   0.0
  12 1960 259  5460.  13.5  16.8   1.550   3.5   2.3
  12 1960 260  7570.  13.8  22.8   1.710   5.0   4.8
  12 1960 261  9530.  10.9  17.2   1.320   4.8   0.8
  12 1960 262 13820.   9.4  19.8   1.330   3.3   0.5
  12 1960 263  6210.  11.2  19.6   1.590   2.5   0.1
  12 1960 264  5590.  11.6  16.3   1.470   5.3   8.5
  12 1960 265  4750.  10.9  14.9   1.330   4.8   0.7
  12 1960 266  7090.  11.8  17.2   1.450   4.3   0.6
  12 1960 267  4520.  12.2  16.0   1.450   2.5   0.0
  12 1960 268  8980.   8.8  18.7   1.340   2.5   0.3
  12 1960 269 13260.   8.1  18.8   1.300   3.0   0.1
  12 1960 270 13130.   4.7  16.5   1.050   2.8   0.3
  12 1960 271 13100.   3.9  15.8   0.950   3.5   0.0
  12 1960 272 11310.   3.0  14.6   0.880   4.0   0.0
  12 1960 273 10980.   4.5  15.1   0.980   4.5   0.1
  12 1960 274  8410.   4.0  13.4   0.860   5.5   0.0
  12 1960 275  4050.   7.1  12.4   1.100   3.0   1.0
  12 1960 276 11730.   8.9  19.9   1.280   7.3   4.3
  12 1960 277  4130.  13.5  18.4   1.560   4.0   1.1
  12 1960 278  3970.  14.3  17.8   1.630   6.3   3.0
  12 1960 279  9200.  12.6  18.9   1.450   5.3   0.9
  12 1960 280  4040.   9.6  16.9   1.370   3.0   0.9
  12 1960 281  9940.   6.4  19.2   1.260   1.8   0.5
  12 1960 282  5830.   8.1  15.7   1.270   4.3   0.1
  12 1960 283  8110.   9.5  15.1   1.220   5.5   1.5
  12 1960 284  3800.  10.1  14.2   1.290   2.8   2.9
  12 1960 285  4390.   8.1  13.3   1.130   7.3  11.3
  12 1960 286  3870.   7.8  11.4   1.090   6.5  56.2
  12 1960 287  4620.   6.6  13.7   1.090   4.5  31.7
  12 1960 288 10020.   4.7  12.5   0.920   3.5  10.4
  12 1960 289  6620.   4.2  11.8   0.920   3.3   0.0
  12 1960 290  6000.   4.2  11.4   0.940   3.5   0.0
  12 1960 291  6440.   4.4  12.7   0.990   2.8   0.3
  12 1960 292  3080.   4.5  11.4   1.010   2.8   3.5
  12 1960 293  3200.   5.9  11.4   0.960   4.5   2.4
  12 1960 294  3230.   5.6  12.7   0.990   5.5   0.6
  12 1960 295  3680.   9.4  13.1   1.150   4.8   2.6
  12 1960 296  2880.   8.1  11.1   1.090   5.0   1.0
  12 1960 297  2830.   9.8  11.7   1.240   2.5   2.5
  12 1960 298  3980.   9.5  15.6   1.350   4.3   3.8
  12 1960 299  7730.   7.4  16.9   1.260   4.0   3.7
  12 1960 300  2680.   9.5  12.6   1.210   4.5   0.1
  12 1960 301  2860.   6.1  13.4   1.060   4.3   6.8
  12 1960 302  4420.   5.9  14.1   1.070   4.0   0.1
  12 1960 303  3220.   8.9  13.0   1.110   3.8   0.0
  12 1960 304  2490.   8.6  11.7   1.130   4.8  13.3
  12 1960 305  2960.   4.8  12.7   1.010   5.0   8.4
  12 1960 306  2980.   6.8  15.0   1.150  11.0   4.3
  12 1960 307  5320.   8.3  13.5   0.990  11.5  13.7
  12 1960 308  2310.   8.3  12.1   1.020   9.0   1.5
  12 1960 309  2270.   6.4  11.6   1.010   7.8   9.2
  12 1960 310  2920.   6.5  10.6   0.990   5.0   5.7
  12 1960 311  3150.   3.7  10.1   0.890   3.5  12.0
  12 1960 312  5340.   1.2   9.4   0.780   2.8   1.4
  12 1960 313  5260.  -2.6   8.1   0.660   2.3   0.0
  12 1960 314  2060.  -2.6   3.6   0.600   5.3   0.2
  12 1960 315  2030.  -1.2   7.9   0.700   8.3   0.0
  12 1960 316  5160.   6.2  10.8   0.930   7.5   3.6
  12 1960 317  4640.   6.9  12.2   0.990   5.5   0.1
  12 1960 318  3690.   2.6   9.0   0.850   5.5   0.0
  12 1960 319  1950.   5.6  11.2   1.030   6.3   0.4
  12 1960 320  1850.   7.2  10.0   1.040   4.0   0.5
  12 1960 321  5840.   4.2  10.4   0.880   5.0  10.5
  12 1960 322  2450.   1.5   7.2   0.740   8.8   0.0
  12 1960 323  4850.   6.2  10.6   0.900   6.3   9.9
  12 1960 324  2610.   5.3   7.9   0.890   4.3   2.5
  12 1960 325  1690.   3.6   9.6   0.910   4.8   3.0
  12 1960 326  1660.   6.5   9.8   0.970   7.0   3.0
  12 1960 327  1640.   7.8  11.5   1.060   5.5   1.5
  12 1960 328  1610.   6.8  10.6   1.020   7.0   0.0
  12 1960 329  1580.   6.4  10.4   0.980   9.8   0.8
  12 1960 330  3600.   8.5  13.5   1.120   7.8   5.0
  12 1960 331  1530.  10.1  13.4   1.170   9.5  13.4
  12 1960 332  1510.   4.3  10.6   0.930   4.5   5.5
  12 1960 333  4490.   0.4   9.2   0.720   4.3  10.3
  12 1960 334  2320.   3.8   9.0   0.860   5.8   0.9
  12 1960 335  1450.   6.5  10.5   0.930   8.5   0.7
  12 1960 336  1480.   4.9   9.3   0.780   8.0   0.1
  12 1960 337  2340.   5.0   9.9   0.870   7.5   0.6
  12 1960 338  1390.   4.5  11.8   0.980  13.8   0.3
  12 1960 339  1380.   7.0  11.5   0.950  10.0  41.7
  12 1960 340  3730.   2.6   7.8   0.730   6.0  15.4
  12 1960 341  1350.   2.5   5.8   0.760   4.3   0.3
  12 1960 342  1330.   2.5   5.7   0.730   3.0   4.4
  12 1960 343  1320.   1.1   4.1   0.690   2.5   0.5
  12 1960 344  1310.   0.5   3.5   0.610   3.5   0.0
  12 1960 345  1300.   0.4   2.6   0.590   7.0   2.8
  12 1960 346  1290.   0.9   2.9   0.530   3.3   1.8
  12 1960 347  1470.   0.8   4.4   0.630   3.8   0.5
  12 1960 348  1270.  -0.5   2.4   0.580   3.8   0.0
  12 1960 349  1260.  -0.9   0.2   0.490   3.5   0.0
  12 1960 350  1260.  -1.4   1.4   0.540   2.0   4.4
  12 1960 351  1250.   0.4   2.5   0.610   2.5   0.0
  12 1960 352  1250.   0.0   2.5   0.580   2.8   0.0
  12 1960 353  1240.  -2.5   0.0   0.510   1.8   0.0
  12 1960 354  1240.  -1.9   5.8   0.640   5.0   0.4
  12 1960 355  1240.   1.6   5.5   0.730   2.8   0.8
  12 1960 356  1240.   2.6   4.9   0.740   4.3   0.2
  12 1960 357  3230.  -0.1   6.7   0.680   4.0   1.8
  12 1960 358  1240.   1.0   4.5   0.650   6.8   0.5
  12 1960 359  3050.  -0.3   3.8   0.580   6.3   0.0
  12 1960 360  1250.   2.2   5.5   0.750   8.3   0.0
  12 1960 361  1250.   4.2   7.6   0.840   9.8   0.3
  12 1960 362  2650.  -0.3   4.7   0.640   5.8   2.6
  12 1960 363  2420.  -1.5   3.7   0.600   7.0   0.3
  12 1960 364  3250.  -2.1   2.8   0.550   4.5   0.0
  12 1960 365  1470.  -1.1   4.0   0.630   6.5   0.1
  12 1960 366  1290.   2.0   5.6   0.780   4.8   4.6
