*---------------------------------------------------------------------------*
* Station name: de Bilt, the Netherlands
* Year: 1967                                              -99.000: NIL VALUE
* Author: -
* Source: KNMI, de Bilt
* Comments: WMO identification - 6260
* 
* Longitude: 5 12 N, latitude: 52 06 E, altitude: 2 m.
* 
* Column  Daily value
* 1       station number
* 2       year
* 3       day
* 4       irradiation                   (kJ m-2 d-1)
* 5       minimum temperature           (degrees Celsius)
* 6       maximum temperature           (degrees Celsius)
* 7       early morning vapour pressure (kPa)
* 8       mean wind speed               (m s-1)
* 9       precipitation                 (mm d-1)
*---------------------------------------------------------------------------*
5.2 52.1 2. 0. 0.
  12 1967   1  2460.   3.0   6.6   0.660   4.8  10.4
  12 1967   2  1550.   1.8   4.3   0.640   4.5   0.0
  12 1967   3  2840.   0.4   5.4   0.660   3.8   9.3
  12 1967   4  2270.  -1.0   3.5   0.620   2.8   3.5
  12 1967   5  2880.  -3.9   3.0   0.560   2.3   3.9
  12 1967   6  4370. -12.4   0.1   0.360   1.5   4.3
  12 1967   7  1370. -12.4  -5.0   0.290   2.0   0.2
  12 1967   8  4240. -12.1  -3.6   0.290   2.3   0.1
  12 1967   9  4130. -12.0   0.2   0.350   1.3   0.3
  12 1967  10  1420.  -8.9   1.7   0.440   4.3   0.0
  12 1967  11  1440.   0.9   5.9   0.730   3.0   1.7
  12 1967  12  1460.   1.4   5.2   0.690   3.0   0.9
  12 1967  13  1480.   3.4   7.0   0.810   3.3   1.8
  12 1967  14  1500.   5.1   7.1   0.850   2.0   0.0
  12 1967  15  1520.   3.3   5.3   0.750   1.5   0.0
  12 1967  16  1550.   0.6   4.8   0.650   1.5   0.0
  12 1967  17  4850.  -1.4   5.6   0.630   2.8   0.1
  12 1967  18  1600.   0.7   5.4   0.720   4.5   0.0
  12 1967  19  3270.   2.3   8.4   0.760   3.0   0.0
  12 1967  20  1770.   2.5   7.4   0.740   3.0   0.0
  12 1967  21  1680.   3.5   8.9   0.830   4.0   0.2
  12 1967  22  1890.  -0.6   6.4   0.680   2.8   0.8
  12 1967  23  1740.   1.7   4.9   0.690   3.5   0.5
  12 1967  24  1770.   1.9   6.1   0.740   1.3   2.4
  12 1967  25  1800.   1.2   8.1   0.800   4.0   0.0
  12 1967  26  2880.   3.3   9.0   0.820   3.3   5.8
  12 1967  27  1870.   1.6   9.3   0.840   2.8   3.7
  12 1967  28  1910.   8.7  11.5   1.100   4.3   0.6
  12 1967  29  2390.   6.1  11.3   1.010   2.5   3.6
  12 1967  30  1980.   4.9  10.6   0.870   2.8   0.1
  12 1967  31  2210.   7.1   9.4   0.910   4.5   0.0
  12 1967  32  2050.   7.1   9.8   1.000   4.3   0.0
  12 1967  33  2090.   8.8  11.0   1.120   5.0  10.8
  12 1967  34  2130.   7.6  11.4   1.030   5.5   0.2
  12 1967  35  4790.   3.1   8.4   0.770   3.0   0.0
  12 1967  36  2910.   1.2   8.5   0.790   2.3   0.0
  12 1967  37  2260.   1.6   6.4   0.760   2.8   0.3
  12 1967  38  3950.   0.8   7.1   0.740   2.0   0.2
  12 1967  39  4880.   0.4   6.9   0.670   3.0   0.4
  12 1967  40  4670.  -1.9   6.3   0.600   1.3   1.1
  12 1967  41  2440.   2.6   6.2   0.720   1.5   0.0
  12 1967  42  3460.   0.5   6.9   0.720   1.8   0.2
  12 1967  43  8620.  -2.6   7.2   0.560   3.0   0.2
  12 1967  44  5270.  -3.0   1.1   0.470   4.3   0.0
  12 1967  45  8790.  -4.3   2.7   0.410   3.8   0.0
  12 1967  46  8670.  -4.4   4.3   0.400   5.0   0.0
  12 1967  47  3050.  -0.2   7.7   0.540   4.5   0.0
  12 1967  48  2860.   0.7   8.4   0.630   4.3   0.1
  12 1967  49  7810.  -1.3   9.4   0.670   3.5   0.5
  12 1967  50  2880.   5.0  10.4   0.900   6.3   5.3
  12 1967  51  6360.   4.2  10.9   0.850   8.0   4.0
  12 1967  52  4430.   5.6  11.5   0.850   6.3  11.7
  12 1967  53  3130.   5.5   9.5   0.860   5.0   0.0
  12 1967  54  5780.   4.8  11.9   0.800   7.5   3.0
  12 1967  55  9270.   1.4   9.4   0.690   3.5   0.7
  12 1967  56  3210.   1.9   8.9   0.670   3.5   0.0
  12 1967  57  5590.   5.4  11.4   0.920   3.5   0.0
  12 1967  58  4670.   5.1  10.0   0.860   8.3   0.8
  12 1967  59  7210.   6.1  11.1   0.830   7.5  15.7
  12 1967  60  9060.   3.5   9.6   0.760   5.8   0.4
  12 1967  61  4800.   4.7   9.5   0.750   6.5   0.0
  12 1967  62  7220.   5.6  11.0   0.830   5.0   0.4
  12 1967  63  3610.   1.7   9.3   0.700   2.3   0.0
  12 1967  64  4050.   1.5  11.3   0.830   2.3   0.0
  12 1967  65  4690.   1.5  10.0   0.800   3.5   0.0
  12 1967  66  4370.   1.3  10.8   0.820   3.3   0.0
  12 1967  67  4630.   7.1  12.8   1.020   3.8   0.0
  12 1967  68  3900.   9.4  15.3   1.060   7.0   1.2
  12 1967  69  6380.   6.3  11.3   0.860   6.3   0.2
  12 1967  70  8810.   4.3   9.9   0.760   6.0   2.2
  12 1967  71 10660.   3.5   9.0   0.650   3.8   1.0
  12 1967  72  9430.   2.4   9.5   0.740   3.5   0.9
  12 1967  73  4210.   1.8  10.8   0.810   5.0   0.0
  12 1967  74  6590.   3.6  10.7   0.810   4.8   0.0
  12 1967  75  9220.   1.9   9.7   0.700   3.3   0.4
  12 1967  76  4390.  -0.1   8.9   0.690   6.0   0.3
  12 1967  77  4560.   4.1   8.4   0.690   5.3   0.0
  12 1967  78  8000.   3.5  10.0   0.740   4.5   1.6
  12 1967  79  4910.   6.1   9.5   0.820   2.8   1.9
  12 1967  80  4970.   6.3  12.0   0.940   4.0   0.0
  12 1967  81  4700.   5.2   9.2   0.890   5.0   0.0
  12 1967  82 12510.   2.8   9.6   0.670   4.3   0.7
  12 1967  83 15010.   1.3  10.4   0.680   4.5   0.0
  12 1967  84 14010.   5.8  14.2   0.820   5.0   0.0
  12 1967  85 10340.   5.3  12.0   0.760   6.0   0.0
  12 1967  86  5470.   3.3   9.1   0.820   4.8   1.8
  12 1967  87  7860.   2.0   8.6   0.740   5.0  23.9
  12 1967  88 10640.   0.9   7.8   0.670   4.8   7.7
  12 1967  89  8500.   1.2   9.0   0.750   2.5  10.0
  12 1967  90  8220.  -0.3   8.3   0.710   1.8   1.8
  12 1967  91 15350.  -1.8   8.4   0.620   2.0   4.6
  12 1967  92  5380.  -1.8   7.6   0.650   5.0   0.4
  12 1967  93 13420.   4.5  10.3   0.840   3.3   8.0
  12 1967  94  9150.   6.4  11.7   0.980   3.0   0.7
  12 1967  95  8000.   1.4  10.7   0.760   4.3   0.3
  12 1967  96  6720.   1.4   6.4   0.660   5.0  10.1
  12 1967  97 13720.   3.1  10.4   0.740   3.0   0.3
  12 1967  98  6730.   0.9   9.8   0.760   2.0   0.1
  12 1967  99  8800.   1.7  13.5   0.720   4.8   0.2
  12 1967 100  6480.   5.3  11.8   1.000   2.3   5.4
  12 1967 101  9580.   5.4  12.2   0.880   2.8   8.0
  12 1967 102 10670.   4.8  15.0   0.980   2.0   4.0
  12 1967 103 14320.   4.9  16.6   0.980   4.0   1.1
  12 1967 104 20570.   5.5  14.1   0.930   5.3   0.0
  12 1967 105 19790.   5.4  14.3   0.940   3.5   0.0
  12 1967 106  7360.   3.2  10.3   0.850   1.8   0.0
  12 1967 107 15990.   1.7  15.7   0.960   3.0   0.1
  12 1967 108 15700.   1.0  10.4   0.650   3.3   0.0
  12 1967 109 10290.   0.8  10.6   0.650   5.0   0.0
  12 1967 110 10500.   7.1  12.0   0.820   4.8   0.0
  12 1967 111 16110.   1.2   9.2   0.650   4.0   1.0
  12 1967 112 14740.   1.1   9.4   0.660   2.3   2.6
  12 1967 113 13360.   1.0   9.1   0.650   2.8   2.8
  12 1967 114 17840.  -2.4  11.0   0.560   1.8   0.0
  12 1967 115 24360.  -1.3  12.5   0.510   3.0   0.0
  12 1967 116 23530.   1.4  14.9   0.600   2.5   0.0
  12 1967 117 23100.   2.7  15.0   0.640   4.0   0.0
  12 1967 118 19280.   4.6  13.9   0.790   2.8   0.0
  12 1967 119 20180.   4.4  12.8   0.830   2.8   0.5
  12 1967 120 18360.   0.2  15.5   0.750   3.0   0.0
  12 1967 121 12710.   2.6  11.6   0.700   2.0   0.4
  12 1967 122 15510.  -1.2   9.1   0.630   2.0   0.3
  12 1967 123 19010.  -2.4   9.7   0.610   2.5   0.0
  12 1967 124 20330.   2.2  15.2   0.570   5.5   0.3
  12 1967 125 20130.   9.4  21.2   0.780   4.8   0.0
  12 1967 126  9290.   6.8  15.6   1.050   2.5   1.8
  12 1967 127 16130.   4.8  14.6   0.940   3.3   1.2
  12 1967 128 19520.   4.1  17.2   0.990   1.8   0.4
  12 1967 129 18620.   3.7  18.9   0.940   2.0   1.3
  12 1967 130 25790.   4.9  24.3   1.030   2.5   0.0
  12 1967 131 22240.  10.9  27.4   1.270   2.3   0.0
  12 1967 132 15870.  13.7  24.7   1.560   2.3   0.2
  12 1967 133 15220.  12.6  21.5   1.560   1.8   4.0
  12 1967 134 18640.  11.8  25.4   1.480   2.8   0.1
  12 1967 135 19400.  10.3  20.2   1.420   2.8   4.8
  12 1967 136 12700.   7.6  17.5   1.240   1.8   2.5
  12 1967 137 14580.   7.6  16.4   1.180   2.8   3.7
  12 1967 138 22400.   2.8  12.7   0.750   2.8   5.9
  12 1967 139  8580.   1.9  13.3   0.780   5.5   0.1
  12 1967 140 20940.  10.2  16.1   1.060   4.8   1.4
  12 1967 141 21850.   8.8  17.4   0.950   3.3   0.0
  12 1967 142  7830.   8.1  17.3   1.130   2.3   0.0
  12 1967 143 17530.   8.4  16.8   1.080   3.0   3.0
  12 1967 144 11020.   7.8  12.5   1.080   4.0   0.0
  12 1967 145 12620.   8.1  15.1   1.070   3.3   7.3
  12 1967 146 18360.   7.6  15.9   1.080   2.8   3.7
  12 1967 147 21400.   6.1  21.7   1.180   4.3   4.3
  12 1967 148 17570.  12.1  25.5   1.520   3.0   0.1
  12 1967 149 17890.   9.3  18.2   1.210   2.3   4.7
  12 1967 150 20650.   8.1  19.1   1.140   2.8   0.0
  12 1967 151  8070.   9.8  12.5   1.150   3.3   0.0
  12 1967 152 10670.  10.7  18.2   1.320   2.8   1.1
  12 1967 153  9980.  10.5  18.4   1.400   2.0   0.2
  12 1967 154  9280.   8.1  18.3   1.350   1.3   0.0
  12 1967 155 15330.   6.3  20.3   1.250   2.8   0.1
  12 1967 156 23830.   9.1  19.1   1.180   2.0   4.1
  12 1967 157 22560.   9.1  22.6   1.330   3.3   0.0
  12 1967 158 11360.   6.0  17.3   1.110   2.3   0.0
  12 1967 159 21740.   4.7  16.2   0.950   2.8   0.2
  12 1967 160 21320.   7.0  16.0   0.920   2.3   1.0
  12 1967 161 13850.   6.2  15.5   0.900   3.8   0.0
  12 1967 162 14300.   9.9  15.2   1.050   3.0   0.3
  12 1967 163 26410.   6.2  18.9   0.960   3.3   0.1
  12 1967 164 29740.   6.6  19.2   1.040   3.0   0.0
  12 1967 165 16350.   7.9  17.5   1.220   3.3   0.0
  12 1967 166 26010.  10.8  18.4   1.200   3.8   4.5
  12 1967 167 25150.  10.9  20.1   1.380   4.5   0.0
  12 1967 168 18240.  10.3  18.8   1.290   3.8   0.0
  12 1967 169  9740.   9.4  17.0   1.060   2.3   0.0
  12 1967 170 22430.   7.1  19.2   1.150   1.5   0.0
  12 1967 171 15360.   5.7  21.5   1.230   3.8   0.1
  12 1967 172 22570.   9.8  18.4   1.060   3.0   0.1
  12 1967 173 10030.  10.7  20.9   1.420   2.5   0.0
  12 1967 174 10170.  14.6  21.3   1.590   3.3   0.0
  12 1967 175  8300.  12.8  18.0   1.580   2.0  12.5
  12 1967 176 18370.  12.0  24.1   1.680   3.0   6.4
  12 1967 177 18510.  10.8  21.1   1.310   2.5   1.4
  12 1967 178  8430.  11.4  20.4   1.570   1.3   0.0
  12 1967 179 22090.  10.9  20.8   1.440   3.3  16.9
  12 1967 180  8700.  13.2  19.1   1.510   3.5   0.0
  12 1967 181 23930.   9.3  21.4   1.190   2.0   0.0
  12 1967 182 22910.   9.0  23.4   1.290   1.8   0.0
  12 1967 183 27050.  10.5  24.8   1.540   2.3   0.1
  12 1967 184 21140.  12.1  20.0   1.280   3.0   0.0
  12 1967 185 19550.  12.0  19.5   1.310   2.5   0.0
  12 1967 186 13500.   9.7  21.3   1.360   1.8   0.0
  12 1967 187 22080.   8.9  23.9   1.180   2.3   0.0
  12 1967 188 14180.  14.5  25.4   1.610   1.5   0.0
  12 1967 189  9860.  11.9  17.4   1.450   3.3   0.0
  12 1967 190 24860.   7.3  18.9   1.130   2.3   3.8
  12 1967 191 27260.   5.9  22.4   1.200   1.3   0.0
  12 1967 192 27650.   9.6  26.7   1.440   2.5   0.0
  12 1967 193 26760.  13.7  25.8   1.660   3.8   0.0
  12 1967 194 26000.  14.1  30.8   1.820   2.5   0.0
  12 1967 195 14000.  17.8  27.2   1.970   2.8   0.1
  12 1967 196 12400.  11.6  20.0   1.470   2.0   0.0
  12 1967 197  9810.  10.2  21.2   1.540   1.5   0.0
  12 1967 198 23840.  11.5  26.0   1.470   2.5   1.7
  12 1967 199 25780.  16.4  31.3   1.930   2.5   0.0
  12 1967 200 19500.  15.2  25.4   1.840   2.8   5.0
  12 1967 201 25820.  11.5  22.8   1.490   2.0   2.1
  12 1967 202 18140.  10.0  21.8   1.340   2.5   0.0
  12 1967 203 15550.  11.8  22.0   1.310   2.8   0.4
  12 1967 204 15360.  13.5  23.0   1.550   2.8   0.2
  12 1967 205 27850.   8.2  23.9   1.240   1.5   0.0
  12 1967 206 17520.   9.9  21.6   1.400   2.3   0.0
  12 1967 207 13960.  14.2  22.8   1.730   2.5   0.0
  12 1967 208 25130.  13.4  24.5   1.580   2.5   0.0
  12 1967 209  7720.  12.6  22.5   1.770   2.5   0.0
  12 1967 210 19270.  14.1  22.2   1.560   2.3   6.3
  12 1967 211  7500.  14.8  23.7   1.880   3.0   0.3
  12 1967 212 19700.  16.8  27.0   2.000   1.8   0.3
  12 1967 213 18530.  15.4  30.5   2.050   2.3   0.0
  12 1967 214 11260.  16.4  25.5   2.060   2.5   0.0
  12 1967 215 17850.  10.8  20.3   1.380   3.0  20.4
  12 1967 216 19300.   9.4  19.5   1.370   2.3   0.5
  12 1967 217 20610.   9.2  18.3   1.210   2.3   4.8
  12 1967 218 16690.   6.4  20.9   1.080   1.8   0.0
  12 1967 219 22240.   9.8  23.7   1.070   1.8   0.0
  12 1967 220 17920.  12.0  26.3   1.310   2.0   0.0
  12 1967 221  8580.  16.8  22.1   1.900   1.8   4.7
  12 1967 222 14240.  13.7  23.5   1.740   2.0   0.3
  12 1967 223 13220.  13.4  21.9   1.660   3.0   3.2
  12 1967 224 13020.  13.0  18.8   1.410   2.5   0.9
  12 1967 225 11340.  12.9  18.3   1.490   2.5  14.3
  12 1967 226  8190.  10.6  17.0   1.370   4.3   3.2
  12 1967 227  9070.  14.7  19.1   1.620   3.3   9.2
  12 1967 228 10080.  13.4  20.2   1.650   3.5  13.8
  12 1967 229 17610.  12.8  18.7   1.420   3.8   5.3
  12 1967 230 10490.  12.6  19.8   1.510   3.3   5.3
  12 1967 231  6850.  11.0  18.6   1.500   1.8   0.2
  12 1967 232 17340.   7.3  19.3   1.180   1.0   6.7
  12 1967 233 18690.   6.8  20.6   1.220   2.0   0.0
  12 1967 234 21210.  12.4  20.4   1.490   2.8   0.0
  12 1967 235 21100.  12.2  24.2   1.650   2.0   0.0
  12 1967 236 21890.  12.7  23.3   1.650   2.0   0.0
  12 1967 237 11050.  11.3  22.7   1.750   1.3   0.1
  12 1967 238 14970.  11.3  22.6   1.590   1.3   0.1
  12 1967 239 16150.  10.3  22.5   1.510   1.3   0.0
  12 1967 240 16570.  11.6  23.4   1.560   1.3   0.0
  12 1967 241 11640.  11.6  21.5   1.600   1.8   0.0
  12 1967 242 11810.  10.6  20.8   1.410   2.3   0.2
  12 1967 243  9960.  12.7  19.8   1.440   3.8   0.0
  12 1967 244  5880.  14.3  17.0   1.670   2.5   2.7
  12 1967 245  6950.  14.3  19.4   1.630   4.0  17.1
  12 1967 246  5890.  12.2  17.1   1.370   4.5   3.3
  12 1967 247 17180.  10.8  17.5   1.280   4.0   1.3
  12 1967 248  5780.  11.6  15.1   1.300   5.8   0.0
  12 1967 249 12430.   9.6  17.4   1.270   3.3   6.8
  12 1967 250 11720.   6.0  17.5   1.150   1.3   1.4
  12 1967 251 15730.   3.6  18.3   1.060   1.8   0.1
  12 1967 252 14290.   6.6  17.8   1.210   1.5   0.1
  12 1967 253 11320.   4.3  17.7   1.090   1.0   0.3
  12 1967 254  5420.   5.1  16.9   1.200   1.3   0.0
  12 1967 255 10780.  10.6  18.0   1.320   2.3   4.4
  12 1967 256  5180.  12.5  17.2   1.540   3.0   0.0
  12 1967 257  5120.  14.2  16.9   1.640   3.3   9.1
  12 1967 258  9450.  12.3  19.8   1.590   2.8   5.7
  12 1967 259  8220.  10.9  20.1   1.500   1.5   2.4
  12 1967 260  5510.   9.3  17.6   1.390   1.5   1.2
  12 1967 261  4880.   8.2  18.2   1.370   2.0   0.1
  12 1967 262  5270.   8.3  15.3   1.250   3.5   8.5
  12 1967 263  9900.   8.7  16.3   1.230   3.0  13.1
  12 1967 264  4700.   6.7  13.1   1.150   1.5   5.0
  12 1967 265 10480.   9.2  17.0   1.240   3.3   5.8
  12 1967 266 11250.  10.5  18.4   1.350   2.0   0.1
  12 1967 267  5170.  12.4  19.6   1.530   2.8   0.1
  12 1967 268  4570.  16.3  20.6   1.870   1.8   0.2
  12 1967 269  6960.  15.6  25.1   1.960   2.5   0.8
  12 1967 270  9850.  10.1  21.3   1.460   1.3   0.0
  12 1967 271 12580.   9.9  22.4   1.510   1.3   0.1
  12 1967 272  7040.  12.2  22.4   1.680   3.0   0.0
  12 1967 273 11390.  13.3  19.4   1.450   4.5   0.0
  12 1967 274  8100.  10.8  17.6   1.330   4.0   0.0
  12 1967 275  7400.   8.2  16.1   1.120   3.8   0.0
  12 1967 276  9520.   8.2  15.8   1.070   5.8   3.3
  12 1967 277  8020.   9.1  14.8   1.160   4.3   6.5
  12 1967 278  5250.   8.4  13.8   1.020   3.5   8.4
  12 1967 279  4790.   8.1  14.6   1.180   3.8   3.1
  12 1967 280  4140.  13.6  16.6   1.510   4.8   0.1
  12 1967 281  3700.  13.1  17.4   1.560   3.8   0.4
  12 1967 282  3640.  14.3  17.6   1.560   4.3   3.8
  12 1967 283  3580.  13.8  15.5   1.550   3.5   0.0
  12 1967 284  3710.  10.7  16.1   1.350   2.8   1.9
  12 1967 285  3560.  11.5  16.7   1.480   2.5   0.3
  12 1967 286  7070.   8.3  15.4   1.150   3.3   5.8
  12 1967 287  7250.   6.0  15.0   1.020   5.0   1.9
  12 1967 288  7510.  11.3  15.6   1.270   4.8   1.5
  12 1967 289  5910.   8.9  17.5   1.280   5.5   9.1
  12 1967 290  3370.   7.9  18.3   1.100   6.8   6.8
  12 1967 291  8700.   4.2  12.6   0.830   3.0   6.7
  12 1967 292  8760.   3.1  11.8   0.770   4.0   1.3
  12 1967 293  8810.  10.8  18.7   1.260   3.3   0.1
  12 1967 294  6090.  11.5  19.9   1.480   3.0   0.0
  12 1967 295  5670.   3.3  17.0   1.060   1.3   1.0
  12 1967 296  8470.   3.8  14.7   1.060   1.5   0.1
  12 1967 297  3480.   3.9  13.8   1.020   2.0   0.1
  12 1967 298  5830.   6.3  14.0   1.040   5.0   0.1
  12 1967 299  6940.   9.9  14.9   1.150   4.8   1.1
  12 1967 300  2680.   8.1  13.1   1.050   6.3   0.0
  12 1967 301  3410.   7.5  12.1   0.980   6.0   7.1
  12 1967 302  3120.   6.4  11.0   0.950   3.5  11.0
  12 1967 303  5110.   4.1  11.2   0.910   3.8   4.1
  12 1967 304  2490.   6.2   8.8   0.920   3.5   2.6
  12 1967 305  3780.   6.4  10.3   0.980   4.5   6.4
  12 1967 306  5180.   6.0  11.3   0.900   6.0   8.3
  12 1967 307  2570.   6.3  10.3   0.910   5.5   9.2
  12 1967 308  2310.   7.4  10.7   0.830   4.8   8.3
  12 1967 309  2690.   5.7  10.1   0.900   4.8   4.2
  12 1967 310  2230.   5.0   7.7   0.790   6.5  11.5
  12 1967 311  6180.  -0.3   8.4   0.710   2.0   5.6
  12 1967 312  7650.  -2.6  10.1   0.650   1.3   0.2
  12 1967 313  2100.  -2.6   7.1   0.680   1.8   0.2
  12 1967 314  4320.   2.9  10.8   0.830   2.5   3.6
  12 1967 315  2030.   4.9  12.2   1.030   4.5   5.7
  12 1967 316  3740.   0.0  11.9   0.740   2.0   3.1
  12 1967 317  4770.   0.0  10.9   0.790   2.5   0.1
  12 1967 318  1920.   2.5   9.5   0.890   2.8   0.1
  12 1967 319  1880.   5.1   9.9   0.900   2.3   0.7
  12 1967 320  2340.   1.0   8.1   0.750   1.8   0.0
  12 1967 321  6390.  -3.0   9.5   0.660   1.0   1.0
  12 1967 322  6370.  -3.5   8.3   0.620   0.8   0.2
  12 1967 323  1750.  -3.1   7.1   0.680   1.8   0.2
  12 1967 324  5910.  -1.7   8.2   0.630   2.3   0.0
  12 1967 325  5890.  -3.6   5.7   0.590   1.5   0.2
  12 1967 326  1660.   1.9   8.1   0.790   1.8   0.1
  12 1967 327  1640.   2.9   6.1   0.810   2.5   0.0
  12 1967 328  1610.   1.8   3.8   0.710   3.3   0.0
  12 1967 329  1580.   0.7   2.7   0.650   2.5   0.1
  12 1967 330  1560.   2.5   6.7   0.810   2.0   0.5
  12 1967 331  4480.  -1.0   6.2   0.630   2.5   7.5
  12 1967 332  1510.   1.3   9.2   0.840   4.0   5.7
  12 1967 333  1490.   2.3   8.5   0.810   2.3  27.6
  12 1967 334  4600.  -1.4   9.4   0.770   1.8   9.1
  12 1967 335  1450.   0.9   4.6   0.730   1.3   0.2
  12 1967 336  1430.   1.9   6.3   0.790   1.5   0.0
  12 1967 337  1410.   1.5   7.7   0.780   2.8   0.0
  12 1967 338  2780.   3.7   9.3   0.820   2.8   0.0
  12 1967 339  1380.   5.1   9.6   0.910   3.5   0.0
  12 1967 340  1360.   1.0   5.7   0.690   3.3   8.7
  12 1967 341  1900.   0.4   3.2   0.620   3.5   8.3
  12 1967 342  3320.  -0.7   2.5   0.570   4.0   4.6
  12 1967 343  2410.  -1.7   1.7   0.560   4.5   7.6
  12 1967 344  3170.  -9.4   1.0   0.410   2.3   1.9
  12 1967 345  1300. -10.6  -0.7   0.360   3.3   0.0
  12 1967 346  1290.  -2.2   2.4   0.600   2.3   1.4
  12 1967 347  1280.   2.3   7.0   0.830   1.8   1.9
  12 1967 348  1270.   6.6   8.8   1.030   1.8   3.6
  12 1967 349  1260.   5.6   7.9   0.870   4.0   0.4
  12 1967 350  3270.   0.5   7.6   0.680   2.8   5.6
  12 1967 351  1820.  -0.2   4.9   0.590   2.8   0.5
  12 1967 352  2720.   1.0   4.8   0.630   2.8   2.3
  12 1967 353  2670.  -3.2   5.1   0.600   1.5   3.8
  12 1967 354  3950.  -4.0   4.8   0.560   2.0   0.2
  12 1967 355  1240.  -1.4   4.1   0.590   5.3   0.0
  12 1967 356  1240.   3.3  10.5   0.960   5.0   1.7
  12 1967 357  1240.   8.7  12.5   1.150   6.3  31.2
  12 1967 358  1290.   6.7   9.3   0.960   4.0   7.5
  12 1967 359  1240.   5.4   7.2   0.900   2.3   8.8
  12 1967 360  1250.   3.2   6.2   0.760   1.8   1.3
  12 1967 361  1390.   1.3   5.8   0.690   4.3   0.3
  12 1967 362  1980.   4.0   8.1   0.810   2.8  14.5
  12 1967 363  2850.   0.1   6.3   0.670   2.0   2.6
  12 1967 364  1510.  -1.0   4.6   0.610   3.0   2.0
  12 1967 365  1570.  -1.8   3.0   0.590   1.5   7.7
