*---------------------------------------------------------------------------*
* Station name: de Bilt, the Netherlands
* Year: 1970                                              -99.000: NIL VALUE
* Author: -
* Source: KNMI, de Bilt
* Comments: WMO identification - 6260
* 
* Longitude: 5 12 N, latitude: 52 06 E, altitude: 2 m.
* 
* Column  Daily value
* 1       station number
* 2       year
* 3       day
* 4       irradiation                   (kJ m-2 d-1)
* 5       minimum temperature           (degrees Celsius)
* 6       maximum temperature           (degrees Celsius)
* 7       early morning vapour pressure (kPa)
* 8       mean wind speed               (m s-1)
* 9       precipitation                 (mm d-1)
*---------------------------------------------------------------------------*
5.2 52.1 2. 0. 0.
  12 1970   1  4120. -12.0  -4.8   0.240   3.0   0.0
  12 1970   2  1300.  -6.4   3.9   0.490   4.5   0.2
  12 1970   3  1360.  -2.6   3.7   0.540   2.3   2.3
  12 1970   4  4250.  -7.9   2.2   0.410   1.3   0.7
  12 1970   5  1590.  -7.4   0.8   0.420   2.5   0.0
  12 1970   6  1350.  -3.7   0.6   0.490   4.8   0.2
  12 1970   7  2940.  -7.5   0.4   0.430   2.3   2.3
  12 1970   8  1380.  -5.0  -0.9   0.390   8.8   0.1
  12 1970   9  1400.  -1.0   3.4   0.590   6.5   1.4
  12 1970  10  1420.   0.9   3.1   0.640   5.0   3.6
  12 1970  11  1490.   2.0   7.6   0.770   4.8   2.1
  12 1970  12  2200.   1.2   8.0   0.770   2.3   0.0
  12 1970  13  1480.   1.4   6.2   0.750   3.3   0.6
  12 1970  14  2950.   2.2   6.7   0.720   4.0   0.0
  12 1970  15  1520.   2.3   5.7   0.770   2.0   1.3
  12 1970  16  1550.   0.0   4.7   0.690   3.3  11.2
  12 1970  17  1570.  -1.4   0.1   0.560   2.5   0.6
  12 1970  18  2270.  -1.0   6.2   0.660   3.8   0.0
  12 1970  19  1620.  -2.0   1.5   0.550   4.0   0.0
  12 1970  20  2000.  -3.0   0.5   0.510   3.3   0.0
  12 1970  21  3600.  -4.9  -0.6   0.440   4.0   0.1
  12 1970  22  1710.  -5.0   0.3   0.470   4.5   0.0
  12 1970  23  1740.  -0.4   2.4   0.590   5.8   2.9
  12 1970  24  1770.   2.1   5.2   0.760   3.3   2.7
  12 1970  25  1800.   2.9   8.2   0.880   3.5   0.9
  12 1970  26  1840.   5.5   7.8   0.950   1.3   8.8
  12 1970  27  1870.   3.6   6.5   0.830   2.3   9.6
  12 1970  28  1910.   0.8   4.3   0.700   3.0   0.1
  12 1970  29  4500.  -0.4   4.0   0.620   4.8   0.0
  12 1970  30  2110.  -3.8   1.5   0.480   5.8   0.0
  12 1970  31  7060.  -8.1  -2.0   0.330   3.8   0.0
  12 1970  32  6700.  -8.7  -2.6   0.320   6.0   0.0
  12 1970  33  3570.  -4.9   8.8   0.620   5.3   3.8
  12 1970  34  5470.   2.9   7.1   0.680   7.8  10.7
  12 1970  35  2860.   1.3   6.1   0.700   4.8   0.0
  12 1970  36  2360.  -1.7   5.4   0.640   3.5   1.4
  12 1970  37  4730.  -4.5   3.8   0.510   3.5   0.1
  12 1970  38  2300.  -3.0   3.9   0.530   7.0   0.1
  12 1970  39  4660.   2.2   6.7   0.700   5.8  12.0
  12 1970  40  5180.   0.3   7.6   0.700   4.5   6.7
  12 1970  41  2660.   0.1   1.9   0.600   3.3   6.5
  12 1970  42  6470.  -1.4   4.8   0.610   2.3   6.7
  12 1970  43  2530.  -2.8   1.2   0.540   7.0   0.6
  12 1970  44  4970.  -3.6   3.0   0.500   2.3   1.5
  12 1970  45  4190.  -6.1   2.6   0.460   3.0   0.0
  12 1970  46  2990.  -9.7  -1.8   0.360   3.8   0.0
  12 1970  47  3930.  -6.5   1.4   0.460   2.3   4.5
  12 1970  48  2780. -11.5   2.3   0.380   5.3   6.9
  12 1970  49  7810. -10.1   0.5   0.360   4.0   5.2
  12 1970  50  2880.  -5.7   4.4   0.540   5.5   0.5
  12 1970  51  3600.   4.3   6.2   0.670   8.3   7.6
  12 1970  52  2990.   1.9   8.2   0.780   5.3   0.5
  12 1970  53  3040.   5.5   9.6   0.920   6.0  21.0
  12 1970  54  4740.   3.6   8.1   0.710   3.8  10.8
  12 1970  55  5340.   1.1   8.6   0.730   3.5   0.0
  12 1970  56  4090.  -0.6   5.6   0.640   2.3   5.1
  12 1970  57  5050.  -1.8   5.4   0.610   3.3   2.7
  12 1970  58  3770.  -2.2   1.5   0.480   6.0   0.1
  12 1970  59  9130.  -2.8   2.7   0.480   4.0   0.0
  12 1970  60  3990.  -4.4   6.2   0.550   5.5   0.0
  12 1970  61  7780.   0.3   6.2   0.640   3.8  10.2
  12 1970  62  7980.  -1.4   4.1   0.570   3.0   2.0
  12 1970  63  6460.  -1.7   3.2   0.520   4.0   1.0
  12 1970  64  7320.  -3.4   3.7   0.480   3.5   0.0
  12 1970  65  8970.  -1.3   4.6   0.560   4.5   0.5
  12 1970  66  8590.  -3.9   3.8   0.490   2.3   5.2
  12 1970  67  3840.  -3.9   1.4   0.460   2.8   0.0
  12 1970  68  9600.  -4.4   3.2   0.470   1.5   1.8
  12 1970  69 11930.  -6.3   5.3   0.410   1.5   0.1
  12 1970  70 12470.  -3.9   5.5   0.460   5.5   0.1
  12 1970  71  5620.   1.0   6.2   0.590   4.5   0.0
  12 1970  72  7360.   0.6   4.6   0.570   5.3   0.3
  12 1970  73 10370.  -2.4   4.0   0.490   6.5   0.0
  12 1970  74  4370.  -3.5   5.6   0.530   3.0   0.0
  12 1970  75  4440.   2.1   8.4   0.700   3.8   0.4
  12 1970  76  4390.   4.5   8.0   0.780   7.0   0.2
  12 1970  77  7050.   2.9   8.0   0.680   6.5   8.9
  12 1970  78  8650.   2.7   8.2   0.670   5.5   1.3
  12 1970  79  4580.   3.2   9.5   0.830   5.3   0.4
  12 1970  80  4640.   3.2  10.3   0.850   5.3   0.3
  12 1970  81 10830.   1.1  11.2   0.720   2.8   1.4
  12 1970  82  8020.  -1.6  11.5   0.720   3.3   0.1
  12 1970  83  4820.   2.8   6.8   0.740   5.3   9.7
  12 1970  84 12980.  -1.7   7.2   0.520   3.0   0.0
  12 1970  85 12300.  -3.9   7.5   0.490   4.5   0.0
  12 1970  86 10670.  -0.6   5.7   0.480   6.0   0.3
  12 1970  87 12170.  -0.4   7.2   0.500   5.3   1.6
  12 1970  88  8060.   0.8   7.4   0.570   6.0   2.9
  12 1970  89  5660.   5.6   9.2   0.900   8.3   2.3
  12 1970  90  8100.   3.3   8.9   0.800   6.0   7.4
  12 1970  91  5320.   0.8   4.6   0.680   3.8   4.0
  12 1970  92 11870.  -1.8   5.5   0.620   4.3   5.1
  12 1970  93 12330.  -1.7   7.2   0.570   3.0   2.6
  12 1970  94  8780.   0.0   6.5   0.700   3.8   1.4
  12 1970  95  8490.  -0.8   6.5   0.620   5.3   2.5
  12 1970  96  5620.   0.0   5.5   0.710   4.5   5.0
  12 1970  97 13220.  -1.4   6.2   0.600   2.0  15.3
  12 1970  98  9840.  -2.3   6.6   0.600   2.5   0.9
  12 1970  99 11170.  -3.4   7.0   0.540   1.3   0.7
  12 1970 100 10130.  -0.5   7.4   0.630   2.0   0.3
  12 1970 101  7680.   1.2   8.3   0.750   1.5   2.8
  12 1970 102 11560.   3.3  11.7   0.830   5.0   4.0
  12 1970 103 11770.   3.1  11.5   0.850   2.8   4.1
  12 1970 104  6090.   0.0   7.3   0.660   2.0   0.8
  12 1970 105  6140.  -1.3  11.4   0.760   5.8   0.0
  12 1970 106  6200.  10.4  14.4   1.180   5.3   1.1
  12 1970 107 11580.   9.6  14.8   1.170   4.5   0.1
  12 1970 108  9180.   7.8  13.3   1.100   5.5   3.6
  12 1970 109 12130.   4.1  13.4   0.930   3.3   0.1
  12 1970 110 19830.  -0.8  11.8   0.690   4.8   0.1
  12 1970 111  6470.   4.1  10.4   0.940   7.5   0.5
  12 1970 112  7320.   9.6  13.4   1.140   9.0   4.9
  12 1970 113  6580.   8.8  12.6   1.110   6.8   0.6
  12 1970 114 15040.   7.7  13.0   0.970   5.3   1.0
  12 1970 115  8830.   6.7  13.7   1.060   6.5   7.3
  12 1970 116  6740.   5.3  10.2   0.880   4.0   8.3
  12 1970 117 11510.   1.6  10.1   0.730   3.5   0.4
  12 1970 118 20900.   0.8  10.2   0.650   5.8   0.7
  12 1970 119 15030.   2.9   8.4   0.680   7.0  10.7
  12 1970 120 11430.   2.5   8.6   0.710   4.0   3.3
  12 1970 121 15580.   3.5  12.3   0.760   2.0   0.6
  12 1970 122  7030.   4.9  11.7   1.000   2.0   2.3
  12 1970 123 12570.   5.7  18.0   1.180   1.8   1.7
  12 1970 124 15790.   4.4  18.5   1.140   3.5   0.1
  12 1970 125 23720.   8.6  20.4   1.010   5.0   0.0
  12 1970 126 22560.   9.5  22.0   1.090   4.3   0.0
  12 1970 127 19730.  10.7  21.2   1.250   3.0   0.0
  12 1970 128 20210.  10.0  22.1   1.190   3.5   0.1
  12 1970 129 18340.  10.8  21.4   1.410   2.3   0.6
  12 1970 130  9620.  12.1  21.8   1.350   2.8   0.0
  12 1970 131 19860.  12.9  22.5   1.380   5.8   0.0
  12 1970 132 20350.  10.3  20.1   1.230   4.0   0.2
  12 1970 133 17610.   8.6  18.4   1.220   3.0   0.1
  12 1970 134 18640.   7.7  20.1   1.210   2.8   0.0
  12 1970 135  9410.   7.9  19.9   1.270   2.5   0.0
  12 1970 136 12130.  10.9  17.4   1.370   2.8   0.8
  12 1970 137 15280.   9.3  17.3   1.240   4.0   1.1
  12 1970 138 25650.   7.8  19.2   1.190   2.3   8.3
  12 1970 139  7870.   6.9  17.7   1.170   3.0   0.0
  12 1970 140 18820.   5.3  15.4   0.930   4.0   1.5
  12 1970 141 13610.   7.4  13.9   1.010   5.3   0.0
  12 1970 142 18200.   3.6  11.7   0.770   4.3   3.2
  12 1970 143 15970.   3.9  16.1   0.880   2.0   0.2
  12 1970 144 17570.   5.4  19.4   1.070   2.0   0.0
  12 1970 145 18610.   9.1  20.9   1.260   3.3   0.0
  12 1970 146 16790.   8.1  17.4   1.110   4.0   0.0
  12 1970 147  7970.   6.1  12.0   0.950   2.8   0.8
  12 1970 148 19720.   8.6  17.7   1.150   1.5   0.0
  12 1970 149  8020.   8.5  18.9   1.320   2.0   0.0
  12 1970 150 21360.   9.9  17.5   1.160   3.8   6.7
  12 1970 151 21540.  10.4  16.6   1.130   4.5   0.6
  12 1970 152 21280.   5.9  17.4   0.960   3.3   0.0
  12 1970 153 29490.   3.3  17.5   0.810   2.5   0.0
  12 1970 154 25790.   4.8  19.8   0.920   4.3   0.0
  12 1970 155 27250.   8.2  20.5   0.950   5.3   0.0
  12 1970 156 22250.   9.1  23.0   1.190   4.0   0.0
  12 1970 157 26010.  11.9  26.3   1.400   4.5   0.0
  12 1970 158 19990.  15.3  27.3   1.470   4.3   0.0
  12 1970 159 27490.  16.3  29.0   1.630   3.3   0.0
  12 1970 160 25350.  17.2  29.0   1.670   2.8   0.0
  12 1970 161 26520.  15.0  29.4   1.770   3.0   0.0
  12 1970 162 29420.  13.5  27.1   1.570   3.3   0.0
  12 1970 163 24970.   9.8  22.3   1.260   3.3   0.0
  12 1970 164 28580.   8.4  19.6   1.060   3.5   0.0
  12 1970 165 14760.   8.0  16.9   1.000   2.3   0.0
  12 1970 166 12900.   6.4  18.1   1.010   2.3   0.0
  12 1970 167 23850.   8.0  22.2   1.190   4.3   0.0
  12 1970 168 15070.  13.0  27.1   1.390   5.0   0.0
  12 1970 169 30060.  15.5  26.3   1.020   5.3   0.0
  12 1970 170 22280.  12.8  27.4   1.250   2.5   0.0
  12 1970 171 28050.  11.4  27.4   1.420   2.0   0.0
  12 1970 172 18390.   8.9  25.9   1.410   2.3   0.0
  12 1970 173 20260.  14.8  26.7   1.720   2.5   0.0
  12 1970 174 16080.  11.0  24.6   1.390   3.3   0.0
  12 1970 175  8300.  10.4  21.1   1.430   5.5   0.0
  12 1970 176 19810.   9.4  21.0   1.230   2.8   2.6
  12 1970 177 27290.   7.4  25.3   1.190   2.0   0.0
  12 1970 178 17490.  14.6  29.1   1.940   3.3   0.0
  12 1970 179 12160.  12.0  21.4   1.560   2.0  28.1
  12 1970 180 10280.  10.5  17.3   1.300   4.3   3.4
  12 1970 181 11710.  10.4  16.3   1.300   4.5  20.8
  12 1970 182  8530.  11.1  15.9   1.250   4.3  10.8
  12 1970 183 13690.   9.8  16.0   1.190   5.5   1.4
  12 1970 184  9800.  11.5  15.4   1.170   4.0   8.4
  12 1970 185 11080.  10.6  18.7   1.320   4.5   1.7
  12 1970 186 10770.  14.1  20.1   1.680   2.5   1.8
  12 1970 187 15920.  14.9  23.9   1.830   2.5   0.3
  12 1970 188 28650.  14.8  28.5   1.840   2.8   0.0
  12 1970 189 23890.  17.0  28.2   1.920   3.5   0.0
  12 1970 190 15420.  13.8  23.7   1.730   4.0   0.0
  12 1970 191 25260.   9.4  20.5   1.160   3.0  16.0
  12 1970 192 11080.  10.3  18.6   1.290   2.5   0.0
  12 1970 193 23050.  10.2  21.4   1.310   4.0   0.0
  12 1970 194 26290.  13.3  23.6   1.510   4.0   0.0
  12 1970 195  8580.  10.4  15.8   1.370   4.3   9.2
  12 1970 196 11830.  11.2  16.9   1.300   5.8  27.9
  12 1970 197  8670.  10.9  15.5   1.180   3.5   5.2
  12 1970 198 15320.   7.1  17.2   1.030   2.3   0.2
  12 1970 199 15710.   6.1  21.6   1.320   3.3   0.0
  12 1970 200  7880.  12.7  17.1   1.530   3.3   0.2
  12 1970 201 10820.  10.0  15.6   1.320   3.5   8.4
  12 1970 202 12200.   9.5  16.8   1.230   3.0  14.8
  12 1970 203 17810.   7.6  18.4   1.110   2.5   2.3
  12 1970 204 19590.   6.6  21.4   1.180   2.8   0.0
  12 1970 205 11100.  13.0  22.3   1.620   4.0   0.0
  12 1970 206  9650.  12.0  16.9   1.370   6.5   5.0
  12 1970 207 10740.  12.2  18.3   1.390   3.8   7.7
  12 1970 208 10280.  13.8  19.5   1.610   4.8   2.3
  12 1970 209 14290.  14.3  23.0   1.700   3.5   0.0
  12 1970 210 18850.  10.2  21.5   1.500   2.3   7.6
  12 1970 211 22690.   8.8  23.3   1.420   1.5   0.5
  12 1970 212 21370.  12.4  25.6   1.610   1.5   0.0
  12 1970 213 22000.  12.2  25.4   1.670   2.5   0.0
  12 1970 214 21100.  15.7  27.0   1.830   3.0   0.0
  12 1970 215 19510.  16.2  26.8   1.820   3.5   0.0
  12 1970 216 22200.  15.7  25.5   1.820   3.8   0.0
  12 1970 217 23360.  13.5  26.0   1.680   4.0   0.0
  12 1970 218  7620.  15.3  24.4   1.810   2.8   0.0
  12 1970 219 11830.  14.1  23.2   1.890   2.5   0.0
  12 1970 220  8350.  14.6  18.1   1.710   1.8   3.3
  12 1970 221 14300.  12.8  22.3   1.630   2.8   7.9
  12 1970 222  7030.  12.3  17.3   1.550   3.3   0.0
  12 1970 223 18370.   7.9  20.2   1.280   2.3   9.0
  12 1970 224 25320.   5.6  20.4   1.120   2.5   0.0
  12 1970 225 24010.  11.5  24.9   1.440   2.5   0.0
  12 1970 226 15170.   8.5  21.0   1.290   2.5   0.5
  12 1970 227 18580.   6.9  20.7   1.200   2.5   0.0
  12 1970 228  8880.  12.0  18.2   1.320   5.3   0.1
  12 1970 229  9350.  10.9  15.6   1.190   4.8   0.5
  12 1970 230 13410.  11.8  18.7   1.270   3.0   1.0
  12 1970 231  7650.  12.3  21.6   1.510   3.3   0.0
  12 1970 232 11940.  12.6  19.7   1.450   4.5   0.3
  12 1970 233 15670.  10.8  19.5   1.360   2.5   0.1
  12 1970 234  9050.  10.0  20.2   1.370   1.5   0.0
  12 1970 235  9510.  13.0  21.3   1.700   2.3   0.8
  12 1970 236 20340.  12.6  23.4   1.630   3.3   1.7
  12 1970 237 20610.   9.3  22.2   1.380   2.3   0.0
  12 1970 238 20630.   8.9  22.6   1.330   2.3   0.0
  12 1970 239 21280.  10.0  24.1   1.400   2.0   0.0
  12 1970 240 21280.   8.9  21.3   1.310   2.0   0.0
  12 1970 241 19760.   9.8  26.8   1.430   2.3   0.0
  12 1970 242 19900.  10.4  25.0   1.460   1.8   0.0
  12 1970 243 13860.   9.7  24.0   1.500   4.3   0.0
  12 1970 244 15150.  10.6  18.6   1.160   4.0   0.2
  12 1970 245 12300.   6.9  18.9   1.100   3.5   0.0
  12 1970 246  8370.  10.1  20.2   1.430   3.3   0.0
  12 1970 247  6700.  11.5  17.6   1.360   4.0   5.8
  12 1970 248 12400.  11.3  19.0   1.290   4.3   1.1
  12 1970 249 11210.   8.4  18.5   1.160   2.5   0.1
  12 1970 250 13300.   7.4  21.5   1.150   4.0   0.0
  12 1970 251  9340.  14.1  21.1   1.570   6.8   0.0
  12 1970 252  5420.  13.0  18.4   1.520   6.0   5.7
  12 1970 253  5960.  11.5  16.1   1.200   6.0   3.9
  12 1970 254  6370.  11.0  15.6   1.240   4.5   0.0
  12 1970 255  8300.  11.1  16.3   1.320   4.8   1.1
  12 1970 256 14660.  11.0  16.0   1.150   6.8  10.9
  12 1970 257  5940.  12.4  16.9   1.440   3.5  10.5
  12 1970 258  8880.  13.0  20.6   1.650   3.8   1.7
  12 1970 259 10740.   9.4  16.0   1.190   4.5  43.6
  12 1970 260 10420.  10.0  18.2   1.340   3.5   0.4
  12 1970 261 16210.   8.0  21.3   1.390   1.3   0.0
  12 1970 262 12700.   7.0  23.7   1.500   1.0   0.0
  12 1970 263 12920.  10.8  23.2   1.650   1.3   0.1
  12 1970 264  6920.  10.7  20.1   1.450   3.0   0.0
  12 1970 265 15540.   6.9  16.5   1.100   2.5   0.0
  12 1970 266 11250.   5.1  16.6   1.070   1.8   0.0
  12 1970 267 12980.   2.6  17.9   1.010   0.8   0.0
  12 1970 268  9950.   7.6  22.3   1.360   1.0   0.0
  12 1970 269  6860.  10.6  22.2   1.460   2.5   0.0
  12 1970 270 11750.  11.9  21.5   1.580   1.8   0.0
  12 1970 271 12890.  11.6  22.8   1.450   3.5   0.0
  12 1970 272 13080.   8.3  21.0   1.220   3.0   0.0
  12 1970 273  4160.  10.0  16.2   1.360   3.8   0.1
  12 1970 274  9840.   9.7  15.8   1.170   5.3  11.9
  12 1970 275  7700.   7.1  15.7   1.040   6.0   1.9
  12 1970 276  5500.   7.7  13.5   1.050   5.0  12.9
  12 1970 277  3930.   8.3  15.1   1.240   4.3  10.1
  12 1970 278  3870.  13.3  15.1   1.380   6.0   4.3
  12 1970 279  3810.  11.1  14.9   1.290   3.8   0.0
  12 1970 280  3750.   7.4  13.5   1.140   2.3   2.5
  12 1970 281  8690.   4.0  15.9   1.100   1.3   0.2
  12 1970 282 10590.   2.4  15.8   0.970   2.5   0.1
  12 1970 283  6130.   7.5  18.6   1.370   2.0   0.1
  12 1970 284 10620.   9.4  23.4   1.550   3.5   0.0
  12 1970 285  6520.  10.1  19.4   1.500   1.5   0.0
  12 1970 286  3410.   9.4  14.5   1.300   2.0   0.0
  12 1970 287  3630.   6.6  13.0   1.100   3.8   0.0
  12 1970 288 11370.   4.0  13.0   0.880   3.3   0.0
  12 1970 289  9720.   1.3  14.1   0.800   1.8   0.1
  12 1970 290 10300.   2.5  15.5   0.990   1.0   0.0
  12 1970 291  4090.   1.2  16.1   0.990   5.5   0.0
  12 1970 292  5150.   6.2  12.9   0.940   4.3   1.8
  12 1970 293  3710.   4.6   8.6   0.870   3.3  15.7
  12 1970 294  6340.   5.2  11.3   0.910   4.3  12.6
  12 1970 295  7170.   4.8  12.0   0.890   3.0   1.8
  12 1970 296  7230.   4.9  12.5   0.930   1.8   0.2
  12 1970 297  2830.   8.4  11.9   1.150   4.3   0.7
  12 1970 298  2780.  10.5  12.1   1.180   7.5   1.8
  12 1970 299  2810.   7.8  12.2   1.020   3.5   8.6
  12 1970 300  4400.   5.3  11.4   0.850   4.0   1.1
  12 1970 301  2630.   8.7  13.7   1.210   3.8   6.5
  12 1970 302  4120.   7.9  14.7   1.190   5.3   8.1
  12 1970 303  2530.  11.1  14.1   1.290   8.8   0.1
  12 1970 304  2490.  11.5  13.6   1.340   8.5   3.6
  12 1970 305  3260.   9.0  14.6   0.980   5.3   5.6
  12 1970 306  2400.   8.8  14.8   1.290   6.0  14.4
  12 1970 307  4380.  10.7  14.1   1.100   8.0  18.7
  12 1970 308  2950.   8.8  12.7   1.050   5.0   0.1
  12 1970 309  6150.   6.8  11.9   0.890   5.0   9.7
  12 1970 310  5500.   3.9  11.9   0.930   1.5   4.0
  12 1970 311  2180.   3.4   7.2   0.820   2.8   0.3
  12 1970 312  2140.   2.5   9.0   0.780   6.0   0.0
  12 1970 313  3990.   7.0  11.5   0.890   5.8   0.4
  12 1970 314  3860.   3.4  10.9   0.850   3.8   4.5
  12 1970 315  2030.   6.8  13.2   1.070   8.5   1.2
  12 1970 316  1990.   5.4  12.1   0.960   6.0   0.1
  12 1970 317  6500.   3.2   9.0   0.780   5.0   9.0
  12 1970 318  2550.   2.1   8.8   0.770   4.8   0.0
  12 1970 319  2070.   2.3   7.5   0.750   2.5   0.1
  12 1970 320  3450.   0.4   6.8   0.660   5.0   0.4
  12 1970 321  2790.   3.0   9.1   0.870   4.5   5.5
  12 1970 322  1780.   6.9  12.8   1.030   7.8   8.1
  12 1970 323  2890.   5.0  13.7   0.960   7.0   4.4
  12 1970 324  3840.   2.0   9.9   0.810   6.5   4.4
  12 1970 325  5480.   1.4   9.9   0.790   3.3   4.9
  12 1970 326  1660.   0.1   5.6   0.740   2.0   0.1
  12 1970 327  1750.   2.1   8.0   0.760   5.0   0.2
  12 1970 328  4480.   4.5  10.6   0.820   4.5   0.0
  12 1970 329  5540.   3.1  10.9   0.830   2.8   0.0
  12 1970 330  3770.   1.8  11.8   0.920   1.0   0.1
  12 1970 331  2460.   3.3   8.8   0.900   2.3   0.3
  12 1970 332  2050.   2.5   8.2   0.790   3.3   0.1
  12 1970 333  1490.   6.2  13.0   1.040   6.5   0.5
  12 1970 334  1470.   7.2  10.8   0.990   5.5   1.4
  12 1970 335  1450.   6.8   8.1   0.940   4.0  10.7
  12 1970 336  1430.   4.1   9.1   0.880   6.8   4.9
  12 1970 337  2490.   0.9  11.2   0.840   3.5   8.1
  12 1970 338  1390.   0.7  10.8   0.860   4.5   0.3
  12 1970 339  1830.   4.6   9.4   0.880   4.5  19.4
  12 1970 340  1360.   4.3   8.8   0.860   5.5   0.2
  12 1970 341  2900.   1.7   8.5   0.780   2.5   6.7
  12 1970 342  4370.   1.8   8.8   0.810   1.3   1.8
  12 1970 343  1320.   0.3   7.5   0.750   1.3   0.0
  12 1970 344  1310.   5.8   8.3   0.930   2.3   0.0
  12 1970 345  1300.  -0.7   7.9   0.690   3.5   0.0
  12 1970 346  2260.  -1.4   4.5   0.630   2.8   0.2
  12 1970 347  1280.   2.8   7.2   0.830   2.5   0.0
  12 1970 348  1750.   0.6   7.8   0.750   2.3   0.0
  12 1970 349  1260.   2.3   6.8   0.680   1.5   0.8
  12 1970 350  1260.  -2.8   4.9   0.580   2.3   0.0
  12 1970 351  1300.  -2.6   4.1   0.580   4.5   0.1
  12 1970 352  1250.   3.3   6.0   0.830   3.3   0.9
  12 1970 353  1240.   5.6   8.1   0.980   3.8   0.4
  12 1970 354  1240.   1.5   7.4   0.800   3.0   0.1
  12 1970 355  3040.  -0.3   5.0   0.590   4.3   0.8
  12 1970 356  4090.  -1.3   3.6   0.540   2.0   0.9
  12 1970 357  3990.  -5.2   0.8   0.470   3.0   0.0
  12 1970 358  2900.  -6.9  -0.9   0.400   4.3   0.2
  12 1970 359  4330.  -4.6  -0.6   0.420   3.3   0.1
  12 1970 360  1390.  -6.8  -3.3   0.350   5.0   0.0
  12 1970 361  2920.  -8.2  -4.4   0.310   6.0   0.0
  12 1970 362  1260.  -5.9  -1.6   0.420   5.0   0.0
  12 1970 363  1260.  -4.4  -1.9   0.450   3.8   3.1
  12 1970 364  1750. -11.6  -0.1   0.320   3.8   0.2
  12 1970 365  3600. -11.6   1.0   0.370   1.8   0.2
