*---------------------------------------------------------------------------*
* Station name: de Bilt, the Netherlands
* Year: 1962                                              -99.000: NIL VALUE
* Author: -
* Source: KNMI, de Bilt
* Comments: WMO identification - 6260
* 
* Longitude: 5 12 N, latitude: 52 06 E, altitude: 2 m.
* 
* Column  Daily value
* 1       station number
* 2       year
* 3       day
* 4       irradiation                   (kJ m-2 d-1)
* 5       minimum temperature           (degrees Celsius)
* 6       maximum temperature           (degrees Celsius)
* 7       early morning vapour pressure (kPa)
* 8       mean wind speed               (m s-1)
* 9       precipitation                 (mm d-1)
*---------------------------------------------------------------------------*
5.2 52.1 2. 0. 0.
  12 1962   1  3290.  -3.1   2.6   0.520   2.3  17.0
  12 1962   2  4440.  -6.2   2.8   0.470   1.5   0.2
  12 1962   3  1310.  -6.0   0.7   0.460   1.5   0.1
  12 1962   4  1320.  -1.2   1.4   0.580   2.3   0.1
  12 1962   5  1340.  -2.0   2.0   0.560   3.3   0.1
  12 1962   6  1350.  -0.3   5.2   0.710   2.8   1.3
  12 1962   7  1370.  -0.6   5.7   0.730   2.8   2.4
  12 1962   8  1380.   0.4   6.1   0.760   4.5   0.5
  12 1962   9  2020.   2.4   6.6   0.780   4.8   0.7
  12 1962  10  1420.   3.3   6.8   0.810   5.8   3.0
  12 1962  11  1860.   5.0  10.3   0.840   9.3   5.6
  12 1962  12  1620.   3.1   8.5   0.760   8.0   0.6
  12 1962  13  2870.   1.7   5.4   0.660   6.0   2.4
  12 1962  14  1500.   2.1   5.5   0.700   5.3   5.5
  12 1962  15  4140.   0.6   5.2   0.680   6.0   2.8
  12 1962  16  1550.   3.4   6.2   0.760   6.8   0.0
  12 1962  17  3350.   5.1   9.5   0.890   5.5   6.0
  12 1962  18  3960.   2.7   8.7   0.820   4.3   0.0
  12 1962  19  1620.   3.2   8.1   0.810   6.5   0.0
  12 1962  20  1770.   2.2   9.3   0.840   5.5   7.4
  12 1962  21  1680.   8.2  11.0   1.060   8.3   9.2
  12 1962  22  2470.   3.5   9.1   0.750   7.8  15.8
  12 1962  23  3290.   3.9   6.8   0.710   5.8   0.3
  12 1962  24  1770.   3.6  10.7   0.960   6.8   1.9
  12 1962  25  1800.   6.3   8.8   0.970   4.0   9.5
  12 1962  26  1900.   2.8   9.6   0.890   3.5   0.5
  12 1962  27  4740.   1.6   7.8   0.770   2.5   1.6
  12 1962  28  4050.  -1.9   7.2   0.640   3.5   0.1
  12 1962  29  6800.  -6.5   1.1   0.350   2.3   0.0
  12 1962  30  6960.  -8.3  -1.2   0.310   1.5   0.0
  12 1962  31  5230.  -7.2   0.4   0.350   6.0   0.1
  12 1962  32  5110.  -2.4   5.6   0.620   2.8   4.7
  12 1962  33  5990.  -0.8   5.7   0.640   1.8   0.6
  12 1962  34  2200.  -2.9   3.6   0.560   4.5   0.2
  12 1962  35  3690.   0.9   6.7   0.700   5.0   0.8
  12 1962  36  6680.   2.9   9.0   0.770   5.5  13.7
  12 1962  37  2260.   2.2   8.8   0.850   4.8   0.0
  12 1962  38  2300.   4.9   8.5   0.900   4.5   0.2
  12 1962  39  2420.   0.0   6.8   0.700   2.5   4.4
  12 1962  40  3930.  -1.5   6.5   0.630   2.0   0.4
  12 1962  41  2440.   2.5   6.6   0.800   3.0   0.0
  12 1962  42  6920.   0.5   6.7   0.630   6.3   0.9
  12 1962  43  2530.   4.2  10.1   0.850   9.0   3.4
  12 1962  44  3350.   0.3   5.7   0.640   4.8   8.4
  12 1962  45  4890.  -0.9   5.6   0.590   3.5   4.7
  12 1962  46  4020.  -1.7   6.7   0.640   5.5   1.9
  12 1962  47  3290.   4.7   9.3   0.760   9.0   2.8
  12 1962  48  7140.   2.5   6.7   0.640   5.0   2.5
  12 1962  49  2830.   1.5   6.8   0.720   2.5   0.4
  12 1962  50  2880.   5.0   7.1   0.730   2.5   0.1
  12 1962  51  3940.   3.3  10.0   0.860   2.0   0.0
  12 1962  52 10260.  -0.6   8.3   0.550   4.0   0.0
  12 1962  53  9290.  -2.2   2.9   0.430   5.5   0.0
  12 1962  54  6990.  -2.8   1.0   0.400   5.0   0.0
  12 1962  55  8050.  -5.2   3.3   0.390   4.5   0.0
  12 1962  56  7190.  -5.3   0.0   0.340   5.3   1.2
  12 1962  57  5680.  -5.4  -0.7   0.350   6.8   0.0
  12 1962  58  4490.  -3.1   0.7   0.430   4.8   0.0
  12 1962  59  3740.  -2.0   1.1   0.450   4.8   0.0
  12 1962  60  3520.  -1.0   1.3   0.490   2.3   0.0
  12 1962  61  3490.  -3.7   2.6   0.490   2.8   0.0
  12 1962  62  3550.  -3.8   1.6   0.500   1.3   3.2
  12 1962  63  7980.  -5.4   3.8   0.440   3.5   0.0
  12 1962  64  3660.  -1.3   1.3   0.460   3.8   0.0
  12 1962  65  9650.  -4.6   4.8   0.470   1.3   0.2
  12 1962  66 12120.  -6.0   4.7   0.460   4.0   0.1
  12 1962  67  5530.  -1.8   6.8   0.380   7.8   0.0
  12 1962  68  3900.   1.0   9.2   0.710   3.5   0.9
  12 1962  69  3960.   3.4   8.6   0.890   0.8   2.4
  12 1962  70  4020.   0.9   5.9   0.750   3.3   6.7
  12 1962  71  9010.  -3.2   4.4   0.500   2.3   3.9
  12 1962  72  7880.  -3.7   0.8   0.460   1.8   1.4
  12 1962  73 10370.  -9.7   3.6   0.400   2.8   7.7
  12 1962  74 12910.  -4.1   5.2   0.500   2.8   3.5
  12 1962  75 14960.  -5.7   3.9   0.420   2.3   0.0
  12 1962  76  7930.  -3.7   4.5   0.530   2.8   0.1
  12 1962  77 10070.  -1.2   4.7   0.490   3.3   0.3
  12 1962  78 11050.  -3.7   6.2   0.470   1.3   0.0
  12 1962  79  6880.  -4.0   6.7   0.520   2.3   0.1
  12 1962  80  4640.  -0.5   4.9   0.600   4.0   0.5
  12 1962  81 12280.  -1.8   6.6   0.540   1.8   0.0
  12 1962  82  7680.   0.7   6.9   0.620   2.8   0.7
  12 1962  83 14670.  -1.4   5.6   0.480   3.3   0.0
  12 1962  84  5680.  -3.3   6.0   0.500   3.3   0.0
  12 1962  85  4950.   0.1   6.1   0.640   5.5   0.0
  12 1962  86  6050.   3.6   7.4   0.750   5.0   1.5
  12 1962  87  8800.   1.5   7.8   0.600   3.8   0.2
  12 1962  88  5130.   2.0  10.6   0.880   5.3   0.6
  12 1962  89  5310.   4.2  11.8   0.980   3.8   9.3
  12 1962  90 11900.   2.4   9.7   0.700   6.0   5.5
  12 1962  91 12600.   2.6   9.6   0.700   7.5   0.8
  12 1962  92  9100.   3.1   8.5   0.740   7.5   0.0
  12 1962  93  5440.   5.4  10.6   0.870   7.0   5.1
  12 1962  94  7930.   4.9  10.2   0.910   5.5   6.8
  12 1962  95  5800.   4.7   6.6   0.820   4.8   9.6
  12 1962  96 14350.   2.5   9.0   0.700   5.0   4.9
  12 1962  97  5680.   2.4  10.2   0.850   8.3   1.7
  12 1962  98  7980.   3.6   9.8   0.840   6.0  15.1
  12 1962  99 11670.   0.7   7.8   0.700   4.5   7.5
  12 1962 100  9500.   0.6   9.8   0.730   3.8   1.5
  12 1962 101  5910.   4.9  11.0   0.940   4.5   0.3
  12 1962 102 14220.   1.6  11.6   0.740   3.3   0.3
  12 1962 103 12020.   0.7   9.8   0.690   5.0   0.0
  12 1962 104 15310.   3.1   8.8   0.710   7.3   1.7
  12 1962 105  6270.   2.9   8.7   0.710   7.0   0.5
  12 1962 106  6200.   4.6   9.0   0.880   4.5   0.0
  12 1962 107 12100.   1.9  14.0   0.730   3.3   9.5
  12 1962 108  9700.   6.4  21.3   1.170   3.0   0.0
  12 1962 109  9380.   7.9  14.9   1.110   2.3   1.6
  12 1962 110 10500.   5.9  16.0   1.130   1.8   4.5
  12 1962 111 19940.   4.7  21.0   1.070   2.5   4.5
  12 1962 112 15140.   6.8  14.9   1.050   2.8   4.6
  12 1962 113 17480.   6.6  15.9   1.030   4.0   0.0
  12 1962 114 22380.   7.0  20.1   1.270   2.0   0.0
  12 1962 115 12180.   6.1  12.9   1.080   3.0   0.0
  12 1962 116 18690.   6.4  17.8   1.160   3.0   0.0
  12 1962 117  7870.   6.0  11.3   0.910   3.5   0.0
  12 1962 118 10350.   5.5  10.2   0.780   4.3   0.0
  12 1962 119  7160.   3.7   8.3   0.700   4.0   0.0
  12 1962 120 24210.  -0.2  11.0   0.570   3.0   0.0
  12 1962 121 11620.  -2.7   9.3   0.600   3.3   0.0
  12 1962 122  7030.   5.5   8.6   0.800   2.5   0.2
  12 1962 123 15310.   3.7  11.1   0.750   2.0   0.0
  12 1962 124  7130.   4.6  10.7   0.810   1.5   0.0
  12 1962 125 17510.   2.7  17.1   0.840   2.8   0.0
  12 1962 126  7220.  11.7  14.8   1.390   5.3   0.4
  12 1962 127  9620.   9.4  17.0   1.310   2.8   2.6
  12 1962 128 21050.   9.5  19.4   1.320   2.8   0.0
  12 1962 129 15550.   8.5  17.6   1.250   3.8   1.4
  12 1962 130 12410.   7.3  14.8   1.040   3.5   8.6
  12 1962 131 17350.   7.1  16.1   1.120   3.5   0.0
  12 1962 132  7750.   7.2  11.6   1.030   3.5   0.0
  12 1962 133  9750.   7.1  10.9   1.000   3.5   4.2
  12 1962 134  7830.   6.4   9.8   0.920   2.8   0.2
  12 1962 135 10820.   3.2  11.8   0.900   3.3   6.3
  12 1962 136  7620.   2.4  11.7   0.920   5.0   0.4
  12 1962 137 20640.   7.7  13.7   0.970   4.0   4.3
  12 1962 138 21970.   6.2  15.6   0.970   4.0   0.0
  12 1962 139 14520.   7.4  14.8   0.990   7.3   0.1
  12 1962 140 20090.   6.7  14.7   0.950   4.0   2.1
  12 1962 141  7790.   7.0  13.4   1.080   5.3   0.3
  12 1962 142 12370.   9.2  15.3   1.180   5.3   4.2
  12 1962 143 20090.   9.2  13.8   1.010   4.5   2.0
  12 1962 144 20560.   6.8  14.1   1.000   3.3   0.0
  12 1962 145  7920.   6.6   9.0   1.010   2.8   5.0
  12 1962 146  9080.   6.7  12.6   1.080   2.3   6.5
  12 1962 147 12970.   5.7  16.1   1.150   3.0   5.2
  12 1962 148  9280.   5.0  14.6   1.100   1.8   9.2
  12 1962 149 12460.   4.3  14.6   1.070   3.0   0.0
  12 1962 150 24230.   3.2  13.7   0.770   2.8   3.5
  12 1962 151 25690.   3.5  12.3   0.670   5.0   0.0
  12 1962 152 19850.   3.3  11.5   0.690   3.3   0.4
  12 1962 153 19020.   1.5  12.1   0.700   3.0   0.6
  12 1962 154 28660.   3.6  14.4   0.750   2.5   0.0
  12 1962 155 11600.   2.5  12.5   0.740   2.3   0.0
  12 1962 156 27420.   4.0  16.5   0.890   2.8   0.0
  12 1962 157 28890.   7.4  20.1   1.010   3.3   0.0
  12 1962 158 30060.   8.3  20.7   0.990   3.5   0.0
  12 1962 159 30660.   7.3  21.2   0.980   2.3   0.0
  12 1962 160 28090.   3.9  22.4   0.940   1.5   0.0
  12 1962 161 22780.   7.1  21.2   1.150   3.3   0.0
  12 1962 162 10700.   6.5  16.5   0.980   1.8   0.0
  12 1962 163  9410.   4.8  18.2   1.020   1.8   0.0
  12 1962 164 17780.   9.7  22.3   1.270   1.5   0.0
  12 1962 165 26430.   9.6  26.0   1.330   2.8   0.0
  12 1962 166 16640.  12.0  23.8   1.420   2.0   0.0
  12 1962 167 14780.  12.9  20.9   1.430   3.0   0.7
  12 1962 168 20980.   9.0  20.0   1.170   2.0   0.0
  12 1962 169 23290.   9.9  26.8   1.460   2.8   0.0
  12 1962 170 16370.  11.8  18.8   1.290   5.0   8.8
  12 1962 171 11620.  10.5  17.6   1.300   5.0   0.5
  12 1962 172  9460.  14.7  19.1   1.600   4.0   2.1
  12 1962 173 12480.  13.0  20.7   1.480   3.5   0.0
  12 1962 174 23570.   9.0  19.6   1.160   2.0   0.0
  12 1962 175 21980.   7.9  18.7   1.040   4.3   0.0
  12 1962 176 26150.   8.8  16.9   0.980   3.0   0.0
  12 1962 177 13330.   9.6  14.9   1.140   4.0   4.7
  12 1962 178 17640.   8.6  14.2   0.920   4.0   2.7
  12 1962 179 13020.   8.1  15.8   1.010   3.5   0.2
  12 1962 180 10570.   8.4  14.5   0.920   2.5   0.2
  12 1962 181  8980.   9.0  15.0   1.000   2.3   0.0
  12 1962 182  8250.  10.8  14.5   1.220   2.8   0.1
  12 1962 183  8230.  11.0  15.2   1.190   3.8   0.0
  12 1962 184 12240.   9.5  14.4   1.040   4.8   0.0
  12 1962 185  8210.   9.0  13.6   1.090   3.5   3.3
  12 1962 186  8480.   8.9  15.0   1.160   2.8   3.4
  12 1962 187  8890.   8.4  14.1   1.070   3.0   1.1
  12 1962 188 23630.   6.1  17.7   1.060   2.0   0.0
  12 1962 189 27610.   3.4  18.4   0.940   2.0   0.0
  12 1962 190 22290.   5.8  19.3   1.030   3.0   0.0
  12 1962 191 14820.  10.7  26.0   1.610   2.5   0.0
  12 1962 192 17650.  12.5  20.6   1.450   3.5   3.9
  12 1962 193 13910.  12.8  17.9   1.450   3.3   4.6
  12 1962 194 10460.  12.6  19.8   1.460   2.8   4.9
  12 1962 195 10720.   8.9  20.4   1.300   1.3   0.0
  12 1962 196  7990.  13.6  19.0   1.540   2.0   2.6
  12 1962 197  8530.  11.7  18.6   1.410   2.5   1.2
  12 1962 198  8640.  10.4  16.9   1.200   1.5   0.2
  12 1962 199 17270.   8.2  18.8   1.180   2.0   0.0
  12 1962 200  8160.  11.2  19.0   1.430   3.5   0.0
  12 1962 201 13510.  12.6  22.1   1.670   2.3   1.8
  12 1962 202 17150.  13.6  21.1   1.530   5.0   8.7
  12 1962 203 19930.  13.0  19.6   1.320   6.3   0.7
  12 1962 204 19590.   8.3  18.6   1.170   2.0   0.4
  12 1962 205 23200.   6.2  22.1   1.100   2.8   0.1
  12 1962 206 14570.  13.8  23.7   1.450   1.8   0.0
  12 1962 207  9610.  15.7  22.8   1.970   2.0   3.6
  12 1962 208 15460.   8.9  17.0   1.230   2.3  27.1
  12 1962 209 18630.   8.2  17.4   1.110   1.5   0.1
  12 1962 210 22760.   5.1  19.2   1.050   0.5   0.0
  12 1962 211 12240.   5.8  19.9   1.190   1.8   0.0
  12 1962 212 10240.  13.8  20.6   1.690   2.0   1.6
  12 1962 213 22280.  10.4  22.2   1.430   1.3   0.0
  12 1962 214 14030.   9.9  21.6   1.490   1.0   0.4
  12 1962 215 12040.   8.8  21.5   1.380   2.3   0.1
  12 1962 216 19710.   9.9  20.1   1.260   2.0   2.6
  12 1962 217 16070.   7.8  20.0   1.270   1.8   0.0
  12 1962 218  9000.  10.6  18.3   1.370   2.8   0.0
  12 1962 219 10870.  11.0  15.8   1.290   6.8  10.0
  12 1962 220 14780.   9.7  16.5   1.270   1.8  13.2
  12 1962 221 12260.   6.9  19.8   1.260   2.8   6.4
  12 1962 222  8390.  13.2  19.8   1.580   5.0   2.9
  12 1962 223  9830.  14.1  21.4   1.730   4.3   0.6
  12 1962 224  7070.  13.0  19.4   1.620   2.0   0.0
  12 1962 225 21040.  12.2  19.9   1.350   3.5   0.1
  12 1962 226 15710.  10.0  20.0   1.310   3.5   0.0
  12 1962 227 15900.  14.2  21.4   1.650   5.3   3.3
  12 1962 228 13150.  12.4  18.7   1.420   3.3   0.4
  12 1962 229  8420.  11.0  17.8   1.430   4.0   1.5
  12 1962 230 21500.   9.1  18.7   1.260   2.8   6.4
  12 1962 231 23110.   4.9  21.3   1.150   1.0   0.1
  12 1962 232 18520.  10.0  23.5   1.410   2.5   0.0
  12 1962 233 15540.  14.7  19.8   1.580   4.0   4.0
  12 1962 234 11660.  12.3  18.8   1.450   4.0   0.0
  12 1962 235  6640.  10.7  17.9   1.390   5.8   0.3
  12 1962 236 14370.  14.3  19.1   1.560   5.0  12.7
  12 1962 237 14540.  13.7  17.9   1.350   4.0   2.4
  12 1962 238 14190.  11.3  19.3   1.310   5.3   0.0
  12 1962 239  9490.  13.2  17.7   1.280   4.0   0.1
  12 1962 240  8660.  12.3  19.2   1.580   2.8   2.9
  12 1962 241 17350.   6.4  19.3   1.220   1.5   1.2
  12 1962 242 18130.   4.9  19.8   1.180   1.5   0.1
  12 1962 243 20030.   8.8  18.5   1.240   1.8   0.0
  12 1962 244 17270.   6.2  18.3   1.110   1.3   0.0
  12 1962 245 18780.   6.2  22.9   1.240   0.8   0.0
  12 1962 246 15190.  11.4  27.0   1.600   3.3   0.0
  12 1962 247 13230.  12.2  21.9   1.500   4.0   0.0
  12 1962 248 12400.  12.4  18.3   1.450   4.3   4.1
  12 1962 249  5600.  11.9  18.1   1.590   5.0   1.7
  12 1962 250 12090.   8.6  17.1   1.200   3.0  15.6
  12 1962 251 13080.   5.3  16.3   1.060   2.5   0.4
  12 1962 252  9980.   4.8  18.0   1.120   3.0   3.1
  12 1962 253 13710.   8.6  22.2   1.310   3.8   0.0
  12 1962 254  6010.  14.0  19.3   1.650   4.8   0.0
  12 1962 255  5950.  12.1  18.8   1.480   4.5   4.5
  12 1962 256 11620.   4.6  16.6   1.010   1.3   1.7
  12 1962 257 15130.   2.4  16.7   0.950   1.8   0.0
  12 1962 258 14770.   7.9  20.8   1.290   2.3   0.1
  12 1962 259 14880.   8.2  16.4   1.090   3.5   0.1
  12 1962 260  8930.   6.0  12.8   1.020   1.8   4.7
  12 1962 261  6690.   2.9  13.5   1.000   2.3   7.4
  12 1962 262 14610.   5.1  14.8   1.030   1.0   7.2
  12 1962 263 15930.   1.8  16.1   0.970   0.8   0.0
  12 1962 264  5150.   6.4  14.8   1.140   2.0   0.1
  12 1962 265  6180.   9.8  15.1   1.160   2.3   0.0
  12 1962 266  4580.  10.3  14.9   1.210   1.3   0.0
  12 1962 267  8970.   8.5  17.1   1.270   1.3   0.0
  12 1962 268  6290.  10.4  17.4   1.130   3.8   0.0
  12 1962 269 13370.   7.4  18.9   1.170   2.3   0.0
  12 1962 270  7410.   7.6  16.1   1.210   1.5   2.9
  12 1962 271 11110.   5.7  17.8   1.120   2.8   0.0
  12 1962 272  9120.   8.9  17.2   1.230   3.0   0.1
  12 1962 273  4160.   9.8  17.3   1.240   3.5   0.0
  12 1962 274 12710.  10.6  22.5   1.560   3.5   0.4
  12 1962 275  6990.  14.2  20.9   1.790   2.0   0.0
  12 1962 276  3990.  13.7  18.2   1.760   2.0  23.9
  12 1962 277  3930.   6.8  15.5   1.220   1.3   0.1
  12 1962 278 11580.   5.1  17.5   1.170   1.0   0.2
  12 1962 279  6160.   8.3  19.0   1.450   0.3   0.0
  12 1962 280 12580.   5.7  18.2   1.180   2.3   0.1
  12 1962 281 12150.   6.8  17.1   1.160   2.0   0.1
  12 1962 282 12010.   6.9  20.8   1.350   0.5   0.0
  12 1962 283 10460.   5.3  19.1   1.320   1.3   0.1
  12 1962 284  3520.   8.9  12.8   1.160   2.0   0.0
  12 1962 285  7070.   6.4  11.1   0.980   2.8   0.0
  12 1962 286  3410.   3.8   8.5   0.810   0.8   0.0
  12 1962 287  3450.   3.2  12.9   0.990   0.5   0.0
  12 1962 288  7250.   4.9  15.0   1.030   0.5   0.2
  12 1962 289  6350.   6.7  16.0   1.180   1.0   0.0
  12 1962 290  4250.   6.6  16.7   1.260   1.5   0.0
  12 1962 291  7740.  10.5  17.3   1.430   2.5   0.0
  12 1962 292  3690.   9.0  14.3   1.120   0.8   0.0
  12 1962 293  3120.   9.8  13.7   1.200   1.0   0.0
  12 1962 294 10290.   6.4  14.6   1.090   2.3   0.0
  12 1962 295  9160.   4.9  14.4   1.070   1.5   0.1
  12 1962 296  9370.   0.2  14.1   0.910   0.5   0.1
  12 1962 297  2830.   7.9  13.1   1.090   1.3   0.0
  12 1962 298  2940.   8.0  13.5   1.140   3.8   0.0
  12 1962 299  2730.   6.7  12.9   1.120   3.5   2.6
  12 1962 300  6760.   2.7  11.5   0.760   3.3  23.3
  12 1962 301  7440.   5.6  11.6   0.930   3.5   1.2
  12 1962 302  6420.   3.4  13.1   0.950   2.8  14.9
  12 1962 303  2610.   2.9   9.2   0.840   4.8   0.7
  12 1962 304  4660.   2.8   9.4   0.840   2.3  14.1
  12 1962 305  6220.   1.2   9.7   0.810   3.5   1.4
  12 1962 306  2400.   2.4   8.0   0.730   4.3   0.0
  12 1962 307  2570.   6.7  12.1   1.060   2.8   4.0
  12 1962 308  2310.   8.5  11.8   1.140   2.3   1.9
  12 1962 309  4880.   2.9  10.7   0.790   1.8   3.0
  12 1962 310  2230.   3.3   8.9   0.870   1.3   0.1
  12 1962 311  4110.   6.1  11.6   1.000   2.5   1.3
  12 1962 312  2140.   7.1  11.4   1.030   2.5   0.0
  12 1962 313  2100.   6.0   9.7   1.030   3.0   0.1
  12 1962 314  2130.   5.2   9.5   0.850   5.8   1.9
  12 1962 315  2030.   2.5   5.4   0.620   4.3   0.0
  12 1962 316  1990.   1.7   2.9   0.610   2.3   0.0
  12 1962 317  1950.   0.4   3.2   0.650   0.5   1.6
  12 1962 318  1920.  -3.0   3.8   0.580   3.8   0.2
  12 1962 319  2570.   1.0   6.5   0.710   2.3   2.3
  12 1962 320  1850.  -0.5   4.2   0.610   2.3   7.5
  12 1962 321  3160.  -1.7   3.6   0.550   3.3   2.1
  12 1962 322  1780.   0.1   4.2   0.660   2.0   0.4
  12 1962 323  2170.   0.4   5.5   0.690   1.8   0.0
  12 1962 324  2430.  -1.6   4.5   0.600   2.5   0.2
  12 1962 325  2100.  -3.5   3.1   0.540   1.8   0.1
  12 1962 326  1660.  -6.1  -1.5   0.440   1.3   0.0
  12 1962 327  1640.  -3.3  -1.1   0.490   2.5   0.0
  12 1962 328  1610.  -1.6   3.1   0.590   3.5   0.4
  12 1962 329  1580.   2.9   6.0   0.820   0.8   0.8
  12 1962 330  1560.   4.0   7.7   0.920   0.0   0.3
  12 1962 331  1530.   4.6   6.3   0.890   0.3   0.0
  12 1962 332  1510.   5.5   8.1   0.970   0.8   0.1
  12 1962 333  1490.   5.3   7.7   0.900   2.3   0.0
  12 1962 334  3750.  -1.0   9.6   0.740   1.0   0.3
  12 1962 335  4180.  -3.7   2.8   0.510   1.3   0.0
  12 1962 336  4450.  -4.4   1.8   0.460   2.5   0.3
  12 1962 337  5130.  -4.5   3.8   0.460   1.0   0.0
  12 1962 338  5030.  -7.8   5.4   0.450   0.3   0.0
  12 1962 339  4680.  -9.0   3.9   0.450   0.0   0.0
  12 1962 340  4490. -10.3   8.0   0.490   0.0   0.0
  12 1962 341  3750.  -5.5   1.1   0.470   2.0   0.0
  12 1962 342  1580.  -3.3   4.9   0.510   5.8   0.1
  12 1962 343  1860.   3.4   7.3   0.770   6.3   6.0
  12 1962 344  1850.   3.3   7.1   0.770   3.3  11.8
  12 1962 345  1300.   2.6   7.7   0.830   6.3   1.6
  12 1962 346  2740.  -1.6   7.5   0.700   1.0   8.9
  12 1962 347  2920.  -1.2   4.8   0.640   1.5   0.1
  12 1962 348  1270.  -2.1   7.1   0.680   5.5   1.0
  12 1962 349  1840.   5.7  11.1   0.980   6.3  14.5
  12 1962 350  1260.   2.9   8.4   0.800   4.0  12.8
  12 1962 351  1250.   1.2   5.0   0.690   2.0   3.7
  12 1962 352  1340.   1.3   7.3   0.780   2.8   3.3
  12 1962 353  1240.  -0.8   4.7   0.630   2.8   8.5
  12 1962 354  1240.  -2.6   2.4   0.560   4.0   1.2
  12 1962 355  1240.  -0.8   7.6   0.760   2.8   8.7
  12 1962 356  4230. -10.0  -0.3   0.340   3.0   2.6
  12 1962 357  4470. -11.5  -4.5   0.260   3.5   0.0
  12 1962 358  4380.  -9.2  -3.8   0.260   5.3   0.0
  12 1962 359  1340.  -6.9  -3.1   0.330   1.8   0.0
  12 1962 360  1490. -10.9  -2.4   0.330   2.8   0.0
  12 1962 361  1250.  -4.0  -2.1   0.450   2.3   4.0
  12 1962 362  1260. -10.5  -3.7   0.320   0.5   0.9
  12 1962 363  1260. -10.5  -4.2   0.330   4.3   0.5
  12 1962 364  1270.  -5.9  -2.8   0.390   4.8   0.0
  12 1962 365  1280.  -5.5  -2.5   0.390   6.5   4.4
