*---------------------------------------------------------------------------*
* Station name: de Bilt, the Netherlands
* Year: 1964                                              -99.000: NIL VALUE
* Author: -
* Source: KNMI, de Bilt
* Comments: WMO identification - 6260
* 
* Longitude: 5 12 N, latitude: 52 06 E, altitude: 2 m.
* 
* Column  Daily value
* 1       station number
* 2       year
* 3       day
* 4       irradiation                   (kJ m-2 d-1)
* 5       minimum temperature           (degrees Celsius)
* 6       maximum temperature           (degrees Celsius)
* 7       early morning vapour pressure (kPa)
* 8       mean wind speed               (m s-1)
* 9       precipitation                 (mm d-1)
*---------------------------------------------------------------------------*
5.2 52.1 2. 0. 0.
  12 1964   1  1340.   3.6   6.8   0.820   3.3   0.0
  12 1964   2  1500.   0.9   5.3   0.710   2.8   0.0
  12 1964   3  3330.  -3.0   2.9   0.540   1.8   0.0
  12 1964   4  1320.  -4.3  -1.8   0.460   1.5   0.2
  12 1964   5  1340.  -2.6   2.6   0.590   2.0   0.0
  12 1964   6  1350.   1.8   5.2   0.750   2.0   0.5
  12 1964   7  2380.  -0.7   6.6   0.700   1.8   1.2
  12 1964   8  1380.   3.9   5.8   0.850   2.3   0.5
  12 1964   9  1400.   1.2   5.6   0.750   2.5   1.6
  12 1964  10  1830.  -1.4   1.6   0.520   3.8   0.9
  12 1964  11  1440.  -4.3  -0.7   0.450   2.8   0.5
  12 1964  12  1460.  -4.3  -2.8   0.440   2.8   0.0
  12 1964  13  1480.  -5.2  -1.0   0.440   1.8   0.0
  12 1964  14  1500.  -1.2   1.2   0.560   4.3   1.0
  12 1964  15  4350.  -5.5   0.3   0.360   4.3   1.3
  12 1964  16  5560.  -6.5   1.3   0.340   3.0   0.0
  12 1964  17  5520.  -6.4   2.3   0.400   2.0   0.0
  12 1964  18  5360.  -9.1   1.4   0.360   1.5   0.0
  12 1964  19  1620.  -7.1   0.5   0.430   1.8   0.0
  12 1964  20  4060.  -5.5   2.2   0.480   1.5   0.0
  12 1964  21  1680.  -2.8   1.4   0.560   1.5   0.0
  12 1964  22  1710.   0.5   2.1   0.660   1.3   0.6
  12 1964  23  1740.  -2.4   0.9   0.560   2.8   0.2
  12 1964  24  1830.  -0.7   4.5   0.650   2.0   0.1
  12 1964  25  2590.   0.7   4.3   0.630   2.5   0.1
  12 1964  26  1840.   2.7   6.2   0.760   3.5   0.0
  12 1964  27  1870.   0.7   4.2   0.630   3.3   0.2
  12 1964  28  1910.   0.1   2.4   0.600   3.3   0.0
  12 1964  29  3030.   0.6   6.9   0.760   3.8   4.7
  12 1964  30  4240.   2.3   7.5   0.750   4.8   2.2
  12 1964  31  2210.   2.3   9.0   0.810   4.8   2.6
  12 1964  32  3580.   3.8  11.4   0.860   4.3   4.0
  12 1964  33  2090.   2.5   8.2   0.810   3.5   0.0
  12 1964  34  2130.   4.9   9.6   0.890   5.0   0.6
  12 1964  35  6720.   3.9   7.9   0.720   5.5   4.5
  12 1964  36  6190.  -1.0   6.6   0.550   3.0   0.1
  12 1964  37  4940.  -1.4   5.0   0.610   2.5   0.0
  12 1964  38  2950.  -2.0   6.6   0.630   2.3   1.6
  12 1964  39  4740.   2.0   8.4   0.800   2.8   1.0
  12 1964  40  2390.   4.4   7.2   0.850   3.3   0.7
  12 1964  41  2440.   4.5   6.8   0.830   3.3   1.1
  12 1964  42  2480.   1.5   6.0   0.750   3.0   1.7
  12 1964  43  3220.   0.2   6.3   0.690   1.3   9.5
  12 1964  44  6740.  -2.8   2.9   0.480   3.3   0.5
  12 1964  45  8790.  -4.1   4.9   0.400   3.5   0.0
  12 1964  46  5990.  -1.8   5.3   0.460   3.5   0.0
  12 1964  47  2730.  -1.7   1.5   0.440   4.0   0.0
  12 1964  48  2780.  -1.7   0.6   0.520   3.5   0.1
  12 1964  49  2830.  -2.5  -1.6   0.460   4.3   5.3
  12 1964  50  2880.  -6.9  -1.5   0.360   4.8   0.1
  12 1964  51 10380.  -8.9   0.7   0.330   2.8   0.0
  12 1964  52  7300.  -9.0   4.3   0.360   2.5   0.0
  12 1964  53  8000.  -7.1   3.2   0.380   3.8   0.0
  12 1964  54  3100.   0.6   8.6   0.750   4.3   0.8
  12 1964  55  5250.   5.0  12.6   1.000   4.3   1.1
  12 1964  56  4530.   6.5  15.1   0.910   4.0   0.0
  12 1964  57  4250.   4.7  15.1   0.900   3.5   0.0
  12 1964  58  5310.   6.5  13.7   1.080   1.8   0.1
  12 1964  59  5930.   1.9  14.1   0.960   2.0   0.6
  12 1964  60  5190.   2.1  10.6   0.790   3.8   0.0
  12 1964  61  3490.  -0.3   3.3   0.590   2.0   0.2
  12 1964  62  3550.  -1.6   3.7   0.570   3.0   0.0
  12 1964  63  3610.  -2.6  -1.4   0.430   2.5   0.0
  12 1964  64  3660.  -1.9   3.1   0.470   5.0   0.0
  12 1964  65  6250.  -1.4   1.4   0.400   6.0   0.0
  12 1964  66 10160.  -3.6   0.5   0.330   6.0   0.0
  12 1964  67 12850.  -6.1   2.2   0.330   5.8   0.0
  12 1964  68 13390.  -7.0   4.0   0.370   4.5   0.0
  12 1964  69 14050.  -7.6   8.4   0.360   3.0   0.0
  12 1964  70 12370.  -6.0   7.8   0.510   1.3   0.0
  12 1964  71  9530.  -6.6   6.9   0.540   2.5   0.0
  12 1964  72 10980.  -1.7  11.9   0.540   6.0   0.0
  12 1964  73  5360.   1.6   7.2   0.640   5.5   0.0
  12 1964  74  4270.   1.6   6.6   0.580   8.0   3.1
  12 1964  75  4540.  -1.6   4.2   0.420   7.0   0.3
  12 1964  76 15000.  -4.2   5.3   0.340   4.8   0.0
  12 1964  77 15260.  -5.6   5.2   0.370   5.0   0.0
  12 1964  78 14540.  -5.3   5.1   0.380   4.5   0.0
  12 1964  79  5230.  -2.8   5.4   0.510   5.5   0.0
  12 1964  80  6630.   4.6  13.4   1.020   2.5  13.7
  12 1964  81  7260.   4.6  12.8   0.990   3.0   0.0
  12 1964  82  4760.   6.7  11.1   1.030   2.5   4.3
  12 1964  83  4820.   4.9   9.2   0.950   1.8   0.1
  12 1964  84  6140.   4.3  11.7   1.000   4.0   0.1
  12 1964  85  4950.   5.4  10.2   0.920   4.8  10.7
  12 1964  86  5010.   4.1   5.7   0.770   2.8   0.1
  12 1964  87  5420.   4.0   8.4   0.800   2.3   0.3
  12 1964  88 10400.   1.7   8.2   0.680   4.5   0.0
  12 1964  89  5190.   1.8   3.9   0.670   2.8   0.1
  12 1964  90  5250.   0.7   4.5   0.670   1.3   3.4
  12 1964  91  5320.   1.8   6.3   0.730   2.5   0.6
  12 1964  92  5380.   2.1   4.7   0.720   4.3   3.1
  12 1964  93  5440.   1.7   4.0   0.700   5.0   0.1
  12 1964  94  5500.   2.0   4.0   0.730   5.0   0.0
  12 1964  95  5560.   2.3   3.9   0.660   5.8   5.3
  12 1964  96 19890.   0.9   9.1   0.650   4.5   0.0
  12 1964  97 11120.  -0.8   8.1   0.640   2.8   0.0
  12 1964  98  9840.  -0.3   8.6   0.690   3.3   0.0
  12 1964  99  5800.  -1.8  10.8   0.660   3.3   0.0
  12 1964 100 17790.   3.3  12.5   0.830   3.0   0.0
  12 1964 101 19810.   1.4  15.1   0.830   2.3   0.0
  12 1964 102 13840.   1.8  14.4   0.790   2.5   0.0
  12 1964 103  6030.   3.9   9.8   0.890   5.8   0.0
  12 1964 104  6850.   6.1  11.6   0.960   3.5   8.8
  12 1964 105 12840.   5.0  12.3   0.930   5.5   0.0
  12 1964 106 12280.   6.1  15.4   0.920   4.3   2.4
  12 1964 107 15860.   7.1  22.1   1.000   4.3   0.0
  12 1964 108 15700.  11.1  20.2   1.090   4.3   0.0
  12 1964 109 11470.  10.9  19.2   1.320   3.0   0.4
  12 1964 110 10500.   8.5  20.8   1.270   3.0   0.7
  12 1964 111 14660.   8.6  17.0   1.180   3.5   0.3
  12 1964 112 17130.   7.5  16.5   1.040   5.0   3.1
  12 1964 113 15890.   6.2  14.7   0.980   4.3   0.8
  12 1964 114  9440.   5.1  12.3   0.990   3.5   0.1
  12 1964 115  6690.   5.7   8.0   0.940   4.0  13.0
  12 1964 116  6740.   5.8  10.1   0.900   2.0   2.3
  12 1964 117 14610.   4.2  15.7   0.960   2.3   0.0
  12 1964 118 21710.   4.2  19.0   0.880   2.8   0.0
  12 1964 119  8110.   9.0  14.0   1.090   6.5   0.0
  12 1964 120 11970.   8.2  13.7   1.050   5.5  12.5
  12 1964 121 15990.   6.8  14.6   1.000   4.5   0.9
  12 1964 122 10860.   7.0  12.3   0.960   4.0   1.7
  12 1964 123  7080.   7.1  11.6   1.070   4.0   1.1
  12 1964 124  8360.   8.9  14.4   1.220   5.5   2.9
  12 1964 125 13380.   8.2  15.0   1.090   6.3   9.8
  12 1964 126 19100.   8.2  14.6   0.980   4.5   1.8
  12 1964 127 10030.   5.9  15.9   0.980   3.3   0.0
  12 1964 128  8830.  10.7  21.5   1.280   3.8   0.2
  12 1964 129 25430.   7.9  16.0   0.950   5.3   3.3
  12 1964 130 18260.   4.6  17.2   1.030   2.8   0.0
  12 1964 131 17490.   6.5  16.1   0.970   3.0   0.1
  12 1964 132  7470.   6.3  19.0   1.080   3.5   0.2
  12 1964 133 27280.   8.3  26.2   1.240   3.0   0.0
  12 1964 134  9510.  11.3  17.9   1.360   3.5   1.7
  12 1964 135 22920.   6.0  15.2   0.920   3.3   0.2
  12 1964 136 27070.   3.1  16.5   0.860   2.5   0.0
  12 1964 137 26010.   1.7  17.1   0.780   1.8   0.0
  12 1964 138 25930.   4.1  22.7   0.920   2.0   0.0
  12 1964 139 12970.  10.1  24.1   1.350   2.5   0.0
  12 1964 140 24350.   9.4  20.2   1.280   3.0   1.6
  12 1964 141 27100.   7.8  16.6   1.050   2.8   1.9
  12 1964 142 12370.   5.0  17.8   1.090   2.0   0.0
  12 1964 143 15820.   8.7  19.9   1.160   3.0   0.4
  12 1964 144 19990.  10.4  23.3   1.040   4.3   0.0
  12 1964 145 26590.  11.7  25.7   1.080   3.3   0.0
  12 1964 146 25640.  14.0  26.6   1.170   2.8   0.0
  12 1964 147 16110.  10.3  23.9   1.640   2.3   0.0
  12 1964 148 18000.  10.8  21.4   1.470   2.5   7.6
  12 1964 149 19470.  11.2  23.2   1.610   1.8   0.0
  12 1964 150 19210.  11.7  24.4   1.450   2.5   0.0
  12 1964 151 24690.  12.4  24.6   1.260   2.8   0.0
  12 1964 152 24010.  11.4  25.2   1.280   4.3   0.0
  12 1964 153 10120.  11.2  16.3   1.370   4.5  14.5
  12 1964 154  8130.  11.5  17.4   1.520   3.0   8.8
  12 1964 155  8150.   7.4  14.9   1.100   2.8  16.4
  12 1964 156 24120.   7.4  24.9   1.270   3.5   0.0
  12 1964 157 13790.   8.5  23.4   1.430   3.3   0.0
  12 1964 158 27760.   8.1  23.1   1.210   3.0   1.5
  12 1964 159 13970.  13.6  19.0   1.480   4.5   0.0
  12 1964 160 24060.  13.0  18.2   1.260   3.3  13.6
  12 1964 161 21340.  10.3  21.5   1.300   2.0   0.0
  12 1964 162 25100.  10.2  25.3   1.360   2.8   0.0
  12 1964 163 24830.   9.0  20.1   1.190   2.3   0.0
  12 1964 164 27000.   7.5  26.3   1.290   3.0   0.0
  12 1964 165 25860.  14.6  31.5   1.890   3.5   0.0
  12 1964 166 18370.  12.4  21.0   1.540   4.0   3.4
  12 1964 167 15210.   7.3  18.6   1.170   3.0   1.1
  12 1964 168 16510.   6.1  19.1   1.110   2.5   0.5
  12 1964 169 25160.   7.1  23.1   1.200   2.3   0.0
  12 1964 170 12770.  13.1  22.4   1.650   3.0   0.0
  12 1964 171 11040.   6.1  14.6   1.080   2.5  18.9
  12 1964 172 15360.   5.4  13.9   0.940   3.3   5.6
  12 1964 173 12630.   5.5  15.1   1.030   2.8   2.1
  12 1964 174 12620.   8.1  14.6   1.160   2.3   7.3
  12 1964 175 17950.   4.8  17.3   1.050   2.3   6.5
  12 1964 176 27010.   4.1  21.1   1.120   2.0   0.0
  12 1964 177 29450.   7.4  21.8   1.200   3.3   0.1
  12 1964 178 27860.  11.5  24.1   1.470   3.0   0.0
  12 1964 179 24960.  13.0  25.0   1.430   2.5   0.0
  12 1964 180  8270.  12.5  19.9   1.490   2.5   0.0
  12 1964 181 18030.   8.7  16.5   1.140   4.3   0.1
  12 1964 182  8820.   8.3  18.3   1.120   3.8   0.2
  12 1964 183 15560.   8.2  18.3   1.140   3.3   0.0
  12 1964 184 22150.   6.3  20.3   1.180   2.3   0.0
  12 1964 185 13370.   8.3  19.4   1.320   2.8   0.0
  12 1964 186 17370.   6.2  16.0   0.980   3.0   0.5
  12 1964 187 19500.   6.2  17.5   0.970   3.0   0.0
  12 1964 188 24780.   6.0  17.5   0.930   2.5   0.1
  12 1964 189 14730.   6.2  20.1   1.070   5.3   0.0
  12 1964 190  8550.  12.4  15.7   1.400   6.3   1.6
  12 1964 191 16390.  11.5  18.3   1.310   4.3   5.6
  12 1964 192 19940.  10.4  17.8   1.180   3.5   4.1
  12 1964 193  8060.   9.4  15.7   1.350   5.5   0.0
  12 1964 194  8040.  14.5  17.9   1.680   4.3   5.2
  12 1964 195 15140.  12.9  22.8   1.680   1.8   1.9
  12 1964 196 26350.  11.7  29.1   1.730   2.5   0.0
  12 1964 197 11800.  15.6  26.8   1.940   2.0   0.0
  12 1964 198 24410.  12.4  26.8   1.780   2.0   0.1
  12 1964 199 23510.  15.0  27.0   1.840   2.5   0.0
  12 1964 200 20770.  17.2  31.7   2.090   3.0   0.0
  12 1964 201 18460.  16.7  21.5   1.710   3.8   7.1
  12 1964 202 19690.  12.1  24.7   1.650   2.5   0.0
  12 1964 203 10180.  14.5  24.1   1.880   3.5   0.0
  12 1964 204  7750.  11.2  16.9   1.430   2.5  16.0
  12 1964 205 13490.  11.3  18.9   1.370   2.8   1.5
  12 1964 206 14850.  10.9  22.1   1.580   2.3   0.0
  12 1964 207 26880.  10.4  25.4   1.600   2.0   0.0
  12 1964 208 26390.  11.3  27.0   1.730   2.8   0.0
  12 1964 209 12050.  14.0  22.3   1.820   2.3   0.0
  12 1964 210 13960.  13.4  22.4   1.640   3.0   0.1
  12 1964 211 15030.  11.5  21.4   1.460   2.0   0.0
  12 1964 212 14560.  11.4  23.9   1.580   2.0   0.0
  12 1964 213  8260.  12.6  19.9   1.570   3.8   0.0
  12 1964 214  9740.  13.1  19.4   1.480   3.8   1.9
  12 1964 215 13420.  11.1  18.2   1.250   3.3   2.7
  12 1964 216  7300.   8.5  18.0   1.330   2.5   0.0
  12 1964 217 10560.  13.3  22.9   1.730   2.8   0.0
  12 1964 218 15310.   9.9  21.4   1.420   1.8   0.0
  12 1964 219 20730.   9.5  27.0   1.430   2.5   0.1
  12 1964 220 10810.  13.7  23.1   1.670   2.8   0.0
  12 1964 221 13760.  10.3  19.3   1.400   3.0   1.8
  12 1964 222 11380.   8.2  19.4   1.370   1.8  11.3
  12 1964 223 22850.   7.0  20.9   1.280   2.3   2.6
  12 1964 224 11400.   9.5  19.1   1.320   2.5   0.0
  12 1964 225  6890.  13.4  17.7   1.640   3.8   2.8
  12 1964 226  6840.  14.2  17.3   1.650   3.8   8.0
  12 1964 227 17510.  13.1  22.1   1.510   3.3   1.4
  12 1964 228 20760.   9.5  21.3   1.350   1.8   0.1
  12 1964 229 17740.   9.4  21.7   1.310   2.0   0.0
  12 1964 230 12480.  14.9  28.8   1.780   2.8   0.0
  12 1964 231 13460.  13.4  21.7   1.590   4.8   0.0
  12 1964 232  6540.  11.7  17.1   1.530   4.3  41.2
  12 1964 233 13310.   6.8  17.3   1.080   2.0  10.9
  12 1964 234 16240.   6.9  18.4   1.040   2.5   0.1
  12 1964 235 21360.   6.6  19.7   1.060   1.8   0.0
  12 1964 236 20720.   4.8  21.6   1.110   1.5   0.0
  12 1964 237  6270.   9.5  19.2   1.310   4.8   0.0
  12 1964 238 13040.  15.6  23.7   1.880   2.8   0.2
  12 1964 239 22560.  15.1  31.1   2.040   2.0   0.0
  12 1964 240 21790.  15.3  31.2   2.060   3.0   0.1
  12 1964 241 12270.  14.8  25.1   1.890   2.8   0.1
  12 1964 242 16860.   7.9  17.6   1.090   3.5   0.0
  12 1964 243 14240.   5.7  17.6   1.070   2.3   0.1
  12 1964 244 17520.   8.1  17.7   1.090   2.5   0.4
  12 1964 245 16160.   8.1  18.2   1.070   2.8   0.0
  12 1964 246 20520.   7.8  21.7   0.990   3.0   0.0
  12 1964 247 20140.   8.1  24.0   1.190   2.3   0.0
  12 1964 248 15950.   7.7  26.2   1.390   2.0   0.0
  12 1964 249  6080.  13.5  22.0   1.850   2.0   3.2
  12 1964 250  6140.  13.5  18.4   1.690   2.3  28.0
  12 1964 251  9700.   9.9  19.1   1.360   3.5   7.6
  12 1964 252 10820.  13.0  18.6   1.470   3.5   1.5
  12 1964 253  5840.  14.7  19.6   1.650   4.0   0.0
  12 1964 254  8860.  15.3  20.5   1.770   4.3   0.0
  12 1964 255  9250.  15.3  24.4   2.000   3.3   0.0
  12 1964 256 12560.   5.3  17.2   0.950   2.5   0.0
  12 1964 257 17800.   4.0  18.5   0.910   3.0   0.0
  12 1964 258 14890.   8.5  28.2   1.480   3.8   0.0
  12 1964 259  8100.  14.5  22.6   1.750   4.0   0.3
  12 1964 260  4940.  12.9  17.9   1.510   5.8   0.9
  12 1964 261  9530.   9.3  17.3   1.270   3.8   8.5
  12 1964 262 12470.   9.3  16.1   1.090   3.8   2.8
  12 1964 263  6770.   8.7  17.2   1.240   3.8   0.0
  12 1964 264 10580.   6.2  16.3   1.120   3.0   4.3
  12 1964 265 14000.   3.7  14.8   0.890   3.0   3.0
  12 1964 266  9170.   3.1  16.8   1.030   2.3   0.4
  12 1964 267 15580.   5.6  19.0   0.990   3.3   0.0
  12 1964 268 15000.   9.7  20.2   1.020   3.3   0.0
  12 1964 269  8350.   8.0  20.5   1.420   1.3   0.0
  12 1964 270  4550.   7.3  18.6   1.390   2.3   0.2
  12 1964 271 13630.   5.4  18.8   1.200   2.3   5.2
  12 1964 272 11100.   4.9  18.9   1.200   1.5   0.2
  12 1964 273 11910.   3.2  19.3   1.160   1.5   0.1
  12 1964 274 14240.   6.0  16.0   1.050   3.8   0.2
  12 1964 275 13790.   5.0  16.6   1.010   2.8   0.0
  12 1964 276 13550.   5.4  15.8   1.040   3.8   0.0
  12 1964 277 13500.   4.5  17.1   0.960   4.3   0.0
  12 1964 278 12670.   5.2  18.1   1.040   2.0   0.0
  12 1964 279 12330.   2.1  19.1   1.090   1.0   0.0
  12 1964 280  6570.   6.0  17.3   1.220   3.3   0.1
  12 1964 281  3700.   8.1  15.3   1.270   6.0   0.1
  12 1964 282  7540.   6.9  13.4   1.060   3.5  17.0
  12 1964 283  5560.   6.3  11.2   0.970   3.8   6.7
  12 1964 284  6880.   4.8  12.4   0.970   4.0   9.8
  12 1964 285  6330.   4.7  11.0   0.940   3.5   4.5
  12 1964 286  6710.   2.9  10.3   0.870   3.3   4.9
  12 1964 287  6890.   2.4  13.0   0.940   2.5   0.0
  12 1964 288  9400.   2.0  12.6   0.870   3.0   1.3
  12 1964 289  3250.   5.3   8.1   0.880   5.0   0.3
  12 1964 290  3190.   7.1  11.4   1.050   3.8  21.7
  12 1964 291  5920.   6.0  13.6   1.090   2.3  13.5
  12 1964 292  9190.   3.5  13.7   0.980   2.0   2.1
  12 1964 293  6260.   0.0  13.3   0.860   0.8   0.0
  12 1964 294  9450.  -1.3  13.0   0.810   1.0   0.0
  12 1964 295  2930.   0.3   8.1   0.790   2.0   0.1
  12 1964 296  3370.   8.0  12.8   1.070   3.3   7.7
  12 1964 297  3070.   1.3   9.6   0.810   3.0  19.1
  12 1964 298  7440.   0.4  10.7   0.810   2.3  13.1
  12 1964 299  2730.   2.0   8.1   0.780   2.5   6.4
  12 1964 300  4480.   2.7  10.9   0.900   1.8   2.8
  12 1964 301  9150.   0.5   8.3   0.690   3.8   0.1
  12 1964 302  2580.   4.7   7.6   0.870   2.3   0.0
  12 1964 303  2530.   7.0   9.3   1.040   2.3   0.2
  12 1964 304  2490.   6.8   8.9   1.030   1.3   0.0
  12 1964 305  2440.   6.8   9.0   1.020   1.0   0.2
  12 1964 306  2400.   6.8   9.5   1.050   1.5   0.0
  12 1964 307  4090.   5.3   9.7   0.920   3.0   0.1
  12 1964 308  2310.   2.3   7.3   0.790   3.8   2.7
  12 1964 309  5090.   2.4   7.1   0.700   3.5   0.0
  12 1964 310  4110.   1.5   7.6   0.730   1.5   0.0
  12 1964 311  2180.  -0.5   4.6   0.640   2.0   0.0
  12 1964 312  5480.  -1.4   8.1   0.700   2.8   0.0
  12 1964 313  4930.  -1.6   6.6   0.620   3.3   0.2
  12 1964 314  7440.  -0.6  10.3   0.590   3.5   0.1
  12 1964 315  6220.  -2.4   6.4   0.590   1.5   0.0
  12 1964 316  2830.  -2.8   5.9   0.620   3.0   0.0
  12 1964 317  1950.   3.6   9.0   0.900   4.0   0.0
  12 1964 318  1920.   3.8  11.2   0.990   5.5   4.1
  12 1964 319  1880.   9.6  13.1   1.220   5.8  11.7
  12 1964 320  2710.   6.2  11.0   0.930   5.8   5.4
  12 1964 321  1820.   6.8  13.4   1.010   6.8   7.0
  12 1964 322  1780.   5.4   8.9   0.840   2.3   0.1
  12 1964 323  2110.   5.1  10.1   0.910   1.8   1.8
  12 1964 324  1720.   6.5  11.3   1.020   3.3   0.7
  12 1964 325  1690.   8.8  11.3   1.110   3.0   0.0
  12 1964 326  1660.   7.4  10.7   1.080   1.5   0.1
  12 1964 327  1640.   8.4  10.7   1.160   3.3   0.7
  12 1964 328  1610.   8.1  10.1   1.090   4.8   0.8
  12 1964 329  1580.   8.5  11.9   1.150   5.8   1.1
  12 1964 330  1560.   5.0  13.2   1.030   3.3   1.6
  12 1964 331  1530.   1.5  10.5   0.910   3.3   0.0
  12 1964 332  1510.   3.4  10.0   0.830   3.3   1.1
  12 1964 333  2560.   1.3   6.9   0.730   3.3   4.3
  12 1964 334  1950.  -1.6   4.2   0.640   1.5   6.7
  12 1964 335  1450.  -2.0   2.5   0.600   3.5   4.6
  12 1964 336  3620.  -2.7   3.4   0.540   3.5   3.6
  12 1964 337  1410.  -3.7   0.1   0.490   4.5   0.2
  12 1964 338  2260.  -0.2   5.0   0.610   3.5  11.1
  12 1964 339  1780.  -0.2   4.6   0.620   3.8   3.3
  12 1964 340  1360.   0.6   5.1   0.670   3.0   4.1
  12 1964 341  1350.   2.7  10.0   0.870   5.5   1.9
  12 1964 342  1330.   6.4  10.5   0.910   7.3   0.0
  12 1964 343  1370.   5.4  11.1   0.920   6.8   0.2
  12 1964 344  1450.   8.7  13.0   0.990   7.0   3.3
  12 1964 345  1300.   6.9   9.3   1.020   2.8   5.7
  12 1964 346  1290.   3.7   8.0   0.920   1.5   5.6
  12 1964 347  1280.   4.2   9.4   0.910   8.3   0.2
  12 1964 348  1270.   6.3  10.4   0.930   6.8  13.8
  12 1964 349  1410.   3.6   6.6   0.790   1.8  14.1
  12 1964 350  1260.   2.8   5.0   0.730   4.0   0.6
  12 1964 351  1250.   3.0   7.0   0.820   2.3   3.6
  12 1964 352  1290.   4.2   7.8   0.880   2.5   0.6
  12 1964 353  1240.  -0.7   6.8   0.720   2.0   1.7
  12 1964 354  2900.  -2.3   2.3   0.540   3.5   0.7
  12 1964 355  2190.  -2.8   1.2   0.520   1.5   0.2
  12 1964 356  1480.  -1.7   1.5   0.550   4.0   0.0
  12 1964 357  1710.  -2.9   0.1   0.490   4.5   0.0
  12 1964 358  4040.  -4.3   1.8   0.460   2.0   0.0
  12 1964 359  2670.  -7.1  -0.6   0.420   1.5   0.0
  12 1964 360  1250. -11.6   0.4   0.380   1.8   4.0
  12 1964 361  3590. -12.2   1.4   0.380   1.8   0.2
  12 1964 362  2600.  -8.7  -1.2   0.380   4.0   0.1
  12 1964 363  3190.  -9.9  -3.6   0.330   2.8   0.3
  12 1964 364  2570. -12.7  -1.5   0.290   5.8   0.2
  12 1964 365  1280.  -4.4   6.8   0.610   8.0   1.1
  12 1964 366  1290.   0.3   7.4   0.730   5.5   7.1
