*---------------------------------------------------------------------------*
* Station name: de Bilt, the Netherlands
* Year: 1976                                              -99.000: NIL VALUE
* Author: -
* Source: KNMI, de Bilt
* Comments: WMO identification - 6260
* 
* Longitude: 5 12 N, latitude: 52 06 E, altitude: 2 m.
* 
* Column  Daily value
* 1       station number
* 2       year
* 3       day
* 4       irradiation                   (kJ m-2 d-1)
* 5       minimum temperature           (degrees Celsius)
* 6       maximum temperature           (degrees Celsius)
* 7       early morning vapour pressure (kPa)
* 8       mean wind speed               (m s-1)
* 9       precipitation                 (mm d-1)
*---------------------------------------------------------------------------*
5.2 52.1 2. 0. 0.
  12 1976   1  1290.   2.8   9.6   0.810   5.0  10.8
  12 1976   2  1300.   1.7  10.8   0.850   8.8  11.0
  12 1976   3  1510.   2.7  11.4   0.640   9.0   9.3
  12 1976   4  2270.   1.0   5.9   0.550   4.3   0.5
  12 1976   5  1340.   1.1   9.6   0.870   4.0   3.6
  12 1976   6  1350.   5.0   8.9   0.920   3.3  18.7
  12 1976   7  1370.   6.4   9.4   0.960   5.5   0.0
  12 1976   8  1380.   6.6   7.5   0.880   6.5   0.0
  12 1976   9  1400.   6.9   7.8   0.950   6.0   0.0
  12 1976  10  1420.   6.4  10.3   1.000   6.3  10.0
  12 1976  11  1910.   8.9  11.9   1.060   6.3   5.7
  12 1976  12  1560.   8.8  10.3   1.000   5.3   0.7
  12 1976  13  1480.   5.8   9.3   0.990   2.8   1.5
  12 1976  14  1550.   6.3   8.9   0.950   6.3   0.6
  12 1976  15  3050.   5.2   8.1   0.860   3.3   5.2
  12 1976  16  1710.   7.2   8.5   0.970   2.5   2.7
  12 1976  17  3410.   1.5   7.7   0.760   1.8   0.2
  12 1976  18  1600.   2.1   6.0   0.720   4.0   0.0
  12 1976  19  3100.   3.4   7.9   0.790   7.3   1.6
  12 1976  20  1770.   6.7  10.7   0.870   9.0   4.2
  12 1976  21  1680.   6.5   8.5   0.730   8.3   2.5
  12 1976  22  1710.   5.4   9.8   0.790   7.0   0.2
  12 1976  23  1980.   0.8   9.6   0.720   4.5   0.7
  12 1976  24  3520.  -1.6   3.2   0.620   2.5   6.7
  12 1976  25  2660.  -3.6   3.1   0.560   1.8   5.6
  12 1976  26  4060.  -6.1   0.8   0.480   4.0   0.4
  12 1976  27  1870.  -6.7   1.4   0.470   4.0   5.5
  12 1976  28  5760. -10.1  -4.3   0.330   2.5   0.0
  12 1976  29  6670.  -9.6  -3.1   0.300   4.0   0.0
  12 1976  30  6510. -10.6  -5.0   0.280   6.8   0.0
  12 1976  31  4050.  -8.4  -4.3   0.310   5.0   0.0
  12 1976  32  4050.  -9.1  -5.2   0.290   3.3   0.0
  12 1976  33  2090.  -9.2  -2.0   0.380   2.3   0.0
  12 1976  34  2130.  -2.1   0.1   0.530   1.8   0.0
  12 1976  35  2170.  -2.4   0.0   0.530   3.5   0.0
  12 1976  36  2220.  -1.1   1.1   0.570   4.8   0.0
  12 1976  37  4730.  -2.8   1.9   0.530   2.8   0.0
  12 1976  38  2300.  -4.1   2.4   0.530   1.3   0.0
  12 1976  39  2350.   0.4   3.1   0.680   2.0   0.0
  12 1976  40  2390.   1.4   5.4   0.770   3.8   0.0
  12 1976  41  2440.  -0.2   7.5   0.750   3.3   3.8
  12 1976  42  3990.  -0.2   5.1   0.660   4.3   3.0
  12 1976  43  2530.   1.2   5.0   0.710   4.8   2.8
  12 1976  44  2580.   1.2   6.0   0.750   5.8   6.1
  12 1976  45  2710.  -1.5   1.5   0.490   5.0   1.3
  12 1976  46  2990.  -2.2   0.3   0.420   3.0   0.0
  12 1976  47  4480.  -2.2   2.0   0.520   5.0   0.0
  12 1976  48  2780.   1.1   4.3   0.630   3.0   0.0
  12 1976  49  7240.   1.0   7.2   0.700   2.5   0.0
  12 1976  50  8590.   0.5  11.5   0.780   3.0   0.0
  12 1976  51  5950.   3.1  13.0   0.870   2.5   0.0
  12 1976  52  4430.   4.1  11.6   0.900   3.0   0.0
  12 1976  53  7750.   4.0  12.1   0.820   2.5   0.0
  12 1976  54  6900.   0.4  11.9   0.820   2.5   0.0
  12 1976  55  3150.   4.3   9.7   0.950   3.3   0.0
  12 1976  56  3650.   4.3  10.2   0.940   4.8   0.1
  12 1976  57  3350.   4.2  10.4   0.930   2.5   0.0
  12 1976  58  3320.   1.6  10.2   0.840   1.5   0.0
  12 1976  59 10870.   1.5  12.7   0.850   2.0   0.0
  12 1976  60  6660.   2.1  11.7   0.900   5.0   0.0
  12 1976  61 12350.   1.4   8.8   0.700   2.8   5.4
  12 1976  62 12220.  -0.2   9.6   0.730   2.5   0.0
  12 1976  63 12930.  -1.6   9.8   0.530   4.5   0.0
  12 1976  64 13280.  -0.3   9.2   0.440   4.8   0.0
  12 1976  65 13630.  -2.8   3.9   0.410   5.3   0.0
  12 1976  66 12800.  -3.8   2.0   0.400   4.3   0.0
  12 1976  67  7210.  -4.1   0.7   0.420   3.3   0.0
  12 1976  68  9500.  -5.8   2.0   0.370   1.5   0.0
  12 1976  69 12740.  -9.3   3.5   0.400   1.3   0.0
  12 1976  70  7080.  -8.3   4.0   0.440   2.3   0.0
  12 1976  71  5730.  -0.6   7.2   0.420   4.8   0.0
  12 1976  72  7360.   1.4   9.4   0.510   5.8   0.0
  12 1976  73  6190.   0.9   9.6   0.750   2.8   6.8
  12 1976  74 13230.  -0.5  12.0   0.730   2.5   0.2
  12 1976  75  4750.   0.9   8.4   0.720   2.5   0.0
  12 1976  76  4390.   1.2   4.1   0.690   2.8   0.7
  12 1976  77  4450.   0.5   4.6   0.700   2.3   0.0
  12 1976  78  5490.   1.4   7.2   0.760   3.0   2.6
  12 1976  79 10510.  -1.4   5.8   0.520   3.5   0.0
  12 1976  80 16590.  -2.7   7.6   0.460   3.5   0.0
  12 1976  81 16410.  -2.8   5.6   0.410   5.3   0.0
  12 1976  82 16330.  -4.8   3.6   0.370   5.0   0.0
  12 1976  83 16710.  -3.9   5.8   0.480   4.0   0.0
  12 1976  84 10700.  -4.0   5.7   0.490   3.5   0.0
  12 1976  85  4950.   3.0   9.4   0.900   5.5   5.8
  12 1976  86  5010.   2.5   8.7   0.810   4.0   5.7
  12 1976  87  5300.   1.6   9.4   0.820   4.5   7.3
  12 1976  88  9000.   4.0  10.3   0.930   5.5   1.0
  12 1976  89  6370.   4.7   9.5   0.910   5.3   0.0
  12 1976  90 10600.   4.6  10.5   0.840   5.0   1.3
  12 1976  91  5430.   5.9  10.3   0.930   7.0   0.0
  12 1976  92 10780.   7.2  14.3   1.050   3.3   0.0
  12 1976  93  8460.   6.4  12.7   0.980   4.3   0.0
  12 1976  94  8660.  -1.4   9.2   0.680   2.0   1.0
  12 1976  95  9350.  -1.3  11.2   0.670   2.3   0.0
  12 1976  96 16080.   2.4  13.2   0.750   5.5   0.0
  12 1976  97  7160.   1.7  12.4   0.810   4.0   0.0
  12 1976  98  6480.  -1.0   6.7   0.650   2.5   0.0
  12 1976  99 15300.   0.2   9.1   0.650   3.3   4.6
  12 1976 100 19050.  -3.6  12.2   0.580   1.3   0.0
  12 1976 101 19180.   0.8  13.8   0.710   1.0   0.0
  12 1976 102 21080.  -1.5  15.5   0.650   1.5   0.0
  12 1976 103 18150.   0.5  15.8   0.750   2.3   0.0
  12 1976 104 20570.   0.3  16.7   0.730   1.5   0.0
  12 1976 105  6400.   3.5  10.4   0.880   2.0   1.8
  12 1976 106 20810.   1.8  17.2   0.940   4.8   0.4
  12 1976 107  9500.   4.9  13.1   0.980   3.3   0.0
  12 1976 108 16740.   3.2  16.9   1.060   1.3   0.0
  12 1976 109 20900.  -0.5  18.8   0.910   3.0   0.0
  12 1976 110 23380.   6.4  19.8   1.040   4.8   0.0
  12 1976 111 24160.   5.3  18.3   0.820   5.8   0.0
  12 1976 112 12220.   4.6  12.4   0.920   3.3   0.0
  12 1976 113 19880.   1.2  10.6   0.560   5.0   0.0
  12 1976 114 19440.   0.5   8.3   0.660   5.0   0.0
  12 1976 115 18870.   0.6  10.8   0.580   7.5   2.0
  12 1976 116 21250.   3.7  15.4   0.740   6.5   0.0
  12 1976 117 24710.   3.4  15.2   0.760   5.5   0.0
  12 1976 118 11710.   1.4  10.3   0.610   4.5   0.0
  12 1976 119 22210.  -0.3   9.2   0.480   3.3   0.0
  12 1976 120 21080.  -4.8  10.3   0.520   2.0   0.0
  12 1976 121 10530.   0.3  13.2   0.750   1.5   0.0
  12 1976 122 17980.  -2.5  15.9   0.700   2.3   0.0
  12 1976 123  7490.   5.1  12.2   0.850   3.8   0.0
  12 1976 124  7810.   6.4  11.4   1.020   4.8   0.8
  12 1976 125  7860.   3.9  13.0   0.920   2.8   2.7
  12 1976 126 13710.   2.8  18.9   0.980   1.8   0.0
  12 1976 127 25540.   8.0  26.0   1.260   3.3   0.0
  12 1976 128 26180.  11.5  29.2   1.240   3.0   0.0
  12 1976 129 25020.  14.2  29.5   1.310   2.8   0.0
  12 1976 130 25370.  15.0  30.4   1.330   2.0   0.0
  12 1976 131 25730.  11.3  28.9   1.530   3.0   0.0
  12 1976 132 22590.  10.2  17.6   0.940   3.3   0.0
  12 1976 133  8210.   7.6  15.9   1.100   4.5   0.2
  12 1976 134 15840.   1.8  12.1   0.760   3.3   3.0
  12 1976 135 25170.   1.5  17.1   0.790   2.5   0.7
  12 1976 136 27210.   5.6  22.1   0.890   4.0   0.0
  12 1976 137 24170.   7.5  18.2   0.980   2.5   0.0
  12 1976 138 28330.   3.2  24.7   0.910   3.0   0.0
  12 1976 139 19480.  13.0  24.9   1.470   2.3   2.5
  12 1976 140  9750.   7.5  15.5   1.140   1.8   2.4
  12 1976 141 12620.   5.2  16.8   1.120   3.0   0.8
  12 1976 142 18910.   5.4  14.9   1.030   2.3   3.0
  12 1976 143 21370.   3.2  19.6   1.050   1.5   2.6
  12 1976 144 26540.   6.1  21.5   1.000   3.0   0.0
  12 1976 145 27450.   6.7  19.3   0.820   3.5   0.0
  12 1976 146 21640.   4.8  20.4   1.020   2.3   0.0
  12 1976 147 10680.   7.2  13.1   1.130   4.0   1.0
  12 1976 148  8000.   9.3  13.2   1.220   3.5   2.3
  12 1976 149 12460.   8.1  16.4   1.110   1.5   0.1
  12 1976 150 12480.   7.9  20.0   1.210   2.3   0.0
  12 1976 151 10220.  10.4  15.0   1.210   4.0   1.6
  12 1976 152 15980.  10.2  16.3   1.260   3.3   1.3
  12 1976 153 11980.  10.6  17.8   1.440   3.5   0.0
  12 1976 154  8420.   8.9  12.6   1.030   3.3  14.0
  12 1976 155  8150.   8.0  11.6   0.930   2.0   0.0
  12 1976 156 12330.   5.4  13.6   0.860   1.3   0.0
  12 1976 157 29610.   2.4  19.7   0.950   1.5   0.0
  12 1976 158 27180.   5.6  23.1   1.110   1.8   0.0
  12 1976 159 30800.   6.6  27.4   1.050   1.5   0.0
  12 1976 160 29530.  14.2  29.4   1.310   3.3   0.0
  12 1976 161 25520.  16.9  31.0   1.580   3.3   0.0
  12 1976 162 24240.  11.1  20.8   1.180   2.3   0.0
  12 1976 163 22520.   8.6  23.1   1.060   1.5   0.0
  12 1976 164 21810.  10.2  24.9   1.230   3.3   0.0
  12 1976 165 24420.  10.2  21.8   1.260   2.3   0.0
  12 1976 166 29040.   9.1  24.2   1.400   2.8   0.0
  12 1976 167 12040.  13.6  21.5   1.510   3.5   0.0
  12 1976 168 13340.   9.8  16.4   1.100   3.0   0.0
  12 1976 169 25310.   9.0  24.0   1.320   2.0   0.0
  12 1976 170 23000.   6.4  23.6   1.210   2.8   0.0
  12 1976 171  8590.  12.0  15.8   1.420   4.5   0.2
  12 1976 172 10030.  10.4  14.1   1.380   2.0  19.1
  12 1976 173 18100.  11.1  21.5   1.480   1.5  19.5
  12 1976 174 18960.   9.4  24.0   1.470   1.5   0.0
  12 1976 175 28890.  13.6  28.2   1.630   1.8   0.0
  12 1976 176 27880.  17.4  32.0   1.780   1.5   0.0
  12 1976 177 26000.  15.3  32.9   1.770   1.8   0.0
  12 1976 178 28720.  17.2  32.9   1.850   2.0   0.0
  12 1976 179 27840.  17.9  32.6   1.970   2.3   0.0
  12 1976 180 29550.  16.7  31.1   1.840   3.3   0.0
  12 1976 181 30970.  14.2  26.5   1.560   4.3   0.0
  12 1976 182 30950.  14.0  29.8   1.550   5.0   0.0
  12 1976 183 30500.  15.3  28.3   1.310   3.8   0.0
  12 1976 184 30620.  12.7  31.9   1.210   2.8   0.0
  12 1976 185 29450.  16.9  34.9   1.470   2.3   0.0
  12 1976 186 29280.  14.9  33.6   1.460   3.0   0.0
  12 1976 187 29250.  15.4  31.2   1.660   4.0   0.0
  12 1976 188 28360.  18.1  30.4   1.180   3.5   0.0
  12 1976 189 29760.  12.5  29.9   0.930   4.3   0.0
  12 1976 190 29440.  14.3  27.9   1.530   3.0   0.0
  12 1976 191 21400.  13.6  27.2   1.750   1.8   0.0
  12 1976 192 16220.  13.1  23.2   1.650   2.3   0.0
  12 1976 193 23760.   9.7  25.2   1.420   3.0   0.0
  12 1976 194 24440.  13.3  28.9   1.450   2.8   0.0
  12 1976 195 11570.  15.2  23.9   1.730   1.8   1.4
  12 1976 196 16810.  13.5  24.1   1.590   2.0   0.5
  12 1976 197 26300.  10.9  29.2   1.570   2.3   4.3
  12 1976 198 15460.  16.7  30.7   2.030   2.5   0.0
  12 1976 199  8190.  17.8  22.0   2.050   2.3   0.0
  12 1976 200 10990.  15.9  24.4   1.940   1.8   2.6
  12 1976 201 12660.  15.3  25.0   1.890   3.3   0.0
  12 1976 202  9230.  13.5  22.5   1.570   2.5   0.6
  12 1976 203  7780.  12.1  16.8   1.500   2.3   0.0
  12 1976 204 24390.  11.3  19.9   1.380   2.5  25.9
  12 1976 205 21370.   8.5  21.9   1.330   1.8   2.5
  12 1976 206 11620.  12.0  19.3   1.600   1.8   2.3
  12 1976 207 21540.  11.5  20.5   1.510   2.5   2.3
  12 1976 208 18820.  10.6  21.1   1.510   2.3   0.6
  12 1976 209 10090.   9.4  20.8   1.430   1.5   0.0
  12 1976 210 11730.  10.4  20.6   1.460   2.3   0.0
  12 1976 211 24920.  10.0  21.0   1.300   2.8   0.0
  12 1976 212  8020.  13.6  19.0   1.520   2.8   0.0
  12 1976 213  9230.   8.8  15.8   1.170   1.8   0.4
  12 1976 214 18880.   8.3  18.6   1.110   3.8   1.6
  12 1976 215  8310.  12.7  18.5   1.510   2.8   1.7
  12 1976 216  7850.  11.7  17.6   1.450   1.8   0.2
  12 1976 217 19230.  10.0  20.1   1.280   2.3   1.7
  12 1976 218 14490.  10.9  21.2   1.420   1.3   0.0
  12 1976 219 13880.  11.4  21.3   1.510   1.8   0.0
  12 1976 220 17240.  11.1  21.2   1.510   3.0   0.0
  12 1976 221 19340.  11.1  23.1   1.520   3.0   0.0
  12 1976 222 20490.  13.2  25.8   1.540   3.3   0.0
  12 1976 223 23390.  12.3  26.4   1.350   3.0   0.0
  12 1976 224 13970.  13.1  25.5   1.570   1.5   0.0
  12 1976 225 21980.  10.8  27.5   1.550   1.5   1.5
  12 1976 226 24180.  12.9  25.7   1.480   3.0   0.0
  12 1976 227 21390.  14.4  25.0   1.520   4.0   0.0
  12 1976 228 22370.  13.1  26.0   1.500   4.3   0.0
  12 1976 229 23730.  11.1  26.5   1.390   3.5   0.0
  12 1976 230 20300.  10.8  23.1   1.430   2.5   0.0
  12 1976 231 18490.  10.4  24.3   1.610   2.8   0.0
  12 1976 232 21820.  14.1  25.4   1.820   2.5   4.0
  12 1976 233 16330.  13.4  25.6   1.840   3.0   0.0
  12 1976 234 20160.  14.4  25.9   1.540   3.5   0.0
  12 1976 235 23570.  11.6  24.6   1.000   3.8   0.0
  12 1976 236 23710.  10.3  25.6   0.950   2.8   0.0
  12 1976 237 23070.   9.8  28.4   1.020   2.0   0.0
  12 1976 238 22680.  12.3  30.4   1.250   2.0   0.0
  12 1976 239 17180.  13.0  25.3   1.600   3.5   0.0
  12 1976 240 17330.  14.6  22.2   1.460   5.0   0.0
  12 1976 241 12020.  12.9  22.2   1.670   2.0   0.0
  12 1976 242 14720.  12.0  25.7   1.680   2.5   5.0
  12 1976 243  7580.  11.1  22.2   1.590   2.0   0.7
  12 1976 244 16520.   9.0  22.6   1.490   2.0   0.0
  12 1976 245 10310.  10.3  19.8   1.490   2.8   0.0
  12 1976 246 13580.   9.7  17.3   1.320   2.0  15.1
  12 1976 247 13850.   8.1  17.9   1.200   2.5   2.4
  12 1976 248  8350.   8.0  17.9   1.330   1.3   0.1
  12 1976 249  8770.   7.1  17.9   1.230   1.0  11.8
  12 1976 250 17910.   6.0  20.4   1.250   1.5   0.0
  12 1976 251 12350.   8.0  20.9   1.370   1.8   0.0
  12 1976 252 13690.   8.2  21.9   1.320   2.3   0.0
  12 1976 253  7030.   9.1  15.8   1.160   5.3   2.3
  12 1976 254 10520.   8.3  15.6   1.110   3.8   8.3
  12 1976 255  5240.   8.1  14.0   1.030   5.0   3.6
  12 1976 256 15130.   8.2  18.5   1.170   2.5   4.3
  12 1976 257  5240.   7.1  17.1   1.230   3.8   0.0
  12 1976 258  8410.   9.8  16.8   1.250   2.3   4.4
  12 1976 259 11200.   8.6  18.6   1.290   1.5   0.0
  12 1976 260  5850.   8.9  16.6   1.330   1.0   0.0
  12 1976 261  6130.  10.1  16.8   1.340   1.8   0.0
  12 1976 262  6850.   9.6  17.0   1.310   1.5   0.0
  12 1976 263 14930.  10.7  20.1   1.380   1.0   6.2
  12 1976 264 11800.   8.8  20.1   1.320   1.5   0.0
  12 1976 265 15210.   6.9  19.6   1.170   1.5   0.0
  12 1976 266 14410.   7.5  19.7   1.110   2.5   0.0
  12 1976 267  7340.  10.7  19.5   1.310   1.8   0.0
  12 1976 268  7150.  12.8  18.9   1.530   2.3   1.1
  12 1976 269  4510.  12.4  17.7   1.470   3.3   0.1
  12 1976 270  4450.  10.3  19.0   1.520   1.0   0.0
  12 1976 271  7540.  10.5  22.1   1.710   1.3   1.9
  12 1976 272  5370.  12.0  20.8   1.740   1.0   0.7
  12 1976 273  7780.  11.9  19.6   1.630   1.3   0.6
  12 1976 274  9430.  11.2  20.8   1.510   2.3   0.7
  12 1976 275  4450.  13.3  19.4   1.620   2.3   0.1
  12 1976 276  8820.  11.5  18.6   1.510   2.3   6.7
  12 1976 277  9410.  11.1  19.1   1.410   3.0   0.0
  12 1976 278  4260.  11.0  16.4   1.370   2.8   0.0
  12 1976 279 11840.   8.2  16.0   1.030   5.0   2.9
  12 1976 280  3750.  12.2  18.3   1.510   4.5   3.1
  12 1976 281  5140.  11.2  19.7   1.490   4.5   6.5
  12 1976 282  4400.   9.1  15.8   1.230   1.5   0.5
  12 1976 283  5560.  10.0  18.4   1.490   2.0   0.0
  12 1976 284  3990.  13.6  17.5   1.610   2.3   0.0
  12 1976 285  7810.  13.5  22.0   1.550   4.3   0.0
  12 1976 286  5060.   9.3  16.6   1.170   2.5   0.0
  12 1976 287  5260.   6.3  15.0   1.140   0.8   0.1
  12 1976 288  5810.   3.6  13.4   0.970   4.8   0.0
  12 1976 289  3250.   8.5  11.7   1.000   5.3   2.1
  12 1976 290  9950.   2.8  13.9   0.970   1.5   3.8
  12 1976 291 11130.  -0.2  14.5   0.870   2.5   0.0
  12 1976 292  5150.   3.8  11.1   0.910   2.8   0.0
  12 1976 293  4220.   6.8  14.0   1.150   3.5   0.0
  12 1976 294  5330.   9.3  15.8   1.320   2.5   9.5
  12 1976 295  6090.   7.7  14.7   1.150   4.3   0.0
  12 1976 296  2960.   9.1  13.6   1.200   3.0   1.5
  12 1976 297  5100.   9.5  15.1   1.120   3.3   1.8
  12 1976 298  6070.   8.7  13.8   1.160   2.3   4.2
  12 1976 299  6060.   7.9  15.7   1.110   2.3   0.5
  12 1976 300  5740.   5.4  12.5   1.010   1.3   0.0
  12 1976 301  2630.   5.2   7.5   0.880   1.8   0.0
  12 1976 302  2580.   4.3   6.1   0.810   2.8   0.0
  12 1976 303  2840.   6.0  12.6   1.040   1.8   0.0
  12 1976 304  2490.   3.2   8.2   0.850   3.3   0.0
  12 1976 305  6290.   3.5  11.7   0.850   1.5   0.0
  12 1976 306  2400.   4.0   9.9   0.860   4.3   0.0
  12 1976 307  2500.   5.5  10.7   0.950   3.5   1.0
  12 1976 308  2310.   3.1   6.8   0.790   1.3   0.4
  12 1976 309  6640.   1.8  11.8   0.780   3.0   0.6
  12 1976 310  2570.   5.0   9.6   0.840   4.3   0.0
  12 1976 311  2250.   5.1  10.6   0.850   3.8   0.0
  12 1976 312  2210.   5.3  11.4   0.980   2.8   2.2
  12 1976 313  2370.   4.4  10.3   0.870   3.8   0.1
  12 1976 314  2800.   4.1  10.5   0.860   3.0   0.9
  12 1976 315  2030.   4.3  12.7   0.980   2.8   1.3
  12 1976 316  2310.   1.8  10.5   0.880   1.8   3.9
  12 1976 317  4000.   1.3   7.5   0.740   2.5   0.9
  12 1976 318  1920.   4.8   6.6   0.840   2.8   2.9
  12 1976 319  2320.   5.2   8.3   0.870   2.0   0.1
  12 1976 320  1970.   3.7   7.6   0.790   1.8   0.0
  12 1976 321  1820.   0.9   7.3   0.740   2.5   0.0
  12 1976 322  1780.   6.1   8.4   0.990   1.8   2.6
  12 1976 323  1750.   5.0   8.8   0.970   1.5   0.1
  12 1976 324  1720.   4.0   9.5   0.930   2.3   0.0
  12 1976 325  1980.  -0.1   8.5   0.810   1.3   0.0
  12 1976 326  2180.   2.2   6.4   0.750   1.8   0.7
  12 1976 327  1920.   2.3   7.1   0.750   2.8   0.6
  12 1976 328  2910.   1.8   6.2   0.680   2.5   3.6
  12 1976 329  1580.   1.8  10.0   0.830   3.5   1.0
  12 1976 330  1560.   5.4  10.2   0.880   3.5   4.9
  12 1976 331  1530.   6.9   8.7   0.890   6.3   0.0
  12 1976 332  2540.   5.6  11.6   1.030   4.0   0.7
  12 1976 333  1490.   5.2   9.7   0.940   6.8   0.0
  12 1976 334  2050.   6.0   9.0   0.930   6.3   4.8
  12 1976 335  1450.   4.7  11.3   1.010   6.3   5.4
  12 1976 336  3100.   2.1   7.5   0.760   3.8  20.8
  12 1976 337  1460.   1.6   4.8   0.710   2.0   0.0
  12 1976 338  2830.  -0.2   4.1   0.670   4.5   4.0
  12 1976 339  3100.   0.5   6.3   0.710   4.3   9.0
  12 1976 340  1360.  -0.7   1.2   0.600   3.8   0.4
  12 1976 341  1600.  -1.2   6.4   0.690   6.5   1.3
  12 1976 342  3870.   4.9   8.3   0.860   5.8  13.1
  12 1976 343  2600.   5.2   8.7   0.890   5.5   0.5
  12 1976 344  3470.   0.5   8.2   0.730   2.5   0.9
  12 1976 345  4030.  -0.9   6.8   0.600   3.5   0.0
  12 1976 346  1680.   1.2   6.8   0.640   4.5   1.5
  12 1976 347  1470.   1.1   5.7   0.690   2.0   0.3
  12 1976 348  1370.  -1.5   3.6   0.610   2.3   0.2
  12 1976 349  4050.  -3.9   3.3   0.540   1.5   2.2
  12 1976 350  1260.  -4.1   1.9   0.490   1.5   0.0
  12 1976 351  1250.  -2.1   2.6   0.570   2.8   0.0
  12 1976 352  1250.  -1.8   1.4   0.570   3.5   0.0
  12 1976 353  1240.   0.8   2.7   0.670   3.0   9.0
  12 1976 354  1240.   0.0   1.6   0.620   5.8   0.6
  12 1976 355  1240.   1.6   4.4   0.710   3.8   6.7
  12 1976 356  1240.   3.4   6.4   0.820   4.0   5.3
  12 1976 357  1240.   0.0   5.5   0.730   1.5   1.1
  12 1976 358  3240.  -1.5   3.8   0.640   2.5   0.0
  12 1976 359  1580.  -1.2   2.5   0.600   2.0   0.0
  12 1976 360  4680.  -2.4   2.8   0.450   2.3   0.0
  12 1976 361  3590.  -1.1   4.7   0.510   2.5   1.3
  12 1976 362  1260.   0.4   3.8   0.610   4.8   0.4
  12 1976 363  3620.  -4.3   1.8   0.520   2.3   6.7
  12 1976 364  3200.  -9.1  -1.3   0.390   2.5   1.9
  12 1976 365  1280.  -9.7  -2.8   0.310   5.5   0.0
  12 1976 366  1290.  -4.8   2.9   0.480   4.5   0.0
