*---------------------------------------------------------------------------*
* Station name: de Bilt, the Netherlands
* Year: 1977                                              -99.000: NIL VALUE
* Author: -
* Source: KNMI, de Bilt
* Comments: WMO identification - 6260
* 
* Longitude: 5 12 N, latitude: 52 06 E, altitude: 2 m.
* 
* Column  Daily value
* 1       station number
* 2       year
* 3       day
* 4       irradiation                   (kJ m-2 d-1)
* 5       minimum temperature           (degrees Celsius)
* 6       maximum temperature           (degrees Celsius)
* 7       early morning vapour pressure (kPa)
* 8       mean wind speed               (m s-1)
* 9       precipitation                 (mm d-1)
*---------------------------------------------------------------------------*
5.2 52.1 2. 0. 0.
  12 1977   1  1290.   2.8   9.4   0.840   3.8   4.4
  12 1977   2  1640.  -0.2   5.4   0.690   1.8   0.0
  12 1977   3  1310.   0.4   5.4   0.700   3.0   0.1
  12 1977   4  3800.  -1.5   6.9   0.700   1.0   2.0
  12 1977   5  1340.  -2.8   0.2   0.560   3.3   0.0
  12 1977   6  1350.   0.0   2.8   0.680   2.3   5.3
  12 1977   7  1520.   0.5   6.4   0.750   2.5   1.6
  12 1977   8  1380.   0.7   6.6   0.750   3.0   0.0
  12 1977   9  1400.   3.6   5.3   0.810   4.3   1.9
  12 1977  10  1420.   0.6   4.5   0.700   3.0   6.6
  12 1977  11  1540.  -0.6   2.8   0.640   3.0   1.7
  12 1977  12  1460.  -1.8  -0.4   0.560   1.3   0.7
  12 1977  13  2540.  -1.9   2.4   0.530   6.5   0.0
  12 1977  14  1500.   0.6   4.7   0.650   6.0   1.9
  12 1977  15  1520.   1.6   3.2   0.700   2.8   2.4
  12 1977  16  1660.   0.9   4.4   0.700   2.3   4.3
  12 1977  17  3520.  -2.2   5.9   0.650   1.3   0.2
  12 1977  18  3730.  -2.0   2.5   0.570   3.5   0.0
  12 1977  19  1620.  -2.7  -0.5   0.510   1.5   0.0
  12 1977  20  1650.  -1.6   1.6   0.600   3.8   1.7
  12 1977  21  3130.   1.3   7.9   0.790   3.0   0.0
  12 1977  22  3530.   3.7   8.8   0.890   3.3   1.5
  12 1977  23  1740.   5.3   7.8   0.930   2.5   2.2
  12 1977  24  1770.   4.6   7.4   0.900   2.5   3.9
  12 1977  25  1800.   5.4  12.6   1.070   7.8   3.1
  12 1977  26  1960.   6.4  11.4   0.940   7.3   5.6
  12 1977  27  1870.   5.7   7.2   0.920   3.5   2.9
  12 1977  28  2410.   3.0   7.8   0.800   5.8  17.3
  12 1977  29  6030.  -3.1   3.6   0.470   3.0   0.1
  12 1977  30  7160.  -4.8   5.5   0.550   0.8   0.0
  12 1977  31  7000.  -5.2   3.3   0.510   1.5   0.0
  12 1977  32  5310.  -4.7   2.6   0.480   2.8   0.0
  12 1977  33  2090.  -1.6   1.1   0.540   4.3   0.0
  12 1977  34  2200.  -2.4   5.6   0.580   5.8   0.0
  12 1977  35  5410.   2.1   8.1   0.790   3.8   6.8
  12 1977  36  3260.   4.0  10.1   0.920   5.0   6.6
  12 1977  37  2540.   5.5   8.6   0.920   5.0   1.7
  12 1977  38  2370.   6.8  10.1   0.990   7.8   5.8
  12 1977  39  3800.   4.6   8.3   0.810   3.8   2.7
  12 1977  40  5400.  -0.9   5.8   0.650   2.8   0.0
  12 1977  41  3920.   3.9  12.5   0.950   5.3   7.3
  12 1977  42  2560.   5.9   8.9   0.880   5.0   3.8
  12 1977  43  2680.   3.5   7.2   0.830   1.8   0.0
  12 1977  44  2580.   2.9   7.6   0.820   1.8   1.5
  12 1977  45  8080.   1.9  10.0   0.770   2.5   1.0
  12 1977  46  2680.   0.3   5.2   0.690   2.3   0.0
  12 1977  47  3610.   2.2   6.9   0.770   2.0   0.0
  12 1977  48  2780.   0.4   8.1   0.770   4.8   0.0
  12 1977  49  3570.   6.4   9.5   0.900   8.0  12.1
  12 1977  50  6440.   4.8   8.8   0.760   6.0   6.9
  12 1977  51  2930.   4.0  10.7   0.910   6.0   0.8
  12 1977  52  3070.   5.7   9.4   0.900   4.3   7.3
  12 1977  53  8090.   3.9  11.4   0.890   3.3   4.9
  12 1977  54  3620.   4.3  10.2   0.920   2.5  10.0
  12 1977  55  4200.   3.3  11.2   0.890   2.0   1.2
  12 1977  56  3210.   1.5   7.2   0.790   2.5   9.3
  12 1977  57  8090.  -2.0   4.3   0.510   2.5   5.9
  12 1977  58 12450.  -3.9   3.8   0.470   2.0   0.1
  12 1977  59  8760.  -4.6   5.3   0.490   1.5   0.0
  12 1977  60  4720.  -2.9   4.6   0.510   3.5   0.0
  12 1977  61  3490.   3.2  10.7   0.950   4.5   0.2
  12 1977  62  3920.   7.4  11.7   1.010   5.3   2.2
  12 1977  63  8170.   6.9  11.7   0.900   6.8   0.0
  12 1977  64  7700.   5.0  10.9   0.830   4.3   0.0
  12 1977  65 11590.  -0.7   9.7   0.770   3.0   0.0
  12 1977  66  9670.   5.1  14.6   0.820   5.0   0.0
  12 1977  67  5530.   4.5  11.8   0.940   3.3   2.6
  12 1977  68 12200.   3.8  18.4   1.020   5.0   0.0
  12 1977  69 11320.   5.5  14.6   0.920   4.0   0.0
  12 1977  70  4020.   4.8  11.2   1.010   2.0   0.5
  12 1977  71  9630.   2.8  11.6   0.910   2.0   4.8
  12 1977  72 10570.   2.0  12.0   0.880   3.5   0.0
  12 1977  73  6400.   4.1  10.3   0.800   6.5   6.2
  12 1977  74  7320.   3.9  12.1   0.880   4.5   2.6
  12 1977  75  8900.   8.5  17.5   1.020   4.5   0.1
  12 1977  76 11570.   7.7  13.7   1.060   4.0   4.8
  12 1977  77  8880.   4.6  11.6   0.930   3.5   0.3
  12 1977  78  4950.   4.2  11.0   0.940   2.5   0.4
  12 1977  79 13250.   1.0  12.6   0.810   4.8   1.2
  12 1977  80  4640.   5.2  10.4   0.920   4.5   0.0
  12 1977  81  4920.   5.2  11.2   0.990   2.3   2.0
  12 1977  82  4760.   3.7   9.6   0.930   3.0   0.7
  12 1977  83  7880.   7.2  15.9   1.200   2.8   0.3
  12 1977  84  4880.   1.4   8.3   0.730   1.8   0.0
  12 1977  85 11380.  -0.8  11.6   0.710   3.0   0.0
  12 1977  86  5010.   1.2   6.1   0.750   3.3   2.2
  12 1977  87 13220.  -0.6   4.8   0.550   6.0   9.7
  12 1977  88 16380.  -2.2   5.8   0.450   2.3   0.5
  12 1977  89 19350.  -3.8   4.6   0.360   3.8   0.0
  12 1977  90 17600.  -5.3   7.3   0.410   6.0   0.0
  12 1977  91  5320.   3.9  11.3   0.990   7.5   2.0
  12 1977  92 12710.   0.7   9.7   0.720   4.5  21.8
  12 1977  93  5920.   0.5   7.8   0.740   2.5   1.3
  12 1977  94  7200.  -1.5   7.5   0.680   1.8   2.0
  12 1977  95  5800.   0.3   9.3   0.730   4.0   1.7
  12 1977  96  6720.   0.1   9.3   0.720   3.8   0.0
  12 1977  97 14340.   0.0   9.0   0.710   3.0   2.3
  12 1977  98 16060.  -1.6   7.0   0.620   3.3   0.2
  12 1977  99 17550.  -1.0   5.7   0.540   3.8   0.6
  12 1977 100 19550.  -3.0   7.3   0.490   2.5   0.0
  12 1977 101 10330.   1.2   8.8   0.760   3.0   0.7
  12 1977 102  6730.   1.6  12.5   0.900   4.3   0.7
  12 1977 103 14060.   2.5  11.5   0.790   4.8   8.4
  12 1977 104 14540.   2.6   9.4   0.770   5.0   3.8
  12 1977 105 12450.   1.7   9.2   0.750   4.0   4.9
  12 1977 106 14730.  -1.7  10.7   0.620   2.5   0.9
  12 1977 107 13660.   0.9  13.4   0.740   2.8   0.0
  12 1977 108 11400.  -1.6   8.4   0.550   2.3   0.0
  12 1977 109 15270.  -2.6   9.3   0.580   2.0   0.0
  12 1977 110 18380.  -2.4  13.1   0.630   4.5   0.0
  12 1977 111  6470.   7.8  13.0   1.160   6.5   0.6
  12 1977 112  6530.   9.8  12.2   1.160   8.0   0.7
  12 1977 113 12700.   7.8  13.6   1.040   7.3   0.8
  12 1977 114 17980.   6.4  11.7   0.850   4.8   1.9
  12 1977 115  7090.   1.8  12.2   0.880   4.3   0.2
  12 1977 116  8080.   6.9  17.4   1.180   5.0   0.0
  12 1977 117 20270.   2.8  12.1   0.790   4.0   4.5
  12 1977 118 12520.   1.6  14.7   0.700   3.8   0.0
  12 1977 119 16520.   5.6  13.9   0.980   3.5   0.6
  12 1977 120 15910.   4.9  15.2   0.910   2.8   1.1
  12 1977 121  6980.   4.9   9.6   0.930   1.8   1.2
  12 1977 122 15790.   1.5  16.7   0.870   3.5   7.1
  12 1977 123  9820.  11.0  15.6   1.190   2.8   0.1
  12 1977 124  7130.   8.5  11.0   1.140   3.5   2.0
  12 1977 125  7170.   8.2  11.2   1.080   3.5   2.1
  12 1977 126 17440.   4.1  15.3   0.980   2.5   1.7
  12 1977 127 18760.   2.4  15.6   0.930   2.5   1.6
  12 1977 128 15770.   5.3  14.3   1.020   2.0   2.1
  12 1977 129 15830.   2.3  15.4   0.940   2.8   0.2
  12 1977 130  7810.   7.7  14.1   1.170   3.0   2.6
  12 1977 131  7850.   5.8  16.4   1.230   4.3   0.4
  12 1977 132 15030.   9.1  15.8   1.210   4.3  13.1
  12 1977 133 10590.   6.2  13.5   1.110   2.8   9.8
  12 1977 134 17380.   5.1  12.1   0.860   2.5  11.7
  12 1977 135 19120.   3.4  14.0   0.800   3.8   0.0
  12 1977 136  8470.   7.4  14.3   0.990   5.5   0.0
  12 1977 137 15990.   8.7  18.0   1.030   5.8   0.0
  12 1977 138 28050.   7.1  20.1   0.970   5.0   0.0
  12 1977 139 25140.   8.3  19.5   0.970   6.0   0.0
  12 1977 140  8190.   8.6  13.5   0.990   6.3   0.0
  12 1977 141 10770.   7.0  16.8   0.880   4.8   4.7
  12 1977 142 28860.   6.3  19.3   0.920   4.0   0.0
  12 1977 143 22230.   7.9  20.7   1.110   2.8   0.0
  12 1977 144 29110.   8.1  22.9   0.970   3.0   0.0
  12 1977 145 28870.   8.8  25.0   0.980   4.0   0.0
  12 1977 146 28780.  11.5  20.9   0.870   5.5   0.0
  12 1977 147 29110.   8.0  21.6   0.810   4.5   0.0
  12 1977 148 29150.   8.2  22.0   1.030   2.5   0.0
  12 1977 149 27620.   6.0  20.8   1.080   4.3   0.0
  12 1977 150 15350.   7.6  14.3   0.840   3.5   0.0
  12 1977 151 25690.   4.9  16.8   0.780   4.5   0.0
  12 1977 152 25730.   6.2  16.1   0.920   3.5   0.0
  12 1977 153 10260.   9.8  16.1   1.200   3.0   0.0
  12 1977 154 17460.   9.0  16.4   1.250   3.8   2.0
  12 1977 155  9010.   8.8  18.0   1.340   1.5   1.2
  12 1977 156  8600.   6.9  15.5   1.200   3.3   0.3
  12 1977 157 10480.   8.1  16.0   1.140   4.3   1.2
  12 1977 158 14100.   8.6  15.6   1.140   5.8   5.6
  12 1977 159 26920.   8.7  18.4   0.990   3.3   0.4
  12 1977 160  9380.  11.6  21.4   1.540   3.3   0.0
  12 1977 161 11260.   9.2  20.8   1.490   3.8   2.2
  12 1977 162 22650.   8.5  20.1   1.260   2.3   5.8
  12 1977 163 22950.   8.9  24.8   1.250   3.3   0.6
  12 1977 164 27570.  15.5  30.8   1.790   3.5   0.0
  12 1977 165 16490.  14.7  22.0   1.630   2.8   0.0
  12 1977 166 10450.  13.8  21.4   1.850   2.8   5.3
  12 1977 167  8290.  12.8  16.4   1.500   3.3   1.3
  12 1977 168  8300.  12.2  16.4   1.400   1.8   0.5
  12 1977 169  8300.  12.3  16.5   1.480   1.8   0.0
  12 1977 170  8300.  11.6  15.0   1.480   2.5   0.4
  12 1977 171  8300.  10.8  13.1   1.160   1.5   1.3
  12 1977 172  8300.  10.2  17.8   1.300   2.0   0.0
  12 1977 173 13350.  10.3  19.2   1.390   2.8   0.0
  12 1977 174 17950.   9.3  19.3   1.320   1.8   0.0
  12 1977 175 15360.   7.9  21.3   1.360   1.5   0.0
  12 1977 176  8440.  10.7  18.0   1.360   2.0   0.0
  12 1977 177 10160.  11.6  16.2   1.400   1.8   2.5
  12 1977 178 19360.  10.4  19.3   1.180   3.8   4.5
  12 1977 179 13310.  12.3  20.4   1.360   2.8   0.0
  12 1977 180 12440.  12.3  18.9   1.510   1.8   1.8
  12 1977 181 14870.   8.1  21.1   1.310   3.5   1.7
  12 1977 182  8250.  12.9  17.5   1.500   4.5   0.0
  12 1977 183  9530.  14.0  20.8   1.730   0.8   0.5
  12 1977 184 18560.  12.3  26.4   1.690   2.5   0.0
  12 1977 185 28870.  14.3  27.3   1.570   3.5   0.0
  12 1977 186 29130.  13.7  26.8   1.620   3.5   0.0
  12 1977 187 29250.  15.3  27.8   1.800   4.3   0.0
  12 1977 188 20480.  15.8  24.4   1.790   4.0   0.0
  12 1977 189 24460.  15.3  24.3   1.730   4.3   0.0
  12 1977 190 12990.  16.9  22.8   1.790   3.3   0.0
  12 1977 191 25970.  12.8  24.7   1.710   2.5   0.0
  12 1977 192 23940.  11.5  23.0   1.640   1.8   0.0
  12 1977 193 25330.  10.1  24.1   1.500   2.5   0.0
  12 1977 194 16450.  12.8  21.3   1.440   3.0   0.0
  12 1977 195 13000.  11.6  18.4   1.160   3.5   0.4
  12 1977 196 15530.   7.1  19.7   1.020   2.0   0.0
  12 1977 197 19900.   5.7  21.0   1.060   2.5   0.0
  12 1977 198 12050.  12.4  21.5   1.410   4.5   0.0
  12 1977 199 12300.  14.0  20.0   1.630   4.5   5.0
  12 1977 200  9440.  13.8  19.2   1.410   4.8   6.3
  12 1977 201 16480.  13.7  19.6   1.440   3.3   0.0
  12 1977 202 14320.  10.0  20.0   1.350   2.0   0.8
  12 1977 203 11740.   9.5  22.5   1.490   3.0   0.0
  12 1977 204  9440.  16.6  24.6   2.110   4.8   0.1
  12 1977 205 11660.  13.5  18.0   1.560   4.5   0.3
  12 1977 206 11900.  12.4  17.6   1.470   2.5  20.7
  12 1977 207 11440.  11.8  17.7   1.500   3.5   8.2
  12 1977 208  8590.  11.8  17.4   1.550   1.8  10.7
  12 1977 209  8280.  10.8  18.4   1.400   3.0   5.9
  12 1977 210  7540.  12.1  17.5   1.450   4.8   3.7
  12 1977 211 23250.  14.0  24.6   1.700   4.8   0.0
  12 1977 212 17200.  13.0  19.5   1.410   4.0   0.0
  12 1977 213 10620.   8.6  18.6   1.200   1.8   0.0
  12 1977 214  7380.   6.8  20.8   1.360   1.0   0.0
  12 1977 215  8720.  12.5  22.2   1.730   1.5   0.0
  12 1977 216 19300.  11.3  24.4   1.600   1.8   0.0
  12 1977 217 23220.  11.7  24.3   1.510   3.0   0.0
  12 1977 218  8310.  15.1  21.7   1.890   1.3   4.2
  12 1977 219 12240.  14.4  23.0   1.970   2.0   3.5
  12 1977 220 10400.  13.8  20.2   1.710   2.0   2.2
  12 1977 221 10890.  13.2  18.9   1.570   2.5   2.0
  12 1977 222  7300.  12.0  17.9   1.510   1.8   0.1
  12 1977 223 12680.  11.1  20.0   1.520   2.3   1.0
  12 1977 224  6940.  12.2  17.8   1.660   2.5   3.4
  12 1977 225 10660.  14.2  20.6   1.730   2.5   9.6
  12 1977 226 12220.  12.9  23.6   1.850   1.5   0.0
  12 1977 227 12420.  15.1  21.9   1.830   2.5   0.5
  12 1977 228 16490.  14.0  21.7   1.640   4.3   0.3
  12 1977 229  6690.  14.0  17.2   1.670   2.8   1.4
  12 1977 230  6640.  13.1  16.2   1.640   1.5   2.6
  12 1977 231 11480.  11.8  19.6   1.570   1.8  13.9
  12 1977 232 12070.  12.0  19.0   1.550   1.5   3.1
  12 1977 233  7540.  13.4  18.9   1.690   3.0   5.2
  12 1977 234  6430.  12.9  14.7   1.550   4.0  12.9
  12 1977 235 11720.  11.6  19.5   1.560   1.8  24.8
  12 1977 236 16180.   7.6  20.5   1.280   2.8   0.1
  12 1977 237 14670.  14.9  21.2   1.680   3.8   1.1
  12 1977 238 15350.  11.1  20.6   1.530   2.3   3.6
  12 1977 239 17050.  10.1  22.0   1.570   1.8   0.0
  12 1977 240 12230.   9.2  17.8   1.270   2.3   1.2
  12 1977 241 22430.   6.1  20.6   1.240   1.5   0.0
  12 1977 242 16860.   8.4  22.2   1.410   1.8   0.0
  12 1977 243 11470.  13.0  21.7   1.650   1.3   0.0
  12 1977 244 14390.  10.6  22.9   1.680   1.5   0.0
  12 1977 245 14420.  11.5  23.2   1.610   2.8   0.0
  12 1977 246 15680.   7.7  20.8   1.320   1.5   0.4
  12 1977 247 20380.   4.4  19.6   1.110   1.3   0.0
  12 1977 248  7120.   8.5  18.7   1.360   3.3   0.0
  12 1977 249  5960.  14.9  21.4   1.820   4.8   0.0
  12 1977 250  9050.  10.7  19.4   1.400   1.5   0.8
  12 1977 251  7050.   9.2  17.0   1.240   2.0   0.0
  12 1977 252 12500.   6.6  16.8   1.140   2.5   1.4
  12 1977 253  5480.  10.0  16.4   1.350   5.3   1.1
  12 1977 254 10280.  14.5  21.6   1.820   4.0   1.6
  12 1977 255  9720.   9.0  17.5   1.260   2.0   0.0
  12 1977 256 14660.   4.9  17.0   1.050   1.8   0.0
  12 1977 257 13610.   4.6  18.3   1.110   2.8   0.0
  12 1977 258  5640.   8.3  17.9   1.300   2.5   0.0
  12 1977 259  8100.   6.9  15.7   1.030   2.5   0.0
  12 1977 260 16460.   7.5  16.3   1.060   2.3   4.6
  12 1977 261 15870.   4.4  14.6   0.860   1.8   0.0
  12 1977 262 14270.   3.0  15.8   0.850   1.8   0.0
  12 1977 263  5770.   5.6  15.6   1.090   2.0   0.0
  12 1977 264  4700.   8.9  14.0   1.250   0.8   0.0
  12 1977 265  4640.   9.9  15.8   1.350   1.0   0.0
  12 1977 266  4580.  10.0  16.4   1.340   1.3   0.0
  12 1977 267 13630.   8.8  18.1   1.220   4.0   0.0
  12 1977 268  4780.   9.7  14.2   1.150   2.8   0.0
  12 1977 269  7600.   7.7  18.2   1.400   1.0   0.0
  12 1977 270 11010.   6.9  20.3   1.370   1.8   0.0
  12 1977 271  5120.  11.2  20.0   1.490   3.8   0.0
  12 1977 272  5680.  10.3  17.3   1.280   5.3   0.6
  12 1977 273  4160.  13.2  15.1   1.370   7.0   0.0
  12 1977 274 11170.   8.4  14.1   1.020   5.8  21.2
  12 1977 275  7700.   7.2  12.7   1.050   3.3   3.4
  12 1977 276  9620.   4.9  14.8   1.010   3.8  10.2
  12 1977 277  4530.  10.7  14.7   1.290   5.5   0.2
  12 1977 278  5650.  10.5  15.6   1.350   2.5   1.5
  12 1977 279  5180.  11.6  19.2   1.580   3.0   7.5
  12 1977 280  4630.  12.8  19.9   1.600   1.8   0.9
  12 1977 281  7640.  12.7  17.7   1.490   3.5   3.1
  12 1977 282  8680.  10.3  17.3   1.360   3.3   0.3
  12 1977 283  6970.   5.7  15.3   1.170   2.5   0.0
  12 1977 284  7540.   5.0  15.4   1.130   1.8   3.1
  12 1977 285 10120.   5.2  17.3   1.150   2.3   0.0
  12 1977 286 10090.   5.3  17.0   1.190   1.0   0.0
  12 1977 287  6800.   5.3  12.5   1.110   1.5   0.0
  12 1977 288  8680.   4.2  15.3   1.100   2.0   0.0
  12 1977 289  8210.   4.8  14.7   1.160   1.3   0.1
  12 1977 290  3190.   5.0  10.1   1.040   2.3   0.0
  12 1977 291  9040.   4.8  16.2   1.140   2.5   0.0
  12 1977 292 10470.   7.4  19.3   1.290   2.5   0.0
  12 1977 293  5670.  11.2  18.7   1.400   2.8   0.0
  12 1977 294  4410.  10.4  20.1   1.470   2.8   0.0
  12 1977 295  3590.  12.7  18.6   1.670   3.0   0.1
  12 1977 296  4850.   9.9  16.5   1.400   3.0   2.1
  12 1977 297  9250.   7.3  17.4   1.260   2.3   0.3
  12 1977 298  3740.   6.5  17.0   1.280   1.0   0.1
  12 1977 299  2730.   5.5  10.6   1.070   1.5   0.0
  12 1977 300  2680.   8.8  11.5   1.230   1.3   0.0
  12 1977 301  2630.   5.9  13.1   1.150   1.8   0.1
  12 1977 302  2580.   5.2  12.5   1.080   1.8   0.0
  12 1977 303  4880.   5.1  13.6   1.080   3.8   0.0
  12 1977 304  2490.   9.5  15.9   1.290   5.3   0.0
  12 1977 305  7620.   6.7  13.2   1.040   4.5   5.6
  12 1977 306  2470.   7.4  13.4   1.170   5.3   7.4
  12 1977 307  5390.   9.6  14.7   1.250   5.5  19.8
  12 1977 308  5450.   6.2  11.7   0.970   4.3   2.4
  12 1977 309  2550.   6.2  12.6   1.050   5.0   0.0
  12 1977 310  3620.   7.8  13.4   1.150   3.3   0.7
  12 1977 311  4730.  10.3  13.6   1.200   6.3   5.2
  12 1977 312  2550.  10.1  13.2   1.230   5.5   1.4
  12 1977 313  2100.  10.9  15.1   1.390   5.3   2.4
  12 1977 314  5050.  11.6  17.5   1.480   5.0  12.4
  12 1977 315  2030.  11.2  15.2   1.280   7.8   0.6
  12 1977 316  3030.   5.2  14.9   0.910   6.8   1.8
  12 1977 317  3040.   4.0   6.9   0.770   5.0   8.5
  12 1977 318  1920.   4.7  11.7   0.950   8.5   9.2
  12 1977 319  4380.   4.6   9.9   0.780   6.0   6.5
  12 1977 320  1970.   3.3   7.1   0.810   3.0  14.8
  12 1977 321  2730.   1.1   8.4   0.810   2.0   3.7
  12 1977 322  4140.   2.1   8.3   0.810   2.5   4.6
  12 1977 323  1870.   2.8   7.7   0.790   7.3   2.8
  12 1977 324  1720.   0.7   6.2   0.730   5.8   1.9
  12 1977 325  1690.   0.2   2.8   0.670   3.0  16.3
  12 1977 326  2120.   1.2   6.2   0.740   2.5  18.1
  12 1977 327  1750.   3.8   8.3   0.860   6.3   5.9
  12 1977 328  2290.   5.0   7.8   0.810   5.8  11.6
  12 1977 329  2480.   1.5   7.3   0.660   3.5   7.6
  12 1977 330  3770.   0.1   5.4   0.660   2.5   1.0
  12 1977 331  4700.  -2.6   2.3   0.460   2.3   0.0
  12 1977 332  5350.  -4.5   2.8   0.450   1.3   0.0
  12 1977 333  1490.  -1.7   1.6   0.510   1.8   0.0
  12 1977 334  1470.   0.1   3.9   0.690   1.0   0.1
  12 1977 335  1450.  -0.7   3.8   0.640   2.5   0.0
  12 1977 336  1430.  -3.0   3.7   0.590   1.3   0.1
  12 1977 337  4660.  -4.2   3.4   0.550   3.8   0.0
  12 1977 338  4720.  -0.1   4.2   0.600   4.5   0.0
  12 1977 339  4880.  -4.1   2.0   0.420   3.0   0.0
  12 1977 340  1360.  -4.4  -1.3   0.420   4.5   0.0
  12 1977 341  1350.  -2.2   7.3   0.680   5.0   2.8
  12 1977 342  1980.   4.2  12.3   0.930   3.5   3.4
  12 1977 343  2700.   3.0   8.5   0.860   1.8   0.0
  12 1977 344  1310.   4.1   7.3   0.830   5.3   0.0
  12 1977 345  1300.   5.8   9.5   0.970   3.8   0.6
  12 1977 346  1290.   7.8  10.1   1.060   3.5   6.0
  12 1977 347  1280.   4.9   8.8   0.950   2.8   0.5
  12 1977 348  1270.   7.0   9.2   1.030   2.3   0.2
  12 1977 349  1260.   5.7   7.7   0.950   1.5   0.3
  12 1977 350  2600.   1.5   9.0   0.810   2.5   0.0
  12 1977 351  1250.   1.4   6.3   0.730   2.5   0.0
  12 1977 352  3060.   0.9   8.8   0.750   2.8   0.0
  12 1977 353  1340.   2.6   6.4   0.770   1.3   1.9
  12 1977 354  1670.  -0.7   5.6   0.710   1.8   0.0
  12 1977 355  4230.  -2.0   5.3   0.520   4.0   0.0
  12 1977 356  1240.   2.7   9.8   0.890   3.5   1.1
  12 1977 357  1240.   6.0  14.9   1.150   7.8   0.3
  12 1977 358  1240.   8.8  15.3   1.080   9.0   0.8
  12 1977 359  1670.   4.2  10.1   0.880   3.3   1.8
  12 1977 360  1250.   6.0   7.5   0.900   4.3   0.0
  12 1977 361  1730.   2.2   8.9   0.810   7.3   7.2
  12 1977 362  1980.   2.3   7.9   0.770   3.5   9.2
  12 1977 363  1310.   2.2   7.3   0.750   5.5   3.1
  12 1977 364  1850.   2.1   7.3   0.670   6.3   5.3
  12 1977 365  2590.   2.8   7.0   0.680   3.3   3.3
