*---------------------------------------------------------------------------*
* Station name: de Bilt, the Netherlands
* Year: 1968                                              -99.000: NIL VALUE
* Author: -
* Source: KNMI, de Bilt
* Comments: WMO identification - 6260
* 
* Longitude: 5 12 N, latitude: 52 06 E, altitude: 2 m.
* 
* Column  Daily value
* 1       station number
* 2       year
* 3       day
* 4       irradiation                   (kJ m-2 d-1)
* 5       minimum temperature           (degrees Celsius)
* 6       maximum temperature           (degrees Celsius)
* 7       early morning vapour pressure (kPa)
* 8       mean wind speed               (m s-1)
* 9       precipitation                 (mm d-1)
*---------------------------------------------------------------------------*
5.2 52.1 2. 0. 0.
  12 1968   1  3190.  -2.1   2.3   0.580   1.5   7.8
  12 1968   2  3110.  -3.5   2.2   0.560   1.0   0.2
  12 1968   3  1310.  -5.2   3.0   0.550   3.5   0.1
  12 1968   4  1570.  -1.6   3.2   0.540   2.8   2.5
  12 1968   5  1340.  -0.5   8.4   0.750   3.8   0.4
  12 1968   6  1500.  -0.4   5.1   0.660   2.0  22.8
  12 1968   7  1870.  -4.8   2.2   0.510   2.8   0.5
  12 1968   8  4650.  -4.4   3.5   0.530   2.3   0.9
  12 1968   9  3360.  -8.9  -3.5   0.320   3.8   0.0
  12 1968  10  1630.  -9.4   3.2   0.410   3.3   0.0
  12 1968  11  3010.  -8.5   2.0   0.420   3.0   4.4
  12 1968  12  2140. -15.7  -4.2   0.250   0.8   2.3
  12 1968  13  1480. -16.8  -4.0   0.230   4.3   0.1
  12 1968  14  1500.  -4.2   9.8   0.700   7.5  11.7
  12 1968  15  3540.   5.8  10.4   0.860   6.0   4.0
  12 1968  16  1550.   2.7   9.2   0.840   5.0   0.1
  12 1968  17  2130.   5.7   9.6   0.880   5.8   1.6
  12 1968  18  3110.   4.9   7.6   0.830   2.5   7.4
  12 1968  19  1620.   6.4   8.2   0.990   1.3   0.9
  12 1968  20  3490.  -0.8   8.7   0.750   1.5   0.8
  12 1968  21  2900.  -3.1   3.2   0.580   1.0   0.1
  12 1968  22  1710.  -2.3   3.6   0.610   1.0   0.1
  12 1968  23  1740.  -0.2   2.6   0.630   3.0   0.0
  12 1968  24  3520.   1.2   4.8   0.670   3.5   0.8
  12 1968  25  1800.   3.6   7.3   0.860   3.3   3.7
  12 1968  26  1900.   4.6   6.7   0.760   3.8   1.4
  12 1968  27  1870.   5.0   7.1   0.840   3.5   1.9
  12 1968  28  3480.  -0.6   7.2   0.680   2.0   2.0
  12 1968  29  3670.   0.7   6.8   0.670   4.0   1.0
  12 1968  30  1980.   5.3   7.8   0.840   5.3   0.0
  12 1968  31  2020.   5.6   8.6   0.890   4.5   0.2
  12 1968  32  2850.   2.7   6.0   0.720   4.5   0.5
  12 1968  33  3910.   0.9   6.4   0.670   2.5   0.6
  12 1968  34  2130.   0.1   2.6   0.610   2.5   5.6
  12 1968  35  5340.  -2.1   4.5   0.580   4.5   0.1
  12 1968  36  2220.  -0.6   2.4   0.580   5.8   0.3
  12 1968  37  6920.   1.3   7.2   0.630   5.3   5.2
  12 1968  38  2730.   2.1   5.7   0.670   5.0   1.9
  12 1968  39  4450.  -0.2   7.3   0.610   3.3   4.0
  12 1968  40  2390.   0.4   4.2   0.650   2.8   0.0
  12 1968  41  2440.  -0.2   3.9   0.630   1.5   2.4
  12 1968  42  2710.   0.3   3.3   0.580   2.3   0.0
  12 1968  43  4130.  -0.5   5.1   0.580   2.3   0.0
  12 1968  44  2580.   4.0   7.5   0.810   2.8   1.0
  12 1968  45  2630.   0.8   5.0   0.590   4.3   0.0
  12 1968  46  5120.   0.8   3.6   0.540   2.5   1.2
  12 1968  47  4720.  -2.4   4.2   0.530   2.0   0.0
  12 1968  48  2780.  -1.6   2.1   0.570   2.0   1.3
  12 1968  49  5450.  -3.0   6.7   0.560   1.3   1.4
  12 1968  50  2880.  -3.9   4.2   0.510   1.5   0.0
  12 1968  51  9790.  -1.3   5.4   0.550   2.5   0.0
  12 1968  52  2990.  -1.1   3.2   0.600   2.8   0.0
  12 1968  53  3040.  -0.4   0.9   0.570   5.0   8.4
  12 1968  54  3100.  -0.6   0.3   0.540   5.3   0.0
  12 1968  55  3150.  -3.1  -0.1   0.460   5.3   0.0
  12 1968  56 11520.  -4.4   1.5   0.450   3.3   0.0
  12 1968  57 11580.  -6.1   3.5   0.420   3.0   0.0
  12 1968  58 10460.  -4.3   5.0   0.500   3.0   0.0
  12 1968  59  3650.  -1.9   2.3   0.560   2.0   0.0
  12 1968  60  3430.  -2.3   0.0   0.530   3.0   0.0
  12 1968  61  7130.  -1.2   6.0   0.570   4.0   0.0
  12 1968  62 11180.  -2.2   7.4   0.520   2.0   0.0
  12 1968  63  7510.  -4.4   5.2   0.530   1.8   0.0
  12 1968  64  3860.  -0.2   7.6   0.720   2.5   0.2
  12 1968  65  3820.   3.6   8.2   0.770   4.8   0.4
  12 1968  66  5550.  -0.9   6.4   0.620   6.0   3.9
  12 1968  67  3840.   1.0   5.0   0.640   4.5   3.3
  12 1968  68  7700.  -0.5   6.6   0.650   2.8   0.0
  12 1968  69  5980.   1.7   7.5   0.690   3.0   1.2
  12 1968  70  4020.   2.4   6.5   0.750   4.3   0.1
  12 1968  71  4700.   0.9   5.4   0.630   3.5   2.7
  12 1968  72  7770.  -1.7   6.0   0.550   2.3   0.6
  12 1968  73  4620.   2.2   7.2   0.680   5.5   0.0
  12 1968  74 10800.   3.1   7.4   0.660   4.8   4.7
  12 1968  75  6770.   0.9   7.7   0.660   3.5   7.8
  12 1968  76 11140.   0.7   8.7   0.610   6.5   1.2
  12 1968  77 12450.   5.3   9.1   0.730   8.5   5.9
  12 1968  78 10070.   5.0   9.9   0.650   7.3   0.0
  12 1968  79  6440.   2.9  10.6   0.730   6.0   0.0
  12 1968  80  5190.   4.3  11.5   0.750   5.5   0.1
  12 1968  81  4810.   1.4   9.5   0.740   6.0   2.1
  12 1968  82  8580.   3.5   8.9   0.700   4.3   2.2
  12 1968  83  4820.   4.5  13.2   0.910   6.5   0.8
  12 1968  84 15260.   7.6  20.3   0.940   5.0   0.0
  12 1968  85  5290.   5.8  14.3   0.860   3.0   0.1
  12 1968  86 13560.   5.2  12.9   0.800   3.8   0.0
  12 1968  87 15200.   1.8  15.4   0.690   3.3   0.0
  12 1968  88 16850.  -0.4  19.5   0.750   2.0   0.0
  12 1968  89 17340.   5.8  23.9   1.050   2.3   0.0
  12 1968  90 15580.   4.0  19.5   1.050   2.8   0.0
  12 1968  91 14270.   4.9  11.8   0.840   4.3   3.4
  12 1968  92  9100.   6.0  12.7   0.870   6.5   0.0
  12 1968  93  5440.   1.0  11.4   0.790   5.5   0.0
  12 1968  94 13530.  -0.6   6.9   0.580   5.5   3.5
  12 1968  95  5800.   0.2   6.4   0.680   3.0   2.2
  12 1968  96 12380.  -0.3   8.3   0.620   2.3   9.8
  12 1968  97 18170.  -2.0   9.0   0.570   1.8   1.1
  12 1968  98 11210.  -3.6   7.1   0.510   2.5   0.0
  12 1968  99 12420.  -3.2   7.3   0.470   1.3   0.0
  12 1968 100 19930.  -5.0  10.7   0.550   2.3   0.0
  12 1968 101 17910.  -1.2   9.9   0.560   3.5   0.0
  12 1968 102 17780.  -0.9   8.6   0.520   3.5   0.0
  12 1968 103 14450.  -0.9   8.5   0.580   2.5   0.0
  12 1968 104  7620.   1.3  10.6   0.680   2.8   0.1
  12 1968 105 19400.   1.1  14.8   0.570   4.8   0.0
  12 1968 106 13830.   5.3  17.6   0.650   3.8   0.0
  12 1968 107 16770.   6.7  22.0   0.800   3.8   0.0
  12 1968 108 18050.  10.1  22.3   1.160   2.3   0.7
  12 1968 109 18150.   9.7  23.8   1.150   3.0   0.0
  12 1968 110 17330.   9.5  17.5   1.040   2.8   0.0
  12 1968 111 15980.  10.1  26.6   1.290   1.8   0.0
  12 1968 112 15010.   9.8  27.8   1.350   1.8   0.0
  12 1968 113 11770.   8.5  23.0   1.330   2.0   0.1
  12 1968 114  6900.   4.8  14.9   1.110   1.5   1.6
  12 1968 115 16590.   3.0  16.7   0.990   1.8   7.8
  12 1968 116 20980.   2.8  17.2   0.950   1.8   0.2
  12 1968 117 23230.   1.6  16.3   0.840   1.5   0.0
  12 1968 118 24010.   1.3  19.5   0.800   3.0   0.0
  12 1968 119  7020.   7.8  15.1   1.080   2.5   3.7
  12 1968 120 10340.   7.6  15.5   0.980   2.8   1.2
  12 1968 121  9170.   5.3  14.6   0.980   3.5   0.5
  12 1968 122 13050.   6.9  14.0   0.990   4.8   2.1
  12 1968 123 15170.   5.7  15.7   1.060   2.5   0.0
  12 1968 124 10290.   6.2  14.3   0.950   2.0   0.0
  12 1968 125 10890.   9.4  16.3   1.200   3.5   6.6
  12 1968 126  9700.   4.5  14.2   0.930   2.8  11.8
  12 1968 127  7260.   3.8  13.1   0.920   2.0   0.1
  12 1968 128  8830.   3.9  12.2   0.890   2.8   5.0
  12 1968 129 12630.   3.9  13.7   0.830   3.0   2.5
  12 1968 130 12130.   7.2  16.4   1.050   2.8   0.0
  12 1968 131 11480.   8.2  13.7   1.050   6.0   8.5
  12 1968 132  7890.   7.5  13.8   0.990   2.8   6.0
  12 1968 133 15220.   3.1  12.4   0.840   2.8   0.4
  12 1968 134  9230.   3.3  11.0   0.870   4.5   0.0
  12 1968 135 23630.   5.8  14.1   0.880   2.5   8.9
  12 1968 136  9030.   6.9  15.6   1.120   3.5   0.3
  12 1968 137  9920.   3.2  14.7   0.950   3.0  14.3
  12 1968 138 17450.   2.9  10.8   0.730   3.0   0.2
  12 1968 139 11550.   2.6  11.3   0.820   2.3   4.9
  12 1968 140 17970.   2.4  11.1   0.780   2.3   8.5
  12 1968 141 10630.   1.7  12.0   0.740   2.3   2.6
  12 1968 142  7830.   6.6  12.1   0.840   2.8   0.0
  12 1968 143 12840.   8.0  15.9   0.910   2.5   0.0
  12 1968 144 17570.   8.8  18.0   0.920   2.5   0.0
  12 1968 145 19180.   7.2  18.0   1.020   3.5   0.0
  12 1968 146 24070.   8.3  20.2   1.020   3.5   0.0
  12 1968 147  7970.  11.6  14.0   1.380   1.5   4.1
  12 1968 148 14570.  11.6  20.6   1.480   2.5   4.0
  12 1968 149 13170.  11.1  20.3   1.550   3.3   0.1
  12 1968 150  9480.  11.4  17.6   1.370   3.8   0.0
  12 1968 151 25260.   9.6  20.6   1.050   4.3   0.0
  12 1968 152 29450.   8.8  22.0   0.860   3.3   0.0
  12 1968 153 24610.  10.0  23.0   1.050   2.5   0.0
  12 1968 154 17030.  10.7  21.3   1.240   2.3   0.0
  12 1968 155 17340.  10.8  22.4   1.480   1.5   0.0
  12 1968 156 10470.  10.2  18.9   1.360   1.8   7.8
  12 1968 157 10200.   9.8  19.0   1.360   3.3   0.4
  12 1968 158  8770.   8.4  15.9   1.220   2.3   0.6
  12 1968 159  8930.   6.8  17.0   1.100   2.3  12.9
  12 1968 160 10390.   6.2  14.3   1.120   2.0   0.0
  12 1968 161 21200.   6.5  15.5   1.000   2.8   8.3
  12 1968 162 25820.   6.0  16.4   1.000   3.0   0.0
  12 1968 163 20360.   8.2  18.6   1.170   3.5   0.0
  12 1968 164 30740.   9.1  21.5   0.990   5.5   0.1
  12 1968 165 27150.   9.3  23.4   1.020   4.8   0.0
  12 1968 166 25430.  13.4  25.7   1.480   2.5   0.0
  12 1968 167 24580.  13.2  24.4   1.500   2.8   0.0
  12 1968 168 12190.  13.3  22.3   1.730   2.0   3.9
  12 1968 169  8590.  11.4  18.6   1.540   1.8   0.0
  12 1968 170  8450.  11.1  18.6   1.490   2.0   9.0
  12 1968 171 18390.  11.9  24.3   1.710   2.3   0.4
  12 1968 172  8450.  10.8  18.1   1.330   3.3   2.6
  12 1968 173 17090.  10.6  17.0   1.230   4.0   9.7
  12 1968 174  9600.  11.2  17.5   1.260   4.0   8.3
  12 1968 175 10460.  12.5  18.2   1.380   2.8   0.0
  12 1968 176 14490.  10.4  18.6   1.290   4.0   1.4
  12 1968 177  9150.  13.8  21.6   1.760   4.5   5.1
  12 1968 178 22670.  13.0  19.1   1.370   4.0  12.5
  12 1968 179  8560.  13.1  18.9   1.570   4.0   5.7
  12 1968 180  8270.  11.1  21.8   1.670   4.0   6.7
  12 1968 181 10990.  11.2  19.4   1.510   1.0  12.0
  12 1968 182 27790.  10.0  25.3   1.540   2.0   0.2
  12 1968 183 25760.  16.4  30.3   1.870   3.8   0.0
  12 1968 184 23150.  18.2  30.6   1.840   4.3   0.0
  12 1968 185 24860.   8.3  19.5   1.050   2.3   0.1
  12 1968 186 26980.   6.4  22.0   1.120   2.5   0.0
  12 1968 187 21360.  12.8  23.6   1.470   3.5   0.0
  12 1968 188  8160.  11.3  16.8   1.430   3.5   3.9
  12 1968 189 23460.   9.9  21.6   1.340   2.0  26.2
  12 1968 190 17140.  13.1  21.6   1.570   2.8   1.8
  12 1968 191 16970.  12.8  22.3   1.590   2.5   0.0
  12 1968 192  9080.  12.2  20.4   1.630   2.8   4.0
  12 1968 193 11200.  11.0  19.0   1.380   4.8  16.4
  12 1968 194 20160.   9.9  18.8   1.100   1.8   4.2
  12 1968 195 14850.  11.5  20.4   1.340   1.8   0.0
  12 1968 196 12680.  11.9  22.0   1.620   2.8   0.2
  12 1968 197 14360.  12.4  19.1   1.430   3.0   2.0
  12 1968 198 12760.  10.4  18.5   1.290   3.3   5.3
  12 1968 199 21810.   8.6  21.2   1.270   1.8   1.1
  12 1968 200 16800.  10.7  20.6   1.390   2.3   0.1
  12 1968 201 13790.  12.4  17.3   1.290   2.0   0.6
  12 1968 202 21250.   9.6  18.6   1.140   2.8   0.0
  12 1968 203 17380.  11.1  19.1   1.290   2.5   0.0
  12 1968 204 10290.  12.9  16.7   1.380   2.0   0.0
  12 1968 205  7720.  13.8  17.5   1.580   2.5  12.5
  12 1968 206 20900.  11.0  19.4   1.380   3.0   6.4
  12 1968 207  9190.  11.3  18.0   1.320   2.8   0.1
  12 1968 208 16300.  12.3  19.9   1.450   2.8   0.0
  12 1968 209 16390.  12.4  20.7   1.510   2.8   0.0
  12 1968 210 17170.   9.7  19.7   1.320   3.3   0.0
  12 1968 211 22830.  11.1  21.0   1.370   3.3   0.0
  12 1968 212 23740.  11.9  25.0   1.450   2.8   0.0
  12 1968 213 17560.  15.6  27.7   1.810   2.3   0.0
  12 1968 214 12230.  15.3  25.0   1.940   2.0   0.8
  12 1968 215  7340.  14.9  19.8   1.650   1.5   0.1
  12 1968 216  7300.  14.5  18.6   1.720   2.3   0.0
  12 1968 217  7260.  14.3  18.3   1.690   1.8  25.4
  12 1968 218 14490.  16.1  25.5   1.970   2.3   5.9
  12 1968 219  7170.  15.2  22.0   1.820   2.3   1.0
  12 1968 220 10270.  14.6  20.9   1.750   2.0   2.4
  12 1968 221 13350.  14.1  24.0   1.830   1.5   0.0
  12 1968 222 14780.  15.3  26.4   1.970   2.8  11.3
  12 1968 223 17020.  14.2  24.0   1.820   3.0   0.0
  12 1968 224 15180.  12.6  20.6   1.460   2.0   0.0
  12 1968 225 19150.  11.4  20.6   1.380   1.8   0.0
  12 1968 226  7920.  10.6  19.3   1.480   3.5   0.0
  12 1968 227  8670.  12.3  16.7   1.360   3.5  21.2
  12 1968 228 16220.  11.4  18.4   1.290   3.3   2.8
  12 1968 229 14680.  12.3  18.1   1.350   3.5   1.9
  12 1968 230  9960.   9.8  17.1   1.310   3.8   3.8
  12 1968 231 12540.   8.9  16.4   1.200   2.5   4.4
  12 1968 232 13520.   5.2  17.6   1.000   2.3   9.2
  12 1968 233  8850.  11.7  19.3   1.430   2.5   2.2
  12 1968 234 13360.  11.9  23.7   1.690   1.5   1.2
  12 1968 235 17580.  11.8  25.5   1.720   2.3   0.0
  12 1968 236 22540.  12.9  23.0   1.500   2.3   0.0
  12 1968 237 21520.  12.1  25.1   1.670   3.5   0.0
  12 1968 238 19600.  15.5  24.5   1.920   4.3   0.0
  12 1968 239 18330.  15.3  25.5   1.870   4.3   0.0
  12 1968 240 16950.  15.1  21.1   1.620   2.8   0.0
  12 1968 241  9480.  16.2  23.1   1.880   2.3   0.0
  12 1968 242  6250.  16.5  20.6   1.930   2.3  15.1
  12 1968 243  6570.  15.3  22.1   1.900   3.3   6.9
  12 1968 244 12020.  13.1  19.3   1.400   3.0   0.0
  12 1968 245 12800.  12.7  20.6   1.500   2.8   0.0
  12 1968 246  7010.  14.0  20.9   1.720   2.8   0.5
  12 1968 247  9160.  11.9  20.7   1.630   1.5   2.5
  12 1968 248  7370.  10.3  18.4   1.510   1.5   1.7
  12 1968 249  8160.   9.9  18.8   1.490   1.0   1.1
  12 1968 250 11840.   8.3  21.5   1.340   1.5   0.4
  12 1968 251 18140.  10.1  20.9   1.390   1.8   0.0
  12 1968 252 10820.  10.2  20.7   1.440   1.0   0.0
  12 1968 253 13950.   9.5  23.1   1.560   2.0   0.0
  12 1968 254 17630.  14.5  25.2   1.650   2.8   0.0
  12 1968 255 12780.  13.6  22.4   1.670   2.8   0.0
  12 1968 256 11270.  10.3  19.5   1.480   2.0   9.4
  12 1968 257  9780.   9.2  20.1   1.520   1.3   0.0
  12 1968 258  7610.   8.2  19.6   1.420   2.5   0.1
  12 1968 259  5000.  12.9  15.1   1.570   2.0  10.9
  12 1968 260  8590.  11.3  19.9   1.610   2.8   8.2
  12 1968 261  6580.   9.8  15.4   1.310   1.5   0.0
  12 1968 262  4820.   5.7  14.6   1.190   1.3   0.2
  12 1968 263  9790.   9.0  17.7   1.240   1.5   0.9
  12 1968 264  6810.   9.3  18.3   1.340   5.3   1.8
  12 1968 265 13120.  11.8  18.0   1.340   5.0   1.0
  12 1968 266  7310.  11.9  18.0   1.460   4.3   0.2
  12 1968 267  7770.  11.0  17.0   1.420   4.3  16.9
  12 1968 268 10160.   9.8  16.6   1.260   3.0  20.0
  12 1968 269  7920.   9.0  16.2   1.100   2.3   2.2
  12 1968 270  4340.  11.9  15.6   1.480   3.5   0.5
  12 1968 271  7750.  14.2  22.0   1.850   3.0  16.9
  12 1968 272  7660.   9.9  17.0   1.280   3.8  10.4
  12 1968 273  4270.  10.3  13.2   1.260   3.5   0.0
  12 1968 274  5850.   7.5  14.3   1.140   3.3   9.9
  12 1968 275  4050.   7.8  14.3   1.170   2.3  12.8
  12 1968 276  3990.  13.2  15.0   1.550   2.8   8.3
  12 1968 277  3930.  13.4  16.4   1.650   1.5   5.4
  12 1968 278  3870.  15.0  17.5   1.790   2.0   0.5
  12 1968 279  4010.  10.6  18.1   1.540   1.0   0.4
  12 1968 280  4430.  11.5  18.0   1.530   3.5   0.9
  12 1968 281 10230.   6.0  16.5   1.150   2.3   0.2
  12 1968 282  3640.   6.3  14.4   1.200   3.0   1.2
  12 1968 283  3860.   9.9  15.8   1.350   3.3   4.1
  12 1968 284  3520.  10.5  16.3   1.460   4.5   3.1
  12 1968 285  3750.  12.7  17.3   1.570   6.0   6.0
  12 1968 286  3410.  12.4  17.3   1.560   5.0   8.0
  12 1968 287  4710.  11.8  16.4   1.350   5.5  18.7
  12 1968 288 10380.   5.8  16.5   1.090   2.5   0.0
  12 1968 289  6790.   5.8  15.5   1.130   3.0   1.6
  12 1968 290  4770.   7.2  14.7   1.140   4.0   0.3
  12 1968 291  3490.   5.3  14.0   1.070   3.3   2.6
  12 1968 292  3860.   4.8  13.4   1.030   1.3   7.2
  12 1968 293  9410.   4.6  13.8   0.970   3.0   0.0
  12 1968 294  8190.   5.2  16.1   1.100   2.5   0.0
  12 1968 295  8000.   5.7  15.7   1.090   1.5   0.0
  12 1968 296  8880.   4.5  16.4   1.140   1.0   0.0
  12 1968 297  2830.   6.1  13.9   1.160   1.3   0.1
  12 1968 298  5910.   4.9  13.2   1.050   2.8   0.0
  12 1968 299  4870.   5.4  12.9   1.080   2.3   0.1
  12 1968 300  2680.   3.7  10.6   0.990   2.5   0.2
  12 1968 301  2630.   6.5   9.7   0.990   3.8   0.3
  12 1968 302  4650.   6.0  15.4   1.120   5.0   0.0
  12 1968 303  5950.  11.4  15.6   1.320   5.5   4.5
  12 1968 304  3160.   8.7  16.5   1.330   3.8   0.0
  12 1968 305  3920.  12.8  19.9   1.530   5.3   0.8
  12 1968 306  2400.  14.1  15.9   1.540   3.3   2.1
  12 1968 307  3800.  11.0  16.0   1.350   2.5   6.5
  12 1968 308  2310.   8.1  11.6   1.130   4.8   5.5
  12 1968 309  3040.   4.3   9.6   0.800   2.8  11.1
  12 1968 310  3200.   2.4   8.4   0.690   5.3   0.4
  12 1968 311  2180.   2.6   5.0   0.690   5.8   0.0
  12 1968 312  2140.   1.3   3.1   0.640   4.3   5.1
  12 1968 313  2100.   1.3   4.0   0.670   1.0   0.4
  12 1968 314  2060.  -1.1   5.3   0.700   2.5   0.0
  12 1968 315  3800.   2.0   6.5   0.740   1.5   0.5
  12 1968 316  1990.   0.3   3.8   0.690   2.0   0.0
  12 1968 317  3110.   1.5   7.1   0.710   4.0   0.0
  12 1968 318  6280.   2.4   7.5   0.630   7.3   0.0
  12 1968 319  6130.  -3.0   3.9   0.490   7.0   0.0
  12 1968 320  5490.  -5.3  -0.5   0.400   6.0   0.0
  12 1968 321  5170.  -4.7  -0.5   0.410   5.5   0.0
  12 1968 322  1780.  -2.7   3.6   0.590   4.5   0.0
  12 1968 323  1750.   2.6   5.1   0.790   1.8   0.1
  12 1968 324  1720.   4.1   5.9   0.840   1.3   0.7
  12 1968 325  1690.   4.4   5.9   0.860   1.5   0.5
  12 1968 326  1660.   2.5   7.6   0.820   2.8   0.6
  12 1968 327  1640.   2.2   4.4   0.670   4.5   0.0
  12 1968 328  1610.   2.6  10.1   0.900   5.5   0.2
  12 1968 329  4930.   5.5  11.2   0.920   4.0  13.1
  12 1968 330  1720.   2.9   8.5   0.850   4.0   0.0
  12 1968 331  1530.   6.5  12.3   1.050   3.8   0.1
  12 1968 332  1510.   6.8  10.7   0.940   2.8   0.1
  12 1968 333  5020.  -0.3  10.5   0.790   1.3   0.0
  12 1968 334  1470.  -0.3   6.8   0.760   2.0   0.2
  12 1968 335  1450.   5.5   6.7   0.880   3.3   0.9
  12 1968 336  1430.   3.9   7.2   0.830   2.8   0.6
  12 1968 337  1410.   1.1   5.7   0.760   3.8   0.0
  12 1968 338  1390.   0.2   1.9   0.610   2.8   0.0
  12 1968 339  1380.   0.1   1.2   0.550   1.8   0.0
  12 1968 340  1360.   0.7   3.1   0.630   3.3   0.0
  12 1968 341  1350.  -0.7   2.4   0.590   4.0   0.0
  12 1968 342  1330.  -1.6  -0.6   0.550   4.0   0.0
  12 1968 343  1320.  -3.9  -0.8   0.470   4.3   0.1
  12 1968 344  1310.  -1.7  -0.1   0.500   3.5   0.0
  12 1968 345  1300.  -4.3   0.4   0.470   3.5   0.0
  12 1968 346  3860.  -8.0  -2.4   0.350   1.8   0.1
  12 1968 347  3700. -11.0  -2.3   0.320   1.0   0.0
  12 1968 348  4110. -11.1  -2.2   0.320   2.3   0.0
  12 1968 349  3520.  -8.4  -2.7   0.320   1.8   0.0
  12 1968 350  1260.  -6.3   1.5   0.440   5.8   0.0
  12 1968 351  1870.   1.1   3.6   0.660   4.8   0.3
  12 1968 352  2010.  -0.3   3.8   0.620   4.0   2.5
  12 1968 353  1240.  -0.7   1.8   0.600   2.8   1.6
  12 1968 354  2190.  -4.2   3.3   0.550   1.5   1.0
  12 1968 355  1430.  -3.3   5.5   0.620   7.5   0.1
  12 1968 356  1330.  -1.1   8.4   0.750   3.0   4.5
  12 1968 357  1520.  -0.2  10.4   0.800   7.5   1.4
  12 1968 358  1240.   3.6   9.3   0.780   5.0   3.8
  12 1968 359  1860.   1.9   6.5   0.700   3.5   1.0
  12 1968 360  1250.  -1.2   4.8   0.580   2.8   0.3
  12 1968 361  2300.  -2.2   2.5   0.580   2.5   2.2
  12 1968 362  1500.  -3.4   1.0   0.530   2.5   1.3
  12 1968 363  2080.  -6.2  -0.1   0.460   1.8   4.2
  12 1968 364  1270.  -7.0  -1.7   0.420   1.0   0.7
  12 1968 365  3410.  -9.0  -1.9   0.370   2.0   0.0
  12 1968 366  1290.  -8.8   1.7   0.450   2.3   0.3
