*---------------------------------------------------------------------------*
* Station name: de Bilt, the Netherlands
* Year: 1959                                              -99.000: NIL VALUE
* Author: -
* Source: KNMI, de Bilt
* Comments: WMO identification - 6260
* 
* Longitude: 5 12 N, latitude: 52 06 E, altitude: 2 m.
* 
* Column  Daily value
* 1       station number
* 2       year
* 3       day
* 4       irradiation                   (kJ m-2 d-1)
* 5       minimum temperature           (degrees Celsius)
* 6       maximum temperature           (degrees Celsius)
* 7       early morning vapour pressure (kPa)
* 8       mean wind speed               (m s-1)
* 9       precipitation                 (mm d-1)
*---------------------------------------------------------------------------*
5.2 52.1 2. 0. 0.
  12 1959   1  3430.   3.5   8.1   0.810  11.0   2.9
  12 1959   2  1790.   1.0   8.5   0.790   6.0  11.3
  12 1959   3  1850.   0.6   4.1   0.640   5.0  11.6
  12 1959   4  2710.  -0.3   4.2   0.610   5.8   5.0
  12 1959   5  1990.   1.6   4.3   0.720   4.5   6.1
  12 1959   6  3010.   0.6   5.1   0.700   3.8   2.5
  12 1959   7  1670.   0.9   6.7   0.740   7.0   7.8
  12 1959   8  3530.   0.3   5.2   0.660   5.8   6.2
  12 1959   9  2070.  -0.4   2.1   0.600   6.0   3.0
  12 1959  10  1420.  -3.3   1.1   0.530   3.5   2.1
  12 1959  11  3010.  -3.8   0.1   0.460   7.5   6.1
  12 1959  12  1460.  -0.8   2.5   0.570   6.8   5.8
  12 1959  13  1580.  -2.6   2.1   0.560   4.3   7.6
  12 1959  14  1500.  -1.4   0.7   0.580   2.8   0.1
  12 1959  15  1520.  -3.5  -1.4   0.490   3.0   0.8
  12 1959  16  2590.  -7.1   0.2   0.450   3.5   0.6
  12 1959  17  1570.  -7.6   1.1   0.420   7.0   0.2
  12 1959  18  1600.  -0.7   1.4   0.580   6.8   4.3
  12 1959  19  1620.   1.1   5.6   0.600   8.8   3.5
  12 1959  20  1650.   5.5  10.2   0.820  11.5   0.3
  12 1959  21  3890.   5.7   8.4   0.830  11.5   0.6
  12 1959  22  2060.   7.5  11.8   0.940  12.0   2.5
  12 1959  23  4950.   1.8   9.1   0.770   6.3   6.9
  12 1959  24  5440.   1.2   6.2   0.660   6.5   0.5
  12 1959  25  5400.  -0.9   5.2   0.660   3.8   0.3
  12 1959  26  6210.  -3.2   6.3   0.630   2.3   0.1
  12 1959  27  4990.  -3.1   5.0   0.600   4.3   0.1
  12 1959  28  6710.  -3.9   7.2   0.610   3.5   0.2
  12 1959  29  6480.  -4.5   5.5   0.600   1.5   0.1
  12 1959  30  1980.  -5.8  -0.3   0.470   2.3   0.2
  12 1959  31  6930.  -0.3   6.1   0.680   6.0   1.2
  12 1959  32  7430.  -1.7   3.7   0.580   5.5   0.0
  12 1959  33  7940.  -4.7   1.9   0.500   5.0   0.1
  12 1959  34  6420.  -4.9   2.3   0.480   6.3   0.2
  12 1959  35  7200.  -3.4   4.8   0.540   7.0   0.0
  12 1959  36  7590.  -3.7   3.2   0.520   2.8   0.0
  12 1959  37  2260.  -5.9  -2.7   0.420   1.5   0.2
  12 1959  38  2300.  -5.6  -3.4   0.420   2.3   0.1
  12 1959  39  2350.  -6.2  -3.5   0.400   1.8   0.1
  12 1959  40  2390.  -4.8  -3.8   0.430   1.8   0.0
  12 1959  41  2440.  -4.8  -1.9   0.460   3.5   0.0
  12 1959  42  2480.  -4.4  -0.7   0.490   3.0   0.2
  12 1959  43  2530.  -3.7  -0.6   0.510   2.3   0.1
  12 1959  44  2580.  -4.3  -1.1   0.490   2.0   0.0
  12 1959  45  2630.  -5.4  -1.1   0.460   3.5   0.0
  12 1959  46  2680.  -2.7   1.2   0.570   2.5   0.0
  12 1959  47  2730.  -0.9   1.6   0.630   2.0   0.1
  12 1959  48  2780.   1.5   4.5   0.750   1.5   0.1
  12 1959  49  2830.  -0.9   3.0   0.650   2.3   0.0
  12 1959  50  2880.  -2.1   0.0   0.560   3.8   0.0
  12 1959  51  6200.  -2.0   8.9   0.700   7.8   0.3
  12 1959  52  3240.   2.9   6.1   0.750   6.3   0.3
  12 1959  53  3730.   0.6   6.4   0.680   3.5   3.0
  12 1959  54  5260.   4.1  10.4   0.920   4.8   0.0
  12 1959  55  3150.   1.6   9.4   0.830   3.0   0.0
  12 1959  56  3210.   1.8   8.0   0.860   4.8   0.2
  12 1959  57  9070.   2.1  11.9   0.870   5.3   0.1
  12 1959  58  9740.   2.6  16.0   0.960   4.5   0.0
  12 1959  59 11780.   3.0  17.3   0.960   3.8   0.0
  12 1959  60 10080.   0.7  16.5   0.890   3.0   0.0
  12 1959  61 10670.   0.5  16.0   0.880   5.3   0.1
  12 1959  62  4490.   5.5  14.3   0.900   8.0   0.0
  12 1959  63  5410.   5.9  11.8   0.930   7.3   0.6
  12 1959  64  9140.   5.7  14.0   0.990   8.0   1.9
  12 1959  65  9260.   6.3  12.0   0.960   7.0   7.4
  12 1959  66  7210.   4.3  11.7   0.910   3.5   0.4
  12 1959  67  3840.   2.6   9.0   0.820   4.0   0.9
  12 1959  68 13790.  -0.6  11.5   0.690   6.3   1.7
  12 1959  69 10620.   1.3  10.8   0.610   7.8   0.0
  12 1959  70 11860.   2.9  13.3   0.770   6.3   0.0
  12 1959  71  4190.   4.8  10.7   0.940   3.3   0.7
  12 1959  72 12640.  -1.4   9.8   0.650   3.0   0.0
  12 1959  73  6190.  -1.9   6.4   0.640   2.8   0.0
  12 1959  74  4270.  -0.4   7.9   0.760   5.8   0.2
  12 1959  75  6770.   2.5   8.6   0.770   6.0  10.2
  12 1959  76 10390.   2.6   6.8   0.640   6.5   0.0
  12 1959  77  5210.   0.4   4.6   0.560   4.5   0.0
  12 1959  78 12140.   0.4  11.9   0.770   4.8   0.0
  12 1959  79  5340.   3.3  10.7   0.890   3.3   0.0
  12 1959  80  4640.   0.6   7.1   0.780   3.5  14.2
  12 1959  81  4700.   0.6  12.3   0.950   3.8   0.4
  12 1959  82  4760.   4.7  10.7   1.030   3.0   2.9
  12 1959  83 10820.   6.1  18.7   1.230   4.8   0.0
  12 1959  84  4880.   5.9  11.0   1.050   3.3   0.7
  12 1959  85 14250.   3.6  12.3   0.870   4.5   6.1
  12 1959  86 11140.   1.2  14.0   0.860   6.8   0.0
  12 1959  87 14620.   4.8  12.0   0.890   4.8   2.0
  12 1959  88 10990.   3.1  13.6   0.870   5.3   0.0
  12 1959  89  6140.   4.3  11.0   0.910   3.3   6.9
  12 1959  90 15940.   0.8  14.9   0.880   2.5   3.2
  12 1959  91  7110.   2.6  12.6   0.940   3.8   0.0
  12 1959  92  6820.   6.5  14.6   1.160   2.5   0.0
  12 1959  93 12810.   4.8  17.6   1.120   3.0   0.0
  12 1959  94 14380.   5.7  18.0   1.200   2.8   0.1
  12 1959  95  9350.   3.7  10.4   0.810   5.3   0.0
  12 1959  96  7220.   3.1  10.2   0.820   8.3   0.0
  12 1959  97 11000.   2.5   8.5   0.700   8.5   4.8
  12 1959  98 12950.   5.6  12.2   0.890   8.0   4.9
  12 1959  99 11920.   5.1  11.1   0.920   5.3   0.2
  12 1959 100  6990.   2.3   9.9   0.850   4.3  10.2
  12 1959 101 10840.   3.3  12.2   0.900   6.0  10.0
  12 1959 102 13710.   8.4  15.3   1.150   5.8   2.9
  12 1959 103 16490.   8.8  22.7   1.270   5.8   0.5
  12 1959 104 20310.  10.2  22.7   1.140   6.5   0.0
  12 1959 105  7430.   6.4  18.3   1.030   4.8   0.0
  12 1959 106  7230.   6.0  18.0   1.210   4.5   1.2
  12 1959 107 21710.   8.2  21.5   1.340   6.0  20.1
  12 1959 108 12180.   6.7  13.1   1.000   8.0   0.0
  12 1959 109 17100.   1.3  11.1   0.670   5.8   0.2
  12 1959 110 19170.  -1.2  10.9   0.550   2.5   0.0
  12 1959 111 13600.  -2.2  12.0   0.650   3.0   0.0
  12 1959 112 15400.   1.9  15.6   0.900   2.0   0.0
  12 1959 113 15620.   3.7  17.1   1.000   3.0   0.0
  12 1959 114 22780.   3.1  16.3   0.920   4.3   0.0
  12 1959 115 13110.   7.2  19.4   0.980   7.8   0.0
  12 1959 116  9560.   8.4  14.1   1.160   6.3   1.8
  12 1959 117 11770.   6.8  13.0   1.030   6.3   7.7
  12 1959 118 10220.   3.2  13.3   0.920   4.5   6.7
  12 1959 119 10690.   2.1  13.8   0.870   5.0   0.4
  12 1959 120  6940.   8.2  12.0   1.110   8.8   5.9
  12 1959 121 13530.   4.7  13.7   0.910   4.5   0.0
  12 1959 122 17430.   5.3  12.0   0.900   5.8   0.1
  12 1959 123 15170.   4.9  13.7   0.910   5.8   0.0
  12 1959 124 23350.   2.5  13.6   0.820   3.8   5.0
  12 1959 125  9790.   0.9  11.7   0.730   3.8   0.1
  12 1959 126 25870.   2.8  16.6   0.760   4.3   0.0
  12 1959 127 24020.   4.1  20.8   0.900   4.5   0.0
  12 1959 128 22440.   9.4  23.6   1.220   4.5   0.0
  12 1959 129 19730.  13.6  26.2   1.370   4.0   0.0
  12 1959 130 24260.  14.4  26.6   1.330   5.3   0.0
  12 1959 131 26290.  13.0  27.1   1.360   5.8   0.0
  12 1959 132 26920.  11.5  24.2   0.980   5.8   0.0
  12 1959 133 27840.   9.2  21.5   0.890   4.8   0.0
  12 1959 134 24830.   6.8  19.0   1.070   5.0   0.0
  12 1959 135 23060.   9.0  18.4   1.100   4.5   0.0
  12 1959 136 21580.  10.0  19.1   1.360   4.8   0.1
  12 1959 137 20080.   9.4  17.8   1.330   6.0   0.0
  12 1959 138 13630.   8.7  15.0   1.100   5.0   0.0
  12 1959 139  9850.   9.8  15.4   1.140   3.0   0.0
  12 1959 140 14140.  11.1  19.3   1.490   4.5   3.8
  12 1959 141 25540.  11.0  21.8   1.380   7.0   0.0
  12 1959 142 27010.  11.2  23.0   1.090   7.3   0.0
  12 1959 143 28630.   8.9  21.3   0.890   6.8   0.0
  12 1959 144 28820.   7.2  19.4   1.090   4.8   0.0
  12 1959 145 26160.   8.9  17.7   1.120   4.3   0.0
  12 1959 146  7940.   9.3  12.2   1.060   4.8   0.0
  12 1959 147  8970.   9.0  13.2   0.930   5.0   0.0
  12 1959 148 10280.   8.2  13.0   0.910   4.0   0.0
  12 1959 149 18750.   4.7  15.8   1.020   5.5   4.6
  12 1959 150 28090.   5.2  17.6   1.010   2.8   2.0
  12 1959 151 18810.   2.7  19.6   1.010   2.8   0.0
  12 1959 152 14970.   5.7  18.8   1.200   4.3   0.0
  12 1959 153 27340.   5.8  19.1   1.040   3.3   1.2
  12 1959 154 29950.   5.3  24.0   0.970   3.3   0.0
  12 1959 155 27400.  10.6  26.8   1.270   3.3   0.0
  12 1959 156 23830.  14.0  29.1   1.620   4.3   0.0
  12 1959 157 14940.  11.5  21.4   1.480   3.5   0.8
  12 1959 158 23010.   8.0  20.8   1.220   4.0   0.0
  12 1959 159 20730.   7.4  19.7   1.200   7.3   0.0
  12 1959 160 21760.   9.8  17.3   1.170   5.0   2.7
  12 1959 161 18750.   5.4  15.3   0.940   5.3   1.5
  12 1959 162 26680.   4.4  17.2   0.920   4.8   1.5
  12 1959 163 30730.   2.8  17.6   0.870   4.5   0.0
  12 1959 164 30740.   8.2  20.1   1.130   6.5   0.0
  12 1959 165 28310.   8.7  18.8   1.150   5.0   0.0
  12 1959 166 19960.   4.6  19.2   1.030   5.5   0.0
  12 1959 167 22990.   5.3  18.4   0.930   4.3   0.0
  12 1959 168 29910.  12.0  23.8   1.310   4.8   0.0
  12 1959 169 26170.   7.4  21.3   1.130   3.8   0.0
  12 1959 170 27900.   3.5  19.2   0.890   3.8   0.0
  12 1959 171 30930.   7.3  21.1   1.020   5.8   0.0
  12 1959 172 27040.   8.7  28.2   1.040   4.8   0.0
  12 1959 173 18680.  15.0  29.2   1.440   2.8   0.0
  12 1959 174 18530.  12.3  27.1   1.660   3.0   0.0
  12 1959 175 29040.  15.4  28.2   1.050   4.5   0.0
  12 1959 176 25430.  14.2  28.0   0.980   5.0   0.0
  12 1959 177 12030.  15.7  24.4   1.810   2.8   0.0
  12 1959 178 11740.  13.6  21.5   1.570   5.3   6.5
  12 1959 179 12740.  13.6  20.1   1.560   5.5  11.2
  12 1959 180 19770.  13.2  19.5   1.470   5.8   1.2
  12 1959 181  8260.  12.9  14.7   1.410   6.3   1.5
  12 1959 182 10690.  14.0  18.5   1.540   6.5   3.2
  12 1959 183  8230.  16.1  20.1   1.790   6.3   5.3
  12 1959 184 11950.  14.5  21.4   1.750   4.5   2.0
  12 1959 185 25860.  12.2  25.8   1.630   3.0   0.5
  12 1959 186 28560.  15.2  29.5   1.680   3.8   0.0
  12 1959 187 24230.  12.5  22.8   1.540   5.0   0.1
  12 1959 188 29650.   9.3  24.9   1.370   3.3   0.0
  12 1959 189 29040.  13.7  31.6   1.520   3.8   0.0
  12 1959 190 25290.  16.5  34.0   2.000   3.3   0.0
  12 1959 191 20110.  17.7  27.4   2.160   3.5   1.9
  12 1959 192 26790.  14.4  30.7   1.920   6.0   0.0
  12 1959 193 13340.  11.6  21.1   1.360   6.3   0.0
  12 1959 194 21010.  10.6  20.0   1.290   4.8   1.2
  12 1959 195 18840.   7.5  20.0   1.180   3.5   0.1
  12 1959 196 25490.   6.2  21.1   1.080   3.3   0.0
  12 1959 197 28720.  10.9  24.3   1.250   2.3   0.0
  12 1959 198 19580.  11.1  24.3   1.460   3.3   0.0
  12 1959 199 25780.  15.7  30.4   1.500   4.0   0.0
  12 1959 200 24600.  12.7  25.6   1.420   5.0   0.0
  12 1959 201 28090.  11.0  23.7   1.430   4.3   0.0
  12 1959 202 28310.   8.8  24.2   1.260   4.3   0.0
  12 1959 203 26420.  11.5  23.4   1.460   4.5   0.0
  12 1959 204 28620.  11.3  21.4   1.250   4.8   0.0
  12 1959 205 23490.  10.9  22.7   1.360   5.0   0.0
  12 1959 206 25540.   9.1  24.1   1.360   4.3   0.0
  12 1959 207 26880.  12.8  25.9   1.510   3.5   0.0
  12 1959 208 10980.  12.4  26.2   1.570   3.5   0.2
  12 1959 209 12890.  10.8  21.7   1.330   4.8   0.4
  12 1959 210  9080.  10.0  19.8   1.420   3.0   4.7
  12 1959 211  7500.  12.3  16.5   1.530   3.5   9.5
  12 1959 212 10240.  13.2  19.5   1.690   4.5  13.7
  12 1959 213 16310.  14.2  21.1   1.600   4.3   8.0
  12 1959 214 14860.  12.8  21.2   1.570   4.3   0.2
  12 1959 215  7760.  10.0  16.4   1.380   2.3   0.9
  12 1959 216 11710.  12.4  20.9   1.570   2.3   4.3
  12 1959 217  7940.  12.5  18.9   1.550   4.0   0.1
  12 1959 218  9270.  11.5  21.2   1.530   2.0   0.1
  12 1959 219 18810.   9.9  23.9   1.450   3.3   0.0
  12 1959 220 21330.  15.3  27.1   1.560   3.8   0.0
  12 1959 221  8710.  16.3  23.7   1.940   2.0   4.7
  12 1959 222 18450.  16.3  29.1   2.180   3.0   0.0
  12 1959 223  6990.  15.1  18.5   1.740   4.8   3.0
  12 1959 224  6940.  14.4  20.3   1.770   4.5   5.6
  12 1959 225 17940.  14.2  25.2   1.750   5.3   2.2
  12 1959 226 10740.  13.6  23.3   1.720   4.5   0.7
  12 1959 227 16040.   8.3  21.2   1.290   3.0   0.2
  12 1959 228 21300.   6.9  21.7   1.290   4.3   0.0
  12 1959 229 22400.   8.8  21.0   1.240   3.8   0.0
  12 1959 230 24020.   9.9  23.7   1.360   3.8   0.0
  12 1959 231 23380.  14.2  27.9   1.600   4.8   0.0
  12 1959 232 22340.  15.8  28.3   1.490   5.5   0.0
  12 1959 233 19350.  15.7  28.6   1.680   4.8   0.0
  12 1959 234 14410.  14.0  23.4   1.840   3.0   1.5
  12 1959 235 13150.  12.8  24.4   1.910   2.8   0.0
  12 1959 236 15930.  15.2  26.5   2.020   3.3   0.1
  12 1959 237 17120.  15.9  25.9   2.100   3.5   0.0
  12 1959 238 16250.  13.4  25.5   1.880   4.8   0.1
  12 1959 239 16790.   8.2  19.7   1.150   4.3   0.0
  12 1959 240 12230.   7.2  21.9   1.290   4.5   0.0
  12 1959 241 14180.  10.2  18.1   1.200   4.3   0.6
  12 1959 242 16610.   8.1  19.6   1.170   3.8   0.4
  12 1959 243 19270.  10.5  19.7   1.190   3.3   0.5
  12 1959 244 18650.   6.0  20.5   1.070   4.3   0.0
  12 1959 245 19530.   9.2  21.2   1.040   5.0   0.0
  12 1959 246 19650.   9.8  23.0   1.200   5.3   0.0
  12 1959 247 19890.  10.6  22.6   1.340   5.0   0.0
  12 1959 248 19880.  10.7  25.3   1.300   4.5   0.0
  12 1959 249 15840.  11.6  23.5   1.410   4.3   0.0
  12 1959 250 19850.   9.5  25.0   1.360   3.8   0.0
  12 1959 251 19590.  10.5  25.5   1.220   4.0   0.0
  12 1959 252 18970.  11.1  26.8   1.290   3.8   0.0
  12 1959 253 17880.  10.5  28.4   1.340   3.3   0.0
  12 1959 254 17390.  12.3  29.2   1.450   2.8   0.0
  12 1959 255 17490.  11.1  28.2   1.700   2.8   0.0
  12 1959 256 13850.  10.4  21.2   1.370   4.0   0.1
  12 1959 257 12100.  11.6  19.5   1.130   4.8   0.0
  12 1959 258 17890.   9.1  20.1   1.230   3.5   0.0
  12 1959 259  7410.   5.5  18.9   1.110   3.5   0.0
  12 1959 260 17030.   7.4  18.2   1.070   4.5   0.0
  12 1959 261  9070.   3.5  19.3   1.050   3.0   0.0
  12 1959 262  5500.  13.5  19.3   1.400   2.8   0.0
  12 1959 263 10120.   6.0  20.5   1.110   2.3   0.0
  12 1959 264 10910.   3.4  20.7   1.030   4.8   0.0
  12 1959 265 12460.   8.1  20.9   1.310   3.3   2.8
  12 1959 266 10700.   6.2  19.6   1.220   2.5   0.0
  12 1959 267  8970.   9.6  19.2   1.310   2.0   0.0
  12 1959 268 10270.   9.1  21.4   1.200   3.8   0.0
  12 1959 269  6540.   7.2  20.0   1.250   4.0   0.0
  12 1959 270 12280.   5.7  17.5   0.920   4.0   0.1
  12 1959 271 10900.   3.6  19.2   1.010   3.3   0.0
  12 1959 272 14430.   7.7  21.3   1.040   5.5   0.0
  12 1959 273 14590.   7.7  20.6   0.760   6.0   0.0
  12 1959 274 14650.   4.7  21.7   0.850   4.0   0.0
  12 1959 275 13080.   4.6  25.7   1.260   2.5   0.0
  12 1959 276 13040.   9.0  24.6   1.420   3.3   0.0
  12 1959 277  8020.  10.0  20.7   1.450   5.0   0.0
  12 1959 278 12860.   6.8  19.5   0.940   5.8   0.0
  12 1959 279 13310.   2.1  19.6   0.570   5.5   0.0
  12 1959 280 12870.   4.8  21.2   0.850   3.8   0.0
  12 1959 281 12350.   3.9  22.4   1.060   3.0   0.0
  12 1959 282 11920.   0.2  21.1   0.800   5.0   0.0
  12 1959 283 11780.   7.5  22.9   1.000   5.0   0.0
  12 1959 284  3520.   7.3  15.2   1.190   3.8   0.0
  12 1959 285  4300.   7.4  18.2   1.270   3.5   0.0
  12 1959 286  3780.   6.5  16.0   1.120   2.3   0.0
  12 1959 287  9790.   8.6  20.7   1.240   3.0   0.0
  12 1959 288 11010.   5.2  18.0   0.830   5.8   0.0
  12 1959 289 11230.   5.3  20.0   0.790   5.8   0.0
  12 1959 290  8200.   7.6  19.9   0.900   8.3   0.0
  12 1959 291  6180.   9.4  16.6   1.030   7.3   0.4
  12 1959 292  3080.   7.4  15.1   1.140   4.8   0.6
  12 1959 293  7450.   5.2  15.3   1.040   4.3  12.4
  12 1959 294  2980.   5.9  11.5   1.020   8.3   0.5
  12 1959 295  8170.   8.8  16.2   1.120   6.0   5.0
  12 1959 296  2880.   3.9  13.8   0.960   5.3   0.0
  12 1959 297  2830.  10.4  13.0   1.130   6.8   0.0
  12 1959 298  7360.   6.5  13.2   0.950   6.5   5.1
  12 1959 299  5820.   5.6  12.5   0.910  11.5   0.0
  12 1959 300  2680.   7.4  10.4   0.990   9.8   2.0
  12 1959 301  7830.   1.2  11.2   0.780   4.3  17.8
  12 1959 302  6260.   0.8  11.6   0.790   6.3   1.0
  12 1959 303  2530.   3.9  10.4   0.920   5.0   1.7
  12 1959 304  3310.   3.0  12.9   0.950   4.8  16.0
  12 1959 305  2660.  -0.9   9.0   0.760   3.3   0.6
  12 1959 306  5840.   1.0  11.2   0.910   4.0   0.3
  12 1959 307  2430.   3.0  10.5   0.940   4.3   0.1
  12 1959 308  3520.   4.9  11.8   0.980   3.3   2.4
  12 1959 309  6080.  -1.1   9.8   0.750   2.8   2.4
  12 1959 310  2230.  -1.0   3.0   0.640   2.3   0.2
  12 1959 311  3010.  -2.4   6.0   0.690   2.3   0.1
  12 1959 312  2280.  -3.9   5.8   0.620   3.0   0.1
  12 1959 313  2100.  -1.4   6.0   0.660   9.0   0.0
  12 1959 314  3660.   1.4  10.6   0.850   5.0  13.4
  12 1959 315  2090.   0.5   7.0   0.750   3.5   0.5
  12 1959 316  4450.   0.6   7.6   0.790   2.8   1.5
  12 1959 317  1950.   1.2   6.0   0.730   9.3   0.2
  12 1959 318  4070.   4.6   9.6   0.810   8.8   6.5
  12 1959 319  2880.   4.2   8.7   0.790   5.8   0.1
  12 1959 320  2400.   1.8   8.4   0.810   3.8   0.0
  12 1959 321  4750.   0.9   9.3   0.790   7.3   0.0
  12 1959 322  2450.   3.8  10.9   0.880   7.8   3.2
  12 1959 323  2230.   7.4  11.9   0.950   7.5   1.2
  12 1959 324  4320.   5.3  14.1   0.920   5.8   0.0
  12 1959 325  5770.   2.2  12.0   0.840   5.0   0.0
  12 1959 326  4660.   1.2   9.0   0.810   4.3   0.1
  12 1959 327  1640.   3.4   6.4   0.860   4.3   0.2
  12 1959 328  1610.   0.9   5.1   0.760   5.0   0.2
  12 1959 329  1580.  -0.7   4.6   0.690   6.8   0.1
  12 1959 330  1610.  -1.9   8.0   0.630   6.5   0.0
  12 1959 331  1530.   3.6   9.3   0.910   4.8  10.6
  12 1959 332  1510.   5.1   8.3   0.880   6.5   0.4
  12 1959 333  3950.   4.2  11.2   0.870   7.5   0.4
  12 1959 334  1470.   2.3   7.6   0.790   3.5   0.0
  12 1959 335  1450.   0.2   4.3   0.700   2.5   0.5
  12 1959 336  1430.   4.2   5.7   0.820   5.3   0.2
  12 1959 337  1410.   5.3   8.0   0.880   7.5   0.8
  12 1959 338  1390.   4.1   6.7   0.790   8.8   1.2
  12 1959 339  1630.   1.0   7.6   0.750   6.0   1.6
  12 1959 340  3580.   0.9   6.3   0.690   8.5   0.0
  12 1959 341  2750.   1.0   3.9   0.600   9.0   0.0
  12 1959 342  1330.   0.8   4.3   0.670   6.0   0.8
  12 1959 343  1320.  -1.4   2.0   0.560   4.3   3.6
  12 1959 344  1310.  -3.4  -0.9   0.470   6.3   0.1
  12 1959 345  1300.  -2.0   0.5   0.470   6.3   0.0
  12 1959 346  1870.  -1.5   1.2   0.520   3.8   0.0
  12 1959 347  1280.  -1.0   0.9   0.520   3.0   0.0
  12 1959 348  1270.  -0.4   4.3   0.650   6.0   0.0
  12 1959 349  2130.  -2.2   4.5   0.580   5.8   0.4
  12 1959 350  1780.  -1.5   6.2   0.660   7.8   0.0
  12 1959 351  1250.   6.2  10.0   0.970   9.8   0.2
  12 1959 352  1290.   4.5   8.0   0.820   7.5   4.2
  12 1959 353  2810.   1.8   8.0   0.750   8.0   3.3
  12 1959 354  1240.   6.3  11.4   0.980  11.0   5.3
  12 1959 355  3230.   1.8   7.7   0.740   5.3   3.3
  12 1959 356  2380.   0.6   5.1   0.680   9.5   0.2
  12 1959 357  1480.   2.9   8.0   0.770   8.3   7.7
  12 1959 358  2520.   2.5   6.2   0.730   6.0   1.7
  12 1959 359  1910.   3.6   8.7   0.850   9.0   5.7
  12 1959 360  1870.   6.0  10.2   0.850  10.5   5.4
  12 1959 361  1590.   4.8   8.7   0.790   9.5   7.3
  12 1959 362  1590.   4.3   7.8   0.820   6.5   3.2
  12 1959 363  2080.   4.5   7.8   0.840   7.0   5.0
  12 1959 364  2620.   4.7  10.6   0.820   6.8   3.3
  12 1959 365  1280.   4.4   9.1   0.860   7.5   0.0
