*---------------------------------------------------------------------------*
* Station name: de Bilt, the Netherlands
* Year: 1973                                              -99.000: NIL VALUE
* Author: -
* Source: KNMI, de Bilt
* Comments: WMO identification - 6260
* 
* Longitude: 5 12 N, latitude: 52 06 E, altitude: 2 m.* 
* Column  Daily value
* 1       station number
* 2       year
* 3       day
* 4       irradiation                   (kJ m-2 d-1)
* 5       minimum temperature           (degrees Celsius)
* 6       maximum temperature           (degrees Celsius)
* 7       early morning vapour pressure (kPa)
* 8       mean wind speed               (m s-1)
* 9       precipitation                 (mm d-1)
*---------------------------------------------------------------------------*
5.2 52.1 2. 0. 0.
  12 1973   1  4260.  -8.1   1.1   0.420   1.3   0.0
  12 1973   2  1300.  -1.0   3.8   0.630   2.0   0.0
  12 1973   3  1310.   2.5   4.6   0.750   1.5   0.0
  12 1973   4  1320.  -0.9   4.5   0.680   2.0   0.0
  12 1973   5  2090.  -0.5   1.4   0.620   1.5   0.0
  12 1973   6  1350.   1.1   4.1   0.730   2.5   0.5
  12 1973   7  1370.   0.3   3.8   0.700   1.3   0.1
  12 1973   8  1380.   3.2   5.2   0.760   1.3   0.2
  12 1973   9  1400.   2.7   4.9   0.780   0.8   0.1
  12 1973  10  1420.   1.3   5.0   0.730   1.0   0.7
  12 1973  11  1440.   2.3   4.3   0.640   1.3   0.0
  12 1973  12  1460.  -1.4   3.0   0.540   2.0   0.0
  12 1973  13  4470.  -4.0   1.6   0.510   3.0   0.0
  12 1973  14  1500.  -0.2   5.8   0.670   4.3   0.0
  12 1973  15  2990.   3.7   8.9   0.810   4.8   0.2
  12 1973  16  1550.  -2.8   4.1   0.600   1.8   0.0
  12 1973  17  1570.  -3.5   3.2   0.590   4.0   0.0
  12 1973  18  1600.   0.8   2.9   0.650   3.3   0.0
  12 1973  19  1620.  -1.4   1.2   0.570   2.5   0.0
  12 1973  20  1650.  -0.6   4.9   0.670   4.3   0.0
  12 1973  21  1680.   0.6   5.3   0.710   3.0   3.6
  12 1973  22  1830.  -0.5   6.2   0.710   4.0   0.0
  12 1973  23  1740.   0.2   3.6   0.680   3.3   3.5
  12 1973  24  1770.   2.8   5.4   0.750   3.3   2.4
  12 1973  25  1800.   0.3   4.4   0.640   3.3   0.0
  12 1973  26  1840.   4.0   6.7   0.850   5.5   1.1
  12 1973  27  2060.   3.9   7.4   0.820   5.0   7.6
  12 1973  28  3610.   1.6   7.0   0.710   3.5   0.9
  12 1973  29  2070.   4.7   9.0   0.930   3.3   0.8
  12 1973  30  1980.   6.1   8.4   0.960   3.5   0.5
  12 1973  31  5360.   0.1   7.3   0.720   2.3   3.7
  12 1973  32  2450.  -2.6   5.4   0.650   1.5   0.2
  12 1973  33  3170.  -1.0   5.2   0.700   2.3   0.1
  12 1973  34  2130.  -0.4   1.6   0.640   2.0   0.0
  12 1973  35  2170.  -2.9  -0.3   0.530   2.5   0.0
  12 1973  36  2220.  -3.1   4.9   0.630   4.3   0.0
  12 1973  37  2260.   4.6   8.0   0.880   5.5   0.2
  12 1973  38  2300.   7.0   9.0   0.970   6.0   1.0
  12 1973  39  2350.   6.1   7.5   0.910   8.0   1.2
  12 1973  40  3860.   1.3   7.8   0.740   4.3   8.1
  12 1973  41  3250.   1.2   5.4   0.690   4.8   3.1
  12 1973  42  4140.   0.1   6.3   0.690   4.8   6.3
  12 1973  43  2530.   2.5   7.5   0.780   8.0   3.6
  12 1973  44  4890.   0.1   4.1   0.620   7.0  19.8
  12 1973  45  4730.  -0.8   3.7   0.570   6.0   4.9
  12 1973  46  2840.   0.4   5.4   0.590   2.8   0.0
  12 1973  47  6880.  -2.4   4.2   0.570   2.8   0.0
  12 1973  48  2780.  -2.4   2.5   0.580   2.5   1.3
  12 1973  49  2830.   0.5   3.8   0.660   2.8  11.0
  12 1973  50  2880.   0.6   6.7   0.750   1.0   6.7
  12 1973  51  2930.   5.2   8.6   0.950   3.3   0.1
  12 1973  52  2990.   4.9   8.5   0.870   4.3   0.0
  12 1973  53  3300.   3.4   6.3   0.720   6.0   2.2
  12 1973  54  4390.  -0.5   5.3   0.600   5.8   1.2
  12 1973  55  8220.  -3.6   4.8   0.560   3.8   5.5
  12 1973  56  9220.  -3.4   5.0   0.560   1.5   1.2
  12 1973  57  7910.  -5.0   6.2   0.560   2.0   0.0
  12 1973  58 11270.  -4.3   6.0   0.500   1.8   0.0
  12 1973  59  3370.  -2.6   4.2   0.550   4.8   0.0
  12 1973  60  3990.   2.3   7.4   0.610   5.5   0.0
  12 1973  61  7410.   1.3   8.5   0.760   3.8   3.5
  12 1973  62  3550.   1.2   8.4   0.780   4.0   0.5
  12 1973  63  3610.   5.1   8.8   0.900   3.8   1.3
  12 1973  64  5010.   4.0  10.4   0.900   3.3   0.0
  12 1973  65  8580.   2.1   8.2   0.770   3.8   0.4
  12 1973  66 10550.  -0.9   7.9   0.650   2.8  10.7
  12 1973  67 11460.  -0.5  10.6   0.760   2.8   0.1
  12 1973  68  5500.   0.1   8.4   0.700   2.0   0.0
  12 1973  69 13140.  -3.7   9.1   0.560   1.8   0.0
  12 1973  70  7690.   1.2   9.3   0.750   2.8   0.0
  12 1973  71 10960.   2.1   6.9   0.610   4.5   0.3
  12 1973  72 11810.  -0.8   6.0   0.540   3.0   0.0
  12 1973  73 14140.  -1.9   7.6   0.580   4.0   0.0
  12 1973  74 11960.   0.3  10.7   0.670   3.0   0.0
  12 1973  75 13050.  -3.6   8.9   0.600   2.0   0.0
  12 1973  76  4390.   0.4   8.1   0.750   3.5   0.4
  12 1973  77  5430.   2.1   9.7   0.730   4.5   0.4
  12 1973  78  5280.   1.5   7.9   0.670   3.3   0.1
  12 1973  79  4580.   3.6  10.6   0.790   2.0   0.0
  12 1973  80  4640.   0.6   9.9   0.750   2.5   0.0
  12 1973  81 14850.  -0.8  13.4   0.730   2.3   0.0
  12 1973  82 16330.  -2.5  15.4   0.690   1.8   0.0
  12 1973  83 15800.   1.2  18.7   0.820   3.3   0.0
  12 1973  84  6140.   0.2  12.1   0.810   2.8   0.0
  12 1973  85  8620.  -0.5  11.5   0.790   2.3   0.2
  12 1973  86  6280.  -0.5   8.9   0.760   2.0   0.1
  12 1973  87  9840.   3.5  11.7   0.900   2.3   0.1
  12 1973  88 11110.   3.1  10.7   0.830   3.3   2.6
  12 1973  89 15570.  -1.9  12.3   0.700   3.0   0.1
  12 1973  90 14630.   0.1  10.8   0.610   4.5   0.3
  12 1973  91  5320.   3.5   9.8   0.790   6.3   0.0
  12 1973  92  5500.   3.3   9.5   0.840  10.8  13.0
  12 1973  93 15590.  -1.7   7.7   0.510   4.8  12.1
  12 1973  94  5740.  -3.1   7.6   0.590   7.8   0.2
  12 1973  95  5560.   6.2  10.1   0.970   4.3   6.7
  12 1973  96  7460.   4.6   9.3   0.750   6.5   3.3
  12 1973  97 12730.   0.6   9.9   0.690   4.0   1.4
  12 1973  98 14940.  -0.5   8.4   0.600   3.5   1.8
  12 1973  99 13170.  -1.3   7.0   0.480   4.5   0.0
  12 1973 100 19050.  -1.7   8.7   0.530   5.3   0.0
  12 1973 101 11980.   2.3   8.0   0.690   5.3   1.6
  12 1973 102 10670.  -0.5   7.1   0.650   4.0   2.2
  12 1973 103 11130.  -1.0   8.0   0.680   2.0   3.8
  12 1973 104 11600.  -2.8   9.0   0.630   2.8   2.0
  12 1973 105  6140.   5.4   9.8   0.920   3.5   0.7
  12 1973 106  8270.   6.9  12.9   1.090   3.5   0.3
  12 1973 107 11060.   4.6  10.8   0.810   5.8   0.1
  12 1973 108  7610.   3.8   9.2   0.810   5.3   0.9
  12 1973 109 16970.   1.4  10.0   0.710   4.3   3.2
  12 1973 110 17070.   1.0  10.1   0.690   2.8   0.2
  12 1973 111  6610.   0.1   7.5   0.730   2.5   5.3
  12 1973 112 18190.   1.2  12.3   0.690   3.8   3.6
  12 1973 113 13890.   2.0  11.5   0.760   3.0   0.0
  12 1973 114 20640.   6.0  14.4   0.850   6.0   0.9
  12 1973 115 23830.   2.5  14.0   0.700   3.3   0.0
  12 1973 116 13320.   3.2  12.6   0.830   1.5   0.0
  12 1973 117 23500.   2.9  14.6   0.790   2.8   0.0
  12 1973 118  6840.   2.3  12.1   0.680   2.0   0.0
  12 1973 119  9740.   0.3  13.6   0.810   2.5   2.4
  12 1973 120  7890.  -1.8  15.6   0.870   5.3   0.2
  12 1973 121  6980.   5.6  14.9   1.070   2.3   5.2
  12 1973 122  9490.   1.0  10.8   0.720   4.0   4.4
  12 1973 123 12430.   6.7  17.8   1.200   3.3   0.0
  12 1973 124 17300.   8.7  17.6   1.230   2.8  21.5
  12 1973 125 16270.   8.5  20.7   1.330   6.0   2.6
  12 1973 126 11640.   7.6  14.4   1.000   5.8   0.6
  12 1973 127 10310.   6.0  12.8   0.980   2.0   3.0
  12 1973 128 15080.   4.1  12.3   0.890   3.3   0.0
  12 1973 129  9990.   7.9  14.4   1.070   4.5   0.8
  12 1973 130 15610.   4.4  12.3   0.890   4.8   2.7
  12 1973 131 23770.   2.6  12.5   0.720   3.0   6.3
  12 1973 132 25110.   1.6  15.3   0.760   4.5   0.1
  12 1973 133  9190.   6.9  13.0   0.970   4.8   0.0
  12 1973 134  8250.   2.6  11.2   0.890   1.3   4.2
  12 1973 135 22920.  -0.2  13.9   0.690   2.8   2.9
  12 1973 136 28200.  -0.5  14.2   0.630   4.0   0.0
  12 1973 137 25870.   5.0  17.5   0.690   5.8   0.0
  12 1973 138 19140.   8.3  19.3   0.790   3.5   0.0
  12 1973 139 16080.   8.0  21.0   1.010   2.8   0.0
  12 1973 140 19530.  12.0  20.1   1.410   2.3   5.7
  12 1973 141 16880.  11.0  22.4   1.560   2.3   0.0
  12 1973 142 21890.  10.3  19.7   1.310   3.0  34.5
  12 1973 143 12840.  11.5  17.1   1.320   4.3   0.0
  12 1973 144  8310.  10.0  13.5   1.220   3.3   5.3
  12 1973 145 19890.   9.5  19.0   1.280   1.5   1.2
  12 1973 146 27640.   7.5  20.6   1.110   2.5   0.0
  12 1973 147 26540.   9.8  21.8   1.080   3.3   0.0
  12 1973 148 23290.  10.8  23.7   1.010   3.5   0.0
  12 1973 149 10450.  11.1  18.0   1.440   2.3   2.2
  12 1973 150  8040.  11.1  16.3   1.350   2.3   2.6
  12 1973 151  8350.  10.7  17.7   1.480   2.5   2.5
  12 1973 152  8090.   9.5  14.1   1.220   3.8   7.2
  12 1973 153 12560.   6.3  13.4   1.090   3.0  12.4
  12 1973 154 11430.   6.2  17.4   1.110   2.3   8.6
  12 1973 155 22800.   5.3  17.6   1.060   2.5   0.1
  12 1973 156 29000.   5.7  15.8   0.980   3.5   0.0
  12 1973 157 29750.   6.4  18.6   1.000   3.8   0.0
  12 1973 158 16400.   7.1  18.5   1.120   4.0   0.0
  12 1973 159 16850.  10.2  19.5   1.370   2.0   0.0
  12 1973 160 16290.  10.1  22.8   1.440   2.8   0.0
  12 1973 161  8240.  12.4  16.4   1.330   2.8   0.0
  12 1973 162 13440.   8.2  18.3   1.140   2.3   0.0
  12 1973 163 25830.   6.8  22.8   1.250   3.0   0.0
  12 1973 164 15190.   6.3  18.2   1.030   2.8   0.0
  12 1973 165 30180.   4.2  17.2   0.860   2.3   0.0
  12 1973 166 30190.   4.3  20.9   0.960   2.5   0.0
  12 1973 167 24430.   7.7  22.9   1.240   1.5   0.0
  12 1973 168 11180.  11.8  23.9   1.470   2.3   0.0
  12 1973 169 28190.  10.8  22.5   1.330   2.3   0.0
  12 1973 170 26600.   9.3  25.8   1.310   2.5   0.0
  12 1973 171 19110.  15.1  26.1   1.650   3.3   0.0
  12 1973 172 21560.  14.1  23.2   1.420   3.0   0.0
  12 1973 173 28760.  11.9  23.3   1.150   5.5   0.0
  12 1973 174 28900.  13.3  24.0   1.310   5.0   0.0
  12 1973 175 29040.  13.7  24.6   1.440   4.0   0.0
  12 1973 176 24420.  12.4  26.8   1.480   1.5   0.0
  12 1973 177 24270.  13.1  28.6   1.550   1.5   0.0
  12 1973 178 21090.  18.0  28.5   1.910   2.0   0.0
  12 1973 179 13020.  14.8  23.2   1.780   4.0   1.6
  12 1973 180 24090.  11.8  22.4   1.430   2.8   3.1
  12 1973 181 28390.  10.0  23.9   1.390   1.5   0.0
  12 1973 182 28080.  13.4  28.6   1.490   1.3   0.0
  12 1973 183 27200.  16.4  31.3   1.840   2.5   0.0
  12 1973 184 28750.  13.5  24.2   1.590   2.3   0.0
  12 1973 185 24140.  14.2  25.6   1.790   1.8   0.0
  12 1973 186 24970.  14.0  31.7   1.730   2.5   0.0
  12 1973 187 13770.  16.6  25.9   1.920   2.0   1.7
  12 1973 188 10020.  15.1  21.4   1.700   2.8   2.0
  12 1973 189 22890.  12.0  19.8   1.140   3.0   0.0
  12 1973 190 22290.   7.6  20.4   1.060   1.5   0.0
  12 1973 191 22540.   7.9  23.7   1.130   1.8   0.0
  12 1973 192  8080.  14.9  18.3   1.660   2.3   2.0
  12 1973 193 10200.  14.7  19.6   1.610   2.3   2.1
  12 1973 194  9600.  12.4  20.7   1.470   0.8   9.1
  12 1973 195 14990.  11.2  23.7   1.340   3.0   0.0
  12 1973 196  7990.  14.1  20.4   1.620   2.5   0.0
  12 1973 197 18480.  13.6  22.6   1.620   2.8   8.5
  12 1973 198 12760.  12.1  19.2   1.440   3.0   1.8
  12 1973 199 12160.  11.9  19.2   1.380   2.5   1.0
  12 1973 200 10710.  13.3  19.2   1.500   5.3   0.0
  12 1973 201 14640.  13.7  19.3   1.500   4.0   2.3
  12 1973 202 13330.  13.1  20.0   1.450   3.8  10.6
  12 1973 203 11170.  11.2  17.8   1.370   3.8   0.4
  12 1973 204 27070.  10.2  17.6   1.140   2.8   8.9
  12 1973 205 23630.   8.5  19.2   1.170   2.0   0.0
  12 1973 206 13170.   6.1  18.3   1.150   3.3   0.0
  12 1973 207  7650.  12.7  16.5   1.450   3.3   1.0
  12 1973 208  7890.  12.7  15.4   1.410   3.0   1.6
  12 1973 209 18770.  15.1  23.2   1.870   3.0  11.2
  12 1973 210  8100.  14.4  17.9   1.540   2.8   0.0
  12 1973 211  7920.  13.7  18.0   1.500   1.8   0.9
  12 1973 212 20400.  10.9  21.5   1.460   2.0   0.0
  12 1973 213 16860.  11.9  26.7   1.680   1.8   0.0
  12 1973 214 19300.  13.4  26.4   1.820   0.8   0.1
  12 1973 215 10110.  11.0  21.0   1.570   3.3   0.0
  12 1973 216 14060.  14.5  20.7   1.530   3.0   0.2
  12 1973 217  7260.  12.2  18.5   1.540   4.5   5.1
  12 1973 218 19710.  13.9  28.2   1.920   5.3   0.9
  12 1973 219 21690.  11.7  18.9   1.390   5.8   3.5
  12 1973 220 23520.  10.3  18.8   1.280   2.0  19.0
  12 1973 221 18940.  10.3  21.0   1.350   1.8   0.0
  12 1973 222 24300.  10.0  24.8   1.550   1.8   0.0
  12 1973 223 24200.  13.8  26.1   1.770   2.5   0.0
  12 1973 224 25320.  12.3  24.3   1.520   3.0   0.0
  12 1973 225 25220.  11.7  27.0   1.460   2.8   0.0
  12 1973 226 25120.  13.9  28.7   1.270   2.8   0.0
  12 1973 227 24740.  14.1  28.5   1.290   2.5   0.0
  12 1973 228 24230.  14.1  29.5   1.470   1.8   0.0
  12 1973 229 11750.  14.0  28.5   1.770   1.5   0.0
  12 1973 230 12080.  17.0  21.8   1.620   2.0   0.0
  12 1973 231  7120.  13.7  23.5   1.610   1.0   0.0
  12 1973 232  8380.  11.5  23.0   1.660   2.3   0.0
  12 1973 233 15800.   6.8  19.8   1.070   3.5   0.2
  12 1973 234 22910.   4.5  19.9   0.940   2.8   0.0
  12 1973 235 22790.   8.1  24.6   1.190   2.3   0.0
  12 1973 236 16440.   9.8  20.6   1.280   2.3   0.0
  12 1973 237 14800.   9.0  22.2   1.380   2.8   0.0
  12 1973 238 22810.  10.5  21.9   1.380   2.3   0.0
  12 1973 239 19230.  11.1  27.2   1.510   1.8   0.0
  12 1973 240  8280.  15.0  22.8   1.710   2.0   0.5
  12 1973 241  8340.  15.4  21.8   1.670   2.0   0.0
  12 1973 242  6500.  10.7  18.6   1.500   1.5  10.7
  12 1973 243 13360.   8.4  18.6   1.190   4.0  24.5
  12 1973 244 10260.  14.4  20.6   1.640   4.5   0.0
  12 1973 245  6450.  14.9  20.1   1.800   3.3   6.7
  12 1973 246  9360.  15.7  22.4   1.850   2.8   0.6
  12 1973 247 13110.  12.9  25.7   2.000   1.0   0.1
  12 1973 248 14730.  12.4  29.1   1.990   1.3   0.1
  12 1973 249  5600.  14.8  22.1   1.980   2.0   0.0
  12 1973 250 15480.  12.6  24.6   1.820   1.5   0.2
  12 1973 251 16820.  10.6  24.0   1.640   2.5   0.0
  12 1973 252  8660.  14.9  21.3   1.890   2.5   0.0
  12 1973 253 17520.   9.2  18.8   1.150   2.3   1.7
  12 1973 254 11940.   6.1  18.2   1.120   1.5   0.0
  12 1973 255 16430.   4.3  19.0   1.040   2.0   0.0
  12 1973 256 10680.  11.0  19.1   1.250   2.5   0.0
  12 1973 257 18380.   7.7  21.6   1.080   2.8   0.0
  12 1973 258 17430.   8.2  25.0   1.080   2.5   0.0
  12 1973 259 10860.  14.0  23.7   1.720   2.0   0.1
  12 1973 260 11220.  13.6  24.3   1.780   1.5   0.7
  12 1973 261  7150.  14.2  21.8   1.820   1.8   0.0
  12 1973 262  5500.  12.6  16.1   1.470   5.3   5.4
  12 1973 263 10790.  11.3  18.5   1.310   2.0   4.3
  12 1973 264  5810.  11.9  16.1   1.420   4.5   7.1
  12 1973 265 10040.   6.6  15.9   1.150   2.3  22.7
  12 1973 266  6990.   6.1  14.7   1.120   2.0   2.8
  12 1973 267  8210.   4.3  14.6   1.030   1.8   1.2
  12 1973 268  5540.   6.7  16.1   1.170   1.3   0.1
  12 1973 269  6430.   6.0  17.0   1.210   1.5   1.3
  12 1973 270 11330.  10.9  18.1   1.370   3.3   5.2
  12 1973 271  8480.  11.2  17.4   1.340   5.5   6.0
  12 1973 272  6830.   8.3  12.9   1.100   5.0   0.3
  12 1973 273  4160.   8.1  12.8   1.180   3.3  10.6
  12 1973 274 14140.   5.4  15.3   1.070   2.5   3.7
  12 1973 275 14100.   4.0  16.1   1.060   2.5   0.0
  12 1973 276  6400.  10.9  16.6   1.400   3.0   0.0
  12 1973 277 12900.   8.2  19.1   1.360   1.5   0.0
  12 1973 278 12760.   6.0  21.3   1.390   1.0   0.1
  12 1973 279 12230.   7.7  20.8   1.450   1.8   0.0
  12 1973 280  3750.  12.8  14.6   1.520   1.5   0.0
  12 1973 281  3700.  12.5  15.3   1.380   2.5   0.4
  12 1973 282  3730.  10.8  15.4   1.360   3.8   0.0
  12 1973 283  4520.   7.8  16.0   1.300   4.5   7.5
  12 1973 284  7730.   2.3  11.4   0.880   1.5   8.7
  12 1973 285 10950.   0.6  10.3   0.770   2.3   0.6
  12 1973 286  5970.   1.4   9.0   0.700   2.8   0.0
  12 1973 287  3360.   1.1   9.3   0.770   2.0   0.0
  12 1973 288  3390.   6.7  11.7   1.050   1.8   0.5
  12 1973 289  3250.   4.8  10.1   1.010   3.0   2.1
  12 1973 290  5830.   1.3   9.8   0.820   3.3  14.1
  12 1973 291  6610.   0.1   8.3   0.690   4.5   9.7
  12 1973 292  3080.   3.5  10.6   0.930   4.5   9.2
  12 1973 293  5070.   6.1  12.0   1.040   4.3  25.0
  12 1973 294  3740.   3.9  12.2   0.920   3.3  12.5
  12 1973 295  4920.   0.5  11.1   0.830   3.8   0.7
  12 1973 296  5840.   4.6  12.6   0.970   2.3   3.6
  12 1973 297  6810.   1.1  13.1   0.900   1.0   1.9
  12 1973 298  6550.   2.1  13.1   0.950   1.5   0.1
  12 1973 299  8760.   2.2  12.6   0.900   1.3   0.0
  12 1973 300  9430.   2.7  14.2   0.830   2.3   0.0
  12 1973 301  3410.  -0.3  11.0   0.830   1.8   0.0
  12 1973 302  7030.   2.6  12.2   0.900   1.3   0.0
  12 1973 303  2530.   2.5  11.7   0.950   1.5   0.0
  12 1973 304  2860.   6.5  12.0   0.990   3.3   0.0
  12 1973 305  4740.   2.7   8.8   0.720   2.3   0.0
  12 1973 306  2400.   0.1   7.2   0.790   1.0   0.0
  12 1973 307  6110.   4.8  12.6   1.010   2.8   0.0
  12 1973 308  5020.   3.7  11.9   1.000   3.3   0.0
  12 1973 309  2900.   3.5  13.6   0.980   4.3   2.7
  12 1973 310  2230.   2.2   5.7   0.710   3.3  16.3
  12 1973 311  2320.   5.3   8.5   0.820   3.8   5.9
  12 1973 312  2210.   7.1  12.3   1.120   3.8   0.1
  12 1973 313  2100.   8.8  11.2   1.030   5.5   0.0
  12 1973 314  2060.   7.8   9.3   1.060   5.5   1.5
  12 1973 315  4580.   4.8   9.5   0.810   3.3   4.9
  12 1973 316  2380.   1.6  11.5   0.870   8.3   0.6
  12 1973 317  4130.   5.0  10.9   0.810   6.3   5.2
  12 1973 318  3180.   3.4   8.2   0.810   2.8   3.4
  12 1973 319  4070.   4.0   9.0   0.770   5.0   4.3
  12 1973 320  4010.   3.5   9.1   0.750   4.8   0.9
  12 1973 321  2850.   1.5   6.8   0.650   2.3   0.4
  12 1973 322  3590.  -1.8   4.6   0.600   3.8   0.0
  12 1973 323  3420.   1.9   9.7   0.770   5.0   0.0
  12 1973 324  4320.   1.0   9.0   0.720   1.5   0.5
  12 1973 325  5360.  -2.7   8.0   0.700   0.8   0.0
  12 1973 326  1950.  -3.1   5.2   0.630   2.3   0.0
  12 1973 327  1640.   3.8   9.7   0.950   3.8   0.9
  12 1973 328  1610.   4.2  11.3   0.930   7.3   0.3
  12 1973 329  4320.   0.5   6.4   0.640   3.3   2.9
  12 1973 330  1830.  -0.9   3.6   0.630   2.3   1.8
  12 1973 331  2080.  -1.7   3.2   0.590   3.0  10.2
  12 1973 332  3780.  -3.7   3.5   0.570   3.8   4.9
  12 1973 333  4490.  -4.1   2.2   0.540   2.8   3.6
  12 1973 334  1470.  -2.7   0.7   0.550   1.5   2.8
  12 1973 335  2600. -10.6  -1.1   0.370   1.5   2.2
  12 1973 336  4350. -13.4  -1.8   0.320   2.8   0.5
  12 1973 337  1410.  -2.9   4.5   0.620   5.3   0.5
  12 1973 338  1700.   4.4   8.5   0.880   2.5   2.3
  12 1973 339  1380.   6.2   8.3   0.970   3.3   1.0
  12 1973 340  2870.   2.4   8.7   0.730   6.0   1.1
  12 1973 341  2850.   2.2   9.3   0.760   4.3   4.5
  12 1973 342  1330.  -0.8   9.7   0.750   4.3  16.4
  12 1973 343  4630.  -3.8   3.1   0.550   1.0   0.6
  12 1973 344  4260.  -5.0   0.4   0.450   4.3   0.0
  12 1973 345  1300.  -2.3   2.3   0.570   4.0   0.0
  12 1973 346  1630.   1.2   6.2   0.760   5.8   5.8
  12 1973 347  1420.   3.2   7.5   0.730   7.0   5.2
  12 1973 348  1410.  -0.2   4.2   0.610   5.8   4.4
  12 1973 349  3040.   0.0   5.0   0.610   5.5   4.9
  12 1973 350  1260.   2.7   6.2   0.760   7.3   1.6
  12 1973 351  1870.   1.6   5.3   0.620   4.3   8.5
  12 1973 352  2530.  -0.1   4.7   0.630   2.8   0.0
  12 1973 353  3860.  -0.6   3.1   0.590   4.8   0.3
  12 1973 354  1240.   1.2   6.6   0.590   3.5   0.0
  12 1973 355  1620.   0.7   6.6   0.640   3.3   0.0
  12 1973 356  1240.   4.1   7.2   0.840   3.8   0.1
  12 1973 357  1330.   1.6   6.0   0.750   2.3   0.4
  12 1973 358  1240.   3.5   5.2   0.800   2.0   2.6
  12 1973 359  1240.   2.2   5.4   0.680   2.3   0.0
  12 1973 360  1250.   1.0   5.5   0.740   3.5   0.0
  12 1973 361  1250.   5.4   7.4   0.920   4.3   1.2
  12 1973 362  1260.   6.1   7.9   0.960   3.8   1.9
  12 1973 363  1260.  -0.2   6.1   0.730   3.8   0.1
  12 1973 364  1270.  -0.1   2.6   0.660   2.8   0.0
  12 1973 365  4380.  -4.0   4.3   0.600   1.3   0.3
