*---------------------------------------------------------------------------*
* Station name: de Bilt, the Netherlands
* Year: 1965                                                -99.000: NIL VALUE
* Author: -
* Source: KNMI, de Bilt
* Comments: WMO identification - 6260
* 
* Longitude: 5 12 N, latitude: 52 06 E, altitude: 2 m.
* 
* Column  Daily value
* 1       station number
* 2       year
* 3       day
* 4       irradiation                   (kJ m-2 d-1)
* 5       minimum temperature           (degrees Celsius)
* 6       maximum temperature           (degrees Celsius)
* 7       early morning vapour pressure (kPa)
* 8       mean wind speed               (m s-1)
* 9       precipitation                 (mm d-1)
*---------------------------------------------------------------------------*
5.2 52.1 2. 0. 0.
  12 1965   1  1290.   0.6   5.6   0.700   3.3  12.3
  12 1965   2  2820.  -1.0   5.5   0.660   1.5   0.8
  12 1965   3  4270.  -2.5   4.1   0.580   1.8   1.6
  12 1965   4  4600.  -3.6   3.2   0.550   1.8   0.4
  12 1965   5  1340.   0.3   4.5   0.630   3.5   0.1
  12 1965   6  1350.   2.6   6.0   0.760   3.3   1.2
  12 1965   7  1370.   3.6   7.9   0.890   4.3   6.8
  12 1965   8  1380.   3.6   8.7   0.890   3.8   9.8
  12 1965   9  2690.   3.3   7.5   0.780   5.5  11.3
  12 1965  10  1420.   1.6   7.9   0.790   4.3   9.0
  12 1965  11  1440.   3.1   7.6   0.720   4.5   5.7
  12 1965  12  1460.   1.6   8.1   0.680   5.0   0.0
  12 1965  13  2060.   3.8   6.7   0.750   7.5   0.1
  12 1965  14  2360.   2.9   7.3   0.690   6.3   5.8
  12 1965  15  1520.   1.3   5.4   0.690   4.8   6.9
  12 1965  16  1550.   0.5  10.3   0.830   8.5   2.3
  12 1965  17  1790.   4.8  10.3   0.800   8.3   8.0
  12 1965  18  1600.   1.3   5.9   0.660   5.0   7.8
  12 1965  19  2590.  -0.2   5.0   0.650   3.0   0.8
  12 1965  20  3320.  -1.9   0.9   0.490   4.8   4.9
  12 1965  21  2140.  -3.2   1.0   0.500   2.5   0.0
  12 1965  22  1710.  -3.1   3.1   0.560   3.3   0.0
  12 1965  23  3700.  -0.8   5.4   0.640   1.8   4.1
  12 1965  24  1770.   1.4   5.3   0.720   3.3   0.3
  12 1965  25  1800.   1.5   6.3   0.750   4.5   6.2
  12 1965  26  1960.  -0.4   2.2   0.570   3.5   0.7
  12 1965  27  2810.  -4.1   0.8   0.480   2.3   1.2
  12 1965  28  2090.  -5.3  -2.2   0.430   3.5   0.1
  12 1965  29  1940.  -2.6   0.2   0.500   4.3   0.0
  12 1965  30  1980.  -1.8   0.9   0.530   4.5   0.0
  12 1965  31  4640.  -2.8   4.1   0.560   2.0   0.0
  12 1965  32  3780.  -3.9   6.1   0.590   2.3   0.0
  12 1965  33  5720.  -5.2   4.8   0.510   2.0   0.1
  12 1965  34  2130.   1.8   4.9   0.700   2.8   0.2
  12 1965  35  2170.   3.0   5.8   0.770   3.0   3.2
  12 1965  36  5150.   1.8   7.1   0.750   4.0   2.2
  12 1965  37  2470.   1.3   5.8   0.730   2.8   0.0
  12 1965  38  3800.   3.1   7.4   0.800   3.8   1.5
  12 1965  39  6040.   1.0   4.9   0.540   4.3   0.1
  12 1965  40  8480.  -3.4   3.0   0.430   2.3   0.4
  12 1965  41  2440.   0.7   6.9   0.730   3.0   0.8
  12 1965  42  2480.   3.8   6.5   0.780   2.5   1.3
  12 1965  43  2530.   3.4   7.3   0.800   6.0   0.0
  12 1965  44  5200.   4.2   6.9   0.690   7.5   5.6
  12 1965  45  6210.   0.3   5.4   0.600   5.3   0.9
  12 1965  46  5200.  -0.7   6.3   0.650   3.0   1.2
  12 1965  47  6880.  -3.4   5.0   0.520   2.5   1.9
  12 1965  48  6570.  -1.9   1.2   0.450   4.3   0.0
  12 1965  49  6510.  -3.3   3.4   0.480   1.8   0.0
  12 1965  50  4200.  -1.6   4.1   0.550   3.3   0.0
  12 1965  51  8620.  -2.2   1.5   0.470   4.5   0.0
  12 1965  52  2990.  -1.1   0.5   0.470   2.3   0.0
  12 1965  53  3040.  -1.1   3.2   0.570   1.8   0.0
  12 1965  54  3180.   1.1   4.1   0.640   1.5   0.2
  12 1965  55  3150.  -3.0   2.9   0.550   2.5   0.0
  12 1965  56  6570.  -2.1   6.6   0.600   2.3   0.0
  12 1965  57  4690.  -6.4   4.9   0.490   3.5   0.2
  12 1965  58  4850.  -1.1   5.0   0.600   2.5   1.1
  12 1965  59  5020.  -0.9   5.3   0.590   2.0   0.2
  12 1965  60  3620.  -3.8   1.9   0.500   5.5   0.0
  12 1965  61  3860.  -5.4  -0.8   0.360   4.3   0.0
  12 1965  62 12220. -10.0   0.1   0.300   1.5   0.0
  12 1965  63  8560.  -9.0   2.0   0.340   3.5   0.0
  12 1965  64  9050.  -5.4   1.8   0.380   2.3   0.0
  12 1965  65  8090.  -2.0   3.1   0.480   2.5   0.0
  12 1965  66  4670.  -2.8   2.5   0.470   1.3   0.0
  12 1965  67  4540.  -1.9   7.2   0.600   2.3   0.2
  12 1965  68  5800.   0.6   5.2   0.530   1.8   0.2
  12 1965  69 13240.  -2.6   6.7   0.460   3.3   0.0
  12 1965  70 13280.  -2.1  12.1   0.540   3.0   0.0
  12 1965  71 13220.  -0.4  13.4   0.570   3.8   0.0
  12 1965  72 13780.   1.0  15.3   0.560   3.3   0.0
  12 1965  73  4210.   6.5  11.0   1.010   3.0   0.2
  12 1965  74  4480.   8.0  12.1   1.120   4.5   4.4
  12 1965  75 10390.   6.1  12.2   0.970   5.3   6.5
  12 1965  76  6320.   4.5  11.2   0.840   3.8   7.3
  12 1965  77  4560.   5.5  10.0   0.910   2.8   1.9
  12 1965  78  5390.   1.5   8.1   0.650   2.0   0.6
  12 1965  79  5780.  -1.0   6.9   0.630   4.0   0.0
  12 1965  80  4640.   0.1   4.3   0.630   3.0  11.4
  12 1965  81 13840.  -2.9   8.6   0.560   4.0   2.4
  12 1965  82  7010.   4.2  13.1   1.000   2.3   4.3
  12 1965  83  4820.   3.3   8.3   0.830   4.3  10.8
  12 1965  84  9670.   3.0   9.4   0.810   4.5   1.2
  12 1965  85  5980.   4.9  10.2   0.870   3.8   8.1
  12 1965  86  5010.   2.5  11.4   0.880   4.0   0.5
  12 1965  87 16250.   2.4  15.7   0.950   1.8   0.2
  12 1965  88 16500.  -0.2  21.2   0.990   0.3   0.1
  12 1965  89 16400.  -0.1  11.9   0.760   4.3   0.1
  12 1965  90 18910.   0.1  13.4   0.730   3.3   0.0
  12 1965  91 15590.   1.8  16.8   0.810   2.5   0.0
  12 1965  92 18720.  -0.2  18.8   0.720   1.0   0.0
  12 1965  93 17530.   0.1  17.6   0.820   1.5   0.0
  12 1965  94  7440.  -0.4  11.8   0.800   1.8   0.1
  12 1965  95  7510.   4.6  16.6   0.990   1.5   0.0
  12 1965  96  9310.   5.1  12.8   1.010   1.5   2.2
  12 1965  97  5680.   4.4  10.1   0.940   1.3   1.5
  12 1965  98  5740.   5.0   8.9   0.900   2.0   2.3
  12 1965  99  8300.   1.6  10.8   0.770   2.5   0.1
  12 1965 100  5850.   3.3  13.5   0.940   4.3   0.6
  12 1965 101 19180.   0.8  11.5   0.720   4.5   2.1
  12 1965 102  6860.   3.9  11.7   0.940   4.0   1.9
  12 1965 103 15850.   1.2  10.7   0.750   2.3  12.9
  12 1965 104 11720.  -2.2  12.1   0.690   2.0   0.1
  12 1965 105  6140.   6.4  11.3   1.050   3.8   7.5
  12 1965 106 13570.   3.8  12.3   0.870   4.0   8.5
  12 1965 107  6250.   4.4  11.0   0.960   5.5   0.6
  12 1965 108 14790.   3.5   9.8   0.770   4.5  26.8
  12 1965 109 16320.   1.5   8.4   0.700   2.8   4.7
  12 1965 110 11420.   0.7  12.0   0.800   4.5   2.4
  12 1965 111  6470.   5.7  10.1   0.960   3.5   0.0
  12 1965 112 19110.   5.2  14.7   0.960   3.8   1.4
  12 1965 113  9370.   5.5  14.1   1.070   3.5   0.5
  12 1965 114 14640.   1.8  12.9   0.850   2.5   0.0
  12 1965 115 10570.   0.9  10.7   0.810   1.5   0.6
  12 1965 116  8620.   0.7  11.3   0.800   3.0   6.7
  12 1965 117 11640.   3.9  10.8   0.870   2.5   3.0
  12 1965 118 11160.   1.8  12.6   0.870   2.3   0.4
  12 1965 119  8240.   6.5  13.7   1.080   2.5  20.5
  12 1965 120 22580.   2.9  14.3   0.850   3.0   0.4
  12 1965 121 21990.   4.1  17.1   0.860   3.8   0.0
  12 1965 122 11550.   7.6  18.5   1.110   3.0   0.0
  12 1965 123 10370.  10.2  15.1   1.230   4.0   6.8
  12 1965 124  9880.  10.1  14.5   1.260   4.5  20.5
  12 1965 125 12960.   9.2  14.0   1.110   4.3   7.0
  12 1965 126 12050.   8.3  12.3   0.970   3.5   1.0
  12 1965 127  7260.   7.6  14.1   1.200   4.5   6.0
  12 1965 128  7300.  10.4  13.8   1.270   6.5   3.3
  12 1965 129 12080.  10.6  13.6   1.120   5.8  29.9
  12 1965 130 15750.   7.0  12.0   0.910   4.5   3.3
  12 1965 131 17490.   2.8  14.2   0.870   2.0   0.0
  12 1965 132 25530.   1.1  18.2   0.940   1.3   0.0
  12 1965 133 26160.   5.5  22.2   1.170   1.0   0.0
  12 1965 134 25530.   9.1  24.7   1.390   1.5   0.0
  12 1965 135 21660.  10.8  23.8   1.460   2.3   0.0
  12 1965 136  8890.  10.6  17.9   1.370   2.8   0.1
  12 1965 137 10200.  11.1  17.1   1.300   3.8   1.8
  12 1965 138 11510.   5.9  16.4   1.100   3.8   0.0
  12 1965 139 26270.   2.0  12.3   0.720   3.0   1.1
  12 1965 140 23070.  -0.1  12.7   0.700   2.0   0.0
  12 1965 141 18720.   1.3  16.3   0.710   2.8   1.8
  12 1965 142 20900.   7.9  19.5   0.820   3.5   0.0
  12 1965 143 13550.   8.6  20.8   1.090   3.0   0.0
  12 1965 144 22270.   9.0  19.9   1.240   2.5   0.7
  12 1965 145 12620.   6.5  16.4   1.190   1.5   3.3
  12 1965 146 14370.   4.9  17.0   1.130   1.8   3.9
  12 1965 147 12540.   4.4  16.1   1.070   3.5   0.9
  12 1965 148  8850.  10.5  16.9   1.240   5.5  12.3
  12 1965 149 24330.   8.5  17.2   1.140   4.5   0.1
  12 1965 150 11910.   7.7  14.1   1.040   2.8   0.0
  12 1965 151 11360.   7.2  13.8   1.090   1.8   0.0
  12 1965 152 22140.   7.1  19.0   1.070   3.8   5.3
  12 1965 153 29490.   6.5  18.7   1.010   3.0   0.0
  12 1965 154  9420.   7.3  12.9   1.000   2.8   0.0
  12 1965 155  8870.   7.1  13.0   0.950   2.8   0.7
  12 1965 156 11470.   5.7  19.5   1.180   2.3   0.0
  12 1965 157  8470.   9.7  16.9   1.390   1.5   0.2
  12 1965 158 20420.   6.6  20.7   1.200   3.0   1.9
  12 1965 159  8210.  12.1  17.5   1.520   2.3   0.8
  12 1965 160  8230.  11.5  16.4   1.470   2.8   2.6
  12 1965 161 26670.   9.6  19.1   1.280   3.8   0.4
  12 1965 162 12570.   8.3  17.0   1.140   1.8   0.0
  12 1965 163  8260.   8.2  18.8   1.330   2.3   5.2
  12 1965 164 11870.  13.9  20.6   1.660   1.8   0.6
  12 1965 165 11740.  10.8  20.7   1.540   1.3   0.0
  12 1965 166 16790.  10.9  25.3   1.730   2.8   0.1
  12 1965 167 11170.  13.0  19.7   1.490   4.0  12.8
  12 1965 168 20980.  10.9  17.7   1.260   4.5  52.7
  12 1965 169  8440.  11.3  18.7   1.430   7.0   3.4
  12 1965 170 23290.  10.5  18.8   1.270   3.5   3.5
  12 1965 171 23290.   8.1  20.7   1.250   2.5   0.0
  12 1965 172 25160.   7.5  24.2   1.280   3.3   0.0
  12 1965 173 12910.  13.8  19.7   1.660   4.5   0.4
  12 1965 174 18530.  12.6  20.5   1.430   4.5   5.4
  12 1965 175 16510.  11.4  19.2   1.290   4.0   0.7
  12 1965 176 24570.  12.4  25.4   1.530   3.8   0.0
  12 1965 177 22970.  11.5  18.9   1.140   3.8   0.0
  12 1965 178 24260.   7.6  18.4   1.140   2.3   0.0
  12 1965 179 27840.   4.9  20.6   1.090   1.8   0.1
  12 1965 180 13010.   7.4  20.8   1.260   3.3   0.0
  12 1965 181 24070.   9.0  20.4   1.260   4.3   0.0
  12 1965 182 24200.   7.0  17.1   0.940   3.3   0.0
  12 1965 183  9100.   5.9  17.4   1.070   3.5   0.0
  12 1965 184 15110.   7.3  15.4   1.000   3.0   0.0
  12 1965 185 20120.   6.4  15.9   1.040   2.0   0.5
  12 1965 186 18950.   5.4  16.5   0.940   3.5   1.4
  12 1965 187  8460.  10.8  16.8   1.250   3.8   3.5
  12 1965 188 10590.  11.1  18.7   1.310   3.3   0.9
  12 1965 189 13870.  10.0  16.0   1.230   3.3  30.6
  12 1965 190 15990.   8.6  16.4   1.120   2.8   1.4
  12 1965 191 15250.  10.2  17.1   1.270   3.0   1.5
  12 1965 192  8650.  13.0  19.0   1.550   5.3   1.8
  12 1965 193  8060.  15.3  18.3   1.740   3.3  17.6
  12 1965 194 23290.  14.3  23.1   1.750   2.0   6.1
  12 1965 195 14140.  13.3  23.2   1.760   1.5   0.0
  12 1965 196 20800.  13.8  21.9   1.700   3.3   0.0
  12 1965 197  7960.  13.1  15.7   1.510   4.0   2.3
  12 1965 198 22420.  13.8  22.1   1.570   4.0  14.5
  12 1965 199 14290.  11.0  17.2   1.340   2.3   0.0
  12 1965 200 20350.  14.1  23.4   1.690   1.8   0.0
  12 1965 201 16910.  16.4  25.7   2.050   2.0   0.0
  12 1965 202 10080.  13.2  19.8   1.670   2.3   6.2
  12 1965 203 10750.  12.1  19.1   1.560   2.5   1.3
  12 1965 204 12260.  12.0  18.1   1.470   4.8   7.6
  12 1965 205 22080.  10.1  19.2   1.220   5.3  13.6
  12 1965 206 20620.  10.1  18.5   1.260   5.5   0.0
  12 1965 207  7650.  13.4  16.4   1.440   3.5   0.7
  12 1965 208  7750.  12.8  16.6   1.390   4.5   7.8
  12 1965 209  7580.  12.8  16.3   1.490   6.3   8.2
  12 1965 210  7540.  13.4  18.7   1.570   7.3  10.4
  12 1965 211 16280.   8.1  16.0   1.100   3.3   4.8
  12 1965 212 22070.   8.1  17.2   1.030   3.0   0.1
  12 1965 213 20470.   8.7  18.0   1.180   3.5   0.0
  12 1965 214 18470.  10.4  19.3   1.290   4.8   0.1
  12 1965 215 12180.  12.7  18.4   1.490   3.3  15.6
  12 1965 216 17510.  11.7  20.3   1.530   2.8   0.3
  12 1965 217 23640.  11.6  27.6   1.760   3.5   0.0
  12 1965 218 14080.  12.8  20.9   1.440   2.8   1.0
  12 1965 219 14840.  12.0  19.8   1.340   2.5   0.0
  12 1965 220 13270.  10.6  18.8   1.370   1.8   7.8
  12 1965 221 14300.   9.9  17.6   1.180   2.5   1.8
  12 1965 222 19400.   7.8  20.5   1.050   3.3   0.0
  12 1965 223 22300.  10.8  21.6   1.160   3.0   0.0
  12 1965 224 25190.   8.2  21.5   1.130   3.3   0.0
  12 1965 225 24280.  11.0  23.3   1.230   4.0   0.0
  12 1965 226 24040.  11.5  24.7   1.250   2.8   0.0
  12 1965 227  6790.  12.6  16.9   1.440   1.0   0.0
  12 1965 228 17020.  11.0  24.8   1.730   1.3   2.9
  12 1965 229 16540.  12.0  24.2   1.710   2.3   0.1
  12 1965 230 17780.  12.9  23.1   1.610   1.8   0.0
  12 1965 231 14790.  11.1  22.6   1.600   2.0   0.0
  12 1965 232  8510.   8.0  19.5   1.400   1.8   0.4
  12 1965 233  6490.   7.7  16.0   1.210   3.5   3.6
  12 1965 234  6700.  12.1  16.9   1.500   1.5   2.4
  12 1965 235  7810.   9.2  19.6   1.530   1.8  11.1
  12 1965 236 12810.  10.5  19.3   1.420   4.0  25.0
  12 1965 237 15700.  10.4  17.0   1.210   3.8  14.9
  12 1965 238 12140.   9.7  18.0   1.280   3.0   5.1
  12 1965 239 14870.   6.2  19.0   1.210   1.5   3.9
  12 1965 240 14780.   4.1  19.6   1.140   3.3   0.1
  12 1965 241 16720.   9.0  17.4   1.220   3.0  11.3
  12 1965 242 17620.   9.0  18.0   1.180   2.8   2.9
  12 1965 243  7320.   8.4  14.8   1.240   2.3   3.2
  12 1965 244 17900.   7.4  17.4   1.180   2.5  10.5
  12 1965 245  9810.   8.9  16.5   1.320   3.8   0.2
  12 1965 246  8620.  11.5  17.5   1.440   5.3  31.8
  12 1965 247  9410.  11.5  17.5   1.420   4.3  10.9
  12 1965 248  8110.   6.9  15.5   1.150   1.5   0.3
  12 1965 249  6570.   5.1  14.4   1.120   0.8   0.8
  12 1965 250  8930.   4.1  16.4   1.110   2.8   5.3
  12 1965 251  8130.  10.3  18.1   1.330   6.3   0.1
  12 1965 252 13570.   8.3  15.4   1.130   3.5   7.5
  12 1965 253 16570.   7.0  16.2   1.130   4.5   2.1
  12 1965 254  5300.   7.9  12.3   1.090   3.0   0.2
  12 1965 255  9600.   8.7  16.9   1.320   2.0   0.6
  12 1965 256  7520.   6.6  16.8   1.220   1.5   0.0
  12 1965 257 13610.   5.5  18.2   1.220   1.5   0.1
  12 1965 258  9920.   7.2  19.9   1.380   1.8   0.1
  12 1965 259 14070.   8.9  21.7   1.440   2.8   0.1
  12 1965 260  5400.  13.4  20.0   1.660   4.3   0.0
  12 1965 261  4880.  10.1  20.0   1.390   4.5   0.0
  12 1965 262 15510.   4.3  18.3   1.100   1.8   3.3
  12 1965 263 13700.   2.7  18.3   1.070   1.3   0.1
  12 1965 264 13910.   3.8  18.9   1.140   1.0   0.1
  12 1965 265 14220.   5.9  20.9   1.320   1.0   0.1
  12 1965 266 11460.   5.0  20.5   1.300   2.0   0.2
  12 1965 267 12760.  10.9  22.7   1.480   3.8   0.1
  12 1965 268 11020.  14.0  23.6   1.460   3.8   0.0
  12 1965 269  4400.   9.7  16.0   1.290   2.5   0.1
  12 1965 270  9000.   6.3  19.0   1.250   1.5   0.6
  12 1965 271 10370.   6.4  17.0   1.240   2.8   0.3
  12 1965 272  6310.   8.7  15.6   1.230   3.0   2.3
  12 1965 273  4160.   9.4  14.7   1.320   2.5   0.2
  12 1965 274 11780.   8.3  18.2   1.310   2.0   6.0
  12 1965 275  6380.   8.9  16.4   1.320   2.3   0.0
  12 1965 276  7710.   7.3  16.4   1.240   2.0   0.2
  12 1965 277 12900.   7.3  20.4   1.350   2.3   0.1
  12 1965 278 12170.   9.4  21.9   1.510   2.3   0.2
  12 1965 279  9690.   9.4  20.4   1.540   1.5   0.3
  12 1965 280  7830.  10.3  21.8   1.750   2.3   0.2
  12 1965 281  3700.  10.3  14.3   1.220   2.8   0.1
  12 1965 282 10210.   5.2  14.6   0.960   3.3   0.0
  12 1965 283 12540.   3.2  13.9   0.900   2.3   0.0
  12 1965 284  3520.   3.7  14.0   1.020   1.3   0.0
  12 1965 285  3470.   4.9  13.8   1.010   1.0   0.0
  12 1965 286  9910.   1.6  16.5   0.990   0.8   0.0
  12 1965 287  5890.   2.1  15.8   1.090   2.0   0.1
  12 1965 288  3300.   5.0  13.0   1.090   1.8   0.4
  12 1965 289  8840.   1.6  14.7   0.970   1.3   7.3
  12 1965 290  3540.   1.6  12.8   0.860   1.3   0.2
  12 1965 291  7650.   2.6  13.7   0.950   2.5   0.0
  12 1965 292 10900.   4.6  13.6   0.930   3.8   0.1
  12 1965 293 10260.   4.0  14.8   0.860   3.0   0.0
  12 1965 294  9620.   2.8  15.0   0.840   2.5   0.0
  12 1965 295 10160.   1.7  12.6   0.800   1.8   0.0
  12 1965 296  9620.  -0.1  12.1   0.730   2.3   0.1
  12 1965 297  9490.   0.8  13.6   0.740   2.5   0.1
  12 1965 298  9120.   0.7  14.5   0.840   2.0   0.0
  12 1965 299  9000.   0.0  15.4   0.940   1.5   0.1
  12 1965 300  6680.   5.8  16.5   1.130   3.5   0.1
  12 1965 301  7980.  10.9  19.0   1.450   4.5   0.0
  12 1965 302  7720.   6.7  13.6   0.970   4.0   1.0
  12 1965 303  2910.   6.0  12.3   0.950   5.5   0.0
  12 1965 304  2490.   7.2  12.4   0.990   6.3   2.9
  12 1965 305  3260.   9.1  14.9   1.110   8.5   6.1
  12 1965 306  3130.   3.0  10.3   0.780   3.3   6.5
  12 1965 307  5530.   0.7   9.0   0.770   1.8   8.8
  12 1965 308  7950.  -1.6  11.2   0.740   0.8   1.7
  12 1965 309  6360.  -2.0  12.5   0.750   0.5   0.0
  12 1965 310  7940.  -2.1   9.8   0.630   3.8   0.0
  12 1965 311  7070.   3.3  17.7   0.930   2.5   0.1
  12 1965 312  5680.   5.6  13.4   1.080   1.8   0.1
  12 1965 313  4860.   1.7  11.5   0.910   1.8   0.2
  12 1965 314  2060.   5.5   7.9   0.950   2.8   0.1
  12 1965 315  2030.   4.0   8.1   0.830   4.0   0.5
  12 1965 316  5750.  -1.5   5.2   0.480   4.8   0.1
  12 1965 317  6820.  -4.7   1.3   0.410   3.8   0.0
  12 1965 318  6030.  -6.6  -0.3   0.380   2.5   0.0
  12 1965 319  6510.  -8.0   0.2   0.380   1.5   0.0
  12 1965 320  4750.  -7.7  -0.3   0.350   5.3   0.1
  12 1965 321  1820.  -3.7   1.4   0.440   4.8   0.0
  12 1965 322  2020.   0.3   4.7   0.690   3.0   8.8
  12 1965 323  1750.  -2.0   1.8   0.570   3.3   2.6
  12 1965 324  1720.  -2.4  -0.9   0.510   4.3   4.4
  12 1965 325  1690.  -2.5   0.9   0.520   3.8   1.8
  12 1965 326  5180.  -7.1   2.4   0.450   1.5   0.6
  12 1965 327  1640.  -5.6   1.0   0.470   5.3   0.4
  12 1965 328  1670.   0.1   5.7   0.630   5.3   7.3
  12 1965 329  1580.  -1.5   6.8   0.670   6.0   5.8
  12 1965 330  4810.   1.6   6.3   0.660   4.3   7.6
  12 1965 331  2080.   0.0   5.9   0.690   4.0   1.7
  12 1965 332  2810.   1.3   6.5   0.640   4.5  12.3
  12 1965 333  1490.  -0.3   8.2   0.730   6.5   0.3
  12 1965 334  1890.   0.7   5.5   0.650   7.0  25.0
  12 1965 335  2660.   2.4   6.7   0.710   3.8  24.0
  12 1965 336  1430.   0.0   6.3   0.700   5.0   0.6
  12 1965 337  1410.   3.0   7.1   0.780   4.5   5.4
  12 1965 338  2570.   3.0   6.6   0.800   2.8   2.5
  12 1965 339  1380.   3.8  12.2   0.970   6.0   6.3
  12 1965 340  3080.   4.3   6.4   0.700   5.8  12.7
  12 1965 341  1550.   0.8   5.1   0.670   3.0   1.4
  12 1965 342  3670.  -0.1   4.9   0.650   6.0   6.7
  12 1965 343  1320.   3.3   9.4   0.860  10.5   6.8
  12 1965 344  1450.   2.6   7.3   0.720   6.3  29.9
  12 1965 345  2660.   2.5   5.9   0.680   3.3   3.5
  12 1965 346  1290.   2.3   4.9   0.740   2.3   0.8
  12 1965 347  1280.   3.9   9.5   0.940   3.5   7.6
  12 1965 348  2090.   0.6   8.3   0.790   2.3   7.5
  12 1965 349  2080.   2.2   5.3   0.700   3.5   0.0
  12 1965 350  1260.   1.8   7.0   0.750   2.8   0.0
  12 1965 351  1250.   5.5  11.2   1.040   5.8   0.2
  12 1965 352  1250.  11.2  12.6   1.280  10.3  23.9
  12 1965 353  1240.   4.1  12.2   1.000   4.0  22.7
  12 1965 354  1240.   1.9   5.8   0.760   1.8  10.0
  12 1965 355  2950.   1.9   7.0   0.760   3.3   0.1
  12 1965 356  1900.   2.6   6.8   0.760   2.8   5.7
  12 1965 357  1240.   0.4   4.4   0.650   4.0   0.0
  12 1965 358  1240.   2.4   6.3   0.780   3.3  15.7
  12 1965 359  1240.  -0.7   5.3   0.670   2.3   3.0
  12 1965 360  4010.  -0.8   5.2   0.620   2.8   0.3
  12 1965 361  1250.  -4.1   1.4   0.530   1.5   0.0
  12 1965 362  3410.  -2.9   3.5   0.570   1.8   0.3
  12 1965 363  3230.  -1.1   1.3   0.530   6.8   1.5
  12 1965 364  1410.  -0.3   5.1   0.660   4.5   3.9
  12 1965 365  1860.   2.7   8.6   0.830   4.3   1.8
