*---------------------------------------------------------------------------*
* Station name: de Bilt, the Netherlands
* Year: 1985                                              -99.000: NIL VALUE
* Author: -
* Source: KNMI, de Bilt
* Comments: WMO identification - 6260
* 
* Longitude: 5 12 N, latitude: 52 06 E, altitude: 2 m.
* 
* Column  Daily value
* 1       station number
* 2       year
* 3       day
* 4       irradiation                   (kJ m-2 d-1)
* 5       minimum temperature           (degrees Celsius)
* 6       maximum temperature           (degrees Celsius)
* 7       early morning vapour pressure (kPa)
* 8       mean wind speed               (m s-1)
* 9       precipitation                 (mm d-1)
*---------------------------------------------------------------------------*
5.2 52.1 2. 0. 0.
  12 1985   1  1440.   0.5   6.3   0.680   5.5   6.5
  12 1985   2  2380.  -3.8   1.8   0.520   1.8   1.7
  12 1985   3  1560.  -3.5   1.1   0.540   2.0   0.0
  12 1985   4  2660. -13.3   6.6   0.440   1.8   1.0
  12 1985   5  3880. -14.4  10.3   0.480   1.5   0.0
  12 1985   6  1350. -12.6   8.4   0.500   5.5   0.0
  12 1985   7  4760. -17.3  11.2   0.410   2.8   1.2
  12 1985   8  1540. -18.3  17.0   0.520   4.5   0.0
  12 1985   9  1400.  -8.5   4.4   0.490   3.3   0.7
  12 1985  10  1420. -15.6   8.1   0.440   2.3   0.2
  12 1985  11  1440.  -7.6   3.7   0.510   2.0   0.7
  12 1985  12  1930.  -7.9   2.8   0.470   3.8   0.4
  12 1985  13  3880. -11.2   7.6   0.500   3.5   0.1
  12 1985  14  1930. -12.4  11.1   0.540   4.3   0.0
  12 1985  15  1520. -11.2   9.8   0.510   2.3   0.0
  12 1985  16  1550. -13.4  10.2   0.490   1.0   0.0
  12 1985  17  1570.  -9.7   7.3   0.520   1.3   0.5
  12 1985  18  2610. -11.9   9.6   0.510   3.0   0.0
  12 1985  19  1620.  -9.9   6.8   0.520   2.3   0.0
  12 1985  20  1650.  -8.2   6.7   0.560   2.3   0.0
  12 1985  21  1680.  -3.7   5.5   0.620   5.3   0.0
  12 1985  22  2590.   0.2   6.7   0.700   4.8   9.2
  12 1985  23  3230.  -1.0   3.6   0.600   3.8   0.3
  12 1985  24  4060.  -1.2   3.6   0.600   6.5   0.4
  12 1985  25  1800.   1.5   5.1   0.740   4.0   5.9
  12 1985  26  1840.  -1.9   2.5   0.610   2.3   4.8
  12 1985  27  5930.  -4.2   2.9   0.530   3.3   0.1
  12 1985  28  3170.  -1.5   2.4   0.560   3.8   0.0
  12 1985  29  1940.   1.0   8.9   0.840   5.3   0.0
  12 1985  30  5730.   4.2   9.2   0.910   4.5   5.9
  12 1985  31  2020.   5.6   8.7   0.840   5.8   1.2
  12 1985  32  2120.   6.8  11.6   1.050   5.8   1.7
  12 1985  33  4180.   3.2   9.9   0.800   4.5   0.0
  12 1985  34  5880.  -0.1   7.8   0.640   1.8   0.0
  12 1985  35  5830.  -1.7   8.9   0.620   1.8   0.0
  12 1985  36  6960.  -2.6   9.3   0.600   1.3   0.0
  12 1985  37  2260.  -2.3   5.6   0.640   1.5   0.0
  12 1985  38  6520.  -4.0   2.2   0.480   4.5   0.0
  12 1985  39  2350.  -3.8   3.3   0.410   6.8   0.0
  12 1985  40  2390.  -6.6   3.6   0.390   6.8   0.1
  12 1985  41  8670.  -9.5   6.5   0.420   5.3   0.0
  12 1985  42  8800.  -9.1   7.2   0.390   5.3   0.0
  12 1985  43  8850. -11.4   9.0   0.350   4.5   0.0
  12 1985  44  8590. -11.0   8.5   0.360   2.5   0.0
  12 1985  45  8630. -11.2   8.6   0.430   4.8   0.0
  12 1985  46  9380. -11.8   7.4   0.320   1.8   0.0
  12 1985  47  6720.  -9.4   5.6   0.420   1.3   0.0
  12 1985  48  4960.  -5.5   2.5   0.490   3.5   0.0
  12 1985  49 10270.  -9.8   5.4   0.360   2.8   0.0
  12 1985  50 10160. -13.9   9.2   0.330   2.8   0.0
  12 1985  51  2930.  -7.4   5.6   0.330   2.8   0.0
  12 1985  52  2990.  -0.2   4.3   0.600   1.8   0.0
  12 1985  53  3040.   0.7   2.9   0.640   1.5   0.4
  12 1985  54  3100.  -0.9   4.0   0.580   3.5   0.0
  12 1985  55  9360.  -2.1  11.0   0.750   1.5   0.4
  12 1985  56  6570.  -2.3  12.7   0.650   2.5   0.0
  12 1985  57  4600.  -0.5   8.2   0.680   2.3   0.0
  12 1985  58  3320.  -0.3   2.9   0.660   1.5   0.0
  12 1985  59  3370.   0.4   2.4   0.640   2.0   0.0
  12 1985  60  3430.  -0.8   5.4   0.700   3.3   0.0
  12 1985  61  3490.   3.2   6.7   0.800   3.0   2.2
  12 1985  62  6190.   2.0  10.3   0.830   4.8   0.0
  12 1985  63  3610.   3.5   8.7   0.890   2.3   2.1
  12 1985  64  7410.   0.4  10.2   0.830   1.5   4.1
  12 1985  65  4890.  -0.1   6.6   0.760   1.5   0.0
  12 1985  66  3780.   0.5   4.6   0.700   1.8   0.0
  12 1985  67  5330.   2.6  10.5   0.880   2.5   0.0
  12 1985  68  4000.   0.6   7.8   0.760   0.8   0.0
  12 1985  69  8500.  -2.2  10.4   0.720   3.8   0.0
  12 1985  70 10740.   2.0   8.1   0.720   5.0   2.4
  12 1985  71 11580.  -1.0   7.1   0.620   1.8   0.0
  12 1985  72  4250.  -1.4   4.6   0.640   2.5   0.0
  12 1985  73  8600.   0.5   7.0   0.710   3.3   2.1
  12 1985  74  9120.  -1.7   5.5   0.620   2.5   3.7
  12 1985  75  6460.  -0.8   5.8   0.610   4.5   0.4
  12 1985  76  6960.  -1.4   3.8   0.530   4.8   0.0
  12 1985  77 14180.  -2.9   5.2   0.500   3.3   0.0
  12 1985  78  4510.  -3.3   1.9   0.550   2.5   0.0
  12 1985  79  4580.  -1.4   2.5   0.600   1.8   1.4
  12 1985  80 13490.  -2.3  11.1   0.640   5.0   0.4
  12 1985  81  9380.   3.8  10.9   0.780   4.5   0.0
  12 1985  82  4990.   4.6   7.9   0.850   4.0   0.4
  12 1985  83  5840.   3.7   9.4   0.850   3.8   0.6
  12 1985  84  6140.   3.1  10.6   0.810   3.3   1.8
  12 1985  85  5180.   4.8   9.2   0.930   2.8   2.8
  12 1985  86  8710.   1.5   8.6   0.700   4.8   6.5
  12 1985  87  9610.   1.8   6.3   0.650   4.8   0.0
  12 1985  88  5130.   4.9   8.1   0.710   7.0   0.6
  12 1985  89  5190.   7.2  11.2   0.990   6.5   2.5
  12 1985  90  9650.   8.8  13.6   1.130   5.0   7.6
  12 1985  91  6750.   8.2  18.4   1.210   6.8   9.1
  12 1985  92  7900.   6.3  12.8   0.950   4.5   4.2
  12 1985  93 10520.   8.4  20.3   1.260   3.3   0.0
  12 1985  94 14380.   9.8  20.0   1.200   2.8   0.0
  12 1985  95  5560.   9.6  15.0   1.220   3.5   0.0
  12 1985  96 10170.   6.2  15.7   1.030   3.3   2.0
  12 1985  97  8770.   7.6  11.4   1.020   5.5   8.6
  12 1985  98  8100.   8.3  13.6   1.000   7.8   3.0
  12 1985  99  9670.   4.3  12.0   0.900   3.3   0.3
  12 1985 100 14020.   3.0  12.2   0.910   2.3   0.0
  12 1985 101  5910.   1.2  10.1   0.810   6.3   0.0
  12 1985 102  5970.   4.6   7.9   0.870   4.5  10.9
  12 1985 103  9850.   4.1  10.4   0.870   5.5   4.1
  12 1985 104  6340.   5.5   9.3   0.920   4.5  15.6
  12 1985 105 14510.   6.2  11.7   0.940   3.8   1.9
  12 1985 106  6330.   4.8  13.9   1.070   2.3   1.2
  12 1985 107  9110.   4.0  15.7   1.110   1.3   0.0
  12 1985 108 15180.   3.5  17.0   0.990   2.5   0.0
  12 1985 109 20640.   5.5  19.1   0.920   3.0   0.0
  12 1985 110 13520.   1.2  11.2   0.690   2.8   0.0
  12 1985 111 22180.  -0.8  14.4   0.680   4.0   0.0
  12 1985 112 22030.   4.8  15.4   0.920   5.3   0.0
  12 1985 113 14160.   2.7   9.7   0.680   5.3   0.0
  12 1985 114 22380.  -1.7  10.7   0.540   3.0   0.0
  12 1985 115 11370.   0.2   8.4   0.630   3.8   0.8
  12 1985 116 15200.  -0.1   7.9   0.580   4.5   0.0
  12 1985 117  8670.   1.7   7.4   0.690   5.5   3.0
  12 1985 118 17250.   1.6   9.3   0.710   5.0   4.7
  12 1985 119 15430.   1.5   9.9   0.680   2.5   1.0
  12 1985 120  6940.   1.9  10.1   0.810   2.5   0.0
  12 1985 121 13400.   5.2  10.2   0.830   5.5   1.5
  12 1985 122  9220.   4.2   7.9   0.790   4.0   3.1
  12 1985 123  7080.   4.1   9.3   0.800   1.8   2.6
  12 1985 124  7130.   5.5   8.7   0.890   2.8   0.0
  12 1985 125  7170.   5.8  13.1   0.950   3.0   0.5
  12 1985 126 14960.   5.8  20.0   0.970   4.0   0.0
  12 1985 127  8090.   9.2  20.6   1.240   4.8   0.0
  12 1985 128 15220.  12.1  20.5   1.350   3.0   0.0
  12 1985 129 12490.   7.5  16.9   1.250   2.8   0.0
  12 1985 130  7390.   8.3  10.7   1.090   2.0   0.0
  12 1985 131  8970.   8.8  15.3   1.150   4.3   0.1
  12 1985 132 15870.   9.1  20.6   1.370   4.8   0.0
  12 1985 133  9750.   8.7  18.4   1.450   2.8  12.8
  12 1985 134  9650.   9.1  17.2   1.330   4.3   0.0
  12 1985 135 20950.   8.3  19.2   1.200   1.8   0.0
  12 1985 136 12840.   9.1  21.2   1.330   2.5   0.0
  12 1985 137 25730.  10.4  20.8   1.190   4.3   0.0
  12 1985 138 22400.   8.3  20.2   1.170   3.3   0.0
  12 1985 139 18910.   9.8  23.8   1.490   2.8   0.0
  12 1985 140 11160.  10.7  18.6   1.520   1.5   5.6
  12 1985 141 10920.   9.2  21.4   1.580   1.5   2.3
  12 1985 142  7830.   8.8  13.1   1.200   3.0   8.6
  12 1985 143  7860.   6.4  11.7   1.030   1.8   0.0
  12 1985 144 10170.   6.3  20.1   1.170   2.8   0.0
  12 1985 145 20030.  12.0  22.7   1.450   2.0   0.0
  12 1985 146 25920.  11.4  28.5   1.590   2.3   0.0
  12 1985 147 23540.  13.7  29.0   1.810   3.8   0.7
  12 1985 148 21430.  10.3  19.8   1.300   3.0   0.0
  12 1985 149 25190.   7.0  17.0   0.980   4.5   0.0
  12 1985 150 29090.   8.0  19.5   1.010   4.8   0.0
  12 1985 151 24980.   7.2  21.1   1.150   4.0   0.0
  12 1985 152 27020.  10.2  23.4   1.320   3.8   0.0
  12 1985 153 29350.  10.1  25.2   1.230   4.0   0.0
  12 1985 154 28950.   9.9  27.4   1.330   2.3   0.0
  12 1985 155 27830.  11.2  29.5   1.410   2.5   0.0
  12 1985 156  8170.  11.2  17.1   1.470   2.8   5.7
  12 1985 157  8620.  11.7  18.7   1.560   1.8   0.0
  12 1985 158 11940.   8.0  18.7   1.370   3.5   1.8
  12 1985 159 21450.   7.6  14.1   0.920   3.5  14.0
  12 1985 160 11540.   7.6  15.7   1.100   4.0   0.7
  12 1985 161 16450.   8.4  14.7   1.130   3.8   4.2
  12 1985 162 12570.   8.2  15.1   1.100   4.8   0.2
  12 1985 163 18060.   9.3  14.9   1.100   5.0   5.3
  12 1985 164 14610.   8.5  14.5   1.130   3.5  17.0
  12 1985 165  9720.   5.2  12.8   1.020   1.5   8.8
  12 1985 166 27160.   4.9  14.9   0.920   3.0   2.0
  12 1985 167 14490.   3.5  14.3   0.940   2.0   0.0
  12 1985 168 24000.   6.2  18.2   0.970   2.5   2.3
  12 1985 169 14500.   9.7  19.3   1.160   2.0   0.0
  12 1985 170 10320.   9.6  18.5   1.300   1.8   0.0
  12 1985 171  8880.  11.9  16.7   1.520   2.5   7.4
  12 1985 172 13350.  11.3  19.0   1.450   3.0   0.6
  12 1985 173 14350.  10.5  18.0   1.330   2.5  12.5
  12 1985 174 10030.  10.0  16.8   1.250   2.3   0.0
  12 1985 175  9590.   9.4  18.4   1.430   2.3   1.6
  12 1985 176 19380.  12.1  18.2   1.380   2.0   1.1
  12 1985 177 10020.   9.5  15.4   1.330   2.0   4.4
  12 1985 178 18070.   8.6  16.7   1.260   3.3   3.4
  12 1985 179  8420.  10.5  16.7   1.260   3.5   1.4
  12 1985 180  8550.  11.4  17.5   1.450   3.0   0.2
  12 1985 181 17030.  12.4  20.1   1.540   2.5   0.3
  12 1985 182 13420.  12.7  20.7   1.600   2.0   0.3
  12 1985 183 17720.  11.5  21.4   1.480   1.8   1.6
  12 1985 184 27610.  11.0  24.2   1.390   2.8   0.0
  12 1985 185 28590.  13.5  27.2   1.410   3.5   0.0
  12 1985 186 17660.  16.6  27.6   1.950   2.3   0.0
  12 1985 187 18930.   9.8  20.6   1.350   2.5   0.0
  12 1985 188 27640.   7.8  20.7   1.150   2.0   0.0
  12 1985 189 18450.   9.1  19.8   1.250   3.0   0.0
  12 1985 190 13560.  13.0  21.6   1.600   3.3   0.0
  12 1985 191 15680.   9.7  19.4   1.310   2.5   0.4
  12 1985 192 17080.   8.9  22.5   1.270   3.0   0.0
  12 1985 193 17190.  14.6  23.6   1.680   3.0   0.0
  12 1985 194 22720.  14.1  28.5   1.600   2.3   0.0
  12 1985 195 17130.  18.1  30.1   2.050   4.0   0.0
  12 1985 196 21650.  12.1  20.7   1.330   2.3   0.0
  12 1985 197  8240.  12.8  17.8   1.460   2.3   0.7
  12 1985 198 22140.   8.6  23.9   1.410   2.3   0.9
  12 1985 199 10460.  12.6  22.8   1.720   3.3   0.0
  12 1985 200 10290.  12.2  18.9   1.520   3.0  19.2
  12 1985 201 16620.  11.1  18.9   1.380   3.5   1.2
  12 1985 202 24920.  10.8  18.9   1.220   3.5   1.0
  12 1985 203  7780.  11.6  18.2   1.540   5.5   3.6
  12 1985 204 22410.  10.5  21.0   1.420   1.8   2.6
  12 1985 205 26440.   8.9  25.6   1.520   1.8   0.0
  12 1985 206 22720.  13.8  27.2   1.690   2.8   0.0
  12 1985 207  8630.  16.6  23.0   2.080   3.3   1.6
  12 1985 208 17420.  15.0  20.9   1.670   4.0   3.3
  12 1985 209  8840.  14.0  22.4   1.820   2.3   0.0
  12 1985 210 13260.  13.9  21.5   1.680   4.8  25.8
  12 1985 211  7500.  13.9  16.9   1.610   4.5   8.4
  12 1985 212 11080.  11.6  20.2   1.540   2.3  16.6
  12 1985 213  8810.  10.8  19.2   1.540   2.8   1.6
  12 1985 214  8210.  10.8  18.6   1.410   4.5   1.9
  12 1985 215 15640.  10.0  19.0   1.340   4.3   1.6
  12 1985 216  8130.  11.4  17.0   1.410   5.3   5.5
  12 1985 217 11110.  12.0  18.2   1.430   4.5   9.6
  12 1985 218 21220.  10.4  18.5   1.290   2.8   2.5
  12 1985 219 16890.  10.2  20.0   1.370   3.5   0.6
  12 1985 220 20510.  13.5  20.4   1.490   2.8   0.5
  12 1985 221 16070.  14.3  25.7   1.900   2.3   0.0
  12 1985 222 12470.  11.1  17.6   1.440   3.8   5.7
  12 1985 223 15250.   8.8  21.7   1.390   4.0   2.9
  12 1985 224 21000.  11.0  20.7   1.410   2.8   0.7
  12 1985 225 17540.  11.1  23.6   1.530   2.3   0.0
  12 1985 226 17050.  13.5  27.9   1.960   2.5   0.0
  12 1985 227 20320.   9.9  22.6   1.410   1.8  15.1
  12 1985 228 11020.  10.5  20.4   1.550   1.5   0.0
  12 1985 229  9490.   9.5  17.2   1.430   1.5   9.0
  12 1985 230 12740.   8.8  20.7   1.410   2.0  13.6
  12 1985 231  8710.  14.1  20.1   1.700   4.0   3.6
  12 1985 232 11680.  14.1  20.3   1.610   4.0   0.6
  12 1985 233 21710.  12.1  20.9   1.480   3.0   2.2
  12 1985 234 12320.  12.9  20.0   1.610   2.5   5.5
  12 1985 235  8330.  12.8  19.1   1.490   2.5   0.1
  12 1985 236  6330.  12.4  16.6   1.450   4.5   0.0
  12 1985 237 16870.  10.9  18.7   1.380   3.3   1.6
  12 1985 238  7760.   8.9  16.8   1.350   2.0   0.9
  12 1985 239 19610.   7.4  19.7   1.230   2.5   2.2
  12 1985 240 21160.  10.3  23.4   1.480   1.5   0.0
  12 1985 241 17860.  11.0  25.9   1.700   0.8   0.0
  12 1985 242 19770.  12.9  25.1   1.630   2.3   0.0
  12 1985 243  6820.  15.6  20.7   1.840   2.8   0.0
  12 1985 244 14770.  11.6  18.7   1.330   4.8   3.6
  12 1985 245  9060.  12.0  18.3   1.310   2.8   0.7
  12 1985 246  9980.  12.9  18.7   1.560   3.8   3.6
  12 1985 247  8300.  12.2  17.2   1.390   3.0   8.2
  12 1985 248  6270.  11.3  17.6   1.370   4.3   2.2
  12 1985 249 16820.   8.4  15.5   1.010   4.3   1.4
  12 1985 250  9180.   6.6  15.3   1.030   3.0   1.7
  12 1985 251  5480.  10.0  15.7   1.380   1.5   7.5
  12 1985 252 17170.   6.0  16.3   1.040   1.8   0.4
  12 1985 253 12990.   5.4  19.7   1.220   1.8   0.0
  12 1985 254  9570.  11.3  22.3   1.670   1.0   0.0
  12 1985 255 16310.   9.6  23.4   1.520   2.3   0.0
  12 1985 256  7870.   7.1  17.6   1.250   2.3   0.1
  12 1985 257  7910.   4.8  16.2   1.080   4.0   0.0
  12 1985 258 12570.  11.1  16.7   1.300   3.3   2.8
  12 1985 259  5120.   9.6  15.8   1.250   6.0   1.4
  12 1985 260  5170.  12.1  18.5   1.620   2.5   3.9
  12 1985 261  5900.  10.3  20.7   1.660   1.8   4.1
  12 1985 262 13030.  12.2  24.1   1.790   4.0   0.0
  12 1985 263  4760.  10.8  17.9   1.520   1.8   0.0
  12 1985 264  5590.   9.8  22.0   1.560   4.5   0.3
  12 1985 265  6180.  13.4  20.2   1.780   2.8   6.4
  12 1985 266 10040.   9.8  19.9   1.470   2.0   1.4
  12 1985 267  5710.   9.4  18.9   1.470   1.5   0.0
  12 1985 268  7150.   6.8  19.0   1.330   1.0   0.0
  12 1985 269 11130.  10.4  20.3   1.500   0.8   0.0
  12 1985 270 13340.   7.9  21.1   1.420   1.0   0.0
  12 1985 271  6280.   8.9  18.3   1.450   1.3   0.0
  12 1985 272 14740.   6.9  19.5   1.230   1.3   0.0
  12 1985 273 12430.   8.1  22.8   1.560   1.5   0.0
  12 1985 274 13730.  12.1  23.6   1.660   2.8   0.0
  12 1985 275  8410.  14.2  21.3   1.730   3.3   0.0
  12 1985 276  7210.  15.8  23.2   1.820   2.8   0.0
  12 1985 277  7320.  13.4  18.8   1.540   2.8   0.1
  12 1985 278 12170.   7.3  19.3   1.300   2.0   0.8
  12 1985 279 10270.   8.7  20.2   1.330   3.3   0.0
  12 1985 280  3750.  12.1  17.7   1.420   3.3   0.0
  12 1985 281  7440.   8.5  13.8   1.110   3.8  16.7
  12 1985 282  5070.   9.1  15.3   1.190   3.8   4.7
  12 1985 283  5650.   9.6  15.9   1.240   4.3   0.5
  12 1985 284  3520.   8.7  17.4   1.350   2.5   0.0
  12 1985 285  8550.   5.3  15.9   1.090   1.3   0.0
  12 1985 286 11740.   3.2  16.0   1.040   1.3   0.0
  12 1985 287  8250.   4.3  17.0   1.140   2.3   0.0
  12 1985 288  3480.  12.3  14.7   1.440   2.0   0.5
  12 1985 289  3250.  11.3  13.2   1.360   1.8   0.8
  12 1985 290  3190.  10.8  14.2   1.330   0.8   0.4
  12 1985 291  3140.   8.5  13.0   1.210   1.5   0.0
  12 1985 292  6440.   4.4  14.0   1.040   1.5   0.1
  12 1985 293  8980.   2.8  13.6   0.920   2.0   0.0
  12 1985 294 10460.   2.0  14.7   0.900   2.3   0.0
  12 1985 295  9160.   2.1  12.6   0.850   4.0   0.0
  12 1985 296  9450.   4.2  12.5   0.840   3.3   0.0
  12 1985 297  9980.   2.5  14.2   0.730   3.3   0.0
  12 1985 298  8880.   1.0  10.1   0.760   2.3   0.0
  12 1985 299  8370.  -0.7  10.7   0.780   1.5   0.1
  12 1985 300  2680.   1.5   4.3   0.750   1.5   0.1
  12 1985 301  3250.   3.3  10.7   0.940   1.3   0.0
  12 1985 302  3500.   2.0   9.1   0.870   2.5   4.5
  12 1985 303  2530.   2.3   4.6   0.740   2.0   0.0
  12 1985 304  2490.   2.1   2.9   0.660   1.5   0.0
  12 1985 305  2440.   2.4   7.2   0.780   2.8   0.0
  12 1985 306  4010.   2.3   8.1   0.770   2.8   6.1
  12 1985 307  7480.  -1.6   8.3   0.610   2.0   2.4
  12 1985 308  6740.  -2.8   7.4   0.610   3.5   0.0
  12 1985 309  2270.   6.3  14.4   1.060   6.3   2.1
  12 1985 310  5430.   2.9   8.8   0.630   6.3  17.0
  12 1985 311  4250.   2.7  12.0   0.820   3.5   3.3
  12 1985 312  2140.   2.5  12.9   1.000   4.8   0.3
  12 1985 313  5190.   9.3  15.7   1.150   7.0   4.1
  12 1985 314  2060.   0.8   9.9   0.780   5.0  16.4
  12 1985 315  2490.   0.7   4.1   0.670   3.5  22.7
  12 1985 316  6010.   0.1   7.1   0.710   2.0   7.5
  12 1985 317  4710.   0.1   9.3   0.790   1.8   0.0
  12 1985 318  2040.   0.2   2.2   0.670   2.0   1.6
  12 1985 319  1880.  -1.1   3.9   0.640   3.5   0.0
  12 1985 320  2100.   2.8   5.3   0.760   2.5   1.2
  12 1985 321  4130.  -1.9   3.5   0.580   3.3   0.0
  12 1985 322  5280.  -2.2   2.2   0.460   6.5   0.0
  12 1985 323  1750.  -4.0   2.7   0.410   5.3   0.0
  12 1985 324  1720.  -3.8   3.1   0.490   4.5   0.0
  12 1985 325  1690.  -2.1   1.7   0.560   3.3   0.0
  12 1985 326  1660.  -2.7   1.9   0.560   2.3   0.4
  12 1985 327  1640.  -2.4   1.4   0.550   3.8   2.4
  12 1985 328  1610.  -3.3   2.2   0.560   2.0   0.0
  12 1985 329  1580.  -1.4   2.5   0.610   1.5   0.4
  12 1985 330  1560.  -3.8   1.3   0.540   2.8   0.0
  12 1985 331  1530.   0.0   3.1   0.640   3.8   3.7
  12 1985 332  3950.  -3.0   4.5   0.560   2.8   3.9
  12 1985 333  3580.  -1.6   3.5   0.620   2.8   1.8
  12 1985 334  1470.  -0.8   2.3   0.630   2.8   1.1
  12 1985 335  1970.   2.2  12.3   0.920   4.0   1.9
  12 1985 336  1430.  10.1  12.3   1.120   4.0   0.0
  12 1985 337  1410.  11.2  13.1   1.150   5.0   1.8
  12 1985 338  1390.  10.5  11.6   1.240   3.5   0.1
  12 1985 339  1380.   7.5  13.5   1.000   6.3  12.8
  12 1985 340  1860.   6.3   9.6   0.870   6.0   2.4
  12 1985 341  2100.   5.7  10.3   0.970   3.3   7.2
  12 1985 342  1330.   3.5   7.2   0.890   2.0   0.1
  12 1985 343  1320.   5.1   8.4   0.920   3.5   1.1
  12 1985 344  1700.  -0.6   7.7   0.680   2.0   1.7
  12 1985 345  1300.  -0.8   2.7   0.610   2.5   0.1
  12 1985 346  1290.  -1.2   2.9   0.610   3.5   0.0
  12 1985 347  1280.   1.0   7.1   0.750   4.3   0.3
  12 1985 348  1270.   6.8  11.0   1.120   3.5   8.1
  12 1985 349  1260.   9.8  11.3   1.120   4.5   0.0
  12 1985 350  1260.   8.0  11.1   1.030   5.3   1.1
  12 1985 351  1250.   7.8   9.8   0.970   4.3   0.0
  12 1985 352  1250.   6.6  10.8   1.020   4.3   2.3
  12 1985 353  2430.   4.8   8.3   0.800   5.0   2.3
  12 1985 354  1290.   5.3  10.3   0.920   6.5   0.7
  12 1985 355  1240.   4.5   8.3   0.800   6.3   1.4
  12 1985 356  2990.   4.0  10.1   0.720   3.8   0.0
  12 1985 357  1330.   4.6   7.5   0.850   4.3   0.7
  12 1985 358  1240.   4.2   7.1   0.820   4.8   0.0
  12 1985 359  1390.   7.0   9.2   0.980   3.3   2.5
  12 1985 360  1250.   0.4   7.7   0.770   4.5  11.9
  12 1985 361  1780.  -5.2   3.2   0.500   1.8  26.3
  12 1985 362  1260.  -6.8   3.9   0.530   0.8   0.0
  12 1985 363  1460.  -3.9   2.5   0.560   1.8   0.0
  12 1985 364  1270.  -4.3   2.4   0.550   3.0   0.0
  12 1985 365  2590.  -5.8   3.7   0.510   3.8   0.0
