*---------------------------------------------------------------------------*
* Station name: de Bilt, the Netherlands
* Year: 1987                                              -99.000: NIL VALUE
* Author: -
* Source: KNMI, de Bilt
* Comments: WMO identification - 6260
* 
* Longitude: 5 12 N, latitude: 52 06 E, altitude: 2 m.
* 
* Column  Daily value
* 1       station number
* 2       year
* 3       day
* 4       irradiation                   (kJ m-2 d-1)
* 5       minimum temperature           (degrees Celsius)
* 6       maximum temperature           (degrees Celsius)
* 7       early morning vapour pressure (kPa)
* 8       mean wind speed               (m s-1)
* 9       precipitation                 (mm d-1)
*---------------------------------------------------------------------------*
5.2 52.1 2. 0. 0.
  12 1987   1  1290.   3.7   8.2   0.850   4.0   1.0
  12 1987   2  1300.  -2.9   7.4   0.600   5.0  13.1
  12 1987   3  3380.  -5.6   5.2   0.520   1.8   0.3
  12 1987   4  1320.   1.1   5.6   0.700   5.8   0.6
  12 1987   5  1590.   4.9   7.2   0.750   6.0  10.0
  12 1987   6  1900.  -1.2   5.8   0.630   4.3   3.4
  12 1987   7  1520.  -4.7   1.9   0.450   1.8   4.6
  12 1987   8  1380.  -7.6   4.2   0.510   3.5   0.0
  12 1987   9  1400.  -3.4   0.9   0.500   3.3   0.0
  12 1987  10  2510.  -9.0   7.7   0.470   5.8   0.2
  12 1987  11  4890. -13.3  12.0   0.420   2.8   0.0
  12 1987  12  4470. -14.4  12.8   0.450   3.3   0.0
  12 1987  13  2060. -14.5   9.4   0.380   5.3   0.0
  12 1987  14  3870. -15.2  14.5   0.390   7.5   0.0
  12 1987  15  3480. -12.1  11.2   0.370   7.8   0.0
  12 1987  16  1550.  -8.4   7.3   0.430   3.5   0.0
  12 1987  17  1570.  -9.1   7.4   0.470   1.5   0.0
  12 1987  18  2050.  -6.6   5.8   0.500   2.3   0.0
  12 1987  19  1620.  -6.6   6.2   0.510   1.0   0.0
  12 1987  20  1650.  -5.8   5.2   0.560   1.0   0.0
  12 1987  21  1680.  -3.2   2.3   0.560   1.3   0.0
  12 1987  22  1710.   0.1   1.8   0.650   0.8   0.6
  12 1987  23  1740.   1.2   5.7   0.770   2.5   0.9
  12 1987  24  1770.  -0.2   3.9   0.680   2.0   1.0
  12 1987  25  1800.   0.4   3.2   0.670   2.8   0.2
  12 1987  26  2640.  -2.7   4.9   0.600   1.5   1.1
  12 1987  27  2060.  -4.7   2.4   0.520   2.3   0.0
  12 1987  28  3610.  -2.1   4.5   0.580   2.3   0.9
  12 1987  29  6990.  -8.0   2.5   0.370   2.5   0.0
  12 1987  30  7220. -10.4   8.0   0.360   1.5   0.0
  12 1987  31  7330. -11.1   8.5   0.380   1.0   0.0
  12 1987  32  6900. -10.8   7.6   0.390   2.3   0.0
  12 1987  33  4780.  -5.4   3.8   0.370   2.8   0.0
  12 1987  34  2130.  -2.9   1.9   0.540   1.3   0.0
  12 1987  35  2170.   1.6   4.0   0.730   1.5   1.0
  12 1987  36  2220.   2.1   5.9   0.760   5.0   0.0
  12 1987  37  2260.   3.4   8.6   0.890   6.0   0.1
  12 1987  38  5310.  -1.8   6.7   0.620   2.5   2.7
  12 1987  39  2350.  -0.8   7.7   0.740   3.8   0.6
  12 1987  40  2390.   4.7  10.4   1.000   3.0   5.2
  12 1987  41  4370.   2.8   7.5   0.730   5.5   2.2
  12 1987  42  6320.  -0.5   8.1   0.670   2.3   0.0
  12 1987  43  2530.   2.4   4.1   0.730   2.0   2.2
  12 1987  44  5270.  -0.4   6.6   0.660   2.3   0.9
  12 1987  45  2630.   0.9   6.1   0.700   3.5   0.0
  12 1987  46  2680.   0.4   2.4   0.640   4.3   0.3
  12 1987  47  5040.  -1.8   3.9   0.560   2.5   5.9
  12 1987  48  5040.  -2.5   3.1   0.550   2.5   0.0
  12 1987  49  2830.  -1.4   0.4   0.510   3.8   0.0
  12 1987  50  8590.  -2.7   1.2   0.460   4.3   2.0
  12 1987  51  2930.  -4.7   2.6   0.460   6.0   0.0
  12 1987  52  9160.  -2.7   3.7   0.490   4.5   0.0
  12 1987  53  3040.   0.7   6.1   0.730   2.3   0.6
  12 1987  54  9070.  -2.9   4.6   0.490   1.8   0.7
  12 1987  55  6910.  -4.9   3.3   0.450   2.5   0.0
  12 1987  56 10990.  -4.9   3.2   0.340   2.8   0.0
  12 1987  57  7370.  -3.6   5.8   0.500   3.0   0.0
  12 1987  58  3320.   3.7   9.8   0.950   3.8   7.8
  12 1987  59  3370.   6.4   9.7   1.010   2.0   6.4
  12 1987  60  3430.   5.9   9.2   1.000   2.8   0.0
  12 1987  61  3490.  -5.3  10.0   0.670   6.3  22.9
  12 1987  62 10610.  -7.9   5.3   0.350   3.3   8.5
  12 1987  63  3890.  -8.3   6.9   0.440   2.0   0.0
  12 1987  64 12610.  -9.1   6.9   0.390   2.0   0.0
  12 1987  65  9940.  -4.9   3.4   0.390   3.3   0.0
  12 1987  66 11530.  -5.3   3.3   0.370   5.8   0.0
  12 1987  67 11170.  -4.9   3.3   0.330   5.0   0.0
  12 1987  68 12990.  -4.5   3.7   0.400   5.8   0.0
  12 1987  69 13750.  -3.9   6.9   0.370   4.3   0.0
  12 1987  70 14000.  -4.6   6.4   0.360   3.8   0.0
  12 1987  71 14250.  -5.8   5.0   0.340   1.8   0.0
  12 1987  72  9010.  -8.1   4.2   0.350   2.3   0.0
  12 1987  73 13820.  -6.1   6.7   0.370   1.5   0.0
  12 1987  74  5320.  -5.7   5.0   0.520   4.3   0.0
  12 1987  75  7940.  -0.6   4.9   0.550   3.8   0.8
  12 1987  76  4390.   0.3   6.5   0.730   5.0   9.7
  12 1987  77  9860.   0.2   6.9   0.650   4.8  14.8
  12 1987  78  7670.  -1.0   5.6   0.620   2.3   0.5
  12 1987  79  6880.  -1.4   5.3   0.580   4.0   0.0
  12 1987  80  5520.  -0.9   5.5   0.630   2.8   1.3
  12 1987  81 13060.   0.2   8.7   0.660   3.8   8.2
  12 1987  82  4760.   4.2   9.3   0.930   3.3   1.2
  12 1987  83  4820.   6.5  11.3   1.070   2.0  10.7
  12 1987  84  4880.   6.1  13.8   1.140   3.3   2.4
  12 1987  85 11610.   2.1  11.1   0.710   5.8   4.1
  12 1987  86  6630.   7.2  12.6   0.850  10.8   0.1
  12 1987  87  9380.   2.9   9.8   0.720   6.3   1.5
  12 1987  88 14040.   0.6   7.7   0.620   4.0   5.2
  12 1987  89  5190.   0.3   7.7   0.710   1.8   0.3
  12 1987  90  6680.  -0.8   8.2   0.710   2.0   0.2
  12 1987  91 13200.   0.5  11.3   0.600   3.0   0.0
  12 1987  92 14870.   2.9  11.5   0.650   3.8   0.0
  12 1987  93  9310.   3.8  13.2   0.660   5.8   0.0
  12 1987  94  5740.   6.8  13.3   0.850   4.3   0.0
  12 1987  95 10700.   4.7  13.9   0.840   2.3   0.1
  12 1987  96  5620.   3.9  15.6   0.910   1.8   0.0
  12 1987  97  8890.   4.3  15.8   0.990   3.8   4.0
  12 1987  98 10590.   5.5  14.2   1.000   2.8   9.2
  12 1987  99  9300.   6.0  13.7   0.950   2.8   7.2
  12 1987 100 14280.   2.7  11.0   0.760   3.5   1.3
  12 1987 101 10840.   4.1   9.9   0.750   5.8   2.8
  12 1987 102  6480.   4.4   8.2   0.790   4.3  11.5
  12 1987 103 10360.   2.9  10.7   0.760   2.0   1.0
  12 1987 104  6090.   6.1  11.6   0.990   2.0   0.1
  12 1987 105 12450.   4.2  15.4   1.030   1.8   0.0
  12 1987 106  6590.   8.0  15.7   1.130   1.3   0.0
  12 1987 107  7550.   8.1  16.8   1.110   1.0   0.0
  12 1987 108 18180.   6.4  22.2   1.210   2.0   0.0
  12 1987 109  6890.   8.0  15.7   1.220   3.5   0.0
  12 1987 110  6420.   5.9  11.9   0.950   4.3   4.0
  12 1987 111 11090.   2.8  12.8   0.790   1.8   3.0
  12 1987 112 22030.   1.4  16.6   0.830   1.8   0.0
  12 1987 113 22670.   3.9  19.5   0.880   1.8   0.0
  12 1987 114 23050.   5.3  22.5   0.890   2.3   0.0
  12 1987 115 16860.   8.6  23.8   1.220   2.0   0.0
  12 1987 116 15600.   6.6  19.5   0.950   2.3   0.0
  12 1987 117 23500.   5.9  19.5   0.820   2.8   0.0
  12 1987 118 24690.   5.4  22.5   0.650   3.5   0.0
  12 1987 119 13130.  12.3  24.4   1.200   2.3   0.0
  12 1987 120 14690.  11.4  21.4   1.400   3.8   0.0
  12 1987 121  6980.  11.4  14.7   1.310   3.3   0.3
  12 1987 122 20170.   4.8  13.4   0.800   3.3   0.4
  12 1987 123  7080.   2.5   8.4   0.770   4.0   5.8
  12 1987 124  8780.   5.8  10.4   0.770   6.5  10.3
  12 1987 125 15170.   5.9  11.8   0.910   4.8   0.0
  12 1987 126 16480.   5.7  11.2   0.860   4.0   0.0
  12 1987 127 20700.   4.5  12.3   0.840   3.0   0.0
  12 1987 128 21600.   0.5  16.9   0.920   1.0   0.0
  12 1987 129 25150.   4.2  21.5   1.040   2.0   0.0
  12 1987 130 16730.   3.8  14.4   0.870   3.3   0.0
  12 1987 131  7570.   3.2  13.4   0.870   5.5   0.0
  12 1987 132  8730.   5.5  12.6   1.000   3.0  14.5
  12 1987 133 18730.   3.8  11.7   0.810   3.3   5.8
  12 1987 134  7550.   4.1  10.4   0.920   3.5   0.4
  12 1987 135  7870.   6.3  10.3   0.960   2.3  12.3
  12 1987 136 11990.   3.6  11.7   0.840   2.5  12.2
  12 1987 137 12600.   2.3  14.2   0.800   2.5   0.0
  12 1987 138  7690.   7.8  12.7   1.050   3.0   0.9
  12 1987 139 20890.   6.8  15.6   0.990   3.5   1.0
  12 1987 140 15700.   5.2  11.4   0.810   5.0   0.4
  12 1987 141 11200.   6.0  12.5   0.960   3.8   4.4
  12 1987 142  9390.   5.7  13.2   0.990   2.3  11.7
  12 1987 143 21800.   7.2  19.1   1.210   2.0   6.5
  12 1987 144 27540.   4.9  21.3   1.100   2.0   0.0
  12 1987 145 28160.   6.7  22.7   1.160   2.0   0.0
  12 1987 146 28350.   8.5  21.3   0.980   2.8   0.0
  12 1987 147 18970.   8.0  17.2   0.980   3.5   0.0
  12 1987 148 11000.   8.1  13.3   0.950   2.3   0.0
  12 1987 149 11170.   5.9  15.0   1.050   1.8  16.4
  12 1987 150 11480.   6.4  19.6   1.210   2.5   1.6
  12 1987 151  9070.   8.7  16.8   1.210   1.8   0.3
  12 1987 152 10960.   9.0  17.7   1.300   2.3   0.0
  12 1987 153  8110.  11.7  17.5   1.480   2.0   2.8
  12 1987 154  8130.  10.6  16.6   1.370   3.0   7.7
  12 1987 155 15190.  10.7  18.9   1.380   2.5   0.0
  12 1987 156  8450.  10.2  14.4   1.220   2.5   1.8
  12 1987 157 16090.  11.0  18.2   1.260   5.3   0.7
  12 1987 158 14530.  10.1  17.6   1.190   4.3   0.6
  12 1987 159  8210.   8.1  12.8   1.130   3.0  25.5
  12 1987 160  8950.   7.3  15.5   1.200   2.0   0.7
  12 1987 161 19610.   5.3  18.3   1.140   2.3   3.8
  12 1987 162 13870.   7.4  17.1   1.170   3.3   4.0
  12 1987 163 19210.   5.1  18.8   1.110   1.3   0.0
  12 1987 164  8270.   8.2  17.1   1.320   1.8   0.0
  12 1987 165 12750.   9.5  16.3   1.130   2.0   4.9
  12 1987 166 10300.   7.7  15.9   1.090   3.0   0.0
  12 1987 167 15640.   7.3  14.9   0.970   3.0   0.0
  12 1987 168 13200.   6.4  15.7   1.080   3.0   0.0
  12 1987 169 15940.   6.6  16.4   1.030   2.8   1.5
  12 1987 170  8300.   7.0  15.2   1.190   2.0   0.0
  12 1987 171 13200.   6.6  16.6   1.130   2.5   3.9
  12 1987 172 11620.   4.6  17.4   1.160   1.8   0.0
  12 1987 173  9460.   9.9  18.0   1.450   2.5   6.0
  12 1987 174 11330.  11.3  16.9   1.320   1.8   4.1
  12 1987 175 12330.  11.4  17.2   1.370   3.5   2.8
  12 1987 176 17650.   9.5  18.7   1.340   3.5   0.0
  12 1987 177 15490.  11.1  19.3   1.470   2.0   5.0
  12 1987 178  8280.  11.2  19.8   1.530   3.3   0.0
  12 1987 179  8850.  15.9  22.9   2.010   2.0   2.5
  12 1987 180 16750.  18.9  28.9   2.380   1.5   0.0
  12 1987 181 20190.  14.3  27.3   1.990   2.0   0.0
  12 1987 182 27070.  10.2  20.7   1.250   2.3   0.9
  12 1987 183 18430.   7.9  20.6   1.120   2.0   0.0
  12 1987 184 27320.  10.0  20.9   1.250   3.3   0.0
  12 1987 185 28010.  10.8  23.3   1.300   2.5   0.0
  12 1987 186 30280.  12.9  26.2   1.280   2.5   0.0
  12 1987 187 28960.  13.9  27.9   1.490   1.8   0.0
  12 1987 188 25640.  14.2  27.1   1.730   2.3   0.0
  12 1987 189 19450.  11.7  21.3   1.430   2.5   0.0
  12 1987 190 21430.  10.6  18.5   1.230   3.0   0.0
  12 1987 191  9530.   8.2  21.6   1.220   2.8   0.0
  12 1987 192 14790.  15.5  25.9   1.440   3.5   0.0
  12 1987 193 26900.  12.4  21.6   1.380   2.8   0.0
  12 1987 194 14310.  11.7  21.5   1.420   1.3   0.0
  12 1987 195 24970.  12.4  25.1   1.260   3.5   0.0
  12 1987 196 10550.  16.5  23.4   1.890   2.8   7.4
  12 1987 197 13790.  16.2  26.6   2.270   2.3  11.4
  12 1987 198  8080.  14.1  18.4   1.700   3.3  31.3
  12 1987 199 17130.  12.3  21.9   1.540   2.8   9.8
  12 1987 200 20060.  12.0  21.0   1.470   3.3   2.0
  12 1987 201  8840.  13.6  19.4   1.670   2.0   2.7
  12 1987 202 12060.  13.8  21.2   1.740   1.3  22.3
  12 1987 203 10330.  14.9  21.1   1.800   1.0   4.7
  12 1987 204  9440.  14.5  20.1   1.760   2.0  34.3
  12 1987 205  7720.  11.2  17.6   1.410   1.8   0.3
  12 1987 206 21880.   9.0  17.4   1.140   3.3   3.7
  12 1987 207 20700.   9.5  16.6   1.100   3.8   1.8
  12 1987 208  8590.  12.1  17.0   1.480   3.8   9.9
  12 1987 209  8980.  11.6  18.3   1.430   1.8   4.8
  12 1987 210  7540.  12.0  18.8   1.660   2.3   3.9
  12 1987 211 11820.  13.3  18.7   1.530   3.0  15.8
  12 1987 212  8020.  13.4  18.8   1.650   3.8   0.0
  12 1987 213  8950.  13.4  18.1   1.450   3.0   1.6
  12 1987 214 11680.  10.0  18.6   1.350   2.0   0.1
  12 1987 215 12460.   8.9  18.6   1.340   2.0   0.0
  12 1987 216 17370.   7.8  17.5   1.130   2.5   6.2
  12 1987 217 17990.   8.4  16.0   1.120   2.8   1.7
  12 1987 218 17100.   5.8  16.2   1.050   2.0   1.4
  12 1987 219 13880.   9.7  18.1   1.130   3.5   1.2
  12 1987 220  7670.  11.9  16.4   1.440   2.5   1.4
  12 1987 221  7350.   9.5  16.2   1.380   1.5   0.2
  12 1987 222 18180.   8.6  19.0   1.300   1.8   5.0
  12 1987 223 17830.   7.3  21.4   1.230   1.3   0.0
  12 1987 224  7340.  13.9  20.0   1.510   1.8   0.3
  12 1987 225  6890.  13.2  23.1   1.790   2.3   0.0
  12 1987 226 15310.  16.0  21.4   1.680   2.5  15.0
  12 1987 227 21660.  13.6  20.1   1.420   2.3   0.0
  12 1987 228 15290.  14.1  24.9   1.700   1.8   0.0
  12 1987 229 12150.  12.6  27.0   1.850   1.0   0.0
  12 1987 230  9560.  16.1  23.6   2.020   1.8   8.4
  12 1987 231 14120.  14.4  23.0   1.880   1.5   2.2
  12 1987 232 16420.  13.6  23.8   1.810   1.8   0.0
  12 1987 233 22100.  16.3  29.4   2.120   1.8   0.0
  12 1987 234  8660.  17.0  24.3   1.970   2.5   0.0
  12 1987 235 11720.  13.2  22.5   1.740   1.5   1.6
  12 1987 236 15150.  10.8  22.0   1.610   2.8   0.8
  12 1987 237  7820.  14.0  20.6   1.740   3.5  21.4
  12 1987 238  8790.  13.9  18.8   1.620   4.3   8.2
  12 1987 239  6550.  13.6  18.0   1.620   2.8   5.8
  12 1987 240  7130.  13.8  19.2   1.520   2.8   0.5
  12 1987 241  6310.  12.0  20.9   1.650   1.8   1.4
  12 1987 242 14460.   8.4  22.0   1.440   1.8   0.0
  12 1987 243 13860.  11.1  18.3   1.270   2.5   0.0
  12 1987 244 17270.   9.3  23.7   1.540   1.5   0.0
  12 1987 245  6200.  13.6  19.7   1.610   1.0   0.0
  12 1987 246  8620.  13.2  24.6   1.900   1.5   0.0
  12 1987 247  5960.  15.1  20.3   1.740   1.0   0.2
  12 1987 248  9460.  10.6  19.3   1.450   2.3   0.3
  12 1987 249 14870.  12.9  19.8   1.490   5.0   0.3
  12 1987 250  8930.   9.0  18.2   1.290   2.3   2.9
  12 1987 251 14890.   8.3  19.2   1.240   1.8   0.0
  12 1987 252 10580.  11.0  18.7   1.440   2.3   0.7
  12 1987 253  8460.  12.8  17.8   1.480   3.8   0.0
  12 1987 254 15850.  12.8  20.5   1.440   4.0   1.4
  12 1987 255  8780.  14.3  22.4   1.730   5.3   1.6
  12 1987 256  5180.  14.0  18.7   1.810   2.0   3.7
  12 1987 257 14080.  13.3  19.6   1.500   3.5   9.8
  12 1987 258 13730.  10.5  19.6   1.350   1.8   0.0
  12 1987 259  5120.  10.7  18.9   1.380   1.0   0.0
  12 1987 260 10300.  11.8  25.0   1.820   2.8   0.0
  12 1987 261 10210.   8.8  20.5   1.440   1.8  15.3
  12 1987 262  7860.   6.6  17.5   1.180   1.8   0.0
  12 1987 263  8000.  15.0  21.5   1.870   1.8   9.2
  12 1987 264  8030.  15.8  23.7   2.030   2.0   0.0
  12 1987 265  5630.  12.0  21.8   1.720   1.8   0.0
  12 1987 266  7310.  12.2  19.4   1.490   2.0   2.2
  12 1987 267  6800.   9.0  16.9   1.330   3.3   5.3
  12 1987 268 13180.   5.4  16.3   1.080   1.8   8.7
  12 1987 269 11660.   5.0  16.2   1.050   1.8   0.4
  12 1987 270  9110.   4.3  14.2   0.890   1.8   0.0
  12 1987 271  8380.   3.2  14.3   0.940   1.3   0.2
  12 1987 272 10370.   2.7  15.4   0.950   1.8   0.0
  12 1987 273 14180.   4.0  14.4   0.860   3.5   0.0
  12 1987 274 11580.   6.3  15.0   0.910   3.8   0.0
  12 1987 275 13590.   5.9  16.0   0.930   4.0   0.0
  12 1987 276 12640.   5.8  14.6   0.910   3.3   0.0
  12 1987 277  8120.   5.7  17.4   1.130   2.0   0.0
  12 1987 278  6040.   9.2  18.9   1.440   3.0   0.0
  12 1987 279  4100.   9.1  17.5   1.390   3.8   9.0
  12 1987 280  5500.   7.4  14.0   1.110   6.3   8.1
  12 1987 281  5710.   6.6  14.1   1.060   5.3  14.2
  12 1987 282  5920.   5.6  15.3   1.000   5.3  15.7
  12 1987 283  5470.   9.9  20.1   1.130   5.0   0.0
  12 1987 284  7540.   4.7  16.6   1.070   1.8   0.0
  12 1987 285  3750.   4.8  10.1   0.940   2.0   0.0
  12 1987 286  3780.   5.3  15.0   1.140   3.0   0.5
  12 1987 287  9330.   7.0  14.2   1.070   5.3   2.9
  12 1987 288  4020.  11.1  17.7   1.430   6.5  14.6
  12 1987 289  9010.  11.2  19.9   1.170   6.3  14.0
  12 1987 290  9510.   7.6  16.2   1.130   2.8   1.3
  12 1987 291 10090.   6.3  16.7   1.070   3.5   0.0
  12 1987 292  9440.   7.5  15.5   1.090   3.5   0.0
  12 1987 293  3880.   9.4  14.6   1.090   4.5   0.0
  12 1987 294  5250.   8.8  17.4   1.210   2.8   0.8
  12 1987 295  8500.   3.7  15.4   1.040   1.3   5.9
  12 1987 296  5180.   1.5  12.7   0.890   1.5   0.0
  12 1987 297  4940.   4.3  13.2   1.070   0.5   0.0
  12 1987 298  8320.   2.9  12.7   0.960   1.5   0.0
  12 1987 299  8450.   3.3  11.3   0.890   3.5   0.0
  12 1987 300  2680.   7.2  14.4   1.060   4.3   0.0
  12 1987 301  2630.  10.7  13.4   1.300   2.0   1.0
  12 1987 302  2580.   8.6  11.8   1.220   0.8  15.6
  12 1987 303  2530.   8.4  12.6   1.220   0.8   0.3
  12 1987 304  2490.  10.1  12.4   1.230   1.8   0.0
  12 1987 305  3400.   9.8  15.1   1.300   2.0   1.5
  12 1987 306  7520.   5.5  14.4   1.050   1.0   0.0
  12 1987 307  3290.   3.8  11.9   0.970   1.5   0.0
  12 1987 308  5950.   3.8  10.7   0.890   2.0   0.0
  12 1987 309  4310.   1.4  10.6   0.800   1.8   0.0
  12 1987 310  2230.   7.6   9.8   0.900   1.0   0.0
  12 1987 311  2180.  -0.6   8.0   0.690   0.8   0.0
  12 1987 312  2140.  -0.7   3.4   0.650   1.8   0.0
  12 1987 313  2100.   2.8   4.1   0.750   1.3   0.0
  12 1987 314  2060.   3.4   6.6   0.810   2.0   0.0
  12 1987 315  2030.   6.1  10.9   1.010   5.8   1.7
  12 1987 316  3480.   5.7  11.0   0.900   6.3  14.8
  12 1987 317  3230.   5.3   8.5   0.880   3.0   2.5
  12 1987 318  5650.   3.8  10.7   0.850   3.5   5.7
  12 1987 319  2130.   4.3   8.4   0.850   4.5   5.4
  12 1987 320  2030.   7.7  12.9   1.090   5.5   3.1
  12 1987 321  2000.   7.6  11.9   0.930   3.3   1.8
  12 1987 322  2630.   5.6  13.2   1.070   3.5   0.0
  12 1987 323  1750.   6.2  10.9   1.010   4.0   1.2
  12 1987 324  2840.   6.2  10.6   0.890   4.8  37.5
  12 1987 325  2330.   6.9  10.6   0.980   2.5   3.8
  12 1987 326  1660.   5.0   8.5   0.940   1.5   5.2
  12 1987 327  1640.   4.4   7.1   0.850   2.0   9.2
  12 1987 328  1610.   2.0   6.0   0.700   5.8   0.0
  12 1987 329  1580.   1.7   5.0   0.710   4.0   0.2
  12 1987 330  1560.   4.0   5.1   0.810   1.0   3.1
  12 1987 331  1530.   1.2   5.9   0.740   1.5   3.4
  12 1987 332  1510.   3.1   6.0   0.800   0.8   0.4
  12 1987 333  1760.   3.9   6.8   0.780   1.8   0.0
  12 1987 334  1950.  -2.3   7.4   0.660   0.8   0.0
  12 1987 335  1450.  -1.9   4.4   0.620   3.0   0.0
  12 1987 336  1950.   0.1   3.8   0.560   4.5   0.0
  12 1987 337  3990.  -0.8   3.8   0.520   3.5   0.0
  12 1987 338  1750.  -1.7   2.1   0.560   2.5   0.0
  12 1987 339  1380.  -0.9   1.3   0.560   3.3   0.0
  12 1987 340  1360.  -2.4   1.4   0.540   2.8   0.0
  12 1987 341  4400.  -5.7   3.2   0.430   2.3   0.2
  12 1987 342  2820.  -7.7   4.7   0.490   0.8   0.6
  12 1987 343  1660.  -7.7   5.2   0.520   1.3   0.0
  12 1987 344  1310.  -3.4   5.7   0.620   2.0   0.0
  12 1987 345  1300.   2.1   6.8   0.770   0.8   3.4
  12 1987 346  1290.  -1.3   5.7   0.670   0.3   0.0
  12 1987 347  2150.  -0.4   5.4   0.660   2.5   0.0
  12 1987 348  1270.  -3.4   2.8   0.510   2.5   0.0
  12 1987 349  1260.  -3.8   3.3   0.560   3.0   0.0
  12 1987 350  1260.   2.4  10.9   0.950   3.8   2.7
  12 1987 351  1250.   9.9  12.6   1.270   4.8  13.9
  12 1987 352  1250.  10.0  14.7   1.280   5.3  23.6
  12 1987 353  1670.   7.2  10.3   0.980   3.8   1.5
  12 1987 354  1240.   8.2  10.3   1.040   4.3   1.0
  12 1987 355  1240.   8.2   9.8   1.080   3.5   0.0
  12 1987 356  3470.  -0.7  10.0   0.770   1.0   0.7
  12 1987 357  2810.  -0.7   6.6   0.690   2.8   0.0
  12 1987 358  1240.  -0.6   5.1   0.670   2.8   0.1
  12 1987 359  1240.   5.0   8.0   0.910   3.3   0.7
  12 1987 360  1250.   5.9   9.0   0.930   5.5   0.7
  12 1987 361  1250.   8.0   9.7   1.000   5.3   0.7
  12 1987 362  1260.   9.0  12.2   1.130   6.0   0.1
  12 1987 363  1260.   8.8  13.1   1.070   6.5   0.0
  12 1987 364  1610.   7.3  11.4   1.090   3.3   9.6
  12 1987 365  1570.   7.9  10.6   1.040   4.8   1.7
