*---------------------------------------------------------------------------*
* Station name: de Bilt, the Netherlands
* Year: 1972                                              -99.000: NIL VALUE
* Author: -
* Source: KNMI, de Bilt
* Comments: WMO identification - 6260
* 
* Longitude: 5 12 N, latitude: 52 06 E, altitude: 2 m.
* 
* Column  Daily value
* 1       station number
* 2       year
* 3       day
* 4       irradiation                   (kJ m-2 d-1)
* 5       minimum temperature           (degrees Celsius)
* 6       maximum temperature           (degrees Celsius)
* 7       early morning vapour pressure (kPa)
* 8       mean wind speed               (m s-1)
* 9       precipitation                 (mm d-1)
*---------------------------------------------------------------------------*
5.2 52.1 2. 0. 0.
  12 1972   1  2020.   0.5   4.0   0.600   3.5   0.0
  12 1972   2  1300.   0.0   3.6   0.610   2.8   0.0
  12 1972   3  1310.  -0.9   1.4   0.580   1.8   0.0
  12 1972   4  1320.   0.8   2.0   0.640   1.5   0.0
  12 1972   5  1340.   1.6   3.4   0.700   1.8   0.0
  12 1972   6  1400.  -1.2   4.1   0.650   1.5   0.6
  12 1972   7  1370.  -1.2   1.5   0.590   3.5   0.0
  12 1972   8  1380.  -1.4   1.0   0.530   3.3   0.0
  12 1972   9  1660.   0.0   5.5   0.660   3.0   0.0
  12 1972  10  1880.   0.0   4.2   0.660   3.0   0.0
  12 1972  11  1440.   2.9   7.8   0.830   5.3   0.7
  12 1972  12  1460.   5.7   8.1   0.940   2.3   6.1
  12 1972  13  1480.   3.6   6.1   0.800   3.0   0.2
  12 1972  14  1500.   0.6   5.2   0.680   2.3   0.4
  12 1972  15  1520.  -0.2   3.1   0.620   5.0   0.0
  12 1972  16  4680.  -3.0   4.3   0.450   5.5   0.3
  12 1972  17  1570.  -9.3  -3.0   0.230   6.5   0.0
  12 1972  18  4630. -11.9  -3.0   0.230   4.0   0.0
  12 1972  19  1620.  -3.5   5.1   0.580   3.5   0.0
  12 1972  20  1650.  -1.3   2.7   0.620   2.3   3.9
  12 1972  21  4240.  -3.0   5.8   0.640   1.0  12.0
  12 1972  22  1710.  -6.0   0.4   0.490   2.8   0.0
  12 1972  23  1740.   0.4   2.0   0.620   3.8   0.0
  12 1972  24  1770.   0.3   3.4   0.620   4.5   0.0
  12 1972  25  4910.  -2.1   7.0   0.630   2.8   4.4
  12 1972  26  4300.  -1.8   3.2   0.560   7.3   0.1
  12 1972  27  1870.   1.1   4.0   0.680   6.3   9.5
  12 1972  28  1910.  -1.2   1.1   0.520   7.8   2.3
  12 1972  29  3600.  -7.4  -0.8   0.320   6.0   0.0
  12 1972  30  4050.  -9.4  -5.3   0.290   2.0   0.0
  12 1972  31  2930.  -9.6  -2.5   0.330   3.5   0.0
  12 1972  32  2720.  -7.9   0.0   0.280   4.8   0.1
  12 1972  33  2700.  -2.0   7.2   0.670   4.3   0.8
  12 1972  34  5200.   1.6   8.2   0.710   5.8   1.3
  12 1972  35  3760.   1.2   8.6   0.740   3.5   3.8
  12 1972  36  5840.   0.5   9.1   0.740   3.5   0.0
  12 1972  37  2260.   1.2   9.9   0.750   4.0   0.0
  12 1972  38  2300.   4.8   8.3   0.910   2.0   2.7
  12 1972  39  3140.   2.6   8.3   0.820   2.8   7.3
  12 1972  40  2980.  -1.2   8.5   0.710   1.3   0.0
  12 1972  41  5630.  -1.0   7.7   0.710   3.8   0.1
  12 1972  42  2630.   1.6   6.7   0.750   5.8   2.8
  12 1972  43  2990.   2.9   6.7   0.770   4.0   7.4
  12 1972  44  3200.   1.5   6.4   0.760   1.8   1.8
  12 1972  45  2860.   0.6   7.1   0.740   2.3   0.0
  12 1972  46  2680.  -2.9   6.1   0.580   4.3   0.1
  12 1972  47  4240.   2.5   8.2   0.740   3.0   0.0
  12 1972  48  3340.   3.3   9.0   0.730   3.5   0.0
  12 1972  49  2990.   1.4   3.8   0.640   5.3   0.0
  12 1972  50  2880.   0.7   2.7   0.620   5.5   0.0
  12 1972  51  2930.   0.6   2.3   0.650   1.8   0.0
  12 1972  52  2990.   1.9   4.4   0.700   1.5   0.7
  12 1972  53  5440.   2.6   9.3   0.840   2.3   3.0
  12 1972  54  9840.  -0.1  10.2   0.730   4.0   0.0
  12 1972  55  3500.   0.1   8.1   0.700   3.8   0.0
  12 1972  56  6120.  -0.4   8.5   0.680   2.0   0.0
  12 1972  57  3260.  -2.5   5.9   0.660   2.3   0.1
  12 1972  58  3320.   0.6   2.7   0.630   1.3   0.0
  12 1972  59  3370.   1.3   7.0   0.690   1.3   0.0
  12 1972  60  6290.   0.1   9.4   0.720   2.3   0.0
  12 1972  61  3860.  -0.1   9.7   0.650   2.3   0.0
  12 1972  62  3550.   2.7   7.6   0.740   1.8   0.2
  12 1972  63  6370.   2.3  11.2   0.720   5.3   0.5
  12 1972  64  6930.   1.3   8.3   0.670   4.3   5.8
  12 1972  65 10620.   0.5   9.7   0.670   3.3   0.0
  12 1972  66  6530.   3.9   9.6   0.800   5.5   0.6
  12 1972  67 10770.   1.1  10.0   0.690   4.0   3.5
  12 1972  68 10600.  -0.1  11.4   0.730   1.8   0.1
  12 1972  69  9210.  -1.7   8.3   0.700   3.3   0.0
  12 1972  70  4230.   1.6   4.3   0.600   7.3   0.0
  12 1972  71  6340.  -1.0   3.1   0.530   8.0   4.3
  12 1972  72 15230.  -4.1   4.5   0.260   7.8   0.0
  12 1972  73 12880.  -2.3   6.9   0.450   3.3   0.0
  12 1972  74 12280.   1.6  15.8   0.820   2.3   0.0
  12 1972  75 15280.   2.6  18.4   0.930   1.8   0.0
  12 1972  76 14250.   0.5  19.3   0.780   1.8   0.0
  12 1972  77 14180.   1.0  18.8   0.760   1.5   0.0
  12 1972  78 14210.   2.2  18.9   0.790   1.5   0.0
  12 1972  79 12040.   2.0  16.7   0.860   1.3   0.0
  12 1972  80 15480.  -1.5  18.9   0.720   1.0   0.0
  12 1972  81 15630.  -0.1  17.7   0.800   1.5   0.0
  12 1972  82 15880.  -0.4  14.8   0.740   1.8   0.0
  12 1972  83 13310.  -1.8  13.7   0.780   3.0   0.0
  12 1972  84 16170.   0.8  10.5   0.710   2.8   0.0
  12 1972  85 15740.  -0.2  16.7   0.680   3.0   0.0
  12 1972  86  5010.   4.6  11.5   0.890   5.8   0.9
  12 1972  87  7170.   4.4   9.6   0.800   7.8   1.1
  12 1972  88  8650.   1.7   8.1   0.680   5.8   7.9
  12 1972  89 11920.   3.2   9.5   0.730   4.5   5.1
  12 1972  90  7750.   5.2  10.6   0.870   6.3   0.0
  12 1972  91  5320.   8.3  12.1   1.080   4.8   1.8
  12 1972  92  5380.   8.2  10.0   1.100   2.5   7.0
  12 1972  93  5440.   8.7  13.0   1.180   6.8   5.3
  12 1972  94 10120.   5.2  12.0   0.880   3.8   4.5
  12 1972  95  6660.   3.5  13.6   0.980   6.8   0.0
  12 1972  96  7710.   7.8  11.0   0.940   6.8   5.0
  12 1972  97 12480.   5.5  12.6   0.900   6.8   1.0
  12 1972  98  9340.   7.8  15.2   1.110   8.0   2.9
  12 1972  99 11300.   6.0  11.7   0.910   7.0   3.4
  12 1972 100 18800.   4.9  13.1   0.880   3.0   4.7
  12 1972 101  5910.   3.6  10.1   0.860   5.8   0.5
  12 1972 102  9650.   3.1  11.7   0.840   3.0   5.8
  12 1972 103 19040.   0.7  14.1   0.810   2.5   0.4
  12 1972 104  9160.   3.2  12.2   0.910   2.0   0.0
  12 1972 105 15930.   2.0  14.6   0.790   2.3   0.1
  12 1972 106 10470.   4.7   8.9   0.830   6.0   3.9
  12 1972 107  6250.   4.7   7.7   0.860   3.8   6.3
  12 1972 108 17790.   4.8  10.0   0.750   2.5   1.5
  12 1972 109  8070.   4.1  11.4   0.880   3.3   0.0
  12 1972 110 10890.   3.4   9.7   0.830   5.5   1.0
  12 1972 111 14920.   3.8  11.6   0.860   5.3   2.3
  12 1972 112 23090.   2.4  13.1   0.740   5.0   0.0
  12 1972 113 12300.   5.3  13.8   0.730   6.0   0.0
  12 1972 114  8900.   4.6  10.2   0.770   4.3   0.0
  12 1972 115 19670.   1.9  12.5   0.610   5.5   0.0
  12 1972 116 24870.  -0.3   9.6   0.510   4.0   0.0
  12 1972 117  6920.   3.7   9.9   0.860   3.5   0.0
  12 1972 118 12520.   2.3  10.5   0.770   3.8   0.5
  12 1972 119 14080.   1.6  10.7   0.690   4.0   0.8
  12 1972 120  6940.   6.2   9.3   0.930   6.8   0.1
  12 1972 121  7260.   8.1  12.5   1.130   2.3   5.4
  12 1972 122 22350.   6.5  19.5   1.150   2.5   2.2
  12 1972 123 21890.   9.0  20.7   1.270   2.3   0.0
  12 1972 124 21020.   7.5  21.2   1.260   3.5   0.0
  12 1972 125  7170.   9.8  16.3   1.070   3.8   0.0
  12 1972 126  8870.  10.3  15.0   1.250   3.0   0.1
  12 1972 127 19870.   7.0  18.0   1.180   2.0   6.2
  12 1972 128 22440.   4.8  18.2   1.020   2.3   2.2
  12 1972 129 20700.  10.2  20.6   1.210   2.3   2.4
  12 1972 130 13940.   8.2  15.1   1.100   2.5   0.1
  12 1972 131  7430.   6.3  12.2   1.050   2.0   3.3
  12 1972 132 21610.   6.2  16.3   0.940   1.8   3.6
  12 1972 133  7510.   7.6  10.6   0.990   1.0   2.2
  12 1972 134  9090.   5.9  10.6   0.970   2.3   8.8
  12 1972 135 13210.   6.0  12.8   0.900   4.0   1.5
  12 1972 136 10160.   5.6  12.3   0.880   3.5   0.0
  12 1972 137 19230.   5.4  14.0   0.770   5.5   0.1
  12 1972 138  7690.   5.1   9.4   0.930   3.0   6.5
  12 1972 139 11130.   5.5  12.7   1.020   3.0   4.7
  12 1972 140 19390.   3.4  18.3   0.940   2.0   1.2
  12 1972 141 25820.   6.9  19.8   0.970   2.0   0.0
  12 1972 142 21470.   8.2  18.6   1.120   2.5   0.2
  12 1972 143 20380.   7.0  22.1   1.060   2.5   0.0
  12 1972 144 20130.  11.2  22.4   1.440   3.3   0.0
  12 1972 145  7920.   9.4  14.4   1.260   5.0   5.4
  12 1972 146 20640.  10.5  15.9   1.090   6.3   1.8
  12 1972 147 22970.  10.4  15.5   1.000   9.8   0.6
  12 1972 148 10430.   8.2  13.1   1.120   6.3   6.2
  12 1972 149 10310.   9.1  13.7   1.120   6.0  12.7
  12 1972 150 10770.  10.0  15.5   1.080   5.8   5.3
  12 1972 151 14370.   8.5  14.3   1.050   6.0   2.7
  12 1972 152 10810.   8.5  14.1   1.090   3.5   1.2
  12 1972 153 16430.   4.0  16.2   0.970   1.8   1.9
  12 1972 154 20910.   2.6  17.3   0.890   2.0   0.0
  12 1972 155  8580.   9.9  16.2   1.190   2.3   0.0
  12 1972 156 14630.  11.5  21.1   1.350   2.8   0.0
  12 1972 157 14220.  10.5  20.5   1.430   2.5   0.0
  12 1972 158  9210.   9.1  14.7   1.160   2.0  11.2
  12 1972 159 20160.   8.5  19.8   1.310   3.0   1.2
  12 1972 160 20890.   8.1  16.6   1.080   4.3   2.0
  12 1972 161 12700.   6.2  16.6   1.040   3.3   0.5
  12 1972 162 18040.   7.5  15.1   1.100   2.8   3.3
  12 1972 163 25980.   6.4  17.3   1.010   3.0   2.9
  12 1972 164 19360.   5.6  18.7   1.110   1.5   0.0
  12 1972 165 19950.   3.7  19.3   0.990   2.8   1.6
  12 1972 166 21830.   9.4  17.8   1.170   4.0   0.0
  12 1972 167 17370.   7.4  16.6   1.080   2.3   0.0
  12 1972 168 13050.   8.5  16.8   1.160   1.5   2.7
  12 1972 169 26600.   5.7  19.6   0.980   2.8   0.0
  12 1972 170  9170.   9.7  20.0   1.270   5.3   0.0
  12 1972 171 23430.   9.0  16.9   1.050   4.0   8.7
  12 1972 172 18680.   7.7  17.7   1.000   3.5   0.0
  12 1972 173  8300.  10.6  16.8   1.150   6.5   0.0
  12 1972 174  8300.   9.7  13.4   1.230   3.3   3.8
  12 1972 175 18670.   8.2  15.4   1.000   4.8  23.3
  12 1972 176  8440.  11.3  14.5   1.340   2.8   0.0
  12 1972 177 13180.  11.0  20.4   1.430   2.3   0.0
  12 1972 178 22240.   9.1  25.3   1.430   2.3   0.0
  12 1972 179 12450.  14.6  23.3   1.820   2.3   0.4
  12 1972 180 20780.   9.5  18.5   1.220   2.5   4.0
  12 1972 181 18900.   6.2  19.2   1.100   2.0   0.0
  12 1972 182  8250.   9.6  15.0   1.190   2.0   0.0
  12 1972 183  8230.   9.4  13.6   1.240   2.0   3.7
  12 1972 184 10230.  11.7  16.9   1.440   4.3  12.4
  12 1972 185 13090.  12.0  18.7   1.430   3.3  10.6
  12 1972 186 15080.  14.0  21.5   1.670   3.3   0.1
  12 1972 187 25240.  13.7  26.8   1.740   2.8   0.0
  12 1972 188 13600.  12.4  20.7   1.560   2.3   3.7
  12 1972 189 11290.  12.7  20.5   1.360   3.5   0.0
  12 1972 190  8120.  12.6  15.4   1.500   2.5   1.3
  12 1972 191  8100.  13.0  17.9   1.630   1.5   6.3
  12 1972 192 21940.  10.9  18.6   1.260   2.3   7.3
  12 1972 193 20620.   8.2  20.8   1.260   2.3   1.0
  12 1972 194 23580.   5.7  21.1   1.220   1.5   0.0
  12 1972 195 28960.   7.6  21.4   1.260   2.5   0.0
  12 1972 196 25920.   8.2  21.7   1.260   3.0   0.0
  12 1972 197 28860.   9.3  22.4   1.370   4.3   0.0
  12 1972 198 24410.  15.2  25.2   1.710   6.3   0.0
  12 1972 199 17270.  16.1  25.7   2.150   4.0   0.0
  12 1972 200 24740.  16.8  29.8   2.290   3.0   0.0
  12 1972 201 20020.  19.6  30.8   2.630   2.0   0.0
  12 1972 202 21390.  18.8  31.4   2.360   2.5   3.6
  12 1972 203 19220.  20.0  29.5   2.410   2.0   0.0
  12 1972 204  7750.  17.4  21.9   2.090   2.0   0.5
  12 1972 205 12080.  16.8  23.0   1.910   2.0  19.5
  12 1972 206 10360.  14.5  23.5   1.940   2.3   0.1
  12 1972 207  7650.  12.9  18.3   1.530   1.8   0.0
  12 1972 208  7610.  13.1  17.0   1.350   2.8   2.9
  12 1972 209  7580.  12.6  16.6   1.510   2.5  25.4
  12 1972 210 10190.  14.8  19.5   1.740   1.8   2.7
  12 1972 211 11130.  13.5  20.0   1.640   1.5   0.0
  12 1972 212  8710.  10.9  19.7   1.530   1.5   0.3
  12 1972 213 15340.  12.0  18.9   1.480   2.3   0.0
  12 1972 214 12650.  12.4  20.1   1.630   2.0   1.4
  12 1972 215  8720.  13.0  20.1   1.720   1.5   4.2
  12 1972 216 13090.   9.4  17.8   1.310   2.8  16.9
  12 1972 217 10420.   8.6  19.1   1.280   5.0   2.4
  12 1972 218 15180.  12.3  19.9   1.500   3.5   0.6
  12 1972 219 22100.  11.5  24.1   1.530   3.0   0.0
  12 1972 220 16550.  14.6  26.0   2.050   2.0   0.0
  12 1972 221 10890.  14.3  23.6   1.890   4.8   6.2
  12 1972 222 18720.   9.7  20.1   1.310   2.5   2.7
  12 1972 223 17970.   8.5  21.9   1.300   1.5   0.0
  12 1972 224 22210.   7.6  20.0   1.200   2.0   0.0
  12 1972 225 19420.   5.9  22.5   1.220   2.5   0.0
  12 1972 226  6840.  15.8  20.4   1.870   1.8   8.5
  12 1972 227 10140.  15.4  20.9   1.710   2.5   0.0
  12 1972 228  9150.  11.9  19.0   1.510   3.0   1.8
  12 1972 229 15610.   9.5  18.3   1.220   2.3   0.0
  12 1972 230  9290.   9.4  19.7   1.480   3.8   0.0
  12 1972 231 17030.  10.2  17.8   1.250   3.3  11.5
  12 1972 232 17730.   8.8  17.1   1.170   3.3   1.5
  12 1972 233 20130.  12.0  20.0   1.350   2.0   0.2
  12 1972 234 12320.  10.6  17.2   1.260   3.3   0.4
  12 1972 235 13540.   9.5  17.6   1.210   3.0   0.1
  12 1972 236 13850.   7.5  18.6   1.190   1.8   0.1
  12 1972 237 14670.   8.4  20.5   1.370   1.5   0.0
  12 1972 238  7630.   7.5  18.9   1.320   1.5   0.0
  12 1972 239 10130.  10.0  17.8   1.350   2.0   1.7
  12 1972 240  7130.   8.4  19.1   1.240   3.3   0.0
  12 1972 241 21790.  10.7  21.1   1.340   3.5   0.0
  12 1972 242 18760.   9.3  21.4   1.260   3.8   0.0
  12 1972 243 21660.   9.5  21.7   1.300   3.8   0.0
  12 1972 244 19280.   9.8  20.6   1.350   3.5   0.0
  12 1972 245 16290.   8.7  19.7   1.250   3.3   0.0
  12 1972 246 15560.   8.0  18.0   1.150   3.5   0.0
  12 1972 247 15820.  10.3  20.0   1.410   4.0   0.0
  12 1972 248  9820.   8.4  17.0   1.250   2.3   0.0
  12 1972 249 14010.   5.4  17.5   1.080   2.5   0.4
  12 1972 250 19240.   7.3  22.1   1.410   1.0   0.0
  12 1972 251 11990.   9.0  20.6   1.400   2.3   0.0
  12 1972 252  5900.  12.8  17.7   1.460   2.0   0.0
  12 1972 253  8100.  11.7  20.8   1.590   3.8   0.3
  12 1972 254  5890.   7.7  14.3   1.140   2.8  19.0
  12 1972 255 11370.   6.0  15.2   1.000   3.3   2.8
  12 1972 256  7290.   8.7  14.6   1.190   2.5   1.6
  12 1972 257  6630.   9.9  14.4   1.250   1.3   3.4
  12 1972 258 14080.   9.5  16.2   1.190   3.0   1.6
  12 1972 259 12240.   6.9  15.1   1.090   2.5   0.2
  12 1972 260  6080.   6.9  13.4   1.080   2.8   0.4
  12 1972 261 10320.   6.7  15.0   1.120   2.8   5.7
  12 1972 262 13260.   7.0  16.8   1.140   1.8   0.4
  12 1972 263 14370.   6.7  15.2   1.090   1.8   1.9
  12 1972 264 15010.   4.1  16.5   1.040   1.5   0.0
  12 1972 265 14110.   2.8  17.9   1.090   0.8   0.0
  12 1972 266  7860.   4.4  19.4   1.240   1.8   0.0
  12 1972 267 15150.   4.6  16.6   1.000   2.3   0.0
  12 1972 268 13930.   5.4  17.1   1.070   1.8   0.0
  12 1972 269 12830.   3.8  14.5   0.880   2.5   0.0
  12 1972 270 12490.   4.1  16.1   0.930   1.8   0.0
  12 1972 271  4280.   6.1  15.6   1.080   1.8   1.3
  12 1972 272  4330.   5.2  12.9   0.960   1.0   0.0
  12 1972 273  4160.   9.2  12.8   1.130   0.8   0.0
  12 1972 274 11890.   6.0  14.9   0.950   2.5   0.0
  12 1972 275 13690.   5.8  14.5   0.930   3.8   0.0
  12 1972 276 14050.   4.5  15.0   0.820   3.0   0.0
  12 1972 277 13900.   2.4  13.7   0.740   2.8   0.0
  12 1972 278 13750.   1.5  13.7   0.700   2.5   0.0
  12 1972 279 14000.   2.9  16.3   0.710   3.0   0.0
  12 1972 280 13260.   4.2  19.7   0.840   2.3   0.0
  12 1972 281 12920.   4.3  20.1   1.070   0.8   0.0
  12 1972 282 12010.   2.9  21.5   1.180   1.0   0.0
  12 1972 283  3580.   7.4  13.3   1.210   1.5   0.1
  12 1972 284  3520.   7.7  14.1   1.210   2.3   0.2
  12 1972 285 11600.   3.2  16.3   1.030   2.8   0.0
  12 1972 286  8990.   1.4  13.2   0.770   2.0   0.0
  12 1972 287  3360.   0.8  11.3   0.740   2.8   0.0
  12 1972 288 11370.   2.5  14.2   0.910   3.5   0.0
  12 1972 289  5020.   6.1  12.8   1.030   2.3   0.0
  12 1972 290  3190.   8.9  12.5   1.070   2.0   0.0
  12 1972 291  5400.   2.7  12.6   0.930   3.5   0.0
  12 1972 292  6520.  -1.0  11.9   0.610   3.8   0.0
  12 1972 293  7960.  -3.8  10.4   0.580   2.0   0.0
  12 1972 294  5330.   1.2   9.0   0.790   3.0   2.5
  12 1972 295  3590.   1.9   8.3   0.790   2.5  12.3
  12 1972 296  2960.   5.6  11.6   0.970   4.0   3.7
  12 1972 297  3640.  10.4  13.5   1.110   4.5   2.8
  12 1972 298  3100.   5.9  11.9   0.870   3.3   0.0
  12 1972 299  6140.   2.7  13.7   0.910   1.8   0.0
  12 1972 300  3150.   1.4  11.4   0.870   3.0   0.0
  12 1972 301  4030.  11.4  17.1   1.400   3.5   1.3
  12 1972 302  4730.   6.3  14.4   1.110   3.0  11.1
  12 1972 303  7540.   4.4  13.2   0.970   3.5   0.0
  12 1972 304  2490.   5.6  12.9   0.970   3.3   0.0
  12 1972 305  2440.   4.8  11.1   0.950   1.5   0.0
  12 1972 306  7440.   2.6  12.9   0.990   1.5   0.1
  12 1972 307  2350.   6.4  10.3   1.010   2.5   0.0
  12 1972 308  2310.   7.4   9.8   1.020   3.0   0.0
  12 1972 309  2270.   9.0  11.6   1.220   3.5   0.0
  12 1972 310  2230.  10.0  10.9   1.200   5.0   0.7
  12 1972 311  2180.  10.0  13.1   1.290   3.5   1.4
  12 1972 312  2140.  11.4  12.7   1.370   4.3   2.2
  12 1972 313  2100.   1.6  12.4   0.940   1.0   8.5
  12 1972 314  3660.   1.0  10.6   0.770   5.8   0.3
  12 1972 315  2030.   3.8  11.2   0.890   5.3   0.0
  12 1972 316  4320.   3.0   8.2   0.760   5.0  11.1
  12 1972 317  3870.   5.0   8.8   0.800   7.3   6.8
  12 1972 318  3250.   4.7  12.9   0.860   5.5  13.8
  12 1972 319  2880.   0.3   7.9   0.720   2.0   5.0
  12 1972 320  5990.  -0.2   7.8   0.630   4.5   2.9
  12 1972 321  1820.   0.6   4.2   0.650   3.8   0.2
  12 1972 322  1780.   0.1   4.1   0.670   2.5   0.3
  12 1972 323  5210.  -2.7   7.2   0.610   2.5   1.4
  12 1972 324  1720.  -2.6   3.9   0.580   5.5   0.0
  12 1972 325  1690.   3.9   9.3   0.880   6.5   4.9
  12 1972 326  2640.   4.8   8.7   0.840   6.3  12.8
  12 1972 327  2780.   3.6   9.1   0.840   3.3   1.7
  12 1972 328  4940.   2.3   7.1   0.710   3.8   3.0
  12 1972 329  3370.   1.0   7.2   0.750   2.3   4.6
  12 1972 330  2660.  -3.1   4.1   0.570   2.0   0.1
  12 1972 331  2950.  -1.4   4.5   0.650   2.8   1.5
  12 1972 332  1510.   2.1   6.0   0.730   6.3   0.0
  12 1972 333  1490.   1.6   5.0   0.670   6.3   0.0
  12 1972 334  3590.   2.4   7.1   0.760   7.3   0.0
  12 1972 335  1450.   4.5   7.3   0.810   5.5   1.8
  12 1972 336  1690.   4.2   9.7   0.880   7.5   0.2
  12 1972 337  1460.   6.4  11.3   0.940   5.3   0.3
  12 1972 338  1700.   4.0   8.9   0.900   3.5   2.3
  12 1972 339  1780.   2.7   8.3   0.790   7.8   0.0
  12 1972 340  2070.   3.8  11.0   0.870   9.3   1.2
  12 1972 341  1350.   9.4  11.6   0.990   7.8   2.4
  12 1972 342  2430.   3.2   9.8   0.840   4.8   1.9
  12 1972 343  3100.   2.7   6.9   0.770   4.5   0.0
  12 1972 344  1310.   1.5   7.2   0.760   5.3   0.2
  12 1972 345  1300.   4.6   7.8   0.870   5.5   9.1
  12 1972 346  4350.   3.1   7.4   0.750   4.0   2.9
  12 1972 347  1910.   2.2   7.4   0.750   5.5   0.0
  12 1972 348  1270.   6.5  10.7   1.020   5.8   0.2
  12 1972 349  1260.   9.1  10.3   1.140   2.3   0.5
  12 1972 350  3120.  -0.5   9.8   0.710   3.3   0.0
  12 1972 351  1250.  -0.7   4.7   0.620   2.5   0.0
  12 1972 352  3100.  -0.5   7.6   0.710   1.0   0.0
  12 1972 353  4050.  -1.6   6.0   0.670   2.0   0.0
  12 1972 354  1380.  -0.8   1.6   0.620   2.0   0.0
  12 1972 355  2710.  -1.6   3.0   0.590   1.8   0.0
  12 1972 356  2520.  -4.2   0.5   0.490   1.8   0.0
  12 1972 357  1240.  -6.3  -2.4   0.420   2.3   0.0
  12 1972 358  1240.  -3.4  -0.4   0.480   3.3   0.0
  12 1972 359  1240.  -1.2   0.7   0.560   2.0   0.0
  12 1972 360  3200.  -3.9   1.4   0.510   3.0   0.0
  12 1972 361  1540.  -0.8   4.6   0.520   4.5   0.0
  12 1972 362  1260.   1.1   5.2   0.550   5.3   0.0
  12 1972 363  1650.  -0.1   6.6   0.600   2.8   0.0
  12 1972 364  2860.  -5.0   5.0   0.540   1.5   0.0
  12 1972 365  4720.  -8.6   1.8   0.330   1.5   0.0
  12 1972 366  4500.  -9.2   1.6   0.410   1.0   0.0
