*-----------------------------------------------------------
*  Station Name: MUNO0008    PhilRice Munoz, Nueva Ecija
*  Author      : Climate Unit, IRRI    -99.: nil value
*  Source      : International Rice Research Institute (IRRI)
*
*  Comments    : This file is extracted from CLICOM database.
*  Longitude:  120 56 E   Latitude:  15 45 N   Altitude: 48.0 m
*
*  Column    Daily Value
*     1      Station number
*     2      Year
*     3      Day
*     4      irradiance         KJ m-2 d-1
*     5      min temperature            oC
*     6      max temperature            oC
*     7      vapor pressure            kPa
*     8      mean wind speed         m s-1
*     9      precipitation          mm d-1
*-----------------------------------------------------------
120.93  15.75  48.0  0.00  0.00
 10 1993   1  20122  21.5  31.5   2.33   2.7   0.0
 10 1993   2  22066  21.1  31.8   2.14   2.0   0.0
 10 1993   3  22858  22.6  30.0   2.29   2.2   0.0
 10 1993   4  21238  21.0  28.5   2.40   3.2   0.0
 10 1993   5  19294  20.5  28.0   2.22   4.6   0.0
 10 1993   6  22210  20.5  28.0   1.99   4.9   0.0
 10 1993   7  18035  20.5  29.4   2.05   3.8   0.0
 10 1993   8  18323  21.7  30.1   2.16   4.0   0.0
 10 1993   9  24514  21.6  30.5   2.08   4.6   0.0
 10 1993  10  21670  21.3  28.5   2.25   3.6   0.0
 10 1993  11  22786  20.0  29.0   2.08   3.6   0.0
 10 1993  12  22066  21.8  29.2   2.31   3.3   0.0
 10 1993  13  22714  23.0  29.8   2.14   4.1   0.0
 10 1993  14  20698  22.8  29.0   2.47   2.0   0.0
 10 1993  15  22066  20.5  31.2   2.41   0.9   0.0
 10 1993  16  21526  22.7  29.5   2.36   2.5   0.0
 10 1993  17  18179  21.9  29.0   2.08   4.3   0.0
 10 1993  18  21382  22.4  29.0   2.19   2.2   0.0
 10 1993  19  22642  20.5  30.0   2.32   3.5   0.0
 10 1993  20  22642  22.0  29.0   2.21   3.3   0.0
 10 1993  21  20338  21.0  30.0   2.76   2.9   0.0
 10 1993  22  21382  22.0  31.0   2.01   2.5   0.0
 10 1993  23  21994  22.0  31.6   2.17   1.3   0.0
 10 1993  24  22138  20.6  29.0   2.05   1.6   0.0
 10 1993  25  21238  20.6  28.0   2.03   1.6   0.0
 10 1993  26  19978  18.5  28.5   2.07   0.8   0.0
 10 1993  27  21382  18.8  29.5   2.13   1.8   0.0
 10 1993  28  13607  21.5  28.0   1.87   5.9   0.0
 10 1993  29  19294  18.8  26.0   1.63   4.8   0.0
 10 1993  30  18970  20.5  27.0   2.01   5.6   0.0
 10 1993  31  18970  21.5  27.0   2.14   4.3   0.0
 10 1993  32  21382  21.5  26.8   2.30   6.2   0.0
 10 1993  33  19654  19.0  27.3   1.93   5.4   0.0
 10 1993  34  21022  18.0  26.2   1.85   5.7   0.0
 10 1993  35  22066  21.0  27.0   2.05   4.6   0.0
 10 1993  36  18970  21.0  28.0   2.12   4.9   0.0
 10 1993  37  22426  20.4  29.5   2.16   2.6   0.0
 10 1993  38  21022  20.8  28.0   2.24   2.5   0.0
 10 1993  39  23038  20.7  28.0   2.26   2.5   0.0
 10 1993  40  22642  20.5  31.0   2.17   1.5   0.0
 10 1993  41  19978  21.5  29.0   2.52   1.7   0.0
 10 1993  42  22426  20.5  30.0   2.25   1.6   0.0
 10 1993  43  22426  22.5  30.0   2.46   1.3   0.0
 10 1993  44  20158  21.0  29.8   2.23   3.2   0.0
 10 1993  45  20302  21.4  31.0   2.42   3.2   0.0
 10 1993  46  22786  20.5  31.0   2.15   1.2   0.0
 10 1993  47  20950  21.6  30.0   2.40   1.2   0.0
 10 1993  48  19294  21.5  28.5   2.50   3.3   0.0
 10 1993  49  22786  22.0  29.0   2.55   3.2   0.0
 10 1993  50  22210  22.5  29.0   2.55   3.5   0.0
 10 1993  51  21526  23.0  29.2   2.56   3.2   0.0
 10 1993  52  21382  21.8  30.0   2.42   3.2   0.0
 10 1993  53  22210  21.4  31.5   2.33   1.7   0.0
 10 1993  54  22894  22.5  29.5   2.23   4.3   0.0
 10 1993  55  22894  21.5  27.4   2.31   4.9   0.0
 10 1993  56  23830  21.7  26.0   2.02   4.3   0.0
 10 1993  57  23830  20.5  30.0   2.06   3.2   0.0
 10 1993  58  24982  21.6  29.6   2.26   3.1   0.0
 10 1993  59  23470  21.2  31.0   2.41   1.6   0.0
 10 1993  60  22894  21.8  30.0   2.53   2.6   0.0
 10 1993  61  22894  21.5  27.0   2.17   4.6   0.0
 10 1993  62  19150  21.0  28.0   2.08   2.7   0.0
 10 1993  63  21742  22.0  28.0   2.32   2.4   0.0
 10 1993  64  19870  23.0  30.0   2.39   4.4   0.0
 10 1993  65  22570  23.5  31.5   2.75   2.1   0.0
 10 1993  66  21166  22.0  29.0   2.86   1.6   0.0
 10 1993  67  19294  21.8  26.0   2.52   4.0   0.0
 10 1993  68  22066  20.5  28.0   2.17   3.7   0.0
 10 1993  69  23254  20.0  28.0   2.38   3.2   0.0
 10 1993  70  23758  19.5  29.0   2.30   1.5   0.0
 10 1993  71  20122  20.8  29.5   2.47   5.1   0.0
 10 1993  72  19798  21.5  30.0   2.41   2.7   0.0
 10 1993  73  22786  22.5  29.0   2.25   1.6   0.0
 10 1993  74  23110  18.5  30.0   2.39   1.2   0.0
 10 1993  75  22894  20.5  30.0   2.39   0.8   0.0
 10 1993  76  21382  20.5  28.0   2.46   0.8   0.0
 10 1993  77  21022  22.0  31.0   2.66   0.9   0.0
 10 1993  78  21706 -99.0 -99.0 -99.00 -99.0 -99.0
 10 1993  79  19834 -99.0 -99.0 -99.00 -99.0 -99.0
 10 1993  80  18862 -99.0 -99.0 -99.00 -99.0 -99.0
 10 1993  81  20266  22.5  28.5   2.56   3.7   0.0
 10 1993  82  26638 -99.0 -99.0 -99.00 -99.0 -99.0
 10 1993  83  20122 -99.0 -99.0 -99.00 -99.0 -99.0
 10 1993  84  24802  19.5  29.5   2.42   1.8   0.0
 10 1993  85  22570  20.0  30.0   2.44   1.5   0.0
 10 1993  86  22282 -99.0 -99.0 -99.00 -99.0 -99.0
 10 1993  87  18790 -99.0 -99.0 -99.00 -99.0 -99.0
 10 1993  88  23938  20.5  31.5   2.77   2.6   0.0
 10 1993  89  23254  21.0  32.0   2.87   2.0   0.0
 10 1993  90  24082  23.0  33.0   2.77   1.6   0.0
 10 1993  91  23038  23.0  33.5   2.84   1.5   0.0
 10 1993  92  24154  21.5  32.0   2.65   1.8   0.0
 10 1993  93  23398  22.0  33.0   2.79   0.9   0.0
 10 1993  94  24442  21.5  33.8   2.74   0.8   0.0
 10 1993  95  23938  23.0  34.0   2.91   1.9   0.0
 10 1993  96  21886  23.0  31.0   2.84   1.5   0.0
 10 1993  97  11087 -99.0 -99.0 -99.00 -99.0 -99.0
 10 1993  98  16883 -99.0 -99.0 -99.00 -99.0 -99.0
 10 1993  99  23002 -99.0 -99.0 -99.00 -99.0 -99.0
 10 1993 100  19438 -99.0 -99.0 -99.00 -99.0 -99.0
 10 1993 101  23110 -99.0 -99.0 -99.00 -99.0 -99.0
 10 1993 102  23038  22.5  34.0   2.92   2.5   0.0
 10 1993 103  17711  24.0  30.0   2.91   3.8   0.0
 10 1993 104  23326  23.5  30.0   2.92   4.3   0.0
 10 1993 105  23830  23.5  30.0   2.96   2.5   0.0
 10 1993 106  25054  23.7  32.3   2.62   1.0   1.8
 10 1993 107  23830  23.5  34.0   2.92   1.0   0.0
 10 1993 108  23110  24.6  32.0   2.89   1.1   0.0
 10 1993 109  18754  24.0  33.0   3.05   0.7   0.0
 10 1993 110  22858  24.0  33.5   3.02   1.2   0.0
 10 1993 111  23470  23.8  33.5   2.90   1.4   0.0
 10 1993 112  24514  23.5  34.0   2.95   0.8   0.0
 10 1993 113  25990  23.9  33.4   2.87   1.7 -99.0
 10 1993 114  25774  23.9  33.5   2.89   1.7 -99.0
 10 1993 115  23110  25.0  35.0   2.73   1.1   0.0
 10 1993 116  23938  21.5  34.5   2.66   1.7   0.0
 10 1993 117  24514  25.6  34.0   2.95   2.8   0.0
 10 1993 118  23938  22.0  33.0   2.60   1.9   0.5
 10 1993 119  17567  24.8  31.0   3.07   2.0   2.5
 10 1993 120  25198  23.0  33.0   2.83   1.9   0.0
 10 1993 121  25558  25.2  34.0   3.06   2.0   0.0
 10 1993 122  20338  23.0  34.6   2.94   1.7   0.0
 10 1993 123  23830  23.3  35.5   2.99   1.5   0.0
 10 1993 124  24658  23.0  34.5   3.00   1.8   0.0
 10 1993 125  24514  23.0  34.5   3.07   1.7   0.0
 10 1993 126  23614  23.5  35.0   3.00   1.5   0.0
 10 1993 127  24658  24.0  34.5   2.98   1.2   0.0
 10 1993 128  24838  25.0  37.0   2.88   1.3   0.0
 10 1993 129  24442  23.9  36.0   3.08   1.4   0.0
 10 1993 130  24658  24.5  35.0   3.02   2.0   0.0
 10 1993 131  23326  24.5  33.0   3.04   3.5   0.0
 10 1993 132  23614  23.5  34.0   2.87   3.5   0.0
 10 1993 133  24082  24.5  34.5   2.90   2.8   0.0
 10 1993 134  24334  24.4  34.5   2.98   1.8 -99.0
 10 1993 135  26710  24.5  34.5   2.97   1.8 -99.0
 10 1993 136  24982  23.0  34.5   2.71   1.8   0.0
 10 1993 137  23254  25.2  34.3   3.04   2.0   0.0
 10 1993 138  22714  25.2  34.5   3.03   1.8   0.0
 10 1993 139  22426  25.2  35.0   3.07   1.3   0.0
 10 1993 140  22786  24.8  35.0   2.93   1.6   0.0
 10 1993 141  26638  24.6  35.0   2.94   1.8 -99.0
 10 1993 142  26062  24.9   0.0   2.97   1.8 -99.0
 10 1993 143  26782  24.8  35.0   2.97   1.8 -99.0
 10 1993 144  22426  25.2  35.5   2.98   1.6   0.0
 10 1993 145  21382  25.2  35.0   2.77   2.0   0.0
 10 1993 146  22570  24.0  36.0   2.93   1.5   0.0
 10 1993 147  23470  25.0  36.0   3.13   1.3   0.0
 10 1993 148  25486  24.7  35.6   3.11   1.8 -99.0
 10 1993 149  23146  24.8  35.6   3.10   1.8 -99.0
 10 1993 150  24982  24.7  35.7   3.12   1.8 -99.0
 10 1993 151  20338  24.0  36.5   3.01   1.1   0.0
 10 1993 152  16379  26.0  36.0   3.29   1.5   1.3
 10 1993 153  21742  24.5  35.5   3.30   0.9   0.0
 10 1993 154  18898  25.0  36.0   3.30   1.1  43.2
 10 1993 155  22426  23.5  34.5   3.28   1.2  10.2
 10 1993 156  22102  24.8  35.0   3.19   1.6 -99.0
 10 1993 157  21166  25.0  34.9   3.18   1.5 -99.0
 10 1993 158  17855  25.5  35.0   3.13   1.7  18.5
 10 1993 159  21994  24.5  35.0   3.12   1.1   1.3
 10 1993 160  16523  25.5  34.0   3.10   1.1   0.0
 10 1993 161  24154  25.5  34.5   3.08   1.2   0.0
 10 1993 162  23326  25.0  33.0   3.10   2.3   0.0
 10 1993 163  21994  24.7  34.4   3.10   1.5 -99.0
 10 1993 164  21166  24.6  34.5   3.10   1.5 -99.0
 10 1993 165  25486  24.0  34.5   3.36   1.6 -99.0
 10 1993 166  23218  24.6  35.0   3.05   1.6   0.0
 10 1993 167  21022  25.0  34.5   3.13   1.2   0.0
 10 1993 168  20698  23.5  34.8   3.01   1.3   0.0
 10 1993 169  22858  23.5  34.5   2.98   1.3   0.0
 10 1993 170  18970  24.5  34.0   2.78   1.3  68.6
 10 1993 171  19978  24.0  34.0   3.06   1.5  15.2
 10 1993 172  21886  24.5  34.0   3.01   2.9   0.0
 10 1993 173  20698  24.1  33.0   3.32   1.4   0.0
 10 1993 174  18395  26.0  33.0   3.34   1.1   5.1
 10 1993 175  20878  24.6  33.1   3.12   1.5 -99.0
 10 1993 176  12599  24.5  30.0   3.16   1.6 127.5
 10 1993 177  11483  24.7  32.8   3.18   1.5 -99.0
 10 1993 178  12311  24.7  32.5   3.20   1.5 -99.0
 10 1993 179  15371  24.8  32.0   3.18   1.6   0.0
 10 1993 180  24082  24.5  33.0   3.30   1.9   0.0
 10 1993 181  23038  24.5  33.0   2.95   1.6   0.0
 10 1993 182  19114  24.4  32.8   3.14 -99.0 -99.0
 10 1993 183  21202  24.4  33.0   3.14 -99.0  79.8
 10 1993 184  25486  23.5  33.1   2.92 -99.0 -99.0
 10 1993 185  25270  24.5  33.3   3.10 -99.0   0.0
 10 1993 186  22426  24.5  34.0   3.09   1.3   3.3
 10 1993 187  20698  25.0  33.0   3.20   1.2   2.8
 10 1993 188  22210  24.5  34.0   3.34   1.0   9.7
 10 1993 189  24442  24.5  34.0   3.09   2.5   1.3
 10 1993 190  23254  25.0  33.5   2.95   2.9   5.1
 10 1993 191  19690  23.5  33.0   2.97   1.7 -99.0
 10 1993 192  28366  24.2 -99.0   3.13   1.7   5.8
 10 1993 193  19078  23.0  31.0   2.91   1.3   1.3
 10 1993 194  22894  21.5  32.5   3.20   0.9   0.0
 10 1993 195  23470  26.0  34.0   3.12   1.0   9.4
 10 1993 196  21022  25.0 -99.0   3.40 -99.0 -99.0
 10 1993 197  16811 -99.0 -99.0 -99.00 -99.0  55.9
 10 1993 198  19618  23.0 -99.0   2.94 -99.0 -99.0
 10 1993 199  21778 -99.0 -99.0 -99.00 -99.0   6.6
 10 1993 200  20266  24.0  32.0   3.11   0.8   1.8
 10 1993 201  26242  25.0 -99.0   3.16 -99.0 -99.0
 10 1993 202  23002 -99.0 -99.0 -99.00 -99.0 -99.0
 10 1993 203  22138 -99.0 -99.0 -99.00 -99.0  34.8
 10 1993 204  18898  24.0 -99.0   3.09 -99.0 -99.0
 10 1993 205  19798 -99.0 -99.0 -99.00 -99.0 -99.0
 10 1993 206  20626 -99.0 -99.0 -99.00 -99.0  45.7
 10 1993 207  20950  22.5  33.0   3.17   2.2  27.9
 10 1993 208  14795  21.0  28.5   3.04   2.7   4.3
 10 1993 209  15983  24.5  28.0   3.01   2.5  11.4
 10 1993 210  19582  23.5  27.0   2.88   1.7  50.0
 10 1993 211  24658  21.0  34.0   2.33   1.7   0.0
 10 1993 212  19582  23.0  33.0   3.20   1.2   9.9
 10 1993 213  26350  23.0  31.2   3.02   1.3 -99.0
 10 1993 214  23722  24.4  31.2   3.02   1.3 -99.0
 10 1993 215  18898  24.4  31.2   3.02   1.3 -99.0
 10 1993 216  19294  24.4  32.0   3.02   1.3   9.9
 10 1993 217  24658  23.5  32.0   3.07   1.0   0.0
 10 1993 218  20842  24.0  31.2   3.15 -99.0 -99.0
 10 1993 219  19798  24.4  30.0   3.02 -99.0   0.0
 10 1993 220  14831  23.0  31.2   2.39 -99.0 -99.0
 10 1993 221  15731  24.4  32.0   3.02 -99.0  31.5
 10 1993 222  16775  23.0  31.2   2.71 -99.0 -99.0
 10 1993 223  17027  24.4  32.0   3.02 -99.0   1.0
 10 1993 224  13391  24.0  30.0   3.07   2.3   3.6
 10 1993 225  12491  24.5  28.0   3.02   1.4   6.9
 10 1993 226  16091  23.0  30.6   3.07   1.3 -99.0
 10 1993 227  16991 -99.0 -99.0 -99.00 -99.0 -99.0
 10 1993 228  22318 -99.0 -99.0 -99.00 -99.0 -99.0
 10 1993 229  11879 -99.0 -99.0 -99.00 -99.0 -99.0
 10 1993 230  11231 -99.0 -99.0 -99.00 -99.0 -99.0
 10 1993 231  11195 -99.0 -99.0 -99.00 -99.0 -99.0
 10 1993 232  19906 -99.0 -99.0 -99.00 -99.0 -99.0
 10 1993 233  26386 -99.0 -99.0 -99.00 -99.0 -99.0
 10 1993 234  21418  24.2  32.0   3.02   1.3  50.3
 10 1993 235  24658  24.2  32.0   3.17   1.9   4.6
 10 1993 236  17855  23.5  33.0   2.95   1.6   0.0
 10 1993 237  20626  24.5  32.0   3.17   1.2   0.0
 10 1993 238  19438  24.5  32.0   3.15   1.0   2.8
 10 1993 239  24442  24.5  32.0   3.07   1.6  63.5
 10 1993 240  22858  23.0  32.0   2.95   1.3 -99.0
 10 1993 241  23074  23.8  32.0   3.03   1.3  31.5
 10 1993 242  24658  23.0  31.0   3.08   1.0   0.8
 10 1993 243  21670  24.5  32.0   3.19   1.2  67.1
 10 1993 244  19870  24.8  30.7   2.90 -99.0 -99.0
 10 1993 245  18575  23.6  33.0   2.93 -99.0  32.8
 10 1993 246  16487  22.5  30.7   3.07 -99.0 -99.0
 10 1993 247  15155  23.6  30.7   2.93 -99.0 -99.0
 10 1993 248  17819  23.6  30.5   2.93 -99.0  30.5
 10 1993 249  19726  23.0  30.7   3.00 -99.0 -99.0
 10 1993 250  13895  23.6  29.0   2.93 -99.0  32.5
 10 1993 251  15479  23.0  29.5   2.91   0.7   2.3
 10 1993 252  17495  23.5  29.5   2.88   1.0   0.0
 10 1993 253  21886  23.5  30.0   2.84   1.0  60.5
 10 1993 254  17567  23.5  29.0   2.76   2.2   2.5
 10 1993 255  15983  23.0  28.5   2.71   1.2   2.0
 10 1993 256  23398  24.0  30.0   3.01   0.8   0.0
 10 1993 257  20590  24.5  30.2   2.82   1.0 -99.0
 10 1993 258  10619  23.5  30.0   2.82   1.0  27.9
 10 1993 259  15479  23.5  31.0   2.73   0.9   4.8
 10 1993 260  20698  23.0  30.0   2.87   1.4   0.0
 10 1993 261  18359  23.5  31.0   2.73   1.0 -99.0
 10 1993 262  15803  23.5  32.0   2.89   1.0  17.5
 10 1993 263  15155  22.5  32.0   2.74   0.9  38.1
 10 1993 264  20770  23.8  31.0   2.89   0.7   9.7
 10 1993 265  25198  24.0  31.0   3.06   1.0  17.3
 10 1993 266  25198  22.0  32.5   3.05   0.7   0.8
 10 1993 267  20950  24.5  31.0   3.17   1.0 -99.0
 10 1993 268  23146  23.7  31.6   3.00   1.0 -99.0
 10 1993 269  20590  23.8  31.6   3.02   1.0 -99.0
 10 1993 270  10223  23.6  34.0   2.93   1.0   0.8
 10 1993 271  18251  24.0  31.0   3.02   0.7   5.8
 10 1993 272  20626  24.0  31.0   3.01   0.7   0.8
 10 1993 273  20734  25.0  31.0   3.16   1.0 -99.0
 10 1993 274  17675  23.6  30.7   2.96   2.3 -99.0
 10 1993 275  15767  23.6  29.5   2.96   2.3 -99.0
 10 1993 276  10691  22.9  32.5   2.82   2.3   2.5
 10 1993 277   9431  23.4  26.5   3.24   4.7  49.5
 10 1993 278   8531  23.5  29.7   2.99   5.8  50.8
 10 1993 279  10151  23.5  30.4   2.96   1.9  12.7
 10 1993 280  11375  23.4  30.6   2.94   2.3 -99.0
 10 1993 281  17387  23.3  31.5   2.91   2.3  50.8
 10 1993 282  10439  24.4  31.0   2.89   0.8   0.0
 10 1993 283   9683  23.5  29.5   2.96   0.5   0.0
 10 1993 284  22210  22.5  32.5   2.84   0.5   0.0
 10 1993 285  24730  23.5  33.0   2.82   1.1   0.0
 10 1993 286  21454  22.5  33.5   2.85   2.0   0.0
 10 1993 287  21526  22.5  30.0   2.94   3.0   2.5
 10 1993 288  18970  22.4  31.5   2.90   1.9   3.8
 10 1993 289  18071  23.0  31.5   2.72   1.9   0.8
 10 1993 290  19438  22.0  31.9   2.97   2.3 -99.0
 10 1993 291  19222  22.9  34.0   2.86   2.3   0.0
 10 1993 292  20554  24.5  33.0   2.87   2.7   0.0
 10 1993 293  19510  23.0  27.0   2.95   0.8  15.2
 10 1993 294  22570  22.0  33.5   2.82   0.9   0.0
 10 1993 295  20194  23.5  31.5   2.97   2.5   0.0
 10 1993 296  15983  23.5  30.0   2.90   2.2   0.0
 10 1993 297  18323  23.0  31.5   2.62   3.0   0.0
 10 1993 298  17351  22.5  30.0   2.79   3.3   0.0
 10 1993 299  22642  23.5  30.0   2.73   3.3   0.0
 10 1993 300  22786  23.0  30.0   2.66   2.4   0.0
 10 1993 301  22210  21.5  31.0   2.56   2.8   0.0
 10 1993 302  19150  21.0  28.9   2.58   2.3 -99.0
 10 1993 303  11843  23.0  28.9   2.82   2.3 -99.0
 10 1993 304  15083  23.0  33.0   2.82   2.3   0.0
 10 1993 305   8819  21.5  24.5   2.51   6.9  50.8
 10 1993 306  11663  23.0  28.5   2.80   2.2  12.7
 10 1993 307  21382  23.5  32.0   3.03   1.7   0.0
 10 1993 308  22894  22.5  33.0   2.79   1.1   0.0
 10 1993 309  17567  22.5  30.6   2.92   2.5 -99.0
 10 1993 310  18826  22.5  31.5   2.73   2.5   0.0
 10 1993 311  19654  22.5  34.0   2.69   2.5   0.0
 10 1993 312  17927  22.5  32.8   2.51   2.5 -99.0
 10 1993 313  19870  22.6  33.0   2.78   2.5   0.0
 10 1993 314  17135  21.5  33.5   2.85   1.4   0.0
 10 1993 315  18683  23.0  33.0   2.38   1.0   0.0
 10 1993 316  20050  22.5  33.5   2.80   0.9   3.8
 10 1993 317  18071  23.5  33.5   3.17   0.8   2.5
 10 1993 318  15983  23.0  32.3   2.73 -99.0 -99.0
 10 1993 319  17855  22.8  34.0   2.75 -99.0   0.0
 10 1993 320  18359  22.5  31.9   2.90 -99.0 -99.0
 10 1993 321  18826  23.0  31.8   2.75 -99.0 -99.0
 10 1993 322  16415  23.1  32.0   2.79 -99.0   0.0
 10 1993 323  19258  22.0  31.3   2.49 -99.0 -99.0
 10 1993 324  14939  23.0  32.0   2.74 -99.0   0.0
 10 1993 325   8207  22.5  29.0   2.62   2.4   5.8
 10 1993 326  18071  23.5  30.0   2.66   3.8   0.0
 10 1993 327  18970  24.0  30.0   2.75   3.9   0.0
 10 1993 328  19978  24.0  30.5   2.90   3.4   0.0
 10 1993 329   7091  23.0  26.5   2.74   3.2   3.8
 10 1993 330  21742  23.5  31.5   2.59   2.7   1.3
 10 1993 331  12995  23.0  30.0   2.61   2.8   0.0
 10 1993 332  17351  23.5  30.0   2.59   3.3   0.0
 10 1993 333  20122  22.5  31.0   2.35   4.2   0.0
 10 1993 334  13823  22.5  32.0   2.45   3.2   3.0
 10 1993 335  19438  23.5  31.0   2.66   2.6   0.0
 10 1993 336  10979  23.5  30.0   2.73   2.4  10.9
 10 1993 337   9035  23.5  27.0   2.87   2.5   0.0
 10 1993 338  20338  23.5  32.5   2.57   1.7   0.0
 10 1993 339  15263  22.5  32.5   2.79   3.8   0.0
 10 1993 340   7847  23.5  26.5   2.56   2.4   5.1
 10 1993 341  14795  23.0  29.0   2.52   3.2   0.0
 10 1993 342  21526  23.5  30.0   2.53   3.9   0.0
 10 1993 343  20770  21.5  31.0   1.90   2.7   0.0
 10 1993 344  17351  22.0  32.5   2.47   2.4   0.0
 10 1993 345  14579  24.5  30.5   2.68   3.6   0.0
 10 1993 346  18539  24.0  31.0   2.58   4.1   0.0
 10 1993 347  17351  24.0  31.0   2.72   4.5   0.0
 10 1993 348  21742  22.5  33.0   2.56   2.4   0.0
 10 1993 349  16595  23.0  30.0   2.53   3.2  32.3
 10 1993 350   7811  23.0  31.2   2.54   3.3 -99.0
 10 1993 351   8927  22.7  29.5   2.48   3.3   0.0
 10 1993 352  15083  22.5  30.8   2.36   3.3 -99.0
 10 1993 353  12815  22.2  32.5   2.44   3.3   0.0
 10 1993 354  20842  22.0  32.0   2.52   3.4   0.0
 10 1993 355  18683  22.0  32.0   2.29   3.5   0.0
 10 1993 356  20122  22.5  29.0   2.30   4.3   0.0
 10 1993 357  21310  21.5  28.0   2.19   4.1   0.0
 10 1993 358  16451  20.0  28.5   1.94   4.9   0.0
 10 1993 359  20338  20.0  28.5   2.43   4.9   0.0
 10 1993 360  16739  19.0  28.8   1.98   3.3 -99.0
 10 1993 361   7811  20.6  28.0   2.26   3.3   0.0
 10 1993 362  11807  19.0  26.0   2.25   2.9   0.0
 10 1993 363  15479  19.5  30.0   2.52   2.7   0.0
 10 1993 364  17423  23.0  30.2   2.45   3.3 -99.0
 10 1993 365  17963  22.2  32.5   2.47   3.3   0.0
