*-----------------------------------------------------------
*  Station Name: IRWE0001    IRRI wetland site, Los Banos
*  Author      : Climate Unit, IRRI    -99.: nil value
*  Source      : International Rice Research Institute (IRRI)
*
*  Comments    : This file is extracted from CLICOM database.
*  Longitude:  121 15 E   Latitude:  14 11 N   Altitude: 21.0 m
*
*  Column    Daily Value
*     1      Station number
*     2      Year
*     3      Day
*     4      irradiance         KJ m-2 d-1
*     5      min temperature            oC
*     6      max temperature            oC
*     7      vapor pressure            kPa
*     8      mean wind speed         m s-1
*     9      precipitation          mm d-1
*-----------------------------------------------------------
121.25  14.18  21.0  0.00  0.00
  1 1994   1  13895  23.7  29.1   2.77   1.8   1.5
  1 1994   2   9791  23.8  27.4   2.82   1.2   8.8
  1 1994   3  14399  21.8  29.9   2.66   1.4   0.3
  1 1994   4  12563  23.0  28.4   2.66   2.4   0.0
  1 1994   5   8747  22.1  27.2   2.58   2.5   0.8
  1 1994   6   4212  23.4  25.5   2.34   2.0   5.6
  1 1994   7  12383  22.8  29.2   2.92   1.7   2.0
  1 1994   8  15875  23.5  31.5   2.96   1.3   0.0
  1 1994   9  21814  21.9  32.1   2.71   1.3   0.0
  1 1994  10  21778  21.5  31.0   2.77   1.4   0.0
  1 1994  11  15551  22.3  29.5   2.71   1.8   0.0
  1 1994  12  17675  22.5  28.5   2.59   1.4   0.5
  1 1994  13  21202  21.5  30.9   2.61   1.2   0.0
  1 1994  14  22210  23.0  30.5   2.26   1.5   0.0
  1 1994  15  11339  21.6  27.2   2.51   1.8   0.7
  1 1994  16   9215  21.3  26.0   2.53   1.6   2.5
  1 1994  17   7523  22.0  27.0   2.54   1.7   5.6
  1 1994  18  14039  23.4  29.3   2.62   2.5   0.2
  1 1994  19  18898  20.9  28.2   2.37   2.7   0.0
  1 1994  20  22678  21.9  29.4   2.30   2.1   0.0
  1 1994  21  19078  20.7  29.2   2.54   1.9   0.0
  1 1994  22  11951  21.3  27.4   2.54   1.8   0.0
  1 1994  23  13175  22.0  27.7   2.43   1.9   0.4
  1 1994  24  11195  23.0  27.7   2.56   2.1   0.2
  1 1994  25  15299  23.2  29.5   2.82   1.4  13.8
  1 1994  26  17243  23.3  30.7   2.93   1.2   5.0
  1 1994  27   7307  24.0  27.4   2.81   1.5   0.2
  1 1994  28  21058  22.9  30.0   2.62   2.3   0.2
  1 1994  29  17207  22.2  29.2   2.62   1.8   0.0
  1 1994  30  12671  22.9  26.5   2.62   1.8   5.5
  1 1994  31   9791  23.0  27.0   2.70   2.1   3.1
  1 1994  32  20482  23.1  29.7   2.69   2.6   0.0
  1 1994  33  19582  22.5  29.0   2.56   2.9   0.0
  1 1994  34  17207  23.2  28.7   2.17   2.9   0.1
  1 1994  35  11051  23.3  27.2   2.51   2.2   0.0
  1 1994  36  24082  22.2  29.0   2.44   2.7   0.0
  1 1994  37  12887  22.0  28.5   2.57   1.8   0.0
  1 1994  38  15335  23.5  29.6   2.76   1.2   0.3
  1 1994  39  21958  23.7  31.8   2.81   1.7   0.0
  1 1994  40  19798  22.0  33.2   2.65   2.1   0.0
  1 1994  41   8819  23.4  27.6   2.66   2.2   1.4
  1 1994  42  13067  23.2  28.5   2.72   2.0   0.0
  1 1994  43  10799  23.5  29.2   2.90   3.7   0.0
  1 1994  44  17531  24.0  29.0   2.78   0.9   0.5
  1 1994  45  24190  24.0  30.2   2.67   2.7   0.0
  1 1994  46  20338  21.4  29.7   2.60   1.7   0.0
  1 1994  47  22066  21.5  30.0   2.61   2.2   0.0
  1 1994  48  19222  21.5  29.0   2.56   1.4   0.0
  1 1994  49  21670  21.7  30.0   2.56   1.0   0.0
  1 1994  50  19834  19.2  30.5   2.42   1.2   0.0
  1 1994  51  24262  19.7  29.9   2.72   1.2   0.0
  1 1994  52  21058  20.0  30.2   2.66   1.2   0.0
  1 1994  53  21094  22.4  30.6   2.68   1.1   0.0
  1 1994  54  23290  20.8  31.5   2.57   1.0   0.0
  1 1994  55  18826  23.3  30.5   2.82   1.3   0.0
  1 1994  56  23794  22.5  30.6   2.76   1.9   0.0
  1 1994  57  11483  23.0  28.0   2.52   1.5   0.8
  1 1994  58  21994  22.2  29.2   2.55   2.3   0.0
  1 1994  59  22822  22.0  29.0   2.63   2.2   0.0
  1 1994  60  26242  21.0  29.6   2.42   1.9   0.0
  1 1994  61  17315  21.6  28.6   2.50   2.1   0.0
  1 1994  62  20446  21.4  29.0   2.49   1.9   0.0
  1 1994  63  23650  22.0  29.4   2.44   2.2   0.0
  1 1994  64  15443  22.5  28.7   2.55   2.0   0.0
  1 1994  65  23038  23.3  29.5   2.63   2.7   0.0
  1 1994  66  18503  22.7  29.6   2.73   1.7   0.0
  1 1994  67  23326  24.4  33.6   2.98   1.3   0.0
  1 1994  68  25846  24.9  31.5   2.97   1.8   0.0
  1 1994  69  25162  23.4  31.2   2.87   2.2   1.8
  1 1994  70  12131  24.7  29.2   2.95   1.6   2.3
  1 1994  71  18215  23.5  30.5   2.80   1.7   0.0
  1 1994  72  24982  23.8  31.1   2.89   2.2   0.0
  1 1994  73  26530  24.0  30.6   2.81   2.5   0.0
  1 1994  74  23110  23.5  30.5   2.68   2.8   3.7
  1 1994  75  23794  23.3  30.6   2.66   2.4   0.0
  1 1994  76  17711  24.0  29.8   2.82   1.9   0.2
  1 1994  77  25774  22.5  30.8   2.60   1.9   0.0
  1 1994  78  25486  22.5  31.1   2.63   1.7   0.0
  1 1994  79  20626  23.6  31.2   2.77   1.6   0.0
  1 1994  80  19042  24.5  29.1   2.71   2.1   0.0
  1 1994  81  18790  22.9  29.5   2.64   1.7   0.0
  1 1994  82  24550  22.7  33.2   2.75   0.9   0.0
  1 1994  83  20086  23.5  30.0   2.83   1.4   0.2
  1 1994  84  11231  24.2  28.2   2.75   1.4   0.9
  1 1994  85  16811  23.6  29.2   2.89   2.0   4.2
  1 1994  86  15623  23.6  28.9   2.73   3.2   0.6
  1 1994  87  27430  21.0  29.0   2.29   2.3   0.0
  1 1994  88  23578  21.7  30.0   2.55   2.1   0.0
  1 1994  89  22894  23.2  29.2   2.58   2.0   0.0
  1 1994  90  27574  21.7  30.0   2.62   2.0   0.0
  1 1994  91  29986  21.4  30.6   2.42   1.6   0.0
  1 1994  92  28006  22.1  31.5   2.63   1.6   0.0
  1 1994  93  20410  22.7  31.0   2.85   1.6   0.0
  1 1994  94  23110  23.8  30.8   2.76   2.3   1.8
  1 1994  95   4248  24.2  28.0   2.84   0.7  53.6
  1 1994  96  25882  23.2  32.2   2.97   1.5   0.0
  1 1994  97  24082  23.4  32.0   2.97   1.8   0.0
  1 1994  98  22354  22.9  32.5   2.85   1.4   0.0
  1 1994  99  27430  21.2  33.0   2.80   1.1   0.0
  1 1994 100  26818  22.6  34.1   2.80   1.0   0.0
  1 1994 101  24838  23.5  33.4   2.91   1.2   0.0
  1 1994 102  27106  24.2  33.0   3.01   1.5   0.0
  1 1994 103  27574  24.7  33.2   2.96   1.9   0.0
  1 1994 104  26782  24.7  32.2   2.91   2.3   0.0
  1 1994 105  28510  24.2  32.2   2.97   2.4   0.0
  1 1994 106  23614  23.7  32.0   2.76   2.0   0.0
  1 1994 107  23902  24.6  33.1   3.05   2.0   0.0
  1 1994 108  29086  23.9  32.5   2.97   2.1   0.0
  1 1994 109  26782  23.6  33.0   2.81   1.8   0.0
  1 1994 110  19078  24.5  32.5   2.96   1.5   0.0
  1 1994 111  27142  24.8  34.0   3.07   1.6   0.0
  1 1994 112  20554  25.5  33.1   3.00   2.1   0.0
  1 1994 113  14831  24.6  32.2   3.04   1.1   8.7
  1 1994 114  24406  24.3  32.7   3.09   1.9   0.0
  1 1994 115  19726  25.0  32.8   3.03   1.3   0.2
  1 1994 116  29122  24.4  33.2   3.01   2.0   0.0
  1 1994 117  25630  23.5  33.5   2.79   1.5   0.0
  1 1994 118  24946  25.2  33.7   3.06   1.4   0.0
  1 1994 119   4428  26.1  29.9   3.08   0.5  27.4
  1 1994 120  18934  24.8  33.7   3.11   0.8   2.7
  1 1994 121  27250  24.5  34.4   3.19   1.1   0.0
  1 1994 122  21238  24.6  33.7   3.23   0.9   1.2
  1 1994 123  19654  24.5  33.3   3.23   1.1   4.6
  1 1994 124  22678  25.0  33.6   3.21   1.4   0.0
  1 1994 125  22750  24.6  34.2   3.23   1.1   0.0
  1 1994 126  24262  24.2  34.8   2.90   1.1   0.0
  1 1994 127  17243  25.0  33.1   3.11   0.9   0.1
  1 1994 128  17855  25.4  33.2   3.18   0.9   9.4
  1 1994 129  20878  24.5  33.0   3.07   1.2   0.0
  1 1994 130  23290  25.0  33.6   3.16   0.7   0.0
  1 1994 131  21094  24.3  32.8   3.07   1.2   0.0
  1 1994 132  27430  24.7  33.4   3.06   1.2   0.2
  1 1994 133  25990  24.6  34.2   3.07   1.2   0.0
  1 1994 134  21778  24.5  34.4   3.12   1.2   0.0
  1 1994 135  18215  24.5  32.9   3.28   1.0   2.3
  1 1994 136  25918  24.5  35.0   3.12   1.5   0.0
  1 1994 137  26098  24.6  33.2   2.81   1.3   0.0
  1 1994 138  20158  24.0  34.2   2.94   1.0   4.2
  1 1994 139  18611  25.2  33.0   3.00   1.6   0.6
  1 1994 140  17063  25.4  31.9   3.01   1.2   0.0
  1 1994 141  19258  25.7  34.0   3.04   1.5   0.0
  1 1994 142  12167  25.5  32.2   3.10   1.0   0.0
  1 1994 143  24730  25.2  34.5   3.13   1.4   1.9
  1 1994 144  20914  25.8  33.0   3.12   1.8   0.8
  1 1994 145  10439  26.1  30.0   3.28   2.3   5.0
  1 1994 146  16775  25.9  30.9   3.13   1.4   5.0
  1 1994 147  25594  23.7  34.5   3.10   1.0   0.0
  1 1994 148  26674  23.7  34.0   3.01   1.4   0.0
  1 1994 149  24082  25.3  34.0   3.21   1.2   0.0
  1 1994 150  19546  23.8  33.9   3.08   1.0   0.0
  1 1994 151  22678  24.0  34.5   3.07   1.3   0.0
  1 1994 152  25774  24.1  34.1   2.89   1.4   0.0
  1 1994 153  17063  25.0  33.5   3.11   1.1   0.0
  1 1994 154  11843  25.4  31.5   3.33   1.2   8.0
  1 1994 155  21850  24.5  33.0   3.11   1.1   1.0
  1 1994 156  17459  24.7  32.2   2.85   1.1  19.6
  1 1994 157  12851  24.4  29.6   3.05   1.6   0.4
  1 1994 158  22210  24.6  32.7   3.12   1.7   1.0
  1 1994 159  19870  24.4  33.5   2.90   1.4  15.0
  1 1994 160  14975  25.0  31.7   2.91   1.1   0.8
  1 1994 161  10403  25.0  30.4   2.99   0.9   0.6
  1 1994 162  24370  24.4  33.3   3.27   1.5   0.0
  1 1994 163  20590  25.1  34.0   3.16   1.1   1.8
  1 1994 164  17315  25.0  33.5   3.17   1.2  19.6
  1 1994 165   9863  23.8  30.8   3.15   0.7   4.2
  1 1994 166  21526  23.5  32.3   3.08   1.0   0.0
  1 1994 167  22534  23.9  32.5   3.07   1.1   0.0
  1 1994 168  24730  24.0  33.6   3.01   1.5   0.0
  1 1994 169  29482  23.4  34.0   2.79   2.0   0.0
  1 1994 170  10187  24.9  31.8   3.11   0.9  47.4
  1 1994 171  18179  23.3  33.0   3.01   1.1  26.5
  1 1994 172  17999  23.9  32.3   3.21   0.9   2.2
  1 1994 173  12275  24.2  30.2   3.02   1.6 100.8
  1 1994 174   5868  23.8  28.2   2.84   1.5   7.7
  1 1994 175  16091  23.5  32.7   2.85   1.0  14.4
  1 1994 176  21094  23.6  32.2   3.05   1.2   0.8
  1 1994 177   5652  24.0  28.1   3.07   0.6   0.0
  1 1994 178  12419  24.5  31.0   3.09   1.5   0.0
  1 1994 179  12815  24.6  31.2   3.11   1.1   0.0
  1 1994 180  23434  24.5  33.5   2.94   0.9   0.0
  1 1994 181  20410  24.2  32.5   3.11   1.3   0.2
  1 1994 182  19114  24.0  31.5   3.09   1.2   0.1
  1 1994 183  17747  24.5  31.8   3.08   1.1   0.0
  1 1994 184  13787  25.5  31.2   3.10   0.9   0.8
  1 1994 185   9971  24.8  30.4   3.10   0.9   4.6
  1 1994 186  19438  24.2  30.9   3.06   1.3   2.4
  1 1994 187   9287  24.7  30.0   3.09   1.6   8.6
  1 1994 188  12563  24.1  28.9   2.82   1.9   1.0
  1 1994 189  12887  24.2  30.6   2.75   1.4   2.8
  1 1994 190  11771  24.0  29.9   2.81   2.7  13.2
  1 1994 191   5796  24.7  29.0   2.92   3.1  17.9
  1 1994 192   5760  25.0  28.2   3.05   2.1   2.2
  1 1994 193  15047  23.6  32.0   2.96   1.0   0.0
  1 1994 194  19510  23.2  32.0   3.18   1.1   2.4
  1 1994 195  13895  23.2  30.5   2.97   1.0   7.0
  1 1994 196   4500  24.2  27.5   2.98   0.9  30.3
  1 1994 197   9503  23.8  28.8   2.85   1.2   2.8
  1 1994 198  22246  23.5  31.8   3.03   1.5   0.0
  1 1994 199   9107  25.5  29.8   2.95   1.8  47.8
  1 1994 200   9791  24.8  29.4   3.07   2.1  14.8
  1 1994 201  14219  25.5  31.5   3.17   1.5   0.0
  1 1994 202  25342  24.5  32.8   2.92   1.8   0.0
  1 1994 203  15335  25.5  31.5   2.76   1.7   0.0
  1 1994 204  20770  26.0  32.4   2.92   2.8   0.0
  1 1994 205  18934  26.0  32.0   2.83   2.6   0.6
  1 1994 206   8351  27.2  31.1   2.89   1.7  29.0
  1 1994 207  13283  24.8  28.2   2.75   1.8  13.2
  1 1994 208  14651  24.0  29.7   2.79   1.6  10.6
  1 1994 209   7163  24.8  28.1   2.95   1.6   5.3
  1 1994 210   4968  24.6  29.2   2.95   1.8  52.3
  1 1994 211   6767  24.2  28.0   2.94   2.0   9.0
  1 1994 212  14183  24.5  32.0   2.72   2.0   0.8
  1 1994 213  12383  24.5  30.9   2.92   1.9   8.2
  1 1994 214   4968  24.4  28.5   2.99   1.8   2.7
  1 1994 215  16559  24.9  31.6   2.73   1.9   0.0
  1 1994 216  20554  24.2  32.0   2.98   1.2   0.0
  1 1994 217  15299  24.0  31.9   2.99   0.9   0.1
  1 1994 218   6551  25.0  30.5   3.15   1.7  11.7
  1 1994 219  14399  24.8  30.9   2.79   2.2   0.0
  1 1994 220  24838  23.7  33.5   2.86   0.9   0.0
  1 1994 221  23506  22.5  32.4   2.85   0.8   0.0
  1 1994 222  25090  22.3  31.8   2.76   1.4   0.0
  1 1994 223  24406  22.8  32.0   2.74   1.9   0.0
  1 1994 224  26746  23.2  32.1   2.95   1.5   0.0
  1 1994 225  23110  22.2  33.0   2.83   1.3   1.0
  1 1994 226  21634  22.6  32.1   3.08   1.3   0.0
  1 1994 227  25162  23.0  33.0   2.99   1.1   0.0
  1 1994 228  21670  23.0  31.5   3.06   0.9   0.0
  1 1994 229  24478  23.2  32.5   2.97   1.3   1.4
  1 1994 230  27898  24.0  32.2   2.90   1.7   0.0
  1 1994 231  23002  25.4  32.3   2.80   1.7   0.0
  1 1994 232  22138  25.1  32.8   2.91   1.6   0.0
  1 1994 233  18970  24.0  32.4   2.93   1.3   0.0
  1 1994 234  21994  25.2  33.4   3.01   1.0   0.0
  1 1994 235  21094  24.0  33.0   3.21   1.2   1.5
  1 1994 236  17063  24.0  30.2   2.84   1.5   2.2
  1 1994 237  20158  24.4  31.5   2.88   1.2   0.6
  1 1994 238  20590  24.0  32.0   2.95   1.0   1.6
  1 1994 239  21850  23.3  32.1   2.94   1.2   0.8
  1 1994 240  25558  23.0  32.7   2.93   1.1   1.4
  1 1994 241  26746  24.5  32.6   3.10   1.2  13.7
  1 1994 242  23002  23.6  31.4   3.09   1.0  12.8
  1 1994 243  12527  24.7  30.6   3.01   1.1   7.3
  1 1994 244  20050  23.5  32.1   2.79   1.2   0.0
  1 1994 245  10475  24.2  30.5   2.99   0.8  52.4
  1 1994 246  13571  23.9  30.0   3.09   0.7   8.8
  1 1994 247  10907  24.3  31.0   3.08   0.7   1.1
  1 1994 248  14831  23.1  30.5   2.94   0.7   0.0
  1 1994 249  18575  24.7  31.7   3.06   0.8   0.0
  1 1994 250  23758  24.4  32.2   2.74   1.2   5.1
  1 1994 251   9755  24.7  29.6   3.17   0.8   5.0
  1 1994 252  10403  24.7  30.0   3.15   0.7   0.0
  1 1994 253  18503  23.9  32.2   3.08   1.6   0.0
  1 1994 254  23074  24.9  32.5   3.03   2.0   1.9
  1 1994 255  17999  24.0  32.0   3.09   1.0   0.0
  1 1994 256  10943  25.0  30.0   3.04   1.1   3.6
  1 1994 257  12131  25.0  30.5   3.00   0.8   0.2
  1 1994 258  16883  24.5  31.5   3.08   0.7   0.0
  1 1994 259  15299  24.0  31.2   3.12   0.9   0.5
  1 1994 260  13463  23.6  29.9   2.97   1.2   5.6
  1 1994 261  12743  24.0  30.3   2.96   0.9   2.0
  1 1994 262  14363  24.2  31.2   3.13   0.8  19.3
  1 1994 263  15335  23.5  30.9   3.14   0.8   0.0
  1 1994 264  18862  24.0  31.7   3.03   0.9   8.0
  1 1994 265  13751  24.4  31.0   3.13   0.6   0.6
  1 1994 266  20554  24.5  32.2   3.12   1.3   0.0
  1 1994 267  23578  24.1  32.5   3.13   1.0   0.0
  1 1994 268   8063  24.5  29.5   3.09   0.9  16.8
  1 1994 269  16379  24.0  30.9   2.99   1.2   0.1
  1 1994 270  19222  23.9  32.0   3.01   1.0   0.2
  1 1994 271  18395  23.7  31.9   2.90   0.9   0.0
  1 1994 272  15659  22.9  31.5   2.94   0.7  20.1
  1 1994 273  15155  23.1  30.6   3.14   0.9  16.2
  1 1994 274  18683  24.5  30.4   2.87   1.3   0.0
  1 1994 275  23254  24.4  31.0   2.84   1.7   0.0
  1 1994 276  23470  22.5  31.2   2.74   1.5   0.0
  1 1994 277  16163  23.2  30.4   2.84   1.2   0.0
  1 1994 278  14615  23.9  30.6   2.93   1.2   3.2
  1 1994 279  10223  25.1  29.5   3.15   1.0   1.0
  1 1994 280  19690  23.0  31.6   2.85   1.0   0.0
  1 1994 281  23758  23.4  33.0   3.09   1.9   0.0
  1 1994 282  16379  25.4  31.5   3.11   1.3   4.8
  1 1994 283  18719  24.2  32.5   3.04   1.1   0.0
  1 1994 284  15047  22.8  33.0   3.03   0.9  17.0
  1 1994 285  17531  22.0  31.0   2.95   0.8   0.8
  1 1994 286  24910  21.0  31.7   3.04   1.0   0.0
  1 1994 287  19906  23.0  32.5   2.73   0.9   0.0
  1 1994 288  16523  23.2  30.6   2.85   1.0   0.2
  1 1994 289  20266  24.1  30.5   3.06   1.4   4.2
  1 1994 290  15299  24.2  31.1   2.98   1.3   0.6
  1 1994 291  19438  22.8  32.6   2.82   1.0  11.0
  1 1994 292  19402  24.4  30.2   2.82   1.5   0.2
  1 1994 293  12419  23.2  30.5   2.85   1.1  26.0
  1 1994 294   1152  23.9  25.6   2.92   4.9 154.6
  1 1994 295   7415  23.2  26.7   2.86   1.4   9.4
  1 1994 296  18934  22.5  29.1   2.54   1.5   0.0
  1 1994 297  16811  23.0  30.7   2.78   0.8   0.0
  1 1994 298  13499  22.0  29.8   2.60   0.6   0.0
  1 1994 299  13355  23.2  30.4   2.89   0.7   1.4
  1 1994 300  14255  23.5  30.0   3.01   1.3   0.0
  1 1994 301  16307  23.3  31.2   2.80   1.0   0.0
  1 1994 302  22210  24.0  31.0   2.73   1.3   0.0
  1 1994 303  19510  23.5  30.1   2.63   1.9   0.0
  1 1994 304  15119  22.7  28.2   2.45   1.9   0.0
  1 1994 305  16127  22.4  29.2   2.43   1.9   0.0
  1 1994 306  20338  22.3  30.3   2.47   1.9   0.0
  1 1994 307  19042  21.4  30.9   2.52   1.6   0.0
  1 1994 308  12167  22.4  29.8   2.53   1.7   1.7
  1 1994 309  12347  23.0  29.5   2.73   1.1   4.7
  1 1994 310  21382  22.3  29.7   2.62   1.9   0.0
  1 1994 311  14615  21.0  29.7   2.44   1.7   2.6
  1 1994 312   8963  22.9  28.5   2.60   1.6   1.6
  1 1994 313  22930  23.6  31.2   2.74   2.0   0.0
  1 1994 314  15335  22.6  29.6   2.57   2.1   0.0
  1 1994 315   9719  24.0  28.0   2.64   1.5   0.4
  1 1994 316  20770  23.1  31.0   2.71   2.6   0.3
  1 1994 317  11555  22.7  30.2   2.57   2.0   3.5
  1 1994 318  16847  23.5  30.6   2.80   2.0   4.5
  1 1994 319  16991  24.0  30.9   2.90   2.8   0.8
  1 1994 320  14435  23.2  30.0   2.43   2.4   4.0
  1 1994 321  15551  23.2  30.2   2.68   2.2   0.9
  1 1994 322  16991  22.3  30.0   2.67   2.4   0.0
  1 1994 323  17675  23.6  30.2   2.57   2.3   0.0
  1 1994 324  18467  22.2  30.5   2.44   2.0   9.8
  1 1994 325  11375  23.0  29.2   2.94   2.0  12.4
  1 1994 326  20158  24.0  30.8   2.90   2.3   0.5
  1 1994 327  13967  23.1  30.0   2.75   1.9   1.0
  1 1994 328  19510  24.0  31.0   2.71   2.0   0.0
  1 1994 329  17675  21.8  30.3   2.67   1.9   0.0
  1 1994 330   9791  22.9  28.5   2.79   1.3   0.0
  1 1994 331  16487  24.0  31.2   2.84   2.3   0.0
  1 1994 332  20950  24.5  31.5   2.80   2.5   0.0
  1 1994 333  21202  22.1  30.8   2.66   2.3   0.0
  1 1994 334  14543  22.8  30.1   2.62   2.5   3.0
  1 1994 335  17315  23.0  29.9   2.63   2.5   0.0
  1 1994 336  12527  23.3  29.8   2.62   2.1   0.0
  1 1994 337  14759  20.9  29.0   2.54   1.9   0.2
  1 1994 338  14795  23.0  29.5   2.71   2.2   0.0
  1 1994 339  17027  23.6  30.0   2.69   2.7   0.0
  1 1994 340  10799  23.5  29.0   2.81   2.4  16.2
  1 1994 341   3960  23.4  26.2   2.69   1.2  11.5
  1 1994 342   7595  22.5  28.0   2.71   1.9   0.5
  1 1994 343  19870  22.8  30.1   2.63   2.4   0.0
  1 1994 344  20698  23.0  30.4   2.68   2.2   0.0
  1 1994 345  14435  21.5  29.5   2.66   1.7   0.0
  1 1994 346  19186  21.8  30.0   2.44   2.7   0.0
  1 1994 347  17819  21.8  30.5   2.67   1.9   0.5
  1 1994 348   6228  23.2  27.1   2.83   1.6   1.4
  1 1994 349  16343  22.3  29.2   2.57   2.1   1.2
  1 1994 350  14975  22.8  29.0   2.74   2.8   0.4
  1 1994 351  12347  23.2  28.7   2.37   2.7   3.3
  1 1994 352  12311  23.1  27.9   2.39   3.1   0.6
  1 1994 353   9035  22.7  26.8   2.21   2.9   3.6
  1 1994 354  10979  22.6  27.0   2.45   3.8   0.0
  1 1994 355   8603  23.7  27.1   2.26   4.6   0.8
  1 1994 356   2052  23.6  26.0   2.75   3.4  66.4
  1 1994 357   9971  23.5  30.0   2.78   1.9   0.0
  1 1994 358  10043  22.7  29.5   2.84   2.0   0.0
  1 1994 359  16487  22.9  28.8   2.45   2.0   0.0
  1 1994 360  18898  22.0  30.0   2.32   1.6   0.0
  1 1994 361  17207  20.5  29.2   2.30   1.6   0.0
  1 1994 362  17639  21.5  29.5   2.44   1.9   0.0
  1 1994 363  10439  21.9  28.5   2.60   1.3   0.0
  1 1994 364  15011  22.6  29.7   2.81   1.4   0.2
  1 1994 365   8927  24.3  28.2   2.91   2.0   0.5
