*---------------------------------------------------------------------------*
* Station name: Suweon (Crop Experiment Station), South Korea
* Year: 1984
* Author: Peter Uithol                                     -99.000: NIL VALUE
* Source: IRRI/WMO Special project
* Comments: Incomplete year
* Longitude: 126 59 E, latitude: 37 16 N, altitude: 37. m
*
* Column  Daily value
* 1       station number
* 2       year
* 3       day
* 4       irradiation                   (kJ m-2 d-1)
* 5       minimum temperature           (degrees Celsius)
* 6       maximum temperature           (degrees Celsius)
* 7       early morning vapour pressure (kPa)
* 8       mean wind speed (height: 2 m) (m s-1)
* 9       precipitation                 (mm d-1)
*---------------------------------------------------------------------------*
 126.98  37.27    37. 0.00 0.00
   2 1984 121 22306.   7.9  14.0   0.814   2.4   3.7
   2 1984 122 21341.   5.3  18.6   0.619   1.5   0.0
   2 1984 123 22601.   6.3  20.0   0.658   1.2   0.0
   2 1984 124 20225.   8.3  19.4   0.801   1.2   0.0
   2 1984 125 24610.   6.5  22.0   0.668   1.2   0.0
   2 1984 126 23681.   7.6  22.2   0.683   2.0   0.0
   2 1984 127 23087.   7.8  24.2   0.718   1.4   0.0
   2 1984 128 21935.  11.0  24.4   0.813   1.9   0.0
   2 1984 129 21712.  12.6  25.2   1.029   1.1   0.0
   2 1984 130 20300.  10.8  24.2   0.837   1.4   0.0
   2 1984 131  5587.  11.1  25.7   0.997   1.7   0.0
   2 1984 132  9896.  18.2  22.9   1.722   1.5   3.0
   2 1984 133 26096.  13.3  19.6   1.366   1.5  24.3
   2 1984 134 12647.   8.7  24.0   0.806   1.3   0.0
   2 1984 135 22158.  10.5  21.2   0.960   1.0   0.0
   2 1984 136 24721.  10.4  24.9   0.831   1.0   0.0
   2 1984 137 24163.  10.5  23.8   0.934   1.2   0.0
   2 1984 138 25315.   9.9  23.2   0.847   1.2   0.0
   2 1984 139 22046.  10.8  25.4   0.914   1.1   0.0
   2 1984 140 19890.  13.0  27.0   0.911   0.9   0.0
   2 1984 141 23641.  12.2  25.0   0.796   1.0   0.0
   2 1984 142 23234.  11.2  26.0   0.822   1.1   0.0
   2 1984 143 20930.  12.0  25.4   0.957   1.2   0.0
   2 1984 144 11419.  11.0  25.6   0.860   1.0   0.0
   2 1984 145 11718.  14.1  22.9   1.164   0.8   0.0
   2 1984 146 17251.  14.7  23.9   1.218   0.9   2.7
   2 1984 147 15134.  16.5  25.1   1.426   1.0   0.0
   2 1984 148 15952.  17.0  25.2   1.615   1.3   0.0
   2 1984 149 15134.  17.6  25.3   1.597   1.3   0.7
   2 1984 150 25798.  16.9  25.8   1.470   1.3   0.0
   2 1984 151 21190.  14.7  25.0   1.369   1.3   0.0
   2 1984 152 22230.  12.9  27.3   1.044   1.2   0.0
   2 1984 153 24944.  12.5  29.8   0.980   1.0   0.0
   2 1984 154 21078.  16.7  29.4   1.227   1.2   0.0
   2 1984 155 15728.  16.3  28.2   1.254   1.2   0.0
   2 1984 156 14022.  20.6  28.7   1.618   0.9   0.1
   2 1984 157  6664.  18.5  27.4   1.447   2.4  13.3
   2 1984 158 25279.  15.4  23.1   1.592   1.0   7.7
   2 1984 159  5288.  14.1  26.3   1.199   0.8   0.0
   2 1984 160 26280.  16.5  21.5   1.537   0.6   0.1
   2 1984 161 24052.  13.7  24.1   1.187   1.6   0.0
   2 1984 162 22900.  15.9  28.4   1.074   1.1   0.0
   2 1984 163 26132.  14.4  32.4   1.047   0.6   0.0
   2 1984 164 21341.  19.8  33.0   1.045   1.0   0.0
   2 1984 165 14839.  17.9  31.3   1.086   1.4   0.0
   2 1984 166  3654.  20.3  29.4   1.292   2.2   0.0
   2 1984 167  7034.  19.3  25.4   1.883   2.9  22.0
   2 1984 168  7034.  17.6  24.6   1.873   2.3   7.9
   2 1984 169 16844.  18.8  25.4   1.729   0.9  18.8
   2 1984 170 20894.  18.1  25.4   1.888   1.6   5.8
   2 1984 171 18367.  16.5  27.8   1.535   1.0   0.0
   2 1984 172  9972.  19.1  27.5   1.833   1.0   0.0
   2 1984 173 22007.  19.1  23.9   1.749   0.8   1.3
   2 1984 174 18702.  17.4  27.9   1.553   1.0   0.0
   2 1984 175  4176.  19.5  28.5   1.604   0.7   0.0
   2 1984 176 14951.  20.9  22.6   2.259   0.6  29.5
   2 1984 177 23310.  19.8  27.2   2.152   1.0   1.1
   2 1984 178 11160.  18.3  27.0   1.838   1.4   0.0
   2 1984 179 26021.  18.1  25.3   1.852   0.6   0.6
   2 1984 180 24498.  15.0  27.9   1.244   1.2   0.0
   2 1984 181 22640.  15.7  30.2   1.360   1.0   0.0
   2 1984 182 11455.  17.9  31.5   1.511   1.0   0.0
   2 1984 183  1166.  23.1  30.4   2.293   2.0   0.0
   2 1984 184  5252.  22.4  26.4   2.471   2.8 141.7
   2 1984 185 20261.  20.7  23.4   2.237   1.0  41.2
   2 1984 186 14540.  19.5  28.8   1.856   1.1   0.0
   2 1984 187  8485.  21.0  28.2   1.969   1.0  10.3
   2 1984 188  5699.  21.6  24.4   2.167   1.5   5.7
   2 1984 189  6404.  22.2  24.4   2.514   1.9  19.7
   2 1984 190 16211.  21.9  26.4   2.413   0.6   0.3
   2 1984 191 16474.  21.7  29.0   2.201   1.0   5.3
   2 1984 192  2279.  21.6  28.1   2.090   1.1   0.0
   2 1984 193  9562.  20.8  23.3   2.287   1.1  46.4
   2 1984 194 22752.  20.8  25.7   2.243   1.4   0.0
   2 1984 195 18256.  21.5  29.3   2.057   1.0   0.2
   2 1984 196 18068.  22.3  30.2   2.294   0.9   7.7
   2 1984 197 23382.  19.7  27.9   1.866   1.5   0.0
   2 1984 198 25016.  18.1  28.4   1.715   1.0   0.0
   2 1984 199 21784.  18.3  30.0   1.636   1.0   0.0
   2 1984 200 19778.  20.9  30.3   1.846   1.1   0.0
   2 1984 201 22493.  21.2  30.7   1.994   1.0   0.0
   2 1984 202  6145.  21.3  31.7   1.983   0.8   0.0
   2 1984 203 14800.  22.4  25.6   2.024   1.6   6.7
   2 1984 204 18443.  21.4  29.9   2.070   1.0   1.9
   2 1984 205 20671.  22.8  29.1   2.262   1.2   0.0
   2 1984 206 19372.  21.1  29.9   2.004   0.9   0.0
   2 1984 207 20189.  19.0  31.3   1.751   0.9   0.0
   2 1984 208 11495.  24.3  32.1   2.318   1.0   0.0
   2 1984 209 13835.  25.1  31.0   2.646   0.8   0.0
   2 1984 210 22453.  22.5  30.9   2.279   0.9  21.0
   2 1984 211 25722.  22.6  33.7   2.070   1.0   0.0
   2 1984 212 15023.  23.2  34.1   2.059   1.0   0.0
   2 1984 213 13165.  24.3  32.9   2.373   0.6   1.5
   2 1984 214 18367.  24.1  30.3   2.570   0.6  17.3
   2 1984 215 16474.  23.6  31.4   2.389   1.0   0.2
   2 1984 216 17068.  24.3  31.1   2.510   1.2   0.0
   2 1984 217 21229.  24.7  31.0   2.502   1.3  19.0
   2 1984 218 21784.  23.2  31.4   2.287   1.0   0.0
   2 1984 219 16211.  22.6  31.6   2.114   0.9   0.0
   2 1984 220 21118.  21.8  31.8   2.089   0.6   0.0
   2 1984 221 22676.  23.9  33.6   2.293   1.0   0.0
   2 1984 222 22640.  23.9  34.4   2.234   0.8   0.0
   2 1984 223 20596.  22.8  32.2   2.126   1.2   0.0
   2 1984 224 16510.  24.3  33.4   2.337   0.9   0.0
   2 1984 225 11272.  24.7  32.5   2.415   1.0   0.3
   2 1984 226 11941.  23.5  29.8   2.462   0.8  18.0
   2 1984 227 20189.  20.7  26.2   2.141   1.0  21.5
   2 1984 228 20783.  17.8  28.2   1.583   0.9   0.2
   2 1984 229 23123.  18.8  32.3   1.686   0.6   0.0
   2 1984 230 21823.  23.8  34.0   2.203   0.7   0.0
   2 1984 231 11084.  24.0  34.0   2.050   1.3   0.0
   2 1984 232 12607.  25.1  31.6   2.145   1.2   0.0
   2 1984 233 18515.  22.7  30.4   2.177   1.8   9.1
   2 1984 234 11012.  21.8  28.6   2.008   1.7   0.0
   2 1984 235  2207.  20.9  28.0   2.049   0.6   0.0
   2 1984 236 15098.  20.2  23.3   2.107   1.2  59.4
   2 1984 237 14242.  22.0  30.0   2.195   0.8   3.3
   2 1984 238  8820.  22.6  29.7   2.158   0.7   0.0
   2 1984 239  4882.  22.3  28.7   2.421   0.9  19.5
   2 1984 240 10750.  23.6  27.6   2.587   1.3  33.2
   2 1984 241 18180.  23.5  28.9   2.682   1.4  12.2
   2 1984 242  2653.  23.0  29.9   2.296   1.5   0.0
   2 1984 243  2279.  22.9  25.1   2.438   0.8  22.2
   2 1984 244  2948.  22.4  25.1   2.547   2.1 190.5
   2 1984 245  6257.  19.2  23.4   2.100   0.9  87.0
   2 1984 246 14058.  18.9  22.9   1.906   0.7   1.5
   2 1984 247 20671.  18.5  24.2   1.676   0.9   0.1
   2 1984 248 11567.  16.2  26.8   1.485   0.9   0.0
   2 1984 249 18443.  15.6  25.9   1.550   0.4   0.0
   2 1984 250 11084.  19.2  28.3   1.577   0.6   0.5
   2 1984 251 18443.  18.7  25.8   1.666   0.7   0.0
   2 1984 252 16920.  16.6  27.0   1.405   1.7   0.0
   2 1984 253 19444.  14.3  24.2   1.099   1.1   0.0
   2 1984 254 17251.  12.5  24.2   1.021   1.3   0.0
   2 1984 255 18367.  12.0  24.2   1.116   1.0   0.4
   2 1984 256 18443.  13.6  24.4   1.200   1.0   0.0
   2 1984 257 18738.  12.1  25.4   1.023   0.8   0.0
   2 1984 258 16808.  14.1  27.3   1.100   0.6   0.0
   2 1984 259 12089.  14.0  26.2   1.152   0.7   0.0
   2 1984 260 15358.  13.3  24.5   1.227   0.6   0.0
   2 1984 261  8820.  15.6  25.5   1.312   1.0   0.0
   2 1984 262 18626.  14.5  26.5   1.203   1.0  10.6
   2 1984 263 15134.  16.7  24.5   1.583   0.8   0.0
   2 1984 264 18925.  13.0  25.6   1.187   0.6   0.0
   2 1984 265 14281.  13.6  27.0   1.195   0.7   0.0
   2 1984 266  5364.  13.5  24.8   1.274   0.8   0.0
   2 1984 267 17957.  15.9  21.8   1.502   0.6   0.0
   2 1984 268 14688.  12.4  21.9   0.813   1.5   0.0
   2 1984 269  8298.   7.5  24.5   0.737   0.7   0.0
   2 1984 270  4846.  13.1  22.0   1.177   0.8   0.0
   2 1984 271 17586.  12.5  21.6   0.953   1.2   0.0
   2 1984 272 10789.  15.9  22.8   1.370   1.5   0.0
   2 1984 273 12982.  14.9  24.5   1.404   0.8   0.0
   2 1984 274  4212.  16.0  24.4   1.392   1.6   0.0
   2 1984 275 16063.  13.3  19.8   1.360   7.0   3.0
   2 1984 276 11383.   8.6  19.0   0.581   3.2   0.0
   2 1984 277 15134.   4.9  18.0   0.639   2.4   1.9
   2 1984 278 16398.   2.6  18.4   0.466   2.8   0.0
   2 1984 279 16585.   8.0  20.5   0.760   2.0   0.3
   2 1984 280 14242.   6.4  20.8   0.661   0.6   0.0
   2 1984 281 16621.   6.6  21.8   0.684   0.6   0.0
   2 1984 282 13982.   7.4  22.0   0.730   0.8   0.0
   2 1984 283 14504.   6.9  23.0   0.719   1.6   0.0
   2 1984 284  8449.   9.3  24.3   0.841   1.2   0.0
   2 1984 285 10084.  10.8  20.8   0.939   1.4   0.0
   2 1984 286 13871.   8.9  21.9   0.839   2.2   0.0
   2 1984 287 14764.  11.1  20.6   1.138   3.0   0.0
   2 1984 288  7110.   7.3  22.4   0.731   1.4   0.0
   2 1984 289 12424.   9.7  20.0   0.984   4.0   0.0
   2 1984 290 13910.  10.6  21.0   0.791   3.4   0.0
   2 1984 291 14281.   4.7  21.2   0.518   2.4   0.0
   2 1984 292 12236.   6.9  21.2   0.622   3.2   3.5
   2 1984 293 14800.   5.1  12.6   0.620   5.0   3.1
   2 1984 294  9821.   1.2  10.6   0.273   4.0   0.0
   2 1984 295 17474.   1.8  20.0   0.471   3.4   0.0
   2 1984 296  3953.  10.4  19.6   0.969   3.2   0.0
   2 1984 297 11941.   6.4  18.8   0.795   0.4   0.0
   2 1984 298 12013.   8.1  20.0   0.869   1.8   0.0
   2 1984 299 13352.   6.5  22.2   0.735   1.0   0.0
   2 1984 300  8856.   7.3  17.4   0.739   4.0   2.5
   2 1984 301 14764.   4.6  11.6   0.570   4.0   0.0
   2 1984 302 11455.  -0.1  12.1   0.394   3.8   0.0
   2 1984 303  9490.   1.1  11.5   0.356   3.8   0.0
   2 1984 304   -99.  -1.4  15.1   0.386   3.2   0.0
