*---------------------------------------------------------------------------*
* Station name: Milyang (Yeongnam Crop Experiment Station), South Korea
* Year: 1984
* Author: Peter Uithol                                     -99.000: NIL VALUE
* Source: IRRI/WMO Special project
* Comments: Incomplete year
* Longitude: 128 44 E, latitude: 35 29 N, altitude: 12. m
*
* Column  Daily value
* 1       station number
* 2       year
* 3       day
* 4       irradiation                   (kJ m-2 d-1)
* 5       minimum temperature           (degrees Celsius)
* 6       maximum temperature           (degrees Celsius)
* 7       early morning vapour pressure (kPa)
* 8       mean wind speed (height: 2 m) (m s-1)
* 9       precipitation                 (mm d-1)
*---------------------------------------------------------------------------*
 128.73  35.48    12. 0.00 0.00
   1 1984 127 19498.   7.1  27.4   0.324   1.1   0.0
   1 1984 128 21204.   8.4  29.2   0.373   1.4   0.0
   1 1984 129 23141.   9.4  28.3   0.484   1.1   0.0
   1 1984 130 22093.  11.0  25.6   0.692   1.3   0.0
   1 1984 131 20970.  10.2  27.0   0.691   1.7   0.0
   1 1984 132  3834.  15.9  26.5   1.047   2.0   0.0
   1 1984 133 11704.  14.9  18.9   1.545   1.6  72.7
   1 1984 134 11045.  13.5  22.3   0.797   1.1   0.0
   1 1984 135  8874.  12.2  22.4   1.005   1.2   0.0
   1 1984 136 21784.   9.8  19.6   0.773   0.9   0.0
   1 1984 137 22248.   6.9  22.8   0.495   1.2   0.0
   1 1984 138 25391.   9.0  24.6   0.527   1.1   0.0
   1 1984 139 26399.   9.4  25.3   0.375   0.9   0.0
   1 1984 140 27756.   7.5  26.1   0.266   1.3   0.0
   1 1984 141 19652.   8.4  23.1   0.398   0.9   0.0
   1 1984 142 28181.   7.3  25.8   0.292   1.1   0.0
   1 1984 143 26748.   8.0  27.7   0.374   1.1   0.0
   1 1984 144 21010.  10.2  27.4   0.558   1.0   0.0
   1 1984 145 13914.  11.6  24.0   0.685   0.8   0.0
   1 1984 146 25312.  12.2  28.8   0.579   1.0   0.0
   1 1984 147 19922.  14.8  27.7   0.822   0.8   0.0
   1 1984 148 21240.  15.8  29.0   0.914   1.0   6.4
   1 1984 149 24538.  14.2  28.1   0.890   1.1   0.0
   1 1984 150 20660.  14.3  28.5   0.897   1.1  32.8
   1 1984 151 26280.  16.5  27.3   1.127   1.2   0.0
   1 1984 152 20815.  15.3  31.5   0.746   0.7   0.0
   1 1984 153 15890.  16.9  28.7   0.965   0.7   0.0
   1 1984 154 20855.  17.7  30.1   1.204   1.2   0.0
   1 1984 155 22637.  15.3  28.4   1.035   1.2   0.0
   1 1984 156 13021.  19.7  26.3   1.691   1.5   0.6
   1 1984 157  5461.  19.6  24.6   1.690   3.0   6.8
   1 1984 158  6005.  15.4  23.9   1.488   1.7   5.4
   1 1984 159 26125.  14.3  30.6   0.864   1.0   0.0
   1 1984 160  5306.  15.2  19.4   1.506   0.6  13.3
   1 1984 161 27637.  15.1  28.3   0.924   1.2   0.0
   1 1984 162 26978.  13.3  31.2   0.668   0.9   0.0
   1 1984 163 27018.  15.7  32.3   0.687   1.0   0.0
   1 1984 164 26514.  14.4  32.0   0.663   0.8   0.0
   1 1984 165 21434.  17.3  30.3   0.911   0.9   0.0
   1 1984 166 11239.  19.3  28.7   1.215   1.7   0.0
   1 1984 167  6120.  20.7  24.8   2.127   1.7  59.3
   1 1984 168 18335.  20.5  27.9   1.371   1.1   0.0
   1 1984 169 13216.  20.0  30.0   1.362   1.2   1.0
   1 1984 170 12323.  20.3  26.3   1.741   2.0  11.5
   1 1984 171 13021.  17.8  30.1   1.195   0.9   0.0
   1 1984 172 15736.  19.3  26.5   1.569   0.8   0.0
   1 1984 173 16978.  19.7  23.1   1.921   0.5   7.0
   1 1984 174 18680.  18.4  25.8   1.299   1.0   0.0
   1 1984 175 15930.  15.6  28.4   1.038   0.8   0.0
   1 1984 176 10580.  19.5  22.8   1.990   0.5  16.1
   1 1984 177 13604.  19.9  26.6   2.038   0.4  36.0
   1 1984 178 16240.  19.2  31.7   1.327   0.8   0.0
   1 1984 179 10850.  18.9  25.7   1.458   0.5   0.0
   1 1984 180 19534.  17.9  30.0   1.086   1.0   0.0
   1 1984 181 24070.  18.4  30.6   1.072   0.9   0.0
   1 1984 182 19418.  17.6  30.0   1.188   1.4   0.0
   1 1984 183 20581.  23.0  31.5   1.786   1.9   0.0
   1 1984 184 21784.  25.0  31.6   1.951   2.9   0.0
   1 1984 185  9842.  22.0  30.6   1.885   1.9  15.0
   1 1984 186  2203.  20.3  23.9   2.170   0.7  91.7
   1 1984 187 10152.  20.1  25.9   1.891   0.8   1.5
   1 1984 188  3794.  21.3  25.7   2.316   1.6 163.0
   1 1984 189 11898.  23.8  29.5   2.043   1.7   0.0
   1 1984 190 12557.  23.0  30.9   2.141   0.8  14.7
   1 1984 191  3056.  21.5  25.0   2.223   0.6  17.1
   1 1984 192  5771.  20.3  24.1   1.972   0.6   3.6
   1 1984 193  7672.  20.1  23.7   1.856   0.8  27.0
   1 1984 194 27058.  21.0  33.7   1.491   0.9   0.7
   1 1984 195 27097.  21.5  32.5   1.497   0.8   0.0
   1 1984 196 22676.  22.6  31.9   1.881   1.5   0.0
   1 1984 197 26399.  23.5  33.5   1.670   1.0   0.0
   1 1984 198 23605.  20.7  31.6   1.269   0.8   0.0
   1 1984 199 24188.  21.8  31.1   1.572   1.2   0.0
   1 1984 200 23839.  19.1  30.4   1.237   1.1   0.0
   1 1984 201 22442.  19.3  30.4   1.313   0.8   0.0
   1 1984 202 23296.  19.3  31.6   1.212   1.1   0.0
   1 1984 203  3910.  19.1  25.6   1.844   0.6  86.5
   1 1984 204 17867.  22.8  29.8   1.998   1.5  20.5
   1 1984 205 10076.  23.2  28.8   2.301   0.7   0.0
   1 1984 206 15271.  23.1  30.6   2.120   0.4   7.2
   1 1984 207 24498.  22.8  31.6   1.832   0.9   0.0
   1 1984 208 23760.  22.0  32.3   1.625   0.8   0.0
   1 1984 209 18605.  23.8  33.3   1.946   0.5   0.0
   1 1984 210 21046.  24.8  31.8   2.000   1.3   0.0
   1 1984 211 23026.  24.9  32.6   1.927   2.0   0.0
   1 1984 212 23879.  22.2  32.9   1.511   0.8   0.0
   1 1984 213 22212.  22.5  32.9   1.528   1.2   0.0
   1 1984 214 15077.  23.5  30.5   2.247   1.1   4.5
   1 1984 215 17482.  24.9  32.2   2.198   0.9   7.2
   1 1984 216 22907.  23.3  33.3   1.782   0.8   0.0
   1 1984 217 24419.  23.6  33.5   1.814   1.1   0.0
   1 1984 218 21899.  23.1  33.0   1.763   0.7   0.0
   1 1984 219 21359.  22.4  31.7   1.755   1.4   0.0
   1 1984 220 20581.  23.7  34.5   1.869   0.7   0.0
   1 1984 221 25506.  24.2  36.5   1.555   0.7   0.0
   1 1984 222 24070.  24.1  36.9   1.569   0.8   0.0
   1 1984 223 24692.  23.1  36.5   1.452   0.6   0.0
   1 1984 224 22327.  24.2  35.9   1.524   1.1   0.0
   1 1984 225 20272.  23.0  34.5   1.564   0.9   9.0
   1 1984 226 12866.  23.2  30.8   2.221   0.6  17.6
   1 1984 227 13720.  21.9  29.8   1.789   0.9  18.2
   1 1984 228  9763.  22.4  29.3   2.178   0.4   0.7
   1 1984 229 19418.  23.4  33.9   1.850   0.7   0.0
   1 1984 230 19613.  22.3  33.4   1.469   1.1   0.0
   1 1984 231 15890.  23.6  33.0   1.529   1.3   0.0
   1 1984 232 12283.  25.0  30.9   1.954   0.8   3.0
   1 1984 233  3640.  24.5  28.8   2.408   1.5  61.3
   1 1984 234 23411.  22.0  32.0   1.437   2.2   0.0
   1 1984 235 23450.  20.4  33.1   1.492   0.8   0.0
   1 1984 236  9454.  22.5  29.8   1.676   1.4   1.7
   1 1984 237 11200.  24.3  31.0   1.969   0.9   0.0
   1 1984 238  3096.  22.0  24.4   2.171   0.8  45.5
   1 1984 239  4997.  22.3  25.5   2.195   0.4  13.5
   1 1984 240 15466.  23.0  31.8   1.944   1.4   0.5
   1 1984 241 21744.  22.3  32.9   1.796   1.1   0.0
   1 1984 242 21514.  23.9  32.2   1.708   1.1   0.0
   1 1984 243 13795.  22.4  29.7   1.750   1.0  12.3
   1 1984 244 16704.  25.0  29.4   2.135   3.4  15.8
   1 1984 245   616.  25.0  29.1   2.157   3.5  25.2
   1 1984 246   925.  19.1  25.4   1.830   1.5 142.8
   1 1984 247  7672.  18.9  23.6   1.652   0.9   4.4
   1 1984 248 18565.  16.9  27.8   1.127   0.6   3.0
   1 1984 249 15890.  17.4  27.7   1.386   0.9   0.0
   1 1984 250  7283.  19.0  24.4   1.641   0.5   3.8
   1 1984 251  7592.  18.7  25.9   1.602   0.6   1.9
   1 1984 252  7477.  19.3  25.5   1.663   0.8  21.2
   1 1984 253  9842.  14.8  23.4   1.049   0.7   0.0
   1 1984 254 13680.  13.1  25.1   0.988   0.6   0.0
   1 1984 255 21395.  12.2  26.9   0.793   0.9   0.0
   1 1984 256 12751.  14.3  24.1   1.057   0.5   0.0
   1 1984 257 19418.  13.9  28.1   0.917   0.8   0.0
   1 1984 258 16355.  16.6  27.4   1.076   0.6   0.0
   1 1984 259 19303.  16.0  28.3   0.933   0.6   0.0
   1 1984 260 14494.  16.2  26.7   1.194   0.8   0.0
   1 1984 261 18839.  15.5  27.4   1.156   0.9   0.0
   1 1984 262  9104.  15.0  23.1   1.235   1.0   0.0
   1 1984 263 15890.  13.4  27.0   0.957   0.6   0.0
   1 1984 264 15426.  15.2  27.8   1.158   0.6   0.0
   1 1984 265 19807.  13.6  27.5   0.848   0.6   0.0
   1 1984 266 18256.  13.3  28.0   0.880   0.8   0.0
   1 1984 267 18295.  12.8  27.6   0.734   0.8   0.0
   1 1984 268 13100.  14.1  26.8   0.960   0.6   0.0
   1 1984 269 11704.  11.5  24.4   0.766   1.0   0.0
   1 1984 270  9727.  13.1  23.2   0.727   0.7   0.0
   1 1984 271  9842.  12.4  25.8   0.869   0.9   0.0
   1 1984 272 16279.  12.0  25.9   1.099   0.6  12.8
   1 1984 273 11588.  10.2  27.7   0.534   0.7   0.0
   1 1984 274  9259.  15.0  25.3   1.152   0.5   0.0
   1 1984 275  2437.  10.1  19.8   1.080   0.6  14.0
   1 1984 276  7672.  12.5  21.8   0.856   1.0   2.4
   1 1984 277 17636.   9.2  21.4   0.294   1.9   0.0
   1 1984 278 16085.   4.7  19.9   0.237   1.2   0.0
   1 1984 279 18176.   5.7  22.0   0.398   0.9   0.0
   1 1984 280 15775.   7.5  21.0   0.320   1.4   0.0
   1 1984 281 16510.   4.5  21.8   0.361   0.9   0.0
   1 1984 282 14612.   5.7  23.6   0.475   0.7   0.0
   1 1984 283 17053.   5.1  24.1   0.394   0.7   0.0
   1 1984 284 15502.   6.1  24.3   0.575   1.3   0.0
   1 1984 285 14108.   9.6  24.7   0.570   1.0   0.0
   1 1984 286 23800.   8.6  24.5   0.709   1.5   0.0
   1 1984 287 11588.  11.3  23.2   0.623   0.7   0.0
   1 1984 288  7362.   7.9  22.5   0.604   1.0   0.0
   1 1984 289  9997.   7.5  21.6   0.605   0.7   0.0
   1 1984 290 14612.   6.7  24.1   0.606   1.1   0.0
   1 1984 291 14882.   5.4  22.9   0.329   1.2   0.0
   1 1984 292 13061.   5.9  21.5   0.371   1.0   0.0
   1 1984 293 17482.   5.8  16.4   0.244   1.6   0.0
   1 1984 294 11239.   0.9  15.3   0.163   2.1   0.0
   1 1984 295 14184.  -0.1  20.6   0.304   1.1   0.0
   1 1984 296 12283.   5.5  23.8   0.574   1.2   0.0
   1 1984 297  7438.   8.5  20.3   0.820   0.6   0.0
   1 1984 298 14144.   7.0  26.5   0.499   0.8   0.0
   1 1984 299 12827.   5.6  23.9   0.501   0.8   0.0
   1 1984 300 13370.   6.4  21.9   0.563   1.3   0.0
   1 1984 301 11470.   4.0  16.5   0.275   2.4   0.0
   1 1984 302 14263.   1.2  15.4   0.209   1.8   0.0
   1 1984 303 14458.  -0.2  14.6   0.132   1.9   0.0
   1 1984 304   -99.  -2.7  17.0   0.251   0.9   0.0
