*-----------------------------------------------------------------------*
* Station name: MADRID Ciudad Universitaria, SPAIN
* Author: P. Denoroy                                  -99.000: NIL VALUE
* Source: University Madrid
* Comments: GR evaluation : with sunshine duration
*  and Angstrom equation ; coeff.:  a=0.2366 & b=0.5052
* Longitude:  3.6 W, latitude:  40.4  N, altitude:  -99 m.
*
* Column  Daily value
* 1       station number
* 2       year
* 3       day
* 4       irradiation                   (kJ m-2 d-1)
* 5       minimum temperature           (degrees Celsius)
* 6       maximum temperature           (degrees Celsius)
* 7       early morning vapour pressure (kPa)
* 8       mean wind speed               (m s-1)
* 9       precipitation                 (mm d-1)
*-----------------------------------------------------------------------*
  -3.60  40.40   -99. 0.00 0.00
  18 1988  61      3     1     1       4     4     1
  18 1988  61 16992.   2.0  11.0 -99.000 -99.0   0.0
  18 1988  62      4     4     4       4     4     1
  18 1988  62   -99. -99.0 -99.0 -99.000 -99.0   0.0
  18 1988  63      3     1     1       4     4     1
  18 1988  63  7500.   3.0   9.0 -99.000 -99.0   0.0
  18 1988  64  6136.   1.0  10.0 -99.000 -99.0   0.0
  18 1988  65 15853.   2.0   9.0 -99.000 -99.0   0.0
  18 1988  66 17649.  -1.0  14.0 -99.000 -99.0   0.0
  18 1988  67      4     1     1       4     4     1
  18 1988  67   -99.   0.0  16.0 -99.000 -99.0   0.0
  18 1988  68      3     1     1       4     4     1
  18 1988  68 18136.  -1.0  18.0 -99.000 -99.0   0.0
  18 1988  69 18040.   1.0  16.0 -99.000 -99.0   0.0
  18 1988  70 18169.  -1.0  18.0 -99.000 -99.0   0.0
  18 1988  71 18413.   0.0  19.0 -99.000 -99.0   0.0
  18 1988  72 19005.   1.0  20.0 -99.000 -99.0   0.0
  18 1988  73 18438.   5.0  19.0 -99.000 -99.0   0.0
  18 1988  74 12365.   4.0  19.0 -99.000 -99.0   0.0
  18 1988  75 17985.   7.0  19.0 -99.000 -99.0   0.0
  18 1988  76 13376.   9.0  20.0 -99.000 -99.0   0.0
  18 1988  77      4     1     1       4     4     1
  18 1988  77   -99.   6.0  19.0 -99.000 -99.0   0.0
  18 1988  78      3     1     1       4     4     1
  18 1988  78 19662.   5.0  22.0 -99.000 -99.0   0.0
  18 1988  79 17266.   6.0  23.0 -99.000 -99.0   0.0
  18 1988  80 18223.   7.0  23.0 -99.000 -99.0   0.0
  18 1988  81 12636.   4.0  18.0 -99.000 -99.0   0.8
  18 1988  82 14187.   4.0  16.0 -99.000 -99.0   0.0
  18 1988  83 20160.   3.0  21.0 -99.000 -99.0   0.0
  18 1988  84 20404.   9.0  22.0 -99.000 -99.0   0.0
  18 1988  85 21143.  10.0  26.0 -99.000 -99.0   0.0
  18 1988  86 19153.   6.0  24.0 -99.000 -99.0   0.0
  18 1988  87 20387.   6.0  20.0 -99.000 -99.0   0.0
  18 1988  88 20377.   7.0  22.0 -99.000 -99.0   0.0
  18 1988  89  7905.   3.0  18.0 -99.000 -99.0   0.3
  18 1988  90  8217.   6.0  14.0 -99.000 -99.0   0.0
  18 1988  91 20840.   4.0  17.0 -99.000 -99.0   0.0
  18 1988  92 23160.   3.0  17.0 -99.000 -99.0   0.0
  18 1988  93 15577.   6.0  17.0 -99.000 -99.0  18.0
  18 1988  94  2448.   3.0   6.0 -99.000 -99.0  26.0
  18 1988  95  7998.   3.0   9.0 -99.000 -99.0   1.0
  18 1988  96      4     1     1       4     4     1
  18 1988  96   -99.   5.0  12.0 -99.000 -99.0   1.3
  18 1988  97      3     1     1       4     4     1
  18 1988  97 13302.   6.0  14.0 -99.000 -99.0   0.0
  18 1988  98 13767.   7.0  16.0 -99.000 -99.0   0.0
  18 1988  99      1     1     4       4     4     1
  18 1988  99 12936.   2.0 -99.0 -99.000 -99.0   0.0
  18 1988 100 21109.   5.0  16.0 -99.000 -99.0   0.0
  18 1988 101 19134.  10.0  17.0 -99.000 -99.0   0.0
  18 1988 102      3     1     1       4     4     1
  18 1988 102  8249.  10.0  15.0 -99.000 -99.0  12.0
  18 1988 103      4     1     1       4     4     1
  18 1988 103   -99.  12.0  18.0 -99.000 -99.0   0.0
  18 1988 104      1     1     1       4     4     1
  18 1988 104 12865.  10.0  20.0 -99.000 -99.0   0.0
  18 1988 105 18276.  12.0  22.0 -99.000 -99.0   0.0
  18 1988 106 20092.  12.0  24.0 -99.000 -99.0   0.0
  18 1988 107 20569.  11.0  22.0 -99.000 -99.0   0.0
  18 1988 108 13752.  13.0  19.0 -99.000 -99.0   3.3
  18 1988 109      3     1     1       4     4     1
  18 1988 109 12914.  13.0  21.0 -99.000 -99.0  26.0
  18 1988 110      4     1     1       4     4     1
  18 1988 110   -99.   5.0  19.0 -99.000 -99.0   8.0
  18 1988 111      3     1     1       4     4     1
  18 1988 111 23589.   9.0  20.0 -99.000 -99.0   0.0
  18 1988 112 24622.  11.0  21.0 -99.000 -99.0   0.0
  18 1988 113 16410.   7.0  18.0 -99.000 -99.0   1.0
  18 1988 114 25469.   7.0  17.0 -99.000 -99.0   0.0
  18 1988 115 21180.   8.0  17.0 -99.000 -99.0   0.0
  18 1988 116  8657.   5.0  10.0 -99.000 -99.0   7.0
  18 1988 117      1     1     1       4     4     1
  18 1988 117  9374.   5.0  14.0 -99.000 -99.0   5.0
  18 1988 118 27993.   3.0  16.0 -99.000 -99.0   0.0
  18 1988 119 26282.  11.0  20.0 -99.000 -99.0   0.0
  18 1988 120 22620.   6.0  18.0 -99.000 -99.0   0.0
  18 1988 121 24273. -99.0  18.0 -99.000 -99.0   0.0
  18 1988 122 11412. -99.0  11.0 -99.000 -99.0  20.0
  18 1988 123 14660.   5.0  14.0 -99.000 -99.0   2.5
  18 1988 124 16753.   9.0  16.0 -99.000 -99.0   1.7
  18 1988 125  8717.  11.0  15.0 -99.000 -99.0   1.3
  18 1988 126  6675.  11.0  14.0 -99.000 -99.0   1.2
  18 1988 127 13990.   7.0  18.0 -99.000 -99.0   0.0
  18 1988 128 22612.  11.0  19.0 -99.000 -99.0   0.0
  18 1988 129 22465.  11.0  22.0 -99.000 -99.0   0.0
  18 1988 130      1     1     1       4     4     4
  18 1988 130 22821.  11.0  22.0 -99.000 -99.0 -99.0
  18 1988 131      1     1     1       4     4     1
  18 1988 131 13124.  10.0  19.0 -99.000 -99.0   2.7
  18 1988 132 23683.  11.0  19.0 -99.000 -99.0   9.0
  18 1988 133 13915. -99.0  17.0 -99.000 -99.0   3.0
  18 1988 134 15748.   7.0 -99.0 -99.000 -99.0   0.0
  18 1988 135 14367.   8.0  17.0 -99.000 -99.0   0.7
  18 1988 136 21201.   9.0  21.0 -99.000 -99.0   0.0
  18 1988 137 26031.   8.0  21.0 -99.000 -99.0   0.0
  18 1988 138      3     1     1       4     4     1
  18 1988 138 26678.   7.0  20.0 -99.000 -99.0   0.0
  18 1988 139 26436. -99.0 -99.0 -99.000 -99.0   0.0
  18 1988 140      1     1     1       4     4     1
  18 1988 140 27767.   9.0  21.0 -99.000 -99.0   0.0
  18 1988 141 27968.  12.0  24.0 -99.000 -99.0   0.0
  18 1988 142 23574. -99.0  25.0 -99.000 -99.0   0.0
  18 1988 143 20481.  13.0  24.0 -99.000 -99.0   0.0
  18 1988 144 26432.  10.0  25.0 -99.000 -99.0   1.0
  18 1988 145 18272.  12.0  24.0 -99.000 -99.0  11.0
  18 1988 146 22469.  11.0  21.0 -99.000 -99.0   2.0
  18 1988 147 24591.  11.0  22.0 -99.000 -99.0   0.0
  18 1988 148 26905.   8.0  21.0 -99.000 -99.0   0.0
  18 1988 149 25876.  12.0  22.0 -99.000 -99.0   0.0
  18 1988 150 28236.  10.0  23.0 -99.000 -99.0   0.0
  18 1988 151 26930.   8.0  25.0 -99.000 -99.0   0.0
  18 1988 152 29939.   9.0  26.0 -99.000 -99.0   0.0
  18 1988 153 31115.  18.0  27.0 -99.000 -99.0   0.0
  18 1988 154 30839.  17.0  30.0 -99.000 -99.0   0.0
  18 1988 155 25344.  13.0  30.0 -99.000 -99.0   5.0
  18 1988 156 29956.   8.0  28.0 -99.000 -99.0   0.0
  18 1988 157 32990.   9.0  24.0 -99.000 -99.0   0.0
  18 1988 158 31994.   8.0  24.0 -99.000 -99.0   0.0
  18 1988 159 28370.  13.0  25.0 -99.000 -99.0   3.0
  18 1988 160 11454.  11.0  23.0 -99.000 -99.0  19.0
  18 1988 161   -99.  11.0  17.0 -99.000 -99.0   1.0
  18 1988 162   -99.  10.0  20.0 -99.000 -99.0   0.0
  18 1988 163 19138.  10.0  20.0 -99.000 -99.0   1.0
  18 1988 164 22725.  12.0  21.0 -99.000 -99.0   0.0
  18 1988 165 10015.  11.0  19.0 -99.000 -99.0   5.2
  18 1988 166 19670.  11.0  20.0 -99.000 -99.0   0.0
  18 1988 167 16296.  11.0  21.0 -99.000 -99.0   0.0
  18 1988 168 23352.  11.0  22.0 -99.000 -99.0   0.0
  18 1988 169   -99.  10.0  21.0 -99.000 -99.0   4.0
  18 1988 170 25424.  14.0  24.0 -99.000 -99.0   0.0
  18 1988 171 29370.  15.0  28.0 -99.000 -99.0   0.0
  18 1988 172   -99.  17.0  28.0 -99.000 -99.0   0.0
  18 1988 173   -99.  15.0  30.0 -99.000 -99.0   0.0
  18 1988 174   -99.  15.0  28.0 -99.000 -99.0   5.0
  18 1988 175   -99.  12.0  24.0 -99.000 -99.0   5.0
  18 1988 176   -99.  14.0  24.0 -99.000 -99.0   0.0
  18 1988 177   -99.  14.0  28.0 -99.000 -99.0   0.0
  18 1988 178   -99.  11.0  22.0 -99.000 -99.0   9.0
  18 1988 179   -99.  13.0  24.0 -99.000 -99.0   1.0
  18 1988 180   -99.  13.0  23.0 -99.000 -99.0   0.0
  18 1988 181   -99.  12.0  21.0 -99.000 -99.0  10.3
  18 1988 182   -99.  13.0  16.0 -99.000 -99.0   9.3
  18 1988 183   -99.  11.0 -99.0 -99.000 -99.0   0.0
  18 1988 184   -99. -99.0  25.0 -99.000 -99.0   0.0
  18 1988 185   -99.  13.0  23.0 -99.000 -99.0   0.0
  18 1988 186   -99.  10.0  17.0 -99.000 -99.0   0.2
  18 1988 187 25738.   9.0  21.0 -99.000 -99.0   7.3
  18 1988 188 25148.   9.0  24.0 -99.000 -99.0   0.0
  18 1988 189 30852.   9.0  26.0 -99.000 -99.0   0.0
  18 1988 190 32011.  12.0  28.0 -99.000 -99.0   0.0
  18 1988 191 31768.  18.0  32.0 -99.000 -99.0   0.0
  18 1988 192 30802.  17.0  34.0 -99.000 -99.0   0.0
  18 1988 193 28877.  16.0  35.0 -99.000 -99.0   0.0
  18 1988 194 30663. -99.0 -99.0 -99.000 -99.0   0.0
  18 1988 195 30965.  17.0  35.0 -99.000 -99.0   0.0
  18 1988 196 31588.  17.0  35.0 -99.000 -99.0   0.0
  18 1988 197 32099.  13.0  31.0 -99.000 -99.0   0.0
  18 1988 198 32141.  18.0  32.0 -99.000 -99.0   0.0
  18 1988 199 27939.  20.0  34.0 -99.000 -99.0   0.0
  18 1988 200   -99.  20.0  36.0 -99.000 -99.0   1.0
  18 1988 201   -99.  13.0  28.0 -99.000 -99.0   0.0
  18 1988 202   -99.  16.0  30.0 -99.000 -99.0   0.0
  18 1988 203   -99.  21.0  34.0 -99.000 -99.0   0.0
  18 1988 204   -99.  22.0  36.0 -99.000 -99.0   0.0
  18 1988 205   -99.  19.0  35.0 -99.000 -99.0   0.0
  18 1988 206   -99.  19.0  33.0 -99.000 -99.0   0.0
  18 1988 207   -99.  21.0  35.0 -99.000 -99.0   0.0
  18 1988 208   -99.  17.0  37.0 -99.000 -99.0   0.0
  18 1988 209   -99.  18.0  37.0 -99.000 -99.0   0.0
  18 1988 210   -99.  17.0  37.0 -99.000 -99.0   0.0
  18 1988 211   -99.  18.0  35.0 -99.000 -99.0   0.0
  18 1988 212   -99.  20.0  33.0 -99.000 -99.0   0.0
  18 1988 213   -99.  16.0  35.0 -99.000 -99.0   0.0
  18 1988 214      3     1     1       4     4     1
  18 1988 214 25171.  22.0  37.0 -99.000 -99.0   0.0
  18 1988 215 24975. -99.0  38.0 -99.000 -99.0   0.0
  18 1988 216 27138.  13.0  28.0 -99.000 -99.0   0.0
  18 1988 217  9064.  18.0  30.0 -99.000 -99.0   0.0
  18 1988 218 25767.  20.0  34.0 -99.000 -99.0   0.0
  18 1988 219 26670.  16.0  33.0 -99.000 -99.0   0.0
  18 1988 220 25638.  18.0  32.0 -99.000 -99.0   0.0
  18 1988 221 25709.  17.0  35.0 -99.000 -99.0   0.0
  18 1988 222 25641.  17.0  36.0 -99.000 -99.0   0.0
  18 1988 223 26394.  14.0  33.0 -99.000 -99.0   0.0
  18 1988 224 25636.  15.0  33.0 -99.000 -99.0   0.0
  18 1988 225 25699.  17.0  34.0 -99.000 -99.0   0.0
  18 1988 226 25078.  22.0  35.0 -99.000 -99.0   0.0
  18 1988 227 25002.  18.0  35.0 -99.000 -99.0   0.0
  18 1988 228 25332.  16.0  35.0 -99.000 -99.0   0.0
  18 1988 229 25252.  17.0  34.0 -99.000 -99.0   0.0
  18 1988 230 25171.  22.0  34.0 -99.000 -99.0   0.0
  18 1988 231 25087.  17.0  35.0 -99.000 -99.0   0.0
  18 1988 232 25137.  18.0  35.0 -99.000 -99.0   0.0
  18 1988 233 25453.  16.0  34.0 -99.000 -99.0   0.0
  18 1988 234 22818.  13.0  30.0 -99.000 -99.0   0.0
  18 1988 235 25540.  11.0  29.0 -99.000 -99.0   0.0
  18 1988 236 25180.  14.0  30.0 -99.000 -99.0   0.0
  18 1988 237 24554.  14.0  32.0 -99.000 -99.0   0.0
  18 1988 238 24327.  17.0  34.0 -99.000 -99.0   0.0
  18 1988 239 24364.  18.0  35.0 -99.000 -99.0   0.0
  18 1988 240 21761.  19.0  35.0 -99.000 -99.0   0.0
  18 1988 241 20224.  13.0  32.0 -99.000 -99.0   0.0
  18 1988 242 21053.  15.0  29.0 -99.000 -99.0   0.0
  18 1988 243 18740.  12.0  31.0 -99.000 -99.0   0.0
  18 1988 244 22558.  14.0  30.0 -99.000 -99.0   0.0
  18 1988 245      4     1     1       4     4     1
  18 1988 245   -99.  14.0  27.0 -99.000 -99.0   0.0
  18 1988 246   -99.  10.0  27.0 -99.000 -99.0   0.0
  18 1988 247   -99.  12.0  30.0 -99.000 -99.0   0.0
  18 1988 248   -99.  17.0  33.0 -99.000 -99.0   0.0
  18 1988 249   -99.  16.0  36.0 -99.000 -99.0   0.0
  18 1988 250   -99.  19.0  38.0 -99.000 -99.0   0.0
  18 1988 251   -99.  19.0  39.0 -99.000 -99.0   0.0
  18 1988 252   -99.  22.0  39.0 -99.000 -99.0   0.0
  18 1988 253   -99.  20.0  34.0 -99.000 -99.0   0.0
  18 1988 254   -99.  19.0  32.0 -99.000 -99.0   0.0
  18 1988 255   -99.  18.0  31.0 -99.000 -99.0   0.0
  18 1988 256   -99.  17.0  31.0 -99.000 -99.0   0.0
  18 1988 257   -99.  12.0  30.0 -99.000 -99.0   0.0
  18 1988 258   -99.   7.0  22.0 -99.000 -99.0   0.0
  18 1988 259   -99.   7.0  21.0 -99.000 -99.0   0.0
  18 1988 260      1     1     1       4     4     1
  18 1988 260 17138.   7.0  21.0 -99.000 -99.0   0.0
  18 1988 261 14095.   7.0  22.0 -99.000 -99.0   0.0
  18 1988 262 21444.  12.0  24.0 -99.000 -99.0   0.0
  18 1988 263 21046.   9.0  25.0 -99.000 -99.0   0.0
  18 1988 264 20147.   9.0  28.0 -99.000 -99.0   0.0
  18 1988 265 19640.  10.0  29.0 -99.000 -99.0   0.0
  18 1988 266 18636.   9.0  27.0 -99.000 -99.0   0.0
  18 1988 267 19393. -99.0  26.0 -99.000 -99.0   0.0
  18 1988 268 19121.  12.0  28.0 -99.000 -99.0   0.0
  18 1988 269 19100.  11.0  30.0 -99.000 -99.0   0.0
  18 1988 270      4     1     1       4     4     1
  18 1988 270   -99.  11.0  31.0 -99.000 -99.0   0.0
  18 1988 271      1     1     1       4     4     1
  18 1988 271 18569.  10.0  32.0 -99.000 -99.0   0.0
  18 1988 272 18075.  11.0  31.0 -99.000 -99.0   0.0
  18 1988 273 13446.  11.0  29.0 -99.000 -99.0   0.0
  18 1988 274 12974.  11.0  20.0 -99.000 -99.0   0.0
  18 1988 275 11919.  11.0  19.0 -99.000 -99.0   0.0
  18 1988 276 13756.  10.0  23.0 -99.000 -99.0   0.0
  18 1988 277 16886.  12.0  28.0 -99.000 -99.0   0.0
  18 1988 278 16305.  16.0  29.0 -99.000 -99.0   0.0
  18 1988 279 16317.  11.0  28.0 -99.000 -99.0   0.0
  18 1988 280 17330.  10.0  27.0 -99.000 -99.0   0.0
  18 1988 281 16054.  10.0  29.0 -99.000 -99.0   0.0
  18 1988 282 17079.  11.0  28.0 -99.000 -99.0   0.0
  18 1988 283 12379. -99.0  27.0 -99.000 -99.0   0.0
  18 1988 284 15137.  14.0  24.0 -99.000 -99.0   0.0
  18 1988 285  8797.   7.0  21.0 -99.000 -99.0   1.0
  18 1988 286 13522.   3.0  17.0 -99.000 -99.0   0.0
  18 1988 287 15020.  12.0  17.0 -99.000 -99.0   0.0
  18 1988 288  1816.  11.0  13.0 -99.000 -99.0  29.0
  18 1988 289  8571.  11.0  13.0 -99.000 -99.0   0.0
  18 1988 290  5244.   8.0  19.0 -99.000 -99.0  24.0
  18 1988 291  9245.  11.0  19.0 -99.000 -99.0   8.0
  18 1988 292  5185.  11.0  14.0 -99.000 -99.0   7.0
  18 1988 293 12153.   4.0  17.0 -99.000 -99.0   0.0
  18 1988 294 15455.   5.0  16.0 -99.000 -99.0   0.0
  18 1988 295 14036.   5.0  19.0 -99.000 -99.0   0.0
  18 1988 296 14765.   7.0  21.0 -99.000 -99.0   0.0
  18 1988 297 13551.   6.0  21.0 -99.000 -99.0   0.0
  18 1988 298 13346.   6.0  20.0 -99.000 -99.0   0.0
  18 1988 299 13271.   8.0  22.0 -99.000 -99.0   0.0
  18 1988 300 13166.  12.0  25.0 -99.000 -99.0   0.0
  18 1988 301  8772.  10.0  19.0 -99.000 -99.0   0.0
  18 1988 302 13070.   9.0  21.0 -99.000 -99.0   0.0
  18 1988 303 12279.  10.0  21.0 -99.000 -99.0   0.0
  18 1988 304  5035.   8.0  18.0 -99.000 -99.0   4.0
  18 1988 305  8805.   6.0 -99.0 -99.000 -99.0   0.0
  18 1988 306 11609.  12.0  20.0 -99.000 -99.0   0.0
  18 1988 307  2494.  10.0  15.0 -99.000 -99.0   2.0
  18 1988 308 12007.  13.0  20.0 -99.000 -99.0  14.0
  18 1988 309  8491.  10.0 -99.0 -99.000 -99.0   0.0
  18 1988 310  7864. -99.0  17.0 -99.000 -99.0   0.0
  18 1988 311  1687.  12.0  15.0 -99.000 -99.0   0.0
  18 1988 312  2963.  13.0  15.0 -99.000 -99.0   4.4
  18 1988 313  3256.  10.0 -99.0 -99.000 -99.0   4.5
  18 1988 314  5838.   8.0  17.0 -99.000 -99.0   0.0
  18 1988 315  1858.  12.0  17.0 -99.000 -99.0   0.8
  18 1988 316  8621.  12.0  14.0 -99.000 -99.0   6.3
  18 1988 317  4177.   8.0 -99.0 -99.000 -99.0   0.0
  18 1988 318  5449.  11.0  17.0 -99.000 -99.0   0.0
  18 1988 319 11002.   5.0  20.0 -99.000 -99.0   0.0
  18 1988 320 10965.   4.0  19.0 -99.000 -99.0   0.0
  18 1988 321 10358.   6.0  18.0 -99.000 -99.0   0.0
  18 1988 322  9341.   3.0  16.0 -99.000 -99.0   0.0
  18 1988 323 10308.   2.0 -99.0 -99.000 -99.0   0.0
  18 1988 324 10705.  -1.0  16.0 -99.000 -99.0   0.0
  18 1988 325  8952.   1.0  11.0 -99.000 -99.0   0.0
  18 1988 326  6491.  -1.0  10.0 -99.000 -99.0   0.0
  18 1988 327 10709.  -3.0   7.0 -99.000 -99.0   0.0
  18 1988 328 10249.  -5.0   9.0 -99.000 -99.0   0.0
  18 1988 329 10086.  -3.0  10.0 -99.000 -99.0   0.0
  18 1988 330  6478.   5.0   8.0 -99.000 -99.0   3.0
  18 1988 331  1854.   1.0   8.0 -99.000 -99.0   1.0
  18 1988 332  9759.  -1.0  15.0 -99.000 -99.0   0.0
  18 1988 333  9626.  -1.0  13.0 -99.000 -99.0   0.0
  18 1988 334  8705.  -2.0  12.0 -99.000 -99.0   0.0
  18 1988 335  1260.   6.0   7.0 -99.000 -99.0  15.0
  18 1988 336  4880.   6.0  12.0 -99.000 -99.0   0.0
  18 1988 337  8194.   7.0  13.0 -99.000 -99.0   0.0
  18 1988 338  8504.   5.0  13.0 -99.000 -99.0   0.0
  18 1988 339  7106.   0.0  14.0 -99.000 -99.0   0.0
  18 1988 340  8906. -99.0  13.0 -99.000 -99.0   0.0
  18 1988 341  9182.   4.0  13.0 -99.000 -99.0   0.0
  18 1988 342  8671.  -3.0  11.0 -99.000 -99.0   0.0
  18 1988 343  9316.  -3.0  11.0 -99.000 -99.0   0.0
  18 1988 344  8985.  -2.0  13.0 -99.000 -99.0   0.0
  18 1988 345  8257.  -1.0  14.0 -99.000 -99.0   0.0
  18 1988 346  8546.   0.0  16.0 -99.000 -99.0   0.0
  18 1988 347  8885.  -1.0  17.0 -99.000 -99.0   0.0
  18 1988 348  8776. -99.0 -99.0 -99.000 -99.0   0.0
  18 1988 349  9148.  -3.0  10.0 -99.000 -99.0   0.0
  18 1988 350  7705.  -3.0  11.0 -99.000 -99.0   0.0
  18 1988 351  8583.  -3.0  12.0 -99.000 -99.0   0.0
  18 1988 352  8751.  -2.0  10.0 -99.000 -99.0   0.0
  18 1988 353  8575.  -4.0  12.0 -99.000 -99.0   0.0
  18 1988 354  8416.  -3.0  12.0 -99.000 -99.0   0.0
  18 1988 355  5625.   7.0  15.0 -99.000 -99.0   0.0
  18 1988 356  8454.  -1.0  15.0 -99.000 -99.0   0.0
  18 1988 357  8219.  -2.0  13.0 -99.000 -99.0   0.0
  18 1988 358  8458.  -3.0  13.0 -99.000 -99.0   0.0
  18 1988 359  8445.  -3.0  11.0 -99.000 -99.0   0.0
  18 1988 360  7006.  -2.0  11.0 -99.000 -99.0   0.0
  18 1988 361  8106.  -1.0  12.0 -99.000 -99.0   0.0
  18 1988 362  8650.  -1.0  13.0 -99.000 -99.0   0.0
  18 1988 363  3997.  -2.0 -99.0 -99.000 -99.0   0.0
  18 1988 364  6654.  -2.0   9.0 -99.000 -99.0   0.0
  18 1988 365  8684.  -3.0  11.0 -99.000 -99.0   0.0
  18 1988 366  9504.  -3.0  11.0 -99.000 -99.0   0.0
