*-----------------------------------------------------------------------*
* Station name: MADRID Ciudad Universitaria, SPAIN
* Author: P. Denoroy                                  -99.000: NIL VALUE
* Source: University Madrid
* Comments: GR evaluation : with sunshine duration and Angstrom equation
* calculated coeff.: a=0.2366 ; b=0.5052
* Longitude:  3.6 W, latitude: 40.4 N, altitude:  -99 m.
*
* Column  Daily value
* 1       station number
* 2       year
* 3       day
* 4       irradiation                   (kJ m-2 d-1)
* 5       minimum temperature           (degrees Celsius)
* 6       maximum temperature           (degrees Celsius)
* 7       early morning vapour pressure (kPa)
* 8       mean wind speed               (m s-1)
* 9       precipitation                 (mm d-1)
*-----------------------------------------------------------------------*
  -3.60  40.40   -99. 0.00 0.00
  18 1987  60      1     1     1       4     4     1
  18 1987  60 14970.   6.0  22.0 -99.000 -99.0   0.0
  18 1987  61 14000.  11.0  23.0 -99.000 -99.0   0.0
  18 1987  62 15180.  12.0  21.0 -99.000 -99.0   0.0
  18 1987  63 14310.   6.0  22.0 -99.000 -99.0   0.0
  18 1987  64 14000.   6.0  21.0 -99.000 -99.0   0.0
  18 1987  65 13850.   7.0  21.0 -99.000 -99.0   0.0
  18 1987  66 12170.   7.0  21.0 -99.000 -99.0   0.0
  18 1987  67  9470.  10.0  18.0 -99.000 -99.0   0.2
  18 1987  68 14130.   7.0  20.0 -99.000 -99.0   0.0
  18 1987  69 16020.   8.0  19.0 -99.000 -99.0   0.0
  18 1987  70 11790.  10.0  18.0 -99.000 -99.0   0.0
  18 1987  71  3850.   6.0  11.0 -99.000 -99.0   0.3
  18 1987  72  9730.   2.0  13.0 -99.000 -99.0   0.3
  18 1987  73 18860.   4.0  18.0 -99.000 -99.0   0.0
  18 1987  74 14930.   0.0  14.0 -99.000 -99.0   0.0
  18 1987  75 19030.   3.0  17.0 -99.000 -99.0   0.0
  18 1987  76 19020.   1.0  17.0 -99.000 -99.0   0.0
  18 1987  77 18500.   2.0 -99.0 -99.000 -99.0   0.0
  18 1987  78 20110.   2.0  19.0 -99.000 -99.0   0.0
  18 1987  79 21210.  -1.0  13.0 -99.000 -99.0   0.0
  18 1987  80 14750.   2.0  14.0 -99.000 -99.0   0.0
  18 1987  81 20140.   3.0  16.0 -99.000 -99.0   0.0
  18 1987  82 19710.   6.0  18.0 -99.000 -99.0   0.0
  18 1987  83 11740.   8.0  16.0 -99.000 -99.0   1.3
  18 1987  84  8890.   4.0  16.0 -99.000 -99.0   0.0
  18 1987  85 20890.   5.0  19.0 -99.000 -99.0   0.0
  18 1987  86 16600.  10.0  20.0 -99.000 -99.0   0.0
  18 1987  87 13890.   2.0  14.0 -99.000 -99.0   0.0
  18 1987  88 18010.  -1.0  11.0 -99.000 -99.0   0.0
  18 1987  89 23020.   1.0  13.0 -99.000 -99.0   0.0
  18 1987  90  7970.   1.0  13.0 -99.000 -99.0   0.0
  18 1987  91 14410.   7.0  17.0 -99.000 -99.0   0.0
  18 1987  92 10670.   3.0  14.0 -99.000 -99.0   9.0
  18 1987  93 15270.   2.0  11.0 -99.000 -99.0   2.0
  18 1987  94 10100.   5.0  10.0 -99.000 -99.0   9.0
  18 1987  95 15100.   8.0  14.0 -99.000 -99.0   1.0
  18 1987  96  9650. -99.0  16.0 -99.000 -99.0   2.0
  18 1987  97  5200.  10.0  15.0 -99.000 -99.0  19.0
  18 1987  98 11330.   8.0  18.0 -99.000 -99.0   1.7
  18 1987  99 21680.   4.0  17.0 -99.000 -99.0   0.0
  18 1987 100 18540.   6.0  17.0 -99.000 -99.0   0.0
  18 1987 101 16530.   8.0 -99.0 -99.000 -99.0   0.0
  18 1987 102 17440.   7.0  20.0 -99.000 -99.0   0.0
  18 1987 103 25090.   5.0  21.0 -99.000 -99.0   0.0
  18 1987 104 25740.   6.0  22.0 -99.000 -99.0   0.0
  18 1987 105 25650.   8.0  20.0 -99.000 -99.0   0.0
  18 1987 106 19680.   7.0  20.0 -99.000 -99.0   0.0
  18 1987 107 24250.   8.0  23.0 -99.000 -99.0   0.0
  18 1987 108 24530.   9.0  24.0 -99.000 -99.0   0.0
  18 1987 109 23250.   8.0  24.0 -99.000 -99.0   0.0
  18 1987 110 18670.  11.0  24.0 -99.000 -99.0   0.0
  18 1987 111 11380.   9.0  22.0 -99.000 -99.0   0.0
  18 1987 112 22430.   9.0  26.0 -99.000 -99.0   0.0
  18 1987 113 20970.  14.0  25.0 -99.000 -99.0   8.0
  18 1987 114 16960.   7.0  16.0 -99.000 -99.0   2.0
  18 1987 115 24780.   8.0  20.0 -99.000 -99.0   0.0
  18 1987 116 25600.  14.0  25.0 -99.000 -99.0   0.0
  18 1987 117 20120.  13.0  28.0 -99.000 -99.0   0.0
  18 1987 118 16090.  12.0  21.0 -99.000 -99.0   0.0
  18 1987 119 19630.   8.0  23.0 -99.000 -99.0   0.0
  18 1987 120 25840.  12.0  24.0 -99.000 -99.0   0.0
  18 1987 121 26970.   9.0  28.0 -99.000 -99.0   0.0
  18 1987 122 25150.  14.0  28.0 -99.000 -99.0   0.0
  18 1987 123 16640.   5.0  25.0 -99.000 -99.0   0.0
  18 1987 124 29090.   2.0  19.0 -99.000 -99.0   0.0
  18 1987 125 28470.   4.0  18.0 -99.000 -99.0   0.0
  18 1987 126 28230.   8.0  23.0 -99.000 -99.0   0.0
  18 1987 127 28230.  10.0  26.0 -99.000 -99.0   0.0
  18 1987 128 27050.  10.0  27.0 -99.000 -99.0   0.0
  18 1987 129 27650.   9.0 -99.0 -99.000 -99.0   0.0
  18 1987 130 24330.   8.0  24.0 -99.000 -99.0   0.0
  18 1987 131 20830.   8.0  23.0 -99.000 -99.0   2.8
  18 1987 132 25840. -99.0  25.0 -99.000 -99.0   0.0
  18 1987 133 23440.   9.0  26.0 -99.000 -99.0   0.0
  18 1987 134 28660.   9.0  24.0 -99.000 -99.0   0.0
  18 1987 135 23260.  11.0  25.0 -99.000 -99.0   0.0
  18 1987 136 13880.   9.0 -99.0 -99.000 -99.0   4.0
  18 1987 137 10690.   7.0  16.0 -99.000 -99.0  10.0
  18 1987 138 24510.   6.0  20.0 -99.000 -99.0   0.0
  18 1987 139 23440.   7.0  23.0 -99.000 -99.0   0.0
  18 1987 140 30000.  11.0  23.0 -99.000 -99.0   0.0
  18 1987 141 23190.  12.0  24.0 -99.000 -99.0   0.0
  18 1987 142 25780.  13.0  26.0 -99.000 -99.0   1.0
  18 1987 143 13630.  10.0  17.0 -99.000 -99.0  15.0
  18 1987 144 22740.   9.0  21.0 -99.000 -99.0   0.0
  18 1987 145 23320.  11.0  26.0 -99.000 -99.0   0.0
  18 1987 146 28130.   9.0  23.0 -99.000 -99.0   0.0
  18 1987 147 17140.   9.0  22.0 -99.000 -99.0   0.0
  18 1987 148 29720.   7.0  24.0 -99.000 -99.0   0.0
  18 1987 149 29550.  10.0  28.0 -99.000 -99.0   0.0
  18 1987 150 28000.  14.0  31.0 -99.000 -99.0   0.0
  18 1987 151 29250.  16.0  31.0 -99.000 -99.0   0.0
  18 1987 152 28810.  14.0  31.0 -99.000 -99.0   0.0
  18 1987 153 28680.  13.0  32.0 -99.000 -99.0   0.0
  18 1987 154 24530.  12.0  29.0 -99.000 -99.0   0.0
  18 1987 155 29860.  16.0  28.0 -99.000 -99.0   0.0
  18 1987 156 28960.  15.0  30.0 -99.000 -99.0   0.0
  18 1987 157 29360.  17.0  32.0 -99.000 -99.0   0.0
  18 1987 158 22970.  10.0  28.0 -99.000 -99.0   0.0
  18 1987 159 30160.  10.0  21.0 -99.000 -99.0   0.0
  18 1987 160 25250.  10.0  21.0 -99.000 -99.0   0.0
  18 1987 161 31340.   9.0  22.0 -99.000 -99.0   0.0
  18 1987 162 25020.  11.0  27.0 -99.000 -99.0   0.0
  18 1987 163 26740.  14.0  28.0 -99.000 -99.0   0.0
  18 1987 164 22190.  14.0  24.0 -99.000 -99.0   5.2
  18 1987 165 20650.   8.0  14.0 -99.000 -99.0   4.0
  18 1987 166 23420.   8.0  22.0 -99.000 -99.0   0.0
  18 1987 167 30900.  11.0  23.0 -99.000 -99.0   0.0
  18 1987 168 30030.  14.0  28.0 -99.000 -99.0   0.0
  18 1987 169 30030.  17.0  31.0 -99.000 -99.0   0.0
  18 1987 170 22660.  15.0  28.0 -99.000 -99.0   0.0
  18 1987 171 30360.  15.0  29.0 -99.000 -99.0   0.0
  18 1987 172 30600.  17.0  30.0 -99.000 -99.0   0.0
  18 1987 173 30490.  18.0  31.0 -99.000 -99.0   0.0
  18 1987 174 29060.  19.0  32.0 -99.000 -99.0   0.0
  18 1987 175 27120.  20.0  32.0 -99.000 -99.0   0.0
  18 1987 176 23630.  19.0  32.0 -99.000 -99.0   2.0
  18 1987 177 25710.  19.0  34.0 -99.000 -99.0   0.0
  18 1987 178 27930.  22.0 -99.0 -99.000 -99.0   0.0
  18 1987 179 26820.  20.0  37.0 -99.000 -99.0   1.0
  18 1987 180 22880.  17.0  35.0 -99.000 -99.0   0.8
  18 1987 181 24300.  19.0  34.0 -99.000 -99.0   0.3
  18 1987 182 25820.  20.0  32.0 -99.000 -99.0   0.0
  18 1987 183 29160.  20.0  33.0 -99.000 -99.0   0.0
  18 1987 184 27030.  17.0  34.0 -99.000 -99.0   2.0
  18 1987 185 21650.  18.0  33.0 -99.000 -99.0   1.0
  18 1987 186 29000.  19.0  35.0 -99.000 -99.0   1.0
  18 1987 187 22400.  20.0  32.0 -99.000 -99.0   8.0
  18 1987 188 21340.  16.0  31.0 -99.000 -99.0   0.2
  18 1987 189 26650.  20.0  33.0 -99.000 -99.0   0.0
  18 1987 190 24980.  20.0  34.0 -99.000 -99.0   0.0
  18 1987 191 22140.  21.0  33.0 -99.000 -99.0   6.0
  18 1987 192 22230.  18.0  34.0 -99.000 -99.0   1.0
  18 1987 193 24320.  18.0  32.0 -99.000 -99.0   5.0
  18 1987 194 18640.  16.0  30.0 -99.000 -99.0  37.0
  18 1987 195 22900.  15.0  29.0 -99.000 -99.0   7.0
  18 1987 196 27800.  16.0  29.0 -99.000 -99.0   0.0
  18 1987 197 21290.  16.0  27.0 -99.000 -99.0   0.0
  18 1987 198 19010.  14.0  28.0 -99.000 -99.0   0.0
  18 1987 199 29930.  14.0  27.0 -99.000 -99.0   0.0
  18 1987 200 30040.  13.0  29.0 -99.000 -99.0   0.0
  18 1987 201 28140.  16.0  32.0 -99.000 -99.0   0.0
  18 1987 202 28200.  19.0  32.0 -99.000 -99.0   0.0
  18 1987 203 26440.  18.0  32.0 -99.000 -99.0   0.0
  18 1987 204 28550. -99.0  29.0 -99.000 -99.0   0.0
  18 1987 205 24280.  18.0  29.0 -99.000 -99.0   0.0
  18 1987 206 10220.  12.0  23.0 -99.000 -99.0   5.0
  18 1987 207 28490.  12.0  28.0 -99.000 -99.0   0.0
  18 1987 208 29100.  18.0  28.0 -99.000 -99.0   0.0
  18 1987 209 26260.  21.0  33.0 -99.000 -99.0   0.0
  18 1987 210 25930.  16.0  32.0 -99.000 -99.0   0.0
  18 1987 211 24190.  13.0  29.0 -99.000 -99.0   0.0
  18 1987 212 27950.  17.0  27.0 -99.000 -99.0   0.0
  18 1987 213 28460. -99.0  31.0 -99.000 -99.0   0.0
  18 1987 214 28400.  18.0  34.0 -99.000 -99.0   0.0
  18 1987 215 22790.  18.0  35.0 -99.000 -99.0   0.0
  18 1987 216 23730.  19.0  39.0 -99.000 -99.0   0.0
  18 1987 217 24440.  12.0  35.0 -99.000 -99.0   0.0
  18 1987 218 27620.  14.0  29.0 -99.000 -99.0   0.0
  18 1987 219 26470.  14.0  29.0 -99.000 -99.0   0.0
  18 1987 220 25760.  18.0  31.0 -99.000 -99.0   0.0
  18 1987 221 15920.  16.0  29.0 -99.000 -99.0   0.0
  18 1987 222 21920.  22.0  34.0 -99.000 -99.0   0.0
  18 1987 223 23520.  20.0  36.0 -99.000 -99.0   0.0
  18 1987 224 22520.  25.0  39.0 -99.000 -99.0   0.0
  18 1987 225 17520.  25.0  37.0 -99.000 -99.0   0.0
  18 1987 226 14010.  23.0  25.0 -99.000 -99.0   0.0
  18 1987 227 20900.  21.0  37.0 -99.000 -99.0   0.0
  18 1987 228 25180.  16.0  33.0 -99.000 -99.0   0.0
  18 1987 229 25170.  19.0  33.0 -99.000 -99.0   0.0
  18 1987 230 24510.  20.0  35.0 -99.000 -99.0   0.0
  18 1987 231 24130.  18.0  37.0 -99.000 -99.0   0.0
  18 1987 232 23670.  19.0  37.0 -99.000 -99.0   0.0
  18 1987 233 15240.  19.0  35.0 -99.000 -99.0   0.0
  18 1987 234 23020.  16.0  34.0 -99.000 -99.0   0.0
  18 1987 235 25130.  14.0  32.0 -99.000 -99.0   0.0
  18 1987 236 21970.  10.0  27.0 -99.000 -99.0   0.0
  18 1987 237 25060.  14.0  28.0 -99.000 -99.0   0.0
  18 1987 238 24050.  14.0  31.0 -99.000 -99.0   0.0
  18 1987 239 21180.  17.0  31.0 -99.000 -99.0   0.0
  18 1987 240 21320.  19.0  30.0 -99.000 -99.0   0.0
  18 1987 241  9600.  16.0  25.0 -99.000 -99.0   0.7
  18 1987 242  9190.  16.0  24.0 -99.000 -99.0  16.0
  18 1987 243 19920.  15.0  27.0 -99.000 -99.0   0.0
  18 1987 244 20300.  16.0  28.0 -99.000 -99.0   0.0
  18 1987 245 21890.  16.0  28.0 -99.000 -99.0   0.0
  18 1987 246 19490.  19.0  31.0 -99.000 -99.0   0.0
  18 1987 247 20000.  17.0  31.0 -99.000 -99.0   0.0
  18 1987 248 20490.  15.0  32.0 -99.000 -99.0   0.0
  18 1987 249 23010.  16.0  31.0 -99.000 -99.0   0.0
  18 1987 250 22050.  16.0  34.0 -99.000 -99.0   0.0
  18 1987 251 21490.  18.0  35.0 -99.000 -99.0   0.0
  18 1987 252 19210.  18.0  35.0 -99.000 -99.0   0.0
  18 1987 253 20140.  20.0  32.0 -99.000 -99.0   0.0
  18 1987 254 19910.  15.0  33.0 -99.000 -99.0   0.0
  18 1987 255 20190.  16.0  35.0 -99.000 -99.0   0.0
  18 1987 256 20720.  21.0  36.0 -99.000 -99.0   0.0
  18 1987 257 20470.  20.0  34.0 -99.000 -99.0   0.0
  18 1987 258 19210.  15.0  34.0 -99.000 -99.0   0.0
  18 1987 259 19690.  15.0  33.0 -99.000 -99.0   0.0
  18 1987 260 20370.  18.0  32.0 -99.000 -99.0   0.0
  18 1987 261 19480.  17.0  33.0 -99.000 -99.0   0.0
  18 1987 262 18110.  16.0  32.0 -99.000 -99.0   0.0
  18 1987 263 12780.  16.0  30.0 -99.000 -99.0   2.0
  18 1987 264 12530.  12.0  25.0 -99.000 -99.0   0.0
  18 1987 265 16300.  16.0  26.0 -99.000 -99.0   0.0
  18 1987 266 15330.  17.0  26.0 -99.000 -99.0   0.0
  18 1987 267 15550.  18.0  25.0 -99.000 -99.0   0.0
  18 1987 268  6850.  15.0  23.0 -99.000 -99.0   6.0
  18 1987 269 13180.  10.0  23.0 -99.000 -99.0   0.0
  18 1987 270 15460.  10.0  25.0 -99.000 -99.0   0.0
  18 1987 271 17790.  11.0  27.0 -99.000 -99.0   0.0
  18 1987 272 14800.  14.0  28.0 -99.000 -99.0   2.0
  18 1987 273 10420.  13.0  25.0 -99.000 -99.0   2.0
  18 1987 274  8040.  16.0  23.0 -99.000 -99.0   0.3
  18 1987 275 14530.  12.0  23.0 -99.000 -99.0   0.0
  18 1987 276 10500.  11.0  20.0 -99.000 -99.0   0.0
  18 1987 277 12300.  13.0  21.0 -99.000 -99.0   0.8
  18 1987 278  6840.  11.0  16.0 -99.000 -99.0   2.8
  18 1987 279  6920.  11.0  17.0 -99.000 -99.0   0.7
  18 1987 280 13850.  13.0  21.0 -99.000 -99.0   0.0
  18 1987 281 16420.   8.0  24.0 -99.000 -99.0   0.0
  18 1987 282 10440.   8.0  20.0 -99.000 -99.0   5.0
  18 1987 283  2990.   5.0  10.0 -99.000 -99.0   4.0
  18 1987 284  7650.   7.0  13.0 -99.000 -99.0   2.0
  18 1987 285 16230.   5.0  19.0 -99.000 -99.0   0.0
  18 1987 286 11360.   7.0  19.0 -99.000 -99.0   0.0
  18 1987 287 11340.  12.0  18.0 -99.000 -99.0   1.0
  18 1987 288  3170.  12.0  17.0 -99.000 -99.0   1.0
  18 1987 289 15190.   5.0  19.0 -99.000 -99.0   0.0
  18 1987 290 15200.   5.0  18.0 -99.000 -99.0   0.0
  18 1987 291 10260.  10.0  17.0 -99.000 -99.0   0.0
  18 1987 292  3190.  13.0 -99.0 -99.000 -99.0   8.0
  18 1987 293  7370.   2.0  14.0 -99.000 -99.0   2.0
  18 1987 294  8200.   7.0  12.0 -99.000 -99.0   0.0
  18 1987 295  3010.   7.0  11.0 -99.000 -99.0   7.0
  18 1987 296  7900.   8.0  17.0 -99.000 -99.0   0.0
  18 1987 297  3700.  12.0  15.0 -99.000 -99.0   0.9
  18 1987 298 10450.  13.0  20.0 -99.000 -99.0   0.7
  18 1987 299  7700.  14.0  22.0 -99.000 -99.0   0.5
  18 1987 300  3590.   8.0  17.0 -99.000 -99.0  16.0
  18 1987 301  6340.   2.0  15.0 -99.000 -99.0   0.0
  18 1987 302  8590.   5.0  13.0 -99.000 -99.0   0.0
  18 1987 303  9440.   7.0  19.0 -99.000 -99.0   0.0
  18 1987 304  6110.   9.0  17.0 -99.000 -99.0   0.0
  18 1987 305      3     1     1       4     4     1
  18 1987 305  5932.   7.0  18.0 -99.000 -99.0   0.0
  18 1987 306 10848.  13.0  20.0 -99.000 -99.0   0.7
  18 1987 307  4353.  13.0  15.0 -99.000 -99.0   6.3
  18 1987 308  4306.  12.0  14.0 -99.000 -99.0   2.3
  18 1987 309  5072.   9.0  16.0 -99.000 -99.0   0.0
  18 1987 310  7708.   9.0 -99.0 -99.000 -99.0   5.0
  18 1987 311  4171.  12.0  12.0 -99.000 -99.0  35.0
  18 1987 312  5452.  11.0  17.0 -99.000 -99.0   7.0
  18 1987 313  4962.  10.0  17.0 -99.000 -99.0   0.0
  18 1987 314 11448.   7.0  19.0 -99.000 -99.0   0.0
  18 1987 315 11357.   7.0  18.0 -99.000 -99.0   0.0
  18 1987 316  9118.   7.0  17.0 -99.000 -99.0   0.0
  18 1987 317  4177.   6.0  13.0 -99.000 -99.0   2.2
  18 1987 318  9141.   2.0  13.0 -99.000 -99.0   0.0
  18 1987 319 11345.   2.0  15.0 -99.000 -99.0   0.0
  18 1987 320  8999.   4.0  16.0 -99.000 -99.0   0.0
  18 1987 321  9595.   4.0  19.0 -99.000 -99.0   0.0
  18 1987 322  9110.   2.0  19.0 -99.000 -99.0   0.0
  18 1987 323 10111.   2.0  18.0 -99.000 -99.0   0.0
  18 1987 324  9630.   2.0  21.0 -99.000 -99.0   0.0
  18 1987 325  9319.   0.0  15.0 -99.000 -99.0   0.0
  18 1987 326  5703.   3.0  11.0 -99.000 -99.0   0.0
  18 1987 327  5018.   2.0 -99.0 -99.000 -99.0   0.0
  18 1987 328  3943.   0.0 -99.0 -99.000 -99.0   0.8
  18 1987 329  5897.   0.0  10.0 -99.000 -99.0   0.0
  18 1987 330  9015.   0.0  11.0 -99.000 -99.0   0.0
  18 1987 331   -99.  -1.0 -99.0 -99.000 -99.0   0.0
  18 1987 332  9767.  -2.0  11.0 -99.000 -99.0   0.0
  18 1987 333  8467.  -3.0  11.0 -99.000 -99.0   0.0
  18 1987 334  6639.  -2.0  11.0 -99.000 -99.0   0.0
