*----------------------------------------------------------*
* Station name: Homs, Syria
* Author:       Anne Elings
* Source:       Department of Metereology, Ministry of Defense.
* Year:         1989
*
* Parameters A and B of Agstrom formula are estimates for Tel Hadya 1989.
* Part of windrun figures estimated.
*
* Longitude: 36 43 E
* Latitiude: 34 45 N
* Altitude:  550 m
*
* Column 1: Station number (6)
*        2: Year
*        3: day number
*        4: Sunshine duration (h)
*        5: Minimum temperature (degrees Celsius)
*        6: Maximum temperature (degrees Celsius)
*        7: Vapour pressure     (kPa)
*        8: Mean wind speed     (m/s)
*        9: Precipitation       (mm/d)
*----------------------------------------------------------*
  36.72  34.75   550. 0.25 0.49
   7 1989   1   4.80  -1.8   7.2   0.640   0.6   0.0
   7 1989   2   0.00   0.6   4.5   0.690   0.6   4.3
   7 1989   3   3.60  -2.4   4.6   0.530   0.4   0.0
   7 1989   4   8.50  -6.4   4.5   0.340   1.0   0.0
   7 1989   5   9.30  -2.9  10.0   0.560   1.9   0.0
   7 1989   6   8.30   1.2  12.0   0.730   1.6   0.3
   7 1989   7   0.30   4.4  10.1   0.820   0.2   0.3
   7 1989   8   0.20   3.8   8.0   0.830   0.4   0.2
   7 1989   9   1.00   2.0  11.5   0.730   2.4   0.0
   7 1989  10   2.80   3.5   9.2   0.650   0.8   0.0
   7 1989  11   8.70   3.3  11.4   0.710   2.5   0.0
   7 1989  12   9.10   5.5  13.0   0.830   2.3   1.6
   7 1989  13   6.90  -1.8   9.0   0.600   0.4   0.0
   7 1989  14   8.10  -5.2   9.0   0.350   0.6   0.0
   7 1989  15   5.20  -3.0   7.4   0.470   1.3   6.2
   7 1989  16   1.10   0.3   4.5   0.610   1.1   0.0
   7 1989  17   9.20  -0.1  11.4   0.660   1.8   0.0
   7 1989  18   9.50   1.0  13.6   0.770   2.3   0.0
   7 1989  19   9.00   3.8  14.0   0.870   2.0   0.0
   7 1989  20   0.00   2.6   6.6   0.780   1.0   7.5
   7 1989  21   0.00   0.4   3.0   0.550   1.0   5.5
   7 1989  22   0.20   0.0   4.1   0.660   0.8   3.5
   7 1989  23   9.40   2.0  12.1   0.730   2.2   0.0
   7 1989  24   9.20   3.2  12.8   0.810   1.6   0.0
   7 1989  25   9.50   1.7  14.4   0.760   0.6   0.0
   7 1989  26   6.60   0.2  12.2   0.740   0.4   0.0
   7 1989  27   8.20  -9.0  11.0   0.580   0.5   0.0
   7 1989  28   6.00   0.3   9.2   0.490   0.3   0.0
   7 1989  29   9.40  -3.5  10.8   0.390   0.5   0.0
   7 1989  30   9.50  -2.6  12.1   0.390   0.4   0.0
   7 1989  31   9.90  -5.2  10.6   0.390   0.8   0.0
   7 1989  32   6.30  -1.5  11.8   0.500   0.6   0.0
   7 1989  33   9.70  -5.0   8.4   0.270   0.3   0.0
   7 1989  34   9.80  -8.0  10.0   0.250   0.3   0.0
-999 1989  35      2     1     1       1     1     1
   7 1989  35   9.80  -5.8  13.5   0.320   0.5   0.0
-999 1989  36      1     1     1       1     1     1
   7 1989  36   9.80  -2.0  15.2   0.500   0.6   0.0
   7 1989  37   9.60  -2.0  15.0   0.600   0.4   0.0
   7 1989  38   9.80  -2.0  15.8   0.490   0.9   0.0
   7 1989  39   9.80   2.4  14.8   0.380   2.4   0.0
   7 1989  40   8.00   2.0  15.0   0.370   1.0   0.0
   7 1989  41   5.30   2.0  14.0   0.590   1.5   5.2
   7 1989  42   1.60   0.9   8.5   0.770   1.5   4.3
   7 1989  43   5.20  -0.5   5.4   0.520   1.4   0.0
   7 1989  44   9.90  -0.5   8.5   0.560   2.3   0.0
   7 1989  45   6.90  -1.7  12.2   0.630   0.7   0.0
   7 1989  46   7.60   0.7  10.5   0.710   1.2   0.0
   7 1989  47   9.20  -3.0  13.9   0.570   1.4   0.0
   7 1989  48   9.20  -1.0  14.5   0.500   1.5   0.0
   7 1989  49   8.70   1.5  13.0   0.610   1.2   0.0
   7 1989  50   0.70   4.2   9.5   0.770   1.7   4.9
   7 1989  51   2.40   5.0  11.7   0.920   0.4   0.7
   7 1989  52   4.20   3.4  14.0   0.850   0.4   0.0
   7 1989  53   9.80   2.0  15.0   0.880   4.7   0.0
   7 1989  54   5.00   8.6  14.6   1.000   3.0   0.0
   7 1989  55   6.60   7.8  17.5   1.040   0.8   0.0
   7 1989  56   8.60   3.3  19.0   0.730   1.1   0.0
   7 1989  57   6.80   4.0  15.8   0.680   0.7   0.0
   7 1989  58  10.00   4.4  22.4   0.790   0.4   0.0
   7 1989  59   8.80   5.0  22.7   0.870   2.3   0.0
-999 1989  60      1     1     1       1     3     1
   7 1989  60   9.40   9.6  15.6   1.020   5.3   0.0
   7 1989  61   9.70   7.0  18.4   1.010   1.3   0.0
   7 1989  62   8.10   4.4  18.1   1.010   1.5   0.0
   7 1989  63   9.40   8.0  16.6   0.960   2.4   0.0
   7 1989  64   9.30   3.5  21.3   0.890   0.7   0.0
   7 1989  65   9.10   3.6  21.3   0.990   1.1   0.0
   7 1989  66   6.00   8.5  16.2   1.120   2.2   0.0
   7 1989  67   8.00   8.5  16.2   0.970   2.4   0.0
   7 1989  68   4.20   8.3  15.6   0.950   1.4   0.0
   7 1989  69   9.00   7.6  14.5   0.960   4.7   0.0
   7 1989  70   9.20   6.2  16.4   0.960   3.5   0.0
   7 1989  71   5.90   3.6  23.2   0.830   1.5   0.0
   7 1989  72   6.30   7.5  21.5   0.840   3.1  20.3
   7 1989  73   5.30   6.7  13.7   0.950   3.7   0.0
   7 1989  74   2.10   6.5  14.7   1.010   1.0  11.6
   7 1989  75   3.80   8.3  14.5   1.050   1.0   0.0
   7 1989  76   4.80   8.2  15.7   1.100   1.0   5.7
   7 1989  77   9.90   7.6  18.2   1.050   1.5   0.0
   7 1989  78   9.70   8.5  19.0   1.080   2.1   0.0
   7 1989  79   9.10   9.0  19.7   1.110   1.9   0.0
   7 1989  80   9.60   7.3  21.4   1.100   0.8   0.0
   7 1989  81   9.90   5.0  23.0   0.770   1.3   0.0
   7 1989  82   2.90  12.5  22.7   0.690   2.3   0.0
   7 1989  83   0.70  10.4  23.1   0.840   2.1   0.0
   7 1989  84   6.50  11.6  20.3   1.220   1.1   0.0
   7 1989  85   9.00   8.5  20.0   1.090   1.1   0.0
   7 1989  86   8.00   8.7  17.5   1.090   3.3   6.9
   7 1989  87   7.00  15.7  15.0   0.810   3.7   0.0
   7 1989  88  10.90  11.2  12.0   0.440   2.5   0.0
   7 1989  89  11.20  12.7  15.7   0.740   3.1   0.0
   7 1989  90  10.80   6.4  18.0   0.900   2.1   0.0
   7 1989  91  10.60   7.5  21.8   0.910   1.9   0.0
   7 1989  92  10.90   5.2  25.0   0.890   0.5   0.0
   7 1989  93  10.40   6.5  24.4   1.000   0.9   0.0
   7 1989  94  10.50   6.7  24.4   0.920   1.1   0.0
   7 1989  95  10.80   7.8  26.3   0.870   1.1   0.0
   7 1989  96  10.60  12.6  27.8   0.710   1.8   0.0
   7 1989  97  10.00  14.5  30.3   0.820   1.5   0.0
   7 1989  98   6.30  12.7  29.4   0.850   1.0   0.0
   7 1989  99  10.30   9.3  28.5   0.790   1.0   0.0
   7 1989 100   7.90   7.2  29.2   0.780   0.7   0.0
-999 1989 101      1     1     1       1     1     1
   7 1989 101  10.50  12.8  27.0   1.180   1.0   0.0
   7 1989 102   8.60  11.6  20.0   1.220   1.1   0.0
   7 1989 103   9.50  10.5  25.0   1.030   0.4   0.0
   7 1989 104  10.50  10.2  23.2   1.210   1.6   0.0
   7 1989 105  10.50  12.0  27.0   1.010   0.6   0.0
   7 1989 106  10.70  10.4  30.4   0.940   1.3   0.0
   7 1989 107  11.80  10.8  19.7   1.080   0.9   0.0
   7 1989 108  12.00   6.5  25.5   0.990   0.3   0.0
   7 1989 109  12.10   7.0  29.7   0.810   0.2   0.0
   7 1989 110  12.00   8.4  30.3   0.850   0.2   0.0
   7 1989 111  12.10   9.4  31.6   0.790   0.3   0.0
   7 1989 112  11.00  11.0  32.9   0.860   0.4   0.0
   7 1989 113   9.50  13.9  31.5   0.940   0.9   0.0
   7 1989 114  11.20  15.4  31.3   1.030   0.5   0.0
   7 1989 115  11.00  13.0  33.1   1.240   0.8   0.0
   7 1989 116   9.00  15.0  28.8   1.230   0.6   4.8
   7 1989 117   6.50  13.0  28.2   1.400   0.2   0.0
   7 1989 118  11.30  14.4  31.8   1.260   0.3   0.0
   7 1989 119   8.20  15.9  34.8   1.010   0.5   0.0
   7 1989 120  11.60  15.5  34.1   0.940   0.9   0.0
   7 1989 121  11.30  16.2  30.5   1.200   0.9   0.0
   7 1989 122  11.70  14.5  27.5   1.040   1.1   0.0
   7 1989 123  11.40  13.0  30.5   0.990   0.3   0.0
   7 1989 124  10.00  14.5  31.5   0.860   0.7   0.0
   7 1989 125   4.70  14.3  26.0   1.200   1.5   0.0
   7 1989 126  11.60  13.2  21.5   1.150   1.9   5.0
   7 1989 127  10.60  11.6  19.7   1.220   1.6   0.0
   7 1989 128  11.60  11.0  22.2   1.090   0.8   0.0
   7 1989 129  12.20  11.0  23.0   1.020   1.0   0.0
   7 1989 130  12.30  12.5  23.0   1.190   0.8   0.0
   7 1989 131  12.10  11.4  25.2   1.130   0.8   0.0
   7 1989 132  12.30  11.6  27.2   1.210   0.6   0.0
   7 1989 133  12.20  14.1  30.4   1.100   0.4   0.0
   7 1989 134  12.30  11.5  31.8   0.870   0.3   0.0
   7 1989 135  11.90  14.2  35.0   1.030   0.2   0.0
   7 1989 136  11.90  17.4  36.3   1.020   0.3   0.0
   7 1989 137  12.10  16.5  35.1   0.910   0.8   0.0
   7 1989 138  12.30  15.5  33.0   0.930   0.9   0.0
   7 1989 139  12.30  19.0  33.6   1.260   0.6   0.0
   7 1989 140  12.50  17.0  34.0   0.950   0.2   0.0
   7 1989 141  11.70  14.5  36.2   0.860   0.3   0.0
   7 1989 142  12.30  15.2  35.6   0.970   1.0   0.0
   7 1989 143  11.80  15.5  25.5   1.540   1.6   0.0
   7 1989 144  12.50  15.7  25.5   1.410   1.1   0.0
   7 1989 145  12.30  14.6  26.2   1.380   1.4   0.0
   7 1989 146  10.60  15.5  22.8   1.350   1.3   0.0
   7 1989 147  12.30  15.4  27.0   1.160   0.8   0.0
   7 1989 148  12.00  15.1  34.0   1.140   0.4   0.0
   7 1989 149  10.00  18.6  32.5   1.350   2.0   0.0
   7 1989 150  12.30  16.2  24.5   1.400   1.6   0.0
   7 1989 151  12.50  15.2  26.3   1.360   1.0   0.0
   7 1989 152  12.20  15.2  30.6   1.360   0.8   0.0
   7 1989 153  12.20  16.5  31.5   1.020   0.6   0.0
   7 1989 154  12.10  16.0  33.0   1.090   0.7   0.0
   7 1989 155  12.50  17.2  30.1   1.140   0.8   0.0
   7 1989 156  12.50  15.5  31.2   1.380   1.3   0.0
   7 1989 157  12.40  16.4  34.0   1.140   0.9   0.0
   7 1989 158  12.00  15.8  36.6   1.110   1.7   0.0
   7 1989 159  12.50  18.2  26.7   1.590   2.2   0.0
   7 1989 160  12.30  17.2  25.5   1.290   2.3   0.0
   7 1989 161  11.00  17.0  25.7   1.500   1.5   0.0
   7 1989 162  11.20  16.5  26.4   1.550   1.3   0.0
   7 1989 163  11.00  16.5  28.6   1.500   1.1   0.0
   7 1989 164  12.00  15.1  29.0   1.220   0.6   0.0
   7 1989 165  10.70  14.6  34.6   1.040   0.6   0.0
   7 1989 166  12.00  18.2  28.5   1.050   2.1   0.0
   7 1989 167  12.40  17.0  26.1   1.430   2.0   0.0
   7 1989 168  12.20  16.5  28.0   1.630   1.2   0.0
   7 1989 169  12.00  16.6  27.7   1.420   1.2   0.0
   7 1989 170  12.30  16.0  28.4   1.170   1.6   0.0
   7 1989 171  12.40  17.0  28.3   1.530   1.7   0.0
   7 1989 172  12.30  17.0  29.8   1.430   1.2   0.0
   7 1989 173  12.00  18.7  32.4   1.420   1.7   0.0
   7 1989 174  12.50  19.2  29.6   1.470   1.9   0.0
   7 1989 175  12.00  18.7  30.4   1.760   1.1   0.0
   7 1989 176  11.90  18.0  33.2   1.790   2.0   0.0
   7 1989 177  12.00  18.0  32.7   1.630   0.7   0.0
   7 1989 178  12.30  19.0  31.5   1.300   0.6   0.0
   7 1989 179  12.40  20.0  31.3   1.340   2.0   0.0
   7 1989 180  12.40  18.7  29.0   1.580   1.9   0.0
   7 1989 181  12.40  18.5  29.0   1.750   1.8   0.0
   7 1989 182  12.20  19.5  32.3   1.820   1.3   0.0
   7 1989 183  12.20  18.8  34.0   1.620   1.3   0.0
   7 1989 184  12.10  21.2  33.4   1.530   1.5   0.0
   7 1989 185  12.30  19.0  31.5   1.770   1.8   0.0
   7 1989 186  12.00  20.0  30.4   2.000   1.7   0.0
   7 1989 187  11.80  21.2  29.2   2.050   0.2   0.0
   7 1989 188  11.80  19.2  30.5   1.910   0.4   0.0
-999 1989 189      1     1     1       1     1     1
   7 1989 189  12.00  18.6  32.6   1.640   1.5   0.0
   7 1989 190  12.10  19.2  31.8   1.630   1.5   0.0
   7 1989 191  12.30  20.0  32.7   1.560   1.5   0.0
   7 1989 192  12.20  19.5  35.4   1.560   1.5   0.0
-999 1989 193      1     1     1       1     1     1
   7 1989 193  12.30  19.9  35.0   1.640   1.3   0.0
   7 1989 194  12.50  20.2  35.9   1.530   1.2   0.0
   7 1989 195  12.50  20.8  37.0   1.410   1.4   0.0
   7 1989 196  12.40  22.0  36.6   1.540   1.3   0.0
   7 1989 197  12.40  22.0  35.7   1.720   1.8   0.0
   7 1989 198  12.20  22.0  32.0   2.040   1.6   0.0
   7 1989 199  12.30  21.0  34.3   2.170   0.9   0.0
   7 1989 200  12.20  21.3  33.6   2.200   1.5   0.0
   7 1989 201  12.30  21.0  30.4   1.870   1.7   0.0
   7 1989 202  12.50  19.0  31.0   1.840   1.4   0.0
   7 1989 203  12.30  20.5  33.0   1.950   1.5   0.0
   7 1989 204  12.40  20.4  33.4   1.850   1.3   0.0
   7 1989 205  12.50  21.0  34.0   1.370   1.2   0.0
   7 1989 206  12.50  20.5  34.0   1.270   1.5   0.0
   7 1989 207  12.40  21.0  32.2   1.750   1.6   0.0
   7 1989 208  12.00  20.0  32.0   1.930   1.2   0.0
   7 1989 209  12.00  20.5  34.0   1.850   1.0   0.0
   7 1989 210  12.20  19.0  34.0   1.320   1.3   0.0
   7 1989 211  12.30  19.6  31.6   1.680   2.3   0.0
   7 1989 212  12.00  21.6  30.1   1.910   2.2   0.0
   7 1989 213  11.90  20.8  31.0   2.060   1.5   0.0
   7 1989 214  11.80  21.5  31.0   2.030   1.8   0.0
   7 1989 215  11.80  20.3  30.7   1.810   1.2   0.0
   7 1989 216  11.40  19.0  31.8   1.890   1.3   0.0
   7 1989 217  12.30  20.4  32.7   1.800   1.7   0.0
   7 1989 218  12.40  19.5  31.6   1.700   1.6   0.0
   7 1989 219  12.80  19.5  30.7   1.850   1.5   0.0
   7 1989 220  12.20  18.8  31.2   1.900   1.3   0.0
   7 1989 221  11.90  18.5  31.3   1.720   1.5   0.0
   7 1989 222  11.50  20.6  32.4   2.010   1.6   0.0
   7 1989 223  11.60  20.5  31.8   2.060   1.6   0.0
   7 1989 224  11.40  19.6  31.0   1.990   1.4   0.0
   7 1989 225  11.80  20.6  31.5   2.090   1.4   0.0
   7 1989 226  11.40  20.4  31.5   1.970   1.4   0.0
   7 1989 227  11.80  19.8  32.2   1.860   1.1   0.0
   7 1989 228  11.40  20.0  32.0   2.090   1.1   0.0
   7 1989 229  11.30  21.4  32.8   2.250   1.3   0.0
   7 1989 230  11.60  21.6  33.9   1.960   1.3   0.0
   7 1989 231  10.90  20.5  36.3   1.860   0.9   0.0
   7 1989 232  11.20  21.0  35.0   1.950   1.2   0.0
-999 1989 233      1     1     1       1     3     1
   7 1989 233  11.40  19.8  32.8   1.950   1.3   0.0
   7 1989 234  11.90  21.0  32.5   1.710   1.3   0.0
   7 1989 235  11.80  21.0  31.7   2.110   1.3   0.0
   7 1989 236  11.30  20.7  34.0   1.990   1.3   0.0
   7 1989 237  11.20  20.8  34.2   2.020   1.3   0.0
   7 1989 238  11.70  20.8  34.5   1.620   1.3   0.0
   7 1989 239  11.60  20.4  32.8   1.550   1.3   0.0
   7 1989 240  11.80  19.0  32.7   1.730   1.3   0.0
   7 1989 241  11.30  19.8  31.5   1.780   1.3   0.0
   7 1989 242  10.90  19.5  31.4   1.940   1.3   0.0
   7 1989 243  11.20  19.2  32.8   1.810   1.3   0.0
-999 1989 244      1     1     1       1     1     1
   7 1989 244  11.30  20.6  30.4   1.780   1.3   0.0
   7 1989 245  11.20  17.8  31.3   1.610   0.7   0.0
   7 1989 246  11.20  18.2  32.4   1.700   1.3   0.0
   7 1989 247  11.20  19.0  35.0   1.460   1.4   0.0
   7 1989 248  11.00  19.8  34.0   1.650   1.2   0.0
-999 1989 249      1     1     1       1     3     1
   7 1989 249  10.90  20.2  32.0   1.910   1.3   0.0
   7 1989 250  10.00  18.4  29.8   1.930   1.3   0.0
-999 1989 251      1     1     1       1     1     1
   7 1989 251   9.70  19.2  29.7   1.900   1.4   0.0
   7 1989 252  10.40  18.4  28.3   1.680   1.4   0.0
   7 1989 253  10.10  19.0  30.7   1.680   1.0   0.0
   7 1989 254   9.80  19.0  29.8   1.850   1.0   0.0
   7 1989 255  10.50  20.0  31.6   1.950   1.5   0.0
   7 1989 256  10.50  20.3  30.0   1.950   1.2   0.0
   7 1989 257   8.10  18.4  29.4   1.950   0.6   5.3
   7 1989 258  10.20  17.8  31.5   1.780   0.7   0.0
   7 1989 259  10.30  17.5  30.2   1.910   0.9   0.0
   7 1989 260  10.60  17.2  30.0   1.560   1.0   0.0
   7 1989 261  10.70  13.8  29.6   1.110   0.3   0.0
   7 1989 262  11.20  11.3  31.0   0.750   0.2   0.0
   7 1989 263  10.80  11.3  32.5   0.840   0.1   0.0
   7 1989 264  10.50  12.5  34.5   1.070   0.3   0.0
   7 1989 265  10.40  14.0  35.5   1.310   0.6   0.0
   7 1389 266  10.40  16.8  35.5   0.710   0.6   0.0
   7 1989 267   9.80  18.0  35.7   1.140   1.0   0.0
   7 1989 268  10.30  19.0  29.0   1.770   1.6   0.0
   7 1989 269  10.00  18.3  27.5   1.590   1.3   0.0
   7 1989 270  10.20  17.0  27.9   1.650   1.1   0.0
   7 1989 271   9.80  17.3  29.3   1.590   1.3   0.0
   7 1989 272  10.30  16.0  28.6   1.360   1.0   0.0
   7 1989 273   9.60  17.6  28.6   1.590   0.7   0.0
   7 1989 274   9.30  19.6  31.2   1.420   1.8   0.0
   7 1989 275   6.40  20.0  27.2   1.700   1.3   0.5
   7 1989 276   5.70  17.8  28.7   1.800   0.3   0.0
   7 1989 277   9.50  14.6  29.5   1.560   0.5   0.0
   7 1989 278   7.80  15.4  30.5   1.480   0.4   0.0
   7 1989 279  10.00  17.0  25.3   1.560   1.8   2.4
   7 1989 280   9.00  16.2  23.6   1.610   0.4   0.0
   7 1989 281   9.30  12.0  25.8   1.330   0.5   0.0
   7 1989 282   9.40  10.2  27.7   1.190   0.2   0.0
   7 1989 283  10.00   9.8  30.4   1.100   0.3   0.0
   7 1989 284  10.40  12.0  30.8   0.810   1.1   0.0
   7 1989 285   9.90  13.6  25.7   1.440   1.7   0.0
   7 1989 286   8.50  16.0  23.8   1.310   0.8   0.0
   7 1989 287   9.80  13.5  25.5   1.250   0.3   0.0
   7 1989 288   9.80   8.8  26.1   1.060   0.2   0.0
   7 1989 289   7.70   9.4  27.2   0.970   0.4   0.0
   7 1989 290   8.60  10.2  26.4   1.220   0.9   0.0
   7 1989 291   5.20  14.3  21.0   1.330   0.6   0.1
   7 1989 292   4.00  10.0  22.6   1.230   0.1   1.0
   7 1989 293   7.90   8.0  20.5   1.260   1.4   0.0
   7 1989 294  10.00  13.4  23.0   1.230   0.9   0.0
   7 1989 295   9.90  11.2  23.5   1.130   0.3   0.0
   7 1989 296   9.70   8.5  23.2   1.040   0.1   0.0
   7 1989 297   9.30   7.2  25.3   0.840   0.2   0.0
   7 1989 298   7.20  10.0  23.7   0.870   0.3   0.0
   7 1989 299   9.20   8.6  24.4   0.950   0.3   0.0
   7 1989 300   9.60   8.4  24.3   1.070   0.6   0.0
   7 1989 301   7.80  12.0  23.5   1.350   0.4   0.6
   7 1989 302   3.30  12.0  22.0   1.410   0.4  15.3
   7 1989 303   5.30  11.6  18.7   1.350   0.7   0.7
   7 1989 304   7.20  11.8  21.6   1.310   0.1   0.2
   7 1989 305   8.80  10.5  22.2   1.330   0.1   0.0
   7 1989 306   9.60   9.0  24.2   1.190   0.2   0.0
   7 1989 307   9.20   8.6  25.3   1.100   0.2   0.0
   7 1989 308   8.70   8.2  24.4   1.010   0.3   0.0
   7 1989 309   7.70   9.0  24.0   0.980   0.2   0.0
   7 1989 310   6.30  13.5  25.0   1.110   0.1   0.0
   7 1989 311   7.80  12.0  25.2   1.140   0.1   0.0
   7 1989 312   9.20   8.2  24.6   0.860   0.5   0.0
   7 1989 313   8.80   7.6  23.4   0.670   0.6   0.0
   7 1989 314   5.60  12.0  19.5   1.190   0.9   0.6
   7 1989 315   3.10  11.1  18.3   1.170   0.3   2.4
   7 1989 316   2.80  11.0  17.8   1.280   0.2   0.0
   7 1989 317   1.40   8.6  14.7   1.190   0.4   0.8
   7 1989 318   5.50   8.2  17.4   1.090   0.7   2.9
   7 1989 319   3.20   9.0  17.2   1.040   0.5   1.4
   7 1989 320   3.50   9.0  15.0   1.090   1.3   1.8
   7 1989 321   5.80   8.8  18.5   1.120   1.4   8.3
   7 1989 322   4.30  12.0  16.2   1.280   0.8   0.1
   7 1989 323   3.50   7.2  14.2   1.040   0.3   0.0
   7 1989 324   7.30   1.5  11.0   0.670   0.2   0.0
   7 1989 325   8.80  -0.4  12.0   0.590   0.2   0.0
   7 1989 326   8.80  -1.0  12.0   0.560   0.2   0.0
   7 1989 327   8.40  -0.8  12.8   0.630   0.2   0.0
   7 1989 328   2.40   1.0  18.2   0.980   1.0   0.0
   7 1989 329   6.90  11.0  21.3   1.210   0.4   0.0
   7 1989 330   4.70  12.4  23.0   1.080   0.7   0.0
   7 1989 331   8.80  10.5  20.1   1.270   1.0   0.0
   7 1989 332   5.70  12.0  22.2   1.120   0.1   0.0
   7 1989 333   0.00   8.8  18.8   1.050   1.4   5.6
   7 1989 334   4.60   9.2  15.5   1.170   1.0   7.4
   7 1989 335   6.70   2.0  11.2   0.760   0.6   0.0
   7 1989 336   7.70  -0.4  10.6   0.640   0.3   0.0
   7 1989 337   5.20   0.2   7.0   0.520   0.3   0.0
   7 1989 338   9.00  -2.0   8.0   0.450   0.8   0.0
   7 1989 339   9.00  -0.5  12.7   0.560   0.6   0.0
   7 1989 340   6.90   0.0  14.4   0.720   0.3   6.2
   7 1989 341   0.00   4.4  10.7   0.930   0.4   2.0
   7 1989 342   2.60   6.4  14.0   1.040   0.3  20.6
   7 1989 343   0.00   7.0  13.0   1.160   0.2   3.8
   7 1989 344   0.00   8.0  15.1   1.120   0.3   0.0
   7 1989 345   4.70   9.0  18.4   1.050   0.3   3.5
   7 1989 346   1.10   8.8  12.4   1.100   0.7   3.4
   7 1989 347   1.50   7.6  13.2   1.030   0.2   0.3
   7 1989 348   4.00   7.0  12.5   1.050   0.2   0.0
   7 1989 349   4.20   6.0  13.8   1.000   0.3   0.0
   7 1989 350   3.80   5.0  13.7   1.010   0.8   0.0
   7 1989 351   2.60   9.6  16.0   1.090   0.2   0.1
   7 1989 352   3.70   8.8  14.5   1.230   0.2   0.0
   7 1989 353   5.90   4.8  14.5   1.130   0.2   0.0
   7 1989 354   4.20   6.5  12.7   1.130   0.2   0.0
-999 1989 355      1     1     1       1     3     1
   7 1989 355   6.80   5.4  14.0   1.120   0.4   0.1
   7 1989 356   0.00   4.4   9.5   0.970   0.1   0.0
   7 1989 357   0.60   1.6  12.5   0.870   0.2   0.0
   7 1989 358   8.00  -0.5  14.0   0.800   0.3   0.0
   7 1989 359   0.00  -1.0   6.6   0.780   0.4   0.0
   7 1989 360   2.30   3.5   9.2   0.850   0.2   0.0
   7 1989 361   0.30   1.3   9.6   0.900   0.3   0.0
   7 1989 362   5.00   4.8  16.0   1.030   0.7   0.0
   7 1989 363   5.30   5.5  17.0   1.000   0.2   0.0
   7 1989 364   2.80   3.5  11.5   1.000   0.5   1.8
   7 1989 365   5.10   5.8  14.6   0.970   3.5   7.8
