*---------------------------------------------------------------------------*
* Station name: Ghreriffe, Syria
* Year: 1985
* Author: Peter Uithol                                     -99.000: NIL VALUE
* Source: ICARDA SPS file
* Comments: Vapour pressure measured as maximum relative humudity (%)
*           Incomplete year, no irradiation data available
* Longitude: 37 15 E, latitude: 35 50 N, altitude: 325. m
*
* Column  Daily value
* 1       station number
* 2       year
* 3       day
* 4       irradiation                   (kJ m-2 d-1)
* 5       minimum temperature           (degrees Celsius)
* 6       maximum temperature           (degrees Celsius)
* 7       early morning vapour pressure (kPa)
* 8       mean wind speed (height: 2 m) (m s-1)
* 9       precipitation                 (mm d-1)
*---------------------------------------------------------------------------*
  37.25  35.83   325. 0.00 0.00
   2 1985  24   -99. -99.0   7.3   0.000   2.0   0.0
   2 1985  25   -99.  -6.0  10.9   0.327   2.0   0.0
   2 1985  26   -99.  -2.4  11.0   0.413   2.0   0.0
   2 1985  27   -99.   3.2  10.0   0.588   2.0   2.4
   2 1985  28   -99.   4.8  13.0   0.692   2.2   0.0
   2 1985  29   -99.   0.5  14.0   0.512   2.2   5.4
   2 1985  30   -99.   5.2  12.0   0.752   2.2   5.0
   2 1985  31   -99.   7.4  11.2   0.835   3.0  16.0
   2 1985  32   -99.   5.5  10.1   0.727   1.8   1.6
   2 1985  33   -99.   2.7  12.2   0.601   2.3   2.0
   2 1985  34   -99.   4.9  14.0   0.710   4.6  11.2
   2 1985  35   -99.   6.5  13.2   0.760   5.0   0.0
   2 1985  36   -99.  -4.8   7.5   0.325   5.4   0.0
   2 1985  37   -99.  -6.5   6.4   0.292   2.4   0.0
   2 1985  38   -99.   0.2   8.9   0.493   2.8   5.2
   2 1985  39   -99.   2.4   5.0   0.584   2.5   4.8
   2 1985  40   -99.   2.2   9.2   0.576   1.8   0.0
   2 1985  41   -99.   3.0   8.1   0.610   3.5   0.0
   2 1985  42   -99.   5.5   9.0   0.741   1.5   0.0
   2 1985  43   -99.   4.9  10.3   0.713   2.0   0.0
   2 1985  44   -99.   4.1   9.7   0.676   1.5   0.0
   2 1985  45   -99.   2.6  10.4   0.608   3.2   1.2
   2 1985  46   -99.   2.0  11.9   0.575   4.1   0.0
   2 1985  47   -99.   0.5  12.0   0.519   3.6   0.0
   2 1985  48   -99.  -1.5  10.2   0.448   2.8   5.0
   2 1985  49   -99.  -2.7  11.9   0.399   2.4   0.0
   2 1985  50   -99.   2.1  21.0   0.583   7.1   0.0
   2 1985  51   -99.   4.2  14.2   0.639   6.0   0.0
   2 1985  52   -99.  -3.3   5.7   0.383   3.9   0.0
   2 1985  53   -99.  -4.8   0.5   0.278   3.8   0.0
   2 1985  54   -99.  -5.9   2.6   0.220   4.1   0.0
   2 1985  55   -99.  -2.3   3.4   0.399   9.2   0.0
   2 1985  56   -99.  -2.1   6.1   0.416   2.8   0.0
   2 1985  57   -99.  -5.0   9.9   0.339   3.7   0.0
   2 1985  58   -99.  -8.0   7.9   0.237   3.7   0.0
   2 1985  59   -99.  -3.0   5.1   0.151   3.8   0.0
   2 1985  60   -99.  -8.9   4.6   0.205   2.6   0.0
   2 1985  61   -99.  -8.4   5.6   0.247   2.5   0.0
   2 1985  62   -99.  -9.3   7.9   0.229   1.4   0.0
   2 1985  63   -99.  -9.1   7.0   0.196   2.9   0.0
   2 1985  64   -99.  -7.0   8.9   0.235   2.0   0.0
   2 1985  65   -99.  -9.2  11.5   0.232   1.6   0.0
   2 1985  66   -99.  -7.0  13.2   0.279   3.1   0.0
   2 1985  67   -99.  -6.5  10.0   0.282   1.5   0.0
   2 1985  68   -99.  -7.3  11.0   0.265   3.6   0.0
   2 1985  69   -99.  -7.0  12.3   0.249   3.8   0.0
   2 1985  70   -99.  -4.6  14.5   0.278   3.7   0.0
   2 1985  71   -99.  -1.8  15.8   0.343   4.1   0.0
   2 1985  72   -99.  -2.0  18.0   0.379   5.4   0.0
   2 1985  73   -99.   1.1  18.2   0.435   2.1   0.0
   2 1985  74   -99.  -1.1  20.6   0.424   1.3   0.0
   2 1985  75   -99.   3.0  21.8   0.580   2.2   0.0
   2 1985  76   -99.   8.1  21.7   0.810   4.0   0.0
   2 1985  77   -99.   8.9  16.9   0.922   3.4   0.0
   2 1985  78   -99.   6.0  17.8   0.746   3.2   0.0
   2 1985  79   -99.   5.8  15.3   0.707   4.7   0.0
   2 1985  80   -99.   6.7  15.7   0.766   2.2   0.0
   2 1985  81   -99.   0.8  20.2   0.518   6.8   0.0
   2 1985  82   -99.   5.8  16.7   0.673   2.8   0.0
   2 1985  83   -99.   4.3  16.9   0.664   2.4   3.2
   2 1985  84   -99.   4.8  19.2   0.854   3.1   0.0
   2 1985  85   -99.   2.8  17.8   0.747   1.4   0.0
   2 1985  86   -99.   6.8  20.6   0.988   5.3   0.0
   2 1985  87   -99.  10.5  20.4   1.255   4.1   0.0
   2 1985  88   -99.   6.7  22.0   0.978   2.7   0.0
   2 1985  89   -99.   6.7  22.0   0.978   1.3   0.0
   2 1985  90   -99.   8.0  22.3   1.068   2.8   2.4
   2 1985  91   -99.  12.7  16.2   1.190   2.2   0.0
   2 1985  92   -99.   5.1  17.8   0.718   1.9   0.0
   2 1985  93   -99.   4.5  13.0   0.681   1.8   2.4
   2 1985  94   -99.   2.2  18.4   0.580   3.0   0.0
   2 1985  95   -99.   8.8  20.3   0.906   3.2   8.4
   2 1985  96   -99.   6.0  20.0   0.757   2.5   0.0
   2 1985  97   -99.   4.8  21.0   0.692   3.1   0.0
   2 1985  98   -99.   5.4  21.2   0.722   2.9   0.0
   2 1985  99   -99.   6.0  22.1   0.750   2.9   0.0
   2 1985 100   -99.   4.1  25.9   0.655   2.9   0.0
   2 1985 101   -99.   7.2  28.9   0.813   2.7   0.0
   2 1985 102   -99.   6.2  31.0   0.752   3.0   0.0
   2 1985 103   -99.   7.9  30.5   0.767   3.2   0.0
   2 1985 104   -99.   9.0  23.0   0.890   4.4   0.0
   2 1985 105   -99.   6.7  22.1   0.790   1.6   0.0
   2 1985 106   -99.   4.1  24.9   0.655   1.8   0.0
   2 1985 107   -99.   3.6  28.4   0.621   2.0   0.0
   2 1985 108   -99.   7.0  32.0   0.713   1.6   0.0
   2 1985 109   -99.   9.0  28.0   0.907   3.6   0.0
   2 1985 110   -99.  10.8  23.8   1.037   3.5   0.0
   2 1985 111   -99.  11.0  24.1   1.051   1.7   0.0
   2 1985 112   -99.  10.2  22.8   0.896   2.0   0.0
   2 1985 113   -99.   6.3  21.3   0.771   2.3  12.0
   2 1985 114   -99.   7.1  19.5   0.817   3.2   0.0
   2 1985 115   -99.  11.5  24.3   1.059   3.7   0.0
   2 1985 116   -99.   7.5  23.9   0.838   4.0   0.0
   2 1985 117   -99.   7.1  24.9   0.817   3.5   0.0
   2 1985 118   -99.   6.7  26.0   0.785   2.7   0.0
   2 1985 119   -99.   8.0  27.7   0.858   1.9   0.0
   2 1985 120   -99.  11.7  26.9   0.984   2.2   0.0
   2 1985 121   -99.   7.8  26.0   0.847   3.5   0.0
   2 1985 122   -99.   5.0  23.0   0.698   3.8   0.0
   2 1985 123   -99.   7.0  24.9   0.807   3.2   0.0
   2 1985 124   -99.   5.0  27.9   0.663   1.8   0.0
   2 1985 125   -99.   6.7  28.5   0.520   2.0   0.0
   2 1985 126   -99.   9.7  28.0   0.746   1.5   0.0
   2 1985 127   -99.  11.0  31.9   0.965   1.4   0.0
   2 1985 128   -99.  13.0  33.0   1.064   1.7   0.0
   2 1985 129   -99.  14.0  35.0   1.040   2.2   0.0
   2 1985 130   -99.  15.0  34.5   1.237   2.0   0.0
   2 1985 131   -99.  18.5  33.2   1.716   3.6   5.8
   2 1985 132   -99.  14.5  31.9   1.335   2.9   0.0
   2 1985 133   -99.  17.8  34.8   1.642   2.4   2.6
   2 1985 134   -99.  13.5  23.8   1.386   2.1   1.0
   2 1985 135   -99.  11.7  27.5   1.231   2.1   0.0
   2 1985 136   -99.  12.0  27.5   1.298   3.5   0.0
   2 1985 137   -99.  10.8  30.5   1.147   3.1   0.0
   2 1985 138   -99.  12.0  31.2   1.249   2.1   3.4
   2 1985 139   -99.  10.5  27.5   1.137   3.2   0.0
   2 1985 140   -99.  10.1  31.0   0.983   2.8   0.0
   2 1985 141   -99.  13.0  32.0   1.206   3.4   0.0
   2 1985 142   -99.  12.0  32.7   1.116   2.5   0.0
   2 1985 143   -99.  13.1  34.0   0.996   2.6   0.0
   2 1985 144   -99.  17.0  33.2   1.551   3.2   0.0
   2 1985 145   -99.  12.2  29.4   1.140   4.9   0.0
   2 1985 146   -99.  13.9  30.2   1.271   3.8   0.0
   2 1985 147   -99.  12.5  33.3   1.160   2.4   0.0
   2 1985 148   -99.  13.8  35.5   1.208   3.9   0.0
   2 1985 149   -99.  12.1  29.5   1.130   2.8   0.0
   2 1985 150   -99.  11.1  28.0   1.058   4.9   0.0
   2 1985 151   -99.  11.0  28.5   1.097   3.9   0.0
   2 1985 152   -99.  10.5  28.5   1.022   3.8   0.0
   2 1985 153   -99.  11.0  31.2   1.057   3.2   0.0
   2 1985 154   -99.  13.0  35.6   0.847   1.9   0.0
   2 1985 155   -99.  14.6  36.8   1.098   2.9   0.0
   2 1985 156   -99.  12.5  33.2   1.167   3.9   0.0
   2 1985 157   -99.  12.0  30.1   1.130   4.1   0.0
   2 1985 158   -99.  13.6  30.8   1.255   4.3   0.0
   2 1985 159   -99.  13.1  31.0   1.210   3.8   0.0
   2 1985 160   -99.  13.0  34.0   1.199   2.7   0.0
   2 1985 161   -99.  14.7  37.0   0.946 -99.0   0.0
   2 1985 162   -99.  15.9  39.0   1.106 -99.0   0.0
   2 1985 163   -99.  17.0  37.0   1.280 -99.0   0.0
   2 1985 164   -99.  15.0  34.0   1.331   4.7   0.0
   2 1985 165   -99.  15.7  34.8   1.455   3.9   0.0
   2 1985 166   -99.  15.0  36.0   1.348   3.3   0.0
   2 1985 167   -99.  13.0  35.0   1.214   3.8   0.0
   2 1985 168   -99.   9.0 -99.0   0.930   4.9   0.0
   2 1985 169   -99. -99.0 -99.0   0.000   3.5   0.0
   2 1985 170   -99. -99.0 -99.0   0.000   4.3   0.0
   2 1985 171   -99. -99.0 -99.0   0.000   4.4   0.0
   2 1985 172   -99. -99.0 -99.0   0.000   3.0   0.0
   2 1985 173   -99. -99.0 -99.0   0.000   3.5   0.0
   2 1985 174   -99. -99.0 -99.0   0.000   3.2   0.0
   2 1985 175   -99. -99.0  33.5   0.000   5.5   0.0
   2 1985 176   -99.  16.0  34.6   1.459   5.5   0.0
   2 1985 177   -99.  16.0  34.3   1.461   4.1   0.0
   2 1985 178   -99.  15.3  35.2   1.392   3.4   0.0
   2 1985 179   -99.  15.5  36.9   1.188   4.1   0.0
   2 1985 180   -99.  15.8  36.0   1.096   4.8   0.0
   2 1985 181   -99.  18.5  37.0   1.716   5.6   0.0
   2 1985 182   -99.  17.3  34.0   1.571   5.0   0.0
   2 1985 183   -99.  15.0  33.9   1.375   4.1   0.0
   2 1985 184   -99.  14.2  34.0   1.223   2.9   0.0
   2 1985 185   -99.  15.0  32.0   1.256   3.8   0.0
   2 1985 186   -99.  14.2  30.2   1.309   3.5   0.0
   2 1985 187   -99.  14.5  30.2   1.335   4.1   0.0
   2 1985 188   -99.  15.0  33.0   1.382   4.4   0.0
   2 1985 189   -99.  14.6  33.2   1.131   4.6   0.0
   2 1985 190   -99.  16.8  32.3   1.534   4.6   0.0
   2 1985 191   -99.  15.7  32.5   1.437   4.0   0.0
   2 1985 192   -99.  15.5  34.4   1.410   3.5   0.0
   2 1985 193   -99.  17.0  36.0   1.222   3.2   0.0
   2 1985 194   -99.  18.0  36.7 -99.000   3.2   0.0
   2 1985 195   -99.  18.0  35.0   1.343   3.8   0.0
   2 1985 196   -99.  17.2  34.3   1.571   5.1   0.0
   2 1985 197   -99.  15.0  32.0   1.365   5.3   0.0
   2 1985 198   -99.  16.0  32.0   1.456   6.3   0.0
   2 1985 199   -99.  17.5  33.8   1.605   5.6   0.0
   2 1985 200   -99.  16.0  33.8   1.419   5.0   0.0
   2 1985 201   -99.  15.2  34.9   1.366   4.0   0.0
   2 1985 202   -99.  16.5  37.0   1.390   3.9   0.0
   2 1985 203   -99.  16.0  34.5   1.410   3.7   0.0
   2 1985 204   -99.  18.5  34.0   1.605   2.9   0.0
   2 1985 205   -99.  18.9  35.2   1.495   3.3   0.0
   2 1985 206   -99.  17.3  34.8   1.443   3.6   0.0
   2 1985 207   -99.  17.0  33.2   1.460   3.9   0.0
   2 1985 208   -99.  16.6  33.0   1.412   4.3   0.0
   2 1985 209   -99.  16.0  33.8   1.061   2.5   0.0
   2 1985 210   -99.  15.0  35.9   0.666   1.9   0.0
   2 1985 211   -99.  16.3  37.0   1.085   2.6   0.0
   2 1985 212   -99.  18.4  37.1   1.504   2.7   0.0
   2 1985 213   -99.  19.5  39.0   1.756   3.3   0.0
   2 1985 214   -99.  19.5  40.0   0.647   2.6   0.0
   2 1985 215   -99.  19.8  39.3   1.503   4.1   0.0
   2 1985 216   -99.  19.3  35.2   1.614   4.3   0.0
   2 1985 217   -99.  18.8  34.6   1.738   4.4   0.0
   2 1985 218   -99.  17.5  31.9   1.617   4.9   0.0
   2 1985 219   -99.  20.2  33.1   1.901   5.9   0.0
   2 1985 220   -99.  19.1  34.9   1.782   4.6   0.0
   2 1985 221   -99.  18.5  36.0   1.716   3.6   0.0
   2 1985 222   -99.  19.0  37.0   1.760   3.6   0.0
   2 1985 223   -99.  18.8  36.3   1.742   2.9   0.0
   2 1985 224   -99.  18.7  41.0   1.580   3.2   0.0
   2 1985 225   -99.  21.3  43.0   1.626   2.3   0.0
   2 1985 226   -99.  25.2  43.6   1.092   3.1   0.0
   2 1985 227   -99.  25.7  42.1   0.800   2.7   0.0
   2 1985 228   -99.  26.5  41.1   1.075   2.4   0.0
   2 1985 229   -99.  24.0  41.5   2.083   2.7   0.0
   2 1985 230   -99.  25.5  39.0   2.599   4.2   0.0
   2 1985 231   -99.  22.0  34.4   2.118   5.1   0.0
   2 1985 232   -99.  18.3  35.1   1.684   3.3   0.0
   2 1985 233   -99.  20.4  36.9   1.728   2.6   0.0
   2 1985 234   -99.  20.3  36.0   1.610   3.4   0.0
   2 1985 235   -99.  20.6  35.3   0.777   1.8   0.0
   2 1985 236   -99.  17.1  37.2   0.523   1.6   0.0
   2 1985 237   -99.  17.3  38.6   0.514   1.8   0.0
   2 1985 238   -99.  18.0  38.8   1.054   2.4   0.0
   2 1985 239   -99.  19.5  36.8   1.725   2.9   0.0
   2 1985 240   -99.  18.2  35.5   1.636   3.1   0.0
   2 1985 241   -99.  18.5  35.5   1.705   5.0   0.0
   2 1985 242   -99.  18.2  32.8   1.674   5.1   0.0
   2 1985 243   -99.  17.5  31.1   1.601   4.9   0.0
   2 1985 244   -99.  15.0  30.1   1.363   4.5   0.0
   2 1985 245   -99.  17.0  33.0   1.470   3.0   0.0
   2 1985 246   -99.  15.1  34.0   1.377   1.4   0.0
   2 1985 247   -99.  18.4  33.2   1.691   2.8   0.0
   2 1985 248   -99.  17.2  33.3   1.573   3.2   0.0
   2 1985 249   -99.  17.2  33.0   1.573   3.7   0.0
   2 1985 250   -99.  17.6  32.7   1.539   2.5   0.0
   2 1985 251   -99.  16.5  33.8   1.505   1.8   0.0
   2 1985 252   -99.  16.4  34.4   1.307   2.2   0.0
   2 1985 253   -99.  17.3  34.2   1.542   3.0   0.0
   2 1985 254   -99.  16.6  31.4   1.512   5.1   0.0
   2 1985 255   -99.  15.0  29.9   1.365   3.2   0.0
   2 1985 256   -99.  15.6  30.0   1.392   2.8   0.0
   2 1985 257   -99.  15.5  29.3   1.410   3.4   0.0
   2 1985 258   -99.  15.2  31.0   1.383   2.9   0.0
   2 1985 259   -99.  14.0  30.0   1.280   2.0   0.0
   2 1985 260   -99.  13.5  31.2   1.231   2.4   0.0
   2 1985 261   -99.  14.2  31.6   1.264   2.4   0.0
   2 1985 262   -99.  12.4  30.0   0.965   4.3   0.0
   2 1985 263   -99.  12.3  30.0   0.281   1.6   0.0
   2 1985 264   -99.   9.0  31.0   0.132   1.5   0.0
   2 1985 265   -99.  10.6  33.2   0.115   1.8   0.0
   2 1985 266   -99.  13.0  35.1   0.135   1.8   0.0
   2 1985 267   -99.  15.5  33.8   1.401   2.9   0.0
   2 1985 268   -99.  14.4  29.0   1.313   4.8   0.0
   2 1985 269   -99.  15.5  30.1   1.410   2.4   0.0
   2 1985 270   -99.  13.8  31.2   1.263   1.9   0.0
   2 1985 271   -99.  14.7  29.9   1.339   3.3   0.0
   2 1985 272   -99.  14.0  26.1   1.288   2.8   0.0
   2 1985 273   -99.  12.0  28.0   1.127   2.0   0.0
   2 1985 274   -99.  11.7  27.3   1.102   2.0   0.0
   2 1985 275   -99.  11.7  25.0   0.970   2.1   0.0
   2 1985 276   -99.   6.5  27.9   0.484   1.5   0.0
   2 1985 277   -99.   8.8  28.0   0.889   1.3   0.0
   2 1985 278   -99.  11.0  28.6   1.052   1.9   0.0
   2 1985 279   -99.   9.8  30.9   0.776   3.0   0.0
   2 1985 280   -99.  11.5  32.0   0.624   2.2   0.0
   2 1985 281   -99.  10.9  28.3 -99.000   2.4   0.0
   2 1985 282   -99.  12.9  24.0 -99.000   2.7   0.0
   2 1985 283   -99.  13.0  24.1 -99.000   4.7   0.0
   2 1985 284   -99.   9.7  23.9 -99.000   2.8   0.0
   2 1985 285   -99.  10.8  23.3 -99.000   2.1   0.0
   2 1985 286   -99.  10.2  21.0 -99.000   1.7   0.0
   2 1985 287   -99.   9.7  23.2 -99.000   5.1   0.0
   2 1985 288   -99.  10.2  24.2   0.977   2.5   0.0
   2 1985 289   -99.   9.0  22.0   0.919   2.1   0.0
   2 1985 290   -99.  10.0  21.1   0.983   3.4   0.0
   2 1985 291   -99.  12.0  25.0   1.123   3.3   0.0
   2 1985 292   -99.   9.8  17.0   0.976   2.1   6.4
   2 1985 293   -99.   7.0  18.0   0.807   1.8   0.0
   2 1985 294   -99. -99.0 -99.0 -99.000   1.8   0.0
   2 1985 295   -99. -99.0 -99.0 -99.000   2.2   0.0
   2 1985 296   -99. -99.0 -99.0 -99.000   1.8   0.0
   2 1985 297   -99. -99.0 -99.0 -99.000   1.6   1.8
   2 1985 298   -99. -99.0 -99.0 -99.000   2.1   0.0
   2 1985 299   -99. -99.0 -99.0 -99.000   3.5   0.0
   2 1985 300   -99. -99.0 -99.0 -99.000   2.2   0.0
   2 1985 301   -99. -99.0 -99.0 -99.000   1.6   0.0
   2 1985 302   -99. -99.0 -99.0 -99.000   1.7   0.0
   2 1985 303   -99. -99.0  17.8 -99.000   2.0   0.0
   2 1985 304   -99.   1.2  19.1   0.486   4.7   0.0
   2 1985 305   -99.   8.0  16.9   0.854   3.5   0.0
   2 1985 306   -99.   4.9  20.0   0.691   2.5   0.0
   2 1985 307   -99.   4.4  21.2   0.636   1.5   0.0
   2 1985 308   -99.   4.8  22.0   0.635   1.4   0.0
   2 1985 309   -99.   6.4  21.7   0.692   1.5   0.0
   2 1985 310   -99.   7.3  20.0   0.794   2.3   0.0
   2 1985 311   -99.   7.9  23.3   0.850   1.9   0.0
   2 1985 312   -99.  10.1  22.0   0.911   3.2   0.0
   2 1985 313   -99.  10.5  18.0   1.029   2.6   0.5
   2 1985 314   -99.   7.7  16.8   0.855   1.9   0.0
   2 1985 315   -99.   8.0  13.0   0.923   1.2   0.5
   2 1985 316   -99.   6.6  18.9   0.838   1.9   0.0
   2 1985 317   -99.   6.2  21.0   0.759   1.6   0.0
   2 1985 318   -99.   5.0  21.4   0.698   1.5   0.0
   2 1985 319   -99.   5.0  21.7   0.698   1.3   0.0
   2 1985 320   -99.   5.5  21.3   0.708   1.9   0.0
   2 1985 321   -99.   5.0  19.8   0.698   2.0   0.0
   2 1985 322   -99.   3.9  19.5   0.646   1.6   0.0
   2 1985 323   -99.   5.0  20.2   0.671   1.4   0.0
   2 1985 324   -99.   2.8  20.0   0.569   1.6   0.0
   2 1985 325   -99.   6.0  19.4   0.659   1.4   0.0
   2 1985 326   -99.   3.7  18.5   0.621   1.2   0.0
   2 1985 327   -99.   5.0  17.0   0.689   2.1   0.0
   2 1985 328   -99.   2.6  15.5   0.582   1.5   0.0
   2 1985 329   -99.   2.5  15.0   0.574   2.1   1.0
   2 1985 330   -99.   8.4  15.0   0.882   2.2   0.0
   2 1985 331   -99.   6.5  15.5   0.774   2.1   0.0
   2 1985 332   -99.   1.7  17.1   0.552   1.3   0.0
   2 1985 333   -99.   2.0  17.5   0.564   1.7   0.0
   2 1985 334   -99.   6.0  13.1   0.748   2.4   1.8
   2 1985 335   -99.   0.6  11.1   0.514   2.2   0.0
   2 1985 336   -99.   0.3   6.4   0.498   2.2   3.8
   2 1985 337   -99.  -8.0   2.6   0.264   1.4   0.0
   2 1985 338   -99.  -9.0   4.8   0.246   1.2   0.0
   2 1985 339   -99.  -2.1  19.0   0.418   2.2   0.0
   2 1985 340   -99.   1.0  16.0   0.525   1.4   0.0
   2 1985 341   -99.   0.6  17.0   0.509   1.4   0.0
   2 1985 342   -99.  -1.0  15.3   0.454   2.4   0.0
   2 1985 343   -99.  -1.0  14.8   0.454   2.8   0.0
   2 1985 344   -99.  -0.4  13.3   0.470   1.8   0.0
   2 1985 345   -99.   1.7  13.5   0.546   1.5   0.0
   2 1985 346   -99.  -2.0  13.9   0.419   1.5   0.0
   2 1985 347   -99.  -2.2  13.1   0.410   3.7   0.0
   2 1985 348   -99.   2.0   9.2   0.586   5.7   1.0
   2 1985 349   -99.  -2.2   9.3   0.431   1.6   0.0
   2 1985 350   -99.  -1.9   7.8   0.425   1.4   5.4
   2 1985 351   -99.   0.6   6.0   0.512   3.9   5.0
   2 1985 352   -99.  -0.3   5.4   0.481   2.0   0.2
   2 1985 353   -99.  -1.2   7.0   0.449   1.6   0.0
   2 1985 354   -99.  -6.0   4.0   0.308   1.1   0.0
   2 1985 355   -99.  -5.1   4.9   0.349   8.1   0.0
   2 1985 356   -99.   2.0   8.0   0.628   9.7   6.6
   2 1985 357   -99.   3.0   5.5   0.668   3.2   0.6
   2 1985 358   -99.   3.0   6.0   0.668   2.3   7.0
   2 1985 359   -99.   4.6   7.7   0.750   1.5   4.4
   2 1985 360   -99.   3.6   6.7   0.697   2.2   1.0
   2 1985 361   -99.   1.0 -99.0   0.563   1.4   0.0
   2 1985 362   -99. -99.0 -99.0 -99.000   3.5  13.0
   2 1985 363   -99. -99.0 -99.0 -99.000   1.5   0.0
   2 1985 364   -99. -99.0 -99.0 -99.000   1.8   0.0
   2 1985 365   -99. -99.0 -99.0 -99.000   1.4   0.4
