*---------------------------------------------------------------------------*
* Station name: Jindiress, Syria
* Year: 1980
* Author: Peter Uithol                                     -99.000: NIL VALUE
* Source: ICARDA SPS file
* Comments: Vapour pressure measured as maximum relative humudity (%)
*           Incomplete year, no wind speed data available
* Longitude: 36 44 E, latitude: 46 24 N, altitude: 210. m
*
* Column  Daily value
* 1       station number
* 2       year
* 3       day
* 4       irradiation                   (kJ m-2 d-1)
* 5       minimum temperature           (degrees Celsius)
* 6       maximum temperature           (degrees Celsius)
* 7       early morning vapour pressure (kPa)
* 8       mean wind speed (height: 2 m) (m s-1)
* 9       precipitation                 (mm d-1)
*---------------------------------------------------------------------------*
  36.73  36.40   210. 0.00 0.00
   3 1980 266   -99.   9.0  31.0   0.322 -99.0   0.0
   3 1980 267   -99.  12.0  34.0   0.884 -99.0   0.0
   3 1980 268   -99.  15.0  31.0   1.126 -99.0   0.0
   3 1980 269   -99.  15.0  30.0   1.280 -99.0   0.0
   3 1980 270   -99.  17.5  29.0   1.441 -99.0   0.0
   3 1980 271   -99.  17.0  29.0   1.299 -99.0   0.0
   3 1980 272   -99.  15.0  27.0   1.229 -99.0   0.0
   3 1980 273   -99.  15.0  26.0   1.143 -99.0   2.3
   3 1980 274   -99.  14.0  27.0   1.312 -99.0   1.3
   3 1980 275   -99.  15.0  26.8   1.450 -99.0   0.2
   3 1980 276   -99.  14.0  25.0   1.408 -99.0   0.0
   3 1980 277   -99.  10.0  27.0   1.081 -99.0   0.0
   3 1980 278   -99.  14.0  26.5   1.296 -99.0   0.0
   3 1980 279   -99.  11.0  29.0   1.077 -99.0   0.0
   3 1980 280   -99.  15.0  32.0   0.990 -99.0   0.0
   3 1980 281   -99.  16.9  32.0   1.021 -99.0   0.0
   3 1980 282   -99.  11.5  33.0   0.964 -99.0   0.0
   3 1980 283   -99.  13.0  29.0   1.154 -99.0   0.0
   3 1980 284   -99.  16.8  30.0   1.455 -99.0   0.0
   3 1980 285   -99.  17.5  29.0   1.421 -99.0   0.0
   3 1980 286   -99.  17.0  27.0   1.435 -99.0   0.0
   3 1980 287   -99.  13.0  28.0   1.229 -99.0   0.0
   3 1980 288   -99.  14.0  31.0   1.264 -99.0   0.0
   3 1980 289   -99.  14.5  30.0   1.421 -99.0   0.0
   3 1980 290   -99.  13.0  31.0   1.229 -99.0   0.0
   3 1980 291   -99.  12.0  29.0   0.982 -99.0   0.0
   3 1980 292   -99.  11.5  31.5   0.815 -99.0   0.0
   3 1980 293   -99.  13.2  31.0   0.729 -99.0   0.0
   3 1980 294   -99.   9.5  30.0   0.463 -99.0   0.0
   3 1980 295   -99.  12.0  30.0   0.533 -99.0   0.0
   3 1980 296   -99.  13.0  28.0   0.959 -99.0   3.2
   3 1980 297   -99.  10.0  21.0   0.946 -99.0   2.0
   3 1980 298   -99.   8.0  23.0   0.826 -99.0   0.0
   3 1980 299   -99.  12.0  23.0   1.024 -99.0   0.0
   3 1980 300   -99.   8.0  23.7   0.826 -99.0   0.0
   3 1980 301   -99.   6.0  23.0   0.655 -99.0   0.0
   3 1980 302  7920.   7.8  27.0   0.529 -99.0   0.0
   3 1980 303  7450.  11.2  24.2   0.685 -99.0   1.3
   3 1980 304  6950.  10.9  19.0   1.096 -99.0   3.2
   3 1980 305  6840.   7.0  22.9   0.831 -99.0   0.0
   3 1980 306 18400.  11.0  25.0   0.998 -99.0   0.0
   3 1980 307 14110.  12.0  21.0   0.940 -99.0   0.0
   3 1980 308 14000.  10.0  22.5   0.848 -99.0   0.0
   3 1980 309 10550.   9.0  26.0   0.930 -99.0   6.2
   3 1980 310  9250.  12.0  24.0   1.123 -99.0   0.0
   3 1980 311 11270.  10.2  24.0   0.983 -99.0   0.2
   3 1980 312  9580.  14.0  23.0   1.344 -99.0   1.2
   3 1980 313 11810.   8.2  22.0   0.914 -99.0   0.0
   3 1980 314  9040.   7.0  18.0   0.651 -99.0   0.0
   3 1980 315 10400.  14.0  20.0   0.960 -99.0   0.0
   3 1980 316  7240.  11.5  18.0   0.971 -99.0   0.0
   3 1980 317  9400.   8.8  22.0   0.974 -99.0   0.0
   3 1980 318  7670.  10.0  22.0   1.069 -99.0   0.0
   3 1980 319 11950.   8.0  24.5   0.987 -99.0   0.0
   3 1980 320 10840.  10.2  24.0   1.158 -99.0   0.0
   3 1980 321 11230.   9.0  23.5   1.102 -99.0   0.0
   3 1980 322  9940.   9.0  23.0   0.896 -99.0   0.0
   3 1980 323 12020.   4.5  24.0   0.685 -99.0   0.0
   3 1980 324 10870.   5.5  21.0   0.689 -99.0   8.0
   3 1980 325  7420.   2.0  15.4   0.679 -99.0   0.0
   3 1980 326  9900.   0.0  13.5   0.551 -99.0   0.0
   3 1980 327  8820.  -2.5  15.5   0.469 -99.0   0.0
   3 1980 328 16560.  -2.3  15.0   0.471 -99.0   0.0
   3 1980 329 11560.   0.8  18.5   0.610 -99.0   0.0
   3 1980 330  7420.   1.4  20.3   0.644 -99.0   0.0
   3 1980 331 10260.   3.0  17.3   0.684 -99.0   0.0
   3 1980 332 10940.   1.0  18.4   0.632 -99.0   0.0
   3 1980 333 10080.   3.0  18.4   0.692 -99.0   0.0
   3 1980 334 10440.   3.7  19.0   0.663 -99.0   0.0
   3 1980 335 10120.   2.5  19.0   0.690 -99.0   0.0
   3 1980 336  9680.   1.5  18.0   0.628 -99.0   0.0
   3 1980 337  9250.   3.0  17.5   0.639 -99.0   0.0
   3 1980 338  6340.   7.8  15.5   0.765 -99.0   0.0
   3 1980 339  4320.   8.5  13.5   1.069 -99.0   0.0
   3 1980 340  4860.   9.0  18.5   1.117 -99.0  13.0
   3 1980 341  4680.   5.5  15.5   0.807 -99.0   1.2
   3 1980 342  8500.   5.0  14.5   0.823 -99.0   0.0
   3 1980 343  3890.   5.5  14.5   0.843 -99.0  14.3
   3 1980 344  4100.   4.5  10.5   0.777 -99.0   7.4
   3 1980 345  7420.   1.7  10.4   0.624 -99.0   0.0
   3 1980 346  5630.   0.5  13.4   0.588 -99.0   2.2
   3 1980 347  5630.   5.4   8.5   0.819 -99.0   7.0
   3 1980 348  8350.   0.0  10.5   0.570 -99.0   0.0
   3 1980 349  8140.   0.0   9.3   0.545 -99.0   0.0
   3 1980 350  5220.  -1.0   8.5   0.479 -99.0   0.0
   3 1980 351 10220.  -4.0  11.3   0.406 -99.0   0.0
   3 1980 352 14690.  -2.5  12.3   0.479 -99.0   0.0
   3 1980 353  3170.  -3.2  13.5   0.455 -99.0   0.0
   3 1980 354  3130.   7.5  11.4   0.848 -99.0   0.0
   3 1980 355  5940.   3.5  13.5   0.662 -99.0   0.0
   3 1980 356  7450.   2.5  14.3   0.668 -99.0   0.0
   3 1980 357  4750.   4.7  14.0   0.729 -99.0   0.0
   3 1980 358  9360.   1.5  17.5   0.649 -99.0   0.0
   3 1980 359  2920.   6.0  12.5   0.901 -99.0   8.2
   3 1980 360  2160.   8.5  13.0   1.047 -99.0  25.0
   3 1980 361  6010.  10.0  14.5   1.171 -99.0   0.0
   3 1980 362  7670.   6.5  14.5   0.903 -99.0   7.0
   3 1980 363  7920.   6.5  13.5   0.903 -99.0   6.1
   3 1980 364 10510.   0.5  12.3   0.591 -99.0   0.0
   3 1980 365 10220.  -1.0  10.5   0.507 -99.0   0.0
