*---------------------------------------------------------------------------*
* Station name: Khanasser, Syria
* Year: 1980
* Author: Peter Uithol                                     -99.000: NIL VALUE
* Source: ICARDA SPS file
* Comments: Vapour pressure measured as maximum relative humudity (%)
*           Incomplete year, no wind speed data available
* Longitude: 37 33 E, latitude: 35 46 N, altitude: 335. m
*
* Column  Daily value
* 1       station number
* 2       year
* 3       day
* 4       irradiation                   (kJ m-2 d-1)
* 5       minimum temperature           (degrees Celsius)
* 6       maximum temperature           (degrees Celsius)
* 7       early morning vapour pressure (kPa)
* 8       mean wind speed (height: 2 m) (m s-1)
* 9       precipitation                 (mm d-1)
*---------------------------------------------------------------------------*
  37.55  35.77   335. 0.00 0.00
   5 1980 274   -99.  10.5  29.0   0.432 -99.0   0.0
   5 1980 275   -99.  12.0  27.0   0.898 -99.0   4.0
   5 1980 276   -99.  15.5  24.0   1.692 -99.0   2.4
   5 1980 277   -99.   8.8  26.5   0.986 -99.0   0.0
   5 1980 278   -99.   9.0  26.5   0.919 -99.0   0.0
   5 1980 279   -99.  11.0  28.0   0.906 -99.0   0.0
   5 1980 280   -99.  11.0  31.2   0.670 -99.0   0.0
   5 1980 281   -99.  11.8  32.5   0.720 -99.0   0.0
   5 1980 282   -99.  11.0  30.2   0.617 -99.0   0.0
   5 1980 283   -99.   8.0  30.2   0.633 -99.0   0.0
   5 1980 284   -99.   9.0  29.2   0.712 -99.0   0.0
   5 1980 285   -99.  13.0  27.5   1.064 -99.0   0.0
   5 1980 286   -99.  10.0  27.0   0.884 -99.0   0.0
   5 1980 287   -99.   9.5  29.0   0.903 -99.0   0.0
   5 1980 288   -99.  10.8  32.5   0.829 -99.0   0.0
   5 1980 289   -99.  10.0  27.0   0.786 -99.0   0.0
   5 1980 290   -99.   4.0  26.0   0.512 -99.0   0.0
   5 1980 291   -99.   0.5  25.8   0.336 -99.0   0.0
   5 1980 292   -99.   0.0  26.0   0.287 -99.0   0.0
   5 1980 293   -99.   3.0  23.4   0.341 -99.0   0.0
   5 1980 294   -99.  -3.0  22.8   0.240 -99.0   0.0
   5 1980 295   -99.   2.5  25.0   0.380 -99.0   0.0
   5 1980 296   -99.   2.0  25.0   0.452 -99.0   1.2
   5 1980 297   -99.  10.8  19.5   0.998 -99.0   0.6
   5 1980 298   -99.   8.8  23.0   0.884 -99.0   0.0
   5 1980 299   -99.  10.8  22.5   0.907 -99.0   0.0
   5 1980 300   -99.   5.8  24.0   0.710 -99.0   0.0
   5 1980 301   -99.   3.8  25.0   0.553 -99.0   0.0
   5 1980 302   -99.   3.0  22.2   0.341 -99.0   0.0
   5 1980 303   -99.   4.5  21.2   0.295 -99.0   0.0
   5 1980 304  7630.   5.0  18.0   0.654 -99.0   1.6
   5 1980 305 14900.   0.5  21.0   0.538 -99.0   0.0
   5 1980 306 14900.   4.0  22.5   0.561 -99.0   0.0
   5 1980 307 14700.   8.0  23.0   0.805 -99.0   0.0
   5 1980 308 14800.   4.0  23.0   0.553 -99.0   0.0
   5 1980 309 11200.   5.0  22.5   0.497 -99.0   0.0
   5 1980 310 14330.  10.5  22.0   1.029 -99.0   0.0
   5 1980 311 11800.   9.0  22.2   0.965 -99.0   1.8
   5 1980 312 10870.   9.0  21.0   0.953 -99.0   0.0
   5 1980 313  8030.   8.0  20.0   0.901 -99.0   1.4
   5 1980 314  8030.   3.5  17.0   0.652 -99.0   0.0
   5 1980 315  9650.  10.0  19.5   0.872 -99.0   0.0
   5 1980 316 10940.   8.5  21.0   0.777 -99.0   0.0
   5 1980 317 10080.   4.0  22.5   0.691 -99.0   0.0
   5 1980 318  7800.   8.5  20.5   1.055 -99.0   0.0
   5 1980 319 12600.   6.0  25.0   0.926 -99.0   0.0
   5 1980 320 12020.  13.5  25.0   1.393 -99.0   0.0
   5 1980 321 11340.   8.5  23.5   1.110 -99.0   0.0
   5 1980 322  9470.   8.0  21.0   0.966 -99.0   0.0
   5 1980 323 12530.   1.8  20.5   0.696 -99.0   0.0
   5 1980 324 10980.   0.3  21.0   0.418 -99.0   0.0
   5 1980 325  5800.   6.0  14.0   0.795 -99.0   0.0
   5 1980 326 12600.  -0.5  13.0   0.400 -99.0   0.0
   5 1980 327 12300.  -4.5  12.7   0.363 -99.0   0.0
   5 1980 328 12400.  -7.5  15.0   0.257 -99.0   0.0
   5 1980 329 12170.  -3.5  17.5   0.344 -99.0   0.0
   5 1980 330 12200.  -3.0  17.7   0.362 -99.0   0.0
   5 1980 331  6730.   1.0  13.5   0.538 -99.0   0.0
   5 1980 332 11340.  -3.0  17.1   0.392 -99.0   0.0
   5 1980 333 11000.  -2.3  17.1   0.459 -99.0   0.0
   5 1980 334 11090.  -4.0  15.7   0.400 -99.0   0.0
   5 1980 335 11380.  -3.5  16.5   0.401 -99.0   0.0
   5 1980 336 11200.  -2.5  15.5   0.467 -99.0   0.0
   5 1980 337 10600.  -1.0  15.6   0.477 -99.0   0.0
   5 1980 338  5720.  -0.5  11.5   0.489 -99.0   0.0
   5 1980 339  8300.  -1.3  16.9   0.494 -99.0   0.0
   5 1980 340  9070.   0.7  19.5   0.585 -99.0   0.0
   5 1980 341  9750.   2.5  15.9   0.709 -99.0   0.0
   5 1980 342  8400.  -3.0  16.1   0.470 -99.0   0.0
   5 1980 343  8960.  -1.1  17.0   0.547 -99.0   0.4
   5 1980 344  3850.   1.5  12.0   0.633 -99.0   5.6
   5 1980 345  9800.  -1.5   8.5   0.525 -99.0   2.4
   5 1980 346  5200.   2.5  11.0   0.709 -99.0   1.0
   5 1980 347  5200.   5.0  10.5   0.829 -99.0   6.6
   5 1980 348  8600.   3.7  10.7   0.756 -99.0   0.0
   5 1980 349  9600.  -3.0   8.5   0.475 -99.0   0.0
   5 1980 350  5100.   1.5   7.5   0.592 -99.0   0.0
   5 1980 351 10900.  -2.0   9.5   0.459 -99.0   0.0
   5 1980 352 11800.  -3.5  13.0   0.434 -99.0   0.0
   5 1980 353  8500.  -5.0  10.0   0.408 -99.0   0.0
   5 1980 354  6400.   3.5  10.0   0.738 -99.0   0.0
   5 1980 355  8300.   1.5  11.5   0.613 -99.0   0.0
   5 1980 356  8100.  -1.0  11.3   0.551 -99.0   0.0
   5 1980 357  8800.  -0.5  12.5   0.559 -99.0   0.0
   5 1980 358  3800.  -2.7  11.3   0.496 -99.0   0.0
   5 1980 359  3800.   2.5   7.5   0.695 -99.0  13.8
   5 1980 360   800.   6.0  10.5   0.898 -99.0  28.0
   5 1980 361  4100.   4.5  12.0   0.809 -99.0   5.4
   5 1980 362  9600.   2.5  14.0   0.695 -99.0   6.6
   5 1980 363  8600.   3.5  12.0   0.746 -99.0   2.2
   5 1980 364  9600.   0.0   9.0   0.580 -99.0   0.0
   5 1980 365 11700.  -3.0  11.0   0.460 -99.0   0.0
