*---------------------------------------------------------------------------*
* Station name: Jindiress, Syria
* Year: 1986
* Author: Peter Uithol                                     -99.000: NIL VALUE
* Source: ICARDA SPS file
* Comments: Vapour pressure measured as maximum relative humudity (%)
*           Incomplete year
* Longitude: 36 44 E, latitude: 46 24 N, altitude: 210. m
*
* Column  Daily value
* 1       station number
* 2       year
* 3       day
* 4       irradiation                   (kJ m-2 d-1)
* 5       minimum temperature           (degrees Celsius)
* 6       maximum temperature           (degrees Celsius)
* 7       early morning vapour pressure (kPa)
* 8       mean wind speed (height: 2 m) (m s-1)
* 9       precipitation                 (mm d-1)
*---------------------------------------------------------------------------*
  36.73  36.40   210. 0.00 0.00
   3 1986   1  6050.   4.5  11.0   0.767   2.7   0.0
   3 1986   2  4750.   7.8  11.8   1.037   4.4  14.2
   3 1986   3  8460.   4.4  12.8   0.836   1.4   0.0
   3 1986   4 11700.   1.0  14.2   0.657   1.2   0.0
   3 1986   5 10510.   2.9  14.0   0.752   2.2   0.0
   3 1986   6  8320.   5.2  13.7   0.874   2.4   0.0
   3 1986   7  6440.   8.9  14.0   1.081   2.8   0.0
   3 1986   8  3820.   6.8  11.2   0.988   1.6  22.4
   3 1986   9  9430.   5.1  14.3   0.870   2.0   3.4
   3 1986  10  4970.   8.8  11.9   1.106   3.6   2.0
   3 1986  11  4640.   8.9  11.0   1.141   0.8   8.2
   3 1986  12  9000.   7.8  12.7   1.050   1.2   3.8
   3 1986  13  4460.   7.8  12.9   1.048   2.2   6.0
   3 1986  14  8570.   6.0  14.9   0.926   1.3   0.0
   3 1986  15  9470.   6.0  14.0   0.933   1.4   1.2
   3 1986  16  5940.   7.6  15.2   1.034   2.0  10.4
   3 1986  17  8320.  11.0  15.0   1.311   2.1  12.2
   3 1986  18  4100.  10.4  14.2   1.249   4.0   5.3
   3 1986  19 12710.   0.5  10.0   0.614   3.0   0.0
   3 1986  20 14080.  -2.9   9.0   0.428   2.2   0.0
   3 1986  21  3100.   0.4   4.9   0.629   2.3   4.0
   3 1986  22 13570.  -0.8  11.9   0.541   1.8   0.0
   3 1986  23 16130.  -5.0   9.0   0.387   1.6   0.0
   3 1986  24 13500.  -3.6   9.6   0.445   3.1   0.0
   3 1986  25 13790.   0.8  11.4   0.504   2.9   0.0
   3 1986  26 13250.  -0.8  12.8   0.541   1.3   0.0
   3 1986  27 12130.   0.8  14.2   0.606   1.9   0.0
   3 1986  28 10800.   0.3  14.3   0.553   2.7   0.0
   3 1986  29  8350.   5.2  15.0   0.672   3.1   0.0
   3 1986  30  8930.   9.3  14.2   1.166   1.3   2.4
   3 1986  31  9680.   4.4  14.0   0.836   1.2   0.0
   3 1986  32 15550.   1.0  16.0   0.657   2.1   0.0
   3 1986  33  9220.   1.5  15.0   0.667   1.9   6.6
   3 1986  34  9400.   6.0  12.0   0.935   2.8   0.0
   3 1986  35 12740.   3.0  13.8   0.758   3.4   1.0
   3 1986  36  1840.   5.2   8.0   0.876   4.0  16.8
   3 1986  37 15800.   3.8  13.1   0.778   2.9   0.0
   3 1986  38  6160.   2.1  10.2   0.711   1.6   0.0
   3 1986  39  9400.   6.8  11.6   0.943   4.5  10.8
   3 1986  40  5150.   8.5  11.2   1.101   1.5  10.6
   3 1986  41  7780.   8.0  12.8   1.073   1.5  36.4
   3 1986  42 12710.   7.0  13.0   0.997   1.9   0.0
   3 1986  43 16850.   4.2  15.0   0.825   1.6   0.0
   3 1986  44 12420.   5.1  14.1   0.871   5.9  16.4
   3 1986  45  3100.   8.1  10.1   1.080   1.9   1.8
   3 1986  46 16380.   5.9  13.5   0.929   2.7   0.0
   3 1986  47 15620.   2.2  14.0   0.716   1.9   0.0
   3 1986  48  6910.   7.0  11.1   1.002   3.4   0.0
   3 1986  49 16880.   6.0  13.8   0.916   1.4   0.0
   3 1986  50 18320.   4.1  16.0   0.819   1.6   0.0
   3 1986  51 18580.   5.6  18.0   0.910   2.2   0.0
   3 1986  52 16560.   7.9  18.8   1.046   2.0   0.0
   3 1986  53 16700.   6.8  19.0   0.986   1.6   0.0
   3 1986  54 14800.   4.6  18.2   0.848   3.1   0.0
   3 1986  55 15370.  11.0  19.0   1.287   2.8   2.0
   3 1986  56 13500.   7.9  17.1   1.066   2.2   0.0
   3 1986  57 16490.   7.0  18.4   1.002   1.0   0.0
   3 1986  58 16130.   6.9  19.0   0.985   1.5   0.0
   3 1986  59 13900.   7.5  17.0   1.037   3.1   0.0
   3 1986  60 20340.   3.8  15.2   0.737   2.0   0.0
   3 1986  61 18140.   0.5  12.0   0.403   1.2   0.0
   3 1986  62 15190.   3.2  14.0   0.538   2.0   0.0
   3 1986  63 14290.   5.1  16.9   0.609   4.4   0.0
   3 1986  64  9970.  11.0  17.6   1.261   1.4   0.0
   3 1986  65 13000.   8.2  16.2   1.077   1.9   0.0
   3 1986  66 20020.   4.6  19.6   0.848   1.4   0.0
   3 1986  67 22070.   6.1  21.0   0.942   2.0   0.0
   3 1986  68 15010.   9.8  21.1   0.994   2.2   0.0
   3 1986  69 19190.   8.9  21.1   1.129   2.8   0.0
   3 1986  70 20840.   7.7  20.9   1.051   3.5   0.0
   3 1986  71 21710.   8.0  22.1   1.073   2.4   0.0
   3 1986  72 22000.   6.9  22.2   0.995   2.0   0.0
   3 1986  73 11700.   9.1  18.6   1.156   2.8   0.0
   3 1986  74 24340.   3.1  20.5   0.763   2.6   0.0
   3 1986  75 22390.   4.0  19.2   0.813   1.8   0.0
   3 1986  76 17390.   6.3  20.3   0.888   2.6   0.0
   3 1986  77 17350.   8.5  19.0   1.110   1.9   0.0
   3 1986  78 20300.   5.5  20.1   0.903   3.3   0.0
   3 1986  79 26460.   4.0  20.0   0.756   3.3   0.0
   3 1986  80 17280.   2.0  17.0   0.550   1.7   0.0
   3 1986  81 18290.   4.1  17.1   0.803   2.6   3.2
   3 1986  82 12490.   8.1  14.9   0.951   2.8   0.0
   3 1986  83 19940.  10.5  18.3   1.245   2.2  12.2
   3 1986  84 23580.   7.6  18.2   1.044   2.5   0.0
   3 1986  85 25560.   7.7  22.5   1.014   2.7   0.0
   3 1986  86 24770.   5.0  25.0   0.706   1.5   0.0
   3 1986  87 22210.   6.8  26.5   0.790   1.5   0.0
   3 1986  88 25240.   8.0  29.5   0.848   3.8   0.0
   3 1986  89  6880.  11.4  22.5   1.079   2.2   8.2
   3 1986  90 24950.  11.0  20.8   1.051   4.4   0.0
   3 1986  91 20050.   8.8  24.0   0.909   1.8  10.4
   3 1986  92  8060.  12.1  16.9   1.147   1.1   0.0
   3 1986  93 25160.  10.0  22.1   1.006   2.9   0.0
   3 1986  94 22680.   9.3  24.5   0.949   1.7   1.8
   3 1986  95 26030.   9.2  26.0   0.945   2.1   0.0
   3 1986  96 18680.  14.0  26.2   1.196   3.8   3.8
   3 1986  97 25200.  15.5  26.0   1.410   3.8   7.4
   3 1986  98 24700.  14.2  26.1   1.316   2.1   3.2
   3 1986  99 19220.  11.0  24.0   1.195   1.8   0.0
   3 1986 100 26420.   7.1  21.9   0.918   3.7   0.0
   3 1986 101 24840.   8.0  22.0   0.976   3.4   0.0
   3 1986 102 26390.   7.9  23.0   0.979   1.8   0.0
   3 1986 103 22140.   8.0  25.8   0.976   2.2   0.0
   3 1986 104 10440.  10.1  21.3   1.150   1.5   2.2
   3 1986 105 27180.   8.1  22.3   1.007   3.4   0.0
   3 1986 106 25270.   7.2  21.0   0.963   3.6   0.0
   3 1986 107 24410.   7.0  22.6   0.982   1.8   0.0
   3 1986 108 27900.   6.1  25.9   0.876   1.7   0.0
   3 1986 109 28190.   7.0  27.9   0.922   2.1   0.0
   3 1986 110 18830.   7.0  25.3   0.872   1.4   0.0
   3 1986 111 15340.  11.5  26.1   1.197   1.7   0.0
   3 1986 112 29630.   9.2  23.0   1.164   4.0   0.0
   3 1986 113 31570.   4.9  25.5   0.856   2.7   0.0
   3 1986 114 29840.   5.2  24.8   0.606   1.9   0.0
   3 1986 115 30710.   4.2  27.0   0.507   1.5   0.0
   3 1986 116 28400.   8.1  30.3   0.702   1.8   0.0
   3 1986 117 30530.  11.9  30.2   1.045   2.3   0.0
   3 1986 118 29920.  10.8  31.0   0.972   2.6   0.0
   3 1986 119 29230.  10.0  31.0   0.927   2.0   0.0
   3 1986 120 23980.  15.5  29.6   1.316   4.4   0.0
   3 1986 121 29560.  12.5  26.3   1.120   2.9   0.0
   3 1986 122 26320.  10.0  27.5   0.983   3.0   0.0
   3 1986 123 20740.  10.0  24.9   0.892   3.5   0.0
   3 1986 124 27320.  10.8  25.5   1.000   4.3   0.0
   3 1986 125 32760.  12.4  25.2   1.155   3.7   0.0
   3 1986 126 27290.   8.5  27.4   0.834   2.1   0.0
   3 1986 127 29740.  11.5  29.8   0.899   2.1   0.0
   3 1986 128 21240.  15.1  27.8   1.286   3.2   0.0
   3 1986 129 31360.  13.5  25.0   1.239   4.3   4.0
   3 1986 130 21380.  11.0  20.3   1.083   2.3   7.0
   3 1986 131 23680.   9.5  24.0   0.944   2.3   0.0
   3 1986 132 26100.   8.2  23.5   0.869   2.4   1.0
   3 1986 133 19370.   8.8  18.9   0.906   2.2   1.2
   3 1986 134 14220.   7.8  18.0   0.847   2.0   3.2
   3 1986 135 28690.   7.1  21.1   0.827   2.5   0.0
   3 1986 136 28620.   7.8  21.2   0.847   3.0   0.0
   3 1986 137 23440.   8.8  23.0   0.895   2.2   0.0
   3 1986 138 27860.   7.7  28.1   0.830   2.4   0.0
   3 1986 139 17140.  20.1  31.0   0.848   6.2   0.0
   3 1986 140 27070.  17.2  33.8   1.229   3.9   0.0
   3 1986 141 31030.  13.1  27.0   1.131   4.8   0.0
   3 1986 142 21060.  13.6  24.0   1.247   2.7   3.4
   3 1986 143 27290.  12.3  23.0   1.154   3.0   0.0
   3 1986 144 31570.  10.8  26.8   1.050   3.4   0.0
   3 1986 145 29160.  11.5  28.1   1.086   2.3   0.0
   3 1986 146 33660.  11.0  31.0   0.932   1.8   0.0
   3 1986 147 31640.  13.0  32.0   0.989   1.4   0.0
   3 1986 148 27000.  15.0  34.0   1.041   2.1   0.0
   3 1986 149 27470.  18.1  28.1   1.534   4.7   0.0
   3 1986 150 21850.  16.8  26.8   1.438   3.1   0.0
   3 1986 151 31430.  16.3  29.0   1.400   1.0   0.0
   3 1986 152 31500.  14.0  33.0   1.216   5.1   0.0
   3 1986 153 30920.  15.1  37.1   1.030   1.7   0.0
   3 1986 154 29520.  19.9  39.1   1.326   2.2   0.0
   3 1986 155 28550.  19.9  33.5   1.582   4.7   0.0
   3 1986 156 31750.  18.0  29.0   1.471   5.2   0.0
   3 1986 157 30460.  18.1  31.0   1.534   3.8   0.0
   3 1986 158 29880.  17.4  35.0   1.428   3.1   0.0
   3 1986 159 29410.  17.8  36.0   1.306   3.0   0.0
   3 1986 160 24010.  19.3  33.1   1.546   3.5   0.0
   3 1986 161 29950.  17.0  32.0   1.416   3.8   0.0
   3 1986 162  8680.  17.2  25.2   1.552   1.9   3.6
   3 1986 163 26170.  13.0  27.4   1.214   3.2   0.0
   3 1986 164 31750.  14.8  29.0   1.331   4.2   0.0
   3 1986 165 30460.  14.0  31.0   1.232   4.0   0.0
   3 1986 166 31100.  18.2  31.0   1.632   4.9   0.0
   3 1986 167 32000.  20.2  32.0   1.754   5.1   0.0
   3 1986 168 30960.  19.2  32.0   1.693   4.1   0.0
   3 1986 169 30100.  18.0  33.0   1.694   3.8   0.0
   3 1986 170 31900.  18.5  35.0   1.578   3.3   0.0
   3 1986 171 32700.  16.0  34.0   1.297   2.1   0.0
   3 1986 172 29700.  14.0  34.5   0.883   2.4   0.0
   3 1986 173 36000.  14.8  35.0   0.977   2.4   0.0
   3 1986 174 33100.  17.5  34.2   1.481   5.0   0.0
   3 1986 175 30400.  20.0  33.0   1.802   4.5   0.0
   3 1986 176 32620.  19.0  35.0   1.694   3.7   0.0
   3 1986 177 30460.  19.0  35.0   1.647   4.7   0.0
   3 1986 178 29560.  22.0  32.8   2.118   4.5   0.0
   3 1986 179 33370.  21.0  31.0   1.867   5.4   0.0
   3 1986 180 28550.  19.8  30.2   1.732   5.2   0.0
   3 1986 181 31720.  19.4  33.2   1.754   4.2   0.0
   3 1986 182 32150.  18.2  33.8   1.695   4.6   0.0
   3 1986 183 32040.  18.4  35.2   1.508   4.3   0.0
   3 1986 184 31320.  19.5  35.2   1.793   4.8   0.0
   3 1986 185 31970.  21.4  32.7   1.911   5.8   0.0
   3 1986 186 31680.  22.3  31.9   1.995   6.5   0.0
   3 1986 187 31430.  22.5  32.0   2.047   6.4   0.0
   3 1986 188 31280.  22.2  31.8   2.010   7.1   0.0
   3 1986 189 30240.  22.5  32.0   2.020   6.3   0.0
   3 1986 190 30670.  22.1  32.9   2.003   6.0   0.0
   3 1986 191 30960.  22.2  33.0   2.085   5.3   0.0
   3 1986 192 29990.  22.0  34.0   2.007   4.8   0.0
   3 1986 193 30560.  22.0  34.0   2.065   6.1   0.0
   3 1986 194 29880.  23.7  32.9   2.166   7.2   0.0
   3 1986 195 29920.  23.0  33.1   2.076   4.6   0.0
   3 1986 196 29660.  21.0  36.0   1.997   4.0   0.0
   3 1986 197 30350.  22.8  38.2   2.176   4.0   0.0
   3 1986 198 30640.  24.0  38.2   2.286   3.1   0.0
   3 1986 199 29920.  20.3  37.7   1.901   3.9   0.0
   3 1986 200 33980.  21.8  36.2   1.836   6.5   0.0
   3 1986 201 27040.  24.0  34.0   2.205   4.7   0.0
   3 1986 202 30310.  22.4  36.2   2.121   3.6   0.0
   3 1986 203 30420.  23.0  37.2   2.222   4.3   0.0
   3 1986 204 30600.  24.0  34.2   2.337   7.0   0.0
   3 1986 205 28190.  23.3  33.1   2.048   5.9   0.0
   3 1986 206 29270.  21.5  34.0   1.987   4.9   0.0
   3 1986 207 29340.  20.4  37.0   1.814   3.9   0.0
   3 1986 208 29050.  19.9  37.9   1.791   2.2   0.0
   3 1986 209 29270.  20.8  36.0   1.820   4.2   0.0
   3 1986 210 29050.  21.0  33.8   1.892   4.4   0.0
   3 1986 211 29200.  20.4  35.0   1.896   3.0   0.0
   3 1986 212 29480.  18.8  35.1   1.699   2.2   0.0
   3 1986 213 29200.  19.0  34.0   1.650   3.7   0.0
   3 1986 214 28660.  20.9  35.1   1.732   3.8   0.0
   3 1986 215 29590.  20.1  36.1   1.719   3.6   0.0
   3 1986 216 29120.  21.6  37.0   1.860   4.6   0.0
   3 1986 217 28080.  22.0  35.0   1.721   4.6   0.0
   3 1986 218 32150.  23.5  33.0   2.059   7.8   0.0
   3 1986 219 23510.  23.2  32.2   1.951   5.9   0.0
   3 1986 220 26570.  22.4  32.0   1.899   5.8   0.0
   3 1986 221 27070.  22.0  32.0   1.932   5.6   0.0
   3 1986 222 27140.  23.0  32.0   2.054   5.3   0.0
   3 1986 223 26060.  22.5  33.0   1.992   4.8   0.0
   3 1986 224 26570.  23.0  34.0   2.068   4.6   0.0
   3 1986 225 25740.  22.3  34.0   2.025   4.9   0.0
   3 1986 226 26570.  22.4  33.6   2.089   5.3   0.0
   3 1986 227 27900.  23.0  35.0   2.054   4.2   0.0
   3 1986 228   -99.  21.0  36.0   1.730   3.3   0.0
   3 1986 229 26930.  18.4  38.0   1.263   2.6   0.0
   3 1986 230   -99.  21.9  33.7   1.894   4.4   0.0
   3 1986 231 35860.  21.0  33.6   1.793   3.4   0.0
   3 1986 232 27220.  20.0  35.0   1.802   3.2   0.0
   3 1986 233 28800.  20.0  35.0   1.802   3.8   0.0
   3 1986 234 29450.  21.8  34.0   1.961   5.3   0.0
   3 1986 235 35750.  22.2  36.9   2.010   2.7   0.0
   3 1986 236 28730.  20.6  38.0   1.919   2.4   0.0
   3 1986 237 36220.  21.1  37.7   1.967   3.9   0.0
   3 1986 238 16240.  21.8  35.0   1.935   3.3   0.0
   3 1986 239 26630.  21.0  35.0   1.892   4.1   0.0
   3 1986 240 27110.  21.0  35.2   1.867   4.2   0.0
   3 1986 241 26280.  22.0  34.2   1.959   4.3   0.0
   3 1986 242 26390.  22.0  35.0   2.012   3.5   0.0
   3 1986 243 24980.  22.8  36.0   2.029   3.1   0.0
