*---------------------------------------------------------------------------*
* Station name: Tel Hadya, Syria
* Year: 1982
* Author: Peter Uithol                                     -99.000: NIL VALUE
* Source: ICARDA SPS file
* Comments: Vapour pressure measured as maximum relative humudity (%)
* Longitude: 36 56 E, latitude: 36 01 N, altitude: 284. m
*
* Column  Daily value
* 1       station number
* 2       year
* 3       day
* 4       irradiation                   (kJ m-2 d-1)
* 5       minimum temperature           (degrees Celsius)
* 6       maximum temperature           (degrees Celsius)
* 7       early morning vapour pressure (kPa)
* 8       mean wind speed (height: 2 m) (m s-1)
* 9       precipitation                 (mm d-1)
*---------------------------------------------------------------------------*
  36.93  36.02   284. 0.00 0.00
   6 1982   1  4400.   4.0   9.6   0.813   1.1   0.2
   6 1982   2  2100.   6.2   8.0   0.939   1.6   0.3
   6 1982   3  2000.   6.6   8.4   0.955   1.9   0.0
   6 1982   4  2800.   6.0   9.0   0.916   4.1   2.6
   6 1982   5  2000.   6.3  10.0   0.869   5.0   2.6
   6 1982   6  8800.   7.6  15.8   0.940   1.8   0.0
   6 1982   7  3900.   6.1  15.4   0.942   3.6   9.4
   6 1982   8  4500.  10.6  16.4   1.227   6.8   0.4
   6 1982   9  7900.   6.7  12.9   0.756   2.5   0.0
   6 1982  10  5900.  -1.0   6.2   0.534   1.4   0.0
   6 1982  11  5400.   3.8   8.4   0.722   1.0   0.0
   6 1982  12  4800.   5.8  10.0   0.876   1.8   0.0
   6 1982  13  4600.   5.4  14.0   0.870   1.5   4.4
   6 1982  14  3700.   6.2  11.6   0.872   3.9   1.2
   6 1982  15 11200.   0.0   9.1   0.495   2.8   0.0
   6 1982  16 11400.  -5.3  12.1   0.358   1.3   0.0
   6 1982  17 11000.  -3.9  16.5   0.430   2.0   0.0
   6 1982  18 11400.  -2.7  11.8   0.436   1.3   0.0
   6 1982  19 11300.  -6.0  12.2   0.375   1.3   0.0
   6 1982  20 10500.  -5.9  11.0   0.373   2.9   0.0
   6 1982  21 10900.   0.4  11.2   0.503   3.0   0.0
   6 1982  22 11100.  -3.6  11.0   0.412   2.6   0.0
   6 1982  23 11100.  -3.0  12.2   0.392   3.6   0.0
   6 1982  24 10300.  -1.6  12.4   0.483   3.4   0.0
   6 1982  25  4100.   2.8  11.0   0.523   3.6   1.0
   6 1982  26  7400.  -2.2  11.4   0.442   1.9   0.0
   6 1982  27  2600.   2.6   8.6   0.552   4.7   8.0
   6 1982  28  8700.   7.2  12.8   0.945   2.6  14.4
   6 1982  29  5000.   4.3  12.9   0.822   2.4   5.4
   6 1982  30 11400.   5.4  15.0   0.870   2.0   0.8
   6 1982  31  3900.   4.6  10.6   0.806   1.9   5.9
   6 1982  32  7700.   5.9  11.6   0.901   2.4  16.2
   6 1982  33  4200.   6.8  12.6   0.959   3.7  10.8
   6 1982  34  4200.   2.6   9.2   0.692   4.6   0.0
   6 1982  35 10800.  -2.4   6.6   0.461   1.5   0.0
   6 1982  36 12500.  -6.0   8.0   0.367   2.2   0.0
   6 1982  37  5100.  -3.6   5.2   0.370   3.1   0.0
   6 1982  38 12400.   2.0  10.6   0.600   3.2   0.0
   6 1982  39 13500.  -2.4  10.8   0.461   1.0   0.0
   6 1982  40  9100.  -4.7  13.2   0.405   2.0   0.0
   6 1982  41  4000.  -2.2   7.0   0.504   3.9   3.7
   6 1982  42 11300.   3.5  12.1   0.714   3.1   0.0
   6 1982  43 13300.  -0.4  12.2   0.528   3.3   0.0
   6 1982  44 12700.  -1.4  12.0   0.424   1.7   0.0
   6 1982  45  8300.   2.3   8.6   0.569   2.0   0.0
   6 1982  46 14400.  -7.7   9.2   0.202   2.0   0.0
   6 1982  47 14200.  -6.4  10.2   0.318   1.4   0.0
   6 1982  48 14500.  -7.8  11.4   0.309   1.7   0.0
   6 1982  49 14900.  -7.2  11.0   0.285   1.9   0.0
   6 1982  50  6100.  -5.2  10.4   0.299   7.2   0.0
   6 1982  51  6100.   1.8   3.8   0.570   3.0  11.8
   6 1982  52 14400.   0.0  12.2   0.574   4.0   0.0
   6 1982  53 10900.  -0.7  12.8   0.563   4.9   0.0
   6 1982  54 13000.   5.6  14.7   0.673   5.6   0.0
   6 1982  55 14500.  -1.0  16.1   0.539   1.1   0.0
   6 1982  56 15000.   0.0  17.0   0.592   1.8   0.0
   6 1982  57 13100.   1.6  18.1   0.610   5.5   0.0
   6 1982  58 10000.   1.3  16.3   0.376   5.2   1.2
   6 1982  59  6700.   8.6  13.8   0.928   3.1   1.8
   6 1982  60  9400.   3.4  14.8   0.748   2.1   6.6
   6 1982  61  9700.   5.1  12.8   0.878   1.5   0.4
   6 1982  62 11500.   2.1  14.4   0.711   1.3   0.4
   6 1982  63 12600.   0.8  16.2   0.641   2.5   0.0
   6 1982  64  8100.   4.6  17.7   0.823   2.4   0.0
   6 1982  65 12200.   6.7  16.2   0.962   3.2   2.4
   6 1982  66 15100.   5.8  19.2   0.895   3.3   0.0
   6 1982  67 15300.   2.6  17.8   0.736   1.6   0.0
   6 1982  68  8200.   4.4  15.0   0.836   3.8   4.5
   6 1982  69 15400.   1.0  12.4   0.643   2.4   0.0
   6 1982  70 16900.  -2.1  11.4   0.502   1.7   0.0
   6 1982  71 14300.  -0.2  11.9   0.566   3.4   0.0
   6 1982  72  9300.   2.0  11.4   0.437   3.9   5.2
   6 1982  73 16600.   3.4  15.4   0.780   1.4   0.0
   6 1982  74 15800.   4.5  18.6   0.842   2.8   0.0
   6 1982  75 11800.  10.4  20.5   1.072   2.5   0.2
   6 1982  76 14400.   3.4  16.4   0.748   3.0   1.2
   6 1982  77 15100.   5.6  15.6   0.855   3.1   3.4
   6 1982  78 18300.   1.6  16.8   0.686   2.5   0.0
   6 1982  79 18300.  -2.0  16.5   0.527   1.9   0.0
   6 1982  80 17900.   3.2  18.6   0.692   1.6   0.0
   6 1982  81 18200.   2.0  20.6   0.706   1.3   0.0
   6 1982  82 15800.   1.4  21.8   0.662   2.6   2.8
   6 1982  83 14600.   7.5  18.6   0.933   5.4   1.3
   6 1982  84 19900.  -1.3  12.4   0.472   1.9   0.0
   6 1982  85 20100.  -4.2  12.2   0.344   1.9   0.0
   6 1982  86 19100.  -2.7  14.2   0.451   1.7   0.0
   6 1982  87 20400.  -2.3  16.6   0.438   2.2   0.0
   6 1982  88 19900.   1.0  19.9   0.558   2.4   0.0
   6 1982  89 18800.   0.7  21.6   0.623   1.9   0.0
   6 1982  90 18100.   2.0  23.6   0.586   1.6   0.0
   6 1982  91 15800.   5.6  25.8   0.773   2.8   0.0
   6 1982  92 11500.  13.6  20.6   1.122   1.7   0.0
   6 1982  93 15900.   7.6  25.6   0.981   2.5   0.0
   6 1982  94 11000.  12.7  25.0   0.926   2.8   6.0
   6 1982  95 13900.   8.3  18.0   1.073   3.4   1.6
   6 1982  96 12000.   6.2  17.8   0.910   1.8   1.6
   6 1982  97 13700.   5.6  15.4   0.910   4.3   0.0
   6 1982  98 17800.   6.5  19.4   0.968   5.6   0.0
   6 1982  99 16800.   2.2  20.2   0.716   2.0   0.0
   6 1982 100 14100.  10.2  23.0   1.120   4.7   0.0
   6 1982 101 19500.  12.8  25.0   1.242   3.2   0.0
   6 1982 102 19200.  13.0  25.5   1.349   2.1   0.0
   6 1982 103 18700.   8.3  27.8   1.040   3.6   1.8
   6 1982 104 12100.  15.0  20.8   1.450   1.9   0.2
   6 1982 105 17800.   8.0  26.6   1.030   1.5   0.0
   6 1982 106 20800.  11.2  29.0   1.224   2.1   0.0
   6 1982 107 18800.  10.5  28.7   1.143   2.1   0.0
   6 1982 108 20500.  14.4  27.4   1.264   4.8   0.0
   6 1982 109 21700.  12.6  25.2   1.255   3.7   0.0
   6 1982 110 20700.   6.0  26.8   0.935   1.5   0.0
   6 1982 111 19000.   5.6  30.0   0.819   2.9   0.0
   6 1982 112 21800.  13.2  26.8   1.245   4.1   0.0
   6 1982 113 16900.  11.7  21.8   1.183   3.5   0.0
   6 1982 114 16300.   8.8  22.4   1.088   1.6   0.0
   6 1982 115 11700.  11.4  26.8   1.119   2.6   2.4
   6 1982 116 12600.  10.8  20.6   1.296   2.1   4.5
   6 1982 117 19100.  10.0  21.6   1.228   6.4   0.0
   6 1982 118 17900.   5.8  21.4   0.922   1.8   0.8
   6 1982 119 12100.  12.8  27.2   1.479   3.0   0.0
   6 1982 120 11600.  10.2  22.6   1.245   2.3  33.0
   6 1982 121 14200.  13.0  20.8   1.499   2.5   0.0
   6 1982 122 22300.   8.2  24.2   1.088   2.8   0.0
   6 1982 123 20800.   6.2  23.6   0.948   2.9   0.0
   6 1982 124 22100.   7.6  23.8   1.044   2.2   0.0
   6 1982 125 22500.   7.7  28.6   1.051   2.1   0.0
   6 1982 126 11900.   9.3  25.4   1.172   2.9   7.8
   6 1982 127 23000.   7.8  27.0   1.058   1.4   0.0
   6 1982 128 22800.   7.8  28.2   1.058   1.2   0.0
   6 1982 129 22600.   8.8  31.0   1.133   2.2   0.0
   6 1982 130 17600.  13.6  32.2   1.200   3.1   0.6
   6 1982 131 18700.  15.0  32.4   1.382   3.2   8.2
   6 1982 132 15100.  15.1  29.0   1.529   2.4   0.6
   6 1982 133 14800.  15.7  27.4   1.535   2.2   0.0
   6 1982 134 22500.  14.8  29.2   1.482   3.0   0.0
   6 1982 135 22300.  14.2  31.2   1.394   3.1   0.0
   6 1982 136 18200.  12.8  30.5   1.272   2.8   6.2
   6 1982 137 15700.  15.8  29.0   1.581   3.9   0.0
   6 1982 138 21000.  13.8  26.2   1.500   4.2   0.0
   6 1982 139 21200.  12.1  24.6   1.412   4.8   0.0
   6 1982 140 22500.   9.6  25.6   1.196   4.1   0.0
   6 1982 141 21300.   9.8  27.4   1.200   3.4   0.0
   6 1982 142 22400.  10.4  28.4   1.262   3.2   0.0
   6 1982 143 23700.  13.2  28.8   1.382   3.8   0.0
   6 1982 144 19900.  13.8  31.0   1.184   3.0   0.0
   6 1982 145 15800.  15.0  27.2   1.195   3.2   0.2
   6 1982 146 22100.  16.6  30.6   1.418   3.5   0.0
   6 1982 147 23300.  14.5  31.4   1.223   3.2   0.0
   6 1982 148 23100.  13.8  33.2   1.326   2.3   0.0
   6 1982 149 22100.  15.8  34.0   1.132   4.2   0.0
   6 1982 150 22900.  15.4  30.6   1.331   4.4   0.0
   6 1982 151 20200.  10.6  24.8   1.202   5.6   0.0
   6 1982 152 22300.  11.8  27.0   1.232   3.8   0.0
   6 1982 153 22300.  12.8  31.0   1.361   4.2   0.0
   6 1982 154 23200.  11.8  28.8   1.288   4.1   0.0
   6 1982 155 18700.  13.8  26.0   1.310   3.6   0.0
   6 1982 156 21300.  10.8  27.6   1.218   2.8   0.0
   6 1982 157 22000.  11.6  30.6   1.216   2.4   2.0
   6 1982 158 23500.  12.2  30.5   1.265   4.5   0.0
   6 1982 159 22900.  14.6  31.9   1.563   2.5   0.0
   6 1982 160 23700.  14.5  32.7   1.272   4.7   0.0
   6 1982 161 24100.  16.4  31.4   1.587   6.0   0.0
   6 1982 162 23800.  17.0  33.0   1.261   4.9   0.0
   6 1982 163 23500.  17.4  34.5   1.432   3.7   0.0
   6 1982 164 23300.  17.0  35.2   1.261   5.3   0.0
   6 1982 165 23500.  19.4  34.3   1.308   6.6   0.0
   6 1982 166 23800.  17.4  35.2   1.094   6.0   0.0
   6 1982 167 24100.  17.5  33.8   1.101   7.1   0.0
   6 1982 168 24000.  15.4  30.2   1.313   6.8   0.0
   6 1982 169 23900.  16.4  31.6   1.493   5.0   0.0
   6 1982 170 23600.  15.3  33.6   0.992   2.9   0.0
   6 1982 171 23600.  14.3  35.5   0.930   2.5   0.0
   6 1982 172 23600.  17.8  37.0   1.081   4.3   0.0
   6 1982 173 22800.  19.4  37.8   1.195   3.6   0.0
   6 1982 174 23200.  19.0  36.7   1.254   3.1   0.0
   6 1982 175 23600.  18.2  37.9   1.255   2.9   0.0
   6 1982 176 23300.  16.6  39.0   0.907   3.1   0.0
   6 1982 177 22800.  16.4  37.5   0.896   3.6   0.0
   6 1982 178 24100.  16.0  36.9   0.910   2.6   0.0
   6 1982 179 23400.  14.5  38.4   0.760   1.8   0.0
   6 1982 180 23400.  16.4  39.8   0.877   3.9   0.0
   6 1982 181 22500.  21.9  38.6   1.026   6.6   0.0
   6 1982 182 24000.  23.2  36.4   2.079   7.7   0.0
   6 1982 183 22600.  21.1  32.6   2.054   6.0   0.0
   6 1982 184 21300.  17.0  32.4   1.474   5.3   0.0
   6 1982 185 22800.  19.4  32.2   1.849   5.4   0.0
   6 1982 186 23800.  15.7  30.8   1.339   6.2   0.0
   6 1982 187 23200.  17.0  33.4   1.551   3.4   0.0
   6 1982 188 23700.  13.0  32.2   1.289   5.1   0.0
   6 1982 189 23000.  17.0  36.6   1.008   3.3   0.0
   6 1982 190 22500.  15.4  33.6   1.208   4.2   0.0
   6 1982 191 23700.  13.0  32.2   1.289   5.0   0.0
   6 1982 192 23100.  15.4  33.1   1.453   4.7   0.0
   6 1982 193 23800.  18.6  33.7   1.823   6.5   0.0
   6 1982 194 23300.  20.2  33.2   1.991   8.6   0.0
   6 1982 195 22800.  20.5  33.0   1.762   8.1   0.0
   6 1982 196 22800.  20.6  33.9   1.919   6.5   0.0
   6 1982 197 22600.  22.1  34.6   2.104   7.6   0.0
   6 1982 198 22100.  21.3  35.0   2.054   1.7   0.0
   6 1982 199 22200.  18.6  37.0   1.630   2.9   0.0
   6 1982 200 22100.  19.0  38.2   1.804   3.2   0.0
   6 1982 201 22300.  20.7  37.4   2.175   5.8   0.0
   6 1982 202 22400.  20.5  38.0   1.883   7.5   0.0
   6 1982 203 22800.  21.5  37.8   2.131   7.7   0.0
   6 1982 204 22500.  20.0  35.0   1.990   6.4   0.0
   6 1982 205 22300.  20.2  36.0   1.991   5.6   0.0
   6 1982 206 22000.  20.8  36.0   1.672   5.8   0.0
   6 1982 207 22100.  21.4  35.8   2.016   5.7   0.0
   6 1982 208 22000.  22.7  36.2   2.017   7.3   0.0
   6 1982 209 22200.  18.4  33.2   1.779   6.3   0.0
   6 1982 210 21500.  20.1  34.0   1.955   7.7   0.0
   6 1982 211 20700.  22.2  33.0   2.278   6.8   0.0
   6 1982 212 22700.  22.0  33.6   2.250   3.5   0.0
   6 1982 213 22500.  19.0  33.8   1.848   2.8   0.0
   6 1982 214 21000.  16.6  34.6   1.267   4.1   0.0
   6 1982 215 21700.  19.8  33.8   1.503   4.3   0.0
   6 1982 216 21700.  19.4  34.6   1.804   4.4   0.0
   6 1982 217 21500.  20.0  35.6   1.545   5.1   0.0
   6 1982 218 21600.  21.0  36.0   1.369   6.5   0.0
   6 1982 219 20900.  21.4  35.4   1.276   7.0   0.0
   6 1982 220 21000.  22.6  36.0   2.087   6.6   0.0
   6 1982 221   -99.  22.0  35.4   1.959   4.7   0.0
   6 1982 222 22200.  19.6  36.6   1.850   5.3   0.0
   6 1982 223 21400.  19.5  38.4   1.475   4.1   0.0
   6 1982 224 20900.  20.6  38.8   1.117   4.4   0.0
   6 1982 225 20300.  20.2  38.2   1.327   3.6   0.0
   6 1982 226 20900.  17.6  37.2   1.450   6.0   0.0
   6 1982 227 20700.  21.4  36.0   1.965   7.0   0.0
   6 1982 228 20300.  23.0  39.8   2.082   5.2   0.0
   6 1982 229 20900.  23.0  37.8   1.829   6.4   0.0
   6 1982 230 20700.  21.6  35.4   1.937   5.7   0.0
   6 1982 231 20700.  20.7  35.2   1.907   6.0   0.0
   6 1982 232 20200.  21.8  34.4   2.040   7.1   0.0
   6 1982 233 19900.  20.4  35.6   1.752   7.7   0.0
   6 1982 234 20400.  18.0  35.6   1.529   6.4   0.0
   6 1982 235 20400.  21.0  37.0   2.241   6.3   0.0
   6 1982 236 20000.  22.0  36.1   2.250   7.4   0.0
   6 1982 237 20100.  20.4  33.0   2.040   6.2   0.0
   6 1982 238 19400.  15.5  31.8   1.392   4.3   0.0
   6 1982 239 19700.  17.8  33.6   1.754   3.1   0.0
   6 1982 240 19100.  16.2  34.8   1.474   2.5   0.0
   6 1982 241 19400.  16.0  36.1   1.365   2.9   0.0
   6 1982 242 18700.  18.2  35.6   1.464   2.5   0.0
   6 1982 243 19000.  19.1  37.2   1.549   3.2   0.0
   6 1982 244 19200.  18.4  36.8   1.525   3.0   0.0
   6 1982 245 19000.  17.7  38.6   1.378   3.0   0.0
   6 1982 246 18500.  18.7  39.6   1.533   1.9   0.0
   6 1982 247 18100.  17.6  39.6   1.410   2.6   0.0
   6 1982 248 13800.  23.4  39.8   1.700   7.1   0.0
   6 1982 249 17800.  15.5  36.4   0.969   4.7   0.0
   6 1982 250 18700.  18.2  35.0   1.402   3.6   0.0
   6 1982 251 18700.  18.4  33.6   1.864   3.9   0.0
   6 1982 252 19100.  17.0  35.0   1.745   4.3   0.0
   6 1982 253 18200.  19.4  35.2   1.849   3.9   0.0
   6 1982 254 18400.  17.4  34.6   1.591   3.0   0.0
   6 1982 255 16400.  17.1  35.6   1.464   4.3   0.0
   6 1982 256 15400.  20.8  33.8   2.091   6.1   0.0
   6 1982 257 16900.  20.7  33.4   2.200   5.5   0.0
   6 1982 258 17200.  15.9  33.0   1.627   3.8   0.0
   6 1982 259 17500.  16.6  34.4   1.569   2.3   0.0
   6 1982 260 17700.  15.4  35.6   1.418   2.1   0.0
   6 1982 261 17100.  14.4  36.2   0.969   2.1   0.0
   6 1982 262 17100.  16.4  35.4   1.325   3.0   0.0
   6 1982 263 17500.  15.6  34.0   1.241   4.6   0.0
   6 1982 264 16900.  16.6  32.3   1.702   5.2   0.0
   6 1982 265 16500.  17.0  31.0   1.454   5.4   0.0
   6 1982 266   -99.  16.4  29.8   1.605   5.7   1.2
   6 1982 267 16300.  14.4  32.0   1.477   2.4   0.0
   6 1982 268 16300.  13.0  32.8   1.214   1.6   0.0
   6 1982 269 16100.  13.0  33.3   0.899   3.4   0.0
   6 1982 270 15900.  19.0  33.6   1.870   3.8   0.0
   6 1982 271 15400.  15.8  33.0   1.581   1.8   0.0
   6 1982 272 15900.  15.8  33.4   1.671   3.0   0.0
   6 1982 273 14000.  16.0  30.6   1.510   5.1   0.0
   6 1982 274 12800.  14.6  30.0   1.563   4.3   0.2
   6 1982 275 15800.  16.4  28.6   1.475   2.9   0.0
   6 1982 276 15900.   9.0  28.8   0.597   2.2   0.0
   6 1982 277 15400.  14.2  31.0   0.810   3.8   0.0
   6 1982 278 12000.  19.4  28.6   1.804   3.7   0.0
   6 1982 279  5300.  15.4  21.8   1.366   2.0   4.2
   6 1982 280 14500.  13.6  26.2   1.403   4.1   0.0
   6 1982 281 16000.  12.9  26.6   1.221   2.0   0.0
   6 1982 282 15200.   7.2  28.4   0.670   1.3   0.0
   6 1982 283 14400.   9.7  29.2   0.602   1.8   0.0
   6 1982 284 14500.  11.6  31.1   0.806   1.8   0.0
   6 1982 285 12500.  12.0  32.1   0.884   2.0   0.0
   6 1982 286 10300.  14.8  29.8   0.876   3.1   0.4
   6 1982 287  8700.  17.3  28.4   1.818   3.1   0.0
   6 1982 288  8100.  17.4  29.4   1.253   3.1   0.0
   6 1982 289 13100.  13.6  28.0   1.309   1.7   0.2
   6 1982 290 13600.  10.6  28.8   1.202   2.7   0.0
   6 1982 291 10600.  13.4  26.6   1.277   2.9   0.0
   6 1982 292 12400.  10.4  26.8   1.009   3.1   0.0
   6 1982 293 13000.  11.8  24.5   1.232   1.9   0.0
   6 1982 294 13200.   7.8  24.0   0.624   2.3   0.0
   6 1982 295 11600.   9.8  25.6   0.473   3.5   0.0
   6 1982 296 13100.  10.0  27.4   0.479   2.5   0.0
   6 1982 297 12500.   8.2  26.6   0.685   2.0   0.0
   6 1982 298  8000.  14.8  25.6   1.011   2.7   0.8
   6 1982 299 10000.  15.3  24.2   1.548   2.2   0.0
   6 1982 300 12500.  10.0  25.2   1.130   1.2   0.0
   6 1982 301 12800.   9.0  27.0   1.125   2.0   0.0
   6 1982 302 12800.   6.5  24.2   0.968   1.8   0.0
   6 1982 303 12600.   7.0  24.1   0.531   3.5   0.0
   6 1982 304 13000.   6.6  22.9   0.390   3.5   0.0
   6 1982 305 13100.   3.2  22.6   0.307   2.5   0.0
   6 1982 306 12500.   2.3  23.1   0.310   0.6   0.0
   6 1982 307 12800.   1.0  24.6   0.309   1.1   0.0
   6 1982 308 12200.   1.4  25.2   0.284   1.0   0.0
   6 1982 309 11700.   3.2  23.6   0.338   1.4   0.0
   6 1982 310  9900.   2.6  21.8   0.633   2.4   0.0
   6 1982 311  4900.  11.7  14.4   1.224   2.4  13.0
   6 1982 312  3400.   9.0  10.8   1.022   1.7   3.3
   6 1982 313  6000.   4.4  12.3   0.644   3.4   0.0
   6 1982 314  4700.   1.8  12.4   0.577   3.9   6.2
   6 1982 315  4900.   7.0  11.4   0.992   3.5   0.7
   6 1982 316 10400.   1.2  15.0   0.666   0.8   0.0
   6 1982 317 10800.   0.5  17.2   0.627   1.7   0.0
   6 1982 318 11000.   0.8  19.0   0.634   1.9   0.0
   6 1982 319 11100.   3.2  19.1   0.761   1.3   0.0
   6 1982 320 10700.   1.6  18.8   0.679   1.4   0.0
   6 1982 321 10300.   4.5  18.8   0.792   3.0   0.0
   6 1982 322 10500.   5.2  19.0   0.752   4.1   0.0
   6 1982 323  9700.   7.6  18.6   0.804   4.7   2.2
   6 1982 324  3900.   7.8  11.4   0.900   2.0   6.4
   6 1982 325  4300.   4.2  12.6   0.808   3.2   1.6
   6 1982 326  9900.   3.4  17.4   0.780   1.9   2.4
   6 1982 327  5900.   5.2  11.2   0.885   3.3   1.8
   6 1982 328  6600.   4.5  14.8   0.842   3.2   0.0
   6 1982 329  8300.   0.6  11.6   0.625   1.8   0.0
   6 1982 330  7900.   4.5  12.7   0.842   1.7   0.0
   6 1982 331  9200.  -0.4  11.4   0.593   1.3   0.0
   6 1982 332  4800.  -1.2   7.6   0.559   0.6   0.0
   6 1982 333  3900.  -0.9   5.6   0.572   0.6   0.0
   6 1982 334  9200.  -4.4  11.6   0.414   1.2   0.0
   6 1982 335  9900.  -4.8  13.2   0.363   1.0   0.0
   6 1982 336 10700.  -5.0  13.7   0.421   1.1   0.0
   6 1982 337  9200.  -6.4  13.8   0.356   1.5   2.2
   6 1982 338  2800.   2.4   7.6   0.704   3.9   8.6
   6 1982 339  1700.   0.0   3.8   0.611   5.1  20.5
   6 1982 340  5700.   0.0  10.4   0.611   2.5   0.0
   6 1982 341  9400.  -1.2  11.6   0.559   1.7   0.0
   6 1982 342  9500.  -2.2  12.2   0.520   2.0   0.0
   6 1982 343  8900.  -0.7  11.7   0.511   1.0   0.0
   6 1982 344  3500.  -2.0   4.2   0.527   0.7   0.0
   6 1982 345  4600.   0.6   4.8   0.638   1.2   0.0
   6 1982 346  7100.   0.1   9.0   0.609   4.9   0.0
   6 1982 347  6100.   2.6   8.4   0.678   2.5   0.0
   6 1982 348  9400.  -3.8  12.9   0.461   1.1   0.0
   6 1982 349  6100.  -0.2  16.0   0.584   2.1   0.0
   6 1982 350   -99.   4.0  14.2   0.813   3.1   0.0
   6 1982 351  3700.   7.4  12.6   1.020   3.3   0.0
   6 1982 352  8300.   4.4  13.8   0.753   1.6   0.0
   6 1982 353  8500.  -1.7  12.8   0.539   1.6   0.0
   6 1982 354  8200.  -2.4  14.4   0.497   2.5   0.0
   6 1982 355  3800.   2.5  10.8   0.651   3.5   2.4
   6 1982 356  8100.   3.6  13.8   0.727   0.9   0.0
   6 1982 357  8000.  -0.5  13.0   0.577   1.8   0.0
   6 1982 358  9300.   0.8  13.8   0.647   0.9   0.0
   6 1982 359  5000.  -2.6   7.8   0.504   1.3   0.4
   6 1982 360  5700.   4.0  12.2   0.813   1.8   2.4
   6 1982 361  6100.   6.2  13.0   0.948   1.3   9.4
   6 1982 362  3800.   6.0  10.4   0.935   1.5   4.0
   6 1982 363  2900.   5.7   8.8   0.907   1.7   0.0
   6 1982 364  3300.   3.0  11.8   0.758   3.0  12.0
   6 1982 365  4500.   6.0  10.2   0.898   3.8   1.2
