*---------------------------------------------------------------------------*
* Station name: Tel Hadya, Syria
* Year: 1985
* Author: Peter Uithol                                     -99.000: NIL VALUE
* Source: ICARDA SPS file
* Comments: Vapour pressure measured as maximum relative humudity (%)
* Longitude: 36 56 E, latitude: 36 01 N, altitude: 284. m
*
* Column  Daily value
* 1       station number
* 2       year
* 3       day
* 4       irradiation                   (kJ m-2 d-1)
* 5       minimum temperature           (degrees Celsius)
* 6       maximum temperature           (degrees Celsius)
* 7       early morning vapour pressure (kPa)
* 8       mean wind speed (height: 2 m) (m s-1)
* 9       precipitation                 (mm d-1)
*---------------------------------------------------------------------------*
  36.93  36.02   284. 0.00 0.00
   6 1985   1  2600.   5.0   8.6   0.872   3.3   8.8
   6 1985   2  8100.   4.9   8.9   0.866   1.2  45.4
   6 1985   3  4200.   5.6  10.0   0.910   1.2   2.8
   6 1985   4  8000.   6.8  13.2   0.781   2.0   0.0
   6 1985   5  5900.   2.0   9.5   0.649   0.8   0.7
   6 1985   6  5600.   4.6  12.2   0.780   1.9   0.0
   6 1985   7  8400.   2.7  11.8   0.712   0.5   0.0
   6 1985   8  4700.   4.3   9.3   0.797   0.2   0.0
   6 1985   9  7100.   3.3  12.0   0.743   1.6   0.0
   6 1985  10  6600.   4.7  11.8   0.794   1.7   0.5
   6 1985  11  7600.   6.0  15.5   0.888   1.5   0.0
   6 1985  12  8500.   3.5  15.4   0.785   2.0   0.0
   6 1985  13  7000.   4.7  13.4   0.854   1.6   0.4
   6 1985  14  1800.   8.6  10.6   1.106   2.5  12.4
   6 1985  15  6400.   8.6  16.4   1.095   1.6   0.0
   6 1985  16 11300.   1.9  11.7   0.666   1.7   0.0
   6 1985  17  7400.   0.4   6.6   0.534   3.0   9.3
   6 1985  18  3200.   1.0   4.7   0.657   3.4   6.0
   6 1985  19  4300.   2.7   6.8   0.734   2.5   0.6
   6 1985  20  2800.   4.2   8.0   0.808   2.4   4.8
   6 1985  21  3400.   3.2   9.1   0.745   0.5   3.2
   6 1985  22  6400.   6.4  11.6   0.904   0.7   0.0
   6 1985  23 13000.  -0.7  12.7   0.551   0.6   0.0
   6 1985  24  6700.  -0.4   8.7   0.563   0.7   0.0
   6 1985  25 12600.  -0.8  13.1   0.541   1.4   0.0
   6 1985  26 10600.   0.8  13.2   0.647   1.8   0.0
   6 1985  27  8100.   4.0  14.2   0.789   2.9   1.0
   6 1985  28  9600.   7.0  13.8   0.982   1.7   0.0
   6 1985  29  9800.   1.6  14.6   0.686   1.5   9.1
   6 1985  30  6800.   7.2  13.2   1.016   2.0   7.2
   6 1985  31  3300.   8.4  10.3   1.103   1.7  14.1
   6 1985  32  5200.   7.0  11.0   1.002   0.7   1.2
   6 1985  33  4600.   4.3  10.6   0.814   1.5  12.0
   6 1985  34  7600.   5.3  14.6   0.873   4.7  13.2
   6 1985  35 14400.   7.5  15.0   1.037   6.8   0.2
   6 1985  36 14400.   2.0   6.0   0.564   4.1   0.0
   6 1985  37 12200.  -5.4   8.1   0.294   1.4   0.0
   6 1985  38  6400.  -1.0   9.4   0.556   3.7  14.8
   6 1985  39  4800.   2.2   5.0   0.701   2.9   0.0
   6 1985  40  5800.   2.7   8.6   0.697   1.7   5.2
   6 1985  41  3600.   4.3   8.6   0.822   4.1   0.6
   6 1985  42  4500.   5.8   9.7   0.904   1.4   0.0
   6 1985  43  7000.   6.3  10.8   0.907   1.9   0.0
   6 1985  44  6200.   5.0  11.0   0.855   1.3   0.6
   6 1985  45  8700.   3.0  12.0   0.743   2.7   3.4
   6 1985  46  9100.   8.0  12.2   1.009   3.0   2.2
   6 1985  47  9600.   2.3  13.0   0.706   2.7   5.5
   6 1985  48 15800.   3.2  11.2   0.753   2.7   0.0
   6 1985  49 11900.  -2.9  11.9   0.459   3.2   0.0
   6 1985  50 15000.   2.4  20.1   0.712   8.5   0.5
   6 1985  51 13100.   9.2  13.4   0.873   6.0   1.5
   6 1985  52 16000.  -2.5   6.0   0.473   3.1   0.0
   6 1985  53 13100.  -3.6   1.9   0.220   2.4   0.0
   6 1985  54 14300.  -6.1   3.6   0.279   3.7   0.0
   6 1985  55  9800.  -1.2   3.9   0.252   6.0   0.0
   6 1985  56  7600.  -2.0   6.2   0.385   3.8   0.4
   6 1985  57 18300.   0.6   9.0   0.612   3.9   0.0
   6 1985  58 18500.  -6.8   8.0   0.213   2.6   0.0
   6 1985  59 17700.  -4.5   6.6   0.254   2.2   0.0
   6 1985  60 19100.  -8.0   5.4   0.214   1.8   0.0
   6 1985  61 18800.  -9.0   6.2   0.216   2.4   0.0
   6 1985  62 19600.  -9.5   9.4   0.202   0.9   0.0
   6 1985  63 16900.  -8.2   9.8   0.214   2.0   0.0
   6 1985  64 20000.  -5.4  11.0   0.233   2.2   0.0
   6 1985  65 20500.  -4.2  13.0   0.224   1.3   0.0
   6 1985  66 20500.  -5.4  14.8   0.306   1.8   0.0
   6 1985  67 20900.  -5.3  12.8   0.247   2.0   0.0
   6 1985  68 20900.  -4.8  13.6   0.257   3.0   0.0
   6 1985  69 20900.  -2.5  14.1   0.269   3.4   0.0
   6 1985  70 20900.  -1.4  16.6   0.265   3.4   0.0
   6 1985  71 17700.  -0.8  18.0   0.288   3.8   0.0
   6 1985  72 20600.   1.0  18.9   0.368   3.1   0.0
   6 1985  73 21000.   1.1  19.2   0.357   2.2   0.0
   6 1985  74 19400.   2.5  20.6   0.351   2.2   0.0
   6 1985  75 14100.   6.5  22.0   0.484   3.8   0.0
   6 1985  76 19300.  12.0  23.2   0.744   5.0   0.0
   6 1985  77 10300.   8.3  18.4   0.931   3.0  11.7
   6 1985  78 15900.  11.0  18.1   1.313   2.4   0.4
   6 1985  79 18400.   5.4  17.3   0.879   4.8   1.6
   6 1985  80 16100.   7.0  16.0   0.982   2.4   0.0
   6 1985  81 16000.   3.8  20.0   0.802   5.8   0.0
   6 1985  82 11500.   8.8  16.7   0.974   2.5   4.0
   6 1985  83 14300.   5.8  17.6   0.895   3.1   1.0
   6 1985  84 15800.   6.8  20.0   0.988   3.9   0.0
   6 1985  85 17200.   3.3  20.0   0.774   2.8   0.0
   6 1985  86 18100.   8.0  20.4   1.041   3.2   0.0
   6 1985  87 14700.  12.2  21.2   1.152   3.6   0.0
   6 1985  88 21700.   9.4  23.0   1.180   2.6   0.0
   6 1985  89 18600.   7.0  23.4   0.992   1.3   0.0
   6 1985  90 14000.   8.0  23.2   1.019   1.8   5.4
   6 1985  91 10200.  13.3  19.0   1.528   1.9   0.0
   6 1985  92 11200.   6.8  17.1   0.988   2.2   0.7
   6 1985  93 11200.   6.8  14.8   0.988   1.6   0.7
   6 1985  94 21800.   2.0  19.2   0.706   2.4   0.0
   6 1985  95 16600.   6.3  21.4   0.907   2.8   7.6
   6 1985  96 22600.   9.3  21.6   1.172   4.6   0.0
   6 1985  97 24000.   9.5  22.4   1.188   5.8   0.0
   6 1985  98 21800.   8.0  21.4   1.073   5.0   0.0
   6 1985  99 22400.  10.0  23.0   1.191   3.9   0.0
   6 1985 100 24100.   5.7  26.8   0.916   3.4   0.0
   6 1985 101 24300.  10.1  27.9   1.175   4.4   0.0
   6 1985 102 24700.   7.0  29.6   0.952   4.5   0.0
   6 1985 103 23900.   7.2  29.4   0.965   3.0   0.0
   6 1985 104 23400.  10.3  21.2   1.003   6.1   0.0
   6 1985 105 23800.   7.6  23.2   1.044   1.6   0.0
   6 1985 106 25500.   5.4  25.8   0.852   1.4   0.0
   6 1985 107 25800.   4.7  28.4   0.658   1.7   0.0
   6 1985 108 24200.   8.4  31.2   0.717   1.6   0.0
   6 1985 109 21300.  13.4  27.6   1.061   4.8   0.0
   6 1985 110 26700.   7.7  24.0   0.883   4.3   0.0
   6 1985 111 24200.   4.4  24.4   0.678   1.8   0.0
   6 1985 112 16700.  11.9  24.0   0.767   2.8   0.0
   6 1985 113 17600.   7.8  18.0   0.984   1.8   0.6
   6 1985 114 20700.   7.1  21.2   0.989   2.4   0.0
   6 1985 115 22600.  12.2  25.0   0.882   4.6   0.0
   6 1985 116 23400.  11.4  25.0   1.119   6.6   0.0
   6 1985 117 26400.  12.0  25.9   1.291   4.5   0.0
   6 1985 118 26500.  11.0  26.8   1.103   3.4   0.0
   6 1985 119 25100.   9.3  28.9   1.055   2.4   0.0
   6 1985 120 14500.  12.6  26.4   1.036   2.6   0.0
   6 1985 121 28000.  10.6  24.8   1.240   6.2   0.0
   6 1985 122 25200.  10.2  23.4   1.158   6.3   0.0
   6 1985 123 28100.  10.9  25.2   1.278   3.9   0.0
   6 1985 124 27200.   5.0  28.0   0.794   1.7   0.0
   6 1985 125 27700.   5.0  28.6   0.637   2.1   0.0
   6 1985 126 18800.  10.7  29.2   0.798   1.7   0.0
   6 1985 127 23400.  12.0  33.0   1.193   1.4   0.0
   6 1985 128 21800.  14.5  33.8   1.272   1.7   0.0
   6 1985 129 22200.  17.4  35.4   1.154   1.8   0.0
   6 1985 130 21800.  15.8  34.2   1.581   1.6   0.0
   6 1985 131 13400.  19.6  33.8   0.982   2.9   2.2
   6 1985 132 22400.  16.2  32.5   1.659   2.5   0.1
   6 1985 133 17500.  18.7  33.0   1.295   2.3   0.8
   6 1985 134 14900.  18.4  24.6   1.864   2.3   0.0
   6 1985 135 20700.  13.3  28.0   1.391   3.4   0.0
   6 1985 136 27300.  16.0  29.0   1.565   4.9   0.0
   6 1985 137 27800.  15.3  33.0   1.479   3.8   0.0
   6 1985 138 25100.  15.4  34.2   1.383   3.1   0.0
   6 1985 139 26700.  14.7  30.2   1.339   3.8   0.0
   6 1985 140 28200.  13.7  31.5   1.145   3.7   0.0
   6 1985 141 26400.  16.7  33.6   1.427   3.6   0.0
   6 1985 142 26500.  14.4  33.4   1.313   3.4   0.0
   6 1985 143 22800.  12.1  34.3   1.059   2.0   0.0
   6 1985 144 27600.  16.7  33.1   1.085   5.5   0.0
   6 1985 145 28000.  16.4  30.6   1.680   8.1   0.0
   6 1985 146 28700.  18.1  31.0   1.725   5.4   0.0
   6 1985 147 28100.  17.0  33.8   1.454   2.7   0.0
   6 1985 148 25500.  14.1  35.6   1.191   4.0   0.0
   6 1985 149 27600.  13.1  28.5   1.433   3.9   0.0
   6 1985 150 28700.  15.5  28.3   1.586   6.6   0.0
   6 1985 151 29100.  16.1  29.5   1.483   5.2   0.0
   6 1985 152 29500.  15.4  28.9   1.523   4.8   0.0
   6 1985 153 28600.  14.7  31.5   1.456   3.0   0.0
   6 1985 154 28000.  14.0  36.6   0.752   3.0   0.0
   6 1985 155 29100.  16.6  36.9   0.756   5.0   0.0
   6 1985 156 29200.  17.3  32.5   1.542   6.2   0.0
   6 1985 157 28500.  16.6  30.4   1.550   7.2   0.0
   6 1985 158 27600.  19.0  29.9   1.804   6.9   0.0
   6 1985 159 29600.  18.1  31.8   1.684   4.7   0.0
   6 1985 160 30000.  15.2  34.1   1.175   2.5   0.0
   6 1985 161 29600.  15.2  37.3   0.830   2.8   0.0
   6 1985 162 29100.  18.1  39.3   0.998   4.1   0.0
   6 1985 163 29600.  20.7  34.8   1.222   6.7   0.0
   6 1985 164 31600.  19.6  32.6   1.439   7.3   0.0
   6 1985 165 27300.  18.7  33.6   1.813   5.2   0.0
   6 1985 166 29400.  17.8  36.0   1.428   5.0   0.0
   6 1985 167 29200.  19.7  35.2   1.769   5.8   0.0
   6 1985 168 28600.  19.0  36.4   1.650   6.9   0.0
   6 1985 169 30100.  20.5  35.0   1.255   6.8   0.0
   6 1985 170 28300.  18.8  32.0   1.781   5.9   0.0
   6 1985 171 19800.  17.4  29.6   1.691   5.5   0.0
   6 1985 172 27700.  16.3  31.8   1.577   4.1   0.0
   6 1985 173 29800.  15.8  35.6   0.826   4.6   0.0
   6 1985 174 29200.  15.3  35.0   0.783   6.2   0.0
   6 1985 175 29400.  19.3  33.6   1.815   7.5   0.0
   6 1985 176 30200.  17.2  32.6   1.591   7.0   0.0
   6 1985 177 28900.  19.3  33.4   1.905   4.7   0.0
   6 1985 178 30300.  18.0  34.6   1.487   3.7   0.0
   6 1985 179 29100.  18.3  36.0   1.137   5.7   0.0
   6 1985 180 29400.  19.7  36.0   1.103   7.8   0.0
   6 1985 181 29600.  19.8  36.4   1.780   8.1   0.0
   6 1985 182 29700.  20.0  34.6   1.732   7.5   0.0
   6 1985 183 29900.  20.0  35.6   1.732   5.5   0.0
   6 1985 184 29000.  17.4  36.5   1.392   4.7   0.0
   6 1985 185 29700.  17.3  33.0   1.463   5.6   0.0
   6 1985 186 27500.  16.4  35.6   1.680   5.7   0.0
   6 1985 187 29500.  19.8  33.0   1.896   5.9   0.0
   6 1985 188 29300.  20.0  35.4   1.873   8.2   0.0
   6 1985 189 29400.  19.1  36.0   1.173   5.5   0.0
   6 1985 190 28500.  20.3  35.6   1.908   7.2   0.0
   6 1985 191 29500.  20.2  35.2   1.849   7.4   0.0
   6 1985 192 29800.  19.1  37.0   1.505   4.8   0.0
   6 1985 193 29800.  18.7  39.0   1.166   4.8   0.0
   6 1985 194 29300.  21.2  39.0   1.084   4.5   0.0
   6 1985 195 28700.  22.4  38.4   1.383   7.0   0.0
   6 1985 196 28700.  22.0  37.0   2.038   8.5   0.0
   6 1985 197 29000.  19.0  33.3   1.738   9.7   0.0
   6 1985 198 28000.  19.8  33.3   1.734   8.9   0.0
   6 1985 199 28300.  21.3  33.6   2.029   7.4   0.0
   6 1985 200 28100.  20.7  35.6   1.662   7.5   0.0
   6 1985 201 28500.  21.2  35.8   1.941   6.8   0.0
   6 1985 202 28200.  21.5  37.2   1.951   5.8   0.0
   6 1985 203 27700.  20.7  37.4   1.858   5.0   0.0
   6 1985 204 27880.  20.6  36.6   1.530   3.6   0.0
   6 1985 205 27730.  21.8  38.0   1.438   3.9   0.0
   6 1985 206 27730.  20.0  38.0   1.264   4.9   0.0
   6 1985 207 28670.  20.7  36.9   1.418   5.6   0.0
   6 1985 208 28660.  21.4  35.6   1.697   5.1   0.0
   6 1985 209 28310.  16.3  36.6   0.927   1.6   0.0
   6 1985 210 27880.  15.6  39.6   0.798   1.9   0.0
   6 1985 211 25610.  17.5  40.2   0.741   3.1   0.0
   6 1985 212 29100.  22.0  40.4   1.535   3.2   0.0
   6 1985 213 27190.  22.0  41.7   1.641   3.8   0.0
   6 1985 214 26580.  20.7  43.1   1.149   3.2   0.0
   6 1985 215 26910.  19.8  41.8   1.156   4.6   0.0
   6 1985 216 27990.  21.1  37.8   1.628   6.2   0.0
   6 1985 217 24240.  23.4  37.6   2.306   6.7   0.0
   6 1985 218 23170.  22.4  34.0   2.319   6.9   0.0
   6 1985 219 26580.  19.5  35.6   1.838   8.3   0.0
   6 1985 220 26110.  22.6  38.2   2.197   6.4   0.0
   6 1985 221 26000.  22.0  39.0   2.091   4.2   0.0
   6 1985 222 25580.  21.0  40.2   2.116   3.9   0.0
   6 1985 223 26830.  20.8  39.9   2.017   3.2   0.0
   6 1985 224 26190.  19.0  41.0   1.540   3.3   0.0
   6 1985 225 24530.  19.0  44.7   1.320   2.3   0.0
   6 1985 226 23130.  24.0  44.8   0.867   2.5   0.0
   6 1985 227 24210.  23.0  43.7   0.928   2.6   0.0
   6 1985 228 23530.  21.4  42.6   1.072   2.2   0.0
   6 1985 229 23340.  22.6  42.7   1.593   2.7   0.0
   6 1985 230 21910.  26.1  39.6   2.676   4.7   0.0
   6 1985 231 22770.  24.2  37.0   2.540   6.4   0.0
   6 1985 232 25320.  23.0  38.4   2.251   4.4   0.0
   6 1985 233 24680.  21.2  39.8   1.386   3.4   0.0
   6 1985 234 24750.  20.4  39.0   1.440   3.3   0.0
   6 1985 235 25470.  19.0  39.3   0.770   1.6   0.0
   6 1985 236 25360.  16.8  41.3   0.728   1.6   0.0
   6 1985 237 25320.  17.6  42.6   0.705   2.2   0.0
   6 1985 238 25070.  20.3  41.8   1.431   4.0   0.0
   6 1985 239 25110.  20.4  40.6   1.680   3.6   0.0
   6 1985 240 23600.  20.0  38.0   1.943   4.7   0.0
   6 1985 241 24140.  22.4  38.2   2.441   6.9   0.0
   6 1985 242 24350.  22.4  36.2   2.401   6.6   0.0
   6 1985 243 24170.  20.7  34.0   2.224   6.5   0.0
   6 1985 244 23420.  19.8  33.4   1.965   7.7   0.0
   6 1985 245 23630.  21.4  36.2   2.169   3.4   0.0
   6 1985 246 23450.  17.4  37.4   1.989   2.0   0.0
   6 1985 247 22840.  19.3  36.0   1.905   5.3   0.0
   6 1985 248 23270.  22.2  36.8   2.305   5.6   0.0
   6 1985 249 22450.  22.0  36.2   2.303   5.4   0.0
   6 1985 250 21760.  18.2  36.2   1.548   3.1   0.0
   6 1985 251 22840.  16.8  36.6   1.762   1.9   0.0
   6 1985 252 23130.  14.6  37.0   1.231   2.0   0.0
   6 1985 253 21870.  17.3  37.0   1.443   4.7   0.0
   6 1985 254 22010.  21.5  34.8   2.311   6.6   0.0
   6 1985 255 22120.  20.4  33.0   1.992   6.5   0.0
   6 1985 256 20940.  21.5  33.0   2.208   5.1   0.0
   6 1985 257 20900.  19.5  32.2   2.020   5.5   0.0
   6 1985 258 20320.  20.6  32.0   2.211   4.7   0.0
   6 1985 259 22090.  17.8  33.2   1.693   2.4   0.0
   6 1985 260 21980.  14.2  34.0   1.296   2.3   0.0
   6 1985 261 21730.  15.4  34.0   1.173   2.9   0.0
   6 1985 262 21760.  15.5  33.0   0.916   2.5   0.0
   6 1985 263 22590.  11.0  32.6   0.355   1.5   0.0
   6 1985 264 21870.   9.4  33.8   0.342   0.9   0.0
   6 1985 265 21510.   9.3  35.3   0.293   1.3   0.0
   6 1985 266 20470.  11.0  38.4   0.394   1.5   0.0
   6 1985 267 20430.  14.0  36.6   0.560   5.5   0.0
   6 1985 268 19930.  21.2  31.7   1.916   7.3   0.0
   6 1985 269 20030.  21.0  34.3   2.029   2.9   0.0
   6 1985 270 19750.  14.7  34.0   1.239   2.3   0.0
   6 1985 271 18920.  19.4  32.6   1.759   4.6   0.0
   6 1985 272 14530.  14.5  28.5   1.239   3.3   0.0
   6 1985 273 19100.  12.0  30.8   0.870   2.0   0.0
   6 1985 274 17730.  13.8  30.3   1.026   2.2   0.0
   6 1985 275 19750.  12.7  28.7   0.808   1.0   0.0
   6 1985 276 20140.   6.7  30.7   0.393   1.6   0.0
   6 1985 277 19640.   7.5  31.5   0.529   1.8   0.0
   6 1985 278 19030.  11.3  31.7   0.804   1.6   0.0
   6 1985 279 18420.  12.0  33.5   0.631   2.3   0.0
   6 1985 280 17340.  15.4  34.6   0.473   2.4   0.0
   6 1985 281 15720.  16.3  31.4   1.131   3.8   0.0
   6 1985 282 11260.  15.2  26.6   1.262   3.9   1.0
   6 1985 283 17550.  14.7  27.7   1.356   5.7   0.3
   6 1985 284 18340.   9.7  26.6   0.927   4.5   0.0
   6 1985 285 13060.  12.7  26.2   1.102   2.8   4.6
   6 1985 286 15760.  11.8  24.2   1.316   1.9   0.0
   6 1985 287 16330.  11.3  26.1   0.924   2.9   0.0
   6 1985 288 16260.  13.0  27.5   0.794   3.6   0.0
   6 1985 289 11150.   9.7  23.7   0.951   1.4   0.0
   6 1985 290  9030.  10.2  24.4   0.996   2.1   0.6
   6 1985 291  9390.  11.5  23.0   1.181   2.8   5.6
   6 1985 292  5320.  14.7  18.0   1.473   1.6   6.2
   6 1985 293  9860.   8.0  20.8   0.998   1.0   3.4
   6 1985 294 16400.   7.6  23.4   0.971   1.7   0.0
   6 1985 295 16620.   6.0  23.8   0.916   1.5   0.0
   6 1985 296 16690.   5.7  25.3   0.824   1.8   0.0
   6 1985 297 16280.   6.8  24.6   0.850   2.1   0.0
   6 1985 298  7070.   8.0  20.7   1.009   1.8   1.0
   6 1985 299  8600.  12.4  18.4   1.426   2.7   0.4
   6 1985 300 16370.   5.4  19.2   0.852   1.9   0.0
   6 1985 301 15900.   1.3  19.6   0.604   1.3   0.0
   6 1985 302 15830.   2.7  20.8   0.705   1.0   0.0
   6 1985 303 15360.   0.7  21.4   0.418   2.6   0.0
   6 1985 304 13810.   4.7  23.2   0.410   3.6   0.0
   6 1985 305 10540.  12.9  20.8   0.700   3.0   0.0
   6 1985 306 13990.   7.8  23.5   0.799   2.8   0.0
   6 1985 307 13350.   9.6  24.8   0.682   1.4   0.0
   6 1985 308 13450.   6.0  25.0   0.580   1.2   0.0
   6 1985 309 13020.   6.4  25.2   0.635   1.5   0.0
   6 1985 310  8560.   7.9  23.6   0.714   1.7   0.0
   6 1985 311  8780.  10.9  24.3   0.900   1.4   0.0
   6 1985 312  5320.  12.4  22.0   0.980   2.8   0.0
   6 1985 313  5140.  14.0  20.4   1.184   2.0   2.6
   6 1985 314  6620.  11.5  18.2   1.222   1.3   0.4
   6 1985 315  4390.  11.8  18.0   1.274   1.4   0.3
   6 1985 316 12630.  10.3  24.2   1.128   0.9   0.0
   6 1985 317 12770.   4.5  25.2   0.800   1.3   0.0
   6 1985 318 12550.   5.6  25.4   0.864   0.9   0.0
   6 1985 319 12910.   4.1  24.9   0.721   0.9   0.0
   6 1985 320 12520.   6.7  23.7   0.893   1.9   0.0
   6 1985 321 11330.   7.0  22.8   0.852   2.9   0.0
   6 1985 322 12090.   5.1  22.5   0.738   1.4   0.0
   6 1985 323 11040.   5.2  24.4   0.646   0.9   0.0
   6 1985 324 11080.   4.0  23.2   0.602   0.6   0.0
   6 1985 325  9930.   6.6  22.2   0.721   1.7   0.0
   6 1985 326 11690.   7.0  22.0   0.621   2.0   0.0
   6 1985 327 10250.   7.0  20.8   0.571   2.1   0.0
   6 1985 328  9240.   4.7  19.5   0.735   2.6   0.0
   6 1985 329  3880.   7.5  16.7   0.892   1.9   7.3
   6 1985 330  5580.   8.5  18.0   0.999   2.0   0.4
   6 1985 331  9060.   5.6  18.0   0.810   1.6   0.0
   6 1985 332 11400.   4.8  18.8   0.817   1.3   0.0
   6 1985 333 10650.   5.5  19.3   0.831   2.9   0.6
   6 1985 334  5760.  10.5  16.0   1.270   2.4   3.4
   6 1985 335 11940.   6.0  15.4   0.935   2.0   0.0
   6 1985 336  4960.  -0.7  11.9   0.580   2.2   0.0
   6 1985 337  7810.  -2.5   9.0   0.467   1.5   0.0
   6 1985 338 11400.  -5.2  11.7   0.402   1.8   0.0
   6 1985 339 10940.  -0.2  19.4   0.566   3.0   0.0
   6 1985 340 11010.   3.1  22.2   0.763   1.4   0.0
   6 1985 341 10540.   1.5  20.6   0.677   1.8   0.0
   6 1985 342 11000.   4.7  19.6   0.782   2.4   0.0
   6 1985 343 10540.   4.1  18.8   0.753   2.9   0.0
   6 1985 344  9750.   4.3  17.0   0.748   2.6   0.0
   6 1985 345  9820.   6.2  17.2   0.740   1.3   0.0
   6 1985 346 10580.   0.3  17.5   0.543   1.4   0.0
   6 1985 347  9030.   0.3  16.7   0.493   2.7   0.0
   6 1985 348  6040.   6.5  12.3   0.600   3.9   0.2
   6 1985 349  9820.   2.0  15.0   0.614   1.2   3.0
   6 1985 350  5860.   0.3  11.2   0.624   0.8   2.4
   6 1985 351  2050.   5.3   8.5   0.846   2.9   4.9
   6 1985 352  4710.   3.7   9.6   0.756   1.2   0.0
   6 1985 353  9860.  -0.7  10.4   0.540   1.9   0.0
   6 1985 354 11010.  -6.4   7.7   0.371   1.4   0.0
   6 1985 355  6550.  -2.0   6.9   0.490   6.8   1.4
   6 1985 356  2480.   3.5   8.7   0.785   6.6   6.2
   6 1985 357  2410.   5.3   8.5   0.846   1.6   6.6
   6 1985 358  2450.   5.2   8.7   0.840   1.1  12.5
   6 1985 359  3450.   6.2  10.8   0.853   2.3   1.2
   6 1985 360  2910.   7.3   9.3   0.951   1.7   1.4
   6 1985 361  7080.   1.2  13.3   0.666   0.9   2.4
   6 1985 362  3530.   6.3  12.0   0.917   3.7  11.4
   6 1985 363 11440.   0.9  16.0   0.574   0.7   0.0
   6 1985 364  9390.   1.0  13.2   0.650   2.1   0.0
   6 1985 365 10040.   1.4  11.6   0.656   1.3   0.0
