*---------------------------------------------------------------------------*
* Station name: Jindiress, Syria
* Year: 1981
* Author: Peter Uithol                                     -99.000: NIL VALUE
* Source: ICARDA SPS file
* Comments: Vapour pressure measured as maximum relative humudity (%)
*           Wind speed data available from September onwards
* Longitude: 36 44 E, latitude: 46 24 N, altitude: 210. m
*
* Column  Daily value
* 1       station number
* 2       year
* 3       day
* 4       irradiation                   (kJ m-2 d-1)
* 5       minimum temperature           (degrees Celsius)
* 6       maximum temperature           (degrees Celsius)
* 7       early morning vapour pressure (kPa)
* 8       mean wind speed (height: 2 m) (m s-1)
* 9       precipitation                 (mm d-1)
*---------------------------------------------------------------------------*
  36.73  36.40   210. 0.00 0.00
   3 1981   1 10260.  -2.5  12.0   0.474 -99.0   0.0
   3 1981   2  4540.   3.0   9.5   0.661 -99.0   0.0
   3 1981   3  4070.   2.4   8.3   0.692 -99.0  18.3
   3 1981   4  6910.   4.4   9.5   0.789 -99.0   1.2
   3 1981   5  4460.   5.0   9.5   0.812 -99.0  10.3
   3 1981   6  5400.   6.7  12.5   0.856 -99.0  10.1
   3 1981   7  4680.   4.5  11.2   0.758 -99.0   2.4
   3 1981   8  5220.   4.5  13.0   0.758 -99.0   0.0
   3 1981   9  5760.   9.5  16.0   0.986 -99.0   1.3
   3 1981  10  5330.   6.0  11.0   0.879 -99.0  25.2
   3 1981  11  4680.   5.0   6.8   0.833 -99.0   4.2
   3 1981  12  7560.   2.0  10.9   0.663 -99.0   0.0
   3 1981  13 10300.   0.0  11.5   0.574 -99.0   0.0
   3 1981  14  6660.   2.0  13.0   0.649 -99.0   4.3
   3 1981  15  7020.   6.8  10.2   0.870 -99.0   2.0
   3 1981  16  2160.   7.5   7.9   0.954 -99.0  17.3
   3 1981  17  6010.   5.8   9.5   0.876 -99.0   8.1
   3 1981  18  1370.   2.0   9.8   0.670 -99.0   3.0
   3 1981  19  3820.   2.5   9.5   0.684 -99.0   3.3
   3 1981  20  3890.   7.8  11.2   0.979 -99.0   6.0
   3 1981  21  9720.   6.2  12.0   0.872 -99.0   0.0
   3 1981  22  8530.   7.0  13.0   0.862 -99.0   0.0
   3 1981  23  2660.   6.0  10.2   0.879 -99.0   7.2
   3 1981  24  5720.   3.8  10.2   0.754 -99.0   0.0
   3 1981  25  7560.   0.5  13.0   0.595 -99.0  13.0
   3 1981  26  9830.   2.2  11.5   0.666 -99.0   6.0
   3 1981  27  4430.   6.0   9.9   0.860 -99.0   7.0
   3 1981  28  7240.   7.0  12.0   0.922 -99.0   1.3
   3 1981  29  5400.   8.0  15.5   0.837 -99.0   0.0
   3 1981  30  8280.   4.0  12.5   0.740 -99.0   0.0
   3 1981  31  7200.   0.5  11.0   0.608 -99.0   0.0
   3 1981  32 12350.  -0.8  13.5   0.541 -99.0   0.0
   3 1981  33 13540.   0.0  12.5   0.513 -99.0   0.0
   3 1981  34 12850.  -0.5  14.8   0.533 -99.0   0.0
   3 1981  35  4180.   3.8  10.0   0.746 -99.0   2.0
   3 1981  36  5540.   6.5  10.5   0.779 -99.0   0.0
   3 1981  37  6480.   7.0  12.3   0.867 -99.0   0.0
   3 1981  38  6800.   5.0  13.9   0.776 -99.0   0.0
   3 1981  39 11880.   2.0  13.5   0.667 -99.0   0.0
   3 1981  40 14510.  -1.5  14.2   0.520 -99.0   0.0
   3 1981  41 14760.  -2.0  13.0   0.477 -99.0   0.0
   3 1981  42  8530.  -2.0  17.0   0.485 -99.0   0.0
   3 1981  43 11700.   3.5  15.0   0.754 -99.0   0.0
   3 1981  44  7490.   5.5  15.5   0.836 -99.0   0.0
   3 1981  45  5290.   7.8  14.5   1.005 -99.0   3.2
   3 1981  46 12530.   6.0  18.0   0.879 -99.0   4.0
   3 1981  47 12350.   5.8  13.0   0.839 -99.0   6.4
   3 1981  48  2160.   3.0   7.5   0.724 -99.0   2.3
   3 1981  49  4860.   4.2   8.5   0.779 -99.0  10.2
   3 1981  50  3920.   7.5  12.2   0.995 -99.0  14.3
   3 1981  51 18650.   5.0  13.8   0.837 -99.0   0.3
   3 1981  52  5400.   2.5  15.2   0.695 -99.0   0.0
   3 1981  53 25760.   0.5  16.5   0.595 -99.0   0.0
   3 1981  54  7020.   5.0  18.0   0.781 -99.0   5.0
   3 1981  55  4140.   6.8   9.8   0.919 -99.0   0.0
   3 1981  56  7990.   4.0  12.5   0.764 -99.0   7.0
   3 1981  57 12460.   4.2  13.8   0.767 -99.0   0.0
   3 1981  58 12420.   3.5  15.0   0.758 -99.0   1.2
   3 1981  59  8170.   8.0  13.2   1.019 -99.0   3.0
   3 1981  60  8390.   6.2  11.0   0.901 -99.0   5.3
   3 1981  61  9900.   5.0  11.0   0.837 -99.0   2.0
   3 1981  62 16560.   2.0  15.0   0.670 -99.0   0.0
   3 1981  63 15620.   1.5  12.5   0.653 -99.0   0.0
   3 1981  64 17350.   6.8  19.5   0.850 -99.0   0.0
   3 1981  65 11160.  10.5  18.2   0.914 -99.0   0.0
   3 1981  66 15190.  11.0  20.0   1.129 -99.0   0.0
   3 1981  67 18900.   8.5  21.0   1.021 -99.0   0.0
   3 1981  68 19910.   8.0  22.5   0.976 -99.0   0.0
   3 1981  69 20000.  14.0  23.0   1.400 -99.0   0.0
   3 1981  70  5150.  12.5  16.0   1.349 -99.0  14.3
   3 1981  71 15840.   8.0  20.0   1.019 -99.0   0.0
   3 1981  72  9470.  13.0  18.0   1.334 -99.0   0.0
   3 1981  73  6080.  12.0  16.0   1.319 -99.0   0.0
   3 1981  74 20090.   7.5  20.0   0.964 -99.0   0.0
   3 1981  75 21600.   5.0  20.0   0.829 -99.0   0.0
   3 1981  76 11740.   6.0  20.0   0.879 -99.0   0.0
   3 1981  77 19000.   5.0  22.8   0.811 -99.0   0.0
   3 1981  78 19000.  11.8  25.5   1.239 -99.0   0.0
   3 1981  79 12670.   8.5  13.0   1.071 -99.0   2.3
   3 1981  80 12670.   7.0  17.0   0.967 -99.0   0.0
   3 1981  81 12670.   4.0  19.0   0.793 -99.0   4.2
   3 1981  82  6730.   7.0  13.0   0.957 -99.0  13.0
   3 1981  83 11990.   7.8  15.0   1.005 -99.0   2.0
   3 1981  84 14400.   5.5  20.0   0.849 -99.0   5.0
   3 1981  85 14260.  10.2  14.0   1.195 -99.0   1.0
   3 1981  86 15190.  11.0  19.5   1.221 -99.0   0.0
   3 1981  87 11340.   8.7  20.0   1.080 -99.0   0.0
   3 1981  88 14440.   6.9  20.5   0.955 -99.0   0.0
   3 1981  89 12170.   6.9  22.0   0.955 -99.0   0.0
   3 1981  90 12170.   2.5  19.0   0.680 -99.0   0.0
   3 1981  91 26000.  -1.5  17.0   0.432 -99.0   0.0
   3 1981  92 18540.   1.2  17.0   0.600 -99.0   0.0
   3 1981  93 19040.   8.8  20.0   0.918 -99.0   0.0
   3 1981  94 13610.   9.0  18.0   1.102 -99.0  21.0
   3 1981  95 20480.   2.0  14.5   0.670 -99.0   0.0
   3 1981  96 19940.   0.2  17.0   0.558 -99.0   0.0
   3 1981  97 12060.   5.0  16.0   0.820 -99.0   0.0
   3 1981  98 22100.   4.2  19.2   0.775 -99.0   0.0
   3 1981  99 17280.   5.0  18.5   0.785 -99.0   0.0
   3 1981 100 25380.   2.5  19.8   0.651 -99.0   0.0
   3 1981 101 22930.   3.5  21.0   0.683 -99.0   0.0
   3 1981 102 26210.   6.0  22.0   0.870 -99.0   0.0
   3 1981 103 24980.   7.0  22.8   0.962 -99.0   0.0
   3 1981 104 16090.   4.5  22.0   0.817 -99.0   0.0
   3 1981 105  9830.  12.5  18.0   1.385 -99.0  12.0
   3 1981 106 18500.  11.0  21.2   1.248 -99.0   0.0
   3 1981 107 28910.   8.2  22.2   1.044 -99.0   0.0
   3 1981 108 25340.   7.5  24.0   1.006 -99.0   0.0
   3 1981 109 21130.   6.2  27.0   0.882 -99.0   0.0
   3 1981 110 20380.  12.0  27.8   1.179 -99.0   0.0
   3 1981 111 20000.   9.5  29.0   1.093 -99.0   0.0
   3 1981 112 10080.  14.5  24.0   1.388 -99.0   0.0
   3 1981 113 24980.  12.0  30.0   1.347 -99.0   0.0
   3 1981 114 24980.  12.0  32.0   1.235 -99.0   0.0
   3 1981 115 11090.  13.5  28.8   1.471 -99.0   0.0
   3 1981 116 15300.  14.0  27.0   1.504 -99.0   0.0
   3 1981 117 25670.  10.5  26.5   1.232 -99.0   0.0
   3 1981 118 23510.  14.0  24.0   1.504 -99.0   0.0
   3 1981 119 29800.  10.0  24.0   1.191 -99.0   2.0
   3 1981 120 28620.   7.0  21.0   0.952 -99.0   6.0
   3 1981 121 31860.   3.0  21.5   0.682 -99.0   0.0
   3 1981 122 28800.   4.0  24.0   0.781 -99.0   0.0
   3 1981 123 14760.  12.5  22.0   1.305 -99.0   2.0
   3 1981 124 19480.  15.0  23.5   1.638 -99.0  33.0
   3 1981 125 22750.  12.5  21.0   1.392 -99.0   0.0
   3 1981 126 18400.  10.0  26.0   1.155 -99.0   0.0
   3 1981 127 21820.   9.5  22.0   1.116 -99.0   0.0
   3 1981 128 28940.   8.0  23.0   1.009 -99.0   0.0
   3 1981 129 28220.   8.2  23.0   1.033 -99.0   0.0
   3 1981 130 26460.   9.0  24.2   1.102 -99.0   0.0
   3 1981 131 29660.   8.0  25.5   1.019 -99.0   0.0
   3 1981 132 20880.   9.5  26.0   1.140 -99.0   0.0
   3 1981 133 25960.  10.5  31.5   1.099 -99.0   0.0
   3 1981 134 26170.  11.0  24.5   1.234 -99.0   0.0
   3 1981 135 18500.  11.0  23.0   1.261 -99.0   0.0
   3 1981 136 28400.   6.5  23.5   0.934 -99.0   0.0
   3 1981 137 28370.   5.2  26.2   0.770 -99.0   0.0
   3 1981 138 30820.  12.0  30.2   0.926 -99.0   0.0
   3 1981 139 22250.  12.0  30.2   1.263 -99.0   0.0
   3 1981 140 31250.  10.8  30.2   1.231 -99.0   0.0
   3 1981 141 16810.  12.0  26.0   1.298 -99.0   0.0
   3 1981 142 17320.  11.0  24.0   1.248 -99.0   0.0
   3 1981 143 25960.  10.5  27.2   1.232 -99.0   0.0
   3 1981 144 29340.  10.8  27.8   1.225 -99.0   0.0
   3 1981 145 28300.  10.0  30.2   1.069 -99.0   0.0
   3 1981 146 25380.  12.5  29.0   1.334 -99.0   0.0
   3 1981 147 28870.  14.0  29.0   1.520 -99.0   0.0
   3 1981 148 30960.  10.5  31.2   1.143 -99.0   0.0
   3 1981 149 29200.  11.5  34.0   0.910 -99.0   0.0
   3 1981 150 31030.  12.0  36.8   0.912 -99.0   0.0
   3 1981 151 28370.  14.0  38.0   1.064 -99.0   0.0
   3 1981 152 30670.  15.5  39.5   1.251 -99.0   0.0
   3 1981 153 27790.  15.2  34.0   1.487 -99.0   0.0
   3 1981 154 29200.  17.0  28.8   1.765 -99.0   0.0
   3 1981 155 30640.  15.0  30.0   1.604 -99.0   0.0
   3 1981 156 28440.  12.5  30.5   1.146 -99.0   0.0
   3 1981 157 28440.  12.5  31.2   1.088 -99.0   0.0
   3 1981 158 21740.  15.2  32.0   1.348 -99.0   0.0
   3 1981 159 30460.  14.5  35.0   1.421 -99.0   0.0
   3 1981 160 27140.  16.0  37.5   1.419 -99.0   0.0
   3 1981 161 30710.  16.0  39.5   1.274 -99.0   0.0
   3 1981 162 14870.  20.0  36.0   1.990 -99.0   0.0
   3 1981 163 25740.  17.0  34.5   1.610 -99.0   0.0
   3 1981 164 29410.  15.5  34.0   1.621 -99.0   0.0
   3 1981 165 30600.  17.0  31.0   1.774 -99.0   0.0
   3 1981 166 26680.  17.0  29.2   1.900 -99.0  18.0
   3 1981 167 13280.  15.0  23.0   1.638 -99.0   0.0
   3 1981 168 27470.  12.0  23.0   1.305 -99.0   0.0
   3 1981 169 32440.  14.0  31.5   1.520 -99.0   0.0
   3 1981 170 32440.  15.5  35.5   1.692 -99.0   0.0
   3 1981 171 27610.  17.5  38.0   1.882 -99.0   0.0
   3 1981 172 27610.  19.8  36.0   2.104 -99.0   0.0
   3 1981 173 30820.  18.8  31.5   2.042 -99.0   0.0
   3 1981 174 29410.  20.5  29.3   2.076 -99.0   0.0
   3 1981 175 29840.  21.0  32.0   2.116 -99.0   0.0
   3 1981 176 32220.  20.2  37.0   2.109 -99.0   0.0
   3 1981 177 32220.  17.8  39.0   1.979 -99.0   0.0
   3 1981 178 24770.  19.0  39.0   1.914 -99.0   0.0
   3 1981 179 30780.  17.0  39.0   1.416 -99.0   0.0
   3 1981 180 31790.  18.0  38.5   1.281 -99.0   0.0
   3 1981 181 27680.  19.0  38.5   1.628 -99.0   0.0
   3 1981 182 29660.  17.5  40.0   1.461 -99.0   0.0
   3 1981 183 29230.  19.5  37.2   1.883 -99.0   0.0
   3 1981 184 29230.  19.8  36.0   2.081 -99.0   0.0
   3 1981 185 28150.  20.0  36.0   2.224 -99.0   0.0
   3 1981 186 29450.  20.5  37.0   1.907 -99.0   0.0
   3 1981 187 29480.  20.2  36.0   2.086 -99.0   0.0
   3 1981 188 30850.  21.0  33.0   2.328 -99.0   0.0
   3 1981 189 26860.  21.0  32.0   2.266 -99.0   0.0
   3 1981 190 31140.  19.0  30.5   1.892 -99.0   0.0
   3 1981 191 29160.  22.0  31.5   2.330 -99.0   0.0
   3 1981 192 29160.  21.2  32.0   2.143 -99.0   0.0
   3 1981 193 29520.  20.0  35.0   2.130 -99.0   0.0
   3 1981 194 29520.  19.2  37.0   2.049 -99.0   0.0
   3 1981 195 29770.  20.0  37.0   2.154 -99.0   0.0
   3 1981 196 32870.  18.0  38.0   1.694 -99.0   0.0
   3 1981 197 28900.  20.5  33.0   2.149 -99.0   0.0
   3 1981 198 29810.  23.0  36.0   2.588 -99.0   0.0
   3 1981 199 29740.  17.0  37.0   1.862 -99.0   0.0
   3 1981 200 29950.  20.5  36.5   2.269 -99.0   0.0
   3 1981 201 29660.  21.0  35.5   2.166 -99.0   0.0
   3 1981 202 26640.  20.0  35.0   2.060 -99.0   0.0
   3 1981 203 28870.  19.0  33.0   2.090 -99.0   0.0
   3 1981 204 26680.  23.2  34.5   2.705 -99.0   0.0
   3 1981 205 27940.  23.0  39.0   2.701 -99.0   0.0
   3 1981 206 28190.  23.5  41.5   2.784 -99.0   0.0
   3 1981 207 27320.  21.0  39.0   2.415 -99.0   0.0
   3 1981 208 27430.  23.0  40.5   2.532 -99.0   0.0
   3 1981 209 27470.  22.0  39.0   2.488 -99.0   0.0
   3 1981 210 28330.  19.0  38.0   1.804 -99.0   0.0
   3 1981 211 27680.  22.0  37.0   2.541 -99.0   0.0
   3 1981 212 26530.  22.0  36.0   2.515 -99.0   0.0
   3 1981 213 28260.  21.0  38.0   2.390 -99.0   0.0
   3 1981 214 27500.  22.5  35.0   2.538 -99.0   0.0
   3 1981 215 28550.  23.0  36.5   2.644 -99.0   0.0
   3 1981 216 27430.  23.0  38.5   2.616 -99.0   0.0
   3 1981 217 28400.  24.0  37.0   2.391 -99.0   0.0
   3 1981 218 30560.  21.0  36.0   2.017 -99.0   0.0
   3 1981 219 26460.  18.0  37.0   1.467 -99.0   0.0
   3 1981 220 28150.  18.0  37.0   1.673 -99.0   0.0
   3 1981 221 28400.  20.0  35.5   2.036 -99.0   0.0
   3 1981 222 27290.  22.5  35.0   2.402 -99.0   0.0
   3 1981 223 27860.  22.5  34.5   2.347 -99.0   0.0
   3 1981 224 27860.  23.0  37.0   2.504 -99.0   0.0
   3 1981 225 29020.  22.2  35.0   2.546 -99.0   0.0
   3 1981 226 21020.  21.5  36.5   2.568 -99.0   0.0
   3 1981 227 26530.  21.0  38.0   2.490 -99.0   0.0
   3 1981 228 25630.  20.2  35.5   2.180 -99.0   0.0
   3 1981 229 25700.  23.0  35.0   2.560 -99.0   0.0
   3 1981 230 26420.  22.2  34.0   2.573 -99.0   0.0
   3 1981 231 27180.  20.0  38.0   2.177 -99.0   0.0
   3 1981 232 23470.  24.0  34.0   2.749 -99.0   0.0
   3 1981 233 25700.  24.0  34.0   2.779 -99.0   0.0
   3 1981 234 25380.  22.5  33.0   2.538 -99.0   0.0
   3 1981 235 25490.  24.0  34.5   2.689 -99.0   0.0
   3 1981 236 25850.  22.0  35.0   2.541 -99.0   0.0
   3 1981 237 25990.  21.5  36.0   2.490 -99.0   0.0
   3 1981 238 25600.  20.0  37.0   2.317 -99.0   0.0
   3 1981 239 24410.  22.2  35.0   2.546 -99.0   0.0
   3 1981 240 23580.  22.8  32.0   2.307 -99.0   0.0
   3 1981 241 18940.  20.0  31.0   2.083 -99.0   0.0
   3 1981 242 29980.  18.0  33.5   1.859 -99.0   0.0
   3 1981 243 23800.  18.0  36.0   2.045 -99.0   0.0
   3 1981 244 24590.  18.5  38.5   1.791   1.7   0.0
   3 1981 245 24260.  18.0  39.0   1.446   1.7   0.0
   3 1981 246 24170.  18.2  36.5   1.736   1.7   0.0
   3 1981 247 24170.  20.0  37.2   2.107   1.7   0.0
   3 1981 248 28840.  19.0  36.0   2.200   1.7   0.0
   3 1981 249 19760.  16.0  38.0   1.528   1.7   0.0
   3 1981 250 23400.  17.0  41.2   1.474   1.7   0.0
   3 1981 251 21560.  18.0  41.2   1.549   1.7   0.0
   3 1981 252 22140.  20.0  35.0   2.271   1.7   0.0
   3 1981 253 22140.  21.5  32.0   2.439   1.7   0.0
   3 1981 254 22430.  19.0  30.5   2.046   1.7   0.0
   3 1981 255 22390.  17.2  32.0   1.964   1.7   0.0
   3 1981 256 22860.  18.0  32.0   1.963   1.7   0.0
   3 1981 257 23540.  18.0  32.2   1.983   1.7   0.0
   3 1981 258 23110.  14.0  33.0   1.312   1.7   0.0
   3 1981 259 21700.  15.0  30.0   1.416   1.7   0.0
   3 1981 260 21900.  16.0  29.0   1.492   1.7   0.0
   3 1981 261 22800.  14.8  28.8   1.407   1.7   0.0
   3 1981 262 21200.  13.0  30.2   1.319   1.7   0.0
   3 1981 263 22600.  12.0  32.0   1.221   1.7   0.0
   3 1981 264 21800.  13.0  31.0   1.274   1.7   0.0
   3 1981 265 21900.  13.5  32.9   1.316   1.7   0.0
   3 1981 266 22720.  13.0  35.0   0.944   1.7   0.0
   3 1981 267 21280.  11.5  35.0   0.550   1.7   0.0
   3 1981 268 19480.  14.5  35.8   0.562   1.7   0.0
   3 1981 269 14330.  20.0  36.5   0.609   1.7   0.0
   3 1981 270 15410.  23.5  36.5   1.566   1.7   0.0
   3 1981 271 17710.  18.0  33.0   1.694   1.7   0.0
   3 1981 272 18900.  18.5  30.5   1.748   1.7   0.0
   3 1981 273 19260.  17.5  31.0   1.802   3.1   0.0
   3 1981 274 20270.  15.0  32.8   1.570   2.4   0.0
   3 1981 275 20450.  13.5  31.2   1.301   2.4   0.0
   3 1981 276 22570.  12.5  31.0   1.247   2.3   0.0
   3 1981 277 17100.  12.5  29.2   1.262   3.4   0.0
   3 1981 278 18790.  17.0  29.0   1.648   4.1   0.0
   3 1981 279 17170.  16.0  30.0   1.565   2.8   0.0
   3 1981 280 18070.  13.0  31.0   1.229   1.8   0.0
   3 1981 281 20480.  13.2  31.0   1.306   1.8   0.0
   3 1981 282 17420.  13.0  31.2   1.229   1.8   0.0
   3 1981 283 16700.  12.0  31.0   0.996   2.0   0.0
   3 1981 284 15950.  12.2  30.0   0.853   2.7   0.0
   3 1981 285 16560.  12.5  28.0   0.856   2.0   0.0
   3 1981 286 14330.  12.5  25.5   0.943   1.8   0.0
   3 1981 287  8390.  13.0  25.5   1.259   1.4   0.0
   3 1981 288 13640.  12.0  21.5   1.305   1.8   7.0
   3 1981 289 14180.  10.8  24.5   1.140   1.2   0.0
   3 1981 290 17710.   8.2  27.0   0.941   1.5   0.0
   3 1981 291 17280.   9.0  26.8   0.861   1.6   0.0
   3 1981 292 17280.   5.5  26.2   0.560   1.5   0.0
   3 1981 293 15620.   7.0  27.0   0.626   1.4   0.0
   3 1981 294 15910.   7.5  27.0   0.674   1.4   0.0
   3 1981 295 16060.   8.9  28.0   0.667   1.6   0.0
   3 1981 296 14830.   9.2  28.8   0.605   1.4   0.0
   3 1981 297 14540.   9.5  28.2   0.879   2.0   0.0
   3 1981 298 13930.  11.2  27.2   0.945   1.6   0.0
   3 1981 299 14940.  10.5  28.0   0.927   1.5   0.0
   3 1981 300 14870.   8.5  29.0   0.733   1.4   0.0
   3 1981 301 14760.   9.0  32.0   0.632   1.5   0.0
   3 1981 302 13820.  10.8  31.2   0.596   2.0   0.0
   3 1981 303  8930.  11.8  26.0   0.595   2.1   0.0
   3 1981 304  9140.  10.0  23.0   0.897   2.4   0.0
   3 1981 305 10150.   9.8  22.0   0.970   1.4   0.0
   3 1981 306 14220.   7.0  25.0   0.872   1.4   0.0
   3 1981 307 13750.   5.5  23.2   0.560   2.1   1.0
   3 1981 308 14800.   2.0  15.0   0.586   2.3   3.0
   3 1981 309 14940.   0.0  15.0   0.498   1.5   0.0
   3 1981 310 14000.  -2.8  15.0   0.348   1.9   0.0
   3 1981 311 14200.  -0.8  18.0   0.357   2.4   0.0
   3 1981 312 12700.   4.0  20.0   0.382   2.6   0.0
   3 1981 313 12700.   9.0  22.0   0.919   2.6   5.0
   3 1981 314  7700.  11.0  19.0   1.129   3.0   2.0
   3 1981 315 11020.  11.0  20.0   1.116   3.9  25.0
   3 1981 316  5440.   4.0  15.5   0.675   3.9   7.0
   3 1981 317 14360.   1.0  13.2   0.519   1.9   0.0
   3 1981 318 10580.   0.5  13.2   0.526   3.5   0.0
   3 1981 319  8320.   8.0  14.5   0.590   3.5   0.0
   3 1981 320 12050.   5.5  17.5   0.750   2.2   6.0
   3 1981 321  4610.   8.5  13.2   0.932   1.6   7.0
   3 1981 322  6440.   6.8  14.0   0.830   1.7   4.0
   3 1981 323  6620.   5.2  12.8   0.752   1.6   0.0
   3 1981 324  1910.   3.5   8.0   0.667   1.9   4.3
   3 1981 325  9540.   1.0  13.0   0.538   1.6   0.0
   3 1981 326 10330.  -0.5   8.9   0.483   1.5   0.0
   3 1981 327 11590.   0.8  15.8   0.537   1.4   0.0
   3 1981 328 11450.   2.2  17.0   0.608   1.4   0.0
   3 1981 329 11590.   1.0  22.5   0.565   2.0   0.0
   3 1981 330 11840.   3.8  18.0   0.706   2.4   0.0
   3 1981 331  6440.   5.5  16.0   0.750   4.1   0.0
   3 1981 332  4970.   8.5  13.0   0.944   2.9   0.0
   3 1981 333  6840.   8.0  15.2   0.987   2.7   0.0
   3 1981 334  4820.   7.2  14.0   0.935   2.4   0.0
   3 1981 335 10980.  10.0  18.5   1.032   2.4   3.0
   3 1981 336  5400.   8.0  12.0   1.019   1.3   1.0
   3 1981 337  4000.   5.0  12.0   0.837   1.3   0.3
   3 1981 338  5300.   4.0  11.9   0.781   1.1   0.0
   3 1981 339  4860.   4.0  13.0   0.781   4.1   6.0
   3 1981 340  7090.   6.5  14.0   0.920   1.2   5.3
   3 1981 341  7670.   8.0  16.0   1.019   1.5   5.0
   3 1981 342  7630.   7.8  16.5   0.995   1.7   0.0
   3 1981 343 10480.   6.2  15.0   0.901   2.4   0.0
   3 1981 344  5400.   4.5  16.0   0.809   2.9   0.0
   3 1981 345 12560.   4.5  16.5   0.809   1.6   0.0
   3 1981 346  9180.   8.0  17.0   0.933   2.9   0.0
   3 1981 347  8460.   3.5  15.5   0.746   1.3   0.4
   3 1981 348  4390.   6.2  14.0   0.910   1.1   2.0
   3 1981 349  3600.   7.5  14.0   0.985   2.0   0.0
   3 1981 350  7560.   8.5  15.0   0.999   1.9  11.0
   3 1981 351  3530.   6.0  13.5   0.879   4.0  15.0
   3 1981 352  5330.   5.5  17.2   0.849   2.4   0.3
   3 1981 353  8280.   3.0  13.5   0.621   2.5   0.0
   3 1981 354  8060.   3.8  13.0   0.738   3.5   0.0
   3 1981 355  6660.   5.0  13.0   0.829   3.1   5.2
   3 1981 356  9360.   3.0  13.8   0.720   2.7   0.0
   3 1981 357  4860.   7.5  14.0   0.871   3.5   0.0
   3 1981 358  4540.   7.5   9.0   0.985   3.8  15.0
   3 1981 359  6260.   5.2  12.0   0.832   1.1   0.0
   3 1981 360  7130.   7.8  15.0   0.995   1.6   2.4
   3 1981 361  2660.   9.5  12.5   1.128   3.0  23.0
   3 1981 362  4460.   3.8  12.0   0.762   1.7   1.2
   3 1981 363  1370.   2.8   8.0   0.710   1.9   7.2
   3 1981 364  8350.   7.0  15.0   0.952   1.7   1.3
   3 1981 365  8280.   7.0  16.5   0.952   1.4   0.4
