*---------------------------------------------------------------------------*
* Station name: Tel Hadya, Syria
* Year: 1986
* Author: Peter Uithol                                     -99.000: NIL VALUE
* Source: ICARDA SPS file
*         Incomplete year
* Comments: Vapour pressure measured as maximum relative humudity (%)
* Longitude: 36 56 E, latitude: 36 01 N, altitude: 284. m
*
* Column  Daily value
* 1       station number
* 2       year
* 3       day
* 4       irradiation                   (kJ m-2 d-1)
* 5       minimum temperature           (degrees Celsius)
* 6       maximum temperature           (degrees Celsius)
* 7       early morning vapour pressure (kPa)
* 8       mean wind speed (height: 2 m) (m s-1)
* 9       precipitation                 (mm d-1)
*---------------------------------------------------------------------------*
  36.93  36.02   284. 0.00 0.00
   6 1986   1  3670.   1.2   9.0   0.666   1.6   0.0
   6 1986   2  3740.   5.4  10.0   0.879   3.5  18.0
   6 1986   3  5650.   4.7  12.2   0.854   1.1   1.0
   6 1986   4 10470.   0.7  10.8   0.643   1.1   0.0
   6 1986   5  7090.   2.5  11.7   0.724   1.3   0.0
   6 1986   6  7300.   4.2  12.0   0.800   1.6   0.0
   6 1986   7  6550.   6.5  12.9   0.968   2.1   0.0
   6 1986   8  4140.   7.6  10.8   1.034   1.5   4.2
   6 1986   9  9100.   4.5  15.0   0.842   2.0   0.0
   6 1986  10  8810.   4.8  13.4   0.860   3.6   1.4
   6 1986  11  3810.   7.1  11.2   1.009   1.1  20.3
   6 1986  12  7950.   7.5  13.6   1.037   1.2   0.8
   6 1986  13  3490.   6.4  12.7   0.961   2.2   5.4
   6 1986  14  7340.   8.7  15.3   1.091   1.5   0.0
   6 1986  15 10040.   6.1  15.0   0.923   1.8   0.2
   6 1986  16  4390.   6.0  14.0   0.898   2.7   0.6
   6 1986  17  6690.   8.7  15.6   1.091   2.4   1.6
   6 1986  18  3530.   8.2  12.8   1.055   4.1   7.6
   6 1986  19 11650.   1.0   8.6   0.637   4.8   0.4
   6 1986  20 12730.  -1.9  10.6   0.409   2.0   0.0
   6 1986  21  3420.  -0.8   7.4   0.553   2.6   9.2
   6 1986  22 12810.   2.7  10.6   0.742   1.9   0.0
   6 1986  23 14240.  -3.7   8.7   0.413   1.8   0.0
   6 1986  24 11760.  -4.0   8.7   0.436   2.7   0.0
   6 1986  25 12590.  -2.0  10.4   0.496   3.2   0.0
   6 1986  26 12300.  -1.0  12.4   0.534   1.0   0.0
   6 1986  27 10790.  -0.6  13.2   0.567   2.4   0.0
   6 1986  28  9640.   0.1  12.8   0.566   2.8   0.0
   6 1986  29  9240.   2.6  14.0   0.648   2.7   0.8
   6 1986  30 12660.   2.5  15.7   0.731   1.1   0.4
   6 1986  31  9600.   3.5  14.7   0.785   1.7   0.0
   6 1986  32 13780.   0.0  16.6   0.611   2.4   0.1
   6 1986  33 10640.   1.1  16.5   0.655   1.5   1.4
   6 1986  34 10470.   6.5  12.8   0.929   3.5   1.2
   6 1986  35 10070.   3.1  14.6   0.763   2.5   3.0
   6 1986  36  1910.   4.8   9.2   0.834   4.0  21.2
   6 1986  37 12340.   5.0  15.0   0.820   3.6   0.0
   6 1986  38  9600.   2.0  14.4   0.699   1.6   0.0
   6 1986  39  8670.   4.6  13.0   0.806   3.9   6.2
   6 1986  40  8020.   8.2  14.0   1.066   2.4   0.6
   6 1986  41  7410.   4.3  16.4   0.806   2.9  30.8
   6 1986  42  7590.   7.1  14.3   1.009   2.0   5.4
   6 1986  43 13990.   3.5  14.5   0.785   2.0   0.0
   6 1986  44 12590.   3.7  13.9   0.796   5.0   3.5
   6 1986  45  6120.   7.2  11.6   0.996   1.8   1.2
   6 1986  46 14780.   3.5  14.7   0.785   3.6   0.0
   6 1986  47 14100.   1.4  15.8   0.676   2.0   0.0
   6 1986  48  7190.   5.8  12.8   0.922   3.6   0.0
   6 1986  49 12190.   2.9  14.0   0.752   0.7   0.0
   6 1986  50 14140.   1.5  16.9   0.660   1.4   0.0
   6 1986  51 16720.   3.5  17.8   0.738   2.3   0.0
   6 1986  52 16830.   4.2  18.0   0.759   1.9   0.0
   6 1986  53 14710.   4.7  17.8   0.803   1.9   0.0
   6 1986  54 15820.   3.4  18.0   0.756   2.4   0.0
   6 1986  55 14170.   9.3  18.5   1.090   2.2   1.2
   6 1986  56 12120.   5.0  18.3   0.837   1.6   0.0
   6 1986  57 18120.   2.8  19.9   0.717   1.4   0.0
   6 1986  58 17840.   4.5  20.5   0.800   1.2   0.0
   6 1986  59 12630.   3.2  18.7   0.745   3.3   0.0
   6 1986  60 17990.   3.5  16.2   0.699   2.4   0.0
   6 1986  61 16650.  -1.1  12.8   0.332   1.4   0.0
   6 1986  62 13170.  -0.8  14.4   0.432   2.3   0.0
   6 1986  63 14060.   3.4  17.5   0.546   2.8   0.0
   6 1986  64  9170.   5.2  16.2   0.840   1.0   0.0
   6 1986  65 15000.   4.2  16.6   0.784   1.9   0.0
   6 1986  66 18060.   2.6  20.2   0.714   1.0   0.0
   6 1986  67 19240.   3.4  21.6   0.741   1.5   0.0
   6 1986  68 15110.   6.7  21.0   0.932   2.7   1.5
   6 1986  69 13380.   6.8  20.6   0.988   2.6   4.8
   6 1986  70 18990.   8.1  21.5   1.059   3.1   0.0
   6 1986  71 20290.   6.1  21.8   0.923   1.7   0.0
   6 1986  72 21080.   5.3  21.8   0.891   2.0   0.0
   6 1986  73 10860.   8.0  17.0   0.901   3.2   0.0
   6 1986  74 18060.   3.1  19.2   0.496   1.9   0.0
   6 1986  75 21150.   2.5  18.5   0.724   1.4   0.0
   6 1986  76 16870.   3.0  20.5   0.682   2.5   0.2
   6 1986  77 16980.   8.1  18.4   1.026   1.5   1.2
   6 1986  78 15900.   2.4  19.1   0.726   3.1   1.6
   6 1986  79 21220.   3.8  19.7   0.746   3.7   0.0
   6 1986  80 20500.   5.2  16.8   0.823   1.1   0.0
   6 1986  81 10290.   2.8  16.2   0.583   2.3   6.0
   6 1986  82 12080.   6.4  16.5   0.942   2.7   0.0
   6 1986  83 17010.   7.1  19.2   0.943   2.3   3.0
   6 1986  84 22190.   5.8  20.2   0.913   3.6   0.0
   6 1986  85 23130.   6.4  22.3   0.933   1.9   0.0
   6 1986  86 21870.   1.0  23.4   0.657   1.1   0.0
   6 1986  87 20830.   3.8  26.0   0.746   1.2   0.0
   6 1986  88 21290.   5.3  28.4   0.820   2.9   0.0
   6 1986  89  3880.  13.0  13.6   1.424   2.7   7.2
   6 1986  90 21940.   9.6  21.2   1.172   4.0   0.0
   6 1986  91 20040.   6.8  22.0   0.969   1.5  12.0
   6 1986  92  8090.  11.4  17.5   1.268   2.3   1.0
   6 1986  93 23000.  10.9  22.7   1.200   2.9   0.0
   6 1986  94 22770.   8.5  24.2   1.043   1.6   0.0
   6 1986  95 23310.   7.9  23.8   1.066   1.5   0.0
   6 1986  96 21360.   9.3  25.2   1.172   3.4   0.0
   6 1986  97 21870.  13.6  25.6   1.558   3.5   7.6
   6 1986  98 21430.  13.1  25.9   1.508   2.3   0.0
   6 1986  99 21120.  10.3  22.8   1.253   2.0   0.0
   6 1986 100 23840.   6.2  24.7   0.948   2.9   0.0
   6 1986 101 23960.   5.0  25.0   0.872   3.3   0.0
   6 1986 102 24530.   7.7  25.5   1.051   1.9   0.0
   6 1986 103 18380.   9.1  26.5   1.006   1.3   0.0
   6 1986 104  9750.   9.0  22.4   1.114   1.3   2.0
   6 1986 105 24530.  11.8  24.3   1.302   3.4   0.0
   6 1986 106 23450.   8.4  22.4   1.014   3.7   0.0
   6 1986 107 21430.   5.8  24.5   0.876   1.3   0.0
   6 1986 108 25860.   6.4  27.1   0.827   1.5   0.0
   6 1986 109 25610.   6.9  28.6   0.846   1.2   0.0
   6 1986 110 16510.   6.8  27.2   0.860   1.1   0.0
   6 1986 111 15220.  14.7  28.0   1.239   1.9   0.0
   6 1986 112 24140.   7.4  24.4   0.978   3.9   0.0
   6 1986 113 28060.   7.4  24.7   0.875   2.7   0.0
   6 1986 114 27090.   1.6  25.0   0.596   1.6   0.0
   6 1986 115 26800.   2.7  27.2   0.549   1.4   0.0
   6 1986 116 25900.   7.8  31.0   0.773   2.2   0.0
   6 1986 117 26800.  12.4  30.7   1.008   1.9   0.0
   6 1986 118 26620.   8.7  31.2   0.709   2.9   0.0
   6 1986 119 25540.   7.7  31.0   0.662   1.6   0.0
   6 1986 120 22410.  14.4  29.8   0.886   5.2   0.0
   6 1986 121 25470.  13.9  26.7   1.208   3.3   0.0
   6 1986 122 24530.  10.4  27.6   1.161   3.1   0.0
   6 1986 123 21690.  10.0  24.2   1.007   4.5   0.0
   6 1986 124 25180.  12.0  25.8   1.207   5.1   0.0
   6 1986 125 27270.  12.3  25.8   1.174   4.2   0.0
   6 1986 126 25830.   5.8  27.8   0.839   1.8   0.0
   6 1986 127 23990.  10.4  29.6   0.946   1.8   0.5
   6 1986 128 24780.  14.5  28.6   1.371   3.6   0.0
   6 1986 129 27630.  11.3  26.0   1.219   4.3   0.0
   6 1986 130 19780.   9.3  21.9   1.019   3.3   2.8
   6 1986 131 23050.   5.3  24.5   0.864   2.3   0.0
   6 1986 132 16940.   6.8  22.7   0.870   2.7   4.0
   6 1986 133 11360.   8.2  17.7   1.001   1.6   6.7
   6 1986 134  9820.   9.1  17.8   1.052   1.3   5.6
   6 1986 135 23710.   6.3  21.0   0.907   3.1   0.0
   6 1986 136 21690.   6.8  22.2   0.949   3.1   0.0
   6 1986 137 23960.   6.7  24.1   0.952   2.2   0.0
   6 1986 138 22840.   6.0  28.4   0.888   2.6   0.0
   6 1986 139 18450.  17.1  32.2   0.976   5.6   0.0
   6 1986 140 27510.  20.6  33.0   1.069   4.8   0.0
   6 1986 141 27440.  11.4  27.8   0.984   5.5   0.0
   6 1986 142 18170.  10.8  24.6   1.037   4.8   0.6
   6 1986 143 21540.  11.7  23.9   1.169   2.0   8.2
   6 1986 144 26870.   9.3  26.3   1.172   2.1   0.0
   6 1986 145 27300.  10.9  29.4   1.304   2.4   0.0
   6 1986 146 28960.   9.1  31.5   1.029   2.0   0.0
   6 1986 147 28380.  13.3  32.5   1.177   1.9   0.0
   6 1986 148 26830.  12.7  34.6   1.043   2.7   0.0
   6 1986 149 27340.  18.2  29.9   1.548   6.0   0.0
   6 1986 150 28630.  15.6  28.2   1.614   6.7   0.0
   6 1986 151 27090.  16.5  30.3   1.559   3.6   0.0
   6 1986 152 28050.  12.7  33.7   1.308   1.5   0.0
   6 1986 153 28630.  14.3  37.1   1.142   2.0   0.0
   6 1986 154 26260.  18.1  39.7   0.977   3.2   0.0
   6 1986 155 26830.  19.5  34.7   1.362   7.0   0.0
   6 1986 156 29060.  18.2  30.5   1.569   7.6   0.0
   6 1986 157 29640.  18.1  32.7   1.622   5.5   0.0
   6 1986 158 27990.  18.1  36.3   1.102   3.5   0.0
   6 1986 159 26400.  18.0  37.5   1.033   4.4   0.0
   6 1986 160 22410.  20.3  35.5   1.288   4.5   0.0
   6 1986 161 24920.  16.1  33.9   1.373   4.3   0.0
   6 1986 162 16080.  14.6  28.9   1.214   3.8   0.5
   6 1986 163 22840.  16.0  28.2   1.528   4.3   0.0
   6 1986 164 28850.  15.4  30.6   1.436   6.6   0.0
   6 1986 165 27370.  18.8  32.0   1.586   5.7   0.0
   6 1986 166 28600.  19.0  32.2   1.672   6.9   0.0
   6 1986 167 27370.  19.8  32.0   1.942   7.7   0.0
   6 1986 168 26620.  19.4  31.9   1.962   5.9   0.0
   6 1986 169 28450.  19.4  32.6   1.894   5.9   0.0
   6 1986 170 29570.  19.5  33.1   1.838   4.5   0.0
   6 1986 171 29680.  15.0  33.2   1.246   2.9   0.0
   6 1986 172 30180.  13.4  33.7   0.908   2.5   0.0
   6 1986 173 29820.  13.2  35.2   0.835   2.8   0.0
   6 1986 174 29240.  15.2  35.7   1.124   6.0   0.0
   6 1986 175 28880.  19.4  33.8   1.962   6.4   0.0
   6 1986 176 28990.  19.5  36.7   1.747   5.4   0.0
   6 1986 177 29140.  20.7  35.1   1.491   6.0   0.0
   6 1986 178 28670.  21.8  33.5   2.092   5.6   0.0
   6 1986 179 27270.  19.0  30.9   1.408   7.2   0.0
   6 1986 180 29350.  17.6  30.6   1.632   7.1   0.0
   6 1986 181 29170.  18.7  32.3   1.813   6.0   0.0
   6 1986 182 29780.  18.7  34.2   1.856   6.0   0.0
   6 1986 183 30180.  17.3  36.5   1.186   6.9   0.0
   6 1986 184 29210.  20.9  37.1   1.361   6.9   0.0
   6 1986 185 30290.  19.9  35.8   1.815   8.3   0.0
   6 1986 186 28710.  20.4  33.9   1.992   8.6   0.0
   6 1986 187 29100.  20.8  34.9   2.017   7.7   0.0
   6 1986 188 28960.  20.1  33.6   1.931   7.7   0.0
   6 1986 189 29140.  20.6  32.8   1.968   8.2   0.0
   6 1986 190 28780.  20.2  34.0   1.920   6.6   0.0
   6 1986 191 28850.  21.0  36.2   1.743   6.3   0.0
   6 1986 192 28600.  20.8  37.0   2.041   5.9   0.0
   6 1986 193 27910.  21.3  37.1   2.105   8.4   0.0
   6 1986 194 28020.  22.1  34.4   2.131   9.2   0.0
   6 1986 195 27700.  21.2  35.4   1.941   6.3   0.0
   6 1986 196 27910.  21.0  38.7   1.942   3.7   0.0
   6 1986 197 27990.  20.0  41.0   1.756   3.7   0.0
   6 1986 198 28240.  20.6  41.5   1.603   3.1   0.0
   6 1986 199 27120.  19.9  40.4   1.419   5.5   0.0
   6 1986 200 28530.  22.2  38.4   1.554   8.3   0.0
   6 1986 201 28420.  20.6  36.2   1.773   6.3   0.0
   6 1986 202 27810.  21.5  40.6   2.208   2.8   0.0
   6 1986 203 27990.  21.2  41.6   2.067   5.6   0.0
   6 1986 204 27990.  23.4  37.8   2.306   5.6   0.0
   6 1986 205 26510.  23.7  35.1   2.348   8.0   0.0
   6 1986 206 27730.  22.2  35.6   2.197   6.4   0.0
   6 1986 207 27300.  22.1  38.6   2.077   4.5   0.0
   6 1986 208 26550.  22.5  40.3   1.747   4.1   0.0
   6 1986 209 27810.  21.8  39.0   1.255   6.1   0.0
   6 1986 210 26940.  22.6  36.8   1.922   5.2   0.0
   6 1986 211 26040.  21.2  36.0   1.941   3.3   0.0
   6 1986 212 26940.  18.2  37.9   1.736   2.8   0.0
   6 1986 213 27480.  19.0  37.6   1.628   5.1   0.0
   6 1986 214 27300.  21.4  38.7   1.659   4.5   0.0
   6 1986 215 28050.  20.8  38.1   1.476   5.7   0.0
   6 1986 216 27270.  24.2  39.7   1.361   7.2   0.0
   6 1986 217 25790.  24.2  39.0   1.966   7.3   0.0
   6 1986 218 26190.  23.5  36.4   2.204   6.5   0.0
   6 1986 219 25760.  22.7  33.8   1.989  10.1   0.0
   6 1986 220 25830.  22.1  34.6   1.971   7.6   0.0
   6 1986 221 25610.  21.6  34.3   1.963   7.4   0.0
   6 1986 222 25610.  22.2  33.6   2.090   7.1   0.0
   6 1986 223 25250.  22.6  36.0   2.032   6.5   0.0
   6 1986 224 25000.  23.4  35.4   2.162   5.6   0.0
   6 1986 225 25000.  22.5  35.8   1.938   5.2   0.0
   6 1986 226 24710.  21.1  37.3   1.403   6.5   0.0
   6 1986 227 25540.  22.8  38.6   2.112   5.1   0.0
   6 1986 228 25640.  20.2  38.6   1.398   3.5   0.0
   6 1986 229 24930.  17.7  40.0   0.912   4.3   0.0
   6 1986 230 25500.  22.8  37.0   1.251   5.8   0.0
   6 1986 231 25110.  21.1  36.1   1.691   3.1   0.0
   6 1986 232 25290.  18.4  39.1   1.335   2.6   0.0
   6 1986 233 24680.  18.8  39.6   1.716   5.3   0.0
   6 1986 234 24890.  22.7  39.2   2.017   6.1   0.0
   6 1986 235 23810.  21.9  40.2   2.026   2.8   0.0
   6 1986 236 24460.  19.2  40.0   1.626   2.3   0.0
   6 1986 237 22270.  19.1  41.6   1.571   3.1   0.0
   6 1986 238 22340.  21.6  38.6   1.886   3.8   0.0
   6 1986 239 23420.  21.0  39.5   1.917   3.7   0.0
   6 1986 240 23450.  20.8  39.6   1.820   4.2   0.0
   6 1986 241 22590.  22.8  39.0   2.029   4.1   0.0
   6 1986 242 22910.  22.5  37.0   1.965   4.7   0.0
   6 1986 243 21510.  23.2  39.0   1.708   3.0   0.0
