*---------------------------------------------------------------------------*
* Station name: Khanasser, Syria
* Year: 1984
* Author: Peter Uithol                                     -99.000: NIL VALUE
* Source: ICARDA SPS file
* Comments: Vapour pressure measured as maximum relative humudity (%)
* Longitude: 37 33 E, latitude: 35 46 N, altitude: 335. m
*
* Column  Daily value
* 1       station number
* 2       year
* 3       day
* 4       irradiation                   (kJ m-2 d-1)
* 5       minimum temperature           (degrees Celsius)
* 6       maximum temperature           (degrees Celsius)
* 7       early morning vapour pressure (kPa)
* 8       mean wind speed (height: 2 m) (m s-1)
* 9       precipitation                 (mm d-1)
*---------------------------------------------------------------------------*
  37.55  35.77   335. 0.00 0.00
   5 1984   1  5220.   2.5   9.5   0.652   1.5   0.0
   5 1984   2 11380.  -3.9  12.7   0.432   2.0   0.0
   5 1984   3 11420.  -1.8  15.6   0.494   1.9   0.0
   5 1984   4 10840.  -1.0  14.2   0.529   4.6   0.0
   5 1984   5  7640.  -2.5  10.4   0.466   1.9   0.0
   5 1984   6  8180.  -3.5  12.3   0.445   4.9   0.0
   5 1984   7  4900.   2.7  10.1   0.610   1.9   1.2
   5 1984   8  6380.   2.2  11.3   0.667   1.3   6.0
   5 1984   9  9040.   5.0  13.0   0.815   1.3   0.8
   5 1984  10  7380.   2.5   9.5   0.643   1.6   0.4
   5 1984  11  8530.   3.0  11.4   0.663   4.3   0.0
   5 1984  12  9720.   4.0  14.5   0.708   1.4   0.0
   5 1984  13  8780.   2.8  14.0   0.601   1.8   1.0
   5 1984  14  3200.   6.4  11.2   0.834   1.6   4.8
   5 1984  15  4360.   7.0  11.4   0.877   1.9   0.0
   5 1984  16  9610.   1.7  11.5   0.646   1.7   0.0
   5 1984  17  2840.   4.8  12.6   0.813   2.4  13.8
   5 1984  18  9110.   2.0  10.2   0.681   1.9   0.4
   5 1984  19 12020.  -0.4  13.3   0.592   2.1   0.0
   5 1984  20  8170.   1.4  11.6   0.660   1.3   0.0
   5 1984  21  8710.   0.4  11.4   0.629   1.2   0.4
   5 1984  22  8100.   2.6  13.7   0.727   1.3   2.6
   5 1984  23 10260.   2.7  13.7   0.734   3.2   0.0
   5 1984  24  6190.   4.7  14.5   0.786   4.5   3.2
   5 1984  25  4970.   2.0   9.2   0.699   3.4   0.4
   5 1984  26  6770.   5.2  16.0   0.836   3.9   4.2
   5 1984  27 10330.   3.6  11.5   0.723   3.7   0.0
   5 1984  28 10190.   3.3  11.8   0.747   2.3   0.0
   5 1984  29 12380.   0.0  12.8   0.604   1.9   0.0
   5 1984  30 13610.  -2.8  12.0   0.487   1.2   0.0
   5 1984  31  7420.   1.5  11.4   0.635   1.7   3.2
   5 1984  32  3780.   5.5   9.2   0.894   4.3   0.0
   5 1984  33 12280.   3.8  11.5   0.770   5.5   0.0
   5 1984  34 13180.   2.7  13.1   0.691   3.2   0.0
   5 1984  35 13430.  -0.7  15.7   0.580   1.4   0.0
   5 1984  36 14180.  -1.7  14.9   0.539   3.3   0.0
   5 1984  37  8240.   2.4  13.0   0.671   6.9   2.6
   5 1984  38  5690.   4.7  11.2   0.788   2.5  10.6
   5 1984  39  8140.   5.4  13.7   0.838   4.6   7.0
   5 1984  40 11560.   6.4  16.6   0.785   3.9   0.4
   5 1984  41 14800.   1.0  16.0   0.621   3.8   0.0
   5 1984  42 14690.   4.2  17.7   0.745   1.7   0.0
   5 1984  43 13100.   1.4  15.9   0.641   2.7   0.0
   5 1984  44 12710.   1.7  13.2   0.651   4.0   0.0
   5 1984  45 14220.   3.6  15.5   0.731   2.5   0.0
   5 1984  46  9290.   4.5  13.7   0.775   1.0   0.6
   5 1984  47 14040.   0.0  14.7   0.589   1.3   0.0
   5 1984  48 16450.   0.5  13.6   0.579   1.7   0.0
   5 1984  49 16990.  -2.0  13.3   0.491   2.2   0.0
   5 1984  50 16630.  -3.5  14.3   0.435   3.5   0.0
   5 1984  51 16200.   0.0  15.5   0.472   2.3   0.0
   5 1984  52 14720.  -3.0  15.0   0.457   1.1   0.0
   5 1984  53 15950.   1.5  16.1   0.644   1.6   0.0
   5 1984  54 17030.  -2.4  17.9   0.483   1.3   0.0
   5 1984  55 17570.  -1.2  16.2   0.513   2.0   0.0
   5 1984  56 17280.  -2.6  17.0   0.464   2.2   0.0
   5 1984  57 18110.  -4.0  15.1   0.387   1.8   0.0
   5 1984  58 18470.  -4.0  15.5   0.362   1.2   0.0
   5 1984  59 16520.  -4.3  17.6   0.286   1.6   0.0
   5 1984  60 14620.   1.2  18.5   0.586   2.0   0.0
   5 1984  61 12920.   3.6  19.4   0.702   3.5   0.0
   5 1984  62  9110.  10.0  24.6   0.899   3.6   0.0
   5 1984  63 16560.   6.8  20.5   0.844   2.8   0.0
   5 1984  64 16700.  10.7  21.8   1.120   3.2   0.0
   5 1984  65 15550.  10.3  26.7   0.934   4.5   0.0
   5 1984  66 18040.   6.5  22.0   0.716   3.0   0.0
   5 1984  67 13390.   6.0  17.5   0.767   3.6   0.0
   5 1984  68  8060.   9.4  20.0   0.840   6.8   0.0
   5 1984  69 17210.   6.0  21.7   0.631   3.1   0.0
   5 1984  70 11230.   3.4  13.4   0.688   4.5   5.2
   5 1984  71 16670.   3.4  16.0   0.719   5.3   2.2
   5 1984  72 11770.   2.1  12.7   0.696   3.0   0.4
   5 1984  73 17500.   0.6  13.6   0.623   2.6   0.0
   5 1984  74 11340.   2.1  12.0   0.689   2.0   0.6
   5 1984  75 19440.  -0.6  16.1   0.579   3.3   0.0
   5 1984  76 10690.   8.6  16.6   1.035   1.9   0.0
   5 1984  77 13030.   7.4  15.5   0.978   2.8   2.2
   5 1984  78 15160.   4.2  16.3   0.803   2.5   0.6
   5 1984  79 17170.   0.3  17.0   0.614   2.5   0.0
   5 1984  80 20660.   3.3  20.2   0.732   2.1   0.0
   5 1984  81 20270.   5.0  23.0   0.813   4.4   1.0
   5 1984  82  6340.  12.0  18.0   1.326   3.9   8.6
   5 1984  83 18790.   7.5  20.0   1.016   2.9   1.8
   5 1984  84 19580.   5.5  20.3   0.881   2.9  19.8
   5 1984  85 18220.   6.0  17.5   0.912   3.6   1.2
   5 1984  86 20990.   5.2  20.0   0.851   3.1   0.0
   5 1984  87 22820.   4.0  21.7   0.769   1.6   0.0
   5 1984  88 22180.   6.8  23.3   0.951   1.9   0.0
   5 1984  89 23260.   5.0  25.0   0.819   1.6   0.0
   5 1984  90 22460.   6.2  26.2   0.855   2.6   0.0
   5 1984  91 20300.   8.0  23.2   0.987   3.2   0.0
   5 1984  92 22250.   7.0  20.0   0.976   1.6   0.0
   5 1984  93 23980.   3.5  23.5   0.671   3.3   0.0
   5 1984  94  9860.   7.5  21.0   0.778   2.5   0.0
   5 1984  95 20740.   3.9  26.2   0.700   1.1   0.0
   5 1984  96 21060.   8.3  29.7   0.794   2.9   0.0
   5 1984  97 22500.   8.2  27.0   0.819   2.3   0.0
   5 1984  98 23980.   8.5  20.5   0.779   4.3   0.0
   5 1984  99 16560.   6.4  19.2   0.824   4.3   0.2
   5 1984 100 16240.   7.9  17.2   0.943   3.8   6.0
   5 1984 101 20230.   9.5  18.8   1.093   3.1   0.0
   5 1984 102 24190.   5.2  21.2   0.814   1.9   0.0
   5 1984 103 16160.   6.2  27.0   0.839   2.1   0.0
   5 1984 104 22280.   9.5  26.4   1.010   2.6   0.0
   5 1984 105 11700.   6.5  24.0   0.842   5.3   3.8
   5 1984 106 15050.  10.0  18.0   1.105   2.7   2.4
   5 1984 107 19150.   9.0  19.4   1.045   2.6   0.0
   5 1984 108 23650.   7.5  27.5   0.933   5.0   0.0
   5 1984 109 25340.  11.0  24.2   1.116   3.4   0.0
   5 1984 110 25340.   7.0  23.2   0.852   3.3   0.0
   5 1984 111 24800.   6.5  21.0   0.852   3.1   0.0
   5 1984 112 23400.   5.0  20.8   0.759   3.8   0.0
   5 1984 113 20090.   9.0  21.5   1.033   2.7   6.2
   5 1984 114 20700.   5.0  18.2   0.794   4.0   1.0
   5 1984 115 23220.   4.2  18.5   0.734   2.9   0.0
   5 1984 116 19690.   3.5  20.0   0.707   3.0   0.0
   5 1984 117 24300.   8.0  24.5   0.891   2.4   0.0
   5 1984 118 26780.   8.0  23.8   0.861   4.4   0.0
   5 1984 119 24480.   6.0  23.0   0.840   4.0   0.0
   5 1984 120 23690.   9.2  22.0   0.861   4.2   0.0
   5 1984 121 25990.   5.8  23.4   0.623   2.0   0.0
   5 1984 122 22210.   9.8  27.5   0.764   2.4   0.0
   5 1984 123 19330.  15.8  29.0   1.168   6.5   0.0
   5 1984 124 19080.  14.0  26.0   1.320   2.6   0.0
   5 1984 125 27760.  12.8  25.8   1.228   2.6   0.0
   5 1984 126 28150.  11.0  26.0   0.696   2.7   0.0
   5 1984 127 25240.   7.0  30.0   0.651   3.0   0.0
   5 1984 128 23800.   9.7  25.5   0.807   4.2   0.0
   5 1984 129 27040.   9.2  25.5   0.890   5.2   0.0
   5 1984 130 27320.  10.6  27.2   0.894   3.9   0.0
   5 1984 131 27680.  11.0  30.0   0.722   1.6   0.0
   5 1984 132 28120.  11.0  32.0   0.643   1.7   0.0
   5 1984 133 22140.  12.0  35.0   0.476   2.9   0.0
   5 1984 134 28620.  11.8  30.0   0.914   5.6   0.0
   5 1984 135 28620.  11.2  31.0   0.945   4.7   0.0
   5 1984 136 28330.  14.0  31.8   0.920   3.1   0.0
   5 1984 137 26600.  13.6  33.4   0.801   1.6   0.0
   5 1984 138 15880.  16.4  32.6   0.728   2.3   0.0
   5 1984 139 28190.  15.2  33.8   0.612   5.7   0.0
   5 1984 140 28490.  18.3  33.2   0.800   5.5   0.0
   5 1984 141 26600.  15.4  33.0   0.875   3.1   0.0
   5 1984 142 27860.  15.2  35.0   0.640   3.7   0.0
   5 1984 143 27000.  17.8  35.6   0.816   2.0   0.0
   5 1984 144 27220.  14.0  34.4   0.728   3.0   0.0
   5 1984 145 24870.  15.8  37.2   0.629   3.8   0.0
   5 1984 146 27220.  14.0  34.0   0.720   6.2   0.0
   5 1984 147 27680.  15.2  29.2   1.086   7.5   0.0
   5 1984 148 28660.  15.0  29.0   1.177   7.0   0.0
   5 1984 149 26210.  17.8  29.6   1.177   5.7   0.0
   5 1984 150 28690.  12.8  33.5   0.757   3.9   0.0
   5 1984 151 29230.  18.7  35.2   0.812   4.8   0.0
   5 1984 152 22970.  18.0  34.4   0.915   4.7   0.0
   5 1984 153 22570.  19.7  36.6   1.034   3.4   0.0
   5 1984 154 26530.  19.5  30.5   1.452   4.8   0.0
   5 1984 155 26710.  13.8  31.5   1.137   3.8   0.0
   5 1984 156 28980.  15.8  34.0   1.150   3.6   0.0
   5 1984 157 28870.  17.5  37.5   1.013   3.7   0.0
   5 1984 158 29520.  19.2  38.7   1.036   3.9   0.0
   5 1984 159 29450.  18.3  39.0   1.044   4.5   0.0
   5 1984 160 28760.  18.2  39.6   0.933   5.0   0.0
   5 1984 161 29380.  16.8  34.0   1.270   7.5   0.0
   5 1984 162 29590.  19.0  34.0   1.540   5.3   0.0
   5 1984 163 30240.  15.0  34.0   0.990   5.2   0.0
   5 1984 164 30490.  15.0  35.0   0.717   5.3   0.0
   5 1984 165 28690.  12.5  33.0   0.740   5.8   0.0
   5 1984 166 30530.  15.0  33.0   1.220   4.9   0.0
   5 1984 167 30240.  15.0  34.5   0.614   6.0   0.0
   5 1984 168 29160.  16.5  36.0   0.902   6.6   0.0
   5 1984 169 35130.  18.5  37.0   1.151   7.0   0.0
   5 1984 170 32320.  19.0  35.2   1.265   8.2   0.0
   5 1984 171 32470.  19.3  31.4   1.564   6.3   0.0
   5 1984 172 35680.  12.7  30.6   0.605   3.9   0.0
   5 1984 173 35540.  14.0  32.0   0.832   4.8   0.0
   5 1984 174 36040.  13.8  34.5   0.632   5.4   0.0
   5 1984 175 35080.  14.8  37.0   0.708   6.7   0.0
   5 1984 176 35240.  17.8  35.5   0.785   4.0   0.0
   5 1984 177 35360.  14.0  35.8   1.040   4.3   0.0
   5 1984 178 34770.  19.0  36.8   1.595   5.6   0.0
   5 1984 179 34380.  20.2  37.5   1.588   6.3   0.0
   5 1984 180 33810.  19.8  38.5   1.572   6.1   0.0
   5 1984 181 33900.  19.8  37.0   1.595   6.1   0.0
   5 1984 182 34360.  23.5  39.0   1.899   6.0   0.0
   5 1984 183 35080.  22.5  39.5   1.670   4.1   0.0
   5 1984 184 35660.  20.6  40.0   1.227   3.9   0.0
   5 1984 185 34190.  19.2  41.2   0.947   5.0   0.0
   5 1984 186 35920.  21.5  41.5   0.752   6.1   0.0
   5 1984 187 34450.  14.8  39.0   0.581   5.2   0.0
   5 1984 188 34030.  17.8  36.6   1.397   6.7   0.0
   5 1984 189 32910.  18.8  35.8   1.390   6.5   0.0
   5 1984 190 32580.  16.0  36.4   1.064   6.1   0.0
   5 1984 191 33880.  16.0  35.0   0.937   5.9   0.0
   5 1984 192 35280.  19.0  35.6   1.201   6.4   0.0
   5 1984 193 34860.  16.8  35.2   0.839   6.2   0.0
   5 1984 194 33310.  18.0  35.6   1.012   4.3   0.0
   5 1984 195 34000.  16.0  35.6   1.055   4.0   0.0
   5 1984 196 32790.  18.5  37.2   1.236   3.9   0.0
   5 1984 197 33100.  20.8  39.0   1.267   3.8   0.0
   5 1984 198 31750.  18.8  39.8   1.090   4.7   0.0
   5 1984 199 33120.  19.2  40.0   1.024   4.5   0.0
   5 1984 200 32900.  19.0  40.0   0.941   7.1   0.0
   5 1984 201 30020.  25.8  39.5   1.424   7.4   0.0
   5 1984 202 31970.  21.2  41.5   1.306   6.1   0.0
   5 1984 203 31280.  21.6  40.2   1.782   5.0   0.0
   5 1984 204 30880.  22.0  37.2   1.795   5.7   0.0
   5 1984 205 30770.  19.0  36.6   1.342   6.5   0.0
   5 1984 206 31930.  22.5  37.3   1.392   5.6   0.0
   5 1984 207 31570.  21.0  37.6   1.325   5.3   0.0
   5 1984 208 31960.  20.2  38.0   1.213   5.1   0.0
   5 1984 209 31310.  18.5  39.8   0.938   4.0   0.0
   5 1984 210 32030.  17.7  36.0   1.297   3.9   0.0
   5 1984 211 29410.  16.4  32.5   1.083   4.5   0.0
   5 1984 212 31390.  16.0  33.2   1.157   5.2   0.0
   5 1984 213 32110.  19.0  34.7   1.293   4.9   0.0
   5 1984 214 32210.  17.0  35.7   0.873   4.3   0.0
   5 1984 215 32570.  16.5  37.5   0.554   4.7   0.0
   5 1984 216 32140.  18.0  38.0   0.723   4.7   0.0
   5 1984 217 31210.  17.7  37.0   0.872   5.7   0.0
   5 1984 218 30890.  19.3  35.8   1.233   5.0   0.0
   5 1984 219 31140.  18.0  34.2   1.229   4.9   0.0
   5 1984 220 31390.  20.5  35.0   1.376   4.6   0.0
   5 1984 221 31540.  17.0  36.0   0.729   5.3   0.0
   5 1984 222 32180.  20.5  37.0   0.917   6.3   0.0
   5 1984 223 31390.  21.4  37.3   1.110   4.6   0.0
   5 1984 224 31140.  17.4  38.5   0.557   5.0   0.0
   5 1984 225 31750.  15.8  37.2   0.889   5.8   0.0
   5 1984 226 28260.  16.0  35.4   1.019   5.0   0.0
   5 1984 227 26960.  19.3  34.0   1.412   5.4   0.0
   5 1984 228 29160.  20.0  34.0   1.369   5.3   0.0
   5 1984 229 26860.  13.2  32.2   0.964   5.0   0.0
   5 1984 230 30060.  17.2  33.2   1.080   6.7   0.0
   5 1984 231 30100.  16.6  33.8   1.172   6.0   0.0
   5 1984 232 29800.  16.9  34.5   1.233   6.4   0.0
   5 1984 233 29730.  14.6  34.3   0.906   7.0   0.0
   5 1984 234 29150.  18.0  33.5   1.306   6.6   0.0
   5 1984 235 29480.  16.8  33.4   1.072   6.3   0.0
   5 1984 236 28870.  19.0  34.4   1.254   5.4   0.0
   5 1984 237 29300.  17.0  34.0   1.202   5.3   0.0
   5 1984 238 28720.  14.0  35.6   0.779   4.0   0.0
   5 1984 239 28800.  15.0  35.0   0.768   4.2   0.0
   5 1984 240 28600.  15.5  33.8   1.145   5.3   0.0
   5 1984 241 28400.  17.8  35.0   1.224   4.5   0.0
   5 1984 242 28900.  17.8  34.0   1.061   4.7   0.0
   5 1984 243 28900.  14.0  33.5   0.768   5.0   0.0
   5 1984 244 27300.  17.2  34.5   0.792   5.4   0.0
   5 1984 245 28200.  17.0  35.3   0.873   3.9   0.0
   5 1984 246 28300.  14.0  36.0   0.816   3.3   0.0
   5 1984 247 28400.  16.7  36.0   1.208   3.1   0.0
   5 1984 248 27200.  13.8  36.5   0.969   4.3   0.0
   5 1984 249 28500.  14.0  36.0   0.758   5.3   0.0
   5 1984 250 27600.  16.5  36.2   0.808   5.7   0.0
   5 1984 251 26600.  19.5  34.6   1.371   4.6   0.0
   5 1984 252 27600.  15.0  36.0   0.947   3.6   0.0
   5 1984 253 27100.  13.0  34.2   0.944   2.4   0.0
   5 1984 254 26900.  13.2  32.5   0.881   4.3   0.0
   5 1984 255 26700.  12.8  34.0   0.910   4.0   0.0
   5 1984 256 27100.  12.0  33.2   0.793   4.3   0.0
   5 1984 257 26500.  15.0  32.0   1.126   3.3   0.0
   5 1984 258 26600.  13.5  34.0   1.115   1.9   0.0
   5 1984 259 24900.  17.0  34.0   1.222   2.5   0.0
   5 1984 260 25200.  20.0  35.0   1.381   2.6   0.0
   5 1984 261 25700.  18.9  33.0   1.355   4.0   0.0
   5 1984 262 25100.  13.5  34.0   0.952   4.1   0.0
   5 1984 263 25200.  16.0  34.2   1.019   3.1   0.0
   5 1984 264 24600.  15.5  36.0   0.775   1.5   0.0
   5 1984 265 24800.  13.2  37.5   0.334   2.0   0.0
   5 1984 266 24100.  16.0  36.0   0.619   4.3   0.0
   5 1984 267 24300.  14.8  35.0   0.775   4.9   0.0
   5 1984 268 24600.  13.8  34.0   0.726   3.4   0.0
   5 1984 269 24600.  12.0  34.5   0.870   2.6   0.0
   5 1984 270 24600.  13.0  32.5   0.959   3.0   0.0
   5 1984 271 23000.  14.5  31.2   1.140   2.8   0.0
   5 1984 272 24000.  13.3  30.0   0.993   2.3   0.0
   5 1984 273 23100.  11.8  33.0   0.429   1.8   0.0
   5 1984 274 22200.  13.2  36.0   0.516   0.7   0.0
   5 1984 275 21500.  14.8  35.5   0.354   0.9   0.0
   5 1984 276 19400.  15.0  34.5   0.410   0.8   0.0
   5 1984 277 21700.  12.0  35.2   0.575   1.9   0.0
   5 1984 278 22700.  15.0  34.0   0.990   3.1   0.0
   5 1984 279 22500.  12.8  33.8   0.828   3.1   0.0
   5 1984 280 22500.  14.0  32.0   0.832   2.0   0.0
   5 1984 281 22900.  11.5  31.5   0.855   1.3   0.0
   5 1984 282 20800.   8.0  31.2   0.204   1.2   0.0
   5 1984 283 21900.   7.5  32.2   0.197   0.9   0.0
   5 1984 284 21500.   7.0  32.0   0.150   1.2   0.0
   5 1984 285 21100.   6.0  31.5   0.140   1.7   0.0
   5 1984 286 20000.  10.0  32.0   0.344   1.7   0.0
   5 1984 287 21100.  12.5  31.0   0.377   4.2   0.0
   5 1984 288 19300.  14.0  28.0   1.008   2.7   0.0
   5 1984 289  6730.  12.0  20.2   1.024   4.3  11.0
   5 1984 290  7630.  10.0  15.0   0.835   3.9   4.4
   5 1984 291 19900.   7.0  16.0   0.656   2.2   0.0
   5 1984 292 21100.   0.0  15.0   0.385   1.1   0.0
   5 1984 293 21300.   0.0  18.0   0.415   1.1   0.0
   5 1984 294 21200.   0.0  19.0   0.393   1.5   0.0
   5 1984 295 21090.  -2.0  20.8   0.337   0.8   0.0
   5 1984 296 20700.   2.0  21.8   0.522   1.0   0.0
   5 1984 297 20100.   2.0  22.0   0.508   1.1   0.0
   5 1984 298 19700.   4.0  22.8   0.569   1.1   0.0
   5 1984 299 19400.   3.0  23.0   0.523   1.5   0.0
   5 1984 300 18400.   3.9  23.0   0.485   2.4   0.0
   5 1984 301 17000.  10.8  24.0   0.531   2.3   0.0
   5 1984 302 15370.   8.5  23.0   0.722   2.5   0.0
   5 1984 303 18180.   6.2  21.0   0.796   1.2   0.0
   5 1984 304 12280.   5.5  20.0   0.741   4.3   1.0
   5 1984 305 13280.  11.0  16.5   1.156   4.1   0.0
   5 1984 306 15190.  12.0  19.0   1.235   2.6   0.0
   5 1984 307 17420.  10.0  20.0   1.044   1.8   0.0
   5 1984 308 16060.   7.0  21.4   0.862   2.6   2.8
   5 1984 309 13790.  11.0  22.0   1.248   2.6   1.6
   5 1984 310 15050.   9.5  21.0   1.146   2.5   3.0
   5 1984 311 13250.  11.0  18.0   1.267   1.7   0.0
   5 1984 312 14870.   8.0  17.0   1.035   0.9   0.0
   5 1984 313 14650.   5.6  19.0   0.878   1.2   0.0
   5 1984 314 14580.   8.5  18.5   1.071   2.3   4.0
   5 1984 315 15330.   9.5  18.0   1.152   1.6   0.0
   5 1984 316 16200.   6.0  21.2   0.860   3.0   0.0
   5 1984 317 15660.   3.0  15.2   0.697   2.3   0.0
   5 1984 318  8960.   7.0  11.5   0.892   3.3   4.0
   5 1984 319  8060.   3.0   9.2   0.750   1.3   0.0
   5 1984 320  3530.   2.2   9.0   0.709   3.7   7.8
   5 1984 321 11880.   7.5  12.0   1.006   2.1   3.0
   5 1984 322 14110.   7.0  16.0   0.982   0.7   0.0
   5 1984 323 12670.   6.5  17.0   0.939   1.4   0.6
   5 1984 324 15050.   7.0  18.2   0.972   3.2   0.0
   5 1984 325 13570.  11.0  19.9   1.274   3.8   0.0
   5 1984 326 12350.   9.0  18.0   1.114   1.4   0.6
   5 1984 327  5720.   8.0  12.2   1.041   1.2  14.2
   5 1984 328  9570.   7.0  13.6   0.972   0.9   0.4
   5 1984 329  8890.   5.0  12.9   0.846   1.4   0.4
   5 1984 330 10510.   4.0  12.0   0.789   1.3   0.4
   5 1984 331 11120.   3.5  11.2   0.691   1.5   0.4
   5 1984 332 10510.  12.0  11.5   1.235   2.1   3.4
   5 1984 333 15520.   4.0  14.0   0.717   3.1   0.0
   5 1984 334 15910.   0.0  12.0   0.498   0.5   0.0
   5 1984 335 15590.  -2.0  11.9   0.464   1.7   0.0
   5 1984 336 11740.   3.0  12.2   0.674   0.1   0.0
   5 1984 337 15010.   2.8  12.2   0.645   1.0   0.0
   5 1984 338 13900.  -0.2  10.0   0.599   3.7   0.0
   5 1984 339 13570.  -2.0   8.6   0.409   1.8   0.0
   5 1984 340 15520.  -5.6  11.0   0.370   1.5   0.0
   5 1984 341 15440.  -4.8  11.3   0.415   0.4   0.0
   5 1984 342 15190.  -5.3  11.7   0.397   0.5   0.0
   5 1984 343  7880.  -4.3   7.5   0.444   1.6   0.0
   5 1984 344 14980.  -4.2   9.0   0.425   1.0   0.0
   5 1984 345 15230.  -5.2  10.3   0.415   1.6   0.0
   5 1984 346 15120.  -3.5  10.3   0.472   3.6   0.0
   5 1984 347  6440.   3.0   7.0   0.758   5.5   6.0
   5 1984 348 14360.  -1.2   8.4   0.559   2.6   0.0
   5 1984 349  9900.  -2.7   6.4   0.501   2.9   0.0
   5 1984 350  8500.  -0.7   5.2   0.580   2.8   0.2
   5 1984 351 12240.  -1.0   8.2   0.568   1.2   0.0
   5 1984 352 12530.  -3.0   4.8   0.490   0.8   0.0
   5 1984 353 11050.  -4.0   6.2   0.454   0.6   0.0
   5 1984 354 12560.  -5.3   6.5   0.412   1.1   0.0
   5 1984 355 14180.  -1.8   8.5   0.535   4.0   0.0
   5 1984 356 13140.   0.2   9.0   0.576   4.8   2.0
   5 1984 357  9180.   2.5   7.8   0.731   3.5   2.0
   5 1984 358 11410.   1.0   8.4   0.657   1.1   0.0
   5 1984 359  9220.   1.4   5.2   0.676   2.8   0.4
   5 1984 360  8030.  -1.6   8.4   0.543   0.8   0.4
   5 1984 361 11950.  -2.0   8.0   0.527   1.3   0.4
   5 1984 362 11270.  -2.1   8.0   0.523   0.9   0.0
   5 1984 363 12850.  -2.6   9.1   0.504   0.5   0.0
   5 1984 364 14980.  -2.9   8.0   0.493   1.7   0.0
   5 1984 365 12900.  -3.4   7.0   0.475   4.7   1.6
