*---------------------------------------------------------------------------*
* Station name: Breda, Syria
* Year: 1985
* Author: Peter Uithol                                     -99.000: NIL VALUE
* Source: ICARDA SPS file
* Comments: Vapour pressure measured as maximum relative humudity (%)
* Longitude: 37 10 E, latitude: 35 56 N, altitude: 300. m
*
* Column  Daily value
* 1       station number
* 2       year
* 3       day
* 4       irradiation                   (kJ m-2 d-1)
* 5       minimum temperature           (degrees Celsius)
* 6       maximum temperature           (degrees Celsius)
* 7       early morning vapour pressure (kPa)
* 8       mean wind speed (height: 2 m) (m s-1)
* 9       precipitation                 (mm d-1)
*---------------------------------------------------------------------------*
  37.17  35.93   300. 0.00 0.00
   1 1985   1  3600.   4.5   7.2   0.750   3.2   8.2
   1 1985   2  5200.   5.5   9.0   0.863   1.3  25.4
   1 1985   3  4400.   6.3  10.0   0.907   2.1   1.8
   1 1985   4 10700.   7.0  13.8   0.872   1.8   0.0
   1 1985   5  6300.   0.2  10.0   0.607   1.2   0.0
   1 1985   6  6700.   5.5  12.4   0.872   2.6   0.0
   1 1985   7  6100.   1.6   9.0   0.658   0.9   0.0
   1 1985   8  5720.   4.5   8.5   0.817   0.8   0.0
   1 1985   9  5690.   3.0   8.5   0.735   1.4   0.0
   1 1985  10  6800.   6.0  11.2   0.879   1.4   1.6
   1 1985  11  8500.   6.0  14.5   0.907   1.4   0.0
   1 1985  12  9100.   4.0  15.0   0.756   1.2   0.0
   1 1985  13  6600.   5.0  13.2   0.833   1.7   0.0
   1 1985  14  1800.   6.0  10.5   0.907   2.4   9.2
   1 1985  15  7520.   9.0  15.6   1.114   1.9   0.0
   1 1985  16 11920.   2.6  11.5   0.694   2.4   0.0
   1 1985  17  7270.   0.8   5.9   0.542   3.5   7.0
   1 1985  18  4970.   2.0   4.7   0.674   4.4   2.8
   1 1985  19  4320.   3.3   6.1   0.731   2.6   0.0
   1 1985  20  2660.   5.2   8.5   0.845   2.5   4.4
   1 1985  21  4180.   4.6  11.5   0.848   0.6   3.4
   1 1985  22  6660.   7.0  10.9   0.972   0.8   0.0
   1 1985  23 11410.   0.0  11.4   0.595   1.0   0.0
   1 1985  24  7340.   0.8   7.0   0.634   0.8   0.0
   1 1985  25 12420.  -2.8  11.5   0.479   1.2   0.0
   1 1985  26 10760.   0.0  12.4   0.588   1.8   0.0
   1 1985  27 10260.   6.5  13.1   0.720   4.2   1.0
   1 1985  28  8600.   4.0  13.6   0.720   2.0   0.0
   1 1985  29 11560.   1.8  14.5   0.666   2.0   6.0
   1 1985  30  4900.   7.3  12.5   0.982   1.7   6.8
   1 1985  31  4540.   8.5  11.2   1.055   2.6   9.8
   1 1985  32  6550.   6.3  11.0   0.919   1.3   0.0
   1 1985  33  5760.   3.8  10.9   0.772   1.6  19.0
   1 1985  34  8530.   6.3  14.7   0.945   4.4  17.8
   1 1985  35 14330.   7.8  15.0   0.868   5.5   0.0
   1 1985  36 12060.  -3.2  10.0   0.380   4.5   0.0
   1 1985  37 13790.  -5.5   7.5   0.361   1.5   0.0
   1 1985  38  7810.   0.8   9.2   0.615   2.4   8.4
   1 1985  39  3850.   3.4   6.2   0.772   2.2   2.0
   1 1985  40  6230.   3.5   9.2   0.765   1.9   0.0
   1 1985  41  4900.   5.0   8.9   0.855   3.8   0.0
   1 1985  42  3920.   6.5   9.5   0.915   1.3   0.0
   1 1985  43  7060.   5.0  10.4   0.855   1.8   0.0
   1 1985  44  6010.   5.4  10.3   0.875   1.4   0.0
   1 1985  45  6620.   2.6  10.9   0.729   2.6   2.0
   1 1985  46  9070.   3.0  12.3   0.705   3.4   1.0
   1 1985  47  9970.   1.6  11.8   0.658   2.3   5.4
   1 1985  48 12130.  -0.7  11.1   0.554   2.5   0.0
   1 1985  49 13070.  -2.1  10.2   0.461   1.7   0.0
   1 1985  50 16600.   2.5  20.0   0.709   6.2   0.0
   1 1985  51  6980.   5.1  13.5   0.747   5.2   2.2
   1 1985  52 16270.  -2.2   5.0   0.457   3.6   0.0
   1 1985  53 13360.  -3.8   0.5   0.325   3.2   0.0
   1 1985  54 15230.  -5.0   2.3   0.276   4.2   0.0
   1 1985  55 10910.  -1.2   4.0   0.414   8.7   0.0
   1 1985  56  7740.  -1.8   6.2   0.463   3.0   0.0
   1 1985  57 18180.  -3.7   8.8   0.432   3.9   0.0
   1 1985  58 19150.  -8.1   7.0   0.255   3.1   0.0
   1 1985  59 18430.  -2.3   5.5   0.232   3.2   0.0
   1 1985  60 19510.  -8.7   4.8   0.236   2.6   0.0
   1 1985  61 19840.  -5.8   5.6   0.226   2.7   0.0
   1 1985  62 20880.  -9.6   7.9   0.217   1.2   0.0
   1 1985  63 17460.  -8.4   8.7   0.255   2.6   0.0
   1 1985  64 20920.  -2.8  10.5   0.263   1.9   0.0
   1 1985  65 21710.  -7.2  12.9   0.274   1.3   0.0
   1 1985  66 20810.  -6.2  14.2   0.325   2.0   0.0
   1 1985  67 22500.  -5.0  12.0   0.291   1.7   0.0
   1 1985  68 21640.  -3.8  13.0   0.270   2.6   0.0
   1 1985  69 21170.  -1.9  14.2   0.244   4.1   0.0
   1 1985  70 22030.   3.1  16.1   0.336   4.5   0.0
   1 1985  71 17140.   4.1  17.1   0.366   4.4   0.0
   1 1985  72 21530.   5.4  19.0   0.413   4.7   0.0
   1 1985  73 22070.   5.9  19.2   0.390   2.4   0.0
   1 1985  74 21640.   2.7  21.4   0.467   1.0   0.0
   1 1985  75 15260.   3.9  22.2   0.652   2.5   0.0
   1 1985  76 21060.   9.9  22.3   0.824   3.6   0.0
   1 1985  77  9470.   7.3  19.0   0.900   3.4   0.0
   1 1985  78 15010.  12.7  18.3   1.161   2.7   0.0
   1 1985  79 15260.   6.1  19.3   0.755   4.1   0.0
   1 1985  80 15910.   7.9  17.1   0.821   1.8   1.0
   1 1985  81 17420.   1.3  16.2   0.550   6.0   0.0
   1 1985  82 12170.   8.7  21.2   0.765   1.8   9.0
   1 1985  83 13500.   5.9  17.1   0.763   2.2   5.2
   1 1985  84 18860.  11.0  21.0   1.221   2.8   0.0
   1 1985  85 19580.   4.6  20.5   0.848   1.1   0.0
   1 1985  86 20560.   9.5  21.7   1.179   4.2   0.0
   1 1985  87 14800.  14.3  22.5   1.419   3.8   0.0
   1 1985  88 24010.  11.0  23.4   1.313   2.3   0.0
   1 1985  89 19330.   8.4  23.6   1.087   1.0   0.0
   1 1985  90 16160.   9.0  24.2   1.094   2.0   3.2
   1 1985  91  7060.  15.0  20.0   1.698   1.9   1.0
   1 1985  92 15160.   7.5  18.3   1.037   1.5   0.0
   1 1985  93 10870.   7.2  16.3   1.016   1.4   3.0
   1 1985  94 23980.   4.0  20.0   0.813   2.0   0.0
   1 1985  95 17530.  11.6  22.0   1.367   2.5  23.6
   1 1985  96 23690.  10.3  21.4   1.253   2.3   0.0
   1 1985  97 26060.   7.5  22.4   1.037   3.0   0.0
   1 1985  98 25270.   7.6  21.9   1.044   2.9   0.0
   1 1985  99 24880.  10.3  23.2   1.209   2.4   0.0
   1 1985 100 26350.   6.3  26.8   0.933   2.5   0.0
   1 1985 101 25160.   9.7  29.8   1.167   2.5   0.0
   1 1985 102 28040.   7.9  31.7   1.043   2.3   0.0
   1 1985 103 25130.   9.7  31.3   1.059   1.8   0.0
   1 1985 104 27830.  10.6  23.5   0.991   3.9   0.0
   1 1985 105 24370.   8.8  22.2   1.133   1.1   0.0
   1 1985 106 27040.   4.0  25.1   0.795   1.2   0.0
   1 1985 107 27900.   2.9  28.9   0.715   1.2   0.0
   1 1985 108 26960.   6.5  31.8   0.813   1.2   0.0
   1 1985 109 22360.  10.0  27.2   0.995   3.6   0.0
   1 1985 110 27580.   5.9  23.1   0.929   3.0   0.0
   1 1985 111 27070.   5.2  24.5   0.867   1.4   0.0
   1 1985 112 16810.  10.5  23.7   0.953   1.7   0.0
   1 1985 113 22500.   7.0  21.9   1.002   1.9   0.0
   1 1985 114 19370.   6.3  21.1   0.955   2.1   0.0
   1 1985 115 25020.  14.3  25.6   1.199   3.5   0.0
   1 1985 116 26750.   9.6  24.4   1.148   4.0   0.0
   1 1985 117 27290.  10.3  26.0   1.253   3.2   0.0
   1 1985 118 29200.   6.4  26.3   0.913   2.5   0.0
   1 1985 119 26280.   8.3  28.9   1.095   1.7   0.0
   1 1985 120 14800.  12.3  27.3   1.116   1.5   0.0
   1 1985 121 29400.   7.9  25.5   1.066   3.0   0.0
   1 1985 122 26310.   5.8  23.0   0.922   3.9   0.0
   1 1985 123 29800.  10.6  25.0   1.279   2.8   0.0
   1 1985 124 28430.   4.0  27.2   0.773   1.5   0.0
   1 1985 125 30000.   6.1  29.0   0.612   1.8   0.0
   1 1985 126 20630.   8.3  28.8   0.747   1.4   0.0
   1 1985 127 24410.  11.5  32.5   1.093   1.3   0.0
   1 1985 128 23150.  14.0  34.0   1.200   1.2   0.0
   1 1985 129 24980.  14.0  36.0   1.168   1.6   0.0
   1 1985 130 24980.  15.0  35.0   1.314   1.6   0.0
   1 1985 131 15050.  20.2  34.5   2.323   2.8   3.0
   1 1985 132 23620.  16.7  33.4   1.903   3.3   3.2
   1 1985 133 19300.  19.3  33.0   1.737   1.8   2.2
   1 1985 134 15050.  16.8  25.0   1.915   1.7   0.0
   1 1985 135 20160.  15.0  28.0   1.706   1.9   0.0
   1 1985 136 27650.  14.2  29.2   1.539   3.0   0.0
   1 1985 137 29160.  14.5  33.0   1.528   2.8   0.0
   1 1985 138 25670.  14.8  34.0   1.432   1.9   0.0
   1 1985 139 28940.  12.8  30.2   1.331   2.8   0.0
   1 1985 140 28730.  12.6  31.5   1.387   2.3   0.0
   1 1985 141 28480.  14.0  32.6   1.312   3.0   0.0
   1 1985 142 29160.  13.1  33.0   1.229   2.3   0.0
   1 1985 143 25160.  12.0  34.8   0.895   1.5   0.0
   1 1985 144 33370.  18.7  33.8   1.619   4.3   0.0
   1 1985 145 24730.  14.8  30.7   1.668   4.8   0.0
   1 1985 146 30060.  16.5  31.4   1.743   3.4   0.0
   1 1985 147 30530.   9.0  34.0   1.022   2.8   0.0
   1 1985 148 26350.  14.0  35.9   1.016   3.5   0.0
   1 1985 149 30020.  13.0  29.9   1.325   2.7   0.0
   1 1985 150 30700.  15.2  28.7   1.461   5.4   0.0
   1 1985 151 30700.  14.5  29.0   1.388   3.2   0.0
   1 1985 152 29740.  15.8  29.0   1.563   3.5   0.0
   1 1985 153 31140.  12.0  32.9   1.221   3.0   0.0
   1 1985 154 30100.  14.0  36.1   0.768   1.7   0.0
   1 1985 155 31280.  16.7  36.9   0.818   2.9   0.0
   1 1985 156 32150.  15.0  33.3   1.229   3.8   0.0
   1 1985 157 30170.  12.7  30.0   1.374   4.3   0.0
   1 1985 158 30820.  17.4  30.8   1.814   4.4   0.0
   1 1985 159 31970.  15.0  31.9   1.549   3.8   0.0
   1 1985 160 33440.  13.0  34.8   1.244   2.3   0.0
   1 1985 161 31070.  15.0  37.0   0.828   2.4   0.0
   1 1985 162 31750.  16.2  39.0   0.870   3.3   0.0
   1 1985 163 32000.  19.3  36.5   1.076   4.9   0.0
   1 1985 164 33080.  18.0  33.3   1.436   4.8   0.0
   1 1985 165 31430.  18.1  34.9   1.867   3.5   0.0
   1 1985 166 30600.  15.8  36.0   1.401   3.1   0.0
   1 1985 167 31540.  15.7  35.4   1.410   3.5   0.0
   1 1985 168 30490.  16.4  37.2   1.549   4.4   0.0
   1 1985 169 30960.  18.5  36.0   1.492   4.2   0.0
   1 1985 170 30740.  17.6  32.0   1.752   3.9   0.0
   1 1985 171 23440.  19.0  30.0   1.566   4.0   0.0
   1 1985 172 29840.  13.2  32.4   1.442   3.0   0.0
   1 1985 173 31250.  14.2  36.0   1.000   3.5   0.0
   1 1985 174 31070.  14.2  35.0   1.078   3.8   0.0
   1 1985 175 31210.  18.0  34.0   1.859   5.9   0.0
   1 1985 176 31320.  19.5  33.8   1.856   6.2   0.0
   1 1985 177 31500.  19.0  33.2   1.951   3.8   0.0
   1 1985 178 31460.  15.4  34.0   1.226   2.8   0.0
   1 1985 179 31360.  14.7  36.2   0.904   3.6   0.0
   1 1985 180 31500.  17.0  35.0   0.892   5.5   0.0
   1 1985 181 30920.  20.8  36.7   2.029   5.3   0.0
   1 1985 182 31280.  19.7  34.9   1.815   4.9   0.0
   1 1985 183 31500.  17.0  35.0   1.687   4.1   0.0
   1 1985 184 30780.  15.5  36.5   1.304   2.9   0.0
   1 1985 185 31000.  13.4  34.0   1.174   3.8   0.0
   1 1985 186 29560.  15.6  32.6   1.632   3.5   0.0
   1 1985 187 30670.  17.5  33.0   1.902   4.1   0.0
   1 1985 188 30530.  19.2  35.2   1.915   4.4   0.0
   1 1985 189 30240.  16.8  36.2   1.379   5.9   0.0
   1 1985 190 30060.  20.4  35.7   2.064   5.4   0.0
   1 1985 191 30710.  17.9  35.3   1.919   4.1   0.0
   1 1985 192 31140.  15.0  37.1   1.396   3.3   0.0
   1 1985 193 30820.  15.7  38.5   1.041   3.0   0.0
   1 1985 194 30820.  18.0  39.2   1.031   3.0   0.0
   1 1985 195 29950.  18.3  38.7   1.389   4.2   0.0
   1 1985 196 30060.  19.2  36.8   1.782   6.6   0.0
   1 1985 197 29920.  20.7  34.0   2.090   7.0   0.0
   1 1985 198 29050.  20.7  32.6   2.029   7.0   0.0
   1 1985 199 28580.  21.1  34.0   2.255   5.7   0.0
   1 1985 200 28370.  18.5  34.1   1.599   4.8   0.0
   1 1985 201 29160.  18.0  35.3   1.818   4.6   0.0
   1 1985 202 29450.  18.0  37.0   1.611   4.4   0.0
   1 1985 203 28080.  18.2  37.8   1.805   3.8   0.0
   1 1985 204 28980.  20.6  36.7   1.628   3.0   0.0
   1 1985 205 28010.  18.6  38.0   1.373   3.0   0.0
   1 1985 206 28940.  18.1  37.6   1.351   3.6   0.0
   1 1985 207 28800.  16.7  36.0   1.294   3.8   0.0
   1 1985 208 29380.  17.0  35.9   1.338   4.3   0.0
   1 1985 209 28940.  17.0  36.2   0.970   2.0   0.0
   1 1985 210 28730.  14.8  38.5   0.615   1.9   0.0
   1 1985 211 28870.  16.3  39.8   1.002   2.5   0.0
   1 1985 212 27400.  21.5  39.9   1.669   2.4   0.0
   1 1985 213 27610.  20.8  41.7   1.746   3.4   0.0
   1 1985 214 27540.  20.0  42.9   1.217   2.6   0.0
   1 1985 215 27400.  18.2  41.7   1.130   4.0   0.0
   1 1985 216 26860.  19.0  38.0   1.452   4.7   0.0
   1 1985 217 26750.  22.3  37.5   2.319   5.0   0.0
   1 1985 218 25630.  19.6  34.4   2.114   5.1   0.0
   1 1985 219 26500.  23.0  36.0   2.355   6.5   0.0
   1 1985 220 26710.  22.4  38.2   2.341   4.8   0.0
   1 1985 221 26210.  21.0  39.3   2.141   3.8   0.0
   1 1985 222 25810.  20.2  40.2   1.936   3.1   0.0
   1 1985 223 27140.  19.6  39.3   1.918   3.2   0.0
   1 1985 224 26780.  18.7  41.2   1.597   3.0   0.0
   1 1985 225 26890.  18.0  43.0   1.239   2.4   0.0
   1 1985 226 22900.  23.0  43.3   0.816   3.2   0.0
   1 1985 227 22360.  24.0  42.7   0.828   2.5   0.0
   1 1985 228 23220.  21.8  41.8   0.939   2.4   0.0
   1 1985 229 23290.  21.5  41.3   1.849   2.6   0.0
   1 1985 230 21850.  25.5  39.6   2.746   3.8   0.0
   1 1985 231 21130.  22.0  35.0   2.277   5.4   0.0
   1 1985 232 26960.  19.5  36.1   2.029   3.4   0.0
   1 1985 233 26820.  17.5  37.8   1.401   2.7   0.0
   1 1985 234 26860.  17.1  36.2   1.311   3.0   0.0
   1 1985 235 27500.  21.0  36.0   0.717   1.7   0.0
   1 1985 236 27400.  14.9  37.7   0.576   1.5   0.0
   1 1985 237 27610.  14.0  39.4   0.496   2.1   0.0
   1 1985 238 26820.  15.5  38.8   0.747   2.2   0.0
   1 1985 239 26390.  16.9  37.4   1.337   3.0   0.0
   1 1985 240 26060.  16.8  36.0   1.574   3.0   0.0
   1 1985 241 25240.  16.8  36.1   1.739   5.0   0.0
   1 1985 242 25600.  18.9  33.2   2.077   5.4   0.0
   1 1985 243 25630.  17.4  31.9   1.878   5.0   0.0
   1 1985 244 25740.  15.2  30.9   1.552   4.6   0.0
   1 1985 245 25130.  16.0  33.6   1.501   2.6   0.0
   1 1985 246 25700.  18.9  34.7   1.972   1.5   0.0
   1 1985 247 25160.  16.8  34.0   1.647   3.0   0.0
   1 1985 248 25020.  16.0  34.2   1.639   3.6   0.0
   1 1985 249 24730.  16.0  33.9   1.654   4.1   0.0
   1 1985 250 24190.  15.8  33.0   1.369   2.7   0.0
   1 1985 251 24910.  14.0  34.0   1.424   1.8   0.0
   1 1985 252 25160.  12.4  35.0   0.954   1.9   0.0
   1 1985 253 24080.  15.3  34.7   1.253   2.7   0.0
   1 1985 254 23900.  15.2  32.8   1.620   4.7   0.0
   1 1985 255 24160.  15.6  30.3   1.596   3.1   0.0
   1 1985 256 22860.  14.2  30.2   1.248   3.1   0.0
   1 1985 257 24160.  13.0  30.2   1.409   3.4   0.0
   1 1985 258 23150.  14.7  29.9   1.506   2.9   0.0
   1 1985 259 23690.  12.5  30.2   1.407   2.2   0.0
   1 1985 260 24120.  11.7  31.8   1.058   2.3   0.0
   1 1985 261 23580.  11.5  32.2   1.007   2.1   0.0
   1 1985 262 22900.  12.0  30.7   0.814   3.5   0.0
   1 1985 263 24410.  11.2  31.0   0.313   1.5   0.0
   1 1985 264 24010.   6.5  31.6   0.227   1.6   0.0
   1 1985 265 23580.   8.5  33.7   0.211   1.4   0.0
   1 1985 266 22720.   9.7  35.3   0.193   1.9   0.0
   1 1985 267 22210.  11.0  34.0   0.854   3.8   0.0
   1 1985 268 21640.  13.2  29.1   1.215   4.5   0.0
   1 1985 269 21670.  14.1  30.3   1.405   2.5   0.0
   1 1985 270 21280.  12.0  31.2   1.137   1.9   0.0
   1 1985 271 20270.  16.7  29.9   1.446   3.5   0.0
   1 1985 272 15950.  12.0  26.0   1.250   2.8   0.0
   1 1985 273 20810.   9.9  27.8   0.976   2.1   0.0
   1 1985 274 19370.  11.5  27.4   1.025   2.1   0.0
   1 1985 275 21530.   9.9  25.2   0.606   1.7   0.0
   1 1985 276 21640.   2.8  27.6   0.285   1.4   0.0
   1 1985 277 21850.   5.7  27.9   0.550   1.6   0.0
   1 1985 278 19840.   8.0  28.6   0.843   1.5   0.0
   1 1985 279 20120.   8.5  31.0   0.461   1.8   0.0
   1 1985 280 18860. -99.0 -99.0 -99.000   2.2   0.0
   1 1985 281 17640. -99.0 -99.0 -99.000   3.7   0.0
   1 1985 282 13570. -99.0 -99.0 -99.000   1.4   0.0
   1 1985 283 17420. -99.0 -99.0 -99.000   4.1   0.0
   1 1985 284 18790. -99.0 -99.0 -99.000   3.3   0.0
   1 1985 285 14510. -99.0 -99.0 -99.000   2.0   2.0
   1 1985 286 17240. -99.0 -99.0 -99.000   1.8   0.0
   1 1985 287 17890. -99.0 -99.0   0.000   4.6   0.0
   1 1985 288 16450.  14.1  27.9   1.114   2.6   0.0
   1 1985 289 12600.   9.0  25.0   0.953   1.7   0.0
   1 1985 290 11660.  10.8  25.0   0.985   2.3   0.0
   1 1985 291 15190.  12.9  27.8   1.117   2.5   4.0
   1 1985 292  7270.  12.5  20.0   1.291   2.4   9.0
   1 1985 293 13030.   9.0  20.4   1.001   1.6   0.0
   1 1985 294 16240.   8.8  23.1   0.982   1.6   0.0
   1 1985 295 17820.   8.0  23.1   1.048   1.6   0.0
   1 1985 296 17780.   5.9  24.7   0.825   1.3   0.0
   1 1985 297 16490.   6.0  24.4   0.801   1.7   0.0
   1 1985 298  7850.   8.9  19.0   1.038   1.7   2.0
   1 1985 299  8600.   8.3  19.2   1.052   2.4   0.0
   1 1985 300 17240.   4.3  19.0   0.756   2.0   0.0
   1 1985 301 16850.   2.0  19.1   0.564   1.3   0.0
   1 1985 302 16700.   3.9  20.0   0.703   1.3   0.0
   1 1985 303 15770.   2.0  21.0   0.594   1.5   0.0
   1 1985 304 15260.   2.5  23.0   0.468   4.3   0.0
   1 1985 305  9180.  10.5  21.0   0.914   3.4   0.0
   1 1985 306 15050.   5.0  23.6   0.759   1.7   0.0
   1 1985 307 14180.   6.2  24.1   0.673   1.0   0.0
   1 1985 308 14150.   5.7  24.9   0.627   1.2   0.0
   1 1985 309 14040.   7.0  25.0   0.691   1.5   0.0
   1 1985 310  9430.   7.5  23.4   0.808   1.9   0.0
   1 1985 311 11560.  10.7  25.9   0.972   1.3   0.0
   1 1985 312  7810.  13.0  25.0   0.989   3.1   0.0
   1 1985 313  6370.  14.0  21.1   1.536   2.2   1.2
   1 1985 314  9430.  10.0  19.6   1.189   1.8   0.0
   1 1985 315  3560.  13.0 -99.0   1.350   1.8   0.0
   1 1985 316 13140. -99.0 -99.0 -99.000   1.4   0.0
   1 1985 317 13680. -99.0 -99.0 -99.000   1.4   0.0
   1 1985 318 11630. -99.0 -99.0 -99.000   1.3   0.0
   1 1985 319 13610. -99.0 -99.0 -99.000   1.2   0.0
   1 1985 320 12490. -99.0 -99.0 -99.000   1.2   0.0
   1 1985 321 12740. -99.0 -99.0 -99.000   1.6   0.0
   1 1985 322 12820. -99.0 -99.0 -99.000   1.2   0.0
   1 1985 323 11920.   5.3  23.0   0.668   1.2   0.0
   1 1985 324 11880.   3.0  23.1   0.523   1.2   0.0
   1 1985 325  9720.   6.4  22.0   0.607   1.1   0.0
   1 1985 326 12280.   3.9  21.7   0.556   1.3   0.0
   1 1985 327  9830.   6.1  20.7   0.747   1.6   0.0
   1 1985 328  9040.   4.3  19.1   0.806   1.8   0.0
   1 1985 329  5800.   6.1  16.6   0.861   1.8   0.0
   1 1985 330  4570.   9.8  17.4   1.176   1.9   1.2
   1 1985 331  8320.   7.7  18.8   0.998   1.4   0.0
   1 1985 332 12060.   3.0  19.0   0.749   1.0   0.0
   1 1985 333 11480.   2.9  20.0   0.722   1.6   0.0
   1 1985 334  5720.   8.0  16.1   1.047   1.9   2.0
   1 1985 335 12350.   0.0  14.2   0.592   1.8   0.0
   1 1985 336  4860.  -1.4  11.0   0.496   2.3   0.0
   1 1985 337  8530.  -6.1   7.5   0.305   1.3   0.0
   1 1985 338 11810.  -8.0   9.0   0.285   1.3   0.0
   1 1985 339 10870.  -0.7  19.0   0.533   2.0   1.0
   1 1985 340 11520.   1.8  21.4   0.668   1.5   0.0
   1 1985 341 11230.   1.6  21.1   0.653   1.0   0.0
   1 1985 342 11380.   0.0  20.0   0.597   1.6   0.0
   1 1985 343 11020.   0.8  19.2   0.603   2.0   0.0
   1 1985 344 10150.   2.3  17.1   0.648   1.9   0.0
   1 1985 345 10580.   3.1  17.3   0.580   1.2   0.0
   1 1985 346 11230.  -0.8  18.8   0.488   1.3   0.0
   1 1985 347   -99.  -4.0  15.5   0.368   3.4   1.2
   1 1985 348   -99.   5.0  10.0   0.812   4.9   0.0
   1 1985 349   -99.  -1.0  12.0   0.568   1.3   3.4
   1 1985 350   -99.  -1.0   8.9   0.568   1.0   1.6
   1 1985 351   -99.   3.0   7.4   0.736   3.8   4.0
   1 1985 352   -99.  -0.9   6.9   0.554   1.5   0.0
   1 1985 353   -99.  -1.9   9.0   0.515   2.1   0.0
   1 1985 354   -99.  -7.2   5.1   0.311   1.2   0.0
   1 1985 355   -99.  -3.7   7.0   0.417   8.7   0.0
   1 1985 356   -99.   4.0  10.2   0.716   8.8   8.0
   1 1985 357   -99.   5.0   7.0   0.837   2.1   5.0
   1 1985 358  2270.   5.0   7.5   0.846   1.2   3.0
   1 1985 359  4570.   6.7   9.6   0.929   2.0   2.0
   1 1985 360  3280.   7.0   8.6   0.971   1.5   1.0
   1 1985 361 10400.   1.2  12.0   0.652   1.5   1.4
   1 1985 362  2450.   4.8  11.9   0.800   2.8   5.6
   1 1985 363 11880.   1.1  12.9   0.610   2.2   0.0
   1 1985 364 10080.   0.6  12.8   0.619   0.3   0.0
   1 1985 365 10400.  -0.3   8.9   0.592   1.2   0.0
