*---------------------------------------------------------------------------*
* Station name: Kafr Antoon, Syria
* Year: 1981
* Author: Peter Uithol                                     -99.000: NIL VALUE
* Source: ICARDA SPS file
* Comments: Vapour pressure measured as maximum relative humudity (%)
*           No wind speed data until October
* Longitude: 37 02 E, latitude: 36 32 N, altitude: 500. m
*
* Column  Daily value
* 1       station number
* 2       year
* 3       day
* 4       irradiation                   (kJ m-2 d-1)
* 5       minimum temperature           (degrees Celsius)
* 6       maximum temperature           (degrees Celsius)
* 7       early morning vapour pressure (kPa)
* 8       mean wind speed (height: 2 m) (m s-1)
* 9       precipitation                 (mm d-1)
*---------------------------------------------------------------------------*
  37.03  36.53   500. 0.00 0.00
   4 1981   1 11020.  -7.0   9.0   0.334 -99.0   0.0
   4 1981   2  4930.  -2.0   6.0   0.508 -99.0   0.0
   4 1981   3  3490.  -2.0   4.0   0.498 -99.0  14.0
   4 1981   4  9290.   1.0   8.2   0.613 -99.0   0.8
   4 1981   5  2090.   3.2   6.5   0.718 -99.0  11.8
   4 1981   6  9320.   2.5  10.8   0.672 -99.0   5.0
   4 1981   7  2950.  -0.8   8.5   0.530 -99.0   1.6
   4 1981   8  7520.   1.0   8.9   0.604 -99.0   0.4
   4 1981   9 10040.   4.0  12.0   0.748 -99.0   0.0
   4 1981  10  4180.   3.0   6.5   0.712 -99.0  11.8
   4 1981  11  2410.   2.0   5.0   0.669 -99.0   9.6
   4 1981  12 10730.   0.2   8.7   0.589 -99.0   0.0
   4 1981  13 10840.  -4.0   9.0   0.422 -99.0   0.4
   4 1981  14  9540.  -2.2   9.0   0.478 -99.0   0.0
   4 1981  15  4360.   2.5   6.5   0.695 -99.0   2.2
   4 1981  16  1300.   3.0   4.2   0.716 -99.0  10.6
   4 1981  17  2450.   3.0   6.0   0.727 -99.0  10.6
   4 1981  18  4460.  -1.2   7.5   0.531 -99.0   1.0
   4 1981  19  2450.  -0.5   7.0   0.559 -99.0   0.8
   4 1981  20  4750.   4.0   9.0   0.781 -99.0   2.8
   4 1981  21  9680.   1.8  10.3   0.661 -99.0   0.0
   4 1981  22  8420.   4.0  11.0   0.748 -99.0   0.0
   4 1981  23  5110.   3.5   8.5   0.722 -99.0   5.6
   4 1981  24  6370.   0.5   8.0   0.608 -99.0   1.0
   4 1981  25 12530.  -0.5  10.5   0.565 -99.0   0.4
   4 1981  26  8350.  -2.2   9.2   0.491 -99.0  11.8
   4 1981  27  4180.   3.5   7.0   0.730 -99.0   9.4
   4 1981  28  4820.   3.2   9.2   0.711 -99.0   0.0
   4 1981  29  8570.   4.5  12.8   0.779 -99.0   0.4
   4 1981  30  7630.   2.5  10.0   0.687 -99.0   0.4
   4 1981  31 11050.  -2.5   9.5   0.488 -99.0   0.2
   4 1981  32 13250.  -1.0  11.0   0.539 -99.0   0.0
   4 1981  33 13970.  -2.2  10.0   0.382 -99.0   0.0
   4 1981  34 14220.   0.0  12.8   0.550 -99.0   0.0
   4 1981  35  3920.  -0.5   6.8   0.574 -99.0   2.6
   4 1981  36  2810.   3.0   6.9   0.720 -99.0   0.4
   4 1981  37  5150.   3.2   8.0   0.730 -99.0   0.8
   4 1981  38  7020.   2.8  11.5   0.687 -99.0   0.2
   4 1981  39  9760.   2.0  10.8   0.684 -99.0   4.4
   4 1981  40 15120.   0.0  12.0   0.586 -99.0   0.2
   4 1981  41 15440.  -4.0  12.0   0.418 -99.0   0.0
   4 1981  42 15770.  -1.0  14.5   0.539 -99.0   0.2
   4 1981  43 11630.   1.0  14.5   0.637 -99.0   0.4
   4 1981  44  5330.   0.0  12.0   0.586 -99.0   0.2
   4 1981  45  4250.   5.5  10.5   0.872 -99.0   4.0
   4 1981  46 12200.   3.5  14.0   0.754 -99.0   3.2
   4 1981  47 10300.   2.0   9.0   0.649 -99.0   2.4
   4 1981  48  5470.  -2.0   3.5   0.496 -99.0   2.8
   4 1981  49  3240.  -1.0   6.0   0.545 -99.0  13.8
   4 1981  50  3530.   5.2   8.5   0.849 -99.0  10.8
   4 1981  51 14510.   2.4  12.0   0.701 -99.0   1.4
   4 1981  52 14690.   1.6  14.0   0.651 -99.0   0.0
   4 1981  53 17750.  -1.2  14.2   0.531 -99.0   0.0
   4 1981  54 16270.  -0.5  15.2   0.559 -99.0   8.6
   4 1981  55  4280.   4.0   7.0   0.785 -99.0   3.2
   4 1981  56  9650.   3.0  10.0   0.735 -99.0   6.4
   4 1981  57 13860.   0.5  12.0   0.608 -99.0   1.4
   4 1981  58 11740.  -0.5  11.8   0.565 -99.0   0.0
   4 1981  59  6080.   5.2  10.0   0.840 -99.0   1.0
   4 1981  60  9470.   1.0   9.0   0.624 -99.0   2.2
   4 1981  61 10550.   1.0   9.0   0.617 -99.0   2.0
   4 1981  62 17280.   0.0  12.0   0.586 -99.0   0.0
   4 1981  63 10690.  -3.0  13.0   0.441 -99.0   0.0
   4 1981  64 17750.   1.0  17.0   0.617 -99.0   0.0
   4 1981  65 11770.   6.0  15.0   0.804 -99.0   0.0
   4 1981  66 13860.   6.0  18.0   0.860 -99.0   0.0
   4 1981  67 18900.   4.0  19.0   0.764 -99.0   0.0
   4 1981  68 19910.   4.5  21.0   0.796 -99.0   0.0
   4 1981  69 15880.   8.5  20.5   1.043 -99.0   9.0
   4 1981  70  5150.   8.0  12.0   1.019 -99.0  23.0
   4 1981  71 15840.   7.2  14.5   0.884 -99.0   0.0
   4 1981  72  9470.   8.5  13.0   0.944 -99.0   0.0
   4 1981  73  6080.   8.2  12.0   0.957 -99.0   0.4
   4 1981  74 20090.   7.0  16.0   0.882 -99.0   0.0
   4 1981  75 21600.   4.0  17.0   0.724 -99.0   0.0
   4 1981  76  9500.   3.5  16.0   0.683 -99.0   1.6
   4 1981  77 19550.   1.0  20.0   0.591 -99.0   0.0
   4 1981  78 21130.   7.0  23.0   0.917 -99.0   0.0
   4 1981  79 15260.   5.5  17.0   0.840 -99.0   0.6
   4 1981  80 11840.   5.0  16.0   0.829 -99.0   0.6
   4 1981  81 16960.   1.8  17.0   0.654 -99.0   1.8
   4 1981  82  4320.   4.5  11.0   0.783 -99.0   9.0
   4 1981  83 17600.   3.8  14.0   0.742 -99.0   0.2
   4 1981  84 18470.   1.5  18.0   0.626 -99.0   7.4
   4 1981  85  5650.   8.0  11.2   0.998 -99.0   7.2
   4 1981  86  9720.   8.9  14.5   1.049 -99.0   0.0
   4 1981  87 21710.   8.2  17.5   1.012 -99.0   0.0
   4 1981  88 23400.   8.0  18.5   0.987 -99.0   0.0
   4 1981  89 19870.   5.5  19.0   0.840 -99.0   0.4
   4 1981  90 24370.   1.5  16.5   0.449 -99.0   0.0
   4 1981  91 25880.  -1.0  14.0   0.358 -99.0   0.0
   4 1981  92 19840.  -2.5  15.0   0.457 -99.0   0.0
   4 1981  93 21020.   4.5  17.0   0.598 -99.0   0.0
   4 1981  94 14870.   6.0  15.5   0.870 -99.0  16.6
   4 1981  95 16560.   0.0  11.5   0.568 -99.0   0.0
   4 1981  96 23760.  -3.1  15.0   0.442 -99.0   0.6
   4 1981  97 11480.   1.0  12.0   0.614 -99.0   0.4
   4 1981  98 21960.   2.5  16.0   0.673 -99.0   0.4
   4 1981  99 19980.   1.2  16.0   0.613 -99.0   0.0
   4 1981 100 24950.   1.0  17.0   0.532 -99.0   0.0
   4 1981 101 24080.  -0.5  19.0   0.530 -99.0   0.0
   4 1981 102 26350.   8.0  19.0   0.955 -99.0   0.0
   4 1981 103 23690.   7.5  20.5   0.964 -99.0   0.0
   4 1981 104 17170.   2.5  20.0   0.695 -99.0   2.0
   4 1981 105 10000.   9.5  15.0   1.069 -99.0   7.6
   4 1981 106 20560.   9.0  19.0   1.079 -99.0   0.0
   4 1981 107 26930.   9.0  20.5   1.056 -99.0   0.0
   4 1981 108 26890.   7.5  22.0   0.954 -99.0   0.0
   4 1981 109 24840.   3.0  25.0   0.682 -99.0   0.0
   4 1981 110 21710.   9.5  25.2   1.069 -99.0   0.0
   4 1981 111 20450.   6.0  30.5   0.701 -99.0   0.0
   4 1981 112 11410.  11.0  25.5   1.208 -99.0   0.0
   4 1981 113 25810.  10.0  28.0   1.118 -99.0   0.0
   4 1981 114 25020.  14.0  30.0   1.312 -99.0   0.0
   4 1981 115 27360.  13.0  27.0   1.409 -99.0   0.0
   4 1981 116 26320.  13.0  26.0   1.424 -99.0   0.0
   4 1981 117 23330.  11.5  24.0   1.290 -99.0   0.0
   4 1981 118 24770.  11.0  24.0   1.208 -99.0   0.0
   4 1981 119 27360.  10.0  22.0   1.148 -99.0  13.6
   4 1981 120 28480.   5.0  18.0   0.816 -99.0   0.0
   4 1981 121 29950.   2.2  19.0   0.608 -99.0   0.0
   4 1981 122 27680.   4.0  21.0   0.756 -99.0   0.6
   4 1981 123 17280.  10.0  19.5   1.105 -99.0   1.4
   4 1981 124 18500.  11.0  20.0   1.221 -99.0  20.4
   4 1981 125 14400.  10.5  18.5   1.188 -99.0   3.8
   4 1981 126 27900.   8.0  23.0   0.976 -99.0   0.8
   4 1981 127 27110.   8.0  19.5   0.976 -99.0   0.0
   4 1981 128 26640.   3.5  20.0   0.730 -99.0   0.0
   4 1981 129 27320.   7.0  20.0   0.922 -99.0   0.0
   4 1981 130 28910.   9.5  21.0   1.081 -99.0   0.0
   4 1981 131 28550.   8.0  21.5   0.976 -99.0   0.0
   4 1981 132 23760.   8.0  23.0   0.976 -99.0   0.0
   4 1981 133 26350.   4.5  28.5   0.758 -99.0   0.0
   4 1981 134 28760.  10.2  22.0   1.152 -99.0   0.0
   4 1981 135 20840.   7.0  20.5   0.927 -99.0   0.0
   4 1981 136 25920.   7.0  20.5   0.922 -99.0   0.0
   4 1981 137 29880.   6.2  24.0   0.759 -99.0   0.0
   4 1981 138 22360.   8.5  26.5   0.821 -99.0   0.0
   4 1981 139 29020.   8.8  28.0   0.991 -99.0   0.0
   4 1981 140 28910.   9.0  28.0   1.068 -99.0   0.0
   4 1981 141 17350.  10.2  27.5   1.133 -99.0   0.4
   4 1981 142 20920.   9.8  20.2   1.121 -99.0   0.0
   4 1981 143 26820.   7.8  24.2   0.984 -99.0   0.2
   4 1981 144 29810.   8.0  25.5   0.992 -99.0   0.0
   4 1981 145 29200.   7.0  27.8   0.912 -99.0   0.0
   4 1981 146 24340.  12.5  26.2   1.327 -99.0   0.0
   4 1981 147 30240.  11.0  27.5   1.221 -99.0   0.0
   4 1981 148 30890.  11.2  28.5   1.131 -99.0   0.0
   4 1981 149 30490.   9.5  31.0   0.903 -99.0   0.0
   4 1981 150 31210.  10.5  33.2   0.914 -99.0   0.0
   4 1981 151 29340.  11.0  35.2   1.024 -99.0   0.0
   4 1981 152 29410.  15.5  37.0   1.128 -99.0   0.0
   4 1981 153 30640.  19.0  32.0   1.837 -99.0   0.0
   4 1981 154 29630.  16.0  27.0   1.692 -99.0   0.0
   4 1981 155 30380.  12.0  27.0   1.305 -99.0   0.0
   4 1981 156 30460.  10.0  28.0   0.931 -99.0   0.0
   4 1981 157 27140.  12.2  29.0   1.052 -99.0   0.0
   4 1981 158 21560.  16.0  30.0   1.310 -99.0   0.0
   4 1981 159 28080.  16.0  33.5   1.510 -99.0   0.0
   4 1981 160 28300.  16.4  35.0   1.549 -99.0   0.0
   4 1981 161 27900.  14.2  32.5   1.167 -99.0   0.0
   4 1981 162 11810.  17.5  32.0   1.741 -99.0   0.0
   4 1981 163 30740.  17.5  32.5   1.521 -99.0   0.0
   4 1981 164 31680.  16.0  32.5   1.583 -99.0   0.0
   4 1981 165 28910.  16.0  29.5   1.656 -99.0   0.0
   4 1981 166 25920.  16.5  27.5   1.803 -99.0  34.8
   4 1981 167 15410.  13.5  21.5   1.440 -99.0   3.0
   4 1981 168 31000.  12.0  26.5   1.179 -99.0   0.0
   4 1981 169 31390.  14.0  31.0   1.472 -99.0   0.0
   4 1981 170 30920.  16.5  34.5   1.728 -99.0   0.0
   4 1981 171 31180.  18.0  38.5   1.880 -99.0   0.0
   4 1981 172 30280.  19.0  35.5   2.002 -99.0   0.0
   4 1981 173 31930.  19.2  30.5   2.027 -99.0   0.0
   4 1981 174 30890.  18.0  28.0   1.901 -99.0   0.0
   4 1981 175 31000.  18.5  30.5   1.940 -99.0   0.0
   4 1981 176 30130.  18.0  36.0   1.901 -99.0   0.0
   4 1981 177 31610.  18.2  38.5   1.904 -99.0   0.0
   4 1981 178 30280.  20.0  38.0   1.498 -99.0   0.0
   4 1981 179 30850.  19.2  37.0   0.935 -99.0   0.0
   4 1981 180 30380.  19.2  36.5   1.180 -99.0   0.0
   4 1981 181 29920.  18.2  36.0   1.328 -99.0   0.0
   4 1981 182 29990.  19.0  35.0   1.276 -99.0   0.0
   4 1981 183 29810.  20.5  36.0   1.726 -99.0   0.0
   4 1981 184 26140.  19.5  34.5   1.906 -99.0   0.0
   4 1981 185 23040.  21.0  35.5   1.967 -99.0   0.0
   4 1981 186 29990.  21.0  35.5   1.942 -99.0   0.0
   4 1981 187 30850.  20.0  35.0   1.873 -99.0   0.0
   4 1981 188 30280.  20.0  31.5   2.177 -99.0   0.0
   4 1981 189 29880.  19.0  30.0   2.024 -99.0   0.0
   4 1981 190 30130.  18.0  29.5   1.756 -99.0   0.0
   4 1981 191 31070.  18.5  30.5   1.940 -99.0   0.0
   4 1981 192 29590.  18.5  31.2   1.855 -99.0   0.0
   4 1981 193 30280.  19.0  35.0   1.980 -99.0   0.0
   4 1981 194 30380.  19.5  35.0   1.906 -99.0   0.0
   4 1981 195 30200.  19.8  37.0   1.919 -99.0   0.0
   4 1981 196 31360.  19.0  38.5   1.804 -99.0   0.0
   4 1981 197 30960.  21.0  33.0   2.166 -99.0   0.0
   4 1981 198 29950.  20.0  36.0   2.154 -99.0   0.0
   4 1981 199 30020.  18.0  36.5   1.777 -99.0   0.0
   4 1981 200 29770.  21.0  35.5   2.017 -99.0   0.0
   4 1981 201 29380.  21.5  35.0   2.003 -99.0   0.0
   4 1981 202 28940.  21.0  35.0   2.141 -99.0   0.0
   4 1981 203 28730.  19.5  38.0   2.088 -99.0   0.0
   4 1981 204 28800.  21.0  36.0   2.291 -99.0   0.0
   4 1981 205 26710.  20.5  40.0   2.233 -99.0   0.0
   4 1981 206 30280.  21.5  40.5   2.336 -99.0   0.0
   4 1981 207 28370.  22.5  39.5   2.347 -99.0   0.0
   4 1981 208 28510.  22.0  40.5   2.330 -99.0   0.0
   4 1981 209 28440.  22.0  37.2   2.330 -99.0   0.0
   4 1981 210 28330.  13.0  38.0   1.049 -99.0   0.0
   4 1981 211 27680.  21.0  36.5   2.291 -99.0   0.0
   4 1981 212 26530.  21.0  36.5   2.266 -99.0   0.0
   4 1981 213 28260.  21.0  38.0   2.291 -99.0   0.0
   4 1981 214 27500.  22.0  35.5   2.435 -99.0   0.0
   4 1981 215 28550.  21.2  37.0   2.319 -99.0   0.0
   4 1981 216 27430.  23.0  38.0   2.307 -99.0   0.0
   4 1981 217 28400.  24.0  36.0   2.510 -99.0   0.0
   4 1981 218 30560.  20.0  34.0   1.990 -99.0   0.0
   4 1981 219 26460.  18.0  35.0   1.549 -99.0   0.0
   4 1981 220 28150.  19.0  35.0   1.540 -99.0   0.0
   4 1981 221 28400.  21.0  34.5   2.067 -99.0   0.0
   4 1981 222 27290.  22.0  34.0   2.197 -99.0   0.0
   4 1981 223 27860.  21.0  34.0   2.166 -99.0   0.0
   4 1981 224 26930.  21.0  33.5   1.917 -99.0   0.0
   4 1981 225 26680.  21.0  34.0   2.291 -99.0   0.0
   4 1981 226 25990.  21.0  37.0   2.291 -99.0   0.0
   4 1981 227 27110.  21.0  37.0   2.316 -99.0   0.0
   4 1981 228 27070.  22.0  35.0   2.330 -99.0   0.0
   4 1981 229 26060.  22.0  34.5   2.435 -99.0   0.0
   4 1981 230 26960.  21.0  32.0   2.291 -99.0   0.0
   4 1981 231 26570.  20.0  36.0   2.130 -99.0   0.0
   4 1981 232 25810.  21.5  33.5   2.362 -99.0   0.0
   4 1981 233 25700.  21.5  33.0   2.362 -99.0   0.0
   4 1981 234 26140.  20.0  32.0   2.200 -99.0   0.0
   4 1981 235 25490.  21.0  33.5   2.116 -99.0   0.0
   4 1981 236 25850.  20.2  35.0   2.204 -99.0   0.0
   4 1981 237 25990.  21.0  35.5   2.316 -99.0   0.0
   4 1981 238 25600.  21.0  37.0   2.291 -99.0   0.0
   4 1981 239 25520.  21.0  34.0   2.291 -99.0   0.0
   4 1981 240 23720.  20.0  30.0   1.943 -99.0   0.0
   4 1981 241 25130.  19.0  29.5   2.002 -99.0   0.0
   4 1981 242 25020.  18.0  30.5   1.880 -99.0   0.0
   4 1981 243 24840.  19.0  35.0   2.123 -99.0   0.0
   4 1981 244 25310.  16.2  36.0   1.511 -99.0   0.0
   4 1981 245 25630.  17.0  37.0   1.319 -99.0   0.0
   4 1981 246 25060.  21.0  36.0   2.092 -99.0   0.0
   4 1981 247 25060.  21.0  37.0   2.116 -99.0   0.0
   4 1981 248 25090.  20.0  34.5   2.177 -99.0   0.0
   4 1981 249 24910.  16.5  36.0   1.296 -99.0   0.0
   4 1981 250 23870.  15.0  39.0   0.819 -99.0   0.0
   4 1981 251 23000.  18.0  39.5   1.239 -99.0   0.0
   4 1981 252 22750.  21.0  35.0   2.166 -99.0   0.0
   4 1981 253 21310.  20.0  30.5   2.200 -99.0   0.0
   4 1981 254 21560.  17.2  29.5   1.728 -99.0   0.0
   4 1981 255 23180.  18.0  31.0   1.983 -99.0   0.0
   4 1981 256 24260.  18.8  31.0   1.998 -99.0   0.0
   4 1981 257 22070.  16.5  31.8   1.803 -99.0   0.0
   4 1981 258 23110.  11.0  31.2   0.814 -99.0   0.0
   4 1981 259 22640.  15.0  28.0   1.468 -99.0   0.0
   4 1981 260 22360.  16.0  27.0   1.456 -99.0   0.0
   4 1981 261 22790.  14.5  26.5   1.371 -99.0   0.0
   4 1981 262 22540.  14.2  28.2   1.329 -99.0   0.0
   4 1981 263 22200.   9.2  29.5   1.036 -99.0   0.0
   4 1981 264 22180.  14.0  30.0   1.376 -99.0   0.0
   4 1981 265 22030.  13.2  30.5   1.275 -99.0   0.0
   4 1981 266 22100.  12.0  33.0   0.744 -99.0   0.0
   4 1981 267 21900.  10.0  32.2   0.356 -99.0   0.0
   4 1981 268 20800.  12.5  34.0   0.377 -99.0   0.0
   4 1981 269 14800.  15.0  34.0   0.324 -99.0   0.0
   4 1981 270 17400.  20.5  34.2   0.724 -99.0   0.0
   4 1981 271 19000.  17.0  32.0   1.600 -99.0   0.0
   4 1981 272 19000.  18.0  29.5   1.839 -99.0   0.0
   4 1981 273 19800.  17.5  30.0   1.741   5.4   0.0
   4 1981 274 19440.  16.2  30.2   1.631   3.2   0.0
   4 1981 275 19940.  14.5  30.0   1.314   3.6   0.0
   4 1981 276 20450.  14.5  29.5   1.470   3.6   0.0
   4 1981 277 19800.  14.2  28.5   1.442   5.6   0.0
   4 1981 278 19400.  16.0  28.0   1.565   6.5   0.0
   4 1981 279 18300.  16.0  29.0   1.565   4.0   0.0
   4 1981 280 19040.   9.0  31.0   0.999   2.4   0.0
   4 1981 281 18000.  13.0  28.9   1.289   2.0   0.0
   4 1981 282 19000.  12.0  29.5   1.137   1.8   0.0
   4 1981 283 15600.   9.0  29.0   0.746   4.0   0.0
   4 1981 284 15900.  10.0  29.0   0.614   2.7   3.6
   4 1981 285 16600.  10.0  26.2   0.995   2.6   1.8
   4 1981 286 15700.  10.5  23.2   1.118   1.8   0.0
   4 1981 287  9320.   9.0  23.5   0.999   1.7  13.0
   4 1981 288 10660.   8.0  18.0   1.009   1.3   6.2
   4 1981 289 18040.   6.0  21.5   0.842   1.1   0.0
   4 1981 290 18040.   5.5  25.0   0.786   1.4   0.0
   4 1981 291 17460.   5.5  23.0   0.727   1.4   0.0
   4 1981 292 17750.   3.0  23.0   0.587   1.0   0.0
   4 1981 293 16670.   3.8  23.5   0.585   1.3   0.0
   4 1981 294 15440.   4.0  25.2   0.581   1.2   0.0
   4 1981 295 16490.   6.0  26.0   0.636   1.3   0.0
   4 1981 296 15880.   6.5  27.0   0.591   1.2   0.0
   4 1981 297 13460.   7.2  27.0   0.574   2.6   0.0
   4 1981 298 13860.   8.5  24.0   0.733   1.9   0.0
   4 1981 299 15230.   8.0  26.0   0.751   1.4   0.0
   4 1981 300 15300.   6.0  27.0   0.701   1.4   0.0
   4 1981 301 15080.   6.2  28.2   0.465   1.5   0.0
   4 1981 302 14650.   8.2  28.0   0.479   2.6   0.0
   4 1981 303  8570.   9.5  23.0   0.546   2.2   0.0
   4 1981 304  9430.   7.9  21.0   0.831   2.5   0.4
   4 1981 305  9610.   7.0  19.4   0.902   1.2   0.0
   4 1981 306 14650.   4.8  21.2   0.774   1.2   0.0
   4 1981 307 14470.   2.0  21.2   0.508   2.5   8.8
   4 1981 308  4320.   4.5  16.2   0.792   2.8   1.2
   4 1981 309 15340.  -1.0  14.0   0.431   2.4   0.0
   4 1981 310 14800.  -3.5  14.2   0.429   1.6   0.0
   4 1981 311 14470.   0.0  17.0   0.452   2.1   0.0
   4 1981 312 13280.   2.8  19.0   0.471   3.1   0.0
   4 1981 313 12560.   5.8  21.5   0.618   1.5   0.0
   4 1981 314  6230.   9.5  18.5   1.128   3.5   2.0
   4 1981 315  8100.   9.0  17.2   1.091   6.2  33.2
   4 1981 316  8100.   4.0  12.0   0.756   2.8   0.6
   4 1981 317 13700.  -2.0  10.0   0.490   1.5   0.0
   4 1981 318 12700.  -3.5  10.2   0.439   2.6   0.0
   4 1981 319  9900.   4.0  11.2   0.691   5.4   0.0
   4 1981 320  9900.   1.5  15.0   0.531   0.9   2.4
   4 1981 321  5040.   5.5  11.2   0.840   2.1   8.2
   4 1981 322  5980.   2.0  13.0   0.670   1.1   3.8
   4 1981 323  3900.   1.0   8.8   0.591   0.8   5.6
   4 1981 324  4900.  -1.0   7.0   0.505   2.6   2.2
   4 1981 325  5620.   0.8   9.0   0.550   2.3   0.0
   4 1981 326 12500.  -2.0  11.5   0.427   1.3   0.0
   4 1981 327 11230.  -3.0  13.0   0.450   0.7   0.0
   4 1981 328 12020.  -3.2  14.8   0.444   0.5   0.0
   4 1981 329 12020.  -4.0  16.0   0.418   1.7   0.0
   4 1981 330 10730.   1.0  15.0   0.584   2.0   0.0
   4 1981 331  8090.   1.0  12.2   0.611   3.7   0.0
   4 1981 332  5580.   3.2  10.8   0.745   3.2   0.0
   4 1981 333  8240.   2.5  13.5   0.673   1.6   0.0
   4 1981 334  4180.   2.0  11.8   0.670   1.5   0.0
   4 1981 335 10330.   4.0  16.0   0.760   3.4   2.8
   4 1981 336  4180.   4.2  11.0   0.792   0.7   1.4
   4 1981 337  5220.   4.0  11.5   0.781   0.7   0.4
   4 1981 338  7380.   1.2  10.5   0.640   0.9   0.6
   4 1981 339  5180.   1.2  11.2   0.640   4.6   5.2
   4 1981 340  8090.   5.2  12.8   0.858   1.0   2.0
   4 1981 341  6620.   5.0  15.0   0.837   1.9   0.0
   4 1981 342  6260.   4.2  14.5   0.788   1.7   0.4
   4 1981 343  8490.   3.0  13.0   0.727   2.0   0.4
   4 1981 344 10000.   0.0  14.2   0.565   1.2   0.2
   4 1981 345  9580.   0.5  14.0   0.592   2.2   0.0
   4 1981 346  9680.   4.0  14.5   0.740   2.8   0.0
   4 1981 347  9400.   2.2  15.0   0.623   0.9   0.0
   4 1981 348  5580.   2.5  14.0   0.695   0.9   0.8
   4 1981 349  3090.   3.5  12.5   0.734   1.7   0.6
   4 1981 350  2340.   3.2  11.2   0.730   1.8   8.2
   4 1981 351  5620.   0.8  11.9   0.615   4.2  13.0
   4 1981 352  4460.   2.5  15.8   0.687   2.3   3.4
   4 1981 353 10690.   1.2  12.2   0.573   1.5   0.0
   4 1981 354  6730.   3.5  11.2   0.659   4.3   0.0
   4 1981 355  6080.   3.5  11.2   0.738   3.6   4.6
   4 1981 356  8780.   2.5  12.5   0.700   1.5   0.0
   4 1981 357  9220.   4.0  13.0   0.756   4.6   0.0
   4 1981 358  1150.   7.5   9.0   1.027   3.1  12.2
   4 1981 359  8390.   6.0  13.0   0.898   1.1   0.2
   4 1981 360  5180.   8.0  13.5   1.019   1.3   1.2
   4 1981 361  2630.   8.9  11.0   1.084   4.4  23.0
   4 1981 362  4970.   1.5  11.0   0.647   1.5   1.2
   4 1981 363  1660.   1.0   6.5   0.624   2.2   6.0
   4 1981 364  7850.   3.0  11.0   0.712   1.3   1.4
   4 1981 365  5650.   2.2  12.0   0.666   1.2   4.0
