*----------------------------------------------------------*
* Station name: Izra'a, Syria
* Author:       Anne Elings
* Source:       Department of Metereology, Ministry of Defense.
* Year:         1990
*
* No missing, estimated or interpolated data.
* January through June.
*
* Longitude:  36 14 E
* Latitiude:  32 52 N
* Altitude:   about 700 m
*
* Column 1: Station number
*        2: Year
*        3: day number
*        4: Irradiation         (kJ/m2/d)
*        5: Minimum temperature (degrees Celsius)
*        6: Maximum temperature (degrees Celsius)
*        7: Vapour pressure     (kPa)
*        8: Mean wind speed     (m/s)
*        9: Precipitation       (mm/d)
*----------------------------------------------------------*
  36.23  32.87   700. 0.00 0.00
   8 1990   1 11970.   3.5  14.6   0.900   4.0   0.0
   8 1990   2  9744.   4.0  17.5   0.910   2.8   0.3
   8 1990   3  1932.  -0.1  13.0   0.830   3.1  27.4
   8 1990   4  6048.   5.4  11.0   0.920   3.8  10.4
   8 1990   5  3402.   5.0  10.5   0.880   5.0   1.5
   8 1990   6  7602.   1.0  12.2   0.840   2.3   0.0
   8 1990   7  5376.  -1.9   8.7   0.580   2.1   0.0
   8 1990   8 13440.   0.6  11.3   0.690   1.7   0.3
   8 1990   9  7896.   0.6   9.6   0.690   2.1   0.3
   8 1990  10 10962.  -5.0  10.3   0.550   1.7   0.0
   8 1990  11 12558.  -1.0  11.7   0.430   3.1   0.0
   8 1990  12 11928.  -8.0  11.1   0.870   3.8   0.0
   8 1990  13  9954.   0.4  11.9   0.300   3.6   0.0
   8 1990  14 11970.  -2.9  15.4   0.480   1.2   0.0
   8 1990  15  5334.   3.0  12.1   0.790   2.9   0.0
   8 1990  16  7938.   1.9  13.0   0.850   2.5   0.0
   8 1990  17  4158.   1.2  11.5   0.790   3.0   1.8
   8 1990  18 10542.  -1.7  15.5   0.700   1.5   0.0
   8 1990  19 10794.  -1.6  15.2   0.560   2.3   0.0
   8 1990  20  3780.   5.8  12.8   0.760   2.1   1.5
   8 1990  21  3318.   1.4  10.2   0.800   4.6   8.1
   8 1990  22  5292.   0.4   8.9   0.710   3.3   4.6
   8 1990  23  7938.  -1.0  10.4   0.620   2.8   0.3
   8 1990  24 13860.  -4.0  10.2   0.440   1.7   0.0
   8 1990  25 13146.  -4.5  12.8   0.330   2.3   0.0
   8 1990  26  3192.   0.6   4.3   0.690   3.5   8.6
   8 1990  27  5334.   7.5   3.5   0.690   3.2   0.8
   8 1990  28  7644.   0.6   9.3   0.690   2.4   0.0
   8 1990  29 12600.   0.6  16.8   0.690   1.3   0.3
   8 1990  30  7182.  -1.7  13.6   0.590   2.1   0.0
   8 1990  31 14070.  -0.9  15.3   0.490   2.5   0.0
   8 1990  32  9576.   0.8  12.6   0.610   2.8   0.0
   8 1990  33 11634.   0.7  13.8   0.750   2.4   0.0
   8 1990  34 12012.  -0.7  14.8   0.700   1.5   0.0
   8 1990  35 13104.   0.0  14.3   0.790   3.3   0.0
   8 1990  36 12054.  -0.4  14.0   0.760   2.2   0.0
   8 1990  37  6552.   2.2  12.4   0.810   2.8   2.5
   8 1990  38  9744.   0.7  12.3   0.730   2.7   0.5
   8 1990  39 10836.  -3.9  14.5   0.750   2.0   0.3
   8 1990  40  6762.   3.7  10.8   0.820   2.8   0.3
   8 1990  41 10122.   2.2  11.5   0.810   3.7   2.8
   8 1990  42  4242.   1.7  12.8   0.800   2.4   1.3
   8 1990  43 11592.   3.5  14.3   0.790   4.5   0.0
   8 1990  44 12096.   3.0  14.9   0.750   3.3   0.5
   8 1990  45  9660.   1.9  17.9   0.750   6.3  19.3
   8 1990  46  7560.   2.4  13.4   0.870   5.2   4.6
   8 1990  47  7350.   7.0  16.0   1.040   2.0   0.0
   8 1990  48 17262.   4.7  19.8   0.900   4.4   0.0
   8 1990  49  6510.   0.3  12.4   0.790   7.1  13.7
   8 1990  50 14238.  -1.9  10.4   0.630   4.0   0.0
   8 1990  51 17682.  -3.8  12.4   0.570   1.8   0.0
   8 1990  52 13860.  -0.5  12.8   0.570   2.0   0.0
   8 1990  53  2478.   2.7   6.0   0.540   3.5  17.5
   8 1990  54 16296.   1.4  12.4   0.710   2.5   0.0
   8 1990  55 12726.  -1.4  12.5   0.710   1.7   0.0
   8 1990  56 17010.  -3.0  16.3   0.640   1.9   0.0
   8 1990  57 14826.  -1.2  14.4   0.770   2.9   0.0
   8 1990  58 18732.  -1.1  15.2   0.750   2.7   0.0
   8 1990  59 14784.  -0.5  16.3   0.740   3.1   0.0
   8 1990  60  5628.   1.2  11.7   0.670   6.9  23.9
   8 1990  61 12642.   0.0  13.6   0.820   4.1   0.0
   8 1990  62  8652.   1.6  19.6   0.950   1.4   0.0
   8 1990  63 18480.  -0.8  20.8   0.890   2.7   0.0
   8 1990  64 12264.   4.4  16.2   1.000   3.3   0.0
   8 1990  65  8022.   2.9  12.8   0.860   3.2   0.0
   8 1990  66 10710.   0.5  14.1   0.840   3.1   0.0
   8 1990  67 15708.   0.5  16.1   0.830   2.4   0.0
   8 1990  68 20874.   2.8  22.1   0.670   2.5   0.0
   8 1990  69 12516.   8.7  21.9   0.610   3.3   0.0
   8 1990  70  9576.   2.4  15.5   0.900   3.8   0.5
   8 1990  71 12894.   3.7  17.0   0.950   3.1   2.8
   8 1990  72  2940.   2.7  10.3   0.750   4.0  19.0
   8 1990  73 17220.   3.2  15.6   0.930   4.6   0.0
   8 1990  74 20958.   4.8  22.1   0.910   2.0   0.0
   8 1990  75 20958.   5.1  17.8   0.540   5.5   0.0
   8 1990  76 22218.   2.9  13.7   0.250   6.0   0.0
   8 1990  77 23436.  -1.6  17.6   0.270   3.0   0.0
   8 1990  78 23142.  -2.2  21.9   0.460   1.1   0.0
   8 1990  79 22554.   6.4  21.8   0.430   4.5   0.0
   8 1990  80 23142.   6.1  21.9   0.310   2.6   0.0
   8 1990  81 22596.   4.3  23.1   0.350   2.0   0.0
   8 1990  82 19446.   3.0  18.7   0.690   2.8   0.8
   8 1990  83 14616.   3.7  16.5   0.850   3.2   0.0
   8 1990  84 21210.   3.1  17.8   0.950   2.9   0.0
   8 1990  85 21294.   4.6  18.4   1.020   2.7   0.0
   8 1990  86 22218.   3.4  22.7   0.940   1.7   0.0
   8 1990  87 23562.   0.9  23.9   0.790   1.6   0.0
   8 1990  88 23982.   1.9  23.0   0.880   2.6   0.0
   8 1990  89 23982.   2.9  20.4   0.840   3.2   0.0
   8 1990  90 19278.   5.4  17.1   0.980   4.2   1.3
   8 1990  91  4074.   3.2   9.4   0.780   3.8  14.5
   8 1990  92  8232.  -0.5  10.2   0.720   2.8   5.1
   8 1990  93 21714.  -1.3  13.9   0.720   2.2   0.0
   8 1990  94 25158.  -0.5  17.4   0.760   1.7   0.0
   8 1990  95 17262.  -1.2  16.8   0.730   1.6   0.0
   8 1990  96 25074.   0.6  18.4   0.870   2.6   0.0
   8 1990  97 25620.   2.0  20.3   0.890   1.6   0.0
   8 1990  98 24696.   2.9  24.5   0.920   1.6   0.0
   8 1990  99 19782.   4.9  21.3   0.960   2.5   0.0
   8 1990 100 25368.   2.6  26.7   0.990   1.4   0.0
   8 1990 101 15078.  11.3  28.2   1.100   2.0   0.0
   8 1990 102 18900.   7.5  22.5   1.030   2.5   0.0
   8 1990 103 22344.   6.5  25.1   0.730   1.6   0.0
   8 1990 104 27048.   4.9  23.3   0.850   3.5   0.0
   8 1990 105 22386.   8.5  18.9   1.030   4.7   0.0
   8 1990 106 24906.   3.5  18.2   0.940   3.8   0.0
   8 1990 107 25704.   3.5  20.1   0.950   2.7   0.0
   8 1990 108 26838.   4.4  26.7   0.680   1.7   0.0
   8 1990 109 24654.   9.7  30.1   0.670   2.0   0.0
   8 1990 110 19992.   9.1  25.4   0.820   2.3   0.0
   8 1990 111 28014.   2.5  23.4   0.780   3.3   0.0
   8 1990 112 28938.  -1.2  29.0   0.520   1.3   0.0
   8 1990 113 27468.  12.0  32.0   0.470   2.3   0.0
   8 1990 114 26544.  15.3  32.5   0.460   2.0   0.0
   8 1990 115 26544.  13.0  33.8   0.450   1.6   0.0
   8 1990 116 27720.   9.7  34.7   0.500   1.2   0.0
   8 1990 117 22260.  11.2  33.8   0.560   2.3   0.0
   8 1990 118 18228.  12.0  23.9   0.950   4.1   0.3
   8 1990 119 24066.   8.3  22.9   1.120   3.8   0.0
   8 1990 120 26250.   5.9  24.5   0.820   2.0   0.0
   8 1990 121 21210.   5.3  20.2   0.950   4.6   0.0
   8 1990 122 25872.   3.6  20.2   0.810   2.9   0.0
   8 1990 123 28182.   2.5  23.6   0.730   1.7   0.0
   8 1990 124 28686.   3.2  21.9   0.910   3.4   0.0
   8 1990 125 25620.   4.6  19.6   0.880   4.2   0.0
   8 1990 126 28770.   2.7  24.0   0.750   2.0   0.0
   8 1990 127 28812.   3.8  27.7   0.580   1.8   0.0
   8 1990 128 28476.   6.9  29.5   0.520   1.8   0.0
   8 1990 129 20496.  11.6  28.6   0.660   1.9   0.0
   8 1990 130 26418.  11.3  23.5   1.020   4.0   0.0
   8 1990 131 19782.  11.0  21.4   1.140   4.5   0.0
   8 1990 132 20622.  10.6  22.1   1.190   5.1   0.3
   8 1990 133 25116.   9.6  24.3   1.080   3.8   0.0
   8 1990 134 26166.   7.1  30.4   0.650   1.5   1.8
   8 1990 135 26838.  11.6  35.0   0.800   1.9   0.0
   8 1990 136 27006.  11.6  28.3   1.100   4.0   0.0
   8 1990 137 29316.   8.6  26.8   0.920   3.9   0.0
   8 1990 138 29484.   7.8  29.7   0.580   2.2   0.0
   8 1990 139 29232.   8.7  32.5   0.500   1.6   0.0
   8 1990 140 27762.  10.7  33.0   0.710   3.3   0.0
   8 1990 141 26922.  13.7  28.7   1.390   4.1   0.0
   8 1990 142 27258.  13.3  29.1   1.390   3.3   0.0
   8 1990 143 26796.  12.7  28.7   1.400   3.6   0.0
   8 1990 144 27846.  12.1  29.2   1.310   3.4   0.0
   8 1990 145 29190.  10.2  32.1   0.960   2.0   0.0
   8 1990 146 30240.  10.8  37.0   0.600   1.5   0.0
   8 1990 147 30156.  20.5  39.8   0.450   2.4   0.0
   8 1990 148 29610.  16.8  41.2   0.560   3.4   0.0
   8 1990 149 29484.  13.6  34.2   1.000   2.8   0.0
   8 1990 150 29148.  13.5  35.8   1.090   2.0   0.0
   8 1990 151 29820.  13.6  41.1   0.610   2.2   0.0
   8 1990 152 30114.  13.3  33.6   0.990   4.6   0.0
   8 1990 153 26418.  11.9  24.8   1.140   4.8   0.0
   8 1990 154 26712.   8.5  22.8   0.950   4.0   0.0
   8 1990 155 30240.   6.7  30.8   0.770   2.1   0.0
   8 1990 156 30618.   8.5  29.6   0.930   3.2   0.0
   8 1990 157 30618.  10.1  32.2   0.880   2.0   0.0
   8 1990 158 30954.  10.4  39.2   0.660   1.6   0.0
   8 1990 159 30660.  15.2  41.0   0.680   2.3   0.0
   8 1990 160 30912.  15.7  33.9   0.830   4.1   0.0
   8 1990 161 30240.  13.4  34.1   0.940   3.6   0.0
   8 1990 162 31038.  12.8  31.6   1.190   3.8   0.0
   8 1990 163 30240.  15.8  30.5   1.430   5.1   0.0
   8 1990 164 28476.  16.9  31.6   1.400   4.8   0.0
   8 1990 165 28476.  16.7  32.1   1.450   5.0   0.0
   8 1990 166 29778.  15.3  29.7   1.280   5.8   0.0
   8 1990 167 29232.  13.9  28.2   1.410   4.7   0.0
   8 1990 168 28728.  14.0  34.9   0.970   5.4   0.0
   8 1990 169 23478.  16.0  26.0   1.390   5.4   0.0
   8 1990 170 27930.  14.9  27.3   1.410   4.8   0.0
   8 1990 171 27258.  15.8  29.2   1.350   3.4   0.0
   8 1990 172 29610.  13.9  32.4   1.130   2.6   0.0
   8 1990 173 29736.  13.0  37.5   0.780   2.1   0.0
   8 1990 174 29988.  14.5  36.6   0.590   2.8   0.0
   8 1990 175 30954.  15.6  34.0   0.760   3.5   0.0
   8 1990 176 29904.  14.6  34.9   1.020   4.2   0.0
   8 1990 177 29652.  15.4  34.8   1.060   3.7   0.0
   8 1990 178 29232.  15.6  35.2   0.790   2.1   0.0
   8 1990 179 30828.  14.3  34.6   0.550   2.7   0.0
   8 1990 180 29484.  13.9  34.6   0.720   2.7   0.0
   8 1990 181 29442.  15.1  32.1   1.160   4.7   0.0
