*---------------------------------------------------------------------------*
* Station name: Khanasser, Syria
* Year: 1986
* Author: Peter Uithol                                     -99.000: NIL VALUE
* Source: ICARDA SPS file
* Comments: Vapour pressure measured as maximum relative humudity (%)
*           Incomplete year
* Longitude: 37 33 E, latitude: 35 46 N, altitude: 335. m
*
* Column  Daily value
* 1       station number
* 2       year
* 3       day
* 4       irradiation                   (kJ m-2 d-1)
* 5       minimum temperature           (degrees Celsius)
* 6       maximum temperature           (degrees Celsius)
* 7       early morning vapour pressure (kPa)
* 8       mean wind speed (height: 2 m) (m s-1)
* 9       precipitation                 (mm d-1)
*---------------------------------------------------------------------------*
  37.55  35.77   335. 0.00 0.00
   5 1986   1  7270.   0.3   5.9   0.612   1.7   0.4
   5 1986   2  6880.   4.2   6.0   0.800   3.3   7.0
   5 1986   3  8500.   2.2   9.0   0.694   1.9   0.4
   5 1986   4 14470.  -1.3  11.3   0.546   1.9   0.2
   5 1986   5 10510.   3.0   8.9   0.737   2.4   0.4
   5 1986   6 10800.   2.5   9.4   0.715   2.0   0.0
   5 1986   7 10940.   5.6  10.0   0.887   1.7   0.0
   5 1986   8  9430.   5.9  11.2   0.892   1.9   2.0
   5 1986   9  4970.   0.2  13.6   0.612   2.2   0.0
   5 1986  10  4640.   6.0  12.0   0.924   3.4   3.0
   5 1986  11  9000.   6.6  10.0   0.965   1.6  12.2
   5 1986  12  4460.   6.8  11.0   0.949   1.5   1.2
   5 1986  13  8570.   6.5  11.9   0.920   4.1   4.6
   5 1986  14 13070.   7.9  10.9   1.042   1.6   0.4
   5 1986  15 14110.   4.8  12.2   0.824   2.2   0.0
   5 1986  16 13500.   4.2  13.0   0.788   3.8   2.0
   5 1986  17 15550.   6.8  13.1   0.939   2.9   0.0
   5 1986  18  7490.   3.9  10.4   0.783   5.2   1.2
   5 1986  19 13900.  -0.4   6.9   0.546   6.0   0.0
   5 1986  20 16340.  -2.2   7.0   0.457   1.8   0.0
   5 1986  21  8860.  -2.9   7.6   0.493   3.1   7.4
   5 1986  22 14510.  -1.6   7.4   0.543   1.7   0.0
   5 1986  23 17640.  -4.1   5.7   0.429   1.1   0.4
   5 1986  24 16490.  -3.0   6.2   0.482   3.8   0.0
   5 1986  25 15950.  -1.1   7.7   0.530   3.5   0.0
   5 1986  26 15770.  -0.9   9.5   0.567   0.6   0.0
   5 1986  27 14800.   0.0   9.5   0.611   2.0   0.0
   5 1986  28 14400.  -0.1  10.3   0.606   3.0   0.0
   5 1986  29 12490.   3.0  11.9   0.732   2.7   0.4
   5 1986  30 13540.   3.0  11.1   0.758   1.4   0.4
   5 1986  31 14220.   0.7  12.1   0.643   1.6   2.0
   5 1986  32 17710.   1.0  14.3   0.657   2.8   0.0
   5 1986  33 17530.  -0.2  15.0   0.602   1.2   0.8
   5 1986  34 12460.   3.0   9.2   0.750   2.9   0.4
   5 1986  35 14980.   0.0  14.0   0.605   2.4   5.0
   5 1986  36  6910.   4.9  11.0   0.866   6.4   6.8
   5 1986  37 17750.   5.0  13.5   0.829   2.9   0.0
   5 1986  38 15950.   0.7  13.5   0.643   2.7   1.2
   5 1986  39 12310.   5.0  12.6   0.864   4.2   7.2
   5 1986  40 11120.   5.8  14.0   0.922   2.3   2.2
   5 1986  41 16920.   1.1  14.0   0.661   2.6   6.3
   5 1986  42 13360.   7.0  13.2   1.002   1.9   0.0
   5 1986  43 15880.   1.0   9.3   0.657   1.9   0.4
   5 1986  44 16160.   2.0  12.0   0.706   6.2   2.6
   5 1986  45 10760.   5.7  11.0   0.916   1.8   1.2
   5 1986  46 16960.   4.0  12.5   0.813   3.6   0.0
   5 1986  47 18540.   0.8  13.2   0.647   1.5   0.0
   5 1986  48 11590.   4.6  10.8   0.848   4.0   0.0
   5 1986  49 14940.   3.6  10.8   0.791   1.0   0.0
   5 1986  50 19800.  -1.3  15.6   0.555   1.2   0.0
   5 1986  51 20590.   3.1  15.8   0.763   1.8   0.4
   5 1986  52 20480.   2.8  15.7   0.747   1.9   0.2
   5 1986  53 19910.   1.8  15.0   0.696   1.3   0.2
   5 1986  54 19840.  -0.1  15.1   0.606   3.0   0.0
   5 1986  55 18540.   8.0  16.9   1.073   2.3   1.0
   5 1986  56 18110.   2.0  16.7   0.706   1.6   0.0
   5 1986  57 20560.   5.8  18.0   0.922   0.8   0.0
   5 1986  58 21670.   2.1  19.1   0.711   1.2   0.0
   5 1986  59 18470.   3.2  17.6   0.769   2.6   0.5
   5 1986  60 21200.   2.8  13.6   0.747   2.0   0.0
   5 1986  61 20340.  -4.0  10.0   0.441   1.2   0.0
   5 1986  62 16020.  -2.2  12.2   0.520   2.6   0.0
   5 1986  63 16880.   4.9  15.0   0.710   2.9   0.0
   5 1986  64 18320.   0.9  14.6   0.626   1.2   0.0
   5 1986  65 19800.   1.2  15.3   0.646   1.5   0.0
   5 1986  66 19580.   2.0  17.8   0.663   1.6   0.0
   5 1986  67 23290.   4.0  20.0   0.773   1.6   0.0
   5 1986  68 20020.   5.0  20.2   0.829   2.8   0.6
   5 1986  69 18400.   5.0  20.0   0.846   2.5   1.0
   5 1986  70 22750.   6.0  21.1   0.888   3.5   0.0
   5 1986  71 21820.   6.0  21.2   0.888   2.4   0.0
   5 1986  72 25200.   4.9  21.7   0.840   2.0   0.0
   5 1986  73 16270.   5.0  18.1   0.785   4.1   1.4
   5 1986  74 24260.   5.7  18.9   0.898   2.1   0.6
   5 1986  75 24980.   0.9  17.5   0.652   1.4   0.0
   5 1986  76 22860.   5.0  20.0   0.803   3.5   0.4
   5 1986  77 21640.   9.5  18.0   1.093   1.3   0.2
   5 1986  78 22180.   4.0  20.0   0.660   3.5   0.2
   5 1986  79 24980.   5.0  20.1   0.708   4.1   0.0
   5 1986  80 24730.   5.9  16.1   0.576   1.0   0.0
   5 1986  81 15770.   2.1  17.0   0.578   0.4   2.8
   5 1986  82 23650.   7.7  18.1   0.861   6.8   0.0
   5 1986  83 20920.   5.1  20.0   0.719   2.1   0.0
   5 1986  84 22390.   8.1  19.6   0.880   3.1   0.0
   5 1986  85 26640.   3.8  22.6   0.714   1.8   0.0
   5 1986  86 26390.   2.1  23.9   0.632   1.2   0.0
   5 1986  87 25130.   3.5  25.8   0.707   1.4   0.0
   5 1986  88 25810.   4.9  28.9   0.785   4.0   0.0
   5 1986  89  7600.  10.3  21.8   1.134   2.7  10.4
   5 1986  90 24550.  11.0  21.1   1.169   4.3   0.0
   5 1986  91 20050.   7.5  21.6   0.934   2.4  18.0
   5 1986  92 14360.  12.1  16.1   1.271   1.4   1.4
   5 1986  93 27500.  11.0  23.0   1.166   2.5   0.0
   5 1986  94 26530.   8.8  23.0   1.026   1.2   0.0
   5 1986  95 27320.   7.8  24.3   0.961   1.6   0.0
   5 1986  96 25270.  13.0  25.0   1.319   4.2   0.0
   5 1986  97 23940.  14.9  25.7   1.526   3.2   2.0
   5 1986  98 25880.  13.4  26.8   1.369   1.6   0.0
   5 1986  99 26680.   9.0  25.0   1.045   2.0   0.0
   5 1986 100 27760.   8.0  26.0   0.976   2.5   0.0
   5 1986 101 28260.   5.3  25.0   0.802   1.9   0.0
   5 1986 102 28980.   6.2  25.2   0.853   1.4   0.0
   5 1986 103 23360.   8.0  28.8   0.976   1.7   0.0
   5 1986 104 13390.  11.0  20.2   1.182   1.7   0.8
   5 1986 105 27790.  11.5  26.0   1.173   3.5   0.0
   5 1986 106 24660.   9.0  22.2   0.907   3.6   0.0
   5 1986 107 26860.   6.4  24.0   0.779   1.1   0.0
   5 1986 108 27970.   7.0  26.4   0.792   1.5   0.0
   5 1986 109 32150.   6.0  28.8   0.701   1.1   0.0
   5 1986 110 23290.   7.2  29.0   0.701   0.9   0.0
   5 1986 111 17100.  13.0  29.6   0.982   1.6   0.0
   5 1986 112 30710.   7.0  24.0   0.870   3.7   0.0
   5 1986 113 31680.   6.5  25.1   0.824   2.4   0.0
   5 1986 114 31320.   1.4  25.0   0.460   1.1   0.0
   5 1986 115 30960.   2.4  27.0   0.552   1.4   0.0
   5 1986 116 30710.   5.5  31.0   0.643   1.6   0.0
   5 1986 117 30350.  13.0  31.0   0.977   2.6   0.0
   5 1986 118 30020.   8.2  30.8   0.733   2.7   0.0
   5 1986 119 31000.  10.0  31.1   0.798   1.4   0.0
   5 1986 120 25450.  16.1  32.7   1.300   4.4   0.0
   5 1986 121 30780.  11.8  28.0   1.050   2.8   0.0
   5 1986 122 30850.   8.9  28.1   0.890   3.2   0.0
   5 1986 123 21530.  10.6  25.0   0.969   2.9   0.0
   5 1986 124 28370.  12.0  26.2   1.052   3.3   0.4
   5 1986 125 30820.  10.2  26.2   0.985   4.2   0.0
   5 1986 126 31140.   7.0  28.1   0.767   1.4   0.0
   5 1986 127 30240.  11.0  30.5   0.710   1.9   0.0
   5 1986 128 28980.  16.5  29.5   1.219   3.8   0.0
   5 1986 129 26280.  12.5  25.0   1.073   2.8   0.0
   5 1986 130 28120.   6.9  24.0   0.762   3.2   2.0
   5 1986 131 28940.   7.5  26.0   0.791   2.3   0.0
   5 1986 132 24520.  10.9  23.5   0.887   2.8   0.0
   5 1986 133 18860.   8.0  17.8   0.805   2.4   7.0
   5 1986 134 23000.   7.5  22.3   0.788   1.5   1.8
   5 1986 135 29520.   3.5  21.0   0.585   3.0   0.0
   5 1986 136 30710.   6.5  23.8   0.716   2.8   0.0
   5 1986 137 32760.   7.0  25.4   0.800   2.0   0.0
   5 1986 138 30490.   8.8  30.2   0.827   2.9   0.0
   5 1986 139 23440.  18.6  34.2   0.995   5.1   0.0
   5 1986 140 30670.  19.8  34.0   1.179   3.9   0.0
   5 1986 141 31430.  11.5  30.0   0.882   3.5   0.0
   5 1986 142 28370.  10.0  25.1   0.860   4.2   0.0
   5 1986 143 27650.  13.5  27.0   1.099   2.5   0.2
   5 1986 144 31250.  12.0  27.0   0.996   4.5   0.0
   5 1986 145 32040.  11.0  29.8   0.972   2.2   0.0
   5 1986 146 32830.  10.8  31.2   0.777   2.1   0.0
   5 1986 147 32540.  14.2  32.0   0.888   2.0   0.0
   5 1986 148 31970.  15.8  35.0   0.923   3.5   1.0
   5 1986 149 31750.  19.8  31.4   1.392   4.7   0.0
   5 1986 150 28730.  14.7  29.7   1.118   4.5   0.0
   5 1986 151 31720.  13.0  31.0   1.004   3.5   0.0
   5 1986 152 31390.  15.3  33.1   1.113   1.4   0.0
   5 1986 153 33010.  15.7  37.7   0.860   2.0   0.0
   5 1986 154 30060.  20.0  41.0   0.983   2.5   0.0
   5 1986 155 31570.  20.8  36.6   1.200   5.0   0.0
   5 1986 156 33120.  16.1  32.5   1.245   5.1   0.0
   5 1986 157 32800.  14.0  34.0   1.104   5.0   0.0
   5 1986 158 24550.  16.4  35.2   0.915   3.7   0.0
   5 1986 159 31460.  17.3  38.7   0.889   4.2   0.0
   5 1986 160 28580.  21.5  37.0   1.232   3.7   0.0
   5 1986 161 29230.  17.0  35.0   1.086   3.6   0.0
   5 1986 162 22140.  15.0  32.4   0.921   3.8   0.0
   5 1986 163 25200.  14.0  27.8   1.088   4.3   0.0
   5 1986 164 28620.  14.0  31.2   1.120   4.9   0.0
   5 1986 165 32720.  16.8  33.2   1.206   4.5   0.0
   5 1986 166 32720.  18.5  34.0   1.322   5.9   0.0
   5 1986 167 32510.  20.0  33.0   1.568   6.1   0.0
   5 1986 168 32260.  19.5  33.0   1.452   5.5   0.0
   5 1986 169 32110.  21.0  34.0   1.643   4.8   0.0
   5 1986 170 33230.  21.0  34.5   1.574   4.9   0.0
   5 1986 171 33700.  17.0  33.5   1.261   3.0   0.0
   5 1986 172 34200.  13.5  34.0   0.697   3.0   0.0
   5 1986 173 34240.  14.8  35.2   0.893   3.5   0.0
   5 1986 174 33590.  16.0  37.0   1.128   5.4   0.0
   5 1986 175 32980.  20.0  34.8   1.662   5.2   0.0
   5 1986 176 33160.  22.0  38.0   1.535   5.0   0.0
   5 1986 177 32830.  20.0  37.0   1.311   5.3   0.0
   5 1986 178 32540.  21.0  36.0   1.768   4.9   0.0
   5 1986 179 32040.  19.5  33.0   1.407   5.0   0.0
   5 1986 180 33190.  15.5  32.8   1.251   4.9   0.0
   5 1986 181 33300.  16.8  34.0   1.245   5.6   0.0
   5 1986 182 33800.  18.0  35.2   1.467   5.2   0.0
   5 1986 183 33910.  19.9  37.1   1.284   5.4   0.0
   5 1986 184 33620.  20.0  39.0   1.241   5.3   0.0
   5 1986 185 33660.  17.8  38.0   1.408   6.3   0.0
   5 1986 186 33050.  18.8  36.0   1.434   5.9   0.0
   5 1986 187 33340.  22.4  37.4   1.790   6.4   0.0
   5 1986 188 33190.  18.0  36.0   1.401   5.7   0.0
   5 1986 189 32760.  20.6  35.8   1.734   5.9   0.0
   5 1986 190 33050.  15.0  37.0   1.263   5.5   0.0
   5 1986 191 32870.  17.2  38.0   1.237   5.0   0.0
   5 1986 192 32720.  20.0  39.0   1.582   4.6   0.0
   5 1986 193 31900.  22.1  39.1   1.806   5.2   0.0
   5 1986 194 32470.  23.5  36.7   1.978   7.9   0.0
   5 1986 195 31390.  22.2  37.8   1.742   5.1   0.0
   5 1986 196 32260.  20.0  39.1   1.568   3.5   0.0
   5 1986 197 32150.  19.0  41.0   1.320   3.8   0.0
   5 1986 198 31860.  21.0  41.0   1.270   3.6   0.0
   5 1986 199 31390.  20.8  40.0   1.254   4.1   0.0
   5 1986 200 32620.  18.4  39.0   1.080   6.5   0.0
   5 1986 201 32580.  22.4  38.0   1.600   6.3   0.0
   5 1986 202 31970.  19.6  40.0   1.525   3.7   0.0
   5 1986 203 32110.  19.8  41.0   1.433   4.5   0.0
   5 1986 204 31640.  22.2  39.2   1.527   8.2   0.0
   5 1986 205 31210.  23.0  35.0   1.829   6.9   0.0
   5 1986 206 31640.  20.0  35.2   1.493   5.3   0.0
   5 1986 207 30740.  23.0  38.0   1.781   4.3   0.0
   5 1986 208 31000.  22.0  39.0   1.430   4.1   0.0
   5 1986 209 31930.  16.1  38.9   0.883   5.0   0.0
   5 1986 210 31200.  16.9  37.2   0.964   4.5   0.0
   5 1986 211 31360.  17.5  36.2   1.161   3.3   0.0
   5 1986 212 30710.  18.4  36.8   1.208   2.8   0.0
   5 1986 213 31320.  19.0  37.2   1.166   4.7   0.0
   5 1986 214 31390.  17.8  38.0   1.142   4.5   0.0
   5 1986 215 31970.  19.0  38.0   1.144   4.7   0.0
   5 1986 216 30960.  20.2  39.2   0.948   5.6   0.0
   5 1986 217 30060.  21.0  39.0   1.220   5.1   0.0
   5 1986 218 29380.  22.0  37.0   1.562   5.3   0.0
   5 1986 219 30640.  16.5  35.0   1.165   6.2   0.0
   5 1986 220 29840.  20.0  35.0   1.498   5.5   0.0
   5 1986 221 30310.  16.0  35.0   1.237   5.1   0.0
   5 1986 222 29770.  16.8  35.0   1.264   4.3   0.0
   5 1986 223 29770.  17.8  36.5   1.367   3.8   0.0
   5 1986 224 29480.  19.0  37.0   1.487   3.9   0.0
   5 1986 225 29450.  17.9  36.1   1.375   4.7   0.0
   5 1986 226 29450.  20.0  37.0   1.264   5.7   0.0
   5 1986 227 28840.  22.0  38.1   1.615   4.4   0.0
   5 1986 228 29740.  17.0  38.7   1.008   3.7   0.0
   5 1986 229 29230.  18.6  38.0   0.832   3.6   0.0
   5 1986 230 29660.  20.0  38.0   1.320   3.8   0.0
   5 1986 231 29950.  14.0  36.0   1.088   2.9   0.0
   5 1986 232 29340.  17.5  38.1   1.261   2.5   0.0
   5 1986 233 28800.  19.2  39.2   1.425   4.0   0.0
   5 1986 234 28690.  20.0  38.2   1.386   6.1   0.0
   5 1986 235 28220.  20.0  39.0   1.433   3.2   0.0
   5 1986 236 28480.  20.0  39.4   1.451   2.6   0.0
   5 1986 237 27940.  20.8  40.8   1.353   2.2   0.0
   5 1986 238 27860.  28.9  40.0   2.394   3.3   0.0
   5 1986 239 27860.  23.2  40.0   1.723   3.6   0.0
   5 1986 240 27220.  24.0  40.0   1.733   4.3   0.0
   5 1986 241 26860.  23.5  40.0   1.798   3.6   0.0
   5 1986 242 27180.  22.0  38.4   1.694   3.6   0.0
   5 1986 243 25420.  23.0  38.2   1.800   2.2   0.0
