*---------------------------------------------------------------------------*
* Station name: Pingtun (Agricultural Experiment Station), China (Taiwan)
* Year: 1985
* Author: Peter Uithol                                     -99.000: NIL VALUE
* Source: IRRI/WMO Special project
* Comments: Incomplete year, January and February only
* Longitude: 120 30 E, latitude: 22 40 N, altitude: 24. m
*
* Column  Daily value
* 1       station number
* 2       year
* 3       day
* 4       irradiation                   (kJ m-2 d-1)
* 5       minimum temperature           (degrees Celsius)
* 6       maximum temperature           (degrees Celsius)
* 7       early morning vapour pressure (kPa)
* 8       mean wind speed (height: 2 m) (m s-1)
* 9       precipitation                 (mm d-1)
*---------------------------------------------------------------------------*
 120.50  22.67    24. 0.00 0.00
   1 1985   1 13432.  13.2  27.5   0.864   1.6   0.0
   1 1985   2 12780.  16.0  27.7   1.143   1.4   0.0
   1 1985   3 10246.  17.0  27.8   1.390   1.0   0.0
   1 1985   4  9122.  16.0  24.2   1.385   1.0   0.0
   1 1985   5 10062.  16.0  23.3   1.234   1.0   0.0
   1 1985   6 11257.  13.2  23.8   1.069   1.1   0.0
   1 1985   7 13831.  14.5  26.2   1.024   1.8   0.0
   1 1985   8 13975.  12.5  26.5   0.969   1.0   0.0
   1 1985   9 12380.  14.4  25.0   1.124   1.0   0.0
   1 1985  10  8867.  14.4  22.4   1.230   0.9   0.0
   1 1985  11 12416.  13.2  22.0   1.049   1.3   0.0
   1 1985  12 14083.  11.6  24.4   0.806   1.4   0.0
   1 1985  13 13831.  12.9  22.8   0.959   1.4   0.0
   1 1985  14  9446.  11.8  21.6   0.867   1.1   0.0
   1 1985  15 12996.  11.5  22.4   0.911   1.3   0.0
   1 1985  16 14735.  11.4  26.2   0.642   1.4   0.0
   1 1985  17 13180.  12.4  25.8   0.873   1.4   0.0
   1 1985  18 15242.  15.6  26.8   0.983   3.1   0.0
   1 1985  19 14555.  11.8  24.0   0.973   1.3   0.0
   1 1985  20 15822.  12.1  24.0   0.821   1.7   0.0
   1 1985  21 16222.  12.0  26.2   0.690   1.8   0.0
   1 1985  22 14227.  13.0  28.0   0.742   1.6   0.0
   1 1985  23 12816.  13.6  26.7   0.916   1.2   0.0
   1 1985  24 10102.  18.2  25.8   1.395   1.3   0.0
   1 1985  25  9086.  15.5  22.8   1.311   1.3   0.0
   1 1985  26  4090.  16.4  19.5   1.542   1.2   9.8
   1 1985  27  7672.  16.6  24.2   1.692   1.3   0.9
   1 1985  28 10753.  16.2  23.4   1.388   1.0   0.0
   1 1985  29 13612.  14.4  24.0   1.249   1.6   0.0
   1 1985  30 10789.  13.0  19.8   1.098   1.4   0.0
   1 1985  31 12708.  13.0  22.8   0.968   1.2   0.0
   1 1985  32 15714.  12.8  27.0   0.833   2.1   0.0
   1 1985  33 16510.  14.4  28.6   0.873   1.6   0.0
   1 1985  34 13723.  14.4  26.4   1.033   1.4   0.0
   1 1985  35  5501.  15.6  22.8   1.387   1.2  13.0
   1 1985  36  7056.  19.6  26.0   1.728   1.5   0.0
   1 1985  37  7348.  18.0  27.8   1.640   1.5   0.0
   1 1985  38 12128.  20.0  27.8   1.812   1.5   0.0
   1 1985  39 13504.  19.6  29.5   1.486   1.6   0.0
   1 1985  40  1915.  21.5  23.0   2.280   1.7  39.2
   1 1985  41  6624.  17.2  22.5   1.652   1.2   0.2
   1 1985  42  9918.  17.6  24.2   1.541   1.4   0.0
   1 1985  43  9230.  18.2  26.2   1.757   1.6   0.0
   1 1985  44  4450.  19.0  21.8   1.929   0.8   0.0
   1 1985  45 10933.  17.6  24.8   1.452   1.1   0.0
   1 1985  46 10861.  16.8  27.4   1.427   1.3   1.2
   1 1985  47 12308.  21.0  27.2   1.825   2.1   0.0
   1 1985  48  5936.  19.0  23.2   1.678   1.1   0.0
   1 1985  49 15494.  16.2  28.6   1.336   2.5   0.0
   1 1985  50 15458.  17.5  26.8   1.237   1.7   0.0
   1 1985  51 13831.  19.0  28.0   1.445   1.5   0.0
   1 1985  52  3110.  17.5  19.6   1.693   1.5   0.2
   1 1985  53  7891.  15.2  21.8   1.449   1.5   2.7
   1 1985  54  9990.  13.6  21.8   1.256   1.6   0.5
   1 1985  55 15206.  13.9  24.6   1.235   1.8   0.0
   1 1985  56 17197.  15.6  26.2   1.307   1.6   1.0
   1 1985  57 18032.  16.8  29.8   1.294   1.9   0.0
   1 1985  58 16945.  18.2  29.4   1.429   2.2   0.0
   1 1985  59   -99.  19.6  26.6   1.904   1.5  10.1
