*---------------------------------------------------------------------------*
* Station name: Sanpatong (Rice Experiment Station), Thailand
* Year: 1984
* Author: Peter Uithol                                     -99.000: NIL VALUE
* Source: IRRI/WMO Special project
* Comments:
* Longitude: 98 57 E, latitude: 18 45 N, altitude: 312. m
*
* Column  Daily value
* 1       station number
* 2       year
* 3       day
* 4       irradiation                   (kJ m-2 d-1)
* 5       minimum temperature           (degrees Celsius)
* 6       maximum temperature           (degrees Celsius)
* 7       early morning vapour pressure (kPa)
* 8       mean wind speed (height: 2 m) (m s-1)
* 9       precipitation                 (mm d-1)
*---------------------------------------------------------------------------*
  98.95  18.75   312. 0.00 0.00
   1 1984   1 21308.  14.6  28.6   0.777   1.1   0.0
   1 1984   2 19645.  14.0  28.6   0.937   0.3   0.0
   1 1984   3 16362.  13.1  28.4   1.104   0.5   0.0
   1 1984   4 17057.  15.0  29.5   1.232   0.5   0.0
   1 1984   5 14742.  16.8  29.4   1.415   0.6   0.0
   1 1984   6 11729.  15.8  26.3   1.389   0.3   0.0
   1 1984   7 11689.  16.5  26.1   1.294   0.4   0.0
   1 1984   8 15167.  12.6  26.2   1.133   0.5   0.0
   1 1984   9 13079.  13.5  26.0   1.135   0.5   0.0
   1 1984  10 17096.  10.8  26.8   0.993   0.4   0.0
   1 1984  11 16747.  11.9  28.2   1.068   0.4   0.0
   1 1984  12 15048.  12.3  28.6   1.086   0.4   0.0
   1 1984  13 17561.  12.8  30.0   1.158   0.4   0.0
   1 1984  14 16866.  12.7  30.2   1.077   0.4   0.0
   1 1984  15 16826.  10.9  29.0   1.076   0.4   0.0
   1 1984  16 16016.  13.0  29.1   1.143   0.4   0.0
   1 1984  17 16092.  13.0  31.6   1.134   0.5   0.0
   1 1984  18 17096.  14.5  31.6   1.242   0.6   0.0
   1 1984  19 17600.  14.0  30.4   1.214   0.5   0.0
   1 1984  20 18025.  12.3  30.6   1.075   0.5   0.0
   1 1984  21 18295.  11.0  28.3   0.930   0.6   0.0
   1 1984  22 18331.   9.3  29.1   0.783   0.5   0.0
   1 1984  23 18641.   8.7  29.1   0.958   0.5   0.0
   1 1984  24 17676.   8.7  29.1   0.844   0.5   0.0
   1 1984  25 16866.  13.4  30.7   1.100   0.6   0.0
   1 1984  26 16902.  15.5  31.4   1.179   0.5   0.0
   1 1984  27 18720.  14.5  31.3   1.114   0.5   0.0
   1 1984  28 17791.  14.3  30.9   1.261   0.5   0.0
   1 1984  29 18565.  14.7  31.2   1.354   0.4   0.0
   1 1984  30 17716.  14.4  31.4   1.405   0.4   0.0
   1 1984  31 18061.  15.0  31.7   1.343   0.5   0.0
   1 1984  32 24901.  15.0  32.2   1.322   0.5   0.0
   1 1984  33 11884.  14.4  32.4   1.374   0.5   0.0
   1 1984  34 19336.  14.9  32.0   1.394   0.5   0.0
   1 1984  35 20110.  14.5  33.0   1.224   0.5   0.0
   1 1984  36 17946.  12.0  33.3   0.998   0.4   0.0
   1 1984  37 17212.  13.7  33.4   1.325   0.4   0.0
   1 1984  38 14238.  13.7  33.4   1.249   0.9   0.0
   1 1984  39 14663.  13.8  33.4   1.203   0.6   0.3
   1 1984  40  6822.  13.9  34.5   1.255   0.3   0.0
   1 1984  41 17600.  15.8  31.2   1.593   0.5   0.0
   1 1984  42 16322.  17.0  31.8   1.602   0.4   0.0
   1 1984  43 13889.  17.0  31.8   1.586   0.6   0.0
   1 1984  44 13698.  17.1  30.8   1.538   0.7   4.5
   1 1984  45 18410.  17.2  32.9   1.669   0.5   0.0
   1 1984  46 18140.  19.9  34.4   2.068   0.7   0.0
   1 1984  47 16747.  21.4  32.6   2.082   0.5   0.0
   1 1984  48 19840.  19.4  34.3   1.971   0.5   0.0
   1 1984  49 19490.  20.3  34.3   1.815   0.6   0.0
   1 1984  50 18756.  19.9  33.4   1.761   0.6   0.0
   1 1984  51 19760.  20.0  34.2   1.840   0.6   0.0
   1 1984  52 20574.  18.5  34.6   1.430   0.7   0.0
   1 1984  53 20844.  15.9  34.4   1.172   0.6   0.0
   1 1984  54 19609.  16.0  34.6   1.381   0.5   0.0
   1 1984  55 19375.  17.2  35.3   1.569   0.6   0.0
   1 1984  56 15473.  17.3  35.3   1.433   0.5   0.0
   1 1984  57 18450.  17.3  35.3   1.550   0.8   0.0
   1 1984  58 14663.  17.3  33.1   1.504   0.7   0.0
   1 1984  59 17752.  21.6  32.6   1.852   0.6   0.0
   1 1984  60 17870.  19.8  33.0   1.463   0.7   0.0
   1 1984  61 18025.  14.0  33.0   1.136   0.7   0.0
   1 1984  62 18176.  19.0  33.0   1.291   0.8   0.0
   1 1984  63 17946.  17.7  32.9   1.247   0.6   0.0
   1 1984  64 19609.  16.7  32.9   1.206   0.4   0.0
   1 1984  65 20149.  15.0  33.4   1.218   1.4   0.0
   1 1984  66 20574.  14.4  33.3   0.950   0.6   0.0
   1 1984  67 20340.  14.9  33.4   0.975   0.6   0.0
   1 1984  68 20804.  15.2  33.9   1.001   0.7   0.0
   1 1984  69 20574.  16.6  33.7   1.117   0.7   0.0
   1 1984  70 19260.  15.5  34.2   1.057   0.5   0.0
   1 1984  71 20844.  16.4  33.8   1.127   0.7   0.0
   1 1984  72 20765.  15.0  33.8   1.027   0.6   0.0
   1 1984  73 19490.  15.0  34.4   0.961   0.6   0.0
   1 1984  74 18140.  16.7  35.0   1.128   0.5   0.0
   1 1984  75 17716.  18.0  35.5   1.239   0.6   0.0
   1 1984  76 19530.  19.4  36.3   1.315   0.6   0.0
   1 1984  77 20610.  18.9  31.2   1.075   0.8   0.0
   1 1984  78 22658.  18.0  36.4   1.192   0.8   0.0
   1 1984  79 19724.  18.6  36.0   1.287   0.6   0.0
   1 1984  80 18216.  19.2  36.0   1.350   0.5   0.0
   1 1984  81 21694.  19.4  36.5   1.364   0.7   0.0
   1 1984  82 22853.  17.9  35.7   0.918   0.7   0.0
   1 1984  83 21733.  17.6  35.7   0.975   0.6   0.0
   1 1984  84 22583.  17.5  35.6   0.973   0.7   0.0
   1 1984  85 21809.  16.5  35.7   0.915   0.7   0.0
   1 1984  86 20304.  16.2  35.6   0.942   0.5   0.0
   1 1984  87 13619.  17.5  35.6   1.145   0.4   0.0
   1 1984  88  6318.  17.0  35.6   1.127   0.8   0.0
   1 1984  89 31928.  17.4  35.7   1.176   0.2   0.0
   1 1984  90 22658.  17.1  36.2   1.271   0.6   0.0
   1 1984  91 23162.  18.7  36.2   1.122   0.7   0.0
   1 1984  92 22118.  19.1  36.6   1.166   0.8   0.0
   1 1984  93 16942.  18.9  36.6   1.099   0.7   0.0
   1 1984  94 24628.  18.8  35.5   1.173   0.8   0.0
   1 1984  95 21308.  20.5  38.2   1.318   0.8   0.0
   1 1984  96 18025.  22.5  38.1   1.378   0.8   0.0
   1 1984  97 18875.  21.2  38.1   1.522   0.7   2.5
   1 1984  98 17561.  21.3  36.4   1.567   0.8   0.8
   1 1984  99 22853.  20.0  36.7   1.503   0.5   0.0
   1 1984 100 17366.  20.1  37.4   1.376   0.6   0.0
   1 1984 101 14857.  20.2  37.3   1.536   0.5   0.0
   1 1984 102 14778.  20.4  36.9   1.538   0.8   0.0
   1 1984 103 17946.  20.5  36.7   1.608   0.9  25.6
   1 1984 104 22774.  20.5  32.9   1.717   0.6   1.1
   1 1984 105 26136.  21.5  35.7   1.512   0.6   0.0
   1 1984 106 20650.  21.0  35.5   1.347   0.5   0.0
   1 1984 107 23933.  20.5  35.4   1.603   0.6   0.0
   1 1984 108 23317.  20.2  36.7   1.467   0.6   0.0
   1 1984 109 25362.  20.0  36.6   1.400   0.1   0.0
   1 1984 110 11225.  21.2  36.4   1.588   0.5   0.0
   1 1984 111 28145.  21.4  37.9   1.682   1.4   0.0
   1 1984 112 14162.  24.6  33.9   1.496   0.6   0.0
   1 1984 113 21539.  23.4  34.6   1.997   0.8  11.4
   1 1984 114 16247.  22.5  31.4   2.110   0.5   0.0
   1 1984 115 25787.  20.9  34.6   1.621   0.8   0.0
   1 1984 116 15862.  21.0  35.7   1.377   0.8   0.4
   1 1984 117 25826.  21.2  34.7   1.487   0.9   0.0
   1 1984 118 25052.  21.2  34.8   1.530   0.8   0.0
   1 1984 119 19105.  22.9  34.6   1.689   0.6   0.0
   1 1984 120 23778.  22.3  36.0   1.548   0.6   0.0
   1 1984 121 24012.  22.4  35.2   1.679   0.8   0.0
   1 1984 122 21654.  22.0  35.7   1.673   0.6   0.0
   1 1984 123 25286.  21.8  37.4   1.561   0.6   0.0
   1 1984 124 23008.  21.6  37.4   1.305   0.8   0.0
   1 1984 125 21269.  21.7  34.7   1.354   1.0   8.2
   1 1984 126 13234.  22.4  29.7   1.774   0.8  32.5
   1 1984 127 19260.  19.0  30.0   2.094   0.6   0.5
   1 1984 128 19066.  19.0  31.9   1.804   0.7   0.3
   1 1984 129 21809.  20.5  33.0   1.753   0.8   0.3
   1 1984 130 23818.  20.3  33.2   1.729   0.6   0.0
   1 1984 131 23933.  21.3  34.9   1.684   0.5   0.0
   1 1984 132 25207.  22.0  35.2   1.715   0.6   0.0
   1 1984 133 24012.  22.2  35.1   1.761   0.7   0.0
   1 1984 134 24937.  22.6  35.1   1.628   0.8   0.0
   1 1984 135 20110.  23.1  34.2   1.639   0.7   2.0
   1 1984 136 22039.  22.1  32.9   1.886   0.7   0.0
   1 1984 137 22968.  22.9  35.3   1.935   0.7   0.2
   1 1984 138 25902.  22.7  35.4   1.873   1.0   0.0
   1 1984 139 25132.  21.3  35.9   1.509   0.8   0.0
   1 1984 140 22774.  21.9  35.1   1.539   0.7   0.0
   1 1984 141 24048.  22.4  36.0   1.647   0.8   0.0
   1 1984 142 21614.  22.7  35.1   1.762   0.7   0.1
   1 1984 143 25016.  22.7  35.2   1.771   0.7   0.0
   1 1984 144 22039.  22.2  35.1   1.702   1.0   0.0
   1 1984 145 23393.  21.3  35.3   1.783   0.7   0.1
   1 1984 146 16787.  22.0  34.9   1.880   0.8   0.0
   1 1984 147 13388.  22.6  33.1   1.977   0.6  10.5
   1 1984 148 17946.  23.0  32.8   2.034   0.6   2.1
   1 1984 149 14432.  22.6  32.0   1.999   0.6   0.2
   1 1984 150  9295.  23.0  28.7   2.619   0.5   6.0
   1 1984 151  9601.  23.7  29.9   2.398   0.5   4.2
   1 1984 152 13698.  23.0  30.9   2.310   0.6   0.5
   1 1984 153 14353.  23.5  31.2   1.786   0.6  15.4
   1 1984 154 15318.  22.6  31.2   2.051   0.8   3.6
   1 1984 155 18796.  23.0  31.5   2.298   0.7   0.4
   1 1984 156 20689.  23.7  33.7   2.084   0.5   0.0
   1 1984 157 21344.  23.9  34.0   2.118   0.7   7.2
   1 1984 158 14818.  23.8  31.5   2.424   0.4   3.1
   1 1984 159 17986.  24.0  32.5   2.286   0.8   1.4
   1 1984 160 26446.  23.7  33.9   2.122   0.7   0.0
   1 1984 161 21614.  23.9  34.9   2.112   0.6   0.2
   1 1984 162 11070.  24.9  31.5   2.633   0.6   7.4
   1 1984 163 19030.  23.6  31.3   2.258   0.8  12.3
   1 1984 164 19260.  22.6  32.5   2.202   0.9   0.5
   1 1984 165 18605.  23.7  32.7   2.207   0.7   0.0
   1 1984 166 21924.  22.7  33.7   1.912   0.9   0.9
   1 1984 167 18371.  23.7  32.7   2.037   1.1   0.0
   1 1984 168 13813.  23.7  31.3   2.110   1.2   0.0
   1 1984 169 14702.  22.7  31.4   1.892   1.0   0.0
   1 1984 170 16787.  23.0  31.5   2.065   1.0   0.0
   1 1984 171 17561.  23.7  31.0   2.230   1.1   0.0
   1 1984 172 14623.  23.7  32.5   2.104   0.8   0.3
   1 1984 173 14933.  23.8  32.0   2.253   1.1   0.0
   1 1984 174 21694.  23.8  33.8   1.875   1.0   0.1
   1 1984 175 17482.  23.0  33.8   1.969   0.8   0.0
   1 1984 176 20844.  23.7  33.7   1.940   1.0   0.0
   1 1984 177 18256.  22.6  33.7   1.842   1.1   1.3
   1 1984 178 12614.  23.0  30.3   2.042   1.0   0.0
   1 1984 179 20689.  23.0  33.7   2.377   0.8   0.0
   1 1984 180 20804.  23.7  32.7   1.984   0.8   3.6
   1 1984 181 23897.  23.0  34.9   1.868   0.7   6.0
   1 1984 182 22619.  22.7  33.9   1.912   0.8   0.0
   1 1984 183 20689.  22.7  33.9   1.970   0.8   0.1
   1 1984 184 18216.  23.8  33.7   2.076   0.8   3.0
   1 1984 185 16171.  23.7  31.5   2.254   0.8   0.1
   1 1984 186 15937.  23.9  31.5   2.061   0.8   0.0
   1 1984 187 17212.  24.0  33.7   2.056   0.7   0.0
   1 1984 188 17446.  24.9  32.7   2.469   0.7   0.0
   1 1984 189 22313.  23.9  34.7   2.257   0.9   6.4
   1 1984 190 13079.  23.5  34.9   2.265   0.6   3.3
   1 1984 191  8446.  23.8  28.7   2.604   0.5   1.2
   1 1984 192 13619.  22.0  29.8   2.311   0.6   0.2
   1 1984 193 12460.  22.7  30.0   2.193   0.9   0.2
   1 1984 194 12229.  22.6  29.9   2.370   1.0   0.6
   1 1984 195 13543.  22.5  30.3   2.227   0.6   2.0
   1 1984 196 17482.  21.4  30.3   2.187   0.7   2.4
   1 1984 197 15822.  22.0  29.9   2.073   1.0  14.1
   1 1984 198 22079.  21.3  31.5   1.981   0.7  25.3
   1 1984 199 26176.  21.3  32.7   1.938   0.6   0.0
   1 1984 200 21114.  22.0  33.7   1.837   0.7   0.0
   1 1984 201 22428.  22.5  32.7   1.894   0.8   0.0
   1 1984 202 18720.  22.7  31.3   1.909   1.2   0.0
   1 1984 203 20999.  22.7  32.7   2.028   1.1  28.5
   1 1984 204 20264.  22.5  32.5   2.020   0.6   0.0
   1 1984 205 25672.  21.5  34.9   1.784   0.6   0.0
   1 1984 206 25016.  22.5  33.8   1.916   0.8   0.0
   1 1984 207 23702.  22.6  34.9   1.768   0.9   0.0
   1 1984 208 17406.  23.7  37.7   1.972   0.7   0.0
   1 1984 209 19645.  23.0  33.4   1.848   0.9  17.0
   1 1984 210 14083.  21.8  33.2   2.001   0.6   6.1
   1 1984 211 18990.  22.0  31.4   1.991   0.8   2.0
   1 1984 212 21463.  22.5  31.7   2.101   0.8   0.2
   1 1984 213 20804.  22.8  32.2   2.054   1.0   0.0
   1 1984 214 20729.  22.5  38.6   1.698   0.8   2.5
   1 1984 215 24282.  23.0  34.9   1.834   1.0   0.0
   1 1984 216 22968.  22.7  33.9   1.809   1.0   0.4
   1 1984 217 19105.  23.7  32.6   2.316   0.8   0.2
   1 1984 218 14238.  24.0  30.0   2.516   1.1   0.5
   1 1984 219 13039.  23.7  29.9   2.380   0.6   0.8
   1 1984 220 11920.  23.9  31.3   2.305   0.7   0.1
   1 1984 221 13658.  23.8  30.1   2.412   0.7   0.0
   1 1984 222 19685.  24.0  32.7   2.131   0.9   1.9
   1 1984 223 20380.  23.8  32.5   2.111   0.8  14.8
   1 1984 224 17752.  23.7  31.3   2.330   0.6  12.4
   1 1984 225 18410.  22.7  32.0   2.094   1.1   0.4
   1 1984 226 17096.  22.7  30.3   2.213   0.9   2.9
   1 1984 227  8946.  23.7  28.8   2.542   0.6   5.3
   1 1984 228 17482.  23.0  32.0   2.318   0.7   3.4
   1 1984 229 15628.  23.0  31.5   2.290   0.6   0.2
   1 1984 230 19375.  23.9  32.7   2.198   0.7   0.1
   1 1984 231 17136.  24.0  31.5   2.429   0.6   2.2
   1 1984 232 22658.  23.8  31.5   2.456   0.8   0.0
   1 1984 233 23044.  23.8  33.7   2.144   1.0   0.0
   1 1984 234 18486.  22.7  32.5   1.906   1.2   0.0
   1 1984 235 16016.  23.0  32.5   2.118   0.8   0.0
   1 1984 236 13928.  22.7  32.0   2.144   0.8   0.0
   1 1984 237 15592.  23.7  31.5   2.216   1.1   0.2
   1 1984 238 10300.  23.0  29.9   2.076   0.8   0.0
   1 1984 239  6512.  23.0  29.7   2.192   0.6   3.9
   1 1984 240  7286.  22.5  30.8   2.123   1.1   0.2
   1 1984 241 26406.  23.0  33.6   2.307   0.3   0.0
   1 1984 242 10336.  23.5  31.7   2.328   0.9   0.3
   1 1984 243 24901.  28.8  32.0   2.979   0.5   0.6
   1 1984 244 15048.  23.3  31.5   2.275   0.8  38.3
   1 1984 245 12654.  22.5  29.0   2.301   0.7  12.3
   1 1984 246 12654.  22.5  28.8   2.347   0.7   8.4
   1 1984 247 12308.  22.5  28.9   2.372   0.1   2.0
   1 1984 248 19994.  22.7  30.2   2.185   1.1   0.0
   1 1984 249 22003.  23.7  33.0   2.022   0.7   2.4
   1 1984 250 12769.  23.8  29.8   2.359   0.9   2.2
   1 1984 251 16247.  22.6  30.2   2.353   0.5   4.5
   1 1984 252 17946.  23.0  31.3   2.332   0.6  10.2
   1 1984 253  7672.  22.5  26.3   2.486   0.5   1.9
   1 1984 254 24282.  21.4  32.5   2.057   0.5   0.0
   1 1984 255 21308.  21.4  32.5   1.947   0.4   0.0
   1 1984 256 19145.  22.0  31.3   2.271   0.7   0.0
   1 1984 257 22388.  20.3  32.0   1.884   0.6   0.0
   1 1984 258 22194.  21.4  31.5   2.013   0.6   0.0
   1 1984 259 24203.  22.0  32.5   2.033   0.7   0.0
   1 1984 260 22658.  22.0  32.6   2.089   0.6   0.3
   1 1984 261 17831.  22.6  32.5   2.131   0.6   4.3
   1 1984 262 18680.  22.7  31.0   2.285   0.7   0.5
   1 1984 263 19760.  22.6  31.5   2.301   0.4   0.7
   1 1984 264 21733.  22.7  32.5   2.249   0.8   0.4
   1 1984 265 22003.  22.5  31.5   2.249   0.6   5.6
   1 1984 266 20574.  22.7  30.9   2.340   0.6   0.7
   1 1984 267 21308.  22.5  33.0   2.227   0.6   0.0
   1 1984 268 22853.  21.5  33.8   2.054   0.4   0.0
   1 1984 269 22468.  21.5  34.9   1.918   0.5   0.0
   1 1984 270 22658.  22.5  33.7   2.093   0.6   0.0
   1 1984 271 22583.  22.5  33.7   2.183   0.6   0.0
   1 1984 272 13428.  22.5  31.0   2.082   0.6   7.5
   1 1984 273 11959.  22.5  29.9   2.222   0.6  27.7
   1 1984 274 13118.  22.3  29.6   2.297   0.6  11.8
   1 1984 275  9331.  22.7  29.7   2.495   0.6   9.4
   1 1984 276 18605.  22.4  31.9   2.216   0.4   0.1
   1 1984 277 21308.  22.5  33.3   2.167   0.4   0.0
   1 1984 278 17636.  22.3  32.0   2.138   0.4   0.0
   1 1984 279 20804.  23.8  32.7   2.468   0.7   1.8
   1 1984 280 18371.  22.5  32.0   2.194   0.5   0.0
   1 1984 281 14587.  23.0  28.8   2.507   0.7   0.0
   1 1984 282 18176.  22.7  31.3   2.287   0.6   0.0
   1 1984 283 18331.  22.6  30.3   2.378   0.5   0.0
   1 1984 284 21578.  22.5  31.5   2.175   0.5   0.0
   1 1984 285 22003.  22.5  32.6   2.287   0.6   4.9
   1 1984 286 13583.  22.5  28.9   2.241   0.4   0.0
   1 1984 287 12769.  21.5  29.9   2.108   0.6   0.6
   1 1984 288  9796.  22.5  28.7   2.317   0.3   0.0
   1 1984 289 14198.  23.0  31.0   2.422   0.4   0.0
   1 1984 290 12614.  23.7  30.3   2.544   0.4   0.0
   1 1984 291  7247.  22.7  26.3   2.542   0.4   3.6
   1 1984 292 11765.  22.6  28.8   2.526   0.6   8.8
   1 1984 293 16787.  21.5  31.3   2.131   0.5   6.4
   1 1984 294 11030.  21.5  27.5   2.213   0.6   0.4
   1 1984 295 11999.  21.3  29.8   2.110   0.6   8.0
   1 1984 296 16441.  21.4  30.3   2.054   0.3   0.0
   1 1984 297 18911.  20.3  31.3   1.977   0.3   0.0
   1 1984 298 20844.  16.5  29.9   1.492   0.4   0.0
   1 1984 299 20304.  15.2  29.9   1.426   0.4   0.0
   1 1984 300 20340.  15.1  29.9   1.214   0.3   0.0
   1 1984 301 19915.  14.9  29.8   1.370   0.3   0.0
   1 1984 302 18295.  15.2  29.7   1.338   0.3   0.0
   1 1984 303 17057.  16.3  29.9   1.454   0.3   0.0
   1 1984 304 18911.  17.5  30.1   1.525   0.3   0.0
   1 1984 305 18565.  17.7  30.0   1.533   0.4   0.0
   1 1984 306 17791.  18.0  28.8   1.607   0.5   0.0
   1 1984 307 17096.  19.8  30.3   1.773   0.3   0.0
   1 1984 308 13003.  19.9  29.8   1.852   0.3   0.0
   1 1984 309 18025.  18.9  31.3   1.779   0.3   0.0
   1 1984 310 18295.  19.8  32.5   2.192   0.4   0.0
   1 1984 311 17716.  19.9  32.7   1.954   0.3   0.0
   1 1984 312 17906.  19.9  33.7   1.912   0.3   0.0
   1 1984 313 17327.  20.1  32.5   1.884   0.5   0.0
   1 1984 314 18331.  19.9  32.0   1.931   0.4   0.0
   1 1984 315 18101.  18.8  32.5   1.733   0.4   0.0
   1 1984 316 18641.  17.7  32.6   1.964   0.4   0.0
   1 1984 317 18486.  16.4  32.5   1.516   0.4   0.0
   1 1984 318 17906.  17.5  32.6   1.623   0.3   0.0
   1 1984 319 18371.  17.5  32.5   1.553   0.3   0.0
   1 1984 320 18025.  16.5  32.5   1.366   0.3   0.0
   1 1984 321 17946.  16.5  31.5   1.390   0.4   0.0
   1 1984 322 17636.  16.5  32.5   1.482   0.3   0.0
   1 1984 323 17831.  16.5  32.5   1.484   0.3   0.0
   1 1984 324 15898.  17.5  31.3   1.537   0.4   0.0
   1 1984 325 16207.  18.0  29.9   1.556   0.5   0.0
   1 1984 326 16402.  17.5  30.3   1.960   0.4   0.0
   1 1984 327 13543.  17.6  28.8   1.626   0.4   0.0
   1 1984 328 16556.  17.5  29.8   1.547   0.4   0.0
   1 1984 329 15397.  15.2  28.8   1.305   0.4   0.0
   1 1984 330 15088.  13.7  27.7   1.233   0.3   0.0
   1 1984 331 15512.  12.7  28.7   1.109   0.4   0.0
   1 1984 332 10800.  13.8  27.5   1.214   0.4   0.0
   1 1984 333 10490.  15.9  27.7   1.412   0.4   0.0
   1 1984 334 13504.  16.5  28.8   1.512   0.5   0.0
   1 1984 335 13428.  17.5  28.7   1.521   0.6   0.0
   1 1984 336 15937.  16.3  29.9   1.386   0.4   0.0
   1 1984 337 17176.  13.9  29.9   1.208   0.4   0.0
   1 1984 338 17176.  13.8  29.8   1.137   0.4   0.0
   1 1984 339 17366.  12.7  29.8   1.083   0.4   0.0
   1 1984 340 17021.  13.7  29.9   1.175   0.4   0.0
   1 1984 341 17057.  14.0  29.9   1.196   0.5   0.0
   1 1984 342 17482.  12.7  29.8   1.037   0.4   0.0
   1 1984 343 17791.  11.5  29.9   0.960   0.4   0.0
   1 1984 344 17600.  11.3  29.9   1.017   0.4   0.0
   1 1984 345 16787.  11.5  29.9   0.994   0.4   0.0
   1 1984 346 16132.  12.7  29.8   1.127   0.4   0.0
   1 1984 347 16402.  13.7  30.1   1.191   0.4   0.0
   1 1984 348 16672.  13.6  29.9   1.191   0.4   0.0
   1 1984 349 16052.  12.6  30.1   1.125   0.4   0.0
   1 1984 350 18486.  11.4  29.9   1.005   0.4   0.0
   1 1984 351 17176.   9.9  29.8   0.950   0.4   0.0
   1 1984 352 17366.  10.5  29.9   0.961   0.4   0.0
   1 1984 353 16441.  10.3  30.3   0.906   0.3   0.0
   1 1984 354 15977.  11.3  31.3   1.049   0.4   0.0
   1 1984 355 16247.  11.5  31.4   1.007   0.4   0.0
   1 1984 356 15318.  12.6  30.3   1.112   0.4   0.0
   1 1984 357  7247.  13.7  28.7   1.184   0.2   0.0
   1 1984 358  6512.  13.8  26.3   1.231   0.3   0.0
   1 1984 359 15977.  14.9  28.8   1.290   0.5   0.0
   1 1984 360 15862.  15.0  29.0   1.302   0.4   0.0
   1 1984 361 15667.  15.3  30.2   1.301   0.4   0.0
   1 1984 362 15898.  15.2  30.1   1.284   0.5   0.0
   1 1984 363 14198.  15.3  29.9   1.279   0.6   0.0
   1 1984 364 15167.  16.3  29.8   1.382   0.6   0.0
   1 1984 365 16092.  15.2  29.9   1.258   0.4   0.0
