*---------------------------------------------------------------------------*
* Station name: Sanpatong (Rice Experiment Station), Thailand
* Year: 1983
* Author: Peter Uithol                                     -99.000: NIL VALUE
* Source: IRRI/WMO Special project
* Comments: Incomplete year
* Longitude: 98 57 E, latitude: 18 45 N, altitude: 312. m
*
* Column  Daily value
* 1       station number
* 2       year
* 3       day
* 4       irradiation                   (kJ m-2 d-1)
* 5       minimum temperature           (degrees Celsius)
* 6       maximum temperature           (degrees Celsius)
* 7       early morning vapour pressure (kPa)
* 8       mean wind speed (height: 2 m) (m s-1)
* 9       precipitation                 (mm d-1)
*---------------------------------------------------------------------------*
  98.95  18.75   312. 0.00 0.00
   1 1983 182 17831.  28.5  33.5   2.234   1.4   0.0
   1 1983 183 17176.  25.0  34.0   2.110   1.3   0.0
   1 1983 184 21694.  25.0  34.5   2.373   0.8   0.0
   1 1983 185 24977.  23.5  35.5   1.569   1.0   0.0
   1 1983 186 22813.  23.5  36.5   1.386   0.8   0.0
   1 1983 187 24592.  24.0  37.0   1.599   0.9   0.0
   1 1983 188 24322.  25.0  37.0   1.628   1.2   0.0
   1 1983 189 25632.  20.3  36.5   1.106   1.0   0.0
   1 1983 190 28220.  26.0  37.7   1.798   1.0   9.5
   1 1983 191 18720.  25.5  35.6   2.559   0.9  67.0
   1 1983 192 24127.  23.0  35.6   2.284   1.0   0.0
   1 1983 193 19645.  24.5  34.5   2.494   0.9   2.4
   1 1983 194 24667.  25.0  35.0   2.186   0.5   2.2
   1 1983 195 21154.  25.0  35.0   2.506   0.8   0.0
   1 1983 196 12848.  25.3  31.0   2.597   0.7   0.0
   1 1983 197 17870.  25.0  33.3   2.395   0.8  11.2
   1 1983 198 14742.  25.0  36.8   2.516   0.6   0.0
   1 1983 199 16092.  25.2  33.5   2.530   1.0   0.0
   1 1983 200 10451.  25.5  29.5   2.693   0.7  18.6
   1 1983 201 22079.  23.5  33.0   2.375   0.7   0.0
   1 1983 202 22968.  23.2  34.5   2.346   0.5   0.0
   1 1983 203 22658.  23.0  34.5   2.245   0.9   0.0
   1 1983 204 19030.  24.5  34.5   2.710   0.8  24.5
   1 1983 205 20225.  23.5  32.5   2.459   0.7   5.0
   1 1983 206 17716.  23.0  32.0   2.509   0.7   0.0
   1 1983 207 18835.  24.5  32.5   2.602   0.7   0.0
   1 1983 208 18605.  25.0  33.5   2.551   1.0   1.3
   1 1983 209 16596.  24.0  31.5   2.674   0.5   0.6
   1 1983 210 18410.  24.5  32.5   2.697   0.8   1.4
   1 1983 211  9061.  24.0  32.0   2.498   0.7   0.0
   1 1983 212 26021.  24.0  31.0   2.639   0.9   0.0
   1 1983 213 14198.  24.4  30.5   2.635   0.8   0.0
   1 1983 214 16171.  24.5  31.0   2.630   0.8  18.7
   1 1983 215 13928.  23.0  32.0   2.487   0.6   0.0
   1 1983 216 24437.  24.0  33.0   2.698   0.7   7.0
   1 1983 217 16711.  24.0  31.5   2.689   1.0   5.4
   1 1983 218 21769.  23.5  32.0   2.671   0.9   5.3
   1 1983 219 18641.  23.0  32.0   2.493   1.0   8.3
   1 1983 220 19879.  23.0  31.5   2.484   0.7   0.5
   1 1983 221 25362.  23.0  32.8   2.386   0.7   0.0
   1 1983 222 18140.  23.5  33.0   2.383   0.6   0.0
   1 1983 223 25207.  25.0  33.0   2.852   0.8  16.3
   1 1983 224 19915.  24.0  31.3   2.214   0.8  98.0
   1 1983 225 27101.  23.4  31.0   2.297   0.8   0.0
   1 1983 226 21539.  24.5  33.5   2.479   0.7   0.0
   1 1983 227 23317.  25.5  34.0   2.785   0.6   0.0
   1 1983 228 23198.  25.5  34.0   2.775   0.7   0.0
   1 1983 229 20034.  25.5  33.0   2.546   0.9   3.3
   1 1983 230 20034.  25.0  31.5   2.497   0.8   0.0
   1 1983 231 16632.  25.0  32.0   2.408   0.7   0.0
   1 1983 232 12460.  25.5  30.7   2.612   0.8   0.0
   1 1983 233 13738.  25.5  30.7   2.772   0.7   5.1
   1 1983 234 18720.  24.5  32.0   2.220   1.0   0.0
   1 1983 235 17906.  25.0  32.5   2.364   0.7   4.6
   1 1983 236 19220.  25.2  32.0   2.453   0.9   0.0
   1 1983 237 15473.  25.0  31.0   2.376   1.3   0.5
   1 1983 238 17561.  24.5  31.0   2.380   1.0   0.0
   1 1983 239  5083.  24.5  31.2   2.155   1.0   0.0
   1 1983 240 21269.  24.0  32.5   2.068   0.4  14.2
   1 1983 241 24628.  24.1  33.5   2.213   0.8  18.5
   1 1983 242 15898.  24.0  31.0   2.367   0.7   6.5
   1 1983 243 18680.  23.5  31.5   2.125   0.9   4.6
   1 1983 244 12384.  23.2  34.5   2.181   0.3   1.0
   1 1983 245 22619.  23.8  32.8   2.102   0.6   2.5
   1 1983 246 19490.  23.2  31.5   2.093   0.6   7.0
   1 1983 247 17021.  24.0  31.2   1.984   0.8  18.5
   1 1983 248 18410.  24.0  32.0   2.465   0.7   0.3
   1 1983 249 17057.  23.7  31.5   2.665   0.7   0.5
   1 1983 250  9256.  24.0  32.6   2.776   0.5   0.0
   1 1983 251 21809.  24.0  32.0   2.367   0.6   0.0
   1 1983 252 24397.  24.6  32.2   2.723   0.7  26.4
   1 1983 253 18371.  24.3  31.8   2.267   0.7   9.0
   1 1983 254 17251.  24.8  33.0   2.665   0.7   7.0
   1 1983 255 16207.  24.5  30.5   2.519   0.8   0.6
   1 1983 256  7247.  23.5  30.2   2.366   0.8   7.7
   1 1983 257 18331.  23.0  30.0   2.400   0.3   0.0
   1 1983 258 17600.  23.5  32.0   2.505   0.5   0.0
   1 1983 259 20884.  24.0  32.0   2.513   0.6   0.0
   1 1983 260 14083.  24.0  31.8   2.331   0.4   0.2
   1 1983 261 12614.  24.0  30.5   2.143   0.4   0.0
   1 1983 262 13428.  24.0  30.0   2.417   0.5   1.8
   1 1983 263 17212.  24.4  30.7   2.433   0.6   1.8
   1 1983 264 20884.  24.0  31.5   2.277   0.6   0.0
   1 1983 265 20304.  24.5  32.0   2.500   0.6   0.0
   1 1983 266 23083.  23.0  33.0   1.798   0.5   0.0
   1 1983 267 24282.  22.5  33.5   2.167   0.5   0.0
   1 1983 268 23508.  24.0  33.7   2.208   0.8  33.2
   1 1983 269 21308.  21.5  34.0   1.956   0.2   0.0
   1 1983 270 25092.  22.2  34.0   1.887   0.4   0.0
   1 1983 271 20610.  24.0  32.5   2.429   1.0   2.1
   1 1983 272 18450.  24.0  32.0   2.456   0.6   0.0
   1 1983 273 14123.  23.0  32.0   2.152   0.5   0.0
   1 1983 274 19454.  24.0  32.2   2.397   0.4   0.0
   1 1983 275 21499.  22.5  32.0   2.131   0.8  15.0
   1 1983 276 16826.  23.0  30.0   2.571   0.6  33.1
   1 1983 277 10260.  23.5  28.5   2.279   0.5   5.3
   1 1983 278 17521.  23.8  30.5   2.365   0.5   0.3
   1 1983 279 21269.  24.0  31.7   2.250   0.5   0.0
   1 1983 280 20459.  24.0  33.4   2.220   0.5   0.0
   1 1983 281  7168.  25.0  26.6   2.852   0.5   0.0
   1 1983 282 21424.  22.0  31.6   2.335   0.5  14.6
   1 1983 283 22039.  22.8  31.5   2.198   0.6   0.1
   1 1983 284 11149.  24.5  30.1   2.485   0.6   0.5
   1 1983 285  8291.  23.5  30.0   2.604   0.4   0.9
   1 1983 286 10606.  23.3  30.0   2.618   0.4   0.0
   1 1983 287 14468.  23.7  30.7   2.448   0.4   0.0
   1 1983 288 10220.  23.2  29.4   2.731   0.7  20.7
   1 1983 289 10300.  22.0  26.6   2.422   0.6  15.2
   1 1983 290 20185.  21.9  30.6   2.181   0.4   0.1
   1 1983 291 14432.  22.7  30.3   2.329   0.5  24.4
   1 1983 292 10260.  23.3  27.5   2.535   0.5   8.4
   1 1983 293 14818.  22.5  30.5   2.153   0.4   0.0
   1 1983 294 21229.  21.5  32.5   2.093   0.4   0.0
   1 1983 295 21229.  21.5  33.5   1.931   0.3   0.0
   1 1983 296 20729.  22.0  32.6   2.054   0.5   0.0
   1 1983 297 18605.  22.3  32.6   2.181   0.4   0.0
   1 1983 298 18140.  22.4  32.5   2.213   0.3   0.0
   1 1983 299 20419.  21.6  32.6   2.095   0.4   0.0
   1 1983 300 17791.  21.7  30.7   1.960   1.5   0.3
   1 1983 301  7787.  22.7  25.8   2.409   0.0   1.5
   1 1983 302 19915.  21.4  32.6   2.434   0.2   0.3
   1 1983 303 10375.  21.6  30.0   2.271   0.2   0.0
   1 1983 304 12074.  20.7  28.3   1.958   0.6   0.1
   1 1983 305  7247.  22.2  24.9   2.302   0.6   3.7
   1 1983 306  6667.  20.6  25.6   2.157   0.2   0.3
   1 1983 307 11999.  21.5  29.6   2.177   0.2   0.1
   1 1983 308  8870.  22.5  30.0   2.181   0.2   0.0
   1 1983 309 19530.  22.5  32.0   2.312   0.3   0.0
   1 1983 310 18061.  21.3  31.6   1.920   0.3   0.0
   1 1983 311 15282.  19.5  31.6   1.836   0.3   0.0
   1 1983 312 12344.  19.5  30.3   1.670   0.3  10.2
   1 1983 313  8251.  22.0  27.2   2.454   0.4  12.8
   1 1983 314  5008.  22.3  27.0   2.542   0.7  22.2
   1 1983 315 12460.  22.7  30.0   2.597   0.1   8.9
   1 1983 316  8446.  23.0  28.3   2.633   0.6  11.0
   1 1983 317  9101.  22.2  26.7   2.546   0.4   0.1
   1 1983 318 10451.  21.3  28.5   1.953   0.4   0.4
   1 1983 319 11419.  21.0  27.0   2.156   0.6   0.3
   1 1983 320 10415.  20.0  27.1   2.146   0.3   0.0
   1 1983 321 13928.  21.3  28.6   2.039   0.7   8.8
   1 1983 322 18410.  20.4  29.0   1.838   0.4   0.0
   1 1983 323 14623.  19.0  29.6   1.718   0.3   0.0
   1 1983 324 18680.  19.0  30.0   1.683   0.4   0.0
   1 1983 325 20380.  17.2  29.4   1.508   0.4   0.0
   1 1983 326 13698.  17.6  28.5   1.472   0.3   0.0
   1 1983 327 17327.  16.9  27.6   1.372   0.4   0.0
   1 1983 328 18796.  12.4  26.5   1.026   0.4   0.0
   1 1983 329 18526.  12.0  26.7   0.971   0.4   0.0
   1 1983 330 18680.  10.9  25.5   0.847   0.5   0.0
   1 1983 331 17096.   9.9  25.3   0.877   0.4   0.0
   1 1983 332 17600.  10.3  24.9   0.885   0.5   0.0
   1 1983 333 18295.   8.0  24.3   0.773   0.5   0.0
   1 1983 334 17946.   7.6  25.3   0.746   0.4   0.0
   1 1983 335 18025.   8.0  25.4   0.764   0.4   0.0
   1 1983 336 18526.   8.4  25.6   0.823   0.4   0.0
   1 1983 337 17096.   9.3  26.9   0.800   0.3   0.0
   1 1983 338 17291.   9.4  26.4   0.828   0.4   0.0
   1 1983 339 17561.   9.2  26.4   0.893   0.4   0.0
   1 1983 340 17327.   9.1  27.1   0.889   0.4   0.0
   1 1983 341 14162.  10.5  26.6   0.798   0.4   0.0
   1 1983 342 13504.   9.2  26.2   0.889   0.5   0.0
   1 1983 343 16632.  11.5  26.2   1.105   0.4   0.0
   1 1983 344 16092.  11.5  26.7   1.109   0.4   0.0
   1 1983 345 14972.  12.0  27.9   1.131   0.4   0.0
   1 1983 346 15242.  13.2  28.1   1.140   0.4   0.0
   1 1983 347 16517.  13.1  28.9   1.161   0.4   0.0
   1 1983 348 16322.  13.3  29.0   1.189   0.4   0.0
   1 1983 349 16016.  13.5  29.4   1.169   0.4   0.0
   1 1983 350 16477.  13.5  29.2   1.161   0.4   0.0
   1 1983 351 15512.  14.5  29.9   1.323   0.4   0.0
   1 1983 352 16322.  15.7  30.5   1.344   0.4   0.0
   1 1983 353  8597.  15.4  30.6   1.282   0.3   0.0
   1 1983 354 24822.  13.4  30.4   1.097   0.4   0.0
   1 1983 355 16902.  13.5  30.1   1.226   0.3   0.0
   1 1983 356 18835.  13.2  30.0   1.054   0.5   0.0
   1 1983 357 14663.  13.4  30.1   1.227   0.5   0.0
   1 1983 358 16171.  13.4  30.1   1.191   0.5   0.0
   1 1983 359 15437.  13.5  30.2   1.099   0.5   0.0
   1 1983 360 16052.  13.0  30.2   1.145   0.6   0.0
   1 1983 361  8021.  13.0  29.7   1.023   0.8   5.0
   1 1983 362  2495.  12.0  20.1   1.170   0.4   2.6
   1 1983 363  7362.  18.2  30.4   1.527   0.5   0.0
   1 1983 364 14083.  19.7  26.7   1.801   0.5   0.0
   1 1983 365  4194.  12.0  29.7   1.180   0.1   0.0
