*---------------------------------------------------------------------------*
* Station name: Cambridge, UNITED KINGDOM
* Year: 1985                                              -99.000: NIL VALUE
* Author: C. Grashoff
* Source: Daily hours sunshine, vapour pressure and windspeed
*         from NIAB, Cambridge. Minimum and maximum temperature
*         and rainfall from the PBI Weather Station, part of the
*         weather data for September 1985 are from NIAB.
*
* Comments: Irradiation measured in daily hours sunshine, vapour
*           pressure estimated from dry and wet bulb temperature.
*           Windspeed estimated from windspeed in knots at 9:00 AM.
*
* Longitude: 0 00 E, latitude: 52 00 N, altitude: unknown
*
* Column  Daily value
* 1       station number
* 2       year
* 3       day
* 4       irradiation                   (kJ m-2 d-1)
* 5       minimum temperature           (degrees Celsius)
* 6       maximum temperature           (degrees Celsius)
* 7       early morning vapour pressure (kPa)
* 8       mean wind speed               (m s-1)
* 9       precipitation                 (mm d-1)
*---------------------------------------------------------------------------*
   0.00  52.00   0.0 0.18 0.55
  16 1985  60   0.00   2.0   7.9   0.696   4.6  12.0
  16 1985  61   0.60   5.9   8.5   0.868   6.7   0.0
  16 1985  62   0.00   3.2   9.2   0.950   9.8   0.0
  16 1985  63   3.20   4.0  10.4   0.767   6.7   0.0
  16 1985  64   9.50   0.3  11.0   0.749   1.0   0.0
  16 1985  65   8.30  -1.0  10.8   0.674   2.6   0.0
  16 1985  66   0.00   3.0   9.5   0.898   4.6   0.0
  16 1985  67   1.60   1.5  12.4   0.899   4.6   0.0
  16 1985  68   1.30   1.4  12.1   0.831   2.6   0.0
  16 1985  69   2.60   2.8  11.9   0.944   4.6   0.0
  16 1985  70   5.80   1.0   9.1   0.728   4.6   0.0
  16 1985  71   8.70  -2.1  11.0   0.610   1.0   0.0
  16 1985  72   0.00   0.0   8.5   0.729   2.6   0.0
  16 1985  73   8.00   2.2   8.9   0.688  12.3   0.0
  16 1985  74   3.40  -0.5   7.3   0.693   9.8   0.0
  16 1985  75   0.50  -2.3   5.2   0.598   2.6   0.0
  16 1985  76   5.60   0.3   6.9   0.673   2.6   0.0
  16 1985  77   6.30  -3.0   8.1   0.559   0.2   0.0
  16 1985  78   5.40  -3.7   5.0   0.528   2.6   0.0
  16 1985  79   2.20  -1.9   3.6   0.574   1.0   0.0
  16 1985  80   0.00  -0.4   5.5   0.611   6.7   0.0
  16 1985  81   0.20   2.1   8.8   0.902   4.6   0.0
  16 1985  82   2.30   1.8   9.1   0.861   1.0   0.0
  16 1985  83   3.40   4.4  10.0   0.859   4.6   0.0
  16 1985  84   4.50   0.4   9.9   0.775   6.7   0.0
  16 1985  85   0.00   4.0   7.5   0.835   4.6   0.0
  16 1985  86   3.20   1.4   6.7   0.785  12.3   0.0
  16 1985  87   3.80   0.3   8.0   0.662   9.8   0.0
  16 1985  88   0.00   3.0   8.5   0.813   2.6   1.0
  16 1985  89   0.80   8.9  14.0   1.169  12.3   0.0
  16 1985  90   6.60   8.9  15.0   1.116   6.7   0.0
  16 1985  91   0.50   8.1  17.1   1.302   6.7   0.0
  16 1985  92   7.80   8.2  17.3   0.975  12.3   0.0
  16 1985  93   3.60  12.0  20.7   1.294   6.7   0.0
  16 1985  94   0.00   7.7  13.8   1.125   4.6   0.0
  16 1985  95   1.10   6.6  14.4   1.087   4.6   0.0
  16 1985  96   6.20   5.2  15.8   0.980   2.6   0.0
  16 1985  97   0.60   5.1  12.8   0.985   4.6   0.0
  16 1985  98   1.20   8.5  13.0   1.057   6.7   0.0
  16 1985  99   5.90   5.7  14.1   0.877   6.7   0.0
  16 1985 100   5.50   5.4  13.7   0.985   2.6   0.0
  16 1985 101   1.20   5.0  12.0   0.937   9.8   0.0
  16 1985 102   8.20   5.1  13.2   0.737  15.4   0.0
  16 1985 103   8.70   5.1  12.2   0.776  12.3   0.0
  16 1985 104   3.90   6.8  12.0   0.883  12.3   0.0
  16 1985 105   6.40   2.5   9.5   0.865   4.6   0.0
  16 1985 106   8.60   8.0  19.5   1.233   2.6   0.0
  16 1985 107   1.40   5.8  15.5   1.031   2.6   0.0
  16 1985 108   5.60   5.9  19.0   1.247   0.2   0.0
  16 1985 109   7.80   2.0  20.6   1.222   2.6   0.0
  16 1985 110   4.70   5.3   9.4   0.738   6.7   0.0
  16 1985 111   5.60  -0.2  13.1   0.803   2.6   0.0
  16 1985 112   9.30   4.5  13.0   0.851   9.8   0.0
  16 1985 113   7.60   4.9  11.5   0.649   9.8   0.0
  16 1985 114  12.00  -1.4  13.0   0.600   4.6   0.0
  16 1985 115   0.00   2.5   8.0   0.750   6.7   0.0
  16 1985 116   5.70  -4.2  13.6   0.510   2.6   0.0
  16 1985 117   1.40   4.6  10.1   0.784   6.7   0.0
  16 1985 118   7.00   0.3  10.5   0.535   9.8   0.0
  16 1985 119   0.10   2.8  10.5   0.764   1.0   0.0
  16 1985 120   1.70   9.4  17.9   1.262   2.6   0.0
  16 1985 121  10.10   5.8  12.5   0.756   9.8   0.0
  16 1985 122   7.30   3.1  12.2   0.763   6.7   0.0
  16 1985 123   0.10   6.4   8.7   0.877   6.7   0.0
  16 1985 124   0.20   2.2  11.0   0.837   2.6   0.0
  16 1985 125   3.80   5.5  13.5   0.884   4.6   0.0
  16 1985 126  11.80   3.5  18.0   0.955   4.6   0.0
  16 1985 127   0.10   5.5  14.9   1.062   6.7   1.0
  16 1985 128   1.10   9.1  14.9   1.178  12.3   4.5
  16 1985 129   1.40   8.3  15.0   1.213   4.6   0.0
  16 1985 130   0.00   7.8  12.3   1.064   2.6   0.0
  16 1985 131   0.00   6.3   8.9   0.971   6.7   0.0
  16 1985 132   1.00   6.0  14.0   0.991   4.6   1.5
  16 1985 133   0.20   9.0  14.0   1.084   4.6   0.5
  16 1985 134   0.00   5.5   9.5   1.040   2.6   6.0
  16 1985 135   1.60   9.0  16.4   1.189   2.6   0.0
  16 1985 136  10.70   4.5  21.5   1.378   0.2   0.0
  16 1985 137   5.40   7.0  20.8   1.384   1.0   0.0
  16 1985 138   8.60   9.5  21.4   1.269   0.2   5.0
  16 1985 139   0.00   9.0  14.9   1.274   6.7   1.0
  16 1985 140   1.70  19.2  20.0   1.475   1.0   0.0
  16 1985 141   1.10  10.5  16.9   1.239   2.6   3.5
  16 1985 142   0.00   8.4  10.9   1.059   1.0   0.0
  16 1985 143   0.60   8.7  16.1   1.231   0.2   0.0
  16 1985 144   4.20  10.5  17.4   1.257   9.8   0.0
  16 1985 145   6.60   9.4  20.8   1.478   6.7   0.5
  16 1985 146   4.50  13.0  24.0   1.685   1.0   4.0
  16 1985 147   0.90  11.0  18.0   1.660   1.0   0.5
  16 1985 148  12.20  10.0  19.0   1.204   2.6   0.0
  16 1985 149  11.60   4.6  19.7   0.904   1.0   0.0
  16 1985 150  12.40   4.0  19.3   1.023   2.6   0.5
  16 1985 151  13.50   4.4  19.4   1.090   4.6   0.0
  16 1985 152  10.90   4.3  22.0   1.224   9.8   0.0
  16 1985 153  13.20   5.6  23.0   1.144   9.8   0.0
  16 1985 154  12.40   5.8  24.1   1.316   2.6   0.5
  16 1985 155   4.60   9.0  25.0   1.350   4.6  11.0
  16 1985 156   0.00  11.9  15.5   1.413   1.0  14.0
  16 1985 157   0.00  10.6  11.6   1.320   2.6  20.0
  16 1985 158   1.10   7.0  12.8   0.992   4.6   5.0
  16 1985 159   8.40   4.8  15.5   0.907   2.6   2.0
  16 1985 160   5.10  10.0  17.0   1.224   4.6   1.5
  16 1985 161   7.50   7.5  17.4   1.097   6.7   1.0
  16 1985 162   0.20   9.3  17.1   1.288   2.6   9.0
  16 1985 163   9.10   9.5  15.7   1.089   9.8   3.0
  16 1985 164   1.00   9.3  15.9   1.176   2.6   7.0
  16 1985 165   4.70   8.5  16.9   1.141   2.6   0.5
  16 1985 166   9.20   4.5  17.8   1.156   6.7   0.0
  16 1985 167   6.20   6.3  17.0   1.092   1.0   1.5
  16 1985 168   5.20   4.6  19.1   1.119   2.6   0.0
  16 1985 169   1.60  10.0  17.5   1.253   1.0   0.0
  16 1985 170   0.10  10.7  17.6   1.378   2.6   9.0
  16 1985 171   8.20  11.0  21.4   1.285   2.6   8.0
  16 1985 172   0.00  10.6  14.5   1.377   4.6   0.0
  16 1985 173   1.10  12.5  17.6   1.516   9.8   3.0
  16 1985 174   6.30  11.2  20.0   1.173   9.8   5.0
  16 1985 175   0.30  12.5  17.8   1.594   0.2   4.0
  16 1985 176   4.90   8.3  19.0   1.328   1.0   2.0
  16 1985 177   3.90   7.5  18.7   1.270   2.6   1.0
  16 1985 178   5.20  11.0  19.4   1.326   4.6   0.0
  16 1985 179   3.60  11.0  19.6   1.166   2.6   1.0
  16 1985 180   5.20  13.6  22.5   1.524   2.6   0.0
  16 1985 181   3.70  11.2  22.8   1.594   2.6   0.0
  16 1985 182   8.50  14.0  23.5   1.505   6.7   0.0
  16 1985 183  11.70   9.4  24.4   1.502   1.0   0.0
  16 1985 184  12.40  10.3  25.0   1.509   2.6   0.0
  16 1985 185   9.60  10.6  27.5   1.662   4.6   0.0
  16 1985 186   2.90  14.7  27.5   2.079   1.0   0.5
  16 1985 187  12.70  11.5  21.5   1.253   9.8   0.0
  16 1985 188  11.40   7.7  22.0   1.217   2.6   0.0
  16 1985 189   9.60  11.6  25.5   1.384   2.6   0.0
  16 1985 190   4.80  14.0  20.9   1.597   4.6   0.0
  16 1985 191   8.80   7.8  22.6   1.380   2.6   0.0
  16 1985 192   2.10  14.1  21.0   1.662   4.6   0.0
  16 1985 193   0.40  14.5  22.0   1.813   4.6   0.5
  16 1985 194   8.90  11.2  27.5   1.762   2.6   0.0
  16 1985 195   4.00  17.1  25.4   2.024   2.6   0.0
  16 1985 196   8.80   7.8  20.6   1.287   4.6   1.0
  16 1985 197   4.40  12.0  21.0   1.572   9.8   1.0
  16 1985 198   8.70   8.1  21.4   1.382   4.6   0.0
  16 1985 199   2.40  14.5  19.8   1.469   4.6   0.5
  16 1985 200   3.40  11.0  19.0   1.425   4.6  12.0
  16 1985 201  10.20  10.6  18.9   1.205   6.7   0.5
  16 1985 202   2.00   7.5  20.7   1.382   4.6   0.0
  16 1985 203   0.80  12.7  21.5   1.842   6.7   0.0
  16 1985 204   9.50  12.5  24.0   1.488   2.6   0.0
  16 1985 205  10.30  11.1  26.5   1.760   2.6   0.0
  16 1985 206   7.70  13.0  27.5   1.942   0.2   0.0
  16 1985 207   0.50  17.1  20.6   1.963   4.6   1.5
  16 1985 208   6.00  14.5  22.5   1.580   9.8   3.0
  16 1985 209   1.30  16.0  19.0   1.665   9.8   1.5
  16 1985 210   1.70  14.0  19.1   1.565   4.6   7.0
  16 1985 211   0.00  14.0  19.9   1.694   2.6   3.5
  16 1985 212   1.90  12.0  22.6   1.641   2.6   0.0
  16 1985 213   4.50  13.7  21.1   1.391   6.7   0.0
  16 1985 214   0.30  12.2  17.5   1.387   4.6   0.0
  16 1985 215   8.00  11.7  20.4   1.268  12.3  18.4
  16 1985 216   0.30  10.7  13.1   1.346   2.6   0.0
  16 1985 217   2.10  12.9  20.7   1.375  12.3   0.0
  16 1985 218   5.50   9.5  19.4   1.208   9.8   1.1
  16 1985 219   1.80   8.7  18.1   1.317   9.8   0.0
  16 1985 220   9.10   9.7  33.0   1.424   2.6   9.7
  16 1985 221   2.20  15.9  20.0   1.652   6.7   0.0
  16 1985 222   6.40   9.7  20.6   1.398   2.6   0.0
  16 1985 223   3.10  10.8  20.6   1.458  12.3   0.0
  16 1985 224   6.70  11.0  21.1   1.307   4.6   2.4
  16 1985 225   3.90  11.4  21.3   1.477   4.6   0.0
  16 1985 226   6.50  13.3  22.5   1.771   9.8   0.0
  16 1985 227   7.50  11.6  21.8   1.324   6.7   7.8
  16 1985 228   2.60  12.3  20.4   1.381   6.7   0.0
  16 1985 229   6.70  11.9  22.6   1.319   6.7   0.0
  16 1985 230   0.80   9.9  22.8   1.618   2.6   0.0
  16 1985 231   3.70  14.7  21.9   1.833   2.6   0.0
  16 1985 232   1.70  11.6  19.9   1.460   6.7   0.3
  16 1985 233  11.70  12.1  24.1   1.447   4.6   3.0
  16 1985 234   7.90  12.0  20.2   1.483   6.7   2.0
  16 1985 235   0.90  10.8  20.1   1.269   4.6   1.0
  16 1985 236   7.00  12.9  19.0   1.685   4.6   2.0
  16 1985 237   8.20   8.3  20.1   1.192   6.7   1.0
  16 1985 238   8.30  10.7  18.6   1.187   6.7   0.0
  16 1985 239   6.30   6.1  23.1   1.309   4.6   0.0
  16 1985 240   1.80  13.3  25.0   1.611   4.6   0.0
  16 1985 241   6.10  14.4  26.2   1.839   2.6   0.0
  16 1985 242  10.10  13.5  26.8   1.687   2.6   0.0
  16 1985 243   6.70   9.9  23.0   1.498   9.8   0.0
  16 1985 244   5.20   9.3  19.2   1.135  12.3   0.0
  16 1985 245   0.60  12.2  18.2   1.331   6.7   4.1
  16 1985 246   6.70  10.9  19.1   1.424   9.8   7.8
  16 1985 247   1.20  11.7  17.6   1.293   1.0   1.4
  16 1985 248   5.00  11.4  18.1   1.577   6.7   0.3
  16 1985 249  11.00   6.8  17.3   0.968   6.7   0.0
  16 1985 250   2.70   8.8  19.7   1.068   0.2   1.2
  16 1985 251   0.00  11.7  18.5   1.441   4.6   0.0
  16 1985 252   1.80  11.6  20.6   1.425   0.2   0.0
  16 1985 253   5.00  13.3  22.9   1.592   2.6   0.0
  16 1985 254   8.40   8.9  25.8   1.600   0.2   0.0
  16 1985 255   8.40  10.9  27.8   1.735   0.2   0.0
  16 1985 256   7.90  11.0  19.6   1.226   6.7   0.8
  16 1985 257   0.70   8.7  17.3   1.242   2.6   0.5
  16 1985 258   6.30   9.0  18.3   1.133   9.8   0.0
  16 1985 259   0.20   8.4  20.0   1.222   2.6   0.0
  16 1985 260   3.70  12.8  21.7   1.892   9.8   0.0
  16 1985 261   0.80   8.4  21.8   1.718   2.6   0.0
  16 1985 262   0.80  14.4  19.9   1.782   2.6   0.3
  16 1985 263   0.30   6.1  17.3   1.262   1.0   0.0
  16 1985 264   0.10  10.5  19.5   1.594   6.7   1.5
  16 1985 265   5.70  16.1  22.4   1.646   6.7   0.0
  16 1985 266   7.70  11.7  20.3   1.546   6.7   0.0
  16 1985 267   0.50   9.0  18.2   1.384   0.2   0.0
  16 1985 268   1.20  10.9  22.1   1.434   0.2   0.0
  16 1985 269   4.10  13.5  23.8   1.691   1.0   0.0
  16 1985 270   6.50   9.1  24.0   1.427   1.0   0.0
  16 1985 271   7.90   6.6  23.7   1.329   0.2   0.0
  16 1985 272   7.10  11.4  23.4   1.645   4.6   0.0
  16 1985 273   5.60  12.1  25.5   1.600   2.6   0.0
