*---------------------------------------------------------------------------*
* Station name: Cambridge
* Year: 1987                                              -99.000: NIL VALUE
* Author: Barbara Habekotte
* Data-entry: Barbara Habekotte
* Source: NIAB Cambridge
* Comments: -
*
* Longitude: 0 11 E, latitude: 52 13 N, altitude: unknown
*
* Column  Daily value
* 1       station number
* 2       year
* 3       day
* 4       irradiation                   (kJ m-2 d-1)
* 5       minimum temperature           (degrees Celsius)
* 6       maximum temperature           (degrees Celsius)
* 7       early morning vapour pressure (kPa)
* 8       mean wind speed               (m s-1)
* 9       precipitation                 (mm d-1)
*---------------------------------------------------------------------------*
   0.18  52.22   0.0 0.00 0.00
  16 1987   1   -99.   5.3   9.6 -99.000 -99.0 -99.0
  16 1987   2   -99.   3.8   6.2 -99.000 -99.0 -99.0
  16 1987   3   -99.  -1.6   4.2 -99.000 -99.0 -99.0
  16 1987   4   -99. - 1.2  10.0 -99.000 -99.0 -99.0
  16 1987   5   -99.   3.1   7.8 -99.000 -99.0 -99.0
  16 1987   6   -99.   1.6   5.1 -99.000 -99.0 -99.0
  16 1987   7   -99.  -2.6   3.4 -99.000 -99.0 -99.0
  16 1987   8   -99.  -4.9   2.7 -99.000 -99.0 -99.0
  16 1987   9   -99.  -4.2   1.4 -99.000 -99.0 -99.0
  16 1987  10   -99.  -1.6  -1.1 -99.000 -99.0 -99.0
  16 1987  11   -99.  -7.2  -3.6 -99.000 -99.0 -99.0
  16 1987  12   -99.  -9.9  -6.3 -99.000 -99.0 -99.0
  16 1987  13   -99. -10.7  -3.9 -99.000 -99.0 -99.0
  16 1987  14   -99.  -7.1  -0.7 -99.000 -99.0 -99.0
  16 1987  15   -99.  -5.5   1.0 -99.000 -99.0 -99.0
  16 1987  16   -99.  -2.2   1.1 -99.000 -99.0 -99.0
  16 1987  17   -99.  -4.8  -1.4 -99.000 -99.0 -99.0
  16 1987  18   -99.  -3.2  -1.3 -99.000 -99.0 -99.0
  16 1987  19   -99.  -3.2  -0.1 -99.000 -99.0 -99.0
  16 1987  20   -99.  -3.2   3.7 -99.000 -99.0 -99.0
  16 1987  21   -99.  -0.7   4.9 -99.000 -99.0 -99.0
  16 1987  22   -99.   2.3   6.4 -99.000 -99.0 -99.0
  16 1987  23   -99.   2.1   6.3 -99.000 -99.0 -99.0
  16 1987  24   -99.   2.9   5.5 -99.000 -99.0 -99.0
  16 1987  25   -99.   2.8   4.7 -99.000 -99.0 -99.0
  16 1987  26   -99.   1.2   4.8 -99.000 -99.0 -99.0
  16 1987  27   -99.  -0.2   2.8 -99.000 -99.0 -99.0
  16 1987  28   -99.  -0.6   4.4 -99.000 -99.0 -99.0
  16 1987  29   -99.  -3.2   4.1 -99.000 -99.0 -99.0
  16 1987  30   -99.  -4.8   1.5 -99.000 -99.0 -99.0
  16 1987  31   -99.  -8.3   3.9 -99.000 -99.0 -99.0
  16 1987  32   -99.  -5.4   3.7 -99.000 -99.0 -99.0
  16 1987  33   -99.  -2.7   4.2 -99.000 -99.0 -99.0
  16 1987  34   -99.   1.6   9.0 -99.000 -99.0 -99.0
  16 1987  35   -99.   3.0   9.0 -99.000 -99.0 -99.0
  16 1987  36   -99.   4.4  11.8 -99.000 -99.0 -99.0
  16 1987  37   -99.   7.1  12.6 -99.000 -99.0 -99.0
  16 1987  38   -99.   2.6  10.1 -99.000 -99.0 -99.0
  16 1987  39   -99.   3.9  11.6 -99.000 -99.0 -99.0
  16 1987  40   -99.   6.7  11.0 -99.000 -99.0 -99.0
  16 1987  41   -99.   4.3   8.0 -99.000 -99.0 -99.0
  16 1987  42   -99.   0.1   7.9 -99.000 -99.0 -99.0
  16 1987  43   -99.   2.6   3.6 -99.000 -99.0 -99.0
  16 1987  44   -99.  -2.1   5.3 -99.000 -99.0 -99.0
  16 1987  45   -99.  -0.6   4.6 -99.000 -99.0 -99.0
  16 1987  46   -99.  -2.7   4.9 -99.000 -99.0 -99.0
  16 1987  47   -99.  -1.8   2.3 -99.000 -99.0 -99.0
  16 1987  48   -99.  -2.3   2.9 -99.000 -99.0 -99.0
  16 1987  49   -99.  -2.4   3.3 -99.000 -99.0 -99.0
  16 1987  50   -99.  -3.8   2.0 -99.000 -99.0 -99.0
  16 1987  51   -99.  -3.8   2.5 -99.000 -99.0 -99.0
  16 1987  52   -99.  -3.1   5.0 -99.000 -99.0 -99.0
  16 1987  53   -99.  -3.0   6.8 -99.000 -99.0 -99.0
  16 1987  54   -99.  -1.2   3.9 -99.000 -99.0 -99.0
  16 1987  55   -99.  -3.9   2.9 -99.000 -99.0 -99.0
  16 1987  56   -99.  -5.2   4.1 -99.000 -99.0 -99.0
  16 1987  57   -99.  -2.3  10.2 -99.000 -99.0 -99.0
  16 1987  58   -99.   1.4  13.2 -99.000 -99.0 -99.0
  16 1987  59   -99.   5.7  13.0 -99.000 -99.0 -99.0
  16 1987  60   -99.   6.4  11.9 -99.000 -99.0 -99.0
  16 1987  61   -99.   6.3   8.2 -99.000 -99.0 -99.0
  16 1987  62   -99.  -1.6   1.4 -99.000 -99.0 -99.0
  16 1987  63   -99.  -3.9   2.8 -99.000 -99.0 -99.0
  16 1987  64   -99.  -1.9   5.9 -99.000 -99.0 -99.0
  16 1987  65   -99.   0.4   2.5 -99.000 -99.0 -99.0
  16 1987  66   -99.   0.4   2.5 -99.000 -99.0 -99.0
  16 1987  67   -99.  -0.9   3.2 -99.000 -99.0 -99.0
  16 1987  68   -99.  -3.2   3.5 -99.000 -99.0 -99.0
  16 1987  69   -99.  -3.8   6.0 -99.000 -99.0 -99.0
  16 1987  70   -99.  -4.9   5.7 -99.000 -99.0 -99.0
  16 1987  71   -99.  -5.4   6.0 -99.000 -99.0 -99.0
  16 1987  72   -99.  -4.2   3.4 -99.000 -99.0 -99.0
  16 1987  73   -99.  -4.8   8.4 -99.000 -99.0 -99.0
  16 1987  74   -99.  -1.3   9.5 -99.000 -99.0 -99.0
  16 1987  75   -99.  -0.3   8.2 -99.000 -99.0 -99.0
  16 1987  76   -99.   3.1  11.7 -99.000 -99.0 -99.0
  16 1987  77   -99.   1.3   6.7 -99.000 -99.0 -99.0
  16 1987  78   -99.  -2.9   6.7 -99.000 -99.0 -99.0
  16 1987  79   -99.  -1.2   7.2 -99.000 -99.0 -99.0
  16 1987  80   -99.  -2.7   5.9 -99.000 -99.0 -99.0
  16 1987  81   -99.  -2.4  10.4 -99.000 -99.0 -99.0
  16 1987  82   -99.   3.1  11.6 -99.000 -99.0 -99.0
  16 1987  83   -99.   5.3  11.2 -99.000 -99.0 -99.0
  16 1987  84   -99.   5.6  10.7 -99.000 -99.0 -99.0
  16 1987  85   -99.   0.7  11.9 -99.000 -99.0 -99.0
  16 1987  86   -99. -99.0  12.3 -99.000 -99.0 -99.0
  16 1987  87   -99.   3.8   7.1 -99.000 -99.0 -99.0
  16 1987  88   -99.  -0.6   6.7 -99.000 -99.0 -99.0
  16 1987  89   -99.   0.9  10.6 -99.000 -99.0 -99.0
  16 1987  90   -99.   3.3  11.1 -99.000 -99.0 -99.0
  16 1987  91   -99.   6.7   9.3 -99.000 -99.0 -99.0
  16 1987  92   -99.   2.9   8.1 -99.000 -99.0 -99.0
  16 1987  93   -99.   3.3  10.1 -99.000 -99.0 -99.0
  16 1987  94   -99.   6.7   9.3 -99.000 -99.0 -99.0
  16 1987  95   -99.   3.0  13.8 -99.000 -99.0 -99.0
  16 1987  96   -99.   6.7  14.4 -99.000 -99.0 -99.0
  16 1987  97   -99.   5.4  11.7 -99.000 -99.0 -99.0
  16 1987  98   -99.   5.8  12.4 -99.000 -99.0 -99.0
  16 1987  99   -99.   6.6  13.4 -99.000 -99.0 -99.0
  16 1987 100   -99.   2.4  12.6 -99.000 -99.0 -99.0
  16 1987 101   -99.   3.4   9.2 -99.000 -99.0 -99.0
  16 1987 102   -99.   3.7   9.7 -99.000 -99.0 -99.0
  16 1987 103   -99.   1.4  12.3 -99.000 -99.0 -99.0
  16 1987 104   -99.   5.9  16.8 -99.000 -99.0 -99.0
  16 1987 105   -99.   5.7  16.9 -99.000 -99.0 -99.0
  16 1987 106   -99.   9.1  16.7 -99.000 -99.0 -99.0
  16 1987 107   -99.   4.5  20.0 -99.000 -99.0 -99.0
  16 1987 108   -99.   6.0  18.9 -99.000 -99.0 -99.0
  16 1987 109   -99.   9.9  17.2 -99.000 -99.0 -99.0
  16 1987 110   -99.   8.0  11.9 -99.000 -99.0 -99.0
  16 1987 111   -99.   5.1  14.2 -99.000 -99.0 -99.0
  16 1987 112   -99.   6.5  16.0 -99.000 -99.0 -99.0
  16 1987 113   -99.   3.6  20.3 -99.000 -99.0 -99.0
  16 1987 114   -99.   3.0  21.5 -99.000 -99.0 -99.0
  16 1987 115   -99.   5.6  21.4 -99.000 -99.0 -99.0
  16 1987 116   -99.   6.4  17.3 -99.000 -99.0 -99.0
  16 1987 117   -99.   6.1  20.1 -99.000 -99.0 -99.0
  16 1987 118   -99.   4.0  21.7 -99.000 -99.0 -99.0
  16 1987 119   -99.   9.8  22.4 -99.000 -99.0 -99.0
  16 1987 120   -99.  11.1  17.2 -99.000 -99.0 -99.0
  16 1987 121   -99.  11.4  15.6 -99.000 -99.0 -99.0
  16 1987 122   -99.   2.3  13.4 -99.000 -99.0 -99.0
  16 1987 123   -99.   3.1  11.0 -99.000 -99.0 -99.0
  16 1987 124   -99.   1.5  10.9 -99.000 -99.0 -99.0
  16 1987 125   -99.   2.3  13.9 -99.000 -99.0 -99.0
  16 1987 126   -99.   2.7  15.1 -99.000 -99.0 -99.0
  16 1987 127   -99.   3.1  15.9 -99.000 -99.0 -99.0
  16 1987 128   -99.   3.2  19.7 -99.000 -99.0 -99.0
  16 1987 129   -99.   3.5  22.5 -99.000 -99.0 -99.0
  16 1987 130   -99.   4.4  12.7 -99.000 -99.0 -99.0
  16 1987 131   -99.   4.3  15.4 -99.000 -99.0 -99.0
  16 1987 132   -99.   8.3  13.6 -99.000 -99.0 -99.0
  16 1987 133   -99.   2.7  12.8 -99.000 -99.0 -99.0
  16 1987 134   -99.   5.2  13.7 -99.000 -99.0 -99.0
  16 1987 135   -99.   4.8  10.7 -99.000 -99.0 -99.0
  16 1987 136   -99.   2.8  11.8 -99.000 -99.0 -99.0
  16 1987 137   -99.   5.2  12.4 -99.000 -99.0 -99.0
  16 1987 138   -99.   7.7  11.8 -99.000 -99.0 -99.0
  16 1987 139   -99.   5.5  15.3 -99.000 -99.0 -99.0
  16 1987 140   -99.   2.6  11.2 -99.000 -99.0 -99.0
  16 1987 141   -99.   5.9  12.4 -99.000 -99.0 -99.0
  16 1987 142   -99.   4.8  12.0 -99.000 -99.0 -99.0
  16 1987 143   -99.   5.9  14.1 -99.000 -99.0 -99.0
  16 1987 144   -99.   6.3  17.5 -99.000 -99.0 -99.0
  16 1987 145   -99.   5.1  17.9 -99.000 -99.0 -99.0
  16 1987 146   -99.   5.9  21.6 -99.000 -99.0 -99.0
  16 1987 147   -99.   5.6  16.4 -99.000 -99.0 -99.0
  16 1987 148   -99.   7.5  14.2 -99.000 -99.0 -99.0
  16 1987 149   -99.   8.1  17.6 -99.000 -99.0 -99.0
  16 1987 150   -99.  10.9  19.9 -99.000 -99.0 -99.0
  16 1987 151   -99.  10.6  20.2 -99.000 -99.0 -99.0
  16 1987 152   -99.   9.1  19.6 -99.000 -99.0 -99.0
  16 1987 153   -99.  10.7  16.1 -99.000 -99.0 -99.0
  16 1987 154   -99.  10.0  19.6 -99.000 -99.0 -99.0
  16 1987 155   -99.  10.0  16.3 -99.000 -99.0 -99.0
  16 1987 156   -99.   5.7  16.1 -99.000 -99.0 -99.0
  16 1987 157   -99.  11.3  17.7 -99.000 -99.0 -99.0
  16 1987 158   -99.  10.0  14.8 -99.000 -99.0 -99.0
  16 1987 159   -99.   9.1  14.2 -99.000 -99.0 -99.0
  16 1987 160   -99.   7.6  13.6 -99.000 -99.0 -99.0
  16 1987 161   -99.   6.1  15.7 -99.000 -99.0 -99.0
  16 1987 162   -99.   9.5  14.7 -99.000 -99.0 -99.0
  16 1987 163   -99.   5.1  17.0 -99.000 -99.0 -99.0
  16 1987 164   -99.   6.4  13.8 -99.000 -99.0 -99.0
  16 1987 165   -99.   5.8  14.6 -99.000 -99.0 -99.0
  16 1987 166   -99.   6.0  13.3 -99.000 -99.0 -99.0
  16 1987 167   -99.   4.0  15.2 -99.000 -99.0 -99.0
  16 1987 168   -99.   5.7  17.4 -99.000 -99.0 -99.0
  16 1987 169   -99.   6.8  17.6 -99.000 -99.0 -99.0
  16 1987 170   -99.  10.7  15.7 -99.000 -99.0 -99.0
  16 1987 171   -99.   7.7  19.1 -99.000 -99.0 -99.0
  16 1987 172   -99.   9.3  18.1 -99.000 -99.0 -99.0
  16 1987 173   -99.  10.3  15.9 -99.000 -99.0 -99.0
  16 1987 174   -99.   7.8  18.5 -99.000 -99.0 -99.0
  16 1987 175   -99.  11.8  17.2 -99.000 -99.0 -99.0
  16 1987 176   -99.   8.9  16.4 -99.000 -99.0 -99.0
  16 1987 177   -99.  12.2  17.5 -99.000 -99.0 -99.0
  16 1987 178   -99.  12.7  22.0 -99.000 -99.0 -99.0
  16 1987 179   -99.  21.3  24.4 -99.000 -99.0 -99.0
  16 1987 180   -99.  16.3  27.9 -99.000 -99.0 -99.0
  16 1987 181   -99.  15.2  23.4 -99.000 -99.0 -99.0
  16 1987 182   -99.  10.4  20.1 -99.000 -99.0 -99.0
  16 1987 183   -99.   9.4  20.2 -99.000 -99.0 -99.0
  16 1987 184   -99.   8.7  21.8 -99.000 -99.0 -99.0
  16 1987 185   -99.   8.7  23.9 -99.000 -99.0 -99.0
  16 1987 186   -99.   9.6  25.7 -99.000 -99.0 -99.0
  16 1987 187   -99.  11.4  27.3 -99.000 -99.0 -99.0
  16 1987 188   -99.  14.6  23.7 -99.000 -99.0 -99.0
  16 1987 189   -99.  11.1  21.4 -99.000 -99.0 -99.0
  16 1987 190   -99.   9.7  20.8 -99.000 -99.0 -99.0
  16 1987 191   -99.  14.5  26.0 -99.000 -99.0 -99.0
  16 1987 192   -99.  15.4  23.8 -99.000 -99.0 -99.0
  16 1987 193   -99.  10.2  22.4 -99.000 -99.0 -99.0
  16 1987 194   -99.  12.6  23.5 -99.000 -99.0 -99.0
  16 1987 195   -99.  14.3  24.5 -99.000 -99.0 -99.0
  16 1987 196   -99.  15.6  23.2 -99.000 -99.0 -99.0
  16 1987 197   -99.  11.2  19.3 -99.000 -99.0 -99.0
  16 1987 198   -99.  11.2  17.1 -99.000 -99.0 -99.0
  16 1987 199   -99.  12.0  16.8 -99.000 -99.0 -99.0
  16 1987 200   -99.  11.8  17.3 -99.000 -99.0 -99.0
  16 1987 201   -99.  13.7  18.7 -99.000 -99.0 -99.0
  16 1987 202   -99.  12.4  16.6 -99.000 -99.0 -99.0
  16 1987 203   -99.  13.1  16.8 -99.000 -99.0 -99.0
  16 1987 204   -99.  12.3  15.1 -99.000 -99.0 -99.0
  16 1987 205   -99.  10.4  18.4 -99.000 -99.0 -99.0
  16 1987 206   -99.  10.7  16.1 -99.000 -99.0 -99.0
  16 1987 207   -99.   8.3  18.9 -99.000 -99.0 -99.0
  16 1987 208   -99.  13.2  18.4 -99.000 -99.0 -99.0
  16 1987 209   -99.  10.5  19.5 -99.000 -99.0 -99.0
  16 1987 210   -99.  14.9  19.7 -99.000 -99.0 -99.0
  16 1987 211   -99.  13.0  18.4 -99.000 -99.0 -99.0
  16 1987 212   -99.  14.0  24.2 -99.000 -99.0 -99.0
  16 1987 213   -99.  12.9  19.0 -99.000 -99.0 -99.0
  16 1987 214   -99.  12.7  20.6 -99.000 -99.0 -99.0
  16 1987 215   -99.  11.9  19.7 -99.000 -99.0 -99.0
  16 1987 216   -99.   6.4  17.8 -99.000 -99.0 -99.0
  16 1987 217   -99.   7.8  17.9 -99.000 -99.0 -99.0
  16 1987 218   -99.   6.0  18.6 -99.000 -99.0 -99.0
  16 1987 219   -99.   8.1  16.0 -99.000 -99.0 -99.0
  16 1987 220   -99.  12.1  18.6 -99.000 -99.0 -99.0
  16 1987 221   -99.  12.2  16.1 -99.000 -99.0 -99.0
  16 1987 222   -99.   6.7  19.1 -99.000 -99.0 -99.0
  16 1987 223   -99.   9.4  19.8 -99.000 -99.0 -99.0
  16 1987 224   -99.  11.4  19.6 -99.000 -99.0 -99.0
  16 1987 225   -99.  14.7  21.9 -99.000 -99.0 -99.0
  16 1987 226   -99.  11.5  21.7 -99.000 -99.0 -99.0
  16 1987 227   -99.  11.5  25.0 -99.000 -99.0 -99.0
  16 1987 228   -99.  13.2  27.6 -99.000 -99.0 -99.0
  16 1987 229   -99.  15.1  24.6 -99.000 -99.0 -99.0
  16 1987 230   -99.  16.2  24.8 -99.000 -99.0 -99.0
  16 1987 231   -99.  14.8  24.7 -99.000 -99.0 -99.0
  16 1987 232   -99.  14.7  28.6 -99.000 -99.0 -99.0
  16 1987 233   -99.  17.3  28.1 -99.000 -99.0 -99.0
  16 1987 234   -99.  15.3  21.8 -99.000 -99.0 -99.0
  16 1987 235   -99.  13.5  19.4 -99.000 -99.0 -99.0
  16 1987 236   -99.  12.1  17.6 -99.000 -99.0 -99.0
  16 1987 237   -99.  10.3  14.3 -99.000 -99.0 -99.0
  16 1987 238   -99.  10.9  16.6 -99.000 -99.0 -99.0
  16 1987 239   -99.   9.9  15.1 -99.000 -99.0 -99.0
  16 1987 240   -99.   7.8  22.1 -99.000 -99.0 -99.0
  16 1987 241   -99.  13.9  19.4 -99.000 -99.0 -99.0
  16 1987 242   -99.  12.7  20.9 -99.000 -99.0 -99.0
  16 1987 243   -99.   9.7  19.4 -99.000 -99.0 -99.0
  16 1987 244   -99.   8.2  22.6 -99.000 -99.0 -99.0
  16 1987 245   -99.  15.1  19.7 -99.000 -99.0 -99.0
  16 1987 246   -99.  14.3  22.6 -99.000 -99.0 -99.0
  16 1987 247   -99.   9.4  20.4 -99.000 -99.0 -99.0
  16 1987 248   -99.  10.8  20.7 -99.000 -99.0 -99.0
  16 1987 249   -99.   9.4  18.2 -99.000 -99.0 -99.0
  16 1987 250   -99.  12.4  19.4 -99.000 -99.0 -99.0
  16 1987 251   -99.   7.6  19.1 -99.000 -99.0 -99.0
  16 1987 252   -99.   7.0  19.4 -99.000 -99.0 -99.0
  16 1987 253   -99.  15.9  19.1 -99.000 -99.0 -99.0
  16 1987 254   -99.  10.3  20.8 -99.000 -99.0 -99.0
  16 1987 255   -99.  15.5  22.0 -99.000 -99.0 -99.0
  16 1987 256   -99.  11.5  18.3 -99.000 -99.0 -99.0
  16 1987 257   -99.   7.7  20.4 -99.000 -99.0 -99.0
  16 1987 258   -99.   8.2  20.2 -99.000 -99.0 -99.0
  16 1987 259   -99.  12.3  17.6 -99.000 -99.0 -99.0
  16 1987 260   -99.  13.7  22.6 -99.000 -99.0 -99.0
  16 1987 261   -99.  13.3  17.9 -99.000 -99.0 -99.0
  16 1987 262   -99.   8.9  17.2 -99.000 -99.0 -99.0
  16 1987 263   -99.  13.3  23.7 -99.000 -99.0 -99.0
  16 1987 264   -99.  15.3  22.8 -99.000 -99.0 -99.0
  16 1987 265   -99.  13.7  19.2 -99.000 -99.0 -99.0
  16 1987 266   -99.   9.8  19.4 -99.000 -99.0 -99.0
  16 1987 267   -99.   9.3  15.7 -99.000 -99.0 -99.0
  16 1987 268   -99.   5.8  15.7 -99.000 -99.0 -99.0
  16 1987 269   -99.   3.3  13.9 -99.000 -99.0 -99.0
  16 1987 270   -99.   4.5  13.4 -99.000 -99.0 -99.0
  16 1987 271   -99.   6.7  13.1 -99.000 -99.0 -99.0
  16 1987 272   -99.   3.9  14.0 -99.000 -99.0 -99.0
  16 1987 273   -99.   6.3  16.2 -99.000 -99.0 -99.0
  16 1987 274   -99.   3.7  16.8 -99.000 -99.0 -99.0
  16 1987 275   -99.   5.1  19.0 -99.000 -99.0 -99.0
  16 1987 276   -99.   9.0  17.3 -99.000 -99.0 -99.0
  16 1987 277   -99.   8.2  17.8 -99.000 -99.0 -99.0
  16 1987 278   -99.  10.2  19.6 -99.000 -99.0 -99.0
  16 1987 279   -99.  10.7  14.4 -99.000 -99.0 -99.0
  16 1987 280   -99.   5.2  15.4 -99.000 -99.0 -99.0
  16 1987 281   -99.   8.9  12.9 -99.000 -99.0 -99.0
  16 1987 282   -99.   5.2  14.8 -99.000 -99.0 -99.0
  16 1987 283   -99.   7.6   8.8 -99.000 -99.0 -99.0
  16 1987 284   -99.   3.4  12.9 -99.000 -99.0 -99.0
  16 1987 285   -99.   5.4  14.2 -99.000 -99.0 -99.0
  16 1987 286   -99.   6.1  14.1 -99.000 -99.0 -99.0
  16 1987 287   -99.   3.9  12.2 -99.000 -99.0 -99.0
  16 1987 288   -99.   8.1  16.8 -99.000 -99.0 -99.0
  16 1987 289   -99.   7.2  13.8 -99.000 -99.0 -99.0
  16 1987 290   -99.   7.3  15.1 -99.000 -99.0 -99.0
  16 1987 291   -99.  10.1  15.8 -99.000 -99.0 -99.0
  16 1987 292   -99.  11.4  16.0 -99.000 -99.0 -99.0
  16 1987 293   -99.  10.4  14.1 -99.000 -99.0 -99.0
  16 1987 294   -99.  11.3  15.1 -99.000 -99.0 -99.0
  16 1987 295   -99.   4.6  13.2 -99.000 -99.0 -99.0
  16 1987 296   -99.   0.5  10.4 -99.000 -99.0 -99.0
  16 1987 297   -99.   2.8  11.0 -99.000 -99.0 -99.0
  16 1987 298   -99.   0.5  12.7 -99.000 -99.0 -99.0
  16 1987 299   -99.   2.4  11.9 -99.000 -99.0 -99.0
  16 1987 300   -99.   7.8  15.2 -99.000 -99.0 -99.0
  16 1987 301   -99.   7.4  11.3 -99.000 -99.0 -99.0
  16 1987 302   -99.   1.7   9.0 -99.000 -99.0 -99.0
  16 1987 303   -99.   0.6  11.9 -99.000 -99.0 -99.0
  16 1987 304   -99.   5.2  12.8 -99.000 -99.0 -99.0
  16 1987 305   -99.   9.9  10.9 -99.000 -99.0 -99.0
  16 1987 306   -99.   3.1  11.3 -99.000 -99.0 -99.0
  16 1987 307   -99.   5.1  11.2 -99.000 -99.0 -99.0
  16 1987 308   -99.   5.7  10.8 -99.000 -99.0 -99.0
  16 1987 309   -99.   8.4  11.1 -99.000 -99.0 -99.0
  16 1987 310   -99.   1.9  10.4 -99.000 -99.0 -99.0
  16 1987 311   -99.   4.9   7.1 -99.000 -99.0 -99.0
  16 1987 312   -99.   3.9   6.4 -99.000 -99.0 -99.0
  16 1987 313   -99.   3.8   7.9 -99.000 -99.0 -99.0
  16 1987 314   -99.   3.5   8.8 -99.000 -99.0 -99.0
  16 1987 315   -99.   3.1  12.4 -99.000 -99.0 -99.0
  16 1987 316   -99.   4.9   7.9 -99.000 -99.0 -99.0
  16 1987 317   -99.   3.4   7.9 -99.000 -99.0 -99.0
  16 1987 318   -99.   2.8   9.7 -99.000 -99.0 -99.0
  16 1987 319   -99.   2.7  11.9 -99.000 -99.0 -99.0
  16 1987 320   -99.   9.3  12.9 -99.000 -99.0 -99.0
  16 1987 321   -99.   7.3  11.6 -99.000 -99.0 -99.0
  16 1987 322   -99.   6.7  11.9 -99.000 -99.0 -99.0
  16 1987 323   -99.   8.2  11.9 -99.000 -99.0 -99.0
  16 1987 324   -99.   5.6  11.8 -99.000 -99.0 -99.0
  16 1987 325   -99.   4.1   8.6 -99.000 -99.0 -99.0
  16 1987 326   -99.   6.8   8.4 -99.000 -99.0 -99.0
  16 1987 327   -99.   2.2   6.2 -99.000 -99.0 -99.0
  16 1987 328   -99.   1.8   8.3 -99.000 -99.0 -99.0
  16 1987 329   -99.   3.1   7.1 -99.000 -99.0 -99.0
  16 1987 330   -99.   4.0   5.9 -99.000 -99.0 -99.0
  16 1987 331   -99.   1.0   6.1 -99.000 -99.0 -99.0
  16 1987 332   -99.   0.0   5.1 -99.000 -99.0 -99.0
  16 1987 333   -99.  -3.9   3.2 -99.000 -99.0 -99.0
  16 1987 334   -99.   1.2   4.8 -99.000 -99.0 -99.0
  16 1987 335   -99.   1.2   7.2 -99.000 -99.0 -99.0
  16 1987 336   -99.   1.6   5.1 -99.000 -99.0 -99.0
  16 1987 337   -99.   1.9   4.1 -99.000 -99.0 -99.0
  16 1987 338   -99.   0.5   5.9 -99.000 -99.0 -99.0
  16 1987 339   -99.   2.7   6.9 -99.000 -99.0 -99.0
  16 1987 340   -99.   4.9   5.8 -99.000 -99.0 -99.0
  16 1987 341   -99.   2.2   5.2 -99.000 -99.0 -99.0
  16 1987 342   -99.  -3.4   2.3 -99.000 -99.0 -99.0
  16 1987 343   -99.  -3.9   2.8 -99.000 -99.0 -99.0
  16 1987 344   -99.  -4.3   2.1 -99.000 -99.0 -99.0
  16 1987 345   -99.  -1.7   4.0 -99.000 -99.0 -99.0
  16 1987 346   -99.   1.8   5.4 -99.000 -99.0 -99.0
  16 1987 347   -99.  -0.9   5.2 -99.000 -99.0 -99.0
  16 1987 348   -99.  -0.2   2.1 -99.000 -99.0 -99.0
  16 1987 349   -99.   0.9   9.9 -99.000 -99.0 -99.0
  16 1987 350   -99.   1.0  12.5 -99.000 -99.0 -99.0
  16 1987 351   -99.   9.0  14.7 -99.000 -99.0 -99.0
  16 1987 352   -99.  10.1  12.2 -99.000 -99.0 -99.0
  16 1987 353   -99.   5.3  10.4 -99.000 -99.0 -99.0
  16 1987 354   -99.   6.2  11.6 -99.000 -99.0 -99.0
  16 1987 355   -99.   8.6  10.9 -99.000 -99.0 -99.0
  16 1987 356   -99.   2.7   8.6 -99.000 -99.0 -99.0
  16 1987 357   -99.   0.6   6.3 -99.000 -99.0 -99.0
  16 1987 358   -99.   2.3   9.3 -99.000 -99.0 -99.0
  16 1987 359   -99.   4.6   9.9 -99.000 -99.0 -99.0
  16 1987 360   -99.   4.3  11.3 -99.000 -99.0 -99.0
  16 1987 361   -99.   9.3  13.4 -99.000 -99.0 -99.0
  16 1987 362   -99.  10.8  13.2 -99.000 -99.0 -99.0
  16 1987 363   -99.  11.5  13.6 -99.000 -99.0 -99.0
  16 1987 364   -99.   6.4  11.7 -99.000 -99.0 -99.0
  16 1987 365   -99.   6.3  11.5 -99.000 -99.0 -99.0
