*---------------------------------------------------------------------------*
* Station name: Mlynefield, Great Britain
* Year: 1985
* Author: Peter Uithol                                     -99.000: NIL VALUE
* Source: Ouwerkerk
* Comments: Vapour pressure measured as dry and wet bulb temperatures
*           Irradiation measured as mW cm-2
* Longitude: 3 00 E, latitude: 56 25 N, altitude: 30. m
*
* Column  Daily value
* 1       station number
* 2       year
* 3       day
* 4       irradiation                   (kJ m-2 d-1)
* 5       minimum temperature           (degrees Celsius)
* 6       maximum temperature           (degrees Celsius)
* 7       early morning vapour pressure (kPa)
* 8       mean wind speed (height: 2 m) (m s-1)
* 9       precipitation                 (mm d-1)
*---------------------------------------------------------------------------*
   3.00  56.42    30. 0.00 0.00
  18 1985   1  1836.   3.7   6.6   0.942   2.9   0.0
  18 1985   2  1692.   1.0   4.3   0.793   0.9   0.0
  18 1985   3  1656.  -0.9   5.4   0.786   1.8   0.0
  18 1985   4  1800.   1.8   5.3   0.872   3.6   0.2
  18 1985   5  1476.   2.4   5.0   0.739   2.0   0.2
  18 1985   6  1368.  -0.5   5.0   0.999   3.2   5.0
  18 1985   7  1116.   0.3   2.5   0.624   0.8   0.9
  18 1985   8  2340.  -0.6   5.2   0.732   1.5   0.0
  18 1985   9  2196.  -1.8   5.7   0.695   0.9   0.0
  18 1985  10  1512.  -1.0   3.4   0.758   0.6   0.0
  18 1985  11  2160.  -3.6   2.6   0.553   0.2   0.0
  18 1985  12  3780.  -6.1   0.0   0.421   0.0   0.0
  18 1985  13   684.  -6.2   3.2   0.570   1.8   2.5
  18 1985  14   504.  -1.7   2.4   0.750   4.5   0.2
  18 1985  15   756.   0.7   2.9   0.752   3.8   4.2
  18 1985  16   576.  -0.3   3.4   0.878   4.0  17.1
  18 1985  17   -99.   0.7   3.9   0.717   5.4  17.6
  18 1985  18   648.   0.5   4.0   0.889   3.0   0.1
  18 1985  19  1296.   0.3   1.6   0.657   0.2   0.8
  18 1985  20  1728.  -1.0   3.1   0.568   2.4   0.2
  18 1985  21   216.  -1.6   3.5   0.832   6.7  23.4
  18 1985  22  1080.   0.5   2.6   0.855   8.0   0.1
  18 1985  23  3348.  -1.2   1.0   0.604   6.4   0.0
  18 1985  24  1872.  -2.1   0.5   0.534   1.0   0.0
  18 1985  25  3132.  -5.0   0.4   0.114   0.7   0.0
  18 1985  26  4032.  -5.5   0.5   0.501   1.3   0.0
  18 1985  27  2196.  -8.1   2.4   0.345   2.5   3.1
  18 1985  28  2628.  -7.6   3.7   0.727   0.8   0.3
  18 1985  29  1836.   0.1   6.5   0.782   2.9   0.0
  18 1985  30   576.   2.3   7.7   0.836   4.5   0.3
  18 1985  31  4248.   3.5   8.6   0.995   5.2   0.4
  18 1985  32  1872.   4.0   9.0   1.107   7.3   2.0
  18 1985  33  2340.   4.8   8.5   1.225   1.1   0.0
  18 1985  34  1080.   1.0   8.0   0.784   1.7   0.4
  18 1985  35  1908.   2.0   8.7   1.083   1.3   0.0
  18 1985  36  1440.   4.6   6.5   0.950   1.4   0.0
  18 1985  37  1476.   4.7   5.4   0.930   3.9   1.6
  18 1985  38  2700.   2.9   4.4   0.908   5.8   1.4
  18 1985  39   972.   1.4   3.3   0.913  11.3   0.2
  18 1985  40  2340.  -0.2   0.6   0.650   8.5   0.3
  18 1985  41  3528.  -1.5   1.1   0.629   6.6   0.0
  18 1985  42  4356.  -1.3   1.6   0.611   2.3   0.0
  18 1985  43  3348.  -3.2   1.7   0.555   2.5   0.0
  18 1985  44  3888.  -1.5   2.9   0.809   4.5   0.2
  18 1985  45  6012.  -0.5   3.7   0.920   4.0   0.0
  18 1985  46  6840.  -6.2   4.0   0.451   0.8   0.0
  18 1985  47  3276.  -7.0   4.0   0.505   0.2   0.0
  18 1985  48   -99.  -5.7   1.4   0.408   1.2   0.0
  18 1985  49  3060.  -5.4   2.9   0.755   3.8   4.8
  18 1985  50   864.   0.0   5.3   0.784   1.8   0.0
  18 1985  51  6984.   0.7   7.4   0.813   1.1   0.0
  18 1985  52  5148.   1.0   7.6   0.769   0.6   0.0
  18 1985  53  4932.   1.2   9.5   0.737   6.1   0.0
  18 1985  54  2340.   1.7  11.5   1.274   7.5   0.0
  18 1985  55  7380.   6.8  11.7   1.167   2.0   0.0
  18 1985  56  4536.  -1.0   4.4   0.568   0.1   0.0
  18 1985  57  4572.  -1.3   9.4   0.752   0.9   0.0
  18 1985  58  9108.   0.3   9.0   0.764   1.0   0.0
  18 1985  59  1512.   0.6   5.4   0.772   2.7   0.0
  18 1985  60  1224.   2.5   3.9   0.825   2.8   1.7
  18 1985  61  2268.   2.0   4.4   0.788   0.0   0.0
  18 1985  62  3924.   2.4   6.5   0.889   4.0   8.2
  18 1985  63  2484.   4.2   8.5   0.917   3.2   2.0
  18 1985  64 10152.   1.4  10.3   1.003   2.2   0.0
  18 1985  65  3492.   1.7   9.4   0.914   2.9   0.5
  18 1985  66 10332.   4.1  11.1   1.121   1.3   0.0
  18 1985  67  2952.   0.2   8.5   0.906   4.0   0.0
  18 1985  68  2772.   3.8  10.6   1.146   4.8   1.8
  18 1985  69  9720.   6.4  10.4   1.088   1.5   0.0
  18 1985  70  7380.   0.0   8.9   0.907   2.8   0.0
  18 1985  71  4644.   3.3   8.7   1.028   5.0   0.3
  18 1985  72  6516.   3.5   8.2   1.048   3.3   0.0
  18 1985  73 10584.   0.0   7.0   0.949   2.3   1.3
  18 1985  74  8424.  -2.0   5.5   0.668   2.7   4.4
  18 1985  75  7596.  -2.0   4.1   0.778   3.0   0.1
  18 1985  76 12024.  -0.4   7.1   0.978   1.2   0.0
  18 1985  77 12456.  -3.6   6.1   0.724   3.7   0.0
  18 1985  78 10188.   0.7   4.6   0.866   2.6   0.1
  18 1985  79  5580.  -1.5   3.3   0.768   4.0   1.4
  18 1985  80  6012.   0.1   4.1   0.823   5.0   0.5
  18 1985  81  2808.   0.9   7.1   0.880   5.0   8.1
  18 1985  82  5688.   3.5   7.0   0.978   3.0  13.1
  18 1985  83  3348.   3.2   6.0   0.919   1.0   2.0
  18 1985  84  7848.   2.6   7.4   0.845   0.8   0.0
  18 1985  85  6336.   1.1   7.2   0.832   3.0   1.3
  18 1985  86 13068.   0.9   7.6   0.920   3.8   0.4
  18 1985  87  9072.   1.0   6.6   0.793   1.9   0.7
  18 1985  88  3816.  -0.8   1.6   0.650   2.8  16.2
  18 1985  89  4392.  -1.8   7.0   0.719   1.6   4.3
  18 1985  90  7488.   1.3  10.4   1.055   3.7   8.4
  18 1985  91  2484.   5.9  10.2   1.021   3.9   5.0
  18 1985  92  7992.   6.1  12.2   1.184   4.2   2.3
  18 1985  93 10296.   5.5  15.4   1.472   3.3   0.2
  18 1985  94 11052.   6.8  12.8   1.382   3.8  11.7
  18 1985  95  7200.   6.5  12.3   1.278   2.8   7.2
  18 1985  96   -99.   6.5   9.1   1.098   1.1   2.7
  18 1985  97   -99.   3.1  10.6   1.096   5.4   4.2
  18 1985  98  2196.   5.2   7.9   1.047   2.2   2.4
  18 1985  99  4788.   3.8   7.7   0.995   2.8   0.0
  18 1985 100  4716.   5.0   6.5   0.989   3.4   3.6
  18 1985 101  6264.   4.2   7.8   0.931   2.6   0.4
  18 1985 102 12816.   2.2  10.1   1.237   5.3   1.4
  18 1985 103  9540.   4.4  10.0   1.067   3.2   0.7
  18 1985 104 12744.   5.0  11.7   1.298   4.0   0.0
  18 1985 105  6444.   3.4  12.6   1.100   1.4   2.1
  18 1985 106  8856.   5.9  14.6   1.579   3.8   0.0
  18 1985 107 20520.   5.2  14.6   1.514   2.4   0.0
  18 1985 108 13608.   3.8  13.3   1.266   2.9   0.3
  18 1985 109 15156.   5.8 -99.0   1.588   8.1   0.0
  18 1985 110 14328.   1.4   9.3   1.186   6.0   0.0
  18 1985 111 17352.   5.6  10.8   1.221   3.8   0.0
  18 1985 112 12060.  -0.2  13.5   1.202   3.6   0.0
  18 1985 113 18756.   4.1   9.5   1.206   2.8   0.0
  18 1985 114 17892.   0.2  16.4   1.345   4.2   0.3
  18 1985 115 15840.   0.7   7.1   0.866   2.4   0.0
  18 1985 116 12240.  -0.7  12.3   1.154   6.2   0.8
  18 1985 117 22284.   1.8   7.2   0.948   6.2   0.0
  18 1985 118  6048.   0.5   4.8   1.061   1.1   2.9
  18 1985 119 11196.   0.8  11.3   0.901   0.9   2.4
  18 1985 120 15300.   4.4  15.6   1.253   5.6   0.2
  18 1985 121 24048.   2.7  12.8   1.457   4.9   0.9
  18 1985 122 20916.   3.5  12.9   1.414   2.6   0.0
  18 1985 123 13680.   3.0  10.9   1.313   2.0   0.0
  18 1985 124 16020.   4.9  10.2   1.273   1.7   0.0
  18 1985 125 16560.   5.2  10.1   1.220   4.8   0.3
  18 1985 126 15948.   5.2  11.3   1.132   3.1   0.0
  18 1985 127 25092.   2.6  15.9   1.352   1.7   0.0
  18 1985 128 18612.   5.5  15.2   1.549   2.0   0.0
  18 1985 129  4464.   7.3  11.2   1.142   1.1   0.9
  18 1985 130  7560.   8.2  12.5   1.361   2.1   0.0
  18 1985 131 26460.   4.3  11.0   1.325   2.3   0.0
  18 1985 132 26424.   3.5  12.1   1.176   3.3   0.0
  18 1985 133 17712.   3.5  16.7   1.591   6.0   0.0
  18 1985 134  4140.   9.6  12.5   1.734   7.1   5.8
  18 1985 135  3672.   7.9  12.4   1.100   2.0   0.0
  18 1985 136 13176.   7.9  15.9   1.546   0.9   0.2
  18 1985 137  9540.   6.5  15.5   1.448   0.5   1.1
  18 1985 138 10512.  10.4  16.0   1.800   5.0  19.6
  18 1985 139 10908.   7.7  14.0   1.347   5.1   0.0
  18 1985 140   -99.   7.0  15.9   1.850   3.8   0.0
  18 1985 141 11268.   3.2  10.6   1.326   2.1   0.0
  18 1985 142  6732.   6.5  10.1   1.334   2.4   4.2
  18 1985 143  4464.   5.7  10.6   1.001   3.4  12.4
  18 1985 144 10152.   6.4  15.2   1.286   4.2   1.6
  18 1985 145 11772.   6.3  16.4   1.469   3.9   5.3
  18 1985 146 11952.   9.0  17.7   1.988   4.0   0.0
  18 1985 147 11988.  11.6  17.8   1.952   3.7   3.1
  18 1985 148 24120.   7.1  14.2   1.590   4.0   0.4
  18 1985 149 27468.   5.3  16.3   1.685   2.3   0.0
  18 1985 150 27936.   4.0  15.9   1.789   1.8   0.0
  18 1985 151 25956.   7.4  19.6   1.911   1.4   0.0
  18 1985 152 27468.   7.7 -99.0   2.141 -99.0   0.0
  18 1985 153 29988. -99.0 -99.0 -99.000 -99.0 -99.0
  18 1985 154 29052.   5.9  18.4   1.754   2.5   0.0
  18 1985 155 24984.   8.3  15.4   1.492   4.6   0.0
  18 1985 156  6660.   9.3  12.0   1.413   3.4   0.0
  18 1985 157 11268.   6.7  11.0   1.399   1.3   0.3
  18 1985 158 14940.   5.0  11.9   1.299   1.2   0.0
  18 1985 159 16344.   3.2  13.5   1.476   2.9   1.1
  18 1985 160 16920.   7.5  15.3   1.443   2.2   1.9
  18 1985 161 17316.   8.0  15.2   1.836   2.0   0.7
  18 1985 162 10656.   8.1  14.6   1.513   3.0   1.4
  18 1985 163  8532.   7.5  12.6   1.549   3.7   4.2
  18 1985 164 13140.   5.5  11.9   1.325   1.4   6.1
  18 1985 165   -99.   4.8  13.2   1.458   1.6   4.9
  18 1985 166   -99.   3.9  14.4   1.595   1.5   0.1
  18 1985 167 22716.   6.0  17.1   1.730   2.1   0.0
  18 1985 168 13608.   4.3  14.9   1.774   2.3   1.7
  18 1985 169 20628.   8.4  17.0   1.770   1.8   0.5
  18 1985 170 26964.   7.9  15.4   1.764   2.4   0.0
  18 1985 171 21060.   9.4  16.2   1.631   5.2   0.0
  18 1985 172  5724.  11.0  12.4   1.546   7.7  17.2
  18 1985 173  4644.  11.0  12.9   1.411   4.9   2.2
  18 1985 174  8712.  11.5  14.2   1.430   2.0   1.1
  18 1985 175  8244.  10.3  14.0   1.499   3.3   3.5
  18 1985 176 19296.   9.1  16.3   1.733   3.0   1.8
  18 1985 177 11700.  10.5  17.1   1.460   2.1   4.8
  18 1985 178 14292.   9.0  17.2   1.774   3.7   0.2
  18 1985 179 19404.   9.7  15.3   1.604   3.6   2.9
  18 1985 180 24408.   8.1  17.9   1.970   2.8   0.0
  18 1985 181 22608.   9.8  17.7   1.866   2.1   1.2
  18 1985 182 17244.  10.9  20.1   1.826   1.6   0.0
  18 1985 183   -99.  10.5  20.4   1.732   0.5   0.0
  18 1985 184  7848.  13.8  17.9   2.073   1.1   0.8
  18 1985 185 19440.  13.4  19.9   1.768   2.8   0.3
  18 1985 186  4644.  13.5  16.0   1.681   1.7   3.9
  18 1985 187 18360.  10.6  18.4   1.746   4.2   0.0
  18 1985 188 14076.   9.2  16.4   1.926   3.0   0.0
  18 1985 189 14292.  11.3  20.2   1.940   3.8   0.3
  18 1985 190 19620.  11.1  18.9   2.177   2.8   0.0
  18 1985 191  8280.   9.0  16.1   1.804   4.5   0.7
  18 1985 192  6912.  13.8  17.9   1.843   4.4   4.5
  18 1985 193 10476.  14.2  19.0   2.052   3.2   1.9
  18 1985 194 22608.   8.1  17.5   1.690   1.3   3.9
  18 1985 195 15084.  11.5  18.2   1.539   1.8   0.3
  18 1985 196 16524.   7.0  16.0   1.806   3.5   1.7
  18 1985 197 19188.  10.2  18.5   1.860   4.2   0.4
  18 1985 198  4032.  10.9  15.7   1.756   5.4   2.4
  18 1985 199 12456.  10.9  15.7   1.618   5.0   1.0
  18 1985 200 22680.   9.4  16.4   1.816   3.5   0.0
  18 1985 201 19332.   6.0  15.8   1.671   4.3   1.2
  18 1985 202 24264.   8.0  16.6   1.837   2.9   2.6
  18 1985 203  9216.   7.1  16.4   1.404   2.2   5.5
  18 1985 204  9648.   9.0  14.6   1.770   1.8   6.9
  18 1985 205  8964.  11.6  19.4   1.545   0.7   0.0
  18 1985 206 15804.  12.3  21.9   2.359   3.7   0.3
  18 1985 207   -99.  12.7  14.4   1.639   3.2  42.9
  18 1985 208   -99.  13.5  15.5   1.675   2.4   0.6
  18 1985 209 10728.   7.4  16.3   1.852   5.0  14.9
  18 1985 210  5580.  13.5  16.9   1.685   3.8   3.9
  18 1985 211 23364.  10.5  19.6   2.087   1.7   0.0
  18 1985 212 14796.  10.9  18.7   1.988   1.8   0.1
  18 1985 213 13176.   9.4  16.3   1.804   3.7   9.4
  18 1985 214 18540.  11.7  17.9   1.755   5.3   1.6
  18 1985 215 19044.   9.9  17.5   1.663   3.9   0.0
  18 1985 216 16668.   8.4  16.8   1.754   3.1   1.3
  18 1985 217 14220.   9.6  17.7   1.783   4.2   0.0
  18 1985 218 13968.   9.5  18.1   1.671   2.2   0.0
  18 1985 219  8064.   7.5  16.1   1.557   1.9   0.0
  18 1985 220 12168.   8.0   4.5   1.824   3.0   1.3
  18 1985 221 18648.   6.6  17.0   1.704   3.8   0.3
  18 1985 222 17748.   6.9  17.8   1.736   2.2   0.5
  18 1985 223  9000.   9.7  15.3   1.648   4.7   7.9
  18 1985 224 19656.   9.3  16.8   1.764   2.6   0.6
  18 1985 225  9864.   7.4  15.7   1.594   2.3   3.2
  18 1985 226  3024.  10.3  14.2   1.604   5.0  14.5
  18 1985 227  7308.  11.0  14.3   1.571   4.2  10.3
  18 1985 228 12456.  11.6  16.4   1.716   1.8   3.3
  18 1985 229 19008.   8.6  17.3   1.739   1.8   0.2
  18 1985 230  3996.  10.9  15.6   1.538   1.5   2.9
  18 1985 231 17208.  12.7  20.7   1.840   2.5   0.7
  18 1985 232  3816.   9.8  15.8   1.538   4.7   6.1
  18 1985 233 15804.  11.7  18.2   1.988   3.4   2.1
  18 1985 234 16380.   9.6  15.8   1.770   3.7   0.0
  18 1985 235  5976.   9.9  15.5   1.647   4.5  13.9
  18 1985 236 13716.  12.0  17.4   1.555   5.4   2.7
  18 1985 237 11340.   9.7  18.4   1.684   4.0   0.0
  18 1985 238 15876.   7.4  16.8   1.819   2.1   1.6
  18 1985 239  3132.   7.9  17.5   1.605   5.2   8.7
  18 1985 240 19152.  10.6  18.1   1.759   3.5   0.0
  18 1985 241 14544.   3.9  15.1   1.476   3.0   3.9
  18 1985 242   -99.  10.2  17.5   1.652   3.1   0.3
  18 1985 243  5652.  10.3  16.3   1.571   5.3   2.1
  18 1985 244  8748.   9.8  17.4   1.703   2.3   1.9
  18 1985 245  3780.   7.7  12.5   1.280   2.8   8.3
  18 1985 246  3204.   9.2  13.2   1.492   1.1   0.0
  18 1985 247  8820.   3.6  12.1   1.253   2.8  10.2
  18 1985 248 14148.   8.0  14.2   1.514   3.2   0.1
  18 1985 249 14616.   3.9  13.7   1.508   2.4   0.0
  18 1985 250  5508.   5.7  10.6   1.250   0.9   2.4
  18 1985 251  4320.   8.4  10.4   1.245   1.5   1.3
  18 1985 252  3492.   9.0  17.1   1.265   1.0   0.4
  18 1985 253 16704.   9.7  20.6   2.090   2.0   0.0
  18 1985 254  7380.   6.2  16.1   1.316   0.3   0.0
  18 1985 255  9684.   9.0  19.9   1.889   2.4   1.0
  18 1985 256 14796.   8.8  16.8   1.737   6.8   0.2
  18 1985 257 13248.  10.7  15.3   1.834   7.0   0.1
  18 1985 258 11844.   9.4  15.5   1.803   4.2   1.1
  18 1985 259  2520.   8.9  14.6   1.258   2.6   2.5
  18 1985 260 10800.   9.6  16.1   1.854   3.0   0.7
  18 1985 261  2988.   6.5  11.5   1.271   0.4  21.7
  18 1985 262 12888.   9.5  14.9   1.430   4.2   0.3
  18 1985 263  5976.   5.7  11.5   1.258   3.0  25.4
  18 1985 264  2052.   7.7   9.0   1.105   3.2  15.1
  18 1985 265  3240.   7.5  12.1   1.180   5.0  29.1
  18 1985 266  5796.   8.6  14.9   1.426   2.5   0.1
  18 1985 267 10908.  10.9  17.5   1.682   1.9   0.0
  18 1985 268  7272.  11.4  15.3   1.486   0.8   2.6
  18 1985 269  8316.  12.6  18.9   1.772   1.7   1.1
  18 1985 270  8532.  11.0  19.8   1.581   1.6   0.0
  18 1985 271  3924.  12.1  14.4   1.516   0.8   0.1
  18 1985 272  9360.  11.9  20.4   1.515   1.3   0.0
  18 1985 273  3600.  12.6  18.6   1.955   5.0  25.7
  18 1985 274  4860.  15.2  20.0   1.994   2.2   0.1
  18 1985 275  4068.  14.1  17.7   1.962   4.2   3.1
  18 1985 276  7200.  11.6  16.3   1.799   5.8   3.3
  18 1985 277  7416.  11.6  15.9   1.807   9.2   0.1
  18 1985 278  9072.   7.5  15.0   1.621   5.5   0.5
  18 1985 279  4140.  11.5  13.8   1.556   3.2   2.2
  18 1985 280 10800.   7.8  13.7   1.436   3.2   0.2
  18 1985 281  6660.   4.9  11.6   1.300   2.2   0.1
  18 1985 282  7056.   7.3  12.8   1.180   3.0   0.4
  18 1985 283  9684.   6.9  15.4   1.339   6.2   0.6
  18 1985 284  8460.   6.8  14.9   1.789   2.6   0.0
  18 1985 285  3600.   2.0  13.1   1.163   1.3   0.0
  18 1985 286  9108.   7.2  14.0   1.397   1.9   0.0
  18 1985 287  9108.   7.2  19.2   1.575   0.7   0.0
  18 1985 288  1980.  12.4  14.5   1.522   1.3   0.0
  18 1985 289  8604.   5.6  15.4   1.268   1.3   0.0
  18 1985 290  8388.   5.4  15.9   1.230   0.7   0.1
  18 1985 291   -99.   7.5  13.9   1.429   0.6   0.0
  18 1985 292   -99.   1.8  12.8   0.869   1.4   0.0
  18 1985 293   -99.   4.2  12.9   1.324   0.8   0.0
  18 1985 294   -99.   8.9  13.7   1.334   0.3   0.0
  18 1985 295  1404.   4.2  10.5   1.028   1.0   0.0
  18 1985 296  3312.   5.7  11.0   1.093   2.1   0.0
  18 1985 297  5508.   3.9  11.4   0.911   1.2   0.0
  18 1985 298  3420.   3.7  11.7   1.334   2.5   0.0
  18 1985 299  1980.   5.7   9.7   1.041   0.3   0.0
  18 1985 300  3312.   6.5  10.4   1.114   2.6   0.0
  18 1985 301  2160.   5.9  12.4   1.338   1.3   0.0
  18 1985 302  6624.   4.8  12.9   1.116   0.4   0.0
  18 1985 303  6516.   2.0  12.3   0.944   1.4   1.4
  18 1985 304  6084.   1.9   8.5   0.892   1.8   0.0
  18 1985 305  4752.   0.0   8.9   0.763   3.1   0.1
  18 1985 306  6264.  -0.1   5.3   0.896   2.4   0.0
  18 1985 307  3204.  -2.2   9.3   0.618   1.7   0.0
  18 1985 308  3096.  -0.6  11.0   1.333   4.2   2.8
  18 1985 309  3096.   5.2   7.1   1.001   5.9   0.0
  18 1985 310   -99.  -0.2   7.5   0.854   4.4   2.2
  18 1985 311   -99.   1.9   8.6   0.955   1.9   1.2
  18 1985 312   -99.   1.4   9.9   1.114   2.9   8.4
  18 1985 313  1008.   6.8   8.6   1.188   5.0   2.8
  18 1985 314  3888.  -0.1   2.8   0.739   3.9   0.0
  18 1985 315  4248.  -1.6   3.7   0.871   4.1   0.0
  18 1985 316  2196.   0.8   4.6   0.884   2.2   0.0
  18 1985 317  4680.  -2.8   4.8   0.635   0.4   0.0
  18 1985 318   792.  -0.7   5.0   0.953   0.3   9.3
  18 1985 319  1152.   2.8   5.6   0.860   0.7   1.7
  18 1985 320   504.   3.5   5.4   0.913   0.6   0.8
  18 1985 321  2880.  -1.0   5.7   0.722   0.1   0.1
  18 1985 322  3024.   0.8   8.2   0.944   1.0   0.0
  18 1985 323   972.   1.1   4.5   0.714   1.9   0.3
  18 1985 324  1512.   1.4   4.9   0.858   3.9   0.8
  18 1985 325  1512.   2.4   5.1   0.805   1.7   0.2
  18 1985 326   936.  -1.2   5.3   0.742   3.1   0.9
  18 1985 327  3132.   1.1   6.8   0.901   2.8   0.0
  18 1985 328  2808.   3.5   6.5   0.978   1.4   0.0
  18 1985 329  2628.   0.9   5.4   0.715   0.7   0.0
  18 1985 330  1116.   0.8   2.8   0.768   2.6   0.0
  18 1985 331  2268.  -1.7   3.0   0.689   2.7   4.8
  18 1985 332  2700.  -0.5   2.4   0.657   0.3   0.0
  18 1985 333  4464.  -8.6  -1.9   0.386   0.1   0.3
  18 1985 334   720.  -8.9   6.4   0.485   3.1  28.0
  18 1985 335   252.  -3.5  12.9   0.955   4.3   3.7
  18 1985 336   432.   5.8  13.1   1.126   6.2   8.4
  18 1985 337   756.   5.6  11.4   1.502   8.4   3.9
  18 1985 338  1080. -99.0  11.3   1.069   0.5   0.4
  18 1985 339   828.   3.2   8.0   1.096   1.1   7.4
  18 1985 340   360.   5.0   7.9   1.015   5.3  21.1
  18 1985 341  1224.   1.9   4.9   0.734   4.4  10.5
  18 1985 342   828.   1.2   3.4   0.784   2.2   2.5
  18 1985 343  1260.   2.1   3.2   0.737   0.1   0.0
  18 1985 344  1296.  -2.5   2.1   0.512   0.9   2.1
  18 1985 345  1800.  -2.4   8.9   0.712   3.1   0.1
  18 1985 346   432.   2.0  11.5   1.014   5.2   2.9
  18 1985 347  1368.   5.7   9.8   1.021   2.3   0.0
  18 1985 348   864.   3.5  12.0   1.173   6.9   0.0
  18 1985 349  1296.   7.7  11.4   1.308   4.5   0.0
  18 1985 350   648.   6.1  12.3   1.447   4.1   7.1
  18 1985 351   468.   5.9   8.7   0.994   1.3   4.5
  18 1985 352  1800.   4.8   7.9   0.991   4.7   0.0
  18 1985 353  1224.   1.6   8.7   0.804   4.5   1.7
  18 1985 354   468.   2.3  11.4   0.982   8.1   1.9
  18 1985 355   648.   5.0  11.0   1.317   3.6   1.6
  18 1985 356  1692.   3.9   7.8   0.902   0.9   0.6
  18 1985 357  1188.   1.6   6.8   0.860   4.2   1.1
  18 1985 358  1404.   3.5   6.9   0.875   2.8   0.5
  18 1985 359   684.   2.9   5.4   0.877   7.3   2.4
  18 1985 360   936.   1.0   1.4   0.763   2.9   0.0
  18 1985 361  1908.  -3.0   1.6   0.530   1.9   0.0
  18 1985 362  1980.  -4.0  -1.0   0.529   2.2   0.0
  18 1985 363  2016.  -4.4   0.2   0.488   1.0   0.0
  18 1985 364   504.  -8.0   4.0   0.457   2.4   8.0
  18 1985 365   324.  -4.1   4.1   0.840   0.0   8.7
