*------------------------------------------------------------------------------*
* Station name: Invergowree, United Kingdom.
* Year: 1985
* Author: Peter Kooman
* Source: EAPR-Workshop on Potato Modelling 1990
* Comments: Vapour pressure measured as wet and dry bulb temperatures.
*           Wind measured on 10 m height in km/day
* Longitude: 3.00 W,  latitude 56.50 N, altitude 32.00 m
*
* Column  Daily value
* 1       station number
* 2       year
* 3       day
* 4       irradiation                   (kJ m-2 d-1)
* 5       minimum temperature           (degrees Celsius)
* 6       maximum temperature           (degrees Celsius)
* 7       early morning vapour pressure (kPA)
* 8       mean wind speed (height: 2 m) (m s-1)
* 9       precipitation                 (mm d-1)
*------------------------------------------------------------------------------*
   3.00  56.50    32. 0.00 0.00
  19 1985   1  1800.   3.7   6.6   0.640   2.1   0.0
  19 1985   2  1700.   1.0   4.3   0.540   0.6   0.0
  19 1985   3  1700.  -0.9   5.4   0.550   1.3   0.0
  19 1985   4  1800.   1.8   5.3   0.610   2.6   0.2
  19 1985   5  1500.   2.4   5.0   0.700   1.5   0.2
  19 1985   6  1400.  -0.5   5.0   0.600   2.3   5.0
  19 1985   7  1100.   0.3   2.5   0.620   0.6   0.9
  19 1985   8  2300.  -0.6   5.2   0.610   1.1   0.0
  19 1985   9  2200.  -1.8   5.7   0.520   0.7   0.0
  19 1985  10  1500.  -1.0   3.4   0.560   0.5   0.0
  19 1985  11  2200.  -3.6   2.6   0.420   0.1   0.0
  19 1985  12  3800.  -6.1   0.0   0.420   0.0   0.0
  19 1985  13   700.  -6.2   3.2   0.500   1.3   2.5
  19 1985  14   500.  -1.7   2.4   0.540   3.3   0.2
  19 1985  15   800.   0.7   2.9   0.570   2.8   4.2
  19 1985  16   600.  -0.3   3.4   0.530   2.9  17.1
  19 1985  17   600.   0.7   3.9   0.640   3.9  17.6
  19 1985  18   600.   0.5   4.0   0.540   2.2   0.1
  19 1985  19  1300.   0.3   1.6   0.570   0.1   0.8
  19 1985  20  1700.  -1.0   3.1   0.570   1.7   0.2
  19 1985  21   200.  -1.6   3.5   0.610   4.9  23.4
  19 1985  22  1100.   0.5   2.6   0.530   5.8   0.1
  19 1985  23  3300.  -1.2   1.0   0.550   4.7   0.0
  19 1985  24  1900.  -2.1   0.5   0.520   0.7   0.0
  19 1985  25  3100.  -5.0   0.4   0.910   0.5   0.0
  19 1985  26  4000.  -5.5   0.5   0.430   0.9   0.0
  19 1985  27  2200.  -8.1   2.4   0.350   1.8   3.1
  19 1985  28  2600.  -7.6   3.7   0.650   0.6   0.3
  19 1985  29  1800.   0.1   6.5   0.740   2.1   0.0
  19 1985  30   600.   2.3   7.7   0.720   3.3   0.3
  19 1985  31  4200.   3.5   8.6   0.800   3.8   0.4
  19 1985  32  1900.   4.0   9.0   0.750   5.3   2.0
  19 1985  33  2300.   4.8   8.5   0.780   0.8   0.0
  19 1985  34  1100.   1.0   8.0   0.640   1.2   0.4
  19 1985  35  1900.   2.0   8.7   0.940   0.9   0.0
  19 1985  36  1400.   4.6   6.5   0.800   1.0   0.0
  19 1985  37  1500.   4.7   5.4   0.830   2.9   1.6
  19 1985  38  2700.   2.9   4.4   0.590   4.2   1.4
  19 1985  39  1000.   1.4   3.3   0.530   8.2   0.2
  19 1985  40  2300.  -0.2   0.6   0.550   6.1   0.3
  19 1985  41  3500.  -1.5   1.1   0.630   4.8   0.0
  19 1985  42  4400.  -1.3   1.6   0.610   1.7   0.0
  19 1985  43  3300.  -3.2   1.7   0.560   1.8   0.0
  19 1985  44  3900.  -1.5   2.9   0.490   3.3   0.2
  19 1985  45  6000.  -0.5   3.7   0.430   2.9   0.0
  19 1985  46  6800.  -6.2   4.0   0.450   0.6   0.0
  19 1985  47  3300.  -7.0   4.0   0.420   0.1   0.0
  19 1985  48  2200.  -5.7   1.4   0.410   0.9   0.0
  19 1985  49  3100.  -5.4   2.9   0.540   2.8   4.8
  19 1985  50   900.   0.0   5.3   0.640   1.3   0.0
  19 1985  51  7000.   0.7   7.4   0.630   0.8   0.0
  19 1985  52  5100.   1.0   7.6   0.680   0.4   0.0
  19 1985  53  4900.   1.2   9.5   0.660   4.4   0.0
  19 1985  54  2300.   1.7  11.5   1.000   5.4   0.0
  19 1985  55  7400.   6.8  11.7   0.920   1.5   0.0
  19 1985  56  4500.  -1.0   4.4   0.570   0.1   0.0
  19 1985  57  4600.  -1.3   9.4   0.680   0.7   0.0
  19 1985  58  9100.   0.3   9.0   0.750   0.7   0.0
  19 1985  59  1500.   0.6   5.4   0.720   1.9   0.0
  19 1985  60  1200.   2.5   3.9   0.710   2.0   1.7
  19 1985  61  2300.   2.0   4.4   0.660   0.0   0.0
  19 1985  62  3900.   2.4   6.5   0.760   2.9   8.2
  19 1985  63  2500.   4.2   8.5   0.840   2.3   2.0
  19 1985  64 10200.   1.4  10.3   0.660   1.6   0.0
  19 1985  65  3500.   1.7   9.4   0.740   2.1   0.5
  19 1985  66 10300.   4.1  11.1   0.750   1.0   0.0
  19 1985  67  3000.   0.2   8.5   0.640   2.9   0.0
  19 1985  68  2800.   3.8  10.6   0.940   3.5   1.8
  19 1985  69  9700.   6.4  10.4   0.830   1.1   0.0
  19 1985  70  7400.   0.0   8.9   0.630   2.1   0.0
  19 1985  71  4600.   3.3   8.7   0.760   3.6   0.3
  19 1985  72  6500.   3.5   8.2   0.630   2.4   0.0
  19 1985  73 10600.   0.0   7.0   0.510   1.6   1.3
  19 1985  74  8400.  -2.0   5.5   0.560   2.0   4.4
  19 1985  75  7600.  -2.0   4.1   0.480   2.2   0.1
  19 1985  76 12000.  -0.4   7.1   0.430   0.9   0.0
  19 1985  77 12500.  -3.6   6.1   0.530   2.7   0.0
  19 1985  78 10200.   0.7   4.6   0.470   1.9   0.1
  19 1985  79  5600.  -1.5   3.3   0.520   2.9   1.4
  19 1985  80  6000.   0.1   4.1   0.520   3.6   0.5
  19 1985  81  2800.   0.9   7.1   0.670   3.6   8.1
  19 1985  82  5700.   3.5   7.0   0.670   2.2  13.1
  19 1985  83  3300.   3.2   6.0   0.780   0.7   2.0
  19 1985  84  7800.   2.6   7.4   0.790   0.6   0.0
  19 1985  85  6300.   1.1   7.2   0.680   2.1   1.3
  19 1985  86 13100.   0.9   7.6   0.430   2.7   0.4
  19 1985  87  9100.   1.0   6.6   0.540   1.4   0.7
  19 1985  88  3800.  -0.8   1.6   0.550   2.1  16.2
  19 1985  89  4400.  -1.8   7.0   0.630   1.2   4.3
  19 1985  90  7500.   1.3  10.4   0.900   2.7   8.4
  19 1985  91  2500.   5.9  10.2   0.920   2.8   5.0
  19 1985  92  8000.   6.1  12.2   0.820   3.0   2.3
  19 1985  93 10300.   5.5  15.4   1.120   2.4   0.2
  19 1985  94 11100.   6.8  12.8   1.020   2.7  11.7
  19 1985  95  7200.   6.5  12.3   1.070   2.0   7.2
  19 1985  96  2900.   6.5   9.1   0.980   0.8   2.7
  19 1985  97 13000.   3.1  10.6   0.900   3.9   4.2
  19 1985  98  2200.   5.2   7.9   0.790   1.6   2.4
  19 1985  99  4800.   3.8   7.7   0.800   2.0   0.0
  19 1985 100  4700.   5.0   6.5   0.740   2.4   3.6
  19 1985 101  6300.   4.2   7.8   0.800   1.9   0.4
  19 1985 102 12800.   2.2  10.1   0.700   3.8   1.4
  19 1985 103  9500.   4.4  10.0   0.740   2.3   0.7
  19 1985 104 12700.   5.0  11.7   0.790   2.9   0.0
  19 1985 105  6400.   3.4  12.6   0.710   1.0   2.1
  19 1985 106  8900.   5.9  14.6   1.180   2.7   0.0
  19 1985 107 20500.   5.2  14.6   0.820   1.7   0.0
  19 1985 108 13600.   3.8  13.3   0.880   2.1   0.3
  19 1985 109 15200.   5.8  15.0   0.980   5.9   0.0
  19 1985 110 14300.   1.4   9.3   0.550   4.4   0.0
  19 1985 111 17400.   5.6  10.8   0.650   2.7   0.0
  19 1985 112 12100.  -0.2  13.5   0.710   2.6   0.0
  19 1985 113 18800.   4.1   9.5   0.500   2.0   0.0
  19 1985 114 17900.   0.2  16.4   0.720   3.1   0.3
  19 1985 115 15800.   0.7   7.1   0.470   1.8   0.0
  19 1985 116 12200.  -0.7  12.3   0.720   4.5   0.8
  19 1985 117 22300.   1.8   7.2   0.440   4.5   0.0
  19 1985 118  6000.   0.5   4.8   0.430   0.8   2.9
  19 1985 119 11200.   0.8  11.3   0.750   0.7   2.4
  19 1985 120 15300.   4.4  15.6   1.150   4.1   0.2
  19 1985 121 24000.   2.7  12.8   0.610   3.5   0.9
  19 1985 122 20900.   3.5  12.9   0.630   1.9   0.0
  19 1985 123 13700.   3.0  10.9   0.800   1.4   0.0
  19 1985 124 16000.   4.9  10.2   0.520   1.2   0.0
  19 1985 125 16600.   5.2  10.1   0.840   3.5   0.3
  19 1985 126 15900.   5.2  11.3   0.930   2.2   0.0
  19 1985 127 25100.   2.6  15.9   0.930   1.2   0.0
  19 1985 128 18600.   5.5  15.2   0.770   1.4   0.0
  19 1985 129  4500.   7.3  11.2   1.020   0.8   0.9
  19 1985 130  7600.   8.2  12.5   0.840   1.5   0.0
  19 1985 131 26500.   4.3  11.0   0.760   1.6   0.0
  19 1985 132 26400.   3.5  12.1   0.760   2.4   0.0
  19 1985 133 17700.   3.5  16.7   1.000   4.4   0.0
  19 1985 134  4100.   9.6  12.5   0.800   5.1   5.8
  19 1985 135  3700.   7.9  12.4   1.040   1.4   0.0
  19 1985 136 13200.   7.9  15.9   1.190   0.6   0.2
  19 1985 137  9500.   6.5  15.5   1.210   0.4   1.1
  19 1985 138 10500.  10.4  16.0   1.240   3.6  19.6
  19 1985 139 10900.   7.7  14.0   1.070   3.7   0.0
  19 1985 140 27000.   7.0  15.9   0.990   2.8   0.0
  19 1985 141 11300.   3.2  10.6   0.890   1.5   0.0
  19 1985 142  6700.   6.5  10.1   0.900   1.7   4.2
  19 1985 143  4500.   5.7  10.6   0.900   2.4  12.4
  19 1985 144 10200.   6.4  15.2   1.180   3.0   1.6
  19 1985 145 11800.   6.3  16.4   0.940   2.8   5.3
  19 1985 146 12000.   9.0  17.7   1.450   2.9   0.0
  19 1985 147 12000.  11.6  17.8   1.310   2.7   3.1
  19 1985 148 24100.   7.1  14.2   0.790   2.9   0.4
  19 1985 149 27500.   5.3  16.3   0.880   1.6   0.0
  19 1985 150 27900.   4.0  15.9   0.950   1.3   0.0
  19 1985 151 26000.   7.4  19.6   1.190   1.0   0.0
  19 1985 152 27500.   7.7  20.0   1.230   1.0   0.0
  19 1985 153 30000.   6.5  19.0   1.230   1.8   0.0
  19 1985 154 29100.   5.9  18.4   1.180   1.8   0.0
  19 1985 155 25000.   8.3  15.4   1.230   3.4   0.0
  19 1985 156  6700.   9.3  12.0   0.930   2.5   0.0
  19 1985 157 11300.   6.7  11.0   0.740   0.9   0.3
  19 1985 158 14900.   5.0  11.9   0.660   0.9   0.0
  19 1985 159 16300.   3.2  13.5   0.750   2.1   1.1
  19 1985 160 16900.   7.5  15.3   1.080   1.6   1.9
  19 1985 161 17300.   8.0  15.2   0.960   1.5   0.7
  19 1985 162 10700.   8.1  14.6   1.120   2.1   1.4
  19 1985 163  8500.   7.5  12.6   0.930   2.7   4.2
  19 1985 164 13100.   5.5  11.9   0.870   1.0   6.1
  19 1985 165 16200.   4.8  13.2   0.810   1.2   4.9
  19 1985 166 21200.   3.9  14.4   0.830   1.1   0.1
  19 1985 167 22700.   6.0  17.1   0.840   1.5   0.0
  19 1985 168 13600.   4.3  14.9   1.140   1.7   1.7
  19 1985 169 20600.   8.4  17.0   1.050   1.3   0.5
  19 1985 170 27000.   7.9  15.4   1.130   1.7   0.0
  19 1985 171 21100.   9.4  16.2   1.120   3.8   0.0
  19 1985 172  5700.  11.0  12.4   1.190   5.6  17.2
  19 1985 173  4600.  11.0  12.9   1.320   3.6   2.2
  19 1985 174  8700.  11.5  14.2   1.340   1.4   1.1
  19 1985 175  8200.  10.3  14.0   1.360   2.4   3.5
  19 1985 176 19300.   9.1  16.3   1.100   2.2   1.8
  19 1985 177 11700.  10.5  17.1   1.240   1.5   4.8
  19 1985 178 14300.   9.0  17.2   1.310   2.7   0.2
  19 1985 179 19400.   9.7  15.3   0.970   2.6   2.9
  19 1985 180 24400.   8.1  17.9   1.050   2.0   0.0
  19 1985 181 22600.   9.8  17.7   1.090   1.6   1.2
  19 1985 182 17200.  10.9  20.1   1.290   1.2   0.0
  19 1985 183 16200.  10.5  20.4   1.270   0.4   0.0
  19 1985 184  7800.  13.8  17.9   1.480   0.8   0.8
  19 1985 185 19400.  13.4  19.9   1.510   2.0   0.3
  19 1985 186  4600.  13.5  16.0   1.540   1.2   3.9
  19 1985 187 18400.  10.6  18.4   1.010   3.1   0.0
  19 1985 188 14100.   9.2  16.4   1.120   2.2   0.0
  19 1985 189 14300.  11.3  20.2   1.460   2.8   0.3
  19 1985 190 19600.  11.1  18.9   1.300   2.0   0.0
  19 1985 191  8300.   9.0  16.1   1.270   3.2   0.7
  19 1985 192  6900.  13.8  17.9   1.510   3.2   4.5
  19 1985 193 10500.  14.2  19.0   1.580   2.3   1.9
  19 1985 194 22600.   8.1  17.5   1.170   0.9   3.9
  19 1985 195 15100.  11.5  18.2   1.270   1.3   0.3
  19 1985 196 16500.   7.0  16.0   1.000   2.6   1.7
  19 1985 197 19200.  10.2  18.5   1.280   3.1   0.4
  19 1985 198  4000.  10.9  15.7   1.320   3.9   2.4
  19 1985 199 12500.  10.9  15.7   1.150   3.6   1.0
  19 1985 200 22700.   9.4  16.4   1.010   2.5   0.0
  19 1985 201 19300.   6.0  15.8   0.970   3.1   1.2
  19 1985 202 24300.   8.0  16.6   1.020   2.1   2.6
  19 1985 203  9200.   7.1  16.4   1.250   1.6   5.5
  19 1985 204  9600.   9.0  14.6   1.110   1.3   6.9
  19 1985 205  9000.  11.6  19.4   1.450   0.5   0.0
  19 1985 206 15800.  12.3  21.9   1.780   2.7   0.3
  19 1985 207  9000.  12.7  14.4   1.500   2.3  42.9
  19 1985 208  9000.  13.5  15.5   1.560   1.7   0.6
  19 1985 209 10700.   7.4  16.3   1.330   3.6  14.9
  19 1985 210  5600.  13.5  16.9   1.570   2.7   3.9
  19 1985 211 23400.  10.5  19.6   1.400   1.2   0.0
  19 1985 212 14800.  10.9  18.7   1.300   1.3   0.1
  19 1985 213 13200.   9.4  16.3   1.100   2.7   9.4
  19 1985 214 18500.  11.7  17.9   1.540   3.8   1.6
  19 1985 215 19000.   9.9  17.5   1.170   2.8   0.0
  19 1985 216 16700.   8.4  16.8   1.180   2.2   1.3
  19 1985 217 14200.   9.6  17.7   1.080   3.1   0.0
  19 1985 218 14000.   9.5  18.1   1.280   1.6   0.0
  19 1985 219  8100.   7.5  16.1   1.140   1.4   0.0
  19 1985 220 12200.   8.0   4.5   1.050   2.2   1.3
  19 1985 221 18600.   6.6  17.0   1.200   2.7   0.3
  19 1985 222 17700.   6.9  17.8   1.060   1.6   0.5
  19 1985 223  9000.   9.7  15.3   1.050   3.4   7.9
  19 1985 224 19700.   9.3  16.8   1.130   1.9   0.6
  19 1985 225  9900.   7.4  15.7   1.230   1.6   3.2
  19 1985 226  3000.  10.3  14.2   1.370   3.7  14.5
  19 1985 227  7300.  11.0  14.3   1.260   3.1  10.3
  19 1985 228 12500.  11.6  16.4   1.340   1.3   3.3
  19 1985 229 19000.   8.6  17.3   1.320   1.3   0.2
  19 1985 230  4000.  10.9  15.6   1.330   1.1   2.9
  19 1985 231 17200.  12.7  20.7   1.600   1.8   0.7
  19 1985 232  3800.   9.8  15.8   1.400   3.4   6.1
  19 1985 233 15800.  11.7  18.2   1.300   2.5   2.1
  19 1985 234 16400.   9.6  15.8   1.110   2.7   0.0
  19 1985 235  6000.   9.9  15.5   1.170   3.2  13.9
  19 1985 236 13700.  12.0  17.4   1.260   3.9   2.7
  19 1985 237 11300.   9.7  18.4   1.320   2.9   0.0
  19 1985 238 15900.   7.4  16.8   0.910   1.5   1.6
  19 1985 239  3100.   7.9  17.5   1.440   3.8   8.7
  19 1985 240 19200.  10.6  18.1   1.270   2.5   0.0
  19 1985 241 14500.   3.9  15.1   1.000   2.2   3.9
  19 1985 242  9000.  10.2  17.5   1.470   2.2   0.3
  19 1985 243  5700.  10.3  16.3   1.260   3.9   2.1
  19 1985 244  8700.   9.8  17.4   1.080   1.7   1.9
  19 1985 245  3800.   7.7  12.5   1.190   2.0   8.3
  19 1985 246  3200.   9.2  13.2   1.230   0.8   0.0
  19 1985 247  8800.   3.6  12.1   0.900   2.0  10.2
  19 1985 248 14100.   8.0  14.2   0.980   2.3   0.1
  19 1985 249 14600.   3.9  13.7   0.760   1.7   0.0
  19 1985 250  5500.   5.7  10.6   0.840   0.6   2.4
  19 1985 251  4300.   8.4  10.4   1.140   1.1   1.3
  19 1985 252  3500.   9.0  17.1   1.200   0.7   0.4
  19 1985 253 16700.   9.7  20.6   1.570   1.4   0.0
  19 1985 254  7400.   6.2  16.1   1.170   0.2   0.0
  19 1985 255  9700.   9.0  19.9   1.280   1.7   1.0
  19 1985 256 14800.   8.8  16.8   1.130   4.9   0.2
  19 1985 257 13200.  10.7  15.3   1.060   5.1   0.1
  19 1985 258 11800.   9.4  15.5   0.980   3.0   1.1
  19 1985 259  2500.   8.9  14.6   1.110   1.9   2.5
  19 1985 260 10800.   9.6  16.1   1.180   2.2   0.7
  19 1985 261  3000.   6.5  11.5   1.080   0.3  21.7
  19 1985 262 12900.   9.5  14.9   1.190   3.1   0.3
  19 1985 263  6000.   5.7  11.5   0.990   2.2  25.4
  19 1985 264  2100.   7.7   9.0   0.980   2.3  15.1
  19 1985 265  3200.   7.5  12.1   1.060   3.7  29.1
  19 1985 266  5800.   8.6  14.9   1.380   1.8   0.1
  19 1985 267 10900.  10.9  17.5   1.360   1.4   0.0
  19 1985 268  7300.  11.4  15.3   1.400   0.5   2.6
  19 1985 269  8300.  12.6  18.9   1.530   1.2   1.1
  19 1985 270  8500.  11.0  19.8   1.400   1.1   0.0
  19 1985 271  3900.  12.1  14.4   1.360   0.5   0.1
  19 1985 272  9400.  11.9  20.4   1.420   0.9   0.0
  19 1985 273  3600.  12.6  18.6   1.540   3.6  25.7
  19 1985 274  4900.  15.2  20.0   1.690   1.6   0.1
  19 1985 275  4100.  14.1  17.7   1.520   3.0   3.1
  19 1985 276  7200.  11.6  16.3   1.470   4.2   3.3
  19 1985 277  7400.  11.6  15.9   1.230   6.7   0.1
  19 1985 278  9100.   7.5  15.0   1.110   4.0   0.5
  19 1985 279  4100.  11.5  13.8   1.200   2.3   2.2
  19 1985 280 10800.   7.8  13.7   1.010   2.3   0.2
  19 1985 281  6700.   4.9  11.6   0.950   1.6   0.1
  19 1985 282  7100.   7.3  12.8   1.060   2.2   0.4
  19 1985 283  9700.   6.9  15.4   1.060   4.5   0.6
  19 1985 284  8500.   6.8  14.9   0.830   1.9   0.0
  19 1985 285  3600.   2.0  13.1   0.800   1.0   0.0
  19 1985 286  9100.   7.2  14.0   1.100   1.4   0.0
  19 1985 287  9100.   7.2  19.2   1.220   0.5   0.0
  19 1985 288  2000.  12.4  14.5   1.410   1.0   0.0
  19 1985 289  8600.   5.6  15.4   1.040   0.9   0.0
  19 1985 290  8400.   5.4  15.9   1.020   0.5   0.1
  19 1985 291  8600.   7.5  13.9   0.920   0.4   0.0
  19 1985 292  5400.   1.8  12.8   0.770   1.0   0.0
  19 1985 293  1800.   4.2  12.9   1.070   0.6   0.0
  19 1985 294  1400.   8.9  13.7   1.100   0.2   0.0
  19 1985 295  1400.   4.2  10.5   0.930   0.7   0.0
  19 1985 296  3300.   5.7  11.0   1.050   1.5   0.0
  19 1985 297  5500.   3.9  11.4   0.830   0.9   0.0
  19 1985 298  3400.   3.7  11.7   1.100   1.8   0.0
  19 1985 299  2000.   5.7   9.7   0.880   0.2   0.0
  19 1985 300  3300.   6.5  10.4   0.740   1.9   0.0
  19 1985 301  2200.   5.9  12.4   0.840   0.9   0.0
  19 1985 302  6600.   4.8  12.9   0.860   0.3   0.0
  19 1985 303  6500.   2.0  12.3   0.750   1.0   1.4
  19 1985 304  6100.   1.9   8.5   0.670   1.3   0.0
  19 1985 305  4800.   0.0   8.9   0.570   2.3   0.1
  19 1985 306  6300.  -0.1   5.3   0.450   1.7   0.0
  19 1985 307  3200.  -2.2   9.3   0.530   1.2   0.0
  19 1985 308  3100.  -0.6  11.0   0.880   3.0   2.8
  19 1985 309  3100.   5.2   7.1   0.790   4.3   0.0
  19 1985 310  2200.  -0.2   7.5   0.480   3.2   2.2
  19 1985 311  3600.   1.9   8.6   0.620   1.4   1.2
  19 1985 312  1100.   1.4   9.9   1.030   2.1   8.4
  19 1985 313  1000.   6.8   8.6   0.920   3.6   2.8
  19 1985 314  3900.  -0.1   2.8   0.540   2.8   0.0
  19 1985 315  4200.  -1.6   3.7   0.470   2.9   0.0
  19 1985 316  2200.   0.8   4.6   0.520   1.6   0.0
  19 1985 317  4700.  -2.8   4.8   0.510   0.3   0.0
  19 1985 318   800.  -0.7   5.0   0.690   0.2   9.3
  19 1985 319  1200.   2.8   5.6   0.710   0.5   1.7
  19 1985 320   500.   3.5   5.4   0.760   0.5   0.8
  19 1985 321  2900.  -1.0   5.7   0.600   0.1   0.1
  19 1985 322  3000.   0.8   8.2   0.750   0.7   0.0
  19 1985 323  1000.   1.1   4.5   0.620   1.4   0.3
  19 1985 324  1500.   1.4   4.9   0.650   2.8   0.8
  19 1985 325  1500.   2.4   5.1   0.660   1.2   0.2
  19 1985 326   900.  -1.2   5.3   0.620   2.3   0.9
  19 1985 327  3100.   1.1   6.8   0.620   2.0   0.0
  19 1985 328  2800.   3.5   6.5   0.670   1.0   0.0
  19 1985 329  2600.   0.9   5.4   0.610   0.5   0.0
  19 1985 330  1100.   0.8   2.8   0.520   1.9   0.0
  19 1985 331  2300.  -1.7   3.0   0.560   2.0   4.8
  19 1985 332  2700.  -0.5   2.4   0.570   0.2   0.0
  19 1985 333  4500.  -8.6  -1.9   0.350   0.1   0.3
  19 1985 334   700.  -8.9   6.4   0.450   2.2  28.0
  19 1985 335   300.  -3.5  12.9   0.900   3.1   3.7
  19 1985 336   400.   5.8  13.1   0.960   4.5   8.4
  19 1985 337   800.   5.6  11.4   0.950   6.1   3.9
  19 1985 338  1100.   5.0  11.3   0.910   0.4   0.4
  19 1985 339   800.   3.2   8.0   0.900   0.8   7.4
  19 1985 340   400.   5.0   7.9   0.740   3.9  21.1
  19 1985 341  1200.   1.9   4.9   0.640   3.2  10.5
  19 1985 342   800.   1.2   3.4   0.710   1.6   2.5
  19 1985 343  1300.   2.1   3.2   0.660   0.1   0.0
  19 1985 344  1300.  -2.5   2.1   0.510   0.6   2.1
  19 1985 345  1800.  -2.4   8.9   0.690   2.3   0.1
  19 1985 346   400.   2.0  11.5   0.860   3.7   2.9
  19 1985 347  1400.   5.7   9.8   0.750   1.6   0.0
  19 1985 348   900.   3.5  12.0   0.890   5.0   0.0
  19 1985 349  1300.   7.7  11.4   0.950   3.2   0.0
  19 1985 350   600.   6.1  12.3   1.040   3.0   7.1
  19 1985 351   500.   5.9   8.7   0.920   1.0   4.5
  19 1985 352  1800.   4.8   7.9   0.650   3.4   0.0
  19 1985 353  1200.   1.6   8.7   0.600   3.3   1.7
  19 1985 354   500.   2.3  11.4   0.770   5.9   1.9
  19 1985 355   600.   5.0  11.0   1.080   2.6   1.6
  19 1985 356  1700.   3.9   7.8   0.710   0.6   0.6
  19 1985 357  1200.   1.6   6.8   0.710   3.0   1.1
  19 1985 358  1400.   3.5   6.9   0.780   2.0   0.5
  19 1985 359   700.   2.9   5.4   0.740   5.3   2.4
  19 1985 360   900.   1.0   1.4   0.510   2.1   0.0
  19 1985 361  1900.  -3.0   1.6   0.510   1.4   0.0
  19 1985 362  2000.  -4.0  -1.0   0.430   1.6   0.0
  19 1985 363  2000.  -4.4   0.2   0.460   0.7   0.0
  19 1985 364   500.  -8.0   4.0   0.440   1.7   8.0
  19 1985 365   300.  -4.1   4.1   0.760   0.0   8.7
