* *WEATHER AVERAGES : WAGENINGEN,NETHERLANDS  CFB  37  54001-90181
*  
* ! From the CABO,Wageningen database. Original author: Peter Uithol.
* ! Source: Natuur- en Weerkunde via Nel van Keulen
* ! Reformated by L.A.Hunt, Crop Science, Guelph
* ! RAIN from long-term average amount distributed over average number
* !      of rain days, with rain days randomly distributed through each month
*  
* ! LAT=Latitude; LONG=Longitude; ELEV=Eleavation(m); TAV=Temperature average(C)
* ! TAMP=Temperature amplitude(Jan-July,C); SRAV=Solar radiation average(MJm-2d-1)
* ! TXAV=Maximum temperature average(C); TNAV=Minimum temperature average(C)
* ! RTOT=Average total annual rainfall(mm)
* ! SRAD=Solar radiation(MJm-2d-1); TMAX=Maximum temperature for 24h cycle(C)
* ! TMIN=Minimum temperature for 24h cycle(C); RAIN=Rainfal(mm d-1)
*  
* @INSI  LAT.... LONG....  ELEV   TAV  TAMP  SRAV  TXAV  TNAV  RTOT
*  LONG    LAT    ALT   rA   rB
  -5.67  51.97     7. 0.00 0.00
   1 1002   1  1900.  -0.6   4.7   0.616   3.7   0.0
   1 1002   2  1500.  -0.9   4.5   0.605   3.7   3.8
   1 1002   3  1800.  -1.0   4.5   0.602   3.7   3.8
   1 1002   4  1900.  -1.3   3.8   0.580   3.7   3.0
   1 1002   5  1500.  -1.3   3.7   0.578   3.7   0.0
   1 1002   6  1800.  -1.1   4.0   0.588   3.7   3.5
   1 1002   7  1800.  -1.7   3.6   0.567   3.7   3.0
   1 1002   8  1700.  -1.4   3.3   0.566   3.8   0.0
   1 1002   9  1700.  -0.6   3.7   0.591   3.8   0.0
   1 1002  10  1800.  -1.6   3.6   0.567   3.8   0.0
   1 1002  11  1900.  -0.7   4.2   0.598   3.8   2.8
   1 1002  12  2200.  -1.1   4.0   0.585   3.8   4.6
   1 1002  13  2500.  -2.0   3.6   0.558   3.8   2.8
   1 1002  14  2000.  -2.0   4.2   0.569   3.8   3.5
   1 1002  15  2100.  -1.2   4.3   0.588   3.8   3.3
   1 1002  16  1900.  -0.6   4.6   0.606   3.8   3.2
   1 1002  17  2300.  -1.7   4.4   0.578   3.8   0.0
   1 1002  18  2500.  -1.9   3.3   0.551   3.8   3.0
   1 1002  19  2200.  -1.6   3.7   0.564   3.8   2.3
   1 1002  20  2300.  -0.6   4.1   0.593   3.8   0.0
   1 1002  21  1900.   0.1   4.4   0.614   3.8   0.0
   1 1002  22  1800.   0.2   4.7   0.622   3.8   2.8
   1 1002  23  2400.   0.0   5.1   0.625   3.8   0.0
   1 1002  24  2300.   0.1   4.6   0.616   3.8   3.7
   1 1002  25  2100.   0.5   5.1   0.635   3.8   3.7
   1 1002  26  2500.   0.0   4.9   0.619   3.8   3.3
   1 1002  27  2500.   0.0   5.2   0.625   3.8   0.0
   1 1002  28  2600.   0.3   5.2   0.631   3.8   2.8
   1 1002  29  3100.   0.2   5.5   0.635   3.8   0.0
   1 1002  30  2700.   0.0   5.1   0.621   3.8   3.2
   1 1002  31  3400.  -0.3   5.0   0.611   3.7   3.2
   1 1002  32  3400.  -1.1   4.8   0.589   3.7   2.7
   1 1002  33  3400.  -0.9   4.6   0.588   3.7   3.9
   1 1002  34  3100.   0.0   5.3   0.622   3.7   3.0
   1 1002  35  3800.  -0.1   5.5   0.624   3.7   0.0
   1 1002  36  3500.   0.2   5.9   0.639   3.7   2.9
   1 1002  37  3100.   0.5   6.1   0.649   3.7   0.0
   1 1002  38  3100.  -0.1   5.1   0.613   3.7   2.7
   1 1002  39  3300.   0.2   5.8   0.634   3.7   2.6
   1 1002  40  4300.   0.1   6.1   0.638   3.7   0.0
   1 1002  41  3400.  -0.7   5.2   0.600   3.7   0.0
   1 1002  42  3900.   0.0   5.1   0.612   3.7   0.0
   1 1002  43  3300.  -0.1   4.8   0.603   3.7   2.3
   1 1002  44  4600.  -1.1   5.0   0.585   3.7   0.0
   1 1002  45  4400.  -2.2   4.3   0.548   3.7   0.0
   1 1002  46  4500.  -1.7   3.1   0.533   3.7   2.0
   1 1002  47  5000.  -3.2   3.9   0.519   3.7   2.7
   1 1002  48  4700.  -2.8   4.0   0.526   3.7   2.3
   1 1002  49  4600.  -2.0   4.0   0.540   3.7   5.3
   1 1002  50  4700.  -2.2   3.9   0.533   3.7   3.0
   1 1002  51  5100.  -1.7   4.7   0.557   3.7   3.0
   1 1002  52  5400.  -1.2   5.4   0.579   3.7   0.0
   1 1002  53  5800.  -1.5   5.7   0.577   3.7   0.0
   1 1002  54  5600.  -1.1   5.9   0.588   3.6   3.3
   1 1002  55  5900.  -1.3   6.3   0.591   3.6   2.6
   1 1002  56  5600.  -0.8   6.2   0.597   3.6   0.0
   1 1002  57  6000.  -1.1   6.1   0.587   3.6   0.0
   1 1002  58  5500.  -0.8   6.4   0.598   3.6   0.0
   1 1002  59  6000.  -0.2   6.7   0.615   3.6   3.4
   1 1002  60  6000.   0.3   7.2   0.635   3.6   2.5
   1 1002  61  5800.   0.1   7.3   0.631   3.6   0.0
   1 1002  62  6200.   0.5   7.5   0.642   3.6   4.6
   1 1002  63  5700.  -0.1   6.9   0.614   3.6   0.0
   1 1002  64  6600.  -0.2   7.2   0.616   3.6   0.0
   1 1002  65  8100.  -0.1   7.5   0.623   3.6   2.6
   1 1002  66  6400.   0.6   7.6   0.639   3.6   3.3
   1 1002  67  6900.   0.2   7.1   0.617   3.5   3.4
   1 1002  68  7400.   0.4   7.9   0.637   3.5   3.2
   1 1002  69  8100.   0.3   8.6   0.648   3.5   2.8
   1 1002  70  6900.   1.1   8.6   0.665   3.5   2.5
   1 1002  71  7300.   0.7   8.3   0.646   3.5   0.0
   1 1002  72  8200.   0.4   7.8   0.626   3.5   0.0
   1 1002  73  7300.   1.1   8.4   0.653   3.5   3.3
   1 1002  74  7100.   1.5   8.5   0.663   3.5   0.0
   1 1002  75  7300.   1.3   9.0   0.668   3.5   0.0
   1 1002  76  7600.   1.5   8.5   0.659   3.5   0.0
   1 1002  77  8000.   1.6   8.8   0.667   3.5   3.6
   1 1002  78  7600.   1.8   8.7   0.668   3.5   0.0
   1 1002  79  8000.   1.5   9.0   0.666   3.5   2.4
   1 1002  80  8400.   1.6   9.1   0.669   3.5   0.0
   1 1002  81  8500.   1.2   9.6   0.669   3.5   0.0
   1 1002  82  9000.   1.7   9.9   0.686   3.5   0.0
   1 1002  83  8000.   2.2  10.7   0.716   3.5   3.0
   1 1002  84  8800.   2.8  11.1   0.739   3.5   3.7
   1 1002  85  8500.   2.9  11.3   0.745   3.5   3.8
   1 1002  86  8000.   3.1  11.3   0.748   3.5   3.4
   1 1002  87  9300.   2.7  10.6   0.718   3.5   3.3
   1 1002  88  9500.   2.4  10.4   0.704   3.5   3.8
   1 1002  89  8100.   2.9  10.4   0.715   3.5   0.0
   1 1002  90  9700.   2.2  11.0   0.710   3.6   3.6
   1 1002  91  9300.   3.5  11.3   0.748   3.6   0.0
   1 1002  92  9300.   3.2  10.9   0.729   3.6   0.0
   1 1002  93  9900.   3.0  11.3   0.732   3.6   3.4
   1 1002  94  9600.   2.6  10.8   0.708   3.6   0.0
   1 1002  95 10100.   2.8  11.1   0.718   3.6   0.0
   1 1002  96 10800.   3.1  11.5   0.733   3.6   3.0
   1 1002  97 11900.   3.0  11.3   0.724   3.6   2.1
   1 1002  98 11500.   2.5  11.4   0.712   3.6   0.0
   1 1002  99 12000.   1.6  11.5   0.691   3.6   4.6
   1 1002 100 12100.   1.8  12.0   0.706   3.6   2.7
   1 1002 101 12200.   2.8  11.7   0.721   3.6   3.3
   1 1002 102 11300.   2.4  11.5   0.704   3.6   3.6
   1 1002 103 13700.   2.1  12.2   0.712   3.6   3.7
   1 1002 104 12400.   2.7  11.9   0.718   3.6   2.4
   1 1002 105 13300.   3.1  12.7   0.746   3.6   0.0
   1 1002 106 11300.   3.8  13.0   0.770   3.6   0.0
   1 1002 107 13600.   3.4  13.0   0.759   3.6   0.0
   1 1002 108 13500.   3.6  13.4   0.773   3.5   3.2
   1 1002 109 14100.   2.8  13.2   0.746   3.5   3.5
   1 1002 110 13300.   3.6  13.8   0.782   3.5   0.0
   1 1002 111 13500.   4.4  14.0   0.807   3.5   0.0
   1 1002 112 15900.   4.5  14.3   0.817   3.5   2.4
   1 1002 113 13700.   4.4  14.5   0.819   3.5   0.0
   1 1002 114 15800.   3.5  14.3   0.788   3.4   2.3
   1 1002 115 14900.   3.5  13.9   0.776   3.4   0.0
   1 1002 116 13600.   3.2  13.3   0.752   3.4   3.9
   1 1002 117 15100.   3.2  13.3   0.750   3.4   0.0
   1 1002 118 15100.   3.0  14.0   0.762   3.4   2.8
   1 1002 119 14000.   4.3  14.3   0.803   3.4   0.0
   1 1002 120 15100.   3.7  13.9   0.776   3.3   3.5
   1 1002 121 14100.   4.7  14.9   0.828   3.3   0.0
   1 1002 122 14400.   5.0  14.4   0.822   3.3   2.6
   1 1002 123 14500.   5.6  14.6   0.843   3.3   3.6
   1 1002 124 14500.   5.5  15.1   0.853   3.3   0.0
   1 1002 125 15000.   6.1  16.0   0.895   3.3   4.1
   1 1002 126 14200.   6.8  16.7   0.936   3.3   0.0
   1 1002 127 16400.   6.3  16.5   0.914   3.2   4.1
   1 1002 128 16900.   6.5  17.3   0.943   3.2   2.8
   1 1002 129 16800.   7.3  18.4   1.002   3.2   0.0
   1 1002 130 15800.   7.5  17.4   0.975   3.2   0.0
   1 1002 131 15000.   7.5  17.2   0.967   3.2   0.0
   1 1002 132 16800.   7.2  17.2   0.956   3.1   3.5
   1 1002 133 16500.   8.1  18.1   1.013   3.1   4.2
   1 1002 134 15600.   8.0  17.9   1.001   3.1   0.0
   1 1002 135 17200.   7.2  17.7   0.968   3.1   0.0
   1 1002 136 16400.   7.7  18.1   0.997   3.1   3.3
   1 1002 137 16300.   7.5  18.1   0.990   3.1   2.7
   1 1002 138 17300.   6.9  17.8   0.961   3.1   0.0
   1 1002 139 16600.   7.2  17.6   0.964   3.1   3.5
   1 1002 140 16700.   7.2  17.0   0.946   3.1   3.0
   1 1002 141 15800.   7.5  16.8   0.949   3.1   3.6
   1 1002 142 16500.   6.9  16.5   0.921   3.1   0.0
   1 1002 143 17100.   7.2  17.2   0.952   3.0   0.0
   1 1002 144 16900.   8.1  17.9   1.003   3.0   3.2
   1 1002 145 17300.   8.4  18.2   1.023   3.0   0.0
   1 1002 146 17800.   7.8  18.8   1.023   3.0   0.0
   1 1002 147 17300.   8.0  18.4   1.016   3.0   3.8
   1 1002 148 16900.   8.6  18.0   1.023   3.0   0.0
   1 1002 149 17700.   7.5  18.4   1.000   3.0   3.0
   1 1002 150 17200.   7.9  18.3   1.010   3.0   0.0
   1 1002 151 17600.   8.3  18.7   1.036   3.0   3.6
   1 1002 152 17400.   8.9  19.1   1.071   3.0   3.4
   1 1002 153 17300.   8.6  19.9   1.088   3.0   0.0
   1 1002 154 17100.   8.6  19.6   1.078   3.0   0.0
   1 1002 155 17100.   9.8  19.8   1.127   3.0   0.0
   1 1002 156 17400.   9.3  19.8   1.109   3.0   3.9
   1 1002 157 17200.  10.1  20.3   1.157   3.0   0.0
   1 1002 158 16800.   9.8  20.2   1.142   3.0   4.5
   1 1002 159 15700.  10.2  19.2   1.120   2.9   4.7
   1 1002 160 17900.  10.1  19.8   1.138   2.9   4.0
   1 1002 161 18800.   9.7  19.9   1.127   2.9   5.3
   1 1002 162 16700.   9.9  19.3   1.113   2.9   5.4
   1 1002 163 17700.   9.0  19.1   1.074   2.9   0.0
   1 1002 164 19100.   9.3  20.3   1.127   2.9   0.0
   1 1002 165 18200.  10.1  20.5   1.164   2.9   0.0
   1 1002 166 18600.   9.7  20.6   1.153   2.9   0.0
   1 1002 167 18200.   9.8  20.5   1.156   2.9   4.3
   1 1002 168 17400.  10.2  20.6   1.178   2.9   0.0
   1 1002 169 17800.  10.4  20.7   1.192   2.9   3.4
   1 1002 170 18100.   9.9  21.1   1.191   2.9   0.0
   1 1002 171 15900.  10.7  20.5   1.202   2.9   4.9
   1 1002 172 17200.  10.5  20.6   1.201   2.9   0.0
   1 1002 173 16000.  11.3  20.5   1.231   2.9   4.0
   1 1002 174 16700.  11.0  20.6   1.226   2.9   6.5
   1 1002 175 17800.  10.6  20.8   1.221   2.9   4.1
   1 1002 176 17100.  11.1  20.4   1.228   2.9   0.0
   1 1002 177 16400.  11.6  20.9   1.271   2.9   0.0
   1 1002 178 15900.  11.4  20.6   1.254   2.9   0.0
   1 1002 179 15400.  11.3  20.6   1.253   2.9   5.5
   1 1002 180 13700.  11.4  19.9   1.232   2.9   4.6
   1 1002 181 17100.  10.9  20.2   1.227   2.9   0.0
   1 1002 182 17400.  10.8  20.7   1.246   2.9   0.0
   1 1002 183 15700.  11.7  21.1   1.302   2.9   5.4
   1 1002 184 16500.  11.4  21.7   1.318   2.9   0.0
   1 1002 185 17400.  11.6  21.1   1.304   2.9   3.9
   1 1002 186 17300.  12.0  21.5   1.341   2.9   0.0
   1 1002 187 16100.  12.2  21.8   1.366   2.9   0.0
   1 1002 188 17300.  12.4  22.3   1.399   2.9   0.0
   1 1002 189 17900.  11.8  22.1   1.368   2.9   0.0
   1 1002 190 16600.  12.6  22.3   1.415   2.9   6.6
   1 1002 191 16400.  12.0  22.0   1.378   2.9   0.0
   1 1002 192 16300.  12.5  22.3   1.417   2.9   0.0
   1 1002 193 16200.  12.1  21.8   1.381   2.9   3.7
   1 1002 194 16000.  12.1  20.9   1.345   2.9   0.0
   1 1002 195 15700.  12.2  21.4   1.374   2.9   5.3
   1 1002 196 15300.  11.9  21.2   1.355   2.9   0.0
   1 1002 197 14600.  12.1  21.3   1.370   2.9   4.6
   1 1002 198 15300.  11.5  21.1   1.336   2.9   4.6
   1 1002 199 14500.  11.4  20.5   1.308   2.9   0.0
   1 1002 200 14500.  12.6  21.0   1.382   2.9   4.9
   1 1002 201 14700.  12.8  21.8   1.428   2.9   4.6
   1 1002 202 14900.  11.8  20.7   1.337   2.9   5.2
   1 1002 203 16000.  11.8  20.9   1.347   2.9   5.3
   1 1002 204 15300.  12.5  21.4   1.400   2.9   8.0
   1 1002 205 15600.  12.0  21.0   1.362   2.9   0.0
   1 1002 206 15100.  12.0  21.5   1.385   2.9   4.7
   1 1002 207 13800.  12.2  21.4   1.391   2.9   0.0
   1 1002 208 15000.  12.5  21.2   1.396   2.9   6.5
   1 1002 209 14800.  12.3  21.7   1.411   2.9   0.0
   1 1002 210 13800.  12.8  21.4   1.421   2.9   5.4
   1 1002 211 15900.  12.8  21.9   1.445   2.9   0.0
   1 1002 212 15100.  12.4  22.1   1.437   2.8   0.0
   1 1002 213 15200.  12.3  21.9   1.425   2.8   5.8
   1 1002 214 16100.  12.0  22.2   1.426   2.8   3.7
   1 1002 215 14500.  11.7  22.7   1.436   2.8   0.0
   1 1002 216 14400.  12.5  22.0   1.442   2.8   0.0
   1 1002 217 15300.  12.0  21.7   1.407   2.8   0.0
   1 1002 218 15000.  12.8  22.4   1.477   2.8   4.8
   1 1002 219 14700.  12.0  22.3   1.437   2.8   5.8
   1 1002 220 13800.  12.8  21.9   1.456   2.8   3.9
   1 1002 221 14400.  12.3  22.1   1.444   2.8   4.7
   1 1002 222 15100.  12.4  22.2   1.454   2.8   3.2
   1 1002 223 13900.  12.3  21.8   1.433   2.8   0.0
   1 1002 224 13000.  12.0  21.4   1.403   2.8   3.8
   1 1002 225 14600.  12.3  21.9   1.440   2.8   0.0
   1 1002 226 14900.  12.7  22.8   1.502   2.8   5.3
   1 1002 227 13800.  13.0  22.0   1.479   2.8   0.0
   1 1002 228 14100.  12.1  21.0   1.395   2.8   5.2
   1 1002 229 13600.  11.3  20.7   1.348   2.8   4.0
   1 1002 230 14500.  11.4  21.2   1.376   2.8   0.0
   1 1002 231 13300.  12.1  22.2   1.455   2.8   0.0
   1 1002 232 13600.  12.8  22.1   1.484   2.8   4.7
   1 1002 233 13400.  11.9  21.4   1.413   2.8   0.0
   1 1002 234 12600.  11.4  20.8   1.366   2.8   0.0
   1 1002 235 13800.  11.2  20.6   1.350   2.8   5.2
   1 1002 236 14000.  10.9  20.4   1.331   2.8   4.8
   1 1002 237 13100.  10.6  20.8   1.337   2.8   0.0
   1 1002 238 13400.  10.8  20.9   1.351   2.8   0.0
   1 1002 239 13500.  10.6  20.6   1.332   2.8   0.0
   1 1002 240 12900.  10.5  21.1   1.350   2.8   0.0
   1 1002 241 13500.  10.7  21.2   1.365   2.8   0.0
   1 1002 242 13500.  11.6  21.9   1.438   2.8   4.4
   1 1002 243 11000.  11.5  20.5   1.373   2.9   3.0
   1 1002 244 12300.  11.3  20.1   1.349   2.9   0.0
   1 1002 245 11200.  11.4  20.2   1.359   2.9   3.9
   1 1002 246 11600.  10.8  19.8   1.318   2.9   4.7
   1 1002 247 12200.  10.4  20.3   1.324   2.9   0.0
   1 1002 248 11000.   9.9  20.2   1.300   2.9   0.0
   1 1002 249 10800.  10.2  19.9   1.302   2.9   0.0
   1 1002 250 12000.   9.7  19.5   1.266   2.9   0.0
   1 1002 251 12000.   9.7  19.8   1.280   2.9   0.0
   1 1002 252 11100.  10.5  19.9   1.320   2.9   4.6
   1 1002 253 11100.   9.9  19.8   1.292   2.9   4.7
   1 1002 254  9400.  11.0  19.6   1.331   2.9   0.0
   1 1002 255 10200.  10.5  19.0   1.287   2.9   0.0
   1 1002 256 10000.  10.1  19.0   1.272   2.9   0.0
   1 1002 257  9700.   8.9  18.0   1.186   2.9   4.7
   1 1002 258 10000.   9.3  18.4   1.218   2.9   4.6
   1 1002 259  9700.  10.3  19.4   1.302   2.9   0.0
   1 1002 260  9300.  10.3  19.1   1.292   2.9   4.4
   1 1002 261  8700.   9.8  18.6   1.253   2.9   0.0
   1 1002 262 10000.   8.8  18.3   1.203   2.9   4.4
   1 1002 263 10600.   9.1  18.7   1.233   2.9   4.6
   1 1002 264  8900.   8.6  19.0   1.227   2.9   4.5
   1 1002 265  9400.   9.5  18.5   1.245   2.9   3.5
   1 1002 266  9300.   8.8  18.7   1.227   3.0   4.7
   1 1002 267  8900.   9.6  18.3   1.245   3.0   0.0
   1 1002 268  7900.   9.3  17.3   1.196   3.0   4.2
   1 1002 269  8000.   8.3  17.6   1.171   3.0   4.4
   1 1002 270  8000.   8.5  17.8   1.188   3.0   0.0
   1 1002 271  8700.   8.3  17.3   1.163   3.0   0.0
   1 1002 272  8000.   8.2  17.8   1.181   3.0   3.3
   1 1002 273  7000.   8.6  16.9   1.163   3.0   0.0
   1 1002 274  8900.   8.0  16.6   1.132   3.0   4.3
   1 1002 275  8000.   8.1  16.7   1.141   3.0   3.4
   1 1002 276  7700.   7.7  16.9   1.135   3.0   3.5
   1 1002 277  7600.   8.7  17.0   1.179   3.0   0.0
   1 1002 278  7400.   8.7  16.7   1.169   3.0   4.4
   1 1002 279  7000.   8.5  16.4   1.152   3.0   3.9
   1 1002 280  6400.   8.4  16.5   1.154   3.0   0.0
   1 1002 281  6700.   7.7  16.3   1.122   3.1   4.4
   1 1002 282  6300.   7.8  16.0   1.117   3.1   4.7
   1 1002 283  6300.   8.0  16.3   1.137   3.1   0.0
   1 1002 284  5900.   7.9  15.3   1.099   3.1   3.4
   1 1002 285  6300.   7.2  15.2   1.072   3.1   0.0
   1 1002 286  5100.   6.7  14.8   1.042   3.1   2.7
   1 1002 287  6000.   6.0  13.9   0.989   3.1   0.0
   1 1002 288  6100.   6.4  14.3   1.018   3.1   2.9
   1 1002 289  5500.   5.8  14.1   0.993   3.1   0.0
   1 1002 290  5400.   6.0  13.9   0.996   3.1   0.0
   1 1002 291  5500.   6.0  14.1   1.005   3.1   4.9
   1 1002 292  5100.   6.4  13.8   1.010   3.1   0.0
   1 1002 293  5500.   6.1  13.9   1.006   3.1   3.1
   1 1002 294  5200.   6.3  13.7   1.008   3.2   0.0
   1 1002 295  5400.   6.5  14.2   1.035   3.2   4.0
   1 1002 296  4800.   5.9  13.2   0.983   3.2   0.0
   1 1002 297  4400.   5.7  13.4   0.985   3.2   3.6
   1 1002 298  4700.   6.2  12.9   0.988   3.2   0.0
   1 1002 299  4900.   5.4  12.4   0.948   3.2   3.3
   1 1002 300  4200.   4.7  12.2   0.921   3.2   3.0
   1 1002 301  4200.   5.4  12.0   0.939   3.2   3.0
   1 1002 302  4100.   4.8  11.8   0.916   3.2   4.2
   1 1002 303  3600.   4.7  11.4   0.903   3.2   0.0
   1 1002 304  3500.   5.2  11.2   0.914   3.3   0.0
   1 1002 305  4100.   5.0  11.6   0.923   3.3   3.4
   1 1002 306  3600.   4.7  11.3   0.906   3.3   0.0
   1 1002 307  3600.   4.9  11.0   0.905   3.3   0.0
   1 1002 308  3200.   4.3  10.7   0.880   3.3   3.3
   1 1002 309  3800.   3.9  10.4   0.861   3.3   3.6
   1 1002 310  3700.   3.2  10.1   0.834   3.3   0.0
   1 1002 311  3400.   2.9   9.8   0.818   3.3   2.9
   1 1002 312  3100.   3.5   9.7   0.835   3.3   2.9
   1 1002 313  3200.   3.8  10.0   0.854   3.3   2.8
   1 1002 314  3100.   3.2   9.4   0.821   3.4   3.4
   1 1002 315  2900.   3.7   9.6   0.843   3.4   3.8
   1 1002 316  3200.   3.5   9.5   0.836   3.4   0.0
   1 1002 317  3100.   2.7   8.6   0.790   3.4   4.3
   1 1002 318  3000.   2.2   8.4   0.773   3.4   3.3
   1 1002 319  2800.   2.3   8.3   0.775   3.4   3.7
   1 1002 320  2600.   2.7   8.4   0.789   3.4   3.7
   1 1002 321  2800.   2.7   8.1   0.781   3.4   4.6
   1 1002 322  2300.   2.4   8.2   0.776   3.4   0.0
   1 1002 323  2200.   3.5   8.5   0.815   3.4   0.0
   1 1002 324  2600.   2.0   8.1   0.763   3.4   0.0
   1 1002 325  2500.   1.2   7.2   0.719   3.4   3.1
   1 1002 326  2500.   1.7   7.5   0.740   3.4   2.9
   1 1002 327  1900.   2.4   7.5   0.758   3.5   2.8
   1 1002 328  2200.   2.2   7.3   0.748   3.5   0.0
   1 1002 329  1800.   2.0   7.2   0.741   3.5   0.0
   1 1002 330  1900.   2.7   8.1   0.783   3.5   0.0
   1 1002 331  1800.   3.0   7.9   0.787   3.5   0.0
   1 1002 332  2000.   2.2   7.4   0.752   3.5   2.9
   1 1002 333  2300.   1.6   6.7   0.719   3.5   2.4
   1 1002 334  2000.   0.8   6.5   0.694   3.5   5.1
   1 1002 335  2200.   0.3   6.5   0.682   3.5   0.0
   1 1002 336  2100.   0.3   6.1   0.673   3.5   4.4
   1 1002 337  1900.   1.0   6.8   0.707   3.5   4.1
   1 1002 338  1900.   1.4   6.7   0.715   3.5   0.0
   1 1002 339  2000.   1.7   7.1   0.733   3.5   4.7
   1 1002 340  2000.   1.5   6.4   0.711   3.5   3.0
   1 1002 341  1800.   0.6   6.2   0.684   3.5   3.8
   1 1002 342  1800.   1.0   6.1   0.691   3.6   4.0
   1 1002 343  1600.   0.6   6.3   0.687   3.6   0.0
   1 1002 344  1700.   0.9   6.0   0.687   3.6   3.5
   1 1002 345  1500.   1.3   5.7   0.690   3.6   0.0
   1 1002 346  1400.   0.8   5.0   0.661   3.6   0.0
   1 1002 347  1500.   0.7   5.5   0.671   3.6   0.0
   1 1002 348  1300.   1.2   5.9   0.693   3.6   2.7
   1 1002 349  1600.   0.8   6.1   0.688   3.6   3.7
   1 1002 350  1400.   0.4   5.6   0.666   3.6   4.6
   1 1002 351  1500.   0.3   5.4   0.659   3.6   0.0
   1 1002 352  1700.   0.2   5.2   0.651   3.6   3.8
   1 1002 353  1800.   0.5   5.6   0.667   3.6   3.9
   1 1002 354  1400.   0.6   6.0   0.679   3.6   3.7
   1 1002 355  1500.   1.2   5.3   0.676   3.6   3.0
   1 1002 356  1600.   0.3   5.7   0.664   3.6   0.0
   1 1002 357  1700.   0.3   5.6   0.661   3.6   3.2
   1 1002 358  1600.   0.7   5.4   0.665   3.7   3.8
   1 1002 359  1500.   1.0   5.5   0.674   3.7   0.0
   1 1002 360  1500.   0.3   5.3   0.653   3.7   4.2
   1 1002 361  1700.   0.2   5.2   0.648   3.7   4.2
   1 1002 362  1200.   1.1   5.2   0.668   3.7   0.0
   1 1002 363  1600.   0.4   5.1   0.649   3.7   3.5
   1 1002 364  1600.  -0.2   4.7   0.626   3.7   0.0
   1 1002 365  1700.  -0.8   4.0   0.597   3.7   3.3
   1 1002 366  1400.  -1.4   4.0   0.584   3.7   0.0
