*---------------------------------------------------------------------------*
* Station name: Meteostation Carlow, Dublin, Ireland
* Year: 1985                                               -99.000: NIL VALUE
* Author: C. Grashoff
* Source:
* Comments: Vapour pressure calculated from dry and wet bulb temperature
*
* Longitude: 6 00 W, latitude: 53 00 N, altitude: 80 m.
*
* Column  Daily value
* 1       station number
* 2       year
* 3       day
* 4       irradiation                   (kJ m-2 d-1)
* 5       minimum temperature           (degrees Celsius)
* 6       maximum temperature           (degrees Celsius)
* 7       early morning vapour pressure (kPa)
* 8       mean wind speed               (m s-1)
* 9       precipitation                 (mm d-1)
*---------------------------------------------------------------------------*
  -6.00  53.00    80. 0.00 0.00
   8 1985  89  9170.   8.3  14.8   1.367   2.5   3.6
   8 1985  90  7140.   6.0  13.6   1.216   3.7   8.6
   8 1985  91  4630.   6.8  12.3   1.196   2.7   5.5
   8 1985  92  4370.   6.4  12.5   1.187   3.1   0.5
   8 1985  93  6300.   8.3  13.6   1.313   2.9   0.3
   8 1985  94  4490.   7.2  10.5   1.140   3.4   5.5
   8 1985  95 11950.   8.0  13.5   1.296   2.2   0.0
   8 1985  96 11170.   6.2  13.7   1.228   2.4   6.4
   8 1985  97  5130.   5.3  11.2   1.094   1.5  11.3
   8 1985  98 11400.   6.3  12.8   1.196   1.6   0.0
   8 1985  99 10820.   2.8  12.7   1.058   1.6   0.0
   8 1985 100  7540.   5.7  12.6   1.164   2.2   8.3
   8 1985 101 11380.   5.1   9.6   1.029   3.5   5.0
   8 1985 102  8300.   2.4  12.3   1.029   3.8   3.2
   8 1985 103  7660.   3.0  10.0   0.970   4.7   3.0
   8 1985 104 16610.   5.0  12.8   1.144   2.5   0.0
   8 1985 105  6860.   6.2  17.7   1.404   1.8   0.0
   8 1985 106 11420.   9.4  17.5   1.550   1.8   0.0
   8 1985 107 12250.  11.0  15.7   1.540   1.3   0.0
   8 1985 108 19610.   4.8  16.3   1.279   1.8   0.0
   8 1985 109  9860.   6.0  15.2   1.283   2.7   0.0
   8 1985 110 16660.   2.7   9.2   0.934   2.8   1.8
   8 1985 111  5890.   1.0   9.5   0.889   2.5   0.0
   8 1985 112 21810.   2.0  11.8   0.998   2.4   0.0
   8 1985 113 16510.   3.5  10.5   1.004   1.5   0.0
   8 1985 114 21460.  -0.8  14.4   0.991   2.0   0.0
   8 1985 115  6510.   6.5  11.0   1.132   1.1   0.5
   8 1985 116 12220.   3.7  13.7   1.129   2.1   0.4
   8 1985 117 15150.   6.2  11.2   1.129   2.2   0.0
   8 1985 118  7070.  -1.5  11.4   0.871   2.6   1.5
   8 1985 119  6090.   5.0  14.0   1.191   2.2   0.3
   8 1985 120  9540.   8.7  15.1   1.399   2.5   0.0
   8 1985 121  7770.   3.0  11.0   1.004   1.9   2.0
   8 1985 122 20240.   6.0  13.6   1.216   1.6   0.0
   8 1985 123 14110.   1.0  12.8   0.998   1.6   0.0
   8 1985 124  6480.   5.7   9.0   1.029   1.1   6.6
   8 1985 125  6260.   4.5   7.4   0.934   2.3  11.2
   8 1985 126  7110.   4.8  10.2   1.040   1.3   1.0
   8 1985 127 19180.   1.8  14.4   1.083   0.9   0.0
   8 1985 128  7890.   5.8  14.5   1.245   1.8   0.0
   8 1985 129 12000.   6.0  10.0   1.076   4.2   5.3
   8 1985 130 12740.   5.2  12.6   1.144   2.3   0.0
   8 1985 131 12530.   7.0  13.7   1.262   1.0   0.0
   8 1985 132 17930.   1.7  15.6   1.125   2.3   0.0
   8 1985 133  7860.   7.3  12.8   1.237   1.4   3.5
   8 1985 134 11480.   6.8  16.5   1.376   0.2   3.3
   8 1985 135  6980.   9.3  13.3   1.345   1.5   5.0
   8 1985 136 12130.   9.6  15.5   1.461   1.4   0.0
   8 1985 137 17450.   7.2  20.2   1.575   1.2   0.0
   8 1985 138 11820.   9.2  16.3   1.480   2.3   1.0
   8 1985 139  6990.   9.3  11.7   1.274   1.8   0.0
   8 1985 140  6890.   8.8  11.5   1.245   1.3   3.0
   8 1985 141  7070.   9.0  13.3   1.331   0.8   0.0
   8 1985 142 17740.   8.0  18.5   1.530   0.0   1.2
   8 1985 143  7300.   9.9  14.2   1.413   2.1   5.3
   8 1985 144 10400.   8.1  15.5   1.390   2.5   0.5
   8 1985 145  7060.   8.3  14.2   1.340   3.3   1.2
   8 1985 146  7230.  11.2  14.0   1.466   3.3   3.3
   8 1985 147 12200.  10.8  14.2   1.456   1.4   0.0
   8 1985 148 19310.   3.2  15.3   1.172   1.0   0.0
   8 1985 149 22040.   3.3  16.5   1.224   0.0   0.0
   8 1985 150 25210.   2.4  17.7   1.237   0.0   0.0
   8 1985 151 28520.   4.0  18.8   1.354   0.9   0.0
   8 1985 152 28430.   3.1  21.0   1.413   0.0   0.0
   8 1985 153 28330.   4.0  21.2   1.466   0.0   0.0
   8 1985 154 24960.   6.1  22.2   1.622   1.1   0.0
   8 1985 155 17650.   9.8  23.5   1.906   0.2   9.5
   8 1985 156  7330.  10.7  12.4   1.367   0.0  11.0
   8 1985 157 12350.   9.0  12.3   1.287   1.8   0.0
   8 1985 158 20950.   2.8  15.0   1.144   1.6   0.6
   8 1985 159  7670.   7.8  13.2   1.274   2.2   0.8
   8 1985 160 11270.   8.3  14.0   1.331   2.4   1.0
   8 1985 161 11280.   7.0  15.2   1.327   2.1   1.0
   8 1985 162  7570.  10.5  14.2   1.442   2.9   1.4
   8 1985 163 16760.   7.4  15.4   1.354   2.8   0.0
   8 1985 164  9890.   9.6  15.0   1.437   1.4   1.0
   8 1985 165 21810.   2.8  15.5   1.164   1.1   0.0
   8 1985 166 17230.   4.3  15.0   1.204   0.7   0.0
   8 1985 167 22120.   4.5  17.8   1.331   1.5   3.0
   8 1985 168  8190.   9.8  16.4   1.515   1.3   0.8
   8 1985 169 17680.   6.8  17.2   1.409   0.8   0.0
   8 1985 170 18550.   6.8  17.7   1.432   0.9   0.0
   8 1985 171 12090.   6.9  16.3   1.372   3.0  12.3
   8 1985 172  7490.  10.6  16.0   1.535   1.6   4.6
   8 1985 173  7490.  11.4  15.3   1.540   2.8   1.2
   8 1985 174 24450.   7.8  18.8   1.535   1.6   0.0
   8 1985 175 20130.   9.4  17.2   1.535   1.6   0.0
   8 1985 176 15090.   6.6  17.7   1.423   1.5   2.4
   8 1985 177 13000.   8.2  17.0   1.466   1.9   2.6
   8 1985 178  8190.   9.4  15.8   1.466   1.8   0.0
   8 1985 179  9330.  10.3  17.7   1.607   1.2   0.3
   8 1985 180 14630.  11.4  20.0   1.794   1.2   0.0
   8 1985 181  8590.  11.3  17.8   1.665   1.5   0.0
   8 1985 182 16900.  10.3  21.0   1.788   1.4   0.0
   8 1985 183 22900.  11.4  21.7   1.894   1.5   0.0
   8 1985 184 12280.  11.8  22.0   1.937   1.5   0.0
   8 1985 185 17270.  12.4  24.5   2.137   1.1   0.0
   8 1985 186 14820.  14.0  20.0   1.949   1.5   1.0
   8 1985 187 22090.   7.8  19.0   1.545   1.1   0.0
   8 1985 188 18490.   5.6  20.6   1.515   1.0   0.0
   8 1985 189 14330.  10.5  21.0   1.799   1.5   0.0
   8 1985 190  9310.  13.0  18.0   1.771   1.0   0.0
   8 1985 191  8150.  11.4  19.2   1.748   2.0   1.0
   8 1985 192  7270.  13.5  18.4   1.823   2.0   1.3
   8 1985 193 11090.  14.0  20.0   1.949   1.3   5.5
   8 1985 194  7200.  13.3  17.2   1.742   1.4  16.0
   8 1985 195 17690.  11.0  17.2   1.617   1.5   0.0
   8 1985 196  7170.   8.2  15.0   1.372   2.4   0.5
   8 1985 197 14080.   9.6  17.6   1.565   2.4   2.0
   8 1985 198 10510.  12.4  17.4   1.703   2.5   2.2
   8 1985 199 13010.   9.3  18.0   1.570   1.8   1.0
   8 1985 200 22120.  10.2  17.3   1.580   2.4   0.5
   8 1985 201 23050.   7.8  16.4   1.418   2.4   0.4
   8 1985 202  9660.   8.1  16.6   1.442   2.0   1.4
   8 1985 203 14380.  13.2  19.6   1.876   1.7   0.0
   8 1985 204 11120.   6.8  20.2   1.555   1.5   0.0
   8 1985 205 14280.  15.0  23.0   2.212   1.5   0.0
   8 1985 206  9920.  14.3  21.8   2.084   1.3  50.7
   8 1985 207 11960.  12.8  20.7   1.918   2.0  15.3
   8 1985 208 10940.  10.3  17.8   1.612   1.1   0.0
   8 1985 209  6750.  10.4  13.6   1.409   1.9  13.6
   8 1985 210 10560.  11.3  18.4   1.698   1.1   0.0
   8 1985 211  9130.  12.6  17.4   1.714   1.2   0.0
   8 1985 212  8410.  10.8  18.0   1.649   1.4   0.0
   8 1985 213  6850.   9.7  16.2   1.500   2.4   5.8
   8 1985 214 15260.  11.9  18.7   1.748   3.1   0.0
   8 1985 215 18180.  10.4  16.9   1.570   2.7   4.0
   8 1985 216  7670.  10.0  18.0   1.607   2.7  31.0
   8 1985 217 11530.  10.3  16.4   1.540   2.2   1.3
   8 1985 218  9580.   8.4  16.6   1.456   2.2   1.0
   8 1985 219 12070.  11.0  16.6   1.586   1.9   1.5
   8 1985 220  9590.   7.7  15.0   1.349   2.4   8.0
   8 1985 221 18980.   6.7  17.0   1.395   2.5   0.3
   8 1985 222 13050.   5.8  17.7   1.385   1.7   2.7
   8 1985 223 10200.   9.5  14.5   1.409   1.6   3.6
   8 1985 224 17100.   7.5  16.5   1.409   1.9   8.0
   8 1985 225 14780.   9.6  16.3   1.500   2.2  23.6
   8 1985 226 11430.  12.0  16.2   1.617   3.3   2.5
   8 1985 227  5900.  10.0  14.2   1.418   2.9   6.0
   8 1985 228 11920.  12.0  19.0   1.771   1.5   0.6
   8 1985 229  9270.   8.8  18.2   1.555   1.9   7.2
   8 1985 230 11490.  13.5  19.4   1.882   2.4   2.6
   8 1985 231 14210.  12.0  19.2   1.782   2.6   6.5
   8 1985 232 15880.  12.5  18.8   1.788   3.4   0.2
   8 1985 233  7460.  12.0  16.4   1.628   2.0   0.5
   8 1985 234  6780.   8.2  16.0   1.418   1.9   0.3
   8 1985 235  5580.   8.6  14.7   1.376   2.8  12.0
   8 1985 236 14680.   8.8  16.6   1.475   2.3   1.7
   8 1985 237  9770.   9.1  16.6   1.490   1.6   0.5
   8 1985 238  7240.   7.4  16.0   1.381   2.5   2.0
   8 1985 239  5700.  11.3  18.0   1.676   3.0   1.4
   8 1985 240  8060.  10.8  18.0   1.649   0.8   3.7
   8 1985 241  5230.  11.3  16.3   1.586   1.9   0.2
   8 1985 242 14210.  13.0  19.8   1.876   3.0   4.5
   8 1985 243 12080.  12.2  16.3   1.633   3.7   0.2
   8 1985 244  6800.  10.4  15.2   1.485   1.9  11.2
   8 1985 245  7780.  10.0  18.5   1.633   1.9  18.2
   8 1985 246  8970.  11.3  15.4   1.540   1.7   3.3
   8 1985 247  4970.   7.6  14.2   1.309   1.8   1.0
   8 1985 248 18110.   9.1  16.0   1.461   1.4   0.0
   8 1985 249 11620.   4.0  16.6   1.258   1.1   0.0
   8 1985 250  7580.   8.2  17.0   1.466   2.0   0.1
   8 1985 251  5490.  12.8  19.1   1.823   1.0   0.0
   8 1985 252  7180.  12.7  22.2   2.006   1.6   0.0
   8 1985 253 15940.  13.6  20.8   1.974   1.5   0.0
   8 1985 254 14150.  13.2  20.0   1.900   1.9   0.0
   8 1985 255  8400.  10.8  17.6   1.628   1.5   0.8
   8 1985 256  9500.   8.5  16.6   1.461   2.5   2.0
   8 1985 257  7400.  11.5  16.0   1.580   2.9   1.0
   8 1985 258  8430.   8.8  15.0   1.399   2.3   0.4
