*-----------------------------------------------------------
*  Station Name: MUNO0008    PhilRice, Munoz, Nueva Ecija
*  Author      : Climate Unit, IRRI    -99.: nil value
*  Source      : International Rice Research Institute (IRRI)
*
*  Comments    : This file is extracted from CLICOM database.
*  Longitude:  120 56 E   Latitude: 15 45 N    Altitude: 48.0 m
*
*  Column    Daily Value
*     1      Station number
*     2      Year
*     3      Day
*     4      irradiance         KJ m-2 d-1
*     5      min temperature            oC
*     6      max temperature            oC
*     7      vapor pressure            kPa
*     8      mean wind speed         m s-1
*     9      precipitation          mm d-1
*-----------------------------------------------------------
120.93  15.75  48.0  0.00  0.00
 10 1991   1  13679  23.5  31.5   2.13   1.2   0.0
 10 1991   2  19186  23.5  31.5   2.56   2.6   0.0
 10 1991   3  16955  23.5  28.0   2.63   4.1   0.0
 10 1991   4  17459  22.0  28.5   2.38   2.8   0.0
 10 1991   5  18287  19.3  31.0   2.47   1.4   0.0
 10 1991   6  19870  21.5  30.5   2.27   3.0   0.0
 10 1991   7  15983  21.5  29.5   2.29   1.7   0.0
 10 1991   8  20086  19.5  31.5   2.14   1.2   0.0
 10 1991   9  19582  20.0  29.5   2.39   4.6   0.0
 10 1991  10  19726  20.8  28.5   2.32   4.3   0.0
 10 1991  11  19186  21.3  29.5   2.28   2.6   0.0
 10 1991  12  16271  23.0  30.5   2.56   2.3   0.0
 10 1991  13  19582  22.8  29.5   2.41   4.9   0.0
 10 1991  14  19510  22.0  28.5   2.35   4.1   0.0
 10 1991  15  15227  22.8  28.0   2.60   4.1   0.0
 10 1991  16  18683  21.8  28.5   2.39   4.2   0.0
 10 1991  17  20554  20.5  29.5   2.32   3.8   0.0
 10 1991  18  20842  20.0  28.5   2.27   3.2   0.0
 10 1991  19  20374  19.5  31.0   2.30   2.5   0.0
 10 1991  20  22246  19.5  29.5   2.33   3.2   0.0
 10 1991  21  20374  21.0  31.5   2.33   2.0   0.0
 10 1991  22  17531  20.8  28.5   2.37   4.0   0.0
 10 1991  23  19942  21.0  28.5   2.30   5.0   0.0
 10 1991  24  11951  20.5  26.8   2.36   4.4   0.0
 10 1991  25  20230  21.8  29.5   2.35   4.4   0.0
 10 1991  26  17315  22.5  28.0   2.56   4.4   0.0
 10 1991  27  19726  21.5  28.5   2.35   4.0   0.0
 10 1991  28  10151  21.5  30.5   2.40   2.2   0.0
 10 1991  29  20158  20.8  29.5   2.34   1.8   1.5
 10 1991  30  17567  21.5  29.0   2.73   3.2   0.0
 10 1991  31  18071  22.0  31.5   2.54   2.6   0.0
 10 1991  32  19582  23.0  31.5   2.63   2.6   0.0
 10 1991  33  19798  22.5  30.0   2.52   2.6   0.0
 10 1991  34  19726  22.3  31.0   2.57   1.6   0.0
 10 1991  35  24658  22.3  31.5   2.38   1.8   0.0
 10 1991  36  18431  22.6  29.5   2.65   3.0   0.0
 10 1991  37  21418  23.0  32.5   2.67   1.8   0.0
 10 1991  38  18898  22.5  31.5   2.59   1.5   0.0
 10 1991  39  20842  21.5  32.5   2.53   2.2   0.0
 10 1991  40  15839  22.5  29.5   2.51   2.0   0.0
 10 1991  41  18431  20.0  31.5   2.83   1.9   0.0
 10 1991  42  18143  22.3  23.0   2.42   2.3   0.0
 10 1991  43  17099  22.5  28.5   2.45   3.4   0.0
 10 1991  44  21058  21.8  31.5   2.45   2.1   0.0
 10 1991  45  20986  22.5  32.5   2.53   1.8   0.0
 10 1991  46  20770  22.4  32.5   2.68   1.3   0.0
 10 1991  47  22426  23.0  32.5   2.58   2.4   0.0
 10 1991  48  18754  22.5  31.0   2.89   2.2   0.0
 10 1991  49  18071  21.8  29.5   2.54   2.3   0.0
 10 1991  50  14867  21.5  30.0   2.48   1.9   0.0
 10 1991  51  18503  20.8  29.5   2.57   2.6   0.0
 10 1991  52  20698  21.8  29.5   2.34   3.4   0.0
 10 1991  53  19474  21.0  28.5   2.23   3.7   0.0
 10 1991  54  17999  20.5  27.8   2.35   4.6   0.0
 10 1991  55  20374  19.6  27.2   2.23   4.8   0.0
 10 1991  56  19726  21.3  26.5   2.34   6.0   0.0
 10 1991  57  17855  20.8  26.0   2.34   5.9   0.0
 10 1991  58  21202  21.5  27.5   2.23   3.1   0.0
 10 1991  59  22102  20.0  28.5   2.41   2.3   0.0
 10 1991  60  23470  19.8  32.0   2.40   1.7   0.0
 10 1991  61  22858  20.3  29.5   2.34   2.5   0.0
 10 1991  62  21526  19.0  29.0   2.33   2.7   0.0
 10 1991  63  23074  18.5  29.0   2.13   1.8   0.0
 10 1991  64  22642  20.5  32.0   2.41   1.8   0.0
 10 1991  65  21418  21.5  30.5   2.52   2.1   0.0
 10 1991  66  22498  20.0  31.5   2.33   1.6   0.0
 10 1991  67  19942  19.3  29.5   2.81   2.0   0.0
 10 1991  68  22246  20.3  29.5   2.48   2.7   0.0
 10 1991  69  21202  19.4  27.5   2.45   2.7   0.0
 10 1991  70  21454  19.0  30.0   2.27   2.3   0.0
 10 1991  71  20986  20.0  29.0   2.13   2.9   0.0
 10 1991  72  19258  22.0  29.0   2.52   3.7   4.1
 10 1991  73  14183  22.3  26.6   2.60   4.6   0.5
 10 1991  74  21670  21.8  28.5   2.45   3.6   0.0
 10 1991  75 -99000  21.5 -99.0   2.62 -99.0 -99.0
 10 1991  76 -99000 -99.0  30.5 -99.00 -99.0   0.0
 10 1991  77  21958  22.0  30.5   2.61   1.6   0.0
 10 1991  78  21454  21.0  31.5   2.60   2.0   0.0
 10 1991  79  22102  21.8  32.0   2.64   1.8   0.0
 10 1991  80  20086  21.5  31.5   2.58   1.8   0.0
 10 1991  81  22354  21.8  31.8   2.75   1.6   0.0
 10 1991  82  23074  22.0  31.5   2.66   1.7   0.0
 10 1991  83  22246  22.5  31.0   2.76   1.5   0.0
 10 1991  84  20770  22.8  31.0   2.83   1.8   0.0
 10 1991  85  21418  21.5  31.5   2.62   1.2   0.0
 10 1991  86  21814  20.0  30.5   2.53   1.7   0.0
 10 1991  87  20374  21.3  29.5   2.56   3.0   0.0
 10 1991  88  22354  20.8  29.0   2.37   3.6   0.0
 10 1991  89  23146  21.8  30.5   2.38   2.6   0.0
 10 1991  90  21346  21.8  33.5   2.47   1.6   0.0
 10 1991  91  20302  21.8  30.5   2.64   2.6   0.0
 10 1991  92  21742  21.8  31.0   2.64   2.4   0.0
 10 1991  93  22174  22.3  29.5   2.77   2.9   0.0
 10 1991  94  23290  21.8  32.5   2.69   1.4   0.0
 10 1991  95  21418  22.5  33.0   2.91   1.6  11.7
 10 1991  96  21886  23.3  34.0   2.79   0.9  12.2
 10 1991  97  21670  23.0  32.0   3.07   1.1   0.0
 10 1991  98  25162  22.6  32.5   2.97   1.1   0.0
 10 1991  99  21418  23.0  32.0   2.86   1.5   0.0
 10 1991 100  22858  22.8  32.5   2.80   1.5   0.0
 10 1991 101  22714  22.6  33.0   2.85   1.8   0.0
 10 1991 102  22102  21.8  33.0   2.75   1.5   0.0
 10 1991 103  21742  22.0  32.5   2.64   1.4   0.0
 10 1991 104  18143  23.3  30.5   2.82   2.7   0.0
 10 1991 105  21670  22.8  31.8   2.82   2.6   0.0
 10 1991 106  22102  21.8  33.0   2.61   2.7   0.0
 10 1991 107  21814  24.8  33.5   2.95   2.5   0.0
 10 1991 108  22858  22.5  35.0   2.95   1.0   0.0
 10 1991 109  21670  24.6  35.0   3.04   1.3   0.0
 10 1991 110  19258  23.0  32.6   2.90   1.4   0.0
 10 1991 111  19870  23.0  31.5   2.82   2.5   0.0
 10 1991 112  18431  24.0  30.8   2.90   2.7   0.0
 10 1991 113  21130  22.5  31.0   2.88   3.4   0.0
 10 1991 114  22102  22.3  31.5   2.75   3.0   0.0
 10 1991 115  20842  22.8  31.5   3.00   2.8   0.0
 10 1991 116  18071  23.8  32.0   2.93   2.2   0.0
 10 1991 117  23470  22.5  33.0   2.69   1.8   0.0
 10 1991 118  24586  23.8  33.0   2.97   1.9   0.0
 10 1991 119  21814  24.0  33.0   2.77   1.4   0.0
 10 1991 120  21742  21.0  34.0   3.24   0.9   0.5
 10 1991 121  19474  24.5  33.5   3.40   1.4   0.0
 10 1991 122  20374  24.8  34.0   3.17   1.1   0.5
 10 1991 123  18898  24.5  32.5   3.19   2.5  20.6
 10 1991 124  22102  24.0  32.5   2.94   2.3   0.0
 10 1991 125  23614  23.8  33.0   2.76   1.8   0.0
 10 1991 126  22246  24.0  33.0   2.99   1.5   0.0
 10 1991 127  21958  18.5  33.5   3.20   2.0   0.0
 10 1991 128  22030  23.3  33.5   3.10   1.9   0.0
 10 1991 129  22246  24.5  33.5   3.09   2.4   0.0
 10 1991 130  15011  24.3  33.0   3.04   2.3   0.0
 10 1991 131 -99000  22.8 -99.0   2.68 -99.0   0.0
 10 1991 132 -99000 -99.0  33.0 -99.00 -99.0   0.0
 10 1991 133  19186  18.0  33.5   3.13   1.0   0.0
 10 1991 134  20986  23.0  33.8   2.98   1.4   0.0
 10 1991 135  21742  25.0  33.0   3.12   1.1   0.0
 10 1991 136  22714  25.3  33.5   3.17   1.0   0.0
 10 1991 137  21418  24.0  34.5   3.07   1.1   0.0
 10 1991 138  18898  23.8  32.5   3.00   2.4   0.0
 10 1991 139  18287  22.8  33.0   2.95   2.4   0.0
 10 1991 140  21886  24.5  34.5   3.18   2.3   0.0
 10 1991 141  24190  24.0  34.5   3.01   2.3   0.0
 10 1991 142  25990  23.5  34.5   2.84   1.2   0.0
 10 1991 143  23758  25.5  35.5   3.12   1.3   1.8
 10 1991 144  22858  23.8  35.0   3.08   1.2   0.0
 10 1991 145  25414  23.8  35.0   2.82   1.4   0.0
 10 1991 146  23614  23.8  35.0   2.87   1.6   0.0
 10 1991 147  22786  23.5  34.5   2.84   3.1   0.0
 10 1991 148  22642  22.2  35.0   2.74   3.0   0.0
 10 1991 149  17315  24.0  33.5   2.87   3.8   0.0
 10 1991 150  19654  25.3  34.5   2.65   3.3   0.0
 10 1991 151  16127  24.8  33.8   2.81   3.1   0.0
 10 1991 152  19186  24.3  32.5   2.76   3.7   0.0
 10 1991 153  19870  23.3  33.5   2.81   2.9   0.0
 10 1991 154  13499  24.5  34.0   2.87   2.4   0.0
 10 1991 155  19510  24.5  34.5   3.03   3.2   0.0
 10 1991 156  20698  24.3  35.0   2.93   2.7   0.0
 10 1991 157  20086  24.0  35.5   2.91   1.8   0.0
 10 1991 158  21130  24.8  35.5   3.03   2.4   0.0
 10 1991 159  19474  25.0  35.0   2.94   2.4   0.0
 10 1991 160  20482  24.5  35.0   2.86   2.8   0.0
 10 1991 161  20986  24.5  35.5   2.84   2.1   0.0
 10 1991 162  23074  23.6  36.5   2.84   2.0   0.0
 10 1991 163  22246  25.3  36.0   3.00   2.1   0.0
 10 1991 164  18611  23.3  35.0   2.87   1.3   0.0
 10 1991 165  14867  22.3  34.0   3.02   2.1   5.1
 10 1991 166   7883  24.5  29.0   3.25   2.6  26.9
 10 1991 167  11195  22.0  29.0   2.74   1.6   2.3
 10 1991 168  16199  24.3  31.0   3.06   2.1   1.3
 10 1991 169  17999  23.0  31.5   3.21   1.1   0.0
 10 1991 170  17531  25.5  31.5   3.27   1.2   0.0
 10 1991 171  14039  25.0  30.5   3.13   1.2  11.7
 10 1991 172  15443  24.5  29.0   3.16   1.3   0.0
 10 1991 173  10079  24.5  31.0   3.17   2.0   0.0
 10 1991 174  13823  25.0  29.5   3.17   1.8   3.0
 10 1991 175  19186  24.0  31.5   2.96   1.7   0.5
 10 1991 176  20626  24.8  33.5   3.12   1.1   0.0
 10 1991 177  21742  24.5  34.5   3.09   1.9   0.0
 10 1991 178  16271  22.5  32.5   2.86   1.6   0.0
 10 1991 179  18071  24.5  33.0   3.06   3.2   0.0
 10 1991 180  22570  25.0  34.5   2.99   3.1   2.0
 10 1991 181  19798  24.5  34.0   3.45   2.1   0.8
 10 1991 182  24118  23.8  34.5   3.40   1.3   0.0
 10 1991 183  19870  23.8  34.5   3.04   1.3   0.0
 10 1991 184  22426  23.8  34.5   3.05   1.5   0.0
 10 1991 185  18215  22.5  34.5   2.91   1.3   0.0
 10 1991 186  23470  25.0  33.5   3.04   1.5   0.0
 10 1991 187  22318  25.0  35.0   3.01   1.5   0.0
 10 1991 188  22570  24.3  35.0   2.83   2.2   0.0
 10 1991 189  13211  23.8  32.5   3.18   1.1   0.5
 10 1991 190  19942  24.0  34.5   3.07   1.7   1.8
 10 1991 191   9935  18.3  28.5   3.15   3.7   6.6
 10 1991 192  15587  24.3  29.5   3.00   2.5  19.0
 10 1991 193  20842  23.4  31.0   2.86   2.2   2.0
 10 1991 194  19654  21.3  33.0   2.90   1.2   6.6
 10 1991 195  24370  21.8  33.0   2.89   1.1   9.6
 10 1991 196  22786  21.3  32.5   3.09   1.2  14.0
 10 1991 197  21526  24.3  32.5   3.10   1.6   0.5
 10 1991 198  23146  19.8  31.5   3.12   2.8   0.0
 10 1991 199   9035  25.3  26.5   3.06   1.0   9.9
 10 1991 200  16595  16.5  30.0   3.11   1.6  34.3
 10 1991 201  25090  24.3  30.5   3.19   1.3   1.3
 10 1991 202  15227  25.3  30.0   3.14   1.5  36.3
 10 1991 203  10727  24.0  27.8   3.00   3.2  16.0
 10 1991 204  12095  23.0  29.0   2.90   2.9  27.9
 10 1991 205  15155  24.3  28.0   3.00   1.7   6.6
 10 1991 206  16811  23.0  29.0   2.84   1.8   1.8
 10 1991 207  12779  17.0  27.3   2.68   2.2  18.3
 10 1991 208  11195  23.8  28.0   3.00   1.3  18.8
 10 1991 209  12383  24.5  28.5   3.12   1.5   1.0
 10 1991 210  18503  23.6  30.5   3.14   1.1   0.0
 10 1991 211  24046  24.6  32.5   3.16   0.6   0.0
 10 1991 212  22570  23.0  32.0   3.16   1.2   4.8
 10 1991 213  12095  23.3  29.0   2.91   1.0  42.2
 10 1991 214  13067  23.0  28.0   2.89   1.1   9.4
 10 1991 215  13643  22.3  29.0   3.11   1.3   1.8
 10 1991 216  23218  23.0  28.0   2.93   1.7   9.4
 10 1991 217  14327  24.5  30.5   3.17   1.2  19.0
 10 1991 218  20626  24.0  30.0   3.09   1.2   0.0
 10 1991 219  24046  24.5  32.5   2.87   0.9   0.0
 10 1991 220  18898  26.0  31.5   3.36   0.8   0.5
 10 1991 221  24298  25.0  32.5   3.10   1.0   0.0
 10 1991 222  18071  24.3  31.5   3.10   1.1  18.5
 10 1991 223  16415  24.0  29.0   2.82   1.2   7.9
 10 1991 224   7919  24.5  26.0   2.68   1.4   0.5
 10 1991 225   9467  21.5  27.5   2.99   1.6  10.9
 10 1991 226  12383  23.5  28.6   2.88   1.2   5.6
 10 1991 227  16811  24.5  29.5   3.15   1.3  15.2
 10 1991 228  17243  24.5  30.0   2.96   1.6   1.0
 10 1991 229  16667  23.5  29.8   3.10   1.6   4.1
 10 1991 230  16415  24.8  28.5   3.20   2.0  53.3
 10 1991 231  15515  24.5  29.0   3.34   1.5   7.4
 10 1991 232  13499  24.5  28.5   3.09   1.3   3.3
 10 1991 233  12779  22.5  27.6   3.07   1.4  13.2
 10 1991 234  16811  24.5  30.0   3.05   1.0  50.6
 10 1991 235  18431  24.3  29.8   3.19   0.9  40.6
 10 1991 236  13067  25.0  28.0   3.28   1.5   2.5
 10 1991 237  15155  21.0  29.8   3.16   1.4  33.5
 10 1991 238  17927  23.0  31.0   3.04   1.1  15.0
 10 1991 239  23470  24.0  32.0   3.17   1.3  10.4
 10 1991 240  23614  20.0  32.5   3.03   1.4   0.0
 10 1991 241  11627  25.5  29.0   3.23   1.0  13.0
 10 1991 242  16127  25.0  30.5   3.09   0.8  30.5
 10 1991 243  21418  24.5  31.0   3.29   1.0   4.3
 10 1991 244  20482  25.0  32.0   3.20   1.2  18.5
 10 1991 245  12671  25.0  29.5   3.07   2.0  62.0
 10 1991 246  12527  21.0  27.8   3.00   2.0  32.5
 10 1991 247  10583  23.5  28.0   2.98   1.2  23.6
 10 1991 248  17567  21.4  30.5   3.10   0.9   5.6
 10 1991 249  20374  24.8  31.5   3.40   0.9   2.8
 10 1991 250  14183  25.0  29.0   3.09   1.4   9.9
 10 1991 251  18970  23.5  32.0   3.11   0.7   4.6
 10 1991 252  19474  25.0  32.0   3.11   0.9   1.5
 10 1991 253  23074  21.0  32.5   2.97   1.0   5.6
 10 1991 254  18683  24.5  32.0   3.06   0.7   0.5
 10 1991 255  24586  25.0  33.0   3.30   0.9   7.9
 10 1991 256  22030  24.3  31.0   3.14   0.9  16.8
 10 1991 257  22714  23.3  32.5   3.12   0.9  25.2
 10 1991 258  19330  24.0  30.5   3.07   0.7   4.6
 10 1991 259  13427  25.8  31.0   3.25   1.0  48.0
 10 1991 260  10151  23.5  28.5   3.22   0.9   9.9
 10 1991 261  15155  24.8  29.0   3.09   1.1   7.6
 10 1991 262  15983  24.0  30.0   3.14   1.2   9.9
 10 1991 263  14651  24.5  30.0   3.25   0.8   4.8
 10 1991 264  21418  24.0  31.5   3.15   0.5  42.9
 10 1991 265  17387  23.8  29.0   2.97   0.7  12.7
 10 1991 266  20374  23.0  30.0   3.01   0.6  24.1
 10 1991 267  17531  22.8  30.0   3.22   1.0   0.5
 10 1991 268  20158  21.5  30.5   2.52   0.5   0.0
 10 1991 269  20158  22.8  31.5   2.96   0.7  22.1
 10 1991 270  13067  23.5  29.5   3.12   1.1  16.5
 10 1991 271  18970  23.8  29.0   2.91   1.6   6.4
 10 1991 272  13355  24.5  30.0   3.17   1.4   7.1
 10 1991 273  13643  23.4  28.0   2.99   1.1   4.3
 10 1991 274  15011  23.0  29.5   2.93   0.8   0.8
 10 1991 275  20770  23.0  30.5   3.01   0.6   0.8
 10 1991 276  20482  23.0  32.0   3.01   0.6   0.0
 10 1991 277  19438  22.5  32.0   3.01   0.9   5.6
 10 1991 278  21238  23.5  31.5   2.99   0.4   0.5
 10 1991 279  19654  23.5  31.8   3.12   0.5   1.0
 10 1991 280  17999  23.8  32.0   2.79   0.6   0.5
 10 1991 281  18970  23.0  30.5   2.88   0.6   0.0
 10 1991 282  17927  22.5  31.0   2.95   0.5   0.0
 10 1991 283  18323  22.8  31.0   2.91   0.5   0.0
 10 1991 284  20554  21.5  31.5   2.82   0.3   0.0
 10 1991 285  18611  23.0  32.0   2.78   0.4   0.0
 10 1991 286  19294  22.5  32.5   2.96   0.5   0.5
 10 1991 287  18323  21.0  32.0   2.98   0.8   7.6
 10 1991 288 -99000  22.5 -99.0   2.77 -99.0 -99.0
 10 1991 289 -99000 -99.0 -99.0 -99.00 -99.0 -99.0
 10 1991 290 -99000 -99.0  31.5 -99.00 -99.0   5.1
 10 1991 291  19438  21.8  32.0   2.80   2.0   0.0
 10 1991 292  19006  20.0  31.0   2.83   0.3   0.0
 10 1991 293  23758  22.0  32.0   2.79   1.5  11.4
 10 1991 294  15983  21.5  32.0   2.82   1.2   0.0
 10 1991 295  12347  22.0  29.5   2.84   1.3   0.0
 10 1991 296  17999  22.5  31.0   2.59   1.7   0.0
 10 1991 297  18251  21.0  32.0   2.56   0.7   0.0
 10 1991 298  18467  21.0  32.0   2.61   0.6   0.0
 10 1991 299  14723  21.0  29.8   2.68   3.5   0.0
 10 1991 300   7991  24.0  25.5   2.69   7.3  14.7
 10 1991 301   8207  15.0  23.8   2.67   2.1  47.0
 10 1991 302   8603  22.5  25.3   2.82   0.5   2.5
 10 1991 303  14723  22.5  28.3   2.76   1.0   0.0
 10 1991 304  20554  22.5  28.8   2.87   1.3   0.0
 10 1991 305  18467  23.0  30.0   2.93   1.8   0.0
 10 1991 306  20698  21.3  30.5   2.52   1.8   0.0
 10 1991 307  18898  20.8  31.5   2.93   0.8   0.0
 10 1991 308  18970  21.0  31.0   2.46   1.4   0.0
 10 1991 309  16811  19.5  31.5   2.52   1.1   0.0
 10 1991 310  15983  21.0  31.0   2.73   2.1   0.0
 10 1991 311  16883  22.8  31.5   3.03   1.8   1.0
 10 1991 312  17999  21.5  30.0   2.36   2.2   0.0
 10 1991 313  16379  19.8  31.0   2.40   1.5   0.0
 10 1991 314  15119  21.5  30.0   2.01   1.5   0.0
 10 1991 315  13319  18.5  29.0   2.17   0.7   0.0
 10 1991 316  12635  20.0  26.5   2.36   0.6   0.0
 10 1991 317  16379  20.0  29.5   2.52   0.5   0.0
 10 1991 318  14795  22.0  30.0   2.71   0.6   0.0
 10 1991 319  17927  21.8  31.0   2.67   1.9   0.0
 10 1991 320  14039  19.3  31.0   2.47   1.2   1.3
 10 1991 321   7487  22.3  25.5   2.78   1.7  18.8
 10 1991 322  16523  21.5  31.0   2.84   0.8   0.0
 10 1991 323  18035  22.0  31.5   2.89   1.9   0.0
 10 1991 324  14111  22.0  30.5   2.62   2.5   0.0
 10 1991 325  22066  21.5  31.0   2.61   3.5   0.0
 10 1991 326  17351  21.0  31.5   2.52   3.2   0.0
 10 1991 327  15839  20.5  30.5   2.36   2.6   0.0
 10 1991 328  14291  20.8  32.0   2.42   3.8   0.0
 10 1991 329  15119  23.0  31.0   2.56   3.0   0.0
 10 1991 330  15911  22.5  31.0   2.64   3.6   0.0
 10 1991 331  15479  23.5  31.5   3.10   2.2   0.0
 10 1991 332  13535  21.0  32.0   2.62   0.6   0.0
 10 1991 333  15407  20.5  31.5   2.65   1.0   0.0
 10 1991 334  16091  21.8  32.0   2.78   1.6   8.6
 10 1991 335  15983  21.8  31.5   2.68   0.8   0.0
 10 1991 336  16667  19.0  31.5   2.20   1.5   0.0
 10 1991 337  13679  19.0  29.5   2.31   3.3   0.0
 10 1991 338  16667  20.8  28.5   2.31   3.7   0.0
 10 1991 339  16883  21.5  30.5   2.22   2.6   0.0
 10 1991 340  15983  17.5  30.5   2.06   4.1   0.0
 10 1991 341  23830  20.5  30.5   2.39   3.9   0.0
 10 1991 342  19582  19.5  31.0   2.47   4.5   0.0
 10 1991 343  15479  24.0  29.8   2.82   4.6   0.0
 10 1991 344  17927  20.0  30.5   2.30   4.1   0.0
 10 1991 345  16163  21.5  30.5   2.56   4.2   0.0
 10 1991 346  19438  22.0  30.5   2.47   3.8   0.0
 10 1991 347  16163  21.0  30.0   2.45   6.5   0.0
 10 1991 348  18071  22.5  30.0   2.33   5.1   0.0
 10 1991 349  19222  20.3  31.0   2.24   4.4   0.0
 10 1991 350  18754  22.0  31.0   2.39   3.0   0.0
 10 1991 351  18754  20.5  31.5   2.63   1.9   0.0
 10 1991 352  19078  18.5  32.0   2.53   1.8   0.0
 10 1991 353  14111  19.8  30.5   2.54   1.6   0.0
 10 1991 354  19042  20.5  31.5   2.65   5.9   0.0
 10 1991 355  19042  22.8  31.5   2.51   3.6   0.0
 10 1991 356  15911  21.0  30.5   2.65   3.8   0.0
 10 1991 357  19150  21.3  32.0   2.51   4.9   0.0
 10 1991 358  18683  23.5  30.5   2.60   5.0   0.0
 10 1991 359  20950  21.5  32.0   2.32   2.5   0.0
 10 1991 360  18611  20.0  32.0   2.69   2.5   0.0
 10 1991 361  19870  22.5  32.5   2.75   2.2   0.0
 10 1991 362 -99000  22.8 -99.0   2.70 -99.0   0.0
 10 1991 363 -99000 -99.0  33.0 -99.00 -99.0   0.0
 10 1991 364  18539  20.5  30.4   2.36   5.9   0.0
 10 1991 365  19978  21.6  30.0   2.30   5.0   0.0
