*-----------------------------------------------------------
*  Station Name: MUNO0008    PhilRice, Munoz, Nueva Ecija
*  Author      : Climate Unit, IRRI    -99.: nil value
*  Source      : International Rice Research Institute (IRRI)
*
*  Comments    : This file is extracted from CLICOM database.
*  Longitude:  120 56 E   Latitude: 15 45 N    Altitude: 48.0 m
*
*  Column    Daily Value
*     1      Station number
*     2      Year
*     3      Day
*     4      irradiance         KJ m-2 d-1
*     5      min temperature            oC
*     6      max temperature            oC
*     7      vapor pressure            kPa
*     8      mean wind speed         m s-1
*     9      precipitation          mm d-1
*-----------------------------------------------------------
120.93  15.75  48.0  0.00  0.00
 10 1992   1  17099  20.8  30.0   2.76   3.0   0.0
 10 1992   2  18898  19.8  30.5   2.38   5.0   0.0
 10 1992   3  19150  20.4  30.0   2.32   4.3   0.0
 10 1992   4  17927  21.5  30.0   2.47   4.4   0.0
 10 1992   5  13391  21.0  28.5   2.56   2.1   6.1
 10 1992   6  16955  21.0  29.8   2.48   2.2   0.0
 10 1992   7  17207  20.6  29.0   2.41   3.0   0.0
 10 1992   8  15479  21.5  30.0   2.55   1.3   0.0
 10 1992   9  18395  20.8  31.0   2.56   1.6   0.0
 10 1992  10  13895  18.5  28.5   2.65   3.8   0.5
 10 1992  11  19510  21.5  28.0   2.13   5.4   0.0
 10 1992  12  18539  20.5  28.5   2.35   3.8   0.0
 10 1992  13  18970  19.8  30.0   2.29   1.3   2.3
 10 1992  14  18467  20.5  29.5   2.39   1.0   0.0
 10 1992  15  18754  19.0  30.0   2.24   0.8   0.8
 10 1992  16  18179  19.8  30.0   2.33   1.3   0.0
 10 1992  17  19870  20.4  30.5   2.46   0.9   0.0
 10 1992  18  17135  20.0  30.0   2.39   2.0   0.0
 10 1992  19  20266  19.8  31.0   2.45   1.1   0.0
 10 1992  20  22786  20.6  30.0   2.58   2.1   0.0
 10 1992  21  18323  21.4  31.0   2.34   2.4   0.0
 10 1992  22  19942  21.4  30.0   2.30   3.3   0.0
 10 1992  23  17927  22.3  29.0   2.42   2.7   0.0
 10 1992  24  19150  17.5  30.5   2.36   1.1   0.0
 10 1992  25  16811  22.8  29.0   2.71   1.5   0.0
 10 1992  26  17783  19.5  30.8   2.62 -99.0   0.0
 10 1992  27  19078  20.0  30.5   2.10 -99.0   0.0
 10 1992  28  18539  20.5  29.5   2.58 -99.0   0.0
 10 1992  29  17567  22.5  28.5   2.43   5.3   0.0
 10 1992  30  19654  22.5  31.0   2.58   1.0   0.0
 10 1992  31  19582  22.8  31.5   2.69   1.6   0.0
 10 1992  32  18754  20.8  29.5   2.25   5.5   0.0
 10 1992  33  18826  21.5  28.5   2.45   4.7   0.0
 10 1992  34  18179  21.8  30.0   2.46   2.4   0.0
 10 1992  35  17783  22.8  30.0   2.65   2.4   0.8
 10 1992  36  16163  23.4  30.5   2.78   2.6   0.0
 10 1992  37  18179  22.0  29.5   2.59   3.2   0.0
 10 1992  38  19978  21.0  31.0   2.48   1.3   0.0
 10 1992  39  19654  21.8  31.5   2.54   2.5   0.0
 10 1992  40  19366  22.8  30.5   2.58   2.2   0.0
 10 1992  41  20410  20.8  31.0   2.45   1.5   0.0
 10 1992  42  20554  20.8  31.5   2.40   1.2   0.0
 10 1992  43  20698  20.0  31.5   2.21   2.0   0.0
 10 1992  44  20122  22.3  31.5   2.64   1.5   0.0
 10 1992  45  22786  22.3  32.0   2.57   2.0   0.0
 10 1992  46  16127  21.8  30.5   2.46   1.1   3.0
 10 1992  47  20554  22.0  31.5   2.86   1.4   0.0
 10 1992  48  21022  22.8  33.5   2.98   1.5  31.0
 10 1992  49  18970  21.8  31.0   2.70   1.3   0.0
 10 1992  50 -99000  21.0 -99.0   2.70 -99.0 -99.0
 10 1992  51 -99000 -99.0  31.5 -99.00 -99.0   0.0
 10 1992  52  18754  22.3  30.0   2.48   4.0   0.0
 10 1992  53  17567  19.8  27.6   2.48   3.6   0.0
 10 1992  54  24514  21.0  32.0   2.52   1.0   0.0
 10 1992  55  19366  20.4  31.5   2.39   2.0   0.0
 10 1992  56  20266  18.0  27.0   2.33   4.8   0.0
 10 1992  57  19978  18.8  25.0   1.86   5.3   0.0
 10 1992  58  19870  17.8  26.0   1.89   4.9   0.0
 10 1992  59  25198  17.5  28.0   2.17   3.4   0.0
 10 1992  60  18970  19.5  28.5   2.47   2.7   0.0
 10 1992  61  19438  20.5  29.5   2.66 -99.0   0.0
 10 1992  62  21022  20.8  31.0   3.03 -99.0   0.0
 10 1992  63  21022  22.4  31.5   2.73   1.8   0.0
 10 1992  64 -99000  22.0 -99.0   2.71 -99.0   0.0
 10 1992  65 -99000 -99.0  31.5 -99.00 -99.0   0.0
 10 1992  66  21022  21.8  31.0   2.83   1.0   0.0
 10 1992  67  19582  22.8  31.5   2.66   1.4   0.0
 10 1992  68  20842  22.8  32.0   3.02   1.4   0.0
 10 1992  69  20842  22.3  32.5   2.97   1.4   0.0
 10 1992  70  24010  21.4  32.5   2.66   1.3   0.0
 10 1992  71  20950  22.8  31.5   2.74   1.3   0.0
 10 1992  72  17351  21.0  29.0   2.59   2.3   0.0
 10 1992  73  22210  19.5  31.5   2.44   1.7   0.0
 10 1992  74  24010  21.5  30.0   2.69   2.3   0.0
 10 1992  75  21382  21.0  31.5   2.94   1.9   0.0
 10 1992  76  23938  20.5  30.5   2.64   1.5   0.0
 10 1992  77  24082  20.5  31.5   2.58   1.3   0.0
 10 1992  78  24226  21.0  32.5   2.92   1.6   0.0
 10 1992  79  22426  23.4  30.0   3.11   2.8   0.0
 10 1992  80 -99000  22.5 -99.0   3.02 -99.0   0.0
 10 1992  81 -99000 -99.0  31.5 -99.00 -99.0   0.0
 10 1992  82  23830  23.0  30.0   2.77   3.1   0.0
 10 1992  83  24658  21.5  30.0   3.10   2.9   0.0
 10 1992  84  24298  20.5  31.5   2.95   2.0   0.0
 10 1992  85  24910  20.8  32.0   2.75   1.7   0.0
 10 1992  86  22858  22.0  31.0   2.91   2.3   0.0
 10 1992  87  23866  22.5  31.8   2.91   1.9   0.0
 10 1992  88  25702  22.0  31.8   2.80   1.8   0.0
 10 1992  89  25126  22.5  32.0   2.90   1.6   0.0
 10 1992  90  23542  22.5  31.0   3.17   1.8   0.0
 10 1992  91  24658  21.5  31.5   2.90   1.4   0.0
 10 1992  92  24082  22.0  32.0   2.97   1.4   0.0
 10 1992  93  24730  20.8  33.0   2.49   1.2   0.0
 10 1992  94  23830  20.0  32.0   2.82   1.1   0.0
 10 1992  95  18467  22.5  33.0   2.76   0.6   0.0
 10 1992  96  23470  22.5  32.5   3.02   1.3   0.0
 10 1992  97  24442  21.5  34.0   2.63   1.2   0.0
 10 1992  98  23110  23.0  32.5   2.86   1.0   0.0
 10 1992  99  24838  22.0  32.0   2.80   1.6   0.0
 10 1992 100  24802  21.0  33.5   2.75   1.4   0.0
 10 1992 101  24514  21.5  34.0   2.60   0.9   0.0
 10 1992 102  22786  22.5  33.5   2.88   0.8   0.0
 10 1992 103  23758  22.3  32.5   2.86   0.8   0.0
 10 1992 104  19150  22.8  32.0   2.91   1.1   0.0
 10 1992 105  11195  22.0  27.0   2.83   0.6   0.5
 10 1992 106  19726  22.4  32.0   2.95   0.6   0.0
 10 1992 107  22210  23.0  32.5   3.01   0.8   0.0
 10 1992 108  22138  23.4  33.0   2.92   1.0   5.8
 10 1992 109  22786  24.3  34.0   3.06   0.7   0.0
 10 1992 110  22714  23.8  34.0   3.12   0.6   0.0
 10 1992 111  22570  23.5  33.5   3.05   0.6   0.0
 10 1992 112  22066  24.8  33.5   3.05   0.9   0.0
 10 1992 113  22498  25.5  34.0   3.21   0.6   0.0
 10 1992 114  21022  25.0  34.0   3.15   1.0   0.0
 10 1992 115  24442  22.0  33.5   2.95   2.0   0.0
 10 1992 116  25414  22.5  33.5   2.61   2.6   0.0
 10 1992 117  24010  22.0  33.5   2.82   2.1   0.0
 10 1992 118  25558  21.5  34.0   3.04   1.1   0.0
 10 1992 119  24838  23.8  34.0   3.21   1.3   0.0
 10 1992 120  25198  23.0  34.0   2.85   1.5   0.0
 10 1992 121  24442  23.0  34.5   2.98   0.9   0.0
 10 1992 122  23614  23.8  34.0   2.91   1.7   0.0
 10 1992 123  24802  22.0  33.5   2.73   1.7   0.0
 10 1992 124  23182  21.8  32.5   2.96   2.3   0.0
 10 1992 125  23254  20.5  32.0   2.74   3.4   0.0
 10 1992 126  22354  22.8  32.0   2.84   2.3   0.0
 10 1992 127  25486  21.5  34.5   2.77   1.2   0.0
 10 1992 128  24658  21.5  34.0   2.78   1.2   0.0
 10 1992 129  24514  24.8  35.0   3.00   1.0   0.0
 10 1992 130  22354  23.4  35.0   3.29   0.7   0.0
 10 1992 131  21742  25.0  34.0   3.12   1.6   0.0
 10 1992 132  17495  23.8  34.0   3.06   1.2   0.0
 10 1992 133  24226  24.0  34.0   2.95   1.7   0.0
 10 1992 134  25126  23.4  34.0   2.78   1.5   0.0
 10 1992 135  22642  24.0  33.5   2.93   1.6   0.0
 10 1992 136  23182  23.8  35.0   3.01   1.2   0.0
 10 1992 137  20482  24.4  35.0   3.14   0.8   0.0
 10 1992 138  20122  24.5  35.5   3.06   0.7   0.0
 10 1992 139  19654  24.4  35.0   3.24   0.9   0.0
 10 1992 140  23182  24.0  35.0   3.09   1.2   0.0
 10 1992 141  20950  24.8  35.5   3.09   0.9   0.0
 10 1992 142  20410  24.3  35.5   3.19   0.9   0.0
 10 1992 143  15407  24.3  33.0   3.22   0.9   1.0
 10 1992 144  24982  23.0  33.5   3.18   1.6   1.0
 10 1992 145  21238  23.0  34.0   2.99   1.1   0.0
 10 1992 146  21382  24.3  33.1   3.14   1.3 -99.0
 10 1992 147  21382  23.6  33.1   3.09   1.3  18.0
 10 1992 148  16163  22.5  33.0   2.96   1.2   4.1
 10 1992 149  19294  23.8  32.5   3.07   1.4  15.0
 10 1992 150  21166  22.5  32.0   3.03   1.2   3.8
 10 1992 151  16667  24.3  31.5   3.10   0.7   0.0
 10 1992 152  13535  24.5  30.5   3.20   1.2   9.4
 10 1992 153  13895  22.8  29.0   3.09   0.4   0.0
 10 1992 154  18071  23.5  33.0   3.09   0.6   0.0
 10 1992 155  23326  24.4  34.5   3.22   0.9   0.0
 10 1992 156  20482  24.8  34.0   3.16   1.1   0.0
 10 1992 157  23758  23.4  34.0   3.00   0.9   0.0
 10 1992 158  24730  23.9  35.0   3.14   1.8   0.0
 10 1992 159  21526  24.0  34.5   3.29   1.3   0.0
 10 1992 160  21598  24.0  34.0   3.17   1.1   0.0
 10 1992 161  22570  24.0  35.0   3.11   1.8   0.0
 10 1992 162  23614  24.0  35.0   3.13   1.4   0.0
 10 1992 163  23866  24.5  34.0   3.10   2.1   0.0
 10 1992 164  20950  23.5  33.5   3.04   1.6   0.0
 10 1992 165  22714  23.5  33.5   3.20   1.8   0.0
 10 1992 166  22498  24.0  33.5   3.07   1.6   0.0
 10 1992 167  24658  23.5  34.5   3.08   1.2   0.0
 10 1992 168  24082  23.5  35.0   3.18   1.2   0.0
 10 1992 169  25774  24.5  35.0   3.21   1.2   0.0
 10 1992 170  22210  24.5  35.0   3.33   1.1  12.7
 10 1992 171  22714  23.5  34.8   3.19   1.0   0.0
 10 1992 172  22894  24.0  35.0   3.12   0.9  16.5
 10 1992 173  24298  24.5  35.0   3.33   0.9   0.5
 10 1992 174  20122  24.0  32.5   3.09   0.8   0.0
 10 1992 175  20338  25.0  33.5   3.37   1.4   0.5
 10 1992 176  20338  25.0  33.5   3.17   2.4   0.0
 10 1992 177  22354  25.0  33.0   3.39   2.8   0.0
 10 1992 178  16163  26.0  30.0   3.37   2.5   1.5
 10 1992 179  12023  24.8  29.5   3.29   2.4   7.6
 10 1992 180  10619  24.0  28.0   3.00   1.1  14.0
 10 1992 181  21166  24.0  31.5   3.23   1.0   6.6
 10 1992 182  16055  24.8  30.0   3.20   0.8   4.6
 10 1992 183  18898  25.5  31.5   3.12   1.1   2.8
 10 1992 184  13895  23.5  28.0   2.73   0.4  13.7
 10 1992 185  14219  24.5  29.5   3.07   0.8   6.4
 10 1992 186  23758  22.8  31.5   2.90   1.1   0.0
 10 1992 187  26026  23.5  33.0   3.06   0.9   0.0
 10 1992 188  24730  23.5  32.5   2.96   1.0   0.0
 10 1992 189  24982  23.0  33.0   2.85   0.7   0.0
 10 1992 190  24838  24.3  34.0   3.17   0.8   0.0
 10 1992 191  22570  24.5  34.5   3.04   2.5   0.0
 10 1992 192  20626  24.8  33.5   2.86   1.4   0.8
 10 1992 193   7847  24.8  28.0   2.98   4.2  86.4
 10 1992 194  23830  23.5  30.0   3.26   1.5   0.0
 10 1992 195  24838  24.5  33.5   2.97   1.4   0.0
 10 1992 196  24298  24.0  32.0   2.95   1.7   5.3
 10 1992 197  18683  23.8  30.5   2.91   1.2   0.5
 10 1992 198  17711  24.5  30.5   2.94   1.5   0.0
 10 1992 199  18898  25.0  31.0   3.16   1.3   4.3
 10 1992 200  21166  23.8  31.5   3.04   1.0  11.7
 10 1992 201   9719  24.0  27.0   3.01   1.9  13.7
 10 1992 202   6659  24.0  25.0   3.04   4.8 107.4
 10 1992 203  17855  22.0  28.5   2.64 -99.0   8.6
 10 1992 204  20122  23.5  30.5   2.89 -99.0   0.0
 10 1992 205  20122  23.8  32.0   3.02 -99.0   5.3
 10 1992 206  24838  23.5  32.0   2.98 -99.0  10.2
 10 1992 207  23398  24.0  31.5   3.01   1.9   7.1
 10 1992 208  19798  20.0  30.8   3.00   2.4   5.8
 10 1992 209  26854  24.5  31.5   2.93   1.4   0.0
 10 1992 210  19294  24.8  31.0   3.07   1.0   4.3
 10 1992 211  21922  23.8  32.0   2.96   1.0   0.5
 10 1992 212  17351  24.5  31.0   2.91   0.6  42.7
 10 1992 213  23542  23.8  30.5   2.92   0.9   0.0
 10 1992 214  25810  24.5  31.5   3.04   1.0   7.1
 10 1992 215  24514  24.4  32.0   3.37   1.2  90.7
 10 1992 216  26170  21.8  32.5   3.02   1.1   0.5
 10 1992 217  24082  25.0  31.5   2.98   1.2   8.6
 10 1992 218  25342  24.5  31.5   2.97   1.3   0.8
 10 1992 219  26746  24.5  32.0   3.01   1.1   0.0
 10 1992 220  20950  25.0  32.0   3.08   0.8   3.3
 10 1992 221  23254  24.4  33.0   2.93   1.1  11.2
 10 1992 222  12923  24.5  28.5   3.01   1.0   3.0
 10 1992 223  17783  24.0  29.0   2.90   1.4   0.0
 10 1992 224  25486  23.8  31.5   2.95   0.8   0.5
 10 1992 225  24802  24.8  32.5   3.07   1.2   0.0
 10 1992 226  20842  23.8  31.0   2.94   0.8   0.0
 10 1992 227  19942  25.0  30.0   3.06   2.2   1.5
 10 1992 228  12347  24.5  28.6   2.99   2.0  25.9
 10 1992 229  15839  24.5  28.5   3.04   2.2   6.6
 10 1992 230  17351  24.5  28.0   3.07   2.0   3.0
 10 1992 231  14867  24.5  27.0   3.00   1.5  46.0
 10 1992 232  18071  24.0  29.5   3.01   1.0  16.0
 10 1992 233  12635  24.5  28.0   3.13   1.5  33.3
 10 1992 234  14795  24.5  27.5   3.08   1.7   0.5
 10 1992 235  20950  23.8  29.0   2.71   1.6   0.0
 10 1992 236  21022  24.0  30.5   3.09   0.6   0.0
 10 1992 237  22066  24.5  31.0   3.08   0.9   7.9
 10 1992 238  15983  24.5  29.0   3.16   1.1  33.3
 10 1992 239  15695  24.5  28.5   3.04   1.4   1.8
 10 1992 240 -99000  24.5  29.3   3.00   1.3 -99.0
 10 1992 241 -99000  24.6  28.5   3.14   1.3  61.7
 10 1992 242   9935  24.5  26.0   3.10   1.0  11.7
 10 1992 243  13463  25.0  29.0   3.08   1.4   7.9
 10 1992 244  19654  25.0  30.5   3.21   1.5   2.3
 10 1992 245  16883  25.0  31.0   3.23   0.7   3.0
 10 1992 246  17027  25.0  31.0   3.25   0.8  21.8
 10 1992 247  20950  26.0  31.0   3.25   0.8   3.3
 10 1992 248  10907  24.5  27.0   3.05   0.8  18.3
 10 1992 249   8351  24.5  26.8   2.99   0.5  23.4
 10 1992 250  19870  24.5  30.5   3.20   0.9   0.5
 10 1992 251  23110  24.5  31.0   2.97   0.8   2.0
 10 1992 252  23038  24.4  31.5   3.07   0.5   0.8
 10 1992 253  17567  24.5  30.0   3.18   1.0  22.4
 10 1992 254  26386  22.5  31.5   2.97   1.1   1.0
 10 1992 255  25702  23.5  30.5   3.02   1.5   0.0
 10 1992 256  27286  24.0  32.5   2.97   0.7   0.0
 10 1992 257  24982  24.5  32.5   3.01   0.5   0.0
 10 1992 258  23614  25.5  32.0   3.22   0.8   2.5
 10 1992 259  17855  24.4  31.0   3.12   1.1   0.5
 10 1992 260  21742  23.8  31.0   3.10   1.3   7.4
 10 1992 261  21166  23.4  32.0   3.09   1.3   0.0
 10 1992 262  23254  24.0  31.0   3.02   1.4   0.0
 10 1992 263  19798  23.5  32.0   3.03   0.8   5.1
 10 1992 264   9431  24.0  26.0   3.12   2.0  50.8
 10 1992 265   8531  22.5  24.5   2.79   2.1  26.2
 10 1992 266  12023  22.5  28.0   2.88   1.1  24.9
 10 1992 267  20554  22.5  30.0   2.94   0.5   0.0
 10 1992 268  27574  23.0  32.0   2.96   0.7   0.0
 10 1992 269  24730  24.5  33.0   3.14   1.0  15.2
 10 1992 270  27574  24.0  32.0   2.84   1.4   0.0
 10 1992 271  27070  23.0  33.5   2.73   1.0   1.8
 10 1992 272  24514  22.5  33.5   3.06   0.6   0.0
 10 1992 273  20338  25.0  32.5   3.22   1.0   0.0
 10 1992 274  24082  23.0  32.0   3.06   1.3   0.0
 10 1992 275  24298  23.5  32.5   2.91   1.9   0.0
 10 1992 276  23110  23.5  33.0   2.71   1.2   0.0
 10 1992 277  22786  23.0  34.0   2.90   0.8   0.0
 10 1992 278  16163  23.5  30.5   2.91   0.8   0.0
 10 1992 279  12023  23.0  29.8   2.89   1.3   0.5
 10 1992 280  22354  23.0  32.0   2.88   1.9   0.0
 10 1992 281  23110  22.5  32.5   2.73   1.4   0.0
 10 1992 282  22498  23.4  32.5   2.86   1.4   0.0
 10 1992 283  19438  23.5  33.0   2.58   1.0   5.3
 10 1992 284  20950  23.0  32.0   3.05   1.0   0.0
 10 1992 285  17855  24.0  33.0   3.26   0.7   3.3
 10 1992 286  21526  23.0  34.0   2.78   1.2   2.3
 10 1992 287  22354  22.8  32.5   2.93   0.8   0.0
 10 1992 288  22426  22.5  31.6   2.78   0.7   0.0
 10 1992 289  20122  23.8  32.0   2.86   1.9   0.0
 10 1992 290  15479  23.8  30.0   2.96   2.8   2.0
 10 1992 291  10979  24.0  28.0   2.92   2.3  15.8
 10 1992 292  12923  23.5  29.5   3.20   2.6  20.1
 10 1992 293  17567  22.5  31.5   2.73   1.3   0.5
 10 1992 294  17855  23.8  30.0   2.96   1.4   0.0
 10 1992 295  25882  23.4  31.0   2.73   1.5   0.0
 10 1992 296  16163  23.5  29.0   2.64   1.5   0.0
 10 1992 297  15407  22.4  30.0   2.68   0.5   7.6
 10 1992 298  19078  22.5  30.0   2.57   0.9   0.0
 10 1992 299  10151  22.8  27.5   2.29   1.2  30.0
 10 1992 300  14111  21.8  31.0   2.66   2.9  16.3
 10 1992 301  17567  22.5  29.0   2.96   1.2   0.5
 10 1992 302  26242  22.4  32.0   2.80   0.9   0.0
 10 1992 303  26458  23.4  33.0   2.83   0.5   0.0
 10 1992 304  20482  23.4  31.8   3.02   1.8   0.0
 10 1992 305  24586  23.5  32.0   2.91   2.0   0.0
 10 1992 306  22210  24.0  31.0   2.79   1.5   0.0
 10 1992 307  21526  22.5  31.0   2.97   1.5   0.0
 10 1992 308  22894  21.5  30.0   2.23   3.4   0.0
 10 1992 309  20626  21.8  29.5   2.30   3.0   0.0
 10 1992 310  23254  21.5  31.5   2.50   2.0   0.0
 10 1992 311  23830  20.0  31.0   2.15   1.9   0.0
 10 1992 312  21994  21.5  31.5   2.22   1.5   0.0
 10 1992 313  22426  19.5  31.0   2.41   1.6   0.0
 10 1992 314  20626  19.5  30.5   2.41   3.3   0.0
 10 1992 315  21238  22.5  30.0   2.01   3.3   0.0
 10 1992 316  10835  22.5  27.0   2.86   1.5   2.5
 10 1992 317   8207  22.0  25.0   2.63   1.8  18.3
 10 1992 318  21922  21.7  29.0   2.78   3.7   0.0
 10 1992 319  21994  20.0  30.0   2.68   3.0   0.0
 10 1992 320  21382  22.0  31.0   2.32   2.6   0.0
 10 1992 321  20122  23.4  30.5   2.78   2.8   0.0
 10 1992 322  15155  23.5  29.0   2.71   2.3   0.0
 10 1992 323  20554  22.0  31.5   2.62   1.3   0.0
 10 1992 324  22570  21.5  33.0   2.84   0.5   0.0
 10 1992 325  20158  22.5  31.0   2.88   2.4   0.0
 10 1992 326  20050  22.1  32.0   2.54   2.3   0.0
 10 1992 327  18898  24.0  31.0   2.74   3.1   0.0
 10 1992 328  22642  22.0  31.0   2.35   3.3   0.0
 10 1992 329  20122  21.8  30.5   2.46   1.9   0.0
 10 1992 330  19870  20.5  30.5   2.11   2.6   0.0
 10 1992 331  20338  19.5  30.0   1.98   3.3   0.0
 10 1992 332  22714  17.5  30.0   1.97   2.7   0.0
 10 1992 333  21742  17.8  30.0   2.13   0.9   0.0
 10 1992 334  18575  18.8  29.9   2.43   2.9 -99.0
 10 1992 335  20518  20.0  30.5   2.31   2.6   0.0
 10 1992 336  22426  19.5  31.0   2.57   3.5   0.0
 10 1992 337  19582  22.5  29.0   2.73   3.6   0.0
 10 1992 338  22642  21.4  29.8   2.48   4.3   0.0
 10 1992 339  16163  20.5  29.0   2.25   3.2   0.0
 10 1992 340 -99000  21.5 -99.0   2.52 -99.0 -99.0
 10 1992 341 -99000 -99.0 -99.0 -99.00 -99.0   0.0
 10 1992 342  22210  19.8  31.6   2.51   2.1   0.0
 10 1992 343  23254  21.7  32.5   2.58   3.2   0.0
 10 1992 344  23830  19.9  33.2   2.69   1.7   0.0
 10 1992 345  22426  21.5  34.4   2.54   1.5   0.0
 10 1992 346 -99000  21.6  31.8   2.58   2.6   0.0
 10 1992 347 -99000  21.7  33.6   2.42   1.7   0.0
 10 1992 348 -99000  21.8  32.2   2.56   1.5   0.0
 10 1992 349 -99000  23.4 -99.0   2.49 -99.0 -99.0
 10 1992 350 -99000 -99.0 -99.0 -99.00 -99.0   0.0
 10 1992 351 -99000  22.6  30.0   2.42   1.6   0.0
 10 1992 352 -99000  21.4  31.0   2.87   3.3   0.0
 10 1992 353 -99000  22.5  31.2   2.33   4.8   0.0
 10 1992 354 -99000  21.7  29.3   2.36   4.9   0.0
 10 1992 355 -99000  21.7  29.5   2.34   3.9   0.0
 10 1992 356 -99000  19.5  30.5   2.56   3.4   0.0
 10 1992 357 -99000  21.8  29.5   2.52   3.3   0.0
 10 1992 358 -99000  22.4  29.5   2.91   3.1   0.0
 10 1992 359 -99000  18.5  29.6   2.48   4.1   0.0
 10 1992 360 -99000  23.0 -99.0   2.27 -99.0 -99.0
 10 1992 361 -99000 -99.0 -99.0 -99.00 -99.0   0.0
 10 1992 362 -99000  21.1  29.5   2.47   3.4   0.0
 10 1992 363 -99000  22.5  31.0   2.59   1.6   0.0
 10 1992 364 -99000  21.5  30.0   2.59   2.4   0.0
 10 1992 365 -99000  19.5  30.0   2.26   2.3   0.0
 10 1992 366 -99000  21.0  33.0   2.38   1.6   0.0
