*-----------------------------------------------------------
*  Station Name: MUNO0008    PhilRice, Munoz, Nueva Ecija
*  Author      : Climate Unit, IRRI    -99.: nil value
*  Source      : International Rice Research Institute (IRRI)
*
*  Comments    : This file is extracted from CLICOM database.
*  Longitude:  120 56 E   Latitude: 15 45 N    Altitude: 48.0 m
*
*  Column    Daily Value
*     1      Station number
*     2      Year
*     3      Day
*     4      irradiance         KJ m-2 d-1
*     5      min temperature            oC
*     6      max temperature            oC
*     7      vapor pressure            kPa
*     8      mean wind speed         m s-1
*     9      precipitation          mm d-1
*-----------------------------------------------------------
120.93  15.75  48.0  0.00  0.00
 10 1990   1  19330  22.0  31.0   2.29   1.5   0.0
 10 1990   2  18215  20.0  31.0   2.54   1.4   0.0
 10 1990   3  20230  19.5  31.5   2.28   3.2   0.0
 10 1990   4  19402  22.5  29.5   2.19   4.5   0.0
 10 1990   5 -99000  21.0 -99.0   1.94 -99.0 -99.0
 10 1990   6 -99000 -99.0  29.5 -99.00 -99.0   0.0
 10 1990   7  17459  23.0  29.0   2.12   4.8   0.0
 10 1990   8  19186  21.0  29.5   2.17   3.4   0.0
 10 1990   9  19510  20.5  31.5   2.42   1.7   0.0
 10 1990  10  18826  22.8  31.0   2.43   2.7   0.0
 10 1990  11  20014  21.0  32.0   2.52   2.7   0.0
 10 1990  12  19114  24.0  31.5   2.49   3.9   0.0
 10 1990  13  20014  22.5  30.5   2.28   5.4   0.0
 10 1990  14  18287  22.5  30.5   2.41   2.8   0.0
 10 1990  15  17027  21.0  31.5   2.45   1.1   0.0
 10 1990  16  17855  21.0  31.5   2.46   1.4   0.0
 10 1990  17  18898  21.5  30.0   2.25   4.1   0.0
 10 1990  18  18683  21.5  27.0   2.19   3.5   0.0
 10 1990  19  17099  19.5  29.0   2.09   2.3   0.0
 10 1990  20  19870  20.5  28.5   2.09   4.0   0.0
 10 1990  21  19654  19.5  29.0   1.94   3.3   0.0
 10 1990  22  15227  15.0  31.0   1.99   1.3   0.0
 10 1990  23  15155  20.0  30.0   2.24   3.0   0.0
 10 1990  24  16055  21.0  28.0   2.06   5.0   0.0
 10 1990  25  20842  22.5  29.5   2.18   4.1   0.0
 10 1990  26  17171  21.5  29.0   2.12   1.6   2.5
 10 1990  27  16739  22.5  28.5   2.05   5.9   0.0
 10 1990  28  22246  21.5  32.5   2.42   1.7   0.0
 10 1990  29  23542  22.5  33.0   2.62   2.1   0.0
 10 1990  30  23290  22.5  33.0   2.59   1.4   0.0
 10 1990  31  22030  22.5  32.0   2.79   1.7   0.0
 10 1990  32  21670  23.0  30.5   2.49   3.3   0.0
 10 1990  33  22570  23.5  30.5   2.52   4.5   0.0
 10 1990  34  20086  23.5  31.0   2.65   2.6   0.0
 10 1990  35  20698  21.0  33.5   2.54   1.1   0.0
 10 1990  36  21202  23.0  31.5   2.57   3.9   0.0
 10 1990  37  17459  22.5  29.5   2.37   5.4   0.0
 10 1990  38  20230  22.0  29.0   2.28   5.3   0.0
 10 1990  39  19582  21.5  29.5   2.52   3.6   0.0
 10 1990  40  19474  22.5  29.5   2.43   5.3   0.0
 10 1990  41  19798  23.0  28.0   2.35   4.2   0.0
 10 1990  42  20086  20.5  30.5   2.16   1.9   0.0
 10 1990  43  20482  19.5  32.5   2.45   2.1   0.0
 10 1990  44  21598  22.0  31.0   2.35   2.5   0.0
 10 1990  45  22174  21.0  32.5   2.47   2.0   0.0
 10 1990  46  20986  20.5  31.0   2.35   2.7   0.0
 10 1990  47  23002  20.5  32.5   2.20   2.6   0.0
 10 1990  48  20302  22.0  30.0   2.41   3.0   0.0
 10 1990  49  21130  22.0  30.5   2.35   2.2   0.0
 10 1990  50  22318  19.0  32.0   2.47   1.9   0.0
 10 1990  51  21886  21.0  30.5   2.15   2.6   0.0
 10 1990  52  21598  21.5  32.0   2.32   2.0   0.0
 10 1990  53  21886  21.5  32.0   2.55   2.1   0.0
 10 1990  54  20914  22.5  34.0   2.57   1.7   0.0
 10 1990  55  22858  21.5  32.0   2.60   2.6   0.0
 10 1990  56  18683  20.5  33.0   1.94   1.6   0.0
 10 1990  57  21058  23.0  31.5   2.52   1.7   0.0
 10 1990  58  22318  22.5  31.0   2.54   2.2   0.0
 10 1990  59  22570  21.0  33.5   2.52   0.9   0.0
 10 1990  60  22498  23.5  33.0   2.66   0.9   0.0
 10 1990  61  21886  23.0  33.5   2.69   1.6   0.0
 10 1990  62  22786  22.0  32.0   2.61   1.6   0.0
 10 1990  63  20842  23.0  33.5   2.73   0.7   0.0
 10 1990  64  20482  23.0  31.5   2.84   1.0   0.0
 10 1990  65  22354  21.5  32.5   2.48   0.8   0.0
 10 1990  66  20770  21.5  32.5   2.75   1.2   0.0
 10 1990  67  14939  21.8  28.5   2.52   3.7   0.0
 10 1990  68  17711  22.5  27.0   2.43   4.9   0.0
 10 1990  69  16055  21.5  28.5   2.09   4.9   0.0
 10 1990  70  19582  19.0  30.0   2.41   1.7   0.0
 10 1990  71  18431  22.0  27.5   2.46   2.6   0.0
 10 1990  72  21058  16.8  27.5   2.31   4.2   0.0
 10 1990  73  22318  19.5  29.5   2.41   2.9   0.0
 10 1990  74  20230  20.5  29.0   2.43   4.3   0.0
 10 1990  75  22930  22.0  29.5   2.48   6.5   0.0
 10 1990  76  15983  20.5  29.0   2.20   2.7   0.0
 10 1990  77  22030  16.5  29.0   2.55   1.3   0.0
 10 1990  78  21202  21.5  31.0   2.34   1.3   0.0
 10 1990  79  21886  22.5  32.0   2.62   1.5   0.0
 10 1990  80  23686  23.0  33.0   3.02   1.7   0.0
 10 1990  81  23002  23.5  31.5   2.83   1.7   0.0
 10 1990  82  22570  20.5  33.5   2.64   1.6   0.0
 10 1990  83  23326  21.0  34.5   2.53   1.7   0.0
 10 1990  84  23542  21.8  34.5   2.59   0.9   0.0
 10 1990  85  23002  22.5  33.5   2.81   1.4   0.0
 10 1990  86  22354  24.0  31.0   2.76   2.2   0.0
 10 1990  87  22102  23.0  32.5   2.80   1.2   1.8
 10 1990  88  22318  23.8  35.0   2.62   1.3   0.0
 10 1990  89  22858  21.5  34.5   2.50   1.4   0.0
 10 1990  90  23290  22.0  33.5   2.95   1.6   0.0
 10 1990  91  20698  21.5  33.5   2.85   1.2   0.0
 10 1990  92  22318  24.0  33.5   2.90   1.2   0.0
 10 1990  93  23002  22.5  34.5   2.84   1.3   0.0
 10 1990  94  21598  20.5  34.5   2.73   1.6   0.0
 10 1990  95  21742  22.5  30.0   2.48   3.5   0.0
 10 1990  96  16055  23.0  28.5   2.63   3.7   0.0
 10 1990  97  19582  22.0  30.0   2.71   2.5   1.3
 10 1990  98  20698  23.8  32.0   3.09   2.3   0.0
 10 1990  99  22858  23.5  30.5   2.80   3.1   0.0
 10 1990 100  23686  20.8  33.8   2.48   1.8   0.0
 10 1990 101  23002  24.0  32.8   2.77   1.8   0.0
 10 1990 102  23002  24.5  35.5   2.92   1.5  36.8
 10 1990 103  21886  22.5  35.0   2.94   0.7   0.0
 10 1990 104  22354  25.5  34.5   3.14   0.9   0.0
 10 1990 105  22318  23.0  35.0   2.25   1.3   0.0
 10 1990 106  22354  20.5  34.0   2.82   1.1   0.0
 10 1990 107  20986  21.0  35.0   3.05   0.9   0.0
 10 1990 108  22426  23.5  36.0   3.12   0.9   0.0
 10 1990 109  21886  24.5  34.5   2.71   0.9   0.0
 10 1990 110  23686  23.0  35.0   2.99   0.8   0.0
 10 1990 111  21202  23.5  34.0   3.18   0.9   0.0
 10 1990 112  20230  25.0  33.5   3.14   0.9   0.0
 10 1990 113  21958  24.5  34.0   3.15   0.8   0.0
 10 1990 114  22318  23.8  35.5   3.03   1.5   0.0
 10 1990 115  21670  24.5  34.0   3.12   1.3   0.0
 10 1990 116  23074  23.8  33.5   2.95   1.5   0.0
 10 1990 117  23758  23.0  32.0   2.88   3.2   0.0
 10 1990 118  22858  22.0  33.0   2.84   4.2   0.0
 10 1990 119  20446  23.0  34.0   3.08   2.8   0.0
 10 1990 120  19114  24.5  33.0   2.67   3.1   0.0
 10 1990 121  22030  24.0  34.5   2.92   1.6   0.0
 10 1990 122  22498  23.4  35.5   2.94   1.1   0.0
 10 1990 123  22714  23.0  34.5   2.85   1.0   0.8
 10 1990 124  22030  24.8  35.0   3.01   0.9   1.0
 10 1990 125  22714  23.5  36.5   2.83   0.9  40.6
 10 1990 126  21886  23.5  35.4   3.06   0.8   1.8
 10 1990 127  23470  24.4  34.5   3.07   1.0   0.0
 10 1990 128 -99000  23.5 -99.0   2.87 -99.0 -99.0
 10 1990 129 -99000 -99.0  33.5 -99.00 -99.0   0.0
 10 1990 130  22642  24.5  35.5   2.83   1.2   3.0
 10 1990 131  21958  24.8  35.8   2.97   1.3   0.0
 10 1990 132  21598  24.5  36.0   3.02   1.2   0.0
 10 1990 133  23002  25.0  36.5   2.85   1.2   0.2
 10 1990 134  19582  26.0  35.0   3.09   2.2   0.0
 10 1990 135  19330  25.5  34.5   2.98   3.5   0.0
 10 1990 136  21058  25.5  35.0   2.85   2.3   0.0
 10 1990 137  18683  23.5  34.5   2.87   1.5   0.0
 10 1990 138  22642  24.5  35.5   2.87   1.4   0.0
 10 1990 139  20554  25.8  35.0   2.92   1.2   0.0
 10 1990 140  17927  24.5  34.5   2.93   1.1  14.7
 10 1990 141  12671  25.5  32.5   3.14   1.0   0.8
 10 1990 142  13067  25.0  30.0   3.26   2.0   3.0
 10 1990 143  16127  25.0  34.5   3.27   1.2   1.5
 10 1990 144  17711  25.5  34.0   3.22   1.2   3.8
 10 1990 145  19186  24.5  34.0   3.05   1.1  66.8
 10 1990 146  20086  24.5  33.5   3.04   1.2   0.0
 10 1990 147  12923  24.0  33.0   3.14   0.9  20.8
 10 1990 148  14651  24.0  30.5   2.95   0.9   2.3
 10 1990 149  19582  24.5  29.5   3.00   0.8   7.9
 10 1990 150  19726  24.5  32.0   2.98   1.0   4.1
 10 1990 151  19402  24.0  32.0   3.00   1.0   3.8
 10 1990 152  13679  24.5  29.8   3.11   1.5  34.8
 10 1990 153  12995  24.3  30.0   3.08   0.8  25.4
 10 1990 154 -99000  24.3 -99.0   2.94 -99.0 -99.0
 10 1990 155 -99000 -99.0  33.0 -99.00 -99.0  18.3
 10 1990 156  24946  24.5  34.5   3.15   0.4   0.0
 10 1990 157  17387  27.0  35.0   3.34   0.7  16.5
 10 1990 158  13967  23.8  33.0   3.11   0.6   9.4
 10 1990 159  24046  24.5  33.5   3.14   0.6   0.8
 10 1990 160  22426  25.0  34.5   3.18   0.8   0.5
 10 1990 161  18970  25.5  35.0   3.25   0.6   0.0
 10 1990 162  17783  25.5  34.5   2.86   1.0  20.8
 10 1990 163  24046  25.8  34.5   3.21   1.0   0.0
 10 1990 164  22318  25.0  34.0   3.11   0.8   0.0
 10 1990 165  18503  24.5  32.5   2.96   2.0  73.2
 10 1990 166  18754  23.5  30.0   2.75   2.2  13.2
 10 1990 167  17099  24.0  31.0   2.90   1.7   2.0
 10 1990 168  21742  25.0  32.0   2.84   0.3   0.0
 10 1990 169  17315  25.5  32.5   3.06   2.0   0.0
 10 1990 170  23074  24.5  34.0   3.05   1.1   0.0
 10 1990 171  17927  23.5  33.5   2.70   1.0  49.0
 10 1990 172   9467  23.8  26.0   2.49   2.3  70.6
 10 1990 173   9179  24.5  25.5   2.68   2.4  21.1
 10 1990 174   8639  23.5  26.8   2.94   1.3  40.4
 10 1990 175  12023  24.5  29.0   2.68   0.7   3.3
 10 1990 176  22318  24.3  31.5   2.96   1.4  12.5
 10 1990 177  17783  24.0  31.0   2.89   1.7   0.0
 10 1990 178  11195  24.5  28.5   2.95   2.0  23.1
 10 1990 179  12743  24.0  28.0   2.79   1.4   3.6
 10 1990 180  18215  23.5  30.0   2.82   1.2   0.5
 10 1990 181  22318  24.5  33.5   2.89   1.0   0.0
 10 1990 182  22426  24.5  33.5   3.05   1.3   0.0
 10 1990 183  22498  24.5  34.0   2.71   1.0   9.9
 10 1990 184  17531  24.8  31.5   2.90   1.1   7.1
 10 1990 185  22102  23.5  32.5   2.66   1.0   0.5
 10 1990 186  17459  24.5  31.5   3.15   1.1   2.5
 10 1990 187  20842  25.0  33.0   2.90   1.3  46.0
 10 1990 188  25090  23.5  32.0   2.90   1.3 100.6
 10 1990 189  22426  22.5  32.5   2.85   1.4   0.5
 10 1990 190  16883  24.5  30.5   2.92   1.4   4.3
 10 1990 191  22714  25.0  32.0   2.83   1.3   0.5
 10 1990 192  24442  25.0  33.0   3.00   1.4   0.0
 10 1990 193  24586  25.5  34.0   3.15   1.2  18.3
 10 1990 194  27178  24.5  33.5   2.86   1.4   2.0
 10 1990 195  27286  24.5  34.0   3.07   1.4   7.1
 10 1990 196  27718  24.0  34.5   3.00   1.2   5.3
 10 1990 197  25918  23.8  33.0   2.96   1.0  40.9
 10 1990 198  26890  24.5  33.6   2.99   1.6  19.6
 10 1990 199  23218  24.0  31.8   2.83   1.1   0.5
 10 1990 200  20374  24.5  32.5   2.88   1.2  14.0
 10 1990 201 -99000  24.5 -99.0   2.70 -99.0 -99.0
 10 1990 202 -99000 -99.0 -99.0 -99.00 -99.0 -99.0
 10 1990 203 -99000 -99.0  33.0 -99.00 -99.0   0.0
 10 1990 204  20842  24.5  33.5   3.07   1.4   0.0
 10 1990 205  17783  26.4  33.0   3.14   1.5   3.6
 10 1990 206  11339  25.0  28.8   3.03   1.6   8.4
 10 1990 207  12239  24.0  29.5   2.70   1.5  30.8
 10 1990 208  15911  24.3  29.5   2.71   1.4   6.1
 10 1990 209 -99000  23.5 -99.0   2.86 -99.0   0.0
 10 1990 210 -99000 -99.0 -99.0 -99.00 -99.0  43.7
 10 1990 211  14399  23.8  29.5   3.08   2.3  11.7
 10 1990 212  15587  25.0  30.5   3.15   1.4   9.4
 10 1990 213  19870  24.5  31.8   3.05   0.7  26.9
 10 1990 214  17567  24.8  31.0   2.93   1.2   2.3
 10 1990 215  19042  26.0  32.8   3.28   1.0   5.6
 10 1990 216 -99000  25.5 -99.0   3.20 -99.0 -99.0
 10 1990 217 -99000 -99.0  33.5 -99.00 -99.0   0.0
 10 1990 218  21058  25.4  33.4   3.08   1.1   0.0
 10 1990 219  20086  26.5  33.5   3.21   1.6  80.3
 10 1990 220  18683  21.8  32.8   2.85   1.1   0.0
 10 1990 221  22714  25.4  33.8   3.22   1.2   0.0
 10 1990 222  22102  25.5  33.0   3.15   1.2  26.7
 10 1990 223  19114  22.5  33.8   2.91   1.1   2.5
 10 1990 224  18359  24.0  32.3   2.76   1.6  10.9
 10 1990 225  11951  23.8  27.4   2.85   0.7   2.0
 10 1990 226  21958  24.3  30.5   2.88   1.1   0.0
 10 1990 227  20770  24.3  32.5   3.01   1.4   1.5
 10 1990 228  21742  26.0  30.4   3.15   1.9   0.8
 10 1990 229  14471  25.0  30.5   3.10   1.8   7.1
 10 1990 230  14327  23.5  29.7   2.74   1.8   5.6
 10 1990 231  18503  23.3  30.8   3.09   2.4   4.6
 10 1990 232  18071  24.5  31.3   3.09   1.5   0.0
 10 1990 233  17099  24.5  31.3   3.29   1.4  25.6
 10 1990 234  15443  24.6  30.8   3.12   1.6  55.4
 10 1990 235  10079  24.6  28.5   3.13   1.0  19.6
 10 1990 236  10439  23.5  26.5   2.75   1.1   6.1
 10 1990 237  17711  23.3  30.0   2.84   1.9   0.0
 10 1990 238  13139  23.8  28.0   2.93   3.3  37.6
 10 1990 239  14327  24.2  28.5   2.88   3.0  20.3
 10 1990 240  11951  23.8  27.8   3.10   1.3  14.7
 10 1990 241  14111  24.0  29.8   3.00   0.7   4.6
 10 1990 242  13355  24.5  30.0   3.10   0.8   0.8
 10 1990 243  17639  24.5  31.5   3.06   1.4  24.6
 10 1990 244  14327  24.3  32.6   2.93   1.2  69.1
 10 1990 245  16127  22.6  29.5   2.91   1.5  21.3
 10 1990 246  12023  23.8  27.8   2.86   1.4  20.8
 10 1990 247  19474  22.5  32.5   2.79   0.9   2.3
 10 1990 248  19582  23.3  31.3   3.08   0.9   3.0
 10 1990 249  13751  24.4  30.3   3.07   1.6  10.7
 10 1990 250  11555  23.8  26.8   2.84   2.4  72.6
 10 1990 251 -99000  22.5 -99.0   3.20 -99.0 -99.0
 10 1990 252 -99000 -99.0  30.0 -99.00 -99.0   5.3
 10 1990 253  22246  23.3  32.6   3.40   0.7   0.0
 10 1990 254  21742  25.0  33.5   3.12   0.7   0.0
 10 1990 255  22426  24.5  33.3   3.28   0.8   1.0
 10 1990 256  23074  24.2  32.6   3.08   1.2   0.5
 10 1990 257  17243  25.5  30.6   3.05   2.2   0.8
 10 1990 258  16811  23.5  30.0   3.04   1.8   7.6
 10 1990 259  16739  23.5  31.6   3.01   0.8   0.5
 10 1990 260  23074  24.0  31.8   3.06   1.1   0.0
 10 1990 261  13823  23.8  34.0   2.92   0.7  21.3
 10 1990 262  23146  22.8  34.5   3.19   0.8   2.8
 10 1990 263  18898  23.6  31.8   2.89   1.0  47.2
 10 1990 264  20914  22.8  30.8   2.66   1.4   0.5
 10 1990 265  16811  22.6  29.5   2.64   1.2   1.5
 10 1990 266  20914  22.5  34.0   3.23   1.0  24.4
 10 1990 267  24586  22.8  33.0   3.07   0.9  14.2
 10 1990 268  25234  22.5  32.8   2.91   0.8  54.6
 10 1990 269  25162  23.0  33.6   2.70   0.8   0.5
 10 1990 270  25234  23.4  33.5   3.01   0.8   0.0
 10 1990 271  24586  23.0  33.5   2.84   0.7   0.0
 10 1990 272  22246  23.5  33.8   3.06   1.2  71.1
 10 1990 273  22858  23.8  31.5   3.08   1.6   0.0
 10 1990 274  15911  24.0  29.8   3.02   1.6   0.0
 10 1990 275  11699  23.8  27.5   2.92   0.9   1.3
 10 1990 276  12527  22.5  32.8   3.08   1.7   0.0
 10 1990 277  18287  23.5  30.6   3.08   1.3   0.0
 10 1990 278 -99000  24.5 -99.0   3.05 -99.0 -99.0
 10 1990 279 -99000 -99.0  31.5 -99.00 -99.0   0.0
 10 1990 280  18503  23.5  33.5   2.96   0.7   0.0
 10 1990 281  17315  22.0  32.0   2.76   1.3   0.0
 10 1990 282  15299  22.5  30.5   2.66   1.5   0.0
 10 1990 283  13643  23.5  29.8   2.85   1.3   0.0
 10 1990 284   9683  23.0  27.3   2.71   1.5   4.8
 10 1990 285  18359  23.5  31.5   2.89   1.4   0.0
 10 1990 286  12743  23.5  28.5   2.71   1.1   0.8
 10 1990 287  14939  23.5  30.5   2.77   0.7   0.5
 10 1990 288  14651  23.5  32.0   2.99   1.0  27.2
 10 1990 289  16739  23.0  30.8   2.88   1.0   3.6
 10 1990 290  18683  23.0  31.4   2.91   2.1   8.6
 10 1990 291  13751  22.8  30.5   2.73   0.8  11.9
 10 1990 292  21958  23.4  32.3   2.89   1.3   0.0
 10 1990 293  18287  22.3  32.5   2.90   1.6   0.0
 10 1990 294  20554  23.0  33.0   2.73   1.3   0.0
 10 1990 295  20446  22.5  32.4   2.84   2.4   0.0
 10 1990 296  20986  23.4  32.0   2.82   2.2   0.0
 10 1990 297  20626  22.0  34.0   3.07   1.2   0.0
 10 1990 298  21130  21.5  34.0   3.09   1.4   0.0
 10 1990 299 -99000  22.5 -99.0   3.08 -99.0 -99.0
 10 1990 300 -99000 -99.0  32.8 -99.00 -99.0   0.0
 10 1990 301  26386  21.8  32.6   2.46   2.8   0.0
 10 1990 302  18970  23.5  32.8   2.82   2.4   0.0
 10 1990 303  20554  22.5  31.8   2.94   3.2   0.0
 10 1990 304  20770  22.6  32.5   2.60   2.1   0.0
 10 1990 305  19870  23.5  33.5   2.72   2.1   0.0
 10 1990 306  18754  23.5  32.5   3.17   1.2   0.0
 10 1990 307  16271  23.5  33.0   2.83   0.6   0.0
 10 1990 308  17567  23.5  33.5   2.93   0.7   0.0
 10 1990 309  18539  23.0  32.0   2.87   0.9   0.0
 10 1990 310  18287  22.8  32.5   2.82   1.7   0.0
 10 1990 311  15911  23.8  33.5   2.95   1.5   4.3
 10 1990 312   8063  24.0  26.5   2.84   1.6   3.3
 10 1990 313  13751  23.8  30.0   2.76   1.5   4.8
 10 1990 314  20374  23.5  30.0   2.91   3.1   0.0
 10 1990 315  17315  22.0  30.5   2.41   1.7   3.6
 10 1990 316  14327  23.4  30.0   2.87   2.4   0.0
 10 1990 317   8891  24.0  28.5   2.78   2.6  21.8
 10 1990 318  14651  23.3  30.0   2.86   2.2   0.0
 10 1990 319  18826  23.3  30.5   2.78   1.9   3.3
 10 1990 320  19114  23.4  29.5   2.88   2.0   0.0
 10 1990 321  16271  20.5  31.0   2.42   1.4   0.0
 10 1990 322  13967  21.5  30.0   2.81   1.3   0.0
 10 1990 323  17099  22.5  30.5   2.82   2.7  13.7
 10 1990 324  19726  24.0  30.5   3.03   2.6   0.0
 10 1990 325  12671  22.3  31.0   2.78   2.5   0.0
 10 1990 326  18431  20.8  31.0   2.43   2.3   0.0
 10 1990 327  17243  22.3  30.5   2.36   3.4   0.0
 10 1990 328  20086  23.0  29.5   2.46   3.3   0.0
 10 1990 329  18970  20.5  31.0   2.31   1.9   0.0
 10 1990 330  19654  21.8  30.5   2.54   2.7   0.0
 10 1990 331  20698  20.8  31.5   2.25   1.8   0.0
 10 1990 332  16415  20.5  31.0   2.52   1.1   0.0
 10 1990 333  21670  20.8  29.5   2.59   1.2   0.0
 10 1990 334  17387  19.0  30.5   2.38   0.8   0.0
 10 1990 335  11951  19.0  27.5   2.52   2.4   0.0
 10 1990 336  13967  21.8  28.0   2.56   3.5   0.0
 10 1990 337  17315  20.0  29.0   2.02   4.5   0.0
 10 1990 338  18683  21.0  28.5   1.97   4.4   0.0
 10 1990 339  18970  19.6  29.5   2.25   3.6   0.0
 10 1990 340  18359  22.5  31.0   2.50   3.8   0.0
 10 1990 341  20302  23.4  30.0   2.57   3.9   0.0
 10 1990 342 -99000  16.5 -99.0   2.42 -99.0 -99.0
 10 1990 343 -99000 -99.0  30.5 -99.00 -99.0   0.0
 10 1990 344  18359  20.5  31.0   2.56   2.7   0.0
 10 1990 345  20230  21.8  31.0   2.74   3.4   0.0
 10 1990 346  19510  24.5  30.0   2.79   4.6   0.0
 10 1990 347  16739  24.5  29.5   2.66   4.8   0.0
 10 1990 348  19582  22.5  30.5   2.52   4.6   0.0
 10 1990 349  18503  24.0  30.0   2.62   4.2   0.0
 10 1990 350  18215  24.3  29.5   2.66   4.7   0.0
 10 1990 351  16883  20.5  30.5   3.12   3.5   0.0
 10 1990 352  19510  22.5  30.5   2.34   2.2   0.0
 10 1990 353  18970  20.8  31.5   2.58   1.7   0.0
 10 1990 354  18611  23.0  31.5   2.63   0.9   0.0
 10 1990 355  18287  22.5  31.8   2.69   1.2   0.0
 10 1990 356  17999  21.5  30.5   2.40   4.3   0.0
 10 1990 357 -99000  22.5 -99.0   2.67 -99.0 -99.0
 10 1990 358 -99000 -99.0 -99.0 -99.00 -99.0 -99.0
 10 1990 359 -99000 -99.0  29.3 -99.00 -99.0   0.0
 10 1990 360  19582  21.4  29.5   2.25   4.4   0.0
 10 1990 361  18503  22.5  28.5   2.21   4.9   0.0
 10 1990 362  18826  19.8  29.5   2.02   3.7   0.0
 10 1990 363  14651  23.0  28.5   2.48   4.6   0.0
 10 1990 364  19114  23.3  29.5   2.67   4.2   0.0
 10 1990 365  22030  22.0  30.0   2.35   2.4   0.0
