*-----------------------------------------------------------
*  Station Name: IRWE0001    IRRI wetland site, Los Banos, Laguna
*  Author      : Climate Unit, IRRI    -99.: nil value
*  Source      : International Rice Research Institute (IRRI)
*
*  Comments    : This file is extracted from CLICOM database.
*  Longitude:  121 15 E   Latitude:  14 11 N   Altitude: 21.0 m
*
*  Column    Daily Value
*     1      Station number
*     2      Year
*     3      Day
*     4      irradiance         KJ m-2 d-1
*     5      min temperature            oC
*     6      max temperature            oC
*     7      vapor pressure            kPa
*     8      mean wind speed         m s-1
*     9      precipitation          mm d-1
*-----------------------------------------------------------
121.25  14.18  21.0  0.00  0.00
  1 1995   1   6084  23.7  26.9   2.50   3.0   0.0
  1 1995   2   8099  23.5  26.6   2.39   2.2   0.6
  1 1995   3   8027  23.4  27.5   2.71   1.7   0.2
  1 1995   4  14687  22.6  29.2   2.60   1.4   0.0
  1 1995   5  16343  21.9  29.5   2.71   1.8   0.0
  1 1995   6   8783  22.7  26.7   2.63   1.9   1.5
  1 1995   7   7595  23.4  26.4   2.56   1.8   3.8
  1 1995   8   8747  23.7  28.0   2.74   1.6   2.6
  1 1995   9   8783  23.5  25.9   2.85   1.3   3.4
  1 1995  10   8927  22.3  27.2   2.74   1.7   0.4
  1 1995  11  12167  21.8  28.1   2.46   1.7   0.0
  1 1995  12  21526  19.2  29.0   2.31   1.9   0.0
  1 1995  13  17711  21.0  28.3   2.29   2.3   0.0
  1 1995  14  11231  21.7  27.4   2.40   2.0   2.5
  1 1995  15   9539  22.3  26.7   2.61   2.7   1.4
  1 1995  16  16523  21.8  28.0   2.44   2.5   0.0
  1 1995  17  19654  19.7  28.3   2.25   3.1   0.0
  1 1995  18  19654  21.2  28.5   2.30   2.6   0.0
  1 1995  19  17639  21.0  28.0   2.42   3.0   0.0
  1 1995  20  17747  20.3  28.1   2.29   2.7   0.0
  1 1995  21  19510  21.4  29.0   2.38   2.4   0.0
  1 1995  22  10655  23.0  28.1   2.49   1.7   0.0
  1 1995  23  14831  23.2  29.5   2.62   1.7   0.0
  1 1995  24  17207  22.5  29.1   2.59   2.3   0.0
  1 1995  25  14867  23.0  28.4   2.54   2.2   0.0
  1 1995  26  18035  21.5  29.0   2.50   2.0   0.0
  1 1995  27  16379  21.3  28.8   2.41   0.7   0.0
  1 1995  28  21706  22.1  29.7   2.62   1.3   0.0
  1 1995  29   8279  22.4  27.0   2.71   1.5   0.0
  1 1995  30  16703  22.1  28.0   2.40   1.9   0.0
  1 1995  31   9899  23.2  27.3   2.33   1.3   0.0
  1 1995  32   8711  22.6  26.2   2.44   1.7   0.8
  1 1995  33   9467  22.0  25.0   2.59   0.4  14.2
  1 1995  34   7019  22.5  23.9   2.64   0.4  42.4
  1 1995  35   7559  22.0  24.5   2.60   0.4  35.4
  1 1995  36  21526  21.5  28.1   2.55   1.8   0.1
  1 1995  37   8351  21.5  24.9   2.37   2.2   0.3
  1 1995  38  13427  21.5  26.1   2.30   1.9   0.0
  1 1995  39  21094  20.8  28.5   2.31   2.4   0.0
  1 1995  40  22570  20.1  28.6   2.36   1.9   0.0
  1 1995  41  19222  20.9  28.1   2.28   2.3   0.0
  1 1995  42  15947  22.9  28.0   2.39   2.5   0.0
  1 1995  43  21742  22.7  30.0   2.44   2.3   0.0
  1 1995  44  15659  21.2  30.2   2.56   1.5   0.0
  1 1995  45  23470  21.5  31.6   2.51   1.1   0.0
  1 1995  46  20914  22.2  31.0   2.70   1.0   0.0
  1 1995  47  23938  23.0  31.1   2.79   1.4   0.0
  1 1995  48  17567  22.3  29.0   2.58   2.1   0.0
  1 1995  49  23146  21.9  30.0   2.52   2.2   0.0
  1 1995  50  24298  21.5  30.0   2.54   1.8   0.0
  1 1995  51  24478  20.5  29.5   2.45   2.1   0.0
  1 1995  52  25054  19.7  29.5   2.31   2.3   0.0
  1 1995  53  21346  20.0  31.0   2.47   1.3   0.0
  1 1995  54  25414  21.2  30.8   2.55   1.8   0.0
  1 1995  55  23830  20.8  29.5   2.48   1.9   0.0
  1 1995  56  26134  20.6  30.0   2.45   1.8   0.0
  1 1995  57  25558  19.7  29.8   2.44   1.4   0.0
  1 1995  58  24586  20.2  30.0   2.40   1.7   0.0
  1 1995  59  23830  21.4  30.7   2.41   1.6   0.0
  1 1995  60  23794  21.5  30.6   2.47   2.0   0.0
  1 1995  61  16271  21.8  31.0   2.66   1.1   0.0
  1 1995  62  12455  23.0  30.1   2.81   1.1   0.0
  1 1995  63  22210  22.5  31.0   2.56   1.6   0.0
  1 1995  64  16559  22.9  27.6   2.43   2.4   0.0
  1 1995  65  16379  21.7  28.1   2.28   1.7   0.0
  1 1995  66  20086  21.0  29.5   2.40   2.0   0.0
  1 1995  67  26314  21.8  29.5   2.50   2.1   0.0
  1 1995  68  24550  20.8  29.0   2.48   2.0   0.0
  1 1995  69  25666  20.8  30.0   2.58   1.6   0.0
  1 1995  70  20014  21.1  30.0   2.48   1.6   0.0
  1 1995  71  25954  20.6  30.1   2.54   1.8   0.0
  1 1995  72  25954  21.7  30.2   2.52   1.8   0.0
  1 1995  73  26242  22.7  30.5   2.51   2.2   0.0
  1 1995  74  25162  22.5  30.5   2.64   2.1   0.0
  1 1995  75  25666  22.6  31.5   2.66   2.1   0.0
  1 1995  76  26098  22.6  30.6   2.68   2.3   0.0
  1 1995  77  24442  21.7  30.2   2.46   2.1   0.0
  1 1995  78  15335  23.5  28.0   2.52   2.2   0.0
  1 1995  79  25594  22.5  29.7   2.45   2.9   0.0
  1 1995  80  17963  22.9  29.4   2.59   1.6   0.0
  1 1995  81  24550  21.5  30.2   2.64   1.8   0.0
  1 1995  82  21346  22.6  31.2   2.68   1.7   0.0
  1 1995  83  24766  22.6  31.4   2.64   1.9   0.0
  1 1995  84  23830  22.6  32.8   2.65   1.1   0.0
  1 1995  85  25126  22.4  31.0   2.50   1.6   0.0
  1 1995  86  25522  21.7  31.0   2.53   1.8   0.0
  1 1995  87  27358  22.6  31.2   2.75   2.0   0.0
  1 1995  88  26674  23.2  31.0   2.63   1.9   0.0
  1 1995  89  14255  23.5  31.5   2.85   1.1   0.0
  1 1995  90  26350  23.5  31.0   2.71   2.0   0.0
  1 1995  91  27466  21.5  31.0   2.64   1.5   0.0
  1 1995  92  27790  23.3  32.0   2.66   1.7   0.0
  1 1995  93  25630  23.7  32.0   2.82   1.8   4.3
  1 1995  94  20698  24.0  29.9   2.82   1.7   0.8
  1 1995  95  27790  22.5  32.0   2.82   1.9   0.0
  1 1995  96  25414  23.1  31.5   2.81   1.7   0.0
  1 1995  97  26674  22.8  31.5   2.85   1.5   0.0
  1 1995  98  27178  23.2  31.7   2.66   2.1   0.0
  1 1995  99  27142  23.7  32.4   2.81   2.2   0.0
  1 1995 100  20410  23.5  31.8   2.73   1.7   0.0
  1 1995 101  27466  22.0  31.5   2.74   1.7   0.0
  1 1995 102  28438  22.9  32.2   2.71   1.8   0.0
  1 1995 103  22966  24.0  32.7   2.81   1.8   0.0
  1 1995 104  27610  24.0  32.6   2.79   1.7   0.0
  1 1995 105  28294  22.9  32.0   2.64   1.6   0.0
  1 1995 106  27358  22.0  32.4   2.74   1.9   0.0
  1 1995 107  25666  24.6  32.7   2.95   2.2   0.0
  1 1995 108  28510  23.1  33.3   2.72   2.0   0.0
  1 1995 109  28366  23.5  33.1   2.69   1.8   0.0
  1 1995 110  27970  22.7  33.5   2.74   2.6   0.0
  1 1995 111  27790  24.4  32.8   2.54   2.3   0.4
  1 1995 112  20014  24.5  32.4   2.81   1.9   0.0
  1 1995 113  28618  23.5  33.5   2.72   2.2   0.0
  1 1995 114  25270  24.9  32.6   2.86   2.2   0.0
  1 1995 115  18647  24.1  32.5   2.83   1.6   0.7
  1 1995 116  28546  23.9  32.2   2.72   2.5   0.0
  1 1995 117  29014  23.5  32.7   2.64   2.9   0.0
  1 1995 118  18575  24.5  32.8   2.74   2.0   0.0
  1 1995 119  28978  24.2  32.7   2.84   2.2   0.0
  1 1995 120  22714  23.6  32.0   2.72   2.0   0.0
  1 1995 121  29194  23.5  33.2   2.70   2.4   0.0
  1 1995 122  24082  23.5  34.5   2.78   1.7   0.0
  1 1995 123  28870  25.0  33.0   2.74   2.4   0.0
  1 1995 124  29446  23.4  32.6   2.72   2.1   0.0
  1 1995 125  23722  23.5  33.7   2.83   1.4   0.0
  1 1995 126  24226  25.0  32.8   2.90   2.1   0.0
  1 1995 127  26494  25.0  34.8   2.67   1.2   0.0
  1 1995 128  28186  23.5  34.2   2.79   1.4   0.0
  1 1995 129  21346  24.4  34.2   2.76   1.8   0.0
  1 1995 130  22282  25.0  34.2   2.70   1.4  10.2
  1 1995 131  15839  26.0  32.5   2.99   1.5   0.5
  1 1995 132  13499  25.0  33.0   2.96   0.9   2.0
  1 1995 133  17495  25.7  33.2   2.99   1.0  17.8
  1 1995 134  18539  23.8  32.6   3.07   1.0   0.0
  1 1995 135  13967  24.4  32.5   2.94   1.0   0.0
  1 1995 136   8603  24.9  30.0   3.05   0.6   0.2
  1 1995 137  23038  23.3  35.8   2.98   1.0   0.2
  1 1995 138  24766  24.4  33.1   3.18   1.0   0.0
  1 1995 139  23218  24.0  34.0   3.05   1.0   1.5
  1 1995 140  22786  24.0  33.0   3.18   1.2   2.0
  1 1995 141  20086  24.2  34.6   2.89   1.3   0.0
  1 1995 142  20410  23.8  34.3   2.97   1.1   7.4
  1 1995 143  22930  24.5  32.5   2.83   1.2   0.5
  1 1995 144  18035  24.4  33.6   3.02   0.9  12.5
  1 1995 145  21886  23.6  33.0   3.18   0.9   3.1
  1 1995 146  23578  24.7  34.7   3.05   1.3   0.0
  1 1995 147  25234  24.7  34.0   3.01   1.1   1.8
  1 1995 148   7883  25.5  28.2   3.14   1.1   2.6
  1 1995 149  18359  24.0  30.6   2.95   0.9  17.2
  1 1995 150  18898  22.7  32.5   2.99   1.0   0.0
  1 1995 151  26998  25.0  33.0   3.09   1.9   0.0
  1 1995 152  22030  25.5  33.1   2.98   1.9  12.6
  1 1995 153   1368  24.8  26.0   2.95   2.5 114.9
  1 1995 154   5328  24.0  27.7   3.08   1.5  19.7
  1 1995 155  16631  24.0  30.4   2.93   1.8   2.0
  1 1995 156  18754  22.6  31.0   2.98   1.9   5.2
  1 1995 157  24910  23.5  33.5   2.66   1.1   0.0
  1 1995 158  19582  23.5  33.7   2.98   1.0   7.8
  1 1995 159  24586  24.4  33.4   3.16   1.0   0.0
  1 1995 160  26782  24.4  34.5   3.21   1.4   0.0
  1 1995 161  25738  24.5  34.5   3.30   1.0   0.0
  1 1995 162  22714  24.4  33.4   3.25   0.9  26.8
  1 1995 163  24982  25.0  34.0   3.17   1.1   6.9
  1 1995 164  23830  25.0  34.0   3.10   1.1   3.0
  1 1995 165  20338  25.5  34.5   3.31   1.3   4.6
  1 1995 166  21022  24.4  32.7   2.90   0.9   0.2
  1 1995 167  27106  24.8  34.0   3.26   1.4   0.0
  1 1995 168  21958  25.5  34.0   3.27   1.2   2.7
  1 1995 169  27502  25.0  34.0   3.12   1.5   0.0
  1 1995 170  23578  24.5  34.0   3.14   1.0   9.2
  1 1995 171  28546  25.2  33.5   3.18   1.7   0.0
  1 1995 172  22858  25.0  34.5   3.08   1.0   2.3
  1 1995 173  27286  24.2  34.0   3.19   1.2   0.0
  1 1995 174  25738  24.8  34.6   3.21   1.1   0.0
  1 1995 175  26674  25.1  34.2   3.15   1.2   0.0
  1 1995 176  20230  25.0  33.5   3.10   1.3  10.8
  1 1995 177  29050  25.5  33.6   3.13   1.4   0.0
  1 1995 178  19042  25.0  33.5   3.09   1.0   0.2
  1 1995 179  22210  25.0  33.5   3.15   1.3   5.9
  1 1995 180  15191  25.0  31.1   2.93   0.7  12.5
  1 1995 181  14543  25.2  32.7   3.17   1.1  12.6
  1 1995 182  16271  24.1  31.6   3.00   1.5  61.2
  1 1995 183  17639  24.0  33.6   2.82   1.1  47.8
  1 1995 184  22210  23.5  32.3   2.96   1.0   9.6
  1 1995 185  18251  24.6  31.7   3.07   0.9   0.0
  1 1995 186   6767  24.8  28.5   3.01   0.4   3.0
  1 1995 187  16523  24.8  30.5   3.08   1.8  16.2
  1 1995 188  11411  24.0  29.3   2.93   1.1   2.6
  1 1995 189  23938  24.5  32.0   3.11   1.8   0.0
  1 1995 190  16055  25.3  33.0   3.07   1.2   6.0
  1 1995 191  18934  23.6  31.5   2.92   0.9  49.9
  1 1995 192  16739  24.1  32.2   2.98   0.8  44.0
  1 1995 193  19726  24.5  31.9   2.92   0.9   7.4
  1 1995 194  19510  24.0  32.0   3.02   1.1   0.3
  1 1995 195  20698  23.5  31.5   3.06   0.9   1.6
  1 1995 196  24658  24.3  33.0   3.00   1.0   0.0
  1 1995 197  23254  24.8  33.1   2.95   0.9   0.0
  1 1995 198  20014  23.5  32.3   3.09   0.8   0.2
  1 1995 199  23830  23.5  32.4   3.06   1.1   3.3
  1 1995 200  21274  24.5  33.5   3.10   1.0   0.0
  1 1995 201  19690  24.7  33.1   3.18   1.0   0.0
  1 1995 202  16379  24.5  32.8   3.04   1.2   0.2
  1 1995 203   9107  24.4  30.1   2.98   0.6   6.4
  1 1995 204  10907  23.7  29.0   2.87   0.6   7.5
  1 1995 205  22066  23.0  32.5   3.00   1.2  18.9
  1 1995 206  20878  24.5  33.0   3.03   0.9   0.0
  1 1995 207  20662  24.5  33.0   3.06   1.3   3.7
  1 1995 208  12059  24.2  31.0   2.97   2.0   4.0
  1 1995 209  12671  24.0  30.5   2.75   2.4  36.8
  1 1995 210  13607  23.4  31.0   2.98   2.4   0.5
  1 1995 211  11915  24.5  30.7   3.10   1.5   0.0
  1 1995 212  18898  23.9  31.9   3.20   1.6   0.4
  1 1995 213  20338  23.2  32.0   3.02   1.6   5.2
  1 1995 214  20050  23.5  31.5   2.86   1.8   1.2
  1 1995 215  19690  24.8  31.5   2.75   1.1   4.4
  1 1995 216  16055  23.8  32.2   3.09   0.9   0.1
  1 1995 217  15767  25.0  31.0   3.05   0.8   0.0
  1 1995 218  22210  24.8  31.7   3.13   1.1   0.0
  1 1995 219  18467  25.3  33.5   3.09   0.9  19.4
  1 1995 220  11771  24.0  31.1   3.15   0.7   1.9
  1 1995 221   9935  22.3  31.6   3.06   0.9   9.4
  1 1995 222  24082  22.9  32.5   2.97   1.3   0.0
  1 1995 223  23434  23.9  33.0   3.07   1.3   0.0
  1 1995 224  25126  24.9  33.5   3.14   1.1  10.8
  1 1995 225  13967  23.6  30.6   3.07   0.8   9.5
  1 1995 226  18359  24.0  30.6   2.92   1.0   3.7
  1 1995 227  14183  24.3  30.5   2.95   0.9   0.7
  1 1995 228  12959  24.3  30.8   2.97   0.8   2.6
  1 1995 229  15839  23.6  31.5   3.05   0.5   0.0
  1 1995 230  23470  23.6  32.5   3.06   0.9   1.2
  1 1995 231  13283  24.5  31.0   3.05   0.8  75.5
  1 1995 232  15695  24.0  31.6   3.02   0.8   2.2
  1 1995 233  19006  24.5  31.7   3.10   0.8   0.0
  1 1995 234   9143  24.4  32.0   3.17   0.7   1.6
  1 1995 235  11987  25.1  30.7   2.98   0.9   0.0
  1 1995 236  10295  25.6  30.5   3.09   0.9   4.5
  1 1995 237  14471  24.5  31.7   2.92   0.9   0.0
  1 1995 238  14039  24.7  30.0   2.89   0.8   0.0
  1 1995 239  13355  24.4  30.3   3.05   0.8   2.8
  1 1995 240   9755  24.5  29.8   3.14   0.8  10.7
  1 1995 241   9719  24.4  30.3   3.16   1.9  32.2
  1 1995 242   3636  24.2  27.7   2.96   1.5  16.6
  1 1995 243  23398  23.2  32.7   3.03   0.8   0.0
  1 1995 244  10655  24.5  29.5   3.45   0.8  16.8
  1 1995 245  10727  24.7  29.5   3.25   0.9  17.3
  1 1995 246   9791  25.0  30.5   3.20   1.1  50.5
  1 1995 247   5760  24.1  27.9   2.91   1.1   2.8
  1 1995 248   7199  24.1  27.8   2.93   1.3   0.4
  1 1995 249  22354  23.0  33.0   3.16   0.8   0.0
  1 1995 250  21886  23.0  32.2   3.08   0.9   8.0
  1 1995 251  15803  23.6  31.1   3.03   1.1   6.2
  1 1995 252  21850  24.2  31.6   3.06   1.3   0.0
  1 1995 253  18143  25.1  32.1   3.20   0.9   3.0
  1 1995 254  21130  24.6  33.0   3.24   1.0  19.0
  1 1995 255   7379  23.2  29.1   3.03   0.6  13.0
  1 1995 256   6839  24.5  28.5   3.06   0.6   1.6
  1 1995 257  13139  24.5  31.0   3.15   1.2   1.4
  1 1995 258   8063  25.7  31.1   3.29   1.0  35.5
  1 1995 259   7955  24.7  28.3   3.02   0.8   0.5
  1 1995 260  16739  24.5  33.0   3.25   0.9   3.3
  1 1995 261  13463  24.5  30.4   3.16   0.7   0.9
  1 1995 262  10547  24.4  31.1   3.20   0.8  39.6
  1 1995 263  13931  23.5  31.1   3.05   0.8   9.4
  1 1995 264  20842  23.6  32.2   3.13   1.3   0.4
  1 1995 265  18647  26.0  32.8   3.23   1.0   0.0
  1 1995 266  20194  23.7  32.0   3.10   0.8   1.5
  1 1995 267  15047  24.5  31.6   3.25   0.8   2.0
  1 1995 268  12959  24.6  30.6   3.36   1.0   5.0
  1 1995 269  11411  24.4  29.0   3.09   1.3   0.1
  1 1995 270   7343  24.9  29.0   3.07   0.7  26.6
  1 1995 271  21238  23.8  33.0   3.02   1.0   0.0
  1 1995 272  10979  24.2  30.0   3.03   1.4  31.4
  1 1995 273   3888  24.6  26.0   3.06   4.5 203.2
  1 1995 274   6587  23.5  28.8   3.00   2.6  15.4
  1 1995 275  23578  24.9  32.5   3.07   1.4   0.0
  1 1995 276   5868  24.5  27.5   3.19   0.5  11.2
  1 1995 277  10151  24.2  30.0   3.00   0.6   0.0
  1 1995 278  19222  24.1  31.5   2.97   1.4   0.6
  1 1995 279  18251  23.9  30.9   2.67   1.1   0.3
  1 1995 280  10475  24.6  30.0   2.88   1.2  68.0
  1 1995 281   5652  23.5  27.5   2.78   1.0  40.2
  1 1995 282  11303  23.5  30.5   2.97   0.7  17.3
  1 1995 283  15695  24.0  30.2   2.90   1.2   4.1
  1 1995 284  17351  24.3  30.5   2.97   1.0   1.4
  1 1995 285  22426  23.5  31.5   2.96   1.5   0.0
  1 1995 286  23470  23.5  32.5   2.94   1.0  32.5
  1 1995 287  15371  23.7  30.6   2.87   1.0   0.0
  1 1995 288  21598  24.1  32.2   2.98   0.7   0.0
  1 1995 289  22966  23.6  32.5   2.80   1.0   0.0
  1 1995 290  20410  24.4  31.5   3.01   0.9   0.0
  1 1995 291  23146  23.6  33.5   2.91   0.7   0.0
  1 1995 292  15659  24.5  31.9   3.16   1.3   0.0
  1 1995 293  20590  24.0  32.1   2.99   1.1   0.0
  1 1995 294  21958  23.8  32.5   2.99   1.1   0.0
  1 1995 295  15839  23.9  31.7   3.04   1.2   0.0
  1 1995 296   9611  24.4  30.0   2.98   1.0  32.4
  1 1995 297   8279  23.6  27.7   2.90   1.1   1.2
  1 1995 298   4824  24.0  28.7   3.07   0.9   0.0
  1 1995 299  16883  24.0  30.8   3.04   1.3   0.4
  1 1995 300  17495  24.5  31.3   2.99   1.2   4.8
  1 1995 301  21022  23.9  30.8   3.02   2.1  16.8
  1 1995 302   6695  25.6  29.5   3.16   1.1  27.8
  1 1995 303  11987  23.7  30.8   3.01   1.4   0.0
  1 1995 304  20158  24.0  31.6   2.98   1.0  11.9
  1 1995 305  16307  24.6  32.1   3.00   1.1   0.2
  1 1995 306   8351  25.1  29.5   2.96   4.3 104.0
  1 1995 307   2340  23.6  27.7   2.87   6.2 212.6
  1 1995 308  18035  22.6  31.4   3.04   3.0   0.0
  1 1995 309  18359  25.3  32.3   3.08   1.0   1.2
  1 1995 310  18575  24.2  30.0   2.95   1.2   2.6
  1 1995 311  10475  23.9  29.7   3.19   0.9  10.0
  1 1995 312  15155  24.1  31.3   3.13   1.4   0.0
  1 1995 313  18323  24.0  31.6   3.10   1.4   0.0
  1 1995 314  10979  24.5  31.1   3.08   0.9   9.6
  1 1995 315  19366  23.4  31.2   3.05   1.4   0.0
  1 1995 316  20698  23.8  31.5   2.96   1.3   0.0
  1 1995 317  14867  24.6  31.2   3.02   0.8   7.0
  1 1995 318  17063  23.8  31.5   3.14   0.9   1.0
  1 1995 319  17963  23.5  31.5   3.05   1.4   0.0
  1 1995 320  20050  23.1  32.2   2.93   1.6   0.0
  1 1995 321  17711  22.7  31.6   3.00   1.7   6.2
  1 1995 322  11771  24.1  29.7   2.97   1.7  12.8
  1 1995 323  11087  23.0  29.1   3.03   1.1  13.2
  1 1995 324  16739  23.4  30.5   3.00   1.3   0.0
  1 1995 325  12743  22.5  30.0   3.04   1.6   0.7
  1 1995 326  16991  24.8  31.0   3.02   1.6   0.1
  1 1995 327  10259  24.5  29.2   2.82   1.0   5.3
  1 1995 328   8891  25.2  29.0   2.81   2.2   0.7
  1 1995 329   5220  24.1  26.5   2.86   1.1   5.9
  1 1995 330   5472  23.5  27.5   2.69   1.2   2.0
  1 1995 331   1332  23.6  26.1   2.88   0.9  11.2
  1 1995 332   8783  23.9  28.5   2.59   1.3   0.4
  1 1995 333   6515  24.1  27.8   2.87   1.2   3.2
  1 1995 334  11735  23.9  28.8   2.75   1.3   0.0
  1 1995 335  12455  24.5  29.0   2.67   1.5   0.1
  1 1995 336   4392  24.1  26.2   2.69   3.5   1.7
  1 1995 337   7343  23.8  27.5   2.62   2.9   0.0
  1 1995 338   8783  24.4  27.1   2.48   3.3   0.0
  1 1995 339   7163  24.2  25.2   2.58   1.3  12.6
  1 1995 340   6911  22.7  26.0   2.64   1.8   1.4
  1 1995 341   8171  23.7  26.5   2.52   2.3  11.6
  1 1995 342   5040  22.9  25.1   2.72   1.1  26.4
  1 1995 343   5760  22.5  25.0   2.58   2.8   0.4
  1 1995 344   5868  23.0  26.4   2.52   1.6  71.1
  1 1995 345  11735  22.7  29.0   2.88   1.3   5.7
  1 1995 346  11375  23.7  29.1   2.95   1.5   0.0
  1 1995 347  13751  24.2  29.0   2.81   1.4   3.6
  1 1995 348   7523  24.1  27.0   2.97   1.2  30.2
  1 1995 349  10907  23.8  27.7   2.82   1.3  10.1
  1 1995 350   8783  24.0  28.5   2.97   1.2  25.7
  1 1995 351   8387  23.7  27.7   2.91   1.5   0.5
  1 1995 352  13499  24.0  28.8   2.73   2.1   6.4
  1 1995 353   5760  23.5  25.7   2.78   0.9  50.2
  1 1995 354  10259  23.1  28.5   2.67   1.8   3.0
  1 1995 355   5652  23.0  27.0   2.60   2.0  14.5
  1 1995 356   6839  23.0  26.0   2.77   1.2  37.1
  1 1995 357  13967  23.5  28.6   2.87   1.1   0.0
  1 1995 358  10043  23.6  29.7   2.96   1.1  11.2
  1 1995 359  12491  23.5  28.0   2.82   2.5  18.2
  1 1995 360   9575  23.4  26.6   2.58   3.9   1.8
  1 1995 361   7523  22.6  25.5   2.29   3.4   2.4
  1 1995 362   8747  21.0  24.7   2.30   2.5   0.0
  1 1995 363  16991  19.1  26.8   2.17   1.9   0.0
  1 1995 364  17387  19.1  27.1   2.10   2.2   0.2
  1 1995 365  10043  17.8  24.9   2.20   1.8   0.0
