*-----------------------------------------------------------
*  Station Name: MUNO0008    MRRTC, Munoz, Nueva Ecija
*  Author      : Climate Unit, IRRI    -99.: nil value
*  Source      : International Rice Research Institute (IRRI)
*
*  Comments    : This file is extracted from CLICOM database.
*  Longitude:  120 56 E   Latitude: 15 45 N    Altitude: 48.0 m
*
*  Column    Daily Value
*     1      Station number
*     2      Year
*     3      Day
*     4      irradiance         KJ m-2 d-1
*     5      min temperature            oC
*     6      max temperature            oC
*     7      vapor pressure            kPa
*     8      mean wind speed         m s-1
*     9      precipitation          mm d-1
*-----------------------------------------------------------
120.93  15.75  48.0  0.00  0.00
 10 1988   1  14723  22.6  29.8   2.69   2.0   0.0
 10 1988   2  18179  20.5  31.5   2.52   1.8   0.0
 10 1988   3  18179  20.4  30.6   2.12   3.0   0.0
 10 1988   4  21634  20.4  32.6   2.12   1.7   0.0
 10 1988   5  19942  21.6  33.2   2.52   2.4   0.0
 10 1988   6  21850  23.0  31.0   2.21   3.8   0.0
 10 1988   7  21850  23.3  31.7   2.36   2.0   0.0
 10 1988   8  24046  27.7  33.3   2.55   2.3   0.0
 10 1988   9  23938  21.6  33.7   2.46   2.5   0.0
 10 1988  10  23506  22.3  32.2   2.43   3.5   0.0
 10 1988  11  23074  23.6  32.6   2.45   2.8   0.0
 10 1988  12  23830  22.0  32.5   2.50   1.2   0.0
 10 1988  13  21526  22.0  32.5   2.40   3.2   0.0
 10 1988  14  24982  22.6  32.0   2.24   2.6   0.0
 10 1988  15  24154  20.5  32.0   2.34   2.7   0.0
 10 1988  16  16595  19.5  30.0   2.32   3.0   0.0
 10 1988  17  20698  23.4  31.0   2.36   4.9   0.0
 10 1988  18  15119  23.4  29.3   2.40   2.9   0.0
 10 1988  19  28870  21.8  33.0   2.26   1.8   0.0
 10 1988  20  23938  20.1  33.0   2.06   1.8   0.0
 10 1988  21  27898  20.5  34.0   2.36   1.3   0.0
 10 1988  22  22570  22.6  34.8   2.78   1.0   0.0
 10 1988  23  19330  23.5  33.9   2.93   2.1   7.6
 10 1988  24  23722  23.5  33.0   2.40   4.1   0.0
 10 1988  25  19942  24.3  30.4   2.39   3.9   0.0
 10 1988  26  19438  24.0  31.0   2.92   2.2   0.0
 10 1988  27  24874  22.3  33.4   2.61   1.6   0.0
 10 1988  28  18575  22.0  30.1   2.55   3.1   0.0
 10 1988  29  25810  22.0  30.0   2.60   3.4   0.0
 10 1988  30  24442  22.4  29.0   2.38 -99.0   0.0
 10 1988  31  24982  19.4  30.0   2.09 -99.0   0.0
 10 1988  32  27070  20.7  32.0   1.95   2.9   0.0
 10 1988  33  24226  19.6  31.0   2.24   1.2   0.0
 10 1988  34  23830  20.4  31.0   2.40   2.9   0.0
 10 1988  35  24658  22.4  30.0   2.25   3.0   0.0
 10 1988  36  21202  23.4  30.5   3.02   1.4   0.0
 10 1988  37  25090  21.8  33.0   2.73   1.4  21.3
 10 1988  38  23398  23.0  31.0   2.71   2.1   0.0
 10 1988  39  25810  25.6  32.0   2.64   2.0   5.1
 10 1988  40  24226  22.9  31.5   2.60   1.6   0.0
 10 1988  41  24226  22.7  33.0   2.57   1.3   0.0
 10 1988  42  27718  22.8  33.2   2.75   2.1   0.0
 10 1988  43  27718  23.8  32.2   2.74   2.3   0.0
 10 1988  44  24658  23.6  33.0   2.71   2.3   0.0
 10 1988  45  27286  24.2  33.6   2.91   2.2   2.5
 10 1988  46  22894  24.5  33.6   2.49   3.5   0.0
 10 1988  47  13967  24.5  30.6   2.49   3.8   1.0
 10 1988  48  21922  22.8  30.3   2.55   5.0   0.5
 10 1988  49  22246  23.1  29.9   2.43   3.5   0.0
 10 1988  50  20482  23.3  29.0   2.28   4.2   0.0
 10 1988  51  22138  23.0  31.5   2.42   4.2   0.0
 10 1988  52  29374  22.4  31.6   2.55   1.1   0.0
 10 1988  53  28438  22.5  31.1   2.55   3.4   0.0
 10 1988  54  30526  23.0  30.1   2.35   2.8   0.0
 10 1988  55  24334  22.5  30.5   2.57   4.7   0.0
 10 1988  56  28222  23.0  30.3   2.78   4.3   0.0
 10 1988  57  18898  21.8  30.2   2.52   2.4   0.8
 10 1988  58  26242  21.9  32.6   2.58   1.8   0.0
 10 1988  59  26350  21.9  30.5   2.38   3.8   0.0
 10 1988  60  27178  21.1  31.5   2.37   2.0   0.0
 10 1988  61  27286  22.2  33.0   2.52   1.6   0.0
 10 1988  62  24442  22.6  33.0   2.58   1.7   0.0
 10 1988  63  25702  22.0  32.8   2.50   2.5   0.0
 10 1988  64  27286  22.8  32.8   2.51   2.0   0.0
 10 1988  65  25594  22.7  34.4   2.60   1.7   0.0
 10 1988  66  23938  22.6  32.5   2.55   2.6   0.0
 10 1988  67  21850  22.5  30.0   2.58   4.6   0.0
 10 1988  68  19834  23.3  30.7   2.55   2.9   0.0
 10 1988  69  23938  22.5  30.2   2.51   3.6   0.0
 10 1988  70  24154  21.7  31.2   2.39   2.4   0.0
 10 1988  71  28762  22.1  32.5   2.56   1.9   0.0
 10 1988  72  26962  21.2  33.0   2.85   1.7   0.0
 10 1988  73  27790  24.6  32.5   3.05   2.2   0.0
 10 1988  74  27718  22.6  33.0   2.75   1.7   0.0
 10 1988  75  28546  22.0  33.0   2.71   1.6   0.0
 10 1988  76  27178  21.3  31.5   2.61   2.5   0.0
 10 1988  77  27898  22.6  31.5   2.74   2.2   0.0
 10 1988  78  27286  23.6  32.0   2.70   1.7   0.0
 10 1988  79  27286  21.0  32.5   2.76   1.6   0.0
 10 1988  80  27502  22.8  32.0   2.83   2.0   0.0
 10 1988  81  28546  20.4  32.5   2.31   1.3   0.0
 10 1988  82  29050  21.0  30.0   2.51   1.7   0.0
 10 1988  83  27718  22.9  29.0   2.80   3.4   0.0
 10 1988  84  25486  20.9  29.0   2.25   3.0   0.0
 10 1988  85  28546  21.3  32.0   2.41   1.7   0.0
 10 1988  86  25810  21.3  31.6   2.66   1.5   0.0
 10 1988  87  28114  22.0  32.8   2.58   1.6   0.0
 10 1988  88  28222  20.2  33.2   2.34   1.5   0.0
 10 1988  89  22570  21.6  33.4   2.92   1.6   0.0
 10 1988  90  29698  22.4  34.9   2.72   1.6   0.0
 10 1988  91  32001  24.0  34.1   2.62   1.9   0.0
 10 1988  92  22894  22.9  33.4   2.63   1.6   0.0
 10 1988  93  28942  22.7  34.2   2.74   1.3   0.0
 10 1988  94  26566  23.5  34.1   2.75   1.6   0.0
 10 1988  95  23830  24.5  34.2   3.02   1.4   0.0
 10 1988  96  25810  24.6  34.0   2.81   1.5  15.2
 10 1988  97  27286  24.0  34.5   2.86   1.3   0.0
 10 1988  98  24766  24.5  34.5   2.96   1.5   0.0
 10 1988  99  24766  22.0  32.5   3.02   2.0   0.0
 10 1988 100  25810  24.0  34.0   2.57   3.6   5.8
 10 1988 101  23938  24.0  28.5   2.86   4.7   0.0
 10 1988 102  27286  23.2  29.5   2.53   4.1   0.0
 10 1988 103  25702  23.0  29.5   2.63   2.2   0.0
 10 1988 104  29050  23.5  31.5   2.88   1.4   0.0
 10 1988 105  31677  23.4  31.5   2.85   2.5   0.0
 10 1988 106  23938  22.9  29.0   2.78   3.4   0.0
 10 1988 107  28654  24.4  30.5   2.99   2.8   0.0
 10 1988 108  30202  23.4  32.0   2.93   1.9   0.0
 10 1988 109  31677  23.5  33.5   2.81   1.1   0.0
 10 1988 110  31174  23.4  34.0   2.80   1.3   5.8
 10 1988 111  29806  25.2  34.5   3.07   1.2   0.0
 10 1988 112  21310  26.8  33.0   3.20   0.8   0.0
 10 1988 113  30202  25.0  34.0   3.02   0.9   0.0
 10 1988 114  31353  25.0  33.5   3.13   1.5   0.0
 10 1988 115  31174  23.8  34.8   3.09   1.7   0.0
 10 1988 116  27610  24.7  31.5   3.12   3.7   0.0
 10 1988 117  27898  24.2  31.0   2.92   3.7   0.0
 10 1988 118  29266  23.3  32.0   2.88   1.9   0.0
 10 1988 119 -99000 -99.0 -99.0   2.87 -99.0 -99.0
 10 1988 120 -99000 -99.0 -99.0 -99.00 -99.0 -99.0
 10 1988 121 -99000 -99.0 -99.0 -99.00 -99.0 -99.0
 10 1988 122  28438  24.2  34.5   3.08   1.3   0.0
 10 1988 123  28762  24.6  33.5   2.97   1.7   0.0
 10 1988 124  30634  23.9  28.5   2.78   1.3   0.0
 10 1988 125  31246  22.5  35.0   2.79   1.0   0.0
 10 1988 126  27394  24.5  35.0   3.05   0.9   0.0
 10 1988 127  29590  25.0  34.0   3.05   1.6   0.0
 10 1988 128  27286  24.0  35.0   2.91   1.0   0.0
 10 1988 129  22246  26.2  36.1   3.19   0.9   0.0
 10 1988 130  29158  25.0  36.7   3.17   1.2   0.0
 10 1988 131  30202  24.9  35.1   2.94   1.2   0.0
 10 1988 132  29590  24.5  35.9   2.98   1.1   0.0
 10 1988 133  25486  26.1  37.2   2.95   0.9   0.0
 10 1988 134  27070  25.1  35.0   2.94   2.2   0.0
 10 1988 135  27394  24.2  34.6   2.83   1.7   0.0
 10 1988 136  26350  24.5  35.0   2.79   2.2   0.0
 10 1988 137  26638  25.0  33.5   3.09   2.0   0.0
 10 1988 138  28546  25.3  34.0   2.93   1.6   0.0
 10 1988 139  28546  24.2  36.0   2.99   1.4   0.0
 10 1988 140  28438  24.0  36.0   2.93   1.1   0.0
 10 1988 141  24766  25.5  30.5   3.15   1.0   0.0
 10 1988 142  30310  26.0  34.1   3.14   1.3   7.6
 10 1988 143  19330  26.4  34.0   3.12   1.0   0.0
 10 1988 144  22894  24.7  34.1   3.10   1.1   0.0
 10 1988 145  23938  25.3  34.5   3.21   1.4   0.0
 10 1988 146  16271  25.4  31.7   3.23   1.2  20.3
 10 1988 147  11051  25.4  24.0   3.30   1.0  11.2
 10 1988 148  21850  24.4  31.5   2.58   1.1  19.6
 10 1988 149  13571  24.2  32.6   2.97   0.9   0.0
 10 1988 150  11159  25.5  28.7   3.26   1.0   0.0
 10 1988 151  18071  23.5  26.4   3.14   1.6  19.8
 10 1988 152  13247  24.6  27.5   3.15   1.8   7.9
 10 1988 153   9251  24.2  27.0   3.11   1.5   9.1
 10 1988 154   8531  24.5  27.5   3.16   1.1  33.3
 10 1988 155  15767  24.8  27.2   3.08   0.8   3.0
 10 1988 156  25378  24.3  31.0   2.94   1.3  17.8
 10 1988 157  22030  23.7  31.5   2.49   1.1   0.0
 10 1988 158  27898  24.3  31.5   3.09   1.0   6.9
 10 1988 159  22246  22.8  31.5   3.22   0.7   0.0
 10 1988 160  21202  23.9  31.0   3.03   0.7   0.0
 10 1988 161  28762  24.5  32.5   3.34   0.9   0.0
 10 1988 162  30850  24.3  33.0   3.12   0.8   9.4
 10 1988 163  31353  24.8  33.5   3.24   1.1   6.6
 10 1988 164  20590  24.6  32.5   3.25   0.8   4.3
 10 1988 165  26746  23.0  32.0   3.05   0.8   0.0
 10 1988 166  28006  24.4  32.5   3.12   1.1   0.0
 10 1988 167  20770  24.8  31.5   3.20   1.4   0.0
 10 1988 168  24442  24.8  31.4   3.02   1.4   0.0
 10 1988 169  29698  24.2  32.5   3.07   1.2   4.1
 10 1988 170  25486  24.2  32.5   3.11   0.8   0.0
 10 1988 171  27502  24.2  32.5   2.95   1.0   0.0
 10 1988 172  25378  24.9  33.5   3.04   1.0   0.0
 10 1988 173  27070  24.5  34.0   3.12   1.4   7.6
 10 1988 174  20482  24.6  32.9   3.10   1.5   5.1
 10 1988 175  23398  25.2  31.5   3.10   1.1  20.3
 10 1988 176  16595  24.9  32.0   3.12   1.2  12.7
 10 1988 177  17963  23.4  32.4   3.13   0.9  46.7
 10 1988 178  29374  22.7  33.3   2.92   0.9  12.7
 10 1988 179  28546  24.6  34.2   3.00   1.0   4.3
 10 1988 180  13679  25.2  28.5   2.91   1.7   5.3
 10 1988 181  30202  24.0  32.5   2.78   0.9   0.0
 10 1988 182  28330  25.0  33.5   3.08   0.8   7.6
 10 1988 183  17027  23.2  31.5   3.44   1.0  11.4
 10 1988 184  26566  24.2  31.5   3.05   1.1  15.0
 10 1988 185  26566  24.5  31.5   3.07   1.3  12.7
 10 1988 186  24550  24.2  33.2   2.96   1.0  12.7
 10 1988 187  26962  24.7  34.2   3.13   0.6  12.7
 10 1988 188  26746  25.2  34.0   3.10   1.1   0.0
 10 1988 189  26350  24.6  32.7   3.03   1.1   0.0
 10 1988 190  26962  24.9  33.0   3.06   1.6   0.0
 10 1988 191  21850  24.9  32.3   2.98   1.7   0.0
 10 1988 192  19222  24.1  31.5   3.12   0.8   5.8
 10 1988 193  23290  24.6  31.5   3.07   1.1  29.5
 10 1988 194  24046  23.8  32.5   2.95   0.9   3.3
 10 1988 195  27394  24.8  30.5   3.12   0.9  20.1
 10 1988 196  24334  24.6  33.5   3.14   1.0  50.6
 10 1988 197  26638  22.9  33.5   3.06   1.1   7.6
 10 1988 198  29806  24.5  33.5   2.41   0.9   5.1
 10 1988 199  32217  24.8  30.5   3.04   1.7  20.3
 10 1988 200  16811  24.0  28.0   2.96   1.2  14.2
 10 1988 201  16595  24.0  29.5   3.04   0.9   0.0
 10 1988 202  27178  25.2  33.0   3.18   1.2  50.3
 10 1988 203  31174  23.5  32.5   3.12   0.9  12.7
 10 1988 204  23614  25.5  27.5   3.01   0.8   0.0
 10 1988 205  31677  25.2  32.0   3.14   1.0   3.8
 10 1988 206  32217  25.2  32.5   2.99   1.1   5.8
 10 1988 207  20266  24.8  33.6   3.04   1.1   4.3
 10 1988 208  19834  24.9  26.3   3.05   1.0  35.6
 10 1988 209  17855  24.2  30.2   3.11   0.7  46.0
 10 1988 210  18179  24.2  28.0   3.11   1.6   5.3
 10 1988 211  17855  23.4  30.1   2.62   1.5  33.3
 10 1988 212  16487  24.0  31.3   2.95   1.4   5.1
 10 1988 213  25378  25.0  29.9   2.95   1.6   4.3
 10 1988 214  17423  24.7  29.0   2.92   1.6  11.2
 10 1988 215  33549  25.4  31.5   3.10   1.3   2.5
 10 1988 216  32721  25.3  33.0   3.10   0.7   0.0
 10 1988 217  29050  25.2  31.0   3.18   1.5   8.9
 10 1988 218  26242  24.0  32.0   2.95   1.1   0.0
 10 1988 219  30958  25.0  30.0   3.00   1.6  36.3
 10 1988 220  16163  23.0  28.2   2.90   1.4   7.6
 10 1988 221  14075  24.4  30.0   2.91   1.0   9.9
 10 1988 222  16487  24.4  30.6   2.81   0.8  14.5
 10 1988 223  26458  24.5  32.1   2.91   0.8   5.8
 10 1988 224  28222  25.4  32.6   3.14   0.8   5.1
 10 1988 225  26566  25.0  32.8   3.01   0.8   0.0
 10 1988 226  22678  25.7  32.7   3.13   0.8   7.6
 10 1988 227  26458  25.7  32.5   3.14   0.9   0.0
 10 1988 228  26854  25.5  32.0   3.09   1.4  10.2
 10 1988 229  22678  23.4  31.4   2.93   1.2   2.5
 10 1988 230  21850  24.5  30.0   2.94   0.9   0.0
 10 1988 231  29050  25.3  33.0   3.17   0.8   0.0
 10 1988 232  30022  25.5  33.5   3.17   1.2  15.0
 10 1988 233  31174  24.0  32.5   3.08   1.2   0.0
 10 1988 234  27502  24.8  34.3   2.99   1.4  10.7
 10 1988 235  26134  23.3  33.8   2.92   1.1   0.0
 10 1988 236  26350  25.0  34.0   3.12   1.2  10.4
 10 1988 237  25486  23.4  33.7   2.91   2.0  14.7
 10 1988 238  24658  23.5  30.7   2.91   1.2   0.0
 10 1988 239  26566  24.0  32.1   2.92   1.4  25.1
 10 1988 240  24874  22.1  31.4   2.82   1.0   2.5
 10 1988 241  25198  24.5  33.2   2.80   0.8   0.0
 10 1988 242  33765  24.0  32.5   2.96   1.0   0.0
 10 1988 243  27898  24.6  33.5   3.12   0.7  10.2
 10 1988 244  29590  25.5  33.6   3.26   1.2   0.0
 10 1988 245  28438  25.4  34.2   3.10   1.0   0.0
 10 1988 246  25702  25.8  34.5   3.21   0.8   0.0
 10 1988 247  30634  23.0  33.8   2.92   1.2  22.9
 10 1988 248  26962  23.5  33.8   2.99   0.8   0.0
 10 1988 249  25810  24.5  34.0   3.06   0.9  20.3
 10 1988 250  25306  25.2  33.4   3.05   1.2   0.0
 10 1988 251  23074  23.9  34.2   3.03   1.1  33.8
 10 1988 252  25918  22.2  32.5   2.84   0.9   5.1
 10 1988 253  22894  23.6  32.6   2.79   1.0   4.6
 10 1988 254  28222  24.2  33.6   3.15   1.0  22.9
 10 1988 255  24442  24.8  33.0   3.12   1.3   5.1
 10 1988 256  24334  24.0  33.5   3.08   0.9  10.4
 10 1988 257  23938  24.0  31.5   3.16   0.6   4.3
 10 1988 258  29590  25.0  32.5   3.22   1.4  57.6
 10 1988 259  29590  22.2  32.5   2.88   0.7   0.0
 10 1988 260  23614  24.5  31.5   3.14   1.2  22.9
 10 1988 261  31569  24.5  33.5   2.95   1.1  14.7
 10 1988 262  32325  23.8  32.7   3.21   1.2   0.0
 10 1988 263  17639  24.3  30.9   2.93   1.2  10.4
 10 1988 264   8531  24.9  27.9   3.14   1.5   3.6
 10 1988 265  17963  21.5  30.9   2.92   1.2   0.0
 10 1988 266  27502  23.9  32.2   3.08   1.0   0.0
 10 1988 267  28546  24.8  35.4   3.14   1.0   0.0
 10 1988 268  28438  24.0  33.5   3.13   0.7  15.2
 10 1988 269  29158  24.4  32.7   3.10   0.9   0.0
 10 1988 270  19114  26.0  32.0   3.33   0.8  28.7
 10 1988 271  20986  22.5  31.6   2.96   0.9   2.5
 10 1988 272  27178  24.1  33.3   3.03   0.9   7.6
 10 1988 273  30094  24.5  33.3   3.10   0.9   0.0
 10 1988 274  24442  24.9  30.9   3.11   1.1   7.6
 10 1988 275  24550  24.4  33.1   3.09   1.0   7.1
 10 1988 276  24874  24.3  31.9   3.10   1.1   5.1
 10 1988 277  25378  24.0  33.6   3.07   0.9   5.1
 10 1988 278  24334  24.1  32.7   3.11   1.0   0.0
 10 1988 279  17855  25.2  32.4   3.16   1.1  38.6
 10 1988 280  18467  24.0  29.6   3.12   1.1   0.0
 10 1988 281  18287  25.1  31.3   3.12   1.2  10.2
 10 1988 282   7379  25.2  27.4   3.14   0.8   4.6
 10 1988 283  14615  24.1  29.5   2.95   1.0  31.2
 10 1988 284  22246  23.0  30.6   2.99   1.0   3.3
 10 1988 285  20158  24.0  30.5   2.95   0.8   7.6
 10 1988 286  30850  24.0  31.5   3.05   0.8  12.4
 10 1988 287  10619  24.5  28.3   3.12   1.1  17.0
 10 1988 288   6767  23.8  27.2   2.93   1.1   7.9
 10 1988 289  25486  24.0  31.2   3.02   1.8   5.1
 10 1988 290  18575  23.2  30.5   2.64   0.6   7.6
 10 1988 291  20050  23.2  29.0   2.91   0.6   0.0
 10 1988 292  25918  23.0  31.8   2.91   1.5   7.6
 10 1988 293  19006  23.5  30.0   2.85   1.2   6.8
 10 1988 294   4968  22.8  24.9   2.83   2.4  93.2
 10 1988 295  17531  23.5  30.5   2.99   1.5   7.1
 10 1988 296  33549  23.4  32.5   2.88   0.9  15.2
 10 1988 297  19330  22.8  31.0   2.92   1.1   4.1
 10 1988 298   7991  24.0  24.8   2.92   4.5  50.3
 10 1988 299   6012  20.0  25.0   2.09   7.8  58.9
 10 1988 300   9899  22.7  26.9   2.72   2.8   4.3
 10 1988 301  17855  23.1  29.9   2.92   1.3  11.4
 10 1988 302  31174  22.7  33.7   2.92   0.7  16.2
 10 1988 303  27790  23.5  33.0   2.96   1.0   0.0
 10 1988 304  10511  24.5  28.7   2.84   1.5   0.0
 10 1988 305  28870  22.4  30.8   2.49   2.2   0.0
 10 1988 306  27610  23.4  32.1   2.53   2.0   0.0
 10 1988 307  15119  23.5  29.4   2.48   2.5   2.8
 10 1988 308  12419  22.0  30.0   2.45   2.1   0.0
 10 1988 309  11771  22.4  28.0   2.36   1.3   4.3
 10 1988 310  15011  23.0  29.4   2.70   2.0   0.0
 10 1988 311  18898  22.0  30.5   2.58   2.6   0.0
 10 1988 312   9899  22.0  28.8   1.97   1.7  17.3
 10 1988 313  10943  23.5  28.4   2.95   2.4  17.5
 10 1988 314  19222  23.5  30.8   2.88   1.7   0.0
 10 1988 315  24766  23.5  32.6   2.83   1.0   0.0
 10 1988 316  35241  22.0  33.0   2.76   0.8   0.0
 10 1988 317  22354  23.0  33.8   2.61   1.0  20.3
 10 1988 318  24982  22.5  32.7   2.73   1.5   0.0
 10 1988 319  19114  23.0  30.0   2.81   2.8   0.0
 10 1988 320  19546  23.6  31.8   2.53   1.9   0.0
 10 1988 321  23830  23.2  32.6   2.81   2.9   0.0
 10 1988 322  22678  22.8  33.8   2.53   2.0   0.0
 10 1988 323  19114  23.2  33.2   2.74   2.9   0.0
 10 1988 324  25378  22.5  31.5   2.52   5.0   0.0
 10 1988 325  19006  21.8  31.8   2.25   2.9   0.0
 10 1988 326  22138  23.1  31.4   2.17   3.7   0.0
 10 1988 327  23182  22.5  32.0   2.24   2.8   0.0
 10 1988 328  19942  21.0  32.3   2.26   2.6   0.0
 10 1988 329  22246  21.6  31.4   2.52   3.0   0.0
 10 1988 330  18287  22.2  31.2   2.42   3.1   0.0
 10 1988 331  21922  22.5  32.1   2.17   2.6   0.0
 10 1988 332  20878  21.6  30.4   2.07   3.7   0.0
 10 1988 333  20590  21.1  30.0   2.03   5.8   0.0
 10 1988 334  19546  20.5  27.6   1.80   5.6   0.0
 10 1988 335  22462  19.5  29.0   1.71   3.9   0.0
 10 1988 336  20374  19.2  30.0   1.86   3.3   0.0
 10 1988 337  22462  19.3  30.5   1.90   3.8   0.0
 10 1988 338  25810  19.0  31.0   1.83   4.7   0.0
 10 1988 339  20050  21.0  31.5   2.04   2.7   0.0
 10 1988 340  22138  20.5  30.3   1.97   3.3   0.0
 10 1988 341  21418  19.4  30.0   1.77   4.0   0.0
 10 1988 342  22894  19.1  30.6   1.86   3.9   0.0
 10 1988 343  20158  19.4  30.2   1.66   3.2   0.0
 10 1988 344  22570  19.0  30.8   1.74   3.1   0.0
 10 1988 345  23290  18.3  30.4   1.99   3.4   0.0
 10 1988 346  24046  19.7  29.4   1.75   4.9   0.0
 10 1988 347  19834  18.1  29.0   1.48   3.8   0.0
 10 1988 348  22462  18.8  29.5   1.54   3.7   0.0
 10 1988 349  21202  15.5  29.5   1.46   2.1   0.0
 10 1988 350  18287  15.5  29.6   1.56   2.1   0.0
 10 1988 351  20374  17.8  29.0   1.98   4.2   0.0
 10 1988 352  22462  19.8  28.6   1.74   6.8   0.0
 10 1988 353  21418  20.5  29.2   1.75   4.2   0.0
 10 1988 354  21850  20.7  31.6   1.78   3.6   0.0
 10 1988 355  20050  21.9  31.5   2.16   3.3   0.0
 10 1988 356  19222  22.6  31.0   2.36   3.3   0.0
 10 1988 357  16163  20.8  29.5   2.11   3.4   0.0
 10 1988 358  15119  21.2  30.2   1.84   1.7   0.0
 10 1988 359  10115  21.0  28.2   2.34   0.8   5.3
 10 1988 360   7487  21.2  25.2   2.44   1.0   4.1
 10 1988 361  26746  21.9  30.6   2.21   4.7   0.0
 10 1988 362  11987  22.1  28.6   2.05   4.0   0.0
 10 1988 363  21310  21.5  31.2   2.30   2.8   0.0
 10 1988 364  19618  23.0  31.4   2.54   4.2   0.0
 10 1988 365  20482  23.0  30.0   2.36   5.5   0.0
 10 1988 366  19726  23.0  31.0   2.29   4.1   0.0
