*-----------------------------------------------------------
*  Station Name: IRWE0001    IRRI Wetland site, Los Banos, Laguna
*  Author      : Climate Unit, IRRI    -99.: nil value
*  Source      : International Rice Research Institute (IRRI)
*
*  Comments    : This file is extracted from CLICOM database.
*  Longitude:  121 15 E   Latitude:  14 11 N   Altitude: 21.0 m
*
*  Column    Daily Value
*     1      Station number
*     2      Year
*     3      Day
*     4      irradiance         KJ m-2 d-1
*     5      min temperature            oC
*     6      max temperature            oC
*     7      vapor pressure            kPa
*     8      mean wind speed         m s-1
*     9      precipitation          mm d-1
*-----------------------------------------------------------
121.25  14.18  21.0  0.00  0.00
  1 1996   1   5652  21.2  24.5   2.28   1.6   0.4
  1 1996   2  13427  20.5  26.2   2.25   2.2   0.0
  1 1996   3  13679  19.2  27.1   2.12   1.7   0.1
  1 1996   4  12059  20.8  26.2   2.22   2.5   0.0
  1 1996   5  18575  18.7  27.3   2.01   2.0   0.0
  1 1996   6  14291  22.0  27.1   2.28   3.5   0.0
  1 1996   7  15371  22.2  27.0   2.08   2.4   0.0
  1 1996   8  10295  23.0  27.0   2.49   3.0   0.1
  1 1996   9  14471  22.5  27.5   2.05   2.9   0.0
  1 1996  10   7595  22.5  25.5   2.46   2.3   0.4
  1 1996  11   9179  22.2  26.5   2.25   2.2   0.0
  1 1996  12  12779  20.6  27.1   2.35   1.9   0.0
  1 1996  13  13823  21.4  27.9   2.26   1.8   0.0
  1 1996  14  10295  22.7  27.6   2.48   2.3   0.0
  1 1996  15   7055  23.5  27.1   2.62   1.3   0.5
  1 1996  16  10871  23.5  27.7   2.84   0.9  23.3
  1 1996  17  21454  23.8  30.0   2.76   2.6   0.0
  1 1996  18  17639  22.0  28.6   2.43   2.5   0.0
  1 1996  19  10943  22.1  27.7   2.45   1.8   4.4
  1 1996  20   8135  22.9  26.7   2.70   1.5   8.9
  1 1996  21  15263  23.0  29.2   2.72   2.4   0.0
  1 1996  22  15875  23.3  29.0   2.64   2.0   0.0
  1 1996  23  18503  22.5  30.0   2.58   2.0   0.0
  1 1996  24  10295  24.0  27.6   2.58   1.8   2.5
  1 1996  25  10835  23.3  28.5   2.70   1.7   0.6
  1 1996  26  18395  22.6  29.5   2.63   2.1   0.0
  1 1996  27   9899  23.0  28.5   2.62   1.6   0.0
  1 1996  28  14003  23.6  29.2   2.77   2.0   3.9
  1 1996  29   9359  24.0  26.8   2.71   1.2   2.8
  1 1996  30  20950  21.6  29.5   2.60   2.0   0.0
  1 1996  31  22606  22.0  29.5   2.69   2.5   0.0
  1 1996  32  19546  21.0  29.3   2.57   1.8   0.0
  1 1996  33  17783  23.0  27.5   2.55   3.9   1.0
  1 1996  34  14399  22.2  25.5   2.17   3.2   0.0
  1 1996  35  14507  18.7  26.0   2.03   2.3   0.0
  1 1996  36  11411  19.0  26.7   2.35   2.4   0.0
  1 1996  37  16631  21.0  27.0   2.22   3.3   0.0
  1 1996  38  12599  22.1  27.5   2.21   2.7   0.0
  1 1996  39  10079  21.8  26.5   2.23   2.1   0.0
  1 1996  40   8243  22.9  26.2   2.51   2.1   0.3
  1 1996  41  10151  22.5  24.8   2.29   4.1   0.0
  1 1996  42  11699  21.2  24.0   2.08   1.9   0.0
  1 1996  43  19366  19.8  27.5   2.05   2.1   0.0
  1 1996  44  14867  21.6  28.5   2.51   1.4   0.0
  1 1996  45  19582  23.3  31.0   2.73   1.4   0.0
  1 1996  46  17783  22.4  31.8   2.68   1.0   0.0
  1 1996  47  24622  22.1  30.2   2.79   1.9   1.6
  1 1996  48  19834  23.6  30.0   2.84   2.4   0.6
  1 1996  49  22822  22.3  30.0   2.66   2.4   0.0
  1 1996  50  14723  22.0  29.0   2.65   2.7   0.0
  1 1996  51  10871  23.5  27.0   2.47   2.8   0.6
  1 1996  52  19690  22.5  27.5   2.30   2.8   0.0
  1 1996  53  16415  21.3  27.5   2.33   2.3   0.8
  1 1996  54  11591  21.5  26.2   2.36   1.9   0.0
  1 1996  55  23074  20.0  28.2   2.22   1.8   0.0
  1 1996  56  21814  20.0  28.4   2.35   1.9   0.0
  1 1996  57  20770  21.0  29.2   2.42   1.3   0.0
  1 1996  58  23146  21.5  28.7   2.48   1.8   0.0
  1 1996  59  16271  21.5  28.3   2.55   2.0   0.0
  1 1996  60  19582  22.5  28.7   2.65   2.4   3.7
  1 1996  61   5796  22.6  24.9   2.51   1.7   7.0
  1 1996  62   7559  22.4  25.4   2.29   2.3   0.0
  1 1996  63  14939  22.2  26.2   2.39   2.2   1.0
  1 1996  64   9719  22.0  26.2   2.47   2.5   0.0
  1 1996  65   9431  22.6  26.3   2.35   2.4   0.0
  1 1996  66  16307  21.7  27.0   2.31   2.2   0.0
  1 1996  67  15767  22.7  28.9   2.54   2.0   0.0
  1 1996  68  19186  24.0  29.7   2.67   1.5   0.0
  1 1996  69  26026  21.8  30.2   2.61   1.8   0.0
  1 1996  70  24982  21.8  30.1   2.58   1.5   0.0
  1 1996  71  23542  23.5  29.3   2.66   1.7   0.0
  1 1996  72  27358  22.6  30.9   2.67   2.1   0.0
  1 1996  73  25630  22.2  31.0   2.59   2.0   0.0
  1 1996  74  26782  23.0  30.3   2.72   2.3   0.7
  1 1996  75  16019  23.5  31.0   2.85   1.5   0.0
  1 1996  76  20770  23.4  31.4   2.84   1.7   0.4
  1 1996  77  25450  22.5  32.5   2.81   1.9   0.0
  1 1996  78  21634  24.7  33.2   3.05   1.3   0.0
  1 1996  79  17315  25.0  30.7   3.03   1.4  25.9
  1 1996  80  28726  23.5  31.5   2.96   2.1   0.0
  1 1996  81  28366  22.3  31.3   2.85   2.0   0.0
  1 1996  82  26494  24.4  31.5   2.95   2.3   0.0
  1 1996  83  26026  24.8  31.0   2.87   2.8   0.1
  1 1996  84  28078  24.4  30.2   2.85   2.5   0.0
  1 1996  85  28510  22.2  30.4   2.72   2.5   0.1
  1 1996  86  28330  24.2  29.5   2.71   2.3   0.0
  1 1996  87  20590  23.4  30.0   2.68   2.4   0.0
  1 1996  88  17135  23.7  28.7   2.73   1.9   4.5
  1 1996  89  27826  23.5  30.2   2.81   1.9   0.0
  1 1996  90  19258  23.8  29.7   2.83   1.5   0.1
  1 1996  91  26134  23.5  33.3   2.88   1.3   0.0
  1 1996  92  23686  24.2  33.7   2.92   1.0   0.0
  1 1996  93  23758  24.4  30.6   3.09   1.5   0.0
  1 1996  94   7595  25.2  25.8   2.90   0.9  13.2
  1 1996  95  16847  23.4  28.5   2.80   1.3   1.5
  1 1996  96  21238  23.5  29.7   2.74   2.2   1.6
  1 1996  97  23398  23.5  30.5   2.90   1.8   0.0
  1 1996  98  14219  23.8  29.0   2.74   1.7   2.0
  1 1996  99  13715  24.0  28.0   2.85   1.2   4.0
  1 1996 100  11807  24.0  29.1   3.00   1.0   0.5
  1 1996 101  13319  24.6  29.2   2.94   0.8   0.4
  1 1996 102  11087  24.0  29.7   2.92   1.4  10.1
  1 1996 103   9035  24.0  28.0   2.73   1.6   0.0
  1 1996 104  18826  24.0  29.1   2.86   2.1   3.4
  1 1996 105  10511  24.1  27.7   2.83   1.2   3.3
  1 1996 106  20914  24.1  31.5   2.87   1.1   0.0
  1 1996 107  25918  22.3  33.0   2.93   1.0   0.0
  1 1996 108  22606  23.5  32.8   3.01   1.0   0.5
  1 1996 109  28258  24.5  32.1   3.02   1.6   0.0
  1 1996 110  26530  23.8  32.9   2.98   0.9   0.0
  1 1996 111  23254  24.0  34.0   3.00   1.0   1.0
  1 1996 112  25450  24.1  32.5   2.96   1.4   0.0
  1 1996 113  24082  24.5  32.2   2.86   1.2   0.0
  1 1996 114  21526  24.0  32.1   2.91   1.1   0.0
  1 1996 115  23758  24.7  31.0   2.87   1.7   0.0
  1 1996 116  24514  24.5  31.5   2.84   1.8   0.0
  1 1996 117  27394  24.1  31.7   2.87   2.1   0.0
  1 1996 118  21814  23.9  30.7   2.70   1.7   0.0
  1 1996 119  20446  24.5  31.0   2.84   1.9   0.0
  1 1996 120  25846  25.4  32.7   2.71   1.9   0.0
  1 1996 121  23650  24.8  32.7   3.02   1.3  14.8
  1 1996 122  23038  25.0  33.8   3.23   1.3   0.0
  1 1996 123  27466  25.6  34.0   3.22   1.9   0.0
  1 1996 124  28114  25.5  33.5   3.00   2.0   0.0
  1 1996 125  25414  24.0  33.5   2.96   1.0   0.0
  1 1996 126  18862  23.7  33.5   3.01   0.9   4.6
  1 1996 127  26134  23.6  34.1   3.09   1.0   0.0
  1 1996 128  15587  25.3  32.5   3.11   0.8   0.2
  1 1996 129  23938  23.5  35.2   2.99   1.1   0.0
  1 1996 130  20554  24.7  33.0   3.17   1.2   0.0
  1 1996 131  21526  23.9  34.0   3.20   1.0  17.8
  1 1996 132  23902  24.5  33.5   3.04   1.0   0.0
  1 1996 133  21814  25.5  33.2   2.82   0.8   0.6
  1 1996 134  21742  24.4  33.5   3.14   1.0  16.0
  1 1996 135  19942  23.6  33.3   3.28   1.4   0.0
  1 1996 136  22462  26.5  34.5   3.14   1.5   0.0
  1 1996 137  21058  25.2  34.2   3.18   1.5   0.2
  1 1996 138  18647  26.5  32.0   3.10   1.4   6.3
  1 1996 139  11231  25.4  31.5   3.01   0.9   3.8
  1 1996 140  15587  23.6  31.5   2.82   1.2   0.8
  1 1996 141  17855  24.5  32.2   3.08   1.8   0.8
  1 1996 142  25846  25.6  34.2   3.19   2.0   0.0
  1 1996 143  22282  25.7  33.2   2.99   1.8   0.0
  1 1996 144  11519  26.0  32.7   3.07   0.7   9.3
  1 1996 145  23650  25.5  33.8   2.99   0.9   0.0
  1 1996 146  19906  23.5  32.2   3.16   1.2   0.0
  1 1996 147  19258  25.2  32.8   3.05   0.8  18.0
  1 1996 148  15911  24.4  32.8   3.16   0.7   1.5
  1 1996 149  16307  22.1  30.8   2.93   0.6   0.0
  1 1996 150  25090  23.7  33.5   3.09   1.3   2.9
  1 1996 151  20518  25.4  32.0   3.16   1.9   3.8
  1 1996 152  19222  24.8  33.0   3.13   1.3  38.4
  1 1996 153  19402  24.2  32.5   3.06   1.1   6.0
  1 1996 154  26170  24.9  33.2   3.05   1.6   0.0
  1 1996 155  19690  26.0  33.5   3.03   1.4   5.1
  1 1996 156  19366  24.7  33.4   2.90   1.0   3.8
  1 1996 157  26026  26.1  33.5   3.23   0.9   3.4
  1 1996 158  20950  25.2  32.3   3.21   1.1   1.0
  1 1996 159  21490  25.5  33.0   3.10   1.8   0.1
  1 1996 160  17639  25.2  32.5   3.13   1.8   1.6
  1 1996 161  23938  25.5  32.0   3.02   2.0   0.7
  1 1996 162  26206  25.5  32.7   3.21   1.9   0.6
  1 1996 163  20734  25.1  31.2   3.07   1.3   0.5
  1 1996 164   9827  26.0  28.8   3.22   1.3  14.5
  1 1996 165  17279  24.9  32.0   3.05   0.9   0.0
  1 1996 166  14831  25.0  32.0   2.98   1.2   0.0
  1 1996 167  21346  24.5  31.5   3.10   1.6   0.4
  1 1996 168  14939  25.0  31.8   3.05   1.3   2.1
  1 1996 169  21238  24.7  32.2   3.11   1.6   0.0
  1 1996 170  10223  25.4  30.0   2.90   0.7   8.0
  1 1996 171  20374  23.1  31.9   3.02   1.0   0.2
  1 1996 172  26206  23.9  32.8   3.07   1.5   0.0
  1 1996 173  12455  24.9  31.7   3.22   0.8  21.9
  1 1996 174  19690  23.2  31.5   3.04   0.7   2.4
  1 1996 175  22174  24.0  33.0   3.22   0.9   0.2
  1 1996 176  24046  25.0  32.2   3.09   1.0   2.1
  1 1996 177  16271  25.0  30.1   2.98   1.1   3.4
  1 1996 178  22102  24.3  32.3   3.04   1.0   0.0
  1 1996 179  19834  24.8  31.5   3.08   1.1   3.6
  1 1996 180  19402  25.6  32.0   3.09   1.1   0.0
  1 1996 181  18503  24.5  31.5   3.17   1.2   0.4
  1 1996 182  17351  24.5  32.2   3.18   1.0  31.7
  1 1996 183  15587  25.0  32.6   3.16   0.8   6.6
  1 1996 184  24406  25.0  33.0   3.10   1.6   3.9
  1 1996 185  25270  26.0  32.0   3.28   1.8   0.3
  1 1996 186  15083  24.9  30.5   3.41   1.2   0.1
  1 1996 187  18035  25.0  31.0   3.07   0.9   0.0
  1 1996 188  20014  24.0  31.8   3.26   0.8   0.0
  1 1996 189  22102  24.5  32.5   3.52   0.9   1.6
  1 1996 190  25234  24.5  33.5   3.14   1.0   0.3
  1 1996 191  16235  24.0  32.0   3.00   0.9   0.0
  1 1996 192  20770  23.7  32.5   2.97   1.3   0.0
  1 1996 193  23542  24.0  33.3   3.06   1.1   0.0
  1 1996 194  21058  25.3  32.5   3.26   1.2   0.0
  1 1996 195  29482  25.4  33.1   3.07   1.9   0.0
  1 1996 196  16595  25.0  31.5   3.13   1.2   6.6
  1 1996 197  17423  24.5  32.2   3.14   1.1   0.2
  1 1996 198  19870  24.9  33.0   3.01   1.1   3.4
  1 1996 199  20878  24.7  31.7   3.07   1.3   1.5
  1 1996 200  21598  24.7  31.7   3.22   1.3   4.1
  1 1996 201  11447  25.2  31.1   3.03   1.0  19.6
  1 1996 202  11987  24.5  30.0   3.11   1.0   5.8
  1 1996 203  21634  24.3  32.3   3.03   1.4   3.0
  1 1996 204  13103  23.7  30.0   2.97   0.9   0.0
  1 1996 205  13463  23.1  31.0   2.99   1.7  15.3
  1 1996 206   5148  24.9  27.5   3.03   3.1 110.9
  1 1996 207   1908  23.8  27.4   2.88   3.8 144.4
  1 1996 208   2736  23.5  28.2   2.86   2.1  10.2
  1 1996 209  17351  23.3  31.0   3.25   1.7   0.0
  1 1996 210   9143  26.5  29.6   3.27   1.8   7.4
  1 1996 211   8099  24.7  29.5   2.87   2.0  29.8
  1 1996 212  10043  23.9  28.7   2.86   3.4  15.6
  1 1996 213  14651  24.7  31.0   3.13   4.3  26.6
