*-------------------------------------------------------------*
* Station name: Bah Lias Research Station
* Year: 1991
* Author: W. Gerritsma
* Source: Meteorological records, Bah Lias Research Station
*         P.T.P.P. London Sumatra Indonesia
*         P.O. box 1054
*         Medan 20011
*         Sumatra Utara
*         Indonesia
*
* Longitude: 99 20 E, latitude: 3 11 N, altitude: 30 m
*
* Estimates for A and B of the Angstrom formula are
*         A = 0.29,  B = 0.39
*
* Column  Daily value
* 1       station number
* 2       year
* 3       day
* 4       daily shortwave radiation     (kJ m-2 d-1)
* 5       minimum temperature           (degrees C)
* 6       maximum temperature           (degrees C)
* 7       early morning vapour pressure (kPa)
* 8       mean wind speed (height: 2 m) (m s-1)
* 9       precipitation                 (mm d-1)
*-------------------------------------------------------------*
99.3  3.16  30.0  0.00  0.00
 3  1991   1  17773  22.3  32.2  2.957  0.63    0
 3  1991   2  17154  22.3  32.7  2.975  0.72    2
 3  1991   3  12733  23.2  31.3  2.988  0.66   19
 3  1991   4  16841  21.7  31.7  2.856  0.72    0
 3  1991   5  14976  21.7  30.1  2.799  0.74    2
 3  1991   6  16416  20.9  31.4  2.654  0.54    0
 3  1991   7  12996  21.7  30.4  2.752  0.65    0
 3  1991   8  24408  18.6  33.1  2.530  0.68    0
 3  1991   9  20520  20.9  32.4  2.773  0.83    0
 3  1991  10  20520  20.8  33.1  2.784  0.67    0
 3  1991  11  14940  23.3  30.8  3.047  0.88    0
 3  1991  12  21456  21.7  33.2  2.910  0.86    0
 3  1991  13  15984  22.6  35.7  3.035  0.76    0
 3  1991  14   9936  22.7  31.1  2.881  0.70   11
 3  1991  15  16200  22.8  31.8  3.013  0.67    0
 3  1991  16   9252  22.2  29.9  2.860  0.71    5
 3  1991  17  11988  22.8  31.5  2.971  0.66    1
 3  1991  18  11736  22.6  30.5  2.937  0.61    0
 3  1991  19  14472  22.5  32.2  2.985  0.65    0
 3  1991  20  13788  22.3  31.7  2.908  0.70    0
 3  1991  21  16200  23.1  31.5  2.982  0.65    0
 3  1991  22  10368  23.1  29.8  2.981  0.80    0
 3  1991  23  10944  23.1  30.2  2.934  0.62    1
 3  1991  24  18360  22.1  33.7  2.984  0.70    0
 3  1991  25  17352  21.3  31.7  2.802  0.71    0
 3  1991  26  16308  23.3  30.7  3.043  0.77    0
 3  1991  27  16200  22.1  31.5  2.904  0.94    0
 3  1991  28  12780  21.7  31.8  2.859  1.10   43
 3  1991  29  11736  22.3  30.1  2.881  0.63    2
 3  1991  30  18720  20.8  32.4  2.760  0.51    0
 3  1991  31  20664  20.9  32.5  2.777  0.72    0
 3  1991  32  17784  22.6  31.1  2.745  0.82    0
 3  1991  33  12780  22.6  31.8  2.984  1.24    4
 3  1991  34  20772  22.1  32.9  2.985  0.62    0
 3  1991  35  15408  22.2  32.4  2.950  0.79    0
 3  1991  36  16308  22.0  31.8  2.841  0.61    0
 3  1991  37  10152  23.3  29.9  2.982  0.41    0
 3  1991  38  16668  21.5  32.4  2.795  0.70    0
 3  1991  39  18468  22.3  33.1  2.898  0.74    1
 3  1991  40  19728  21.1  33.0  2.734  0.75    0
 3  1991  41  18360  21.9  31.8  2.917  0.98    0
 3  1991  42  16884  21.8  32.1  2.884  0.71    0
 3  1991  43  17928  23.3  32.6  3.116  0.86    0
 3  1991  44  19152  23.3  32.6  3.083  0.95    0
 3  1991  45  19296  23.3  32.7  3.087  1.14    3
 3  1991  46  19836  23.2  31.9  2.947  1.00    0
 3  1991  47  23832  22.7  32.3  2.924  0.96    0
 3  1991  48  22932  20.8  33.4  2.651  0.92    0
 3  1991  49  21096  21.7  32.5  2.885  0.98    0
 3  1991  50  22824  21.2  33.6  2.679  0.85    0
 3  1991  51   8568  23.3  30.6  2.914  0.80   25
 3  1991  52  18828  22.3  32.6  2.941  0.59    0
 3  1991  53  22824  20.7  33.2  2.774  0.87    0
 3  1991  54  15984  22.3  31.9  2.673  0.83    0
 3  1991  55  17784  20.8  32.1  2.749  1.08    0
 3  1991  56  20088  20.6  33.3  2.736  0.99    0
 3  1991  57  21204  21.6  33.8  2.918  0.76    1
 3  1991  58  16992  23.3  33.6  3.089  1.01   28
 3  1991  59  18468  23.1  32.8  3.126  0.95    0
 3  1991  60  22032  22.9  33.7  3.035  1.05    0
 3  1991  61  20880  22.8  33.8  3.120  1.00    0
 3  1991  62  14364  23.7  32.6  3.011  0.90    0
 3  1991  63  23724  21.7  34.3  2.889  1.07    0
 3  1991  64  22932  22.9  33.6  3.095  0.99    0
 3  1991  65  18252  21.8  33.2  2.924  0.99    0
 3  1991  66  21348  21.7  33.4  2.917  0.85    0
 3  1991  67  21672  22.2  33.5  2.991  0.83    0
 3  1991  68  23148  22.2  32.7  2.931  0.74    0
 3  1991  69  19980  23.3  33.3  3.143  1.11    0
 3  1991  70  17676  21.3  32.9  2.668  0.82    0
 3  1991  71  19728  21.1  33.2  2.828  0.84    0
 3  1991  72  19404  21.7  33.3  2.914  0.81    0
 3  1991  73  19404  22.6  33.7  3.056  0.95    0
 3  1991  74  16524  23.1  33.1  3.041  0.74   20
 3  1991  75  21348  21.3  33.7  2.873  0.77    0
 3  1991  76  22464  21.7  33.8  2.932  0.67    0
 3  1991  77   8784  22.7  29.8  2.895  0.70    0
 3  1991  78  20196  22.9  34.2  3.119  1.16   15
 3  1991  79  16092  22.8  33.2  3.066  0.82    1
 3  1991  80  14256  23.1  31.7  3.084  0.85    0
 3  1991  81  13788  22.8  30.5  2.934  0.76    0
 3  1991  82  20880  22.3  33.4  3.063  0.74    0
 3  1991  83  17208  23.1  33.4  3.053  1.01   15
 3  1991  84  22932  22.5  33.7  2.947  0.97    0
 3  1991  85   9684  23.7  31.2  3.153  0.60    7
 3  1991  86  20412  23.7  33.8  3.156  0.88    0
 3  1991  87  18720  23.8  33.6  3.163  0.93    0
 3  1991  88  16668  22.7  33.2  3.051  0.76    0
 3  1991  89  16308  23.7  32.7  3.048  1.24    5
 3  1991  90  19152  22.1  33.1  2.901  0.83    3
 3  1991  91  11052  24.2  30.8  3.179  0.75    0
 3  1991  92  13104  22.3  31.5  2.901  0.77   20
 3  1991  93  16668  22.7  33.4  2.901  0.61    2
 3  1991  94  13464  23.7  33.0  3.158  0.68    4
 3  1991  95  16200  22.9  31.4  2.919  0.72    7
 3  1991  96  18252  23.6  32.2  3.080  0.67    0
 3  1991  97  18828  23.3  32.9  3.159  0.76    0
 3  1991  98  13788  23.5  31.7  3.046  0.70    3
 3  1991  99  18360  23.7  32.6  3.142  0.70    0
 3  1991 100  22824  22.6  34.0  3.067  0.77    0
 3  1991 101  16992  22.9  32.0  2.941  0.82    0
 3  1991 102  13356  22.9  32.3  3.046  0.56    0
 3  1991 103  17460  22.2  33.2  2.857  0.87    0
 3  1991 104  12420  23.1  31.6  3.017  0.74    1
 3  1991 105  16668  23.4  32.8  3.009  0.64    0
 3  1991 106  19836  22.0  34.1  2.985  0.91    0
 3  1991 107  18360  23.1  32.7  2.963  0.79    0
 3  1991 108  13788  22.9  33.4  3.024  0.63    0
 3  1991 109  23400  23.2  34.4  3.040  1.02    0
 3  1991 110  19836  21.7  33.2  2.880  0.85    0
 3  1991 111  15624  23.0  33.6  2.822  1.02    0
 3  1991 112  17568  22.7  34.4  2.969  0.88    0
 3  1991 113  21564  22.5  34.1  2.993  1.13    0
 3  1991 114  13932  22.7  32.8  3.005  0.75    2
 3  1991 115   9468  24.9  30.5  3.273  0.66    1
 3  1991 116  19836  22.8  30.0  2.946  0.95    0
 3  1991 117  20664  23.7  33.7  3.218  1.04    0
 3  1991 118  11628  23.5  32.3  3.101  0.55    0
 3  1991 119   7992  21.8  31.4  2.770  0.53    2
 3  1991 120  19404  22.1  34.8  2.869  0.97    0
 3  1991 121   4428  23.6  30.2  2.973  0.47    7
 3  1991 122  24300  22.1  34.1  2.999  0.80    0
 3  1991 123  22572  23.2  34.6  3.179  1.08    0
 3  1991 124  17100  23.4  33.8  2.981  0.83    0
 3  1991 125  18036  23.8  30.7  2.987  1.12    0
 3  1991 126  12312  23.4  32.2  3.051  0.98   12
 3  1991 127  13680  22.7  31.7  2.995  0.62    0
 3  1991 128  15840  22.9  33.1  3.045  0.65    0
 3  1991 129  16092  23.1  32.6  3.118  0.82    0
 3  1991 130  11052  24.4  32.2  3.265  0.58    7
 3  1991 131  19512  23.1  34.2  3.148  0.95    0
 3  1991 132  21204  23.3  34.7  3.164  0.92    0
 3  1991 133  16524  24.2  33.2  3.274  0.76    0
 3  1991 134  20988  23.3  33.6  3.154  0.89    0
 3  1991 135  18036  23.4  33.7  3.173  0.92    0
 3  1991 136  20520  22.4  33.7  2.902  1.02    0
 3  1991 137   9468  24.8  32.6  3.274  0.55    0
 3  1991 138  16524  23.8  33.8  3.237  1.03    0
 3  1991 139  20772  23.9  34.6  3.149  1.29   62
 3  1991 140  17460  22.9  32.3  3.015  1.04   12
 3  1991 141  11880  23.8  30.8  3.120  0.39    0
 3  1991 142  23832  22.6  34.2  3.075  1.17    8
 3  1991 143  16092  22.6  32.5  2.979  0.93    8
 3  1991 144  15300  22.6  31.8  3.015  0.99    0
 3  1991 145  10944  23.5  30.6  3.068  0.67    0
 3  1991 146  16092  23.4  32.9  3.174  0.64    2
 3  1991 147   7884  23.7  29.8  3.098  0.54   21
 3  1991 148  17208  23.2  32.6  3.133  0.65    0
 3  1991 149  17568  23.2  33.2  2.963  1.18   95
 3  1991 150  18252  22.4  31.6  2.979  0.74    0
 3  1991 151  18360  23.9  33.8  3.219  0.86    0
 3  1991 152  14256  25.2  32.0  3.346  0.90   40
 3  1991 153   9252  23.6  30.5  3.079  0.74   14
 3  1991 154  14616  23.3  33.3  3.143  1.35    7
 3  1991 155  17676  23.3  32.7  3.119  0.63    0
 3  1991 156  20412  23.6  34.6  3.272  0.74    0
 3  1991 157  21672  23.5  35.5  3.024  0.90    0
 3  1991 158  20988  24.1  34.0  3.257  1.26    6
 3  1991 159  18720  23.2  33.6  3.075  0.87    0
 3  1991 160  20520  23.4  33.6  3.169  0.78    0
 3  1991 161  22716  23.6  35.8  3.219  1.10    0
 3  1991 162  21780  22.4  35.2  3.084  0.73    0
 3  1991 163  22716  21.3  35.0  2.920  0.86    0
 3  1991 164  21564  21.9  34.6  2.681  0.90    0
 3  1991 165  20520  21.6  34.5  2.943  0.55    0
 3  1991 166  22572  22.9  35.2  3.027  0.97    0
 3  1991 167  23508  22.1  34.3  2.790  0.61    0
 3  1991 168  21204  23.5  34.8  3.132  0.78    0
 3  1991 169  19620  23.3  33.6  3.122  0.71    0
 3  1991 170  18144  23.8  33.7  3.267  0.93    0
 3  1991 171  18828  24.9  33.8  3.408  1.06    0
 3  1991 172  18828  23.1  34.7  3.070  1.25    0
 3  1991 173  18360  23.6  34.4  3.198  0.98   22
 3  1991 174   9468  21.0  29.9  2.700  0.43    0
 3  1991 175  17208  22.8  32.4  3.035  0.73    0
 3  1991 176  12096  22.1  31.8  2.824  0.94    0
 3  1991 177  12780  23.5  32.7  2.954  0.58    3
 3  1991 178  19404  23.5  33.8  3.126  0.72    0
 3  1991 179  22140  23.0  34.3  3.072  0.87    0
 3  1991 180  15516  23.7  32.5  3.171  0.60    2
 3  1991 181  17460  23.5  33.0  3.095  0.57    0
 3  1991 182  13248  23.4  31.8  3.131  1.01    0
 3  1991 183  12996  22.7  31.0  2.938  0.87    0
 3  1991 184   5688  23.0  29.3  2.948  0.84    8
 3  1991 185  19512  22.5  33.1  3.019  1.13    5
 3  1991 186  21204  22.6  32.7  2.956  1.53   22
 3  1991 187   9000  22.4  29.3  2.895  0.45    7
 3  1991 188  10944  21.6  30.3  2.793  0.38    0
 3  1991 189  17784  21.8  32.3  2.891  0.77    0
 3  1991 190  20088  22.7  32.7  3.064  0.82    0
 3  1991 191  17460  21.2  32.7  2.824  0.70    0
 3  1991 192  15984  23.7  32.5  3.204  0.76    0
 3  1991 193  18936  22.2  33.7  2.998  0.83    3
 3  1991 194  18144  23.4  33.2  3.154  0.94    0
 3  1991 195  20304  23.8  33.7  3.000  1.46    0
 3  1991 196  18612  22.4  33.1  2.695  1.41    0
 3  1991 197  10152  23.2  30.8  2.970  0.48    0
 3  1991 198  11160  23.2  32.7  2.977  0.59    1
 3  1991 199  14724  22.9  33.3  3.116  0.42    0
 3  1991 200  12096  23.8  32.2  3.207  0.91   12
 3  1991 201  20988  22.2  31.8  2.928  0.76    0
 3  1991 202  16524  22.6  32.6  3.045  0.85    0
 3  1991 203  14724  22.7  32.2  2.951  0.84    0
 3  1991 204  10152  23.3  32.2  3.132  0.60    6
 3  1991 205  17100  23.3  32.6  3.148  0.96    0
 3  1991 206  14724  22.4  32.3  2.944  0.57    0
 3  1991 207  21780  21.6  33.5  2.757  0.78    0
 3  1991 208  12204  22.0  31.7  2.718  0.98    0
 3  1991 209  20304  20.6  34.0  2.588  1.20    0
 3  1991 210  19152  24.2  33.2  3.207  1.32    0
 3  1991 211  18036  23.7  33.6  3.181  0.98    0
 3  1991 212   5364  24.7  30.0  3.223  0.28    0
 3  1991 213  12420  22.0  32.3  2.949  0.70   10
 3  1991 214  11052  21.1  31.8  2.779  0.49    0
 3  1991 215  21204  23.5  33.0  3.161  1.18    0
 3  1991 216   6624  22.9  29.0  2.954  0.57    0
 3  1991 217  16416  23.8  32.0  3.199  0.85    3
 3  1991 218  16308  22.9  32.6  2.963  0.86    0
 3  1991 219  15048  22.2  31.5  2.857  0.83    0
 3  1991 220  13788  22.6  32.5  2.979  1.17   59
 3  1991 221  15048  21.7  32.3  2.848  0.73    0
 3  1991 222  11412  22.3  31.7  2.817  0.83    7
 3  1991 223  19296  21.9  33.5  2.949  0.80    0
 3  1991 224  19728  22.7  33.0  2.918  0.51    0
 3  1991 225  17928  21.3  32.6  2.804  0.41    0
 3  1991 226  20088  23.4  33.5  3.100  0.77    2
 3  1991 227  22032  22.1  34.0  2.841  2.08   43
 3  1991 228  17352  22.5  32.0  2.947  0.61    0
 3  1991 229  17568  22.0  33.0  2.793  0.77    0
 3  1991 230  16524  21.3  32.5  2.830  0.73    0
 3  1991 231  17100  21.2  32.5  2.526  0.94    0
 3  1991 232  22932  22.3  34.3  2.847  1.27    0
 3  1991 233  21204  23.2  34.8  3.121  0.96    0
 3  1991 234  15624  24.1  33.5  3.136  0.97    4
 3  1991 235  13680  22.5  32.1  2.951  0.87    1
 3  1991 236  18720  22.3  33.5  2.912  0.73    0
 3  1991 237  18720  22.8  32.8  3.082  0.88    0
 3  1991 238  21564  22.8  33.5  3.109  0.92   12
 3  1991 239  15984  22.7  33.6  3.066  0.64    2
 3  1991 240  13248  23.2  31.4  3.087  1.55    4
 3  1991 241  17100  22.7  32.9  3.040  0.41    1
 3  1991 242  11412  23.8  31.0  3.160  0.79    0
 3  1991 243  19404  22.3  32.7  2.975  1.02    0
 3  1991 244  20880  22.4  33.7  3.027  1.13    0
 3  1991 245  15984  22.1  32.3  2.933  0.73    1
 3  1991 246  11880  23.2  31.7  3.067  0.70    9
 3  1991 247  17100  22.7  32.4  2.990  1.07   41
 3  1991 248  18036  22.2  31.8  2.928  1.03    2
 3  1991 249  20196  23.2  32.8  3.109  0.93    4
 3  1991 250  19152  23.6  32.7  3.196  0.81    3
 3  1991 251  12420  23.2  32.7  3.137  0.76    0
 3  1991 252   4680  22.3  28.7  2.801  0.56    1
 3  1991 253  11160  22.1  30.7  2.845  0.32    0
 3  1991 254  11628  23.1  31.2  2.971  0.54    0
 3  1991 255  19404  22.2  34.1  2.672  1.03    6
 3  1991 256  18468  22.3  31.9  2.916  0.86    0
 3  1991 257  11628  22.5  32.2  2.985  0.62    0
 3  1991 258  16884  22.4  32.5  2.982  0.88    0
 3  1991 259  14148  23.7  30.3  3.022  0.93   12
 3  1991 260  12096  23.5  30.3  2.773  0.68    0
 3  1991 261  14472  24.1  31.7  3.199  1.12   28
 3  1991 262  12780  23.3  30.7  3.074  0.78    2
 3  1991 263  16884  23.8  32.3  3.178  0.81    0
 3  1991 264  11628  24.0  32.2  3.237  0.56    0
 3  1991 265  12780  23.3  31.1  3.027  0.50    2
 3  1991 266  18612  23.4  31.4  3.052  0.77    0
 3  1991 267  15984  22.5  32.3  2.927  0.93    0
 3  1991 268  22356  22.2  32.3  2.947  1.25    0
 3  1991 269  13680  22.5  31.5  2.959  0.79    3
 3  1991 270  18468  22.2  32.0  2.875  0.69   40
 3  1991 271  11160  23.2  29.9  2.999  0.57    0
 3  1991 272  17784  23.3  32.9  3.063  1.14   19
 3  1991 273  20196  21.9  32.1  2.868  0.81    0
 3  1991 274  16776  23.6  33.2  3.019  0.70    0
 3  1991 275  12564  23.2  31.0  2.946  0.41    0
 3  1991 276  14148  23.7  31.7  3.107  0.69    0
 3  1991 277  13356  24.2  31.8  3.218  0.65    0
 3  1991 278   6948  24.2  29.4  3.157  0.57    0
 3  1991 279  10260  23.5  30.0  2.951  0.49    0
 3  1991 280  13356  23.5  31.5  3.071  0.81    0
 3  1991 281  16092  22.2  32.5  2.954  0.56    0
 3  1991 282  13572  22.0  31.8  2.751  0.40    0
 3  1991 283   8892  23.7  30.0  3.074  0.40    0
 3  1991 284  13680  22.5  31.7  2.936  0.95   85
 3  1991 285   8676  21.8  28.0  2.739  0.44    0
 3  1991 286  24768  22.8  31.1  3.018  0.97    5
 3  1991 287  14040  21.4  29.5  2.739  0.40    0
 3  1991 288  17352  21.9  32.0  2.864  0.73    0
 3  1991 289  22356  22.7  32.8  3.036  0.74    0
 3  1991 290  18468  22.7  31.5  2.987  0.70    0
 3  1991 291  14472  22.6  30.2  2.926  0.62    7
 3  1991 292  15156  22.9  30.8  2.897  0.83   15
 3  1991 293  15984  21.8  31.7  2.870  1.02   18
 3  1991 294  17460  22.2  30.0  2.863  0.79    0
 3  1991 295  20088  21.9  31.8  2.887  0.89   21
 3  1991 296  21204  22.1  32.5  2.940  0.96   72
 3  1991 297  19728  21.4  31.8  2.819  0.76    1
 3  1991 298  19620  22.1  31.4  2.900  0.84    0
 3  1991 299  16308  22.3  31.4  2.928  0.72    1
 3  1991 300  24084  22.6  32.3  3.034  0.76   27
 3  1991 301  16416  22.6  31.3  2.966  0.86    0
 3  1991 302  15732  22.3  29.0  2.812  0.64    0
 3  1991 303  15156  20.7  32.0  2.677  0.38    0
 3  1991 304  16200  22.6  32.2  2.907  0.51    0
 3  1991 305  15732  21.7  30.5  2.842  0.54    0
 3  1991 306   9000  22.3  29.2  2.790  0.42    6
 3  1991 307  16200  21.2  30.7  2.754  0.97    0
 3  1991 308   9936  21.7  30.8  2.824  0.47    0
 3  1991 309  10476  21.7  29.4  2.775  0.84    0
 3  1991 310  16992  22.1  31.1  2.889  0.89    5
 3  1991 311  16524  22.7  30.4  2.916  1.08    3
 3  1991 312  12204  22.3  30.2  2.884  0.49   21
 3  1991 313  20088  22.1  31.2  2.833  1.02    4
 3  1991 314  16668  21.3  32.3  2.823  0.84    5
 3  1991 315  15732  23.1  31.8  3.087  0.82    0
 3  1991 316   9252  22.7  29.8  2.925  0.63    3
 3  1991 317  12312  22.0  30.4  2.850  0.62    1
 3  1991 318   6840  22.7  29.7  2.861  0.60    3
 3  1991 319  12420  21.4  29.5  2.485  0.64    0
 3  1991 320  16668  21.9  30.4  2.749  0.63    0
 3  1991 321  15408  22.1  30.7  2.845  0.66    0
 3  1991 322  15300  22.7  30.2  2.879  1.26    0
 3  1991 323  16416  22.3  30.0  2.640  1.23    0
 3  1991 324  13464  22.7  30.2  2.849  0.70    1
 3  1991 325  11880  22.0  30.8  2.865  0.62    2
 3  1991 326  12096  21.2  31.7  2.789  0.52    2
 3  1991 327  14832  23.7  30.9  3.077  0.60    4
 3  1991 328  18720  22.8  31.6  3.005  0.74    0
 3  1991 329  10620  23.0  31.0  2.918  0.75    5
 3  1991 330  16416  23.2  31.5  3.059  1.10    0
 3  1991 331  12780  23.2  31.2  2.953  0.67    0
 3  1991 332  17676  22.4  31.4  2.881  0.93    0
 3  1991 333  14148  23.0  31.7  2.975  0.94    6
 3  1991 334  14832  22.9  31.1  2.970  0.63    0
 3  1991 335  18828  23.0  33.0  3.055  1.15   44
 3  1991 336  17928  22.2  30.8  2.892  0.87    0
 3  1991 337   6732  23.3  28.0  2.943  0.65    2
 3  1991 338   9000  22.2  28.6  2.755  1.03    0
 3  1991 339  14832  21.6  30.3  2.735  1.33    1
 3  1991 340  10476  22.3  29.8  2.811  0.80    0
 3  1991 341   5004  23.1  28.7  2.880  0.73   10
 3  1991 342  13464  22.0  30.2  2.755  0.70    0
 3  1991 343  14832  22.7  31.3  2.919  0.77    2
 3  1991 344   6840  23.2  28.3  2.940  0.58    2
 3  1991 345  12564  21.3  29.1  2.600  1.36    0
 3  1991 346  14724  22.2  29.7  2.735  0.65    0
 3  1991 347  14724  22.0  31.3  2.883  0.82    7
 3  1991 348  11880  22.8  30.1  2.919  0.52    3
 3  1991 349  19152  23.7  32.6  3.175  0.86   36
 3  1991 350  16092  23.6  31.0  3.098  0.74   12
 3  1991 351  17208  23.3  32.6  3.019  0.90    4
 3  1991 352   9252  23.3  28.2  2.980  0.85    5
 3  1991 353  12888  23.1  30.5  3.007  0.81    3
 3  1991 354  11736  23.0  29.7  2.963  1.05    0
 3  1991 355   9108  23.7  28.9  2.939  0.68   10
 3  1991 356  14724  21.8  30.6  2.772  0.60    0
 3  1991 357   7632  23.7  29.5  3.024  0.41    6
 3  1991 358  19980  23.1  32.3  3.075  0.79    0
 3  1991 359   8676  22.3  28.8  2.834  0.69    0
 3  1991 360  13680  22.2  27.7  2.725  0.50    0
 3  1991 361  18720  22.0  31.7  2.897  0.84    0
 3  1991 362  12312  22.1  30.3  2.860  0.73    0
 3  1991 363  13788  23.3  30.7  3.074  0.47    1
 3  1991 364  12780  22.3  29.6  2.833  0.57    0
 3  1991 365  12780  22.3  29.5  2.181  0.57    0
