*-------------------------------------------------------------*
* Station name: Bah Lias Research Station
* Year: 1995
* Author: W. Gerritsma
* Source: Meteorological records, Bah Lias Research Station
*         P.T.P.P. London Sumatra Indonesia
*         P.O. box 1054
*         Medan 20011
*         Sumatra Utara
*         Indonesia
*
* Longitude: 99 20 E, latitude: 3 11 N, altitude: 30 m
*
* Estimates for A and B of the Angstrom formula are
*         A = 0.29,  B = 0.39
*
* Column  Daily value
* 1       station number
* 2       year
* 3       day
* 4       daily shortwave radiation     (kJ m-2 d-1)
* 5       minimum temperature           (degrees C)
* 6       maximum temperature           (degrees C)
* 7       early morning vapour pressure (kPa)
* 8       mean wind speed (height: 2 m) (m s-1)
* 9       precipitation                 (mm d-1)
*-------------------------------------------------------------*
99.3  3.16  30.0  0.00  0.00
 3  1995   1  10627  21.7  28.9  2.757  1.01    0
 3  1995   2  13190  22.4  30.9  2.923  0.74    0
 3  1995   3  12046  23.3  31.3  3.034  0.57    9
 3  1995   4  11981  23.2  30.8  3.033  0.77    1
 3  1995   5  10364  23.4  29.4  2.978  0.82    2
 3  1995   6  16290  22.6  31.3  2.997  0.68    0
 3  1995   7  13133  21.9  31.3  2.898  0.53    0
 3  1995   8  15206  21.7  31.4  2.845  0.71    0
 3  1995   9  17726  21.3  32.7  2.808  0.74    0
 3  1995  10  12096  22.4  29.8  2.913  0.94    0
 3  1995  11  10876  22.5  30.2  2.822  0.60    0
 3  1995  12  14440  21.9  31.4  2.872  0.59    3
 3  1995  13  12647  22.7  31.3  2.980  0.80   21
 3  1995  14  13802  22.6  30.7  2.944  0.68    2
 3  1995  15  16387  22.8  31.0  2.829  1.01   24
 3  1995  16  14936  22.3  30.3  2.828  1.15   20
 3  1995  17  12769  22.2  31.8  2.808  0.93   31
 3  1995  18  15289  22.1  30.9  2.882  1.06    0
 3  1995  19  13529  22.3  30.9  2.849  0.94    0
 3  1995  20  14850  22.5  30.3  2.885  0.90    0
 3  1995  21   9950  22.6  29.9  2.855  0.58   24
 3  1995  22  15473  22.0  30.8  2.865  0.77    2
 3  1995  23  16729  22.3  31.2  2.920  0.86    0
 3  1995  24  20462  22.6  34.2  2.948  0.73    0
 3  1995  25  18821  22.4  32.6  3.017  1.31    0
 3  1995  26  21121  22.4  32.3  2.975  1.17    0
 3  1995  27  18713  23.4  31.9  3.039  1.05    0
 3  1995  28  14760  22.3  30.6  2.899  0.81    0
 3  1995  29  15264  23.3  31.3  2.939  0.82    4
 3  1995  30  16002  21.4  31.9  2.822  0.86    0
 3  1995  31  22986  20.1  32.3  2.665  0.93    0
 3  1995  32  15242  21.7  30.9  2.827  1.01    0
 3  1995  33  14454  22.3  30.7  2.902  0.98    0
 3  1995  34  19199  20.8  32.4  2.760  1.09    0
 3  1995  35  19750  20.6  32.2  2.614  1.01    0
 3  1995  36  17118  20.2  31.2  2.587  1.05    0
 3  1995  37  19246  18.6  31.9  2.441  0.95    0
 3  1995  38  22165  18.4  32.3  2.455  1.24    0
 3  1995  39  21758  19.0  33.0  2.550  1.08    0
 3  1995  40  18994  20.7  32.3  2.743  1.05    0
 3  1995  41  11149  21.1  31.4  2.765  0.58    0
 3  1995  42  12701  21.6  31.4  2.802  0.53    0
 3  1995  43  16895  21.0  32.1  2.776  1.06    0
 3  1995  44  11250  20.8  31.1  2.715  1.33   80
 3  1995  45  17359  20.2  31.6  2.627  0.67    0
 3  1995  46  22554  19.8  32.8  2.617  0.79    0
 3  1995  47  15664  20.7  30.7  2.689  1.10    0
 3  1995  48  14450  20.8  30.7  2.701  1.06    0
 3  1995  49  10462  21.6  29.8  2.690  0.67    0
 3  1995  50  13500  22.4  31.6  2.858  0.65    0
 3  1995  51  23342  21.4  33.6  2.883  1.08    0
 3  1995  52  21287  19.7  32.7  2.628  0.97    0
 3  1995  53  13169  21.2  32.4  2.813  0.91    0
 3  1995  54  15088  21.2  31.4  2.778  1.02    4
 3  1995  55  17208  22.5  31.7  2.967  1.23   17
 3  1995  56  12946  22.6  29.2  2.830  0.80    0
 3  1995  57   7898  22.3  29.2  2.848  0.57    0
 3  1995  58  16902  21.7  31.9  2.863  0.90    0
 3  1995  59  19145  23.2  31.0  3.040  0.86    0
 3  1995  60  12625  21.6  30.8  2.810  0.75    0
 3  1995  61  16934  21.8  31.6  2.866  0.90    0
 3  1995  62  14339  21.7  32.1  2.811  0.81    0
 3  1995  63  23936  21.6  33.2  2.896  0.92    0
 3  1995  64   8910  22.3  29.8  2.781  0.71    0
 3  1995  65  16549  22.4  30.2  2.868  1.00    0
 3  1995  66   8460  22.8  30.9  2.949  0.67   13
 3  1995  67  20300  22.1  32.9  2.924  0.96    0
 3  1995  68  21060  20.0  32.1  2.646  0.93    0
 3  1995  69  11974  22.1  31.2  2.833  0.69    0
 3  1995  70  19490  22.3  32.4  2.964  1.13    0
 3  1995  71  21046  21.7  33.0  2.903  1.12    8
 3  1995  72  16164  23.0  31.2  2.894  1.11    0
 3  1995  73  19494  21.8  32.2  2.858  0.93    0
 3  1995  74  19015  22.3  33.1  2.990  1.02    0
 3  1995  75  13918  22.7  30.3  2.943  0.90    2
 3  1995  76  20531  21.5  33.7  2.900  1.17    0
 3  1995  77  13932  23.2  30.7  2.841  1.02    8
 3  1995  78  21924  22.3  32.2  2.896  1.00    0
 3  1995  79  16081  21.7  32.1  2.841  1.27    5
 3  1995  80  18965  21.2  32.4  2.813  0.94    0
 3  1995  81  12121  22.2  31.5  2.917  0.96   19
 3  1995  82  20801  21.2  32.2  2.806  0.74    0
 3  1995  83  22151  21.4  31.9  2.764  0.90    0
 3  1995  84   9922  21.6  32.1  2.768  0.54    3
 3  1995  85   8852  21.3  29.3  2.719  0.57    0
 3  1995  86  21503  21.7  32.3  2.877  1.03    0
 3  1995  87  20704  21.8  32.7  2.786  1.11    0
 3  1995  88  22046  21.7  32.3  2.788  1.24   30
 3  1995  89  22486  21.3  32.5  2.830  0.76    0
 3  1995  90  17276  22.5  33.4  2.999  0.63   10
 3  1995  91  17485  21.5  32.6  2.861  1.09   21
 3  1995  92  17168  22.8  31.3  2.994  1.06    3
 3  1995  93  18947  22.3  30.3  2.888  0.98    0
 3  1995  94  21186  22.0  32.8  2.937  0.90    0
 3  1995  95  16772  22.4  31.7  2.953  0.60    0
 3  1995  96   9648  22.4  32.7  2.990  0.96    0
 3  1995  97  16196  22.8  31.4  2.967  0.75    3
 3  1995  98  23400  22.6  32.3  2.910  1.03    0
 3  1995  99  13187  22.2  31.1  2.843  0.94   12
 3  1995 100  13871  22.8  29.9  2.942  1.18   11
 3  1995 101  17971  21.4  31.3  2.744  1.16    1
 3  1995 102  10012  22.2  29.2  2.718  0.72    1
 3  1995 103  15628  22.5  31.1  2.914  0.88    0
 3  1995 104  21708  23.1  32.4  3.047  1.28    8
 3  1995 105  20484  22.0  31.8  2.901  0.61    0
 3  1995 106  19116  22.1  32.6  2.913  0.95    5
 3  1995 107  20808  23.3  32.4  3.044  1.01    3
 3  1995 108  17219  22.3  32.4  2.964  0.80    0
 3  1995 109  24084  22.6  34.1  2.913  0.96    0
 3  1995 110  22622  22.8  33.2  3.066  0.92    0
 3  1995 111  23170  22.7  33.2  2.957  1.08    0
 3  1995 112  22183  22.6  33.8  2.996  1.08    7
 3  1995 113  19278  21.9  33.1  2.904  0.84    0
 3  1995 114  13457  22.8  32.9  2.960  0.76    0
 3  1995 115  16787  22.7  32.2  2.951  0.79    4
 3  1995 116  15671  21.4  30.9  2.787  0.92    8
 3  1995 117  17284  22.8  32.2  2.934  0.83    0
 3  1995 118  22777  22.9  34.1  3.083  0.84    0
 3  1995 119  16664  23.2  32.3  2.930  0.78    0
 3  1995 120  20048  22.6  33.3  3.009  0.88    0
 3  1995 121   8168  22.7  30.1  2.875  0.56   15
 3  1995 122  13540  21.8  31.8  2.873  0.56   13
 3  1995 123  17053  21.4  33.2  2.810  0.85   17
 3  1995 124  21258  22.9  32.8  3.033  1.23    5
 3  1995 125  24304  22.8  32.8  2.988  1.27    1
 3  1995 126  14494  22.5  32.1  2.981  0.72    0
 3  1995 127  14753  23.5  32.1  3.029  0.64    2
 3  1995 128  13918  23.7  31.8  3.111  0.78   42
 3  1995 129   7632  21.8  28.7  2.792  0.37    1
 3  1995 130  21895  22.2  33.2  2.949  1.18    0
 3  1995 131  20250  22.2  33.3  2.984  0.96    4
 3  1995 132  10735  22.7  29.8  2.925  0.73    7
 3  1995 133  16920  23.2  31.3  3.020  0.53    0
 3  1995 134  22579  22.5  32.8  2.914  1.01    0
 3  1995 135   8626  22.8  29.8  2.878  0.66    1
 3  1995 136  18324  22.9  32.6  3.089  0.76    0
 3  1995 137  19692  23.8  34.3  3.257  1.15   18
 3  1995 138  19692  22.3  29.8  2.840  0.46    0
 3  1995 139  20124  23.1  33.4  3.085  1.09    3
 3  1995 140  16200  22.1  33.2  2.874  0.92    9
 3  1995 141  16740  22.4  32.8  3.024  0.67    0
 3  1995 142  17748  23.3  34.1  3.207  1.14    8
 3  1995 143  18000  22.2  32.1  2.939  0.72   24
 3  1995 144  21024  23.3  33.8  2.967  1.01    0
 3  1995 145  19008  23.3  32.1  3.096  1.20    0
 3  1995 146  22392  21.4  33.3  2.724  1.15    0
 3  1995 147  19692  22.8  33.2  2.908  0.86    0
 3  1995 148  16632  23.3  32.2  2.972  0.41    0
 3  1995 149  18000  23.6  33.7  2.972  0.65    0
 3  1995 150  21384  25.7  35.3  3.417  0.75    0
 3  1995 151  15516  23.2  32.3  3.058  0.84    0
 3  1995 152  21816  22.7  33.7  2.944  0.86    3
 3  1995 153   2905  22.4  29.4  2.869  0.55   47
 3  1995 154  19944  22.3  32.0  2.980  0.93    2
 3  1995 155   9450  22.7  30.0  2.872  0.41    0
 3  1995 156  19919  23.3  32.7  2.959  0.95    1
 3  1995 157  17208  22.3  32.7  3.006  0.73    0
 3  1995 158  23832  21.7  33.7  2.928  0.80    0
 3  1995 159  23508  22.9  33.3  3.052  1.14    0
 3  1995 160  16056  22.3  31.3  2.834  1.03    0
 3  1995 161  24876  22.1  32.9  2.894  0.65    0
 3  1995 162  23616  20.3  34.2  2.501  1.04    0
 3  1995 163  22716  20.6  34.3  2.482  0.79    0
 3  1995 164  22608  20.9  34.7  2.648  0.86    0
 3  1995 165  20700  21.6  33.9  2.891  1.09    0
 3  1995 166  19440  21.7  33.3  2.613  0.83    0
 3  1995 167  22392  21.9  33.4  2.672  0.88    0
 3  1995 168  22392  21.5  33.3  2.737  1.00    0
 3  1995 169  19440  21.1  33.5  2.634  1.00    5
 3  1995 170   9540  21.4  34.7  2.893  0.95    0
 3  1995 171  20700  20.8  33.9  2.696  0.83    0
 3  1995 172  21924  21.3  34.6  2.756  0.87    0
 3  1995 173   7632  23.3  29.1  2.860  0.61   13
 3  1995 174   8640  23.1  29.7  2.977  0.54    0
 3  1995 175  14616  23.5  31.3  3.031  1.08    1
 3  1995 176  14616  22.1  32.5  2.879  1.01    0
 3  1995 177  14256  21.9  32.9  2.836  0.89    0
 3  1995 178  16200  22.3  33.5  3.005  0.63    0
 3  1995 179  14256  22.2  32.1  2.939  0.83    2
 3  1995 180  18540  21.5  33.5  2.834  0.77    0
 3  1995 181  14256  22.0  33.2  2.952  0.69    2
 3  1995 182   8064  22.2  30.8  2.892  0.69    6
 3  1995 183  19584  21.3  32.1  2.729  1.01    0
 3  1995 184  15156  21.3  32.5  2.743  0.85    0
 3  1995 185  12024  22.7  31.5  2.895  0.79    0
 3  1995 186  19692  21.7  31.7  2.738  1.07   32
 3  1995 187  19692  21.7  31.3  2.754  0.86    3
 3  1995 188  18540  22.1  32.5  2.940  0.83    0
 3  1995 189  18648  21.7  33.3  2.823  1.01    0
 3  1995 190  19800  22.8  32.7  2.984  1.27    5
 3  1995 191  17532  21.8  33.1  2.920  0.86    0
 3  1995 192  19008  22.5  33.7  3.073  1.03   10
 3  1995 193  23508  22.4  33.8  3.031  1.03    0
 3  1995 194  17532  23.8  33.2  3.180  1.00    0
 3  1995 195  20232  22.7  34.3  2.997  1.01    0
 3  1995 196  17316  21.7  32.9  2.839  0.94    8
 3  1995 197  16416  21.5  32.8  2.838  0.83   15
 3  1995 198  20484  21.7  32.8  2.925  1.14    0
 3  1995 199  14148  22.5  32.9  3.011  0.86    0
 3  1995 200  16200  23.3  33.3  2.981  1.09    0
 3  1995 201  16524  21.7  32.8  2.836  0.72    0
 3  1995 202  22824  20.5  34.7  2.425  1.02    0
 3  1995 203  20484  20.8  34.2  2.707  0.94    0
 3  1995 204  20916  21.6  33.6  2.911  0.95    0
 3  1995 205  19008  23.3  33.3  3.143  0.79    0
 3  1995 206  17424  23.2  33.4  3.003  1.02    0
 3  1995 207  16848  23.0  33.2  2.999  0.83    0
 3  1995 208  21816  22.8  35.1  2.847  0.95    0
 3  1995 209  18000  24.1  32.7  3.172  0.89    0
 3  1995 210  17892  23.3  32.3  2.880  0.87    5
 3  1995 211  13608  22.7  30.8  2.870  1.02    0
 3  1995 212  17640  20.8  31.9  2.743  1.10    0
 3  1995 213  19692  21.5  33.7  2.900  1.20    1
 3  1995 214  16308  21.5  33.3  2.856  1.04    5
 3  1995 215  17208  22.0  32.6  2.779  0.91    0
 3  1995 216  20700  21.3  33.2  2.914  1.04    0
 3  1995 217  18216  22.8  34.2  2.976  1.26    0
 3  1995 218  19584  21.3  33.1  2.822  0.84    0
 3  1995 219  21492  21.2  34.3  2.881  1.24    0
 3  1995 220  17100  21.9  32.6  2.796  1.14    2
 3  1995 221  17208  21.1  31.6  2.743  0.96    0
 3  1995 222  13248  23.0  32.6  3.103  0.95    1
 3  1995 223  12456  23.6  32.0  3.169  1.07   10
 3  1995 224  18648  22.3  33.0  2.956  1.26   89
 3  1995 225  22824  21.7  33.3  2.914  1.11   33
 3  1995 226  16848  21.3  33.4  2.774  0.93    0
 3  1995 227  22500  22.1  33.3  2.878  0.92    0
 3  1995 228  16524  22.3  31.8  2.882  0.89    0
 3  1995 229  17424  21.5  32.2  2.759  0.87    3
 3  1995 230  19116  23.2  32.8  3.141  0.99    0
 3  1995 231  21708  22.3  33.8  2.892  0.96    0
 3  1995 232  22392  20.6  34.3  2.742  1.03    0
 3  1995 233  17100  22.3  32.8  2.826  0.84    0
 3  1995 234  16416  22.4  32.1  2.814  0.96    0
 3  1995 235   6372  22.6  31.2  2.932  0.70    0
 3  1995 236  22824  22.1  32.8  2.768  1.33   39
 3  1995 237  15408  22.2  30.8  2.832  1.12    3
 3  1995 238  13716  21.7  29.8  2.789  0.93    0
 3  1995 239  22284  21.7  32.6  2.888  1.14    0
 3  1995 240  19116  22.1  32.1  2.895  0.88    0
 3  1995 241  21132  23.1  34.2  3.116  1.31   16
 3  1995 242  18900  21.8  32.5  2.869  1.08   11
 3  1995 243   7164  22.0  28.4  2.722  0.65    5
 3  1995 244  14148  21.7  31.1  2.805  0.62    0
 3  1995 245  14148  22.6  30.4  2.872  1.06    3
 3  1995 246  23184  21.5  32.8  2.838  1.39   29
 3  1995 247  17748  20.8  32.8  2.774  1.39   12
 3  1995 248  14508  21.6  30.4  2.739  1.04   25
 3  1995 249  21924  21.4  33.7  2.887  0.98    8
 3  1995 250  14256  23.4  31.4  3.116  0.90   15
 3  1995 251  15732  22.1  31.2  2.863  0.88    0
 3  1995 252  21240  21.7  32.7  2.892  1.05    0
 3  1995 253  15624  22.4  31.8  2.895  0.98    3
 3  1995 254  19692  21.6  32.7  2.848  1.29    2
 3  1995 255  17748  21.3  31.6  2.654  0.97    0
 3  1995 256  10908  22.3  30.2  2.617  0.87    0
 3  1995 257  12240  22.3  30.7  2.783  0.66    0
 3  1995 258  21600  22.5  33.5  3.002  1.19    0
 3  1995 259  15840  22.1  32.2  2.929  1.14   22
 3  1995 260  17100  22.8  31.6  3.036  1.19    8
 3  1995 261  16740  22.3  31.8  2.942  0.80    9
 3  1995 262  16848  22.3  30.3  2.888  0.53    1
 3  1995 263  19692  23.3  32.8  3.027  1.37    0
 3  1995 264  20808  23.8  33.1  3.143  0.85    1
 3  1995 265  10764  22.2  29.2  2.718  1.07   72
 3  1995 266  21024  19.4  30.5  2.519  1.18    4
 3  1995 267  19224  21.8  31.7  2.781  1.82    0
 3  1995 268  18648  22.6  31.7  2.950  0.22   40
 3  1995 269  15048  22.1  31.7  2.881  0.16    0
 3  1995 270   9324  21.8  31.7  2.751  0.90   12
 3  1995 271  22716  21.9  31.7  2.883  1.10   11
 3  1995 272  23076  21.7  31.8  2.683  1.04    2
 3  1995 273  16308  22.1  31.3  2.896  0.94   36
 3  1995 274  22716  21.1  31.7  2.718  0.96    0
 3  1995 275  20016  20.7  31.8  2.642  0.81   36
 3  1995 276  20916  22.3  33.3  3.029  0.83    0
 3  1995 277   7355  22.7  30.1  2.906  0.58    0
 3  1995 278  22766  22.3  33.1  2.682  1.24    5
 3  1995 279  11041  22.8  29.7  2.965  0.65    0
 3  1995 280  21182  22.7  32.7  3.032  0.62    0
 3  1995 281  19703  22.3  31.8  2.912  0.95    0
 3  1995 282  13756  21.7  30.4  2.694  0.79   11
 3  1995 283  15955  23.3  30.2  3.055  0.86    2
 3  1995 284  18644  22.4  32.2  2.940  1.07    4
 3  1995 285      0  22.3  30.6  2.869  0.79   35
 3  1995 286  21524  21.5  32.5  2.857  1.09    3
 3  1995 287  11261  22.3  29.3  2.881  0.66    0
 3  1995 288  14342  22.1  31.1  2.830  0.79   17
 3  1995 289  18263  22.3  30.2  2.884  0.79    0
 3  1995 290  18720  22.3  30.7  2.932  0.99    0
 3  1995 291  14918  22.8  31.7  2.947  1.21    5
 3  1995 292  20063  21.7  31.8  2.712  0.89    1
 3  1995 293  10656  23.2  33.1  3.056  0.80    1
 3  1995 294  11797  22.8  29.3  2.951  0.94    0
 3  1995 295  15523  22.7  31.8  2.999  1.08    6
 3  1995 296  15196  23.1  31.7  3.084  0.92  112
 3  1995 297   7438  23.9  27.6  3.012  0.46    0
 3  1995 298  18720  22.2  31.8  2.928  1.04   31
 3  1995 299  11621  22.2  29.9  2.860  1.01    0
 3  1995 300  16171  22.3  31.5  2.810  1.17    2
 3  1995 301  13558  22.7  30.2  2.970  1.24    5
 3  1995 302  20466  22.2  30.9  2.896  1.39    0
 3  1995 303  21992  21.8  31.6  2.777  1.10    0
 3  1995 304  20898  21.4  31.6  2.754  1.21    0
 3  1995 305  21485  21.6  32.3  2.864  1.54    8
 3  1995 306  19055  22.3  31.7  2.908  1.13    0
 3  1995 307  16837  22.4  32.3  3.005  1.04   15
 3  1995 308  14231  22.4  32.7  3.020  0.64    1
 3  1995 309  12722  22.2  29.8  2.886  0.94    2
 3  1995 310  17172  21.9  31.7  2.913  0.69    0
 3  1995 311  10336  22.4  29.4  2.899  0.83    2
 3  1995 312   8021  22.4  28.8  2.818  0.63    1
 3  1995 313  18223  21.5  31.7  2.683  1.18   14
 3  1995 314  15070  21.9  30.3  2.833  0.89    3
 3  1995 315  15487  23.2  32.1  3.082  0.88    0
 3  1995 316  11628  22.2  28.6  2.755  0.88   15
 3  1995 317  21712  21.6  32.4  2.808  0.96    0
 3  1995 318  15120  22.3  31.7  2.878  0.73    3
 3  1995 319  16186  22.7  32.3  3.017  0.91   11
 3  1995 320   9169  22.8  29.8  2.878  0.53    2
 3  1995 321  12629  21.9  32.7  2.799  0.82    0
 3  1995 322   9965  21.2  30.1  2.705  0.89    4
 3  1995 323   9090  21.2  31.1  2.682  0.72    0
 3  1995 324  17737  21.0  31.3  2.748  0.89    0
 3  1995 325  18659  22.5  32.3  2.989  0.93    0
 3  1995 326  14922  22.3  31.3  2.864  1.25    0
 3  1995 327  16060  22.5  31.5  2.868  1.25    6
 3  1995 328  16852  22.2  32.3  2.856  0.78    0
 3  1995 329  16708  23.2  31.8  2.975  1.16   23
 3  1995 330  17125  22.8  30.8  3.006  1.03    0
 3  1995 331  18180  22.6  31.6  2.885  0.99    0
 3  1995 332  12924  22.1  31.6  2.847  0.64    0
 3  1995 333  13356  22.7  31.3  2.919  0.91    0
 3  1995 334  21096  22.6  32.7  2.925  1.01    9
 3  1995 335  11567  22.6  30.7  2.913  0.86   19
 3  1995 336  12049  21.3  30.6  2.792  0.72    0
 3  1995 337  13331  21.3  31.7  2.686  0.65   20
 3  1995 338  15772  21.2  31.1  2.768  0.86    0
 3  1995 339  15984  21.1  32.1  2.674  0.88    0
 3  1995 340  11754  22.8  29.2  2.857  0.86    0
 3  1995 341  16657  22.8  30.6  2.907  1.37    7
 3  1995 342  18904  22.3  31.7  2.939  0.92    7
 3  1995 343  13504  22.3  31.7  2.908  0.89    2
 3  1995 344  15520  22.3  31.1  2.826  0.89    0
 3  1995 345  14854  22.0  30.8  2.746  0.88    0
 3  1995 346  10109  22.3  30.8  2.726  0.83    0
 3  1995 347  11653  22.0  30.3  2.788  0.52    1
 3  1995 348  15890  21.1  30.9  2.748  0.70    0
 3  1995 349  13972  21.1  31.2  2.729  0.80    1
 3  1995 350  18317  20.2  31.7  2.658  1.18    0
 3  1995 351  18356  20.5  32.1  2.626  0.86    1
 3  1995 352  14375  20.8  31.1  2.743  1.02    0
 3  1995 353  15552  22.3  32.3  2.900  0.91    0
 3  1995 354  13194  22.1  30.7  2.875  1.25    0
 3  1995 355  16344  21.3  32.2  2.732  1.18    0
 3  1995 356  17626  21.0  31.7  2.705  1.18    0
 3  1995 357  12359  20.8  31.7  2.595  0.96    0
 3  1995 358  13162  20.7  31.7  2.723  0.90    0
 3  1995 359  16762  20.6  32.2  2.699  1.01   39
 3  1995 360  13046  20.5  30.6  2.659  0.59    0
 3  1995 361  15682  23.0  31.7  3.038  0.68    7
 3  1995 362  16301  22.1  32.3  2.933  0.83    1
 3  1995 363  11887  23.0  33.2  2.999  0.88    2
 3  1995 364  16146  21.9  30.8  2.851  1.08    4
 3  1995 365  17413  22.7  32.1  2.979  0.90   25
