*---------------------------------------------------------------------------*
* Station name: Sukamandi (Agric. Research Station, CRIFC), Indonesia
* Year: 1984
* Author: Peter Uithol                                     -99.000: NIL VALUE
* Source: IRRI/WMO Special project
* Comments:
* Longitude: 107 45 E, latitude: 6 15 S, altitude: 7. m
*
* Column  Daily value
* 1       station number
* 2       year
* 3       day
* 4       irradiation                   (kJ m-2 d-1)
* 5       minimum temperature           (degrees Celsius)
* 6       maximum temperature           (degrees Celsius)
* 7       early morning vapour pressure (kPa)
* 8       mean wind speed (height: 2 m) (m s-1)
* 9       precipitation                 (mm d-1)
*---------------------------------------------------------------------------*
 107.75  -6.25     7. 0.00 0.00
   2 1984   1 15574.  22.5  29.1   2.413   5.0   4.0
   2 1984   2 21715.  23.2  29.4   2.511   5.1   4.0
   2 1984   3 20858.  24.0  29.1   2.609   5.4   2.5
   2 1984   4  6901.  23.7  27.9   2.838   4.3  26.8
   2 1984   5 14011.  23.3  28.9   2.538   4.4   1.9
   2 1984   6 16654.  22.6  29.3   2.581   4.0  58.0
   2 1984   7  6120.  22.3  27.9   2.610   1.5  44.7
   2 1984   8 10958.  23.7  28.1   2.844   3.7  48.0
   2 1984   9 11704.  23.3  26.9   2.750   2.6   4.0
   2 1984  10 16729.  23.2  28.9   2.660   4.3   0.0
   2 1984  11 12409.  23.9  28.3   2.777   3.0   0.0
   2 1984  12 10249.  23.9  28.1   2.730   2.6   0.2
   2 1984  13 16132.  23.2  30.1   2.480   3.1   8.5
   2 1984  14 19260.  22.4  30.3   2.436   2.3   4.2
   2 1984  15 17248.  22.2  29.9   2.471   1.9  12.5
   2 1984  16 13601.  23.4  28.1   2.660   2.8   0.0
   2 1984  17 12186.  23.5  28.4   2.644   2.7   0.0
   2 1984  18 12262.  24.7  29.1   2.851   2.1   0.0
   2 1984  19 14717.  24.3  28.8   2.836   2.8   1.0
   2 1984  20 22536.  23.7  30.9   2.662   2.2   0.0
   2 1984  21 20189.  23.5  29.7   2.746   2.4   0.0
   2 1984  22 22126.  23.2  31.3   2.534   2.4   0.0
   2 1984  23 18515.  23.4  30.9   2.654   2.6   0.0
   2 1984  24 14011.  24.0  30.0   2.758   3.0   0.0
   2 1984  25 18439.  23.4  29.2   2.660   4.3   0.0
   2 1984  26 17100.  23.3  28.9   2.595   3.5   0.0
   2 1984  27  8276.  23.8  27.7   2.781   3.0   1.0
   2 1984  28 16279.  22.1  28.9   2.418   2.8   9.0
   2 1984  29 12445.  23.2  28.7   2.568   3.4   0.0
   2 1984  30 19519.  23.2  29.2   2.568   3.4   0.0
   2 1984  31 19073.  23.0  30.0   2.518   5.0   0.0
   2 1984  32 21658.  22.9  30.2   2.469   3.1   0.0
   2 1984  33 15329.  23.3  29.6   2.558   3.3   1.5
   2 1984  34 11084.  23.7  29.0   2.635   2.9   1.7
   2 1984  35 17489.  23.5  29.3   2.656   3.1   0.0
   2 1984  36  9968.  25.4  27.5   3.048   1.9  16.7
   2 1984  37 20390.  23.1  29.7   2.578   3.5   1.0
   2 1984  38 19721.  24.0  30.1   2.743   2.6   0.0
   2 1984  39 13280.  24.2  29.7   2.746   2.0  13.5
   2 1984  40 18047.  23.0  29.3   2.611   2.3   9.5
   2 1984  41 12834.  23.0  29.3   2.574   1.8  35.0
   2 1984  42 18342.  22.9  29.8   2.477   2.3  12.6
   2 1984  43 18752.  22.8  29.9   2.435   2.5   5.0
   2 1984  44 18457.  22.3  30.3   2.416   2.4   0.0
   2 1984  45 20020.  22.2  29.4   2.431   3.0   3.5
   2 1984  46 15440.  22.7  27.8   2.611   2.9   5.5
   2 1984  47 15106.  23.2  29.0   2.583   3.1   0.0
   2 1984  48 18680.  23.3  29.6   2.587   4.3   8.5
   2 1984  49 16297.  23.4  29.1   2.620   4.5   4.5
   2 1984  50 19238.  23.1  29.5   2.593   5.6   2.0
   2 1984  51 11459.  23.0  27.7   2.591   3.9  11.0
   2 1984  52 10192.  22.8  28.2   2.593   3.9   2.5
   2 1984  53 15181.  22.5  28.9   2.484   3.2   9.5
   2 1984  54 18605.  22.0  30.1   2.422   2.3   6.5
   2 1984  55 23256.  22.8  31.1   2.485   2.5   1.0
   2 1984  56 19832.  23.0  30.5   2.608   1.8   3.5
   2 1984  57 19757.  23.8  30.4   2.716   1.9   0.0
   2 1984  58 14436.  28.1  29.5   3.565   1.9   0.0
   2 1984  59 18605.  23.6  29.4   2.748   2.9   7.5
   2 1984  60 18641.  24.2  28.9   2.825   4.0   0.0
   2 1984  61 17824.  23.2  30.8   2.605   3.1   7.5
   2 1984  62 19310.  23.4  29.8   2.603   2.8   0.0
   2 1984  63 14548.  23.1  29.8   2.547   3.9   0.0
   2 1984  64 16855.  22.8  30.1   2.549   3.4   3.0
   2 1984  65 13615.  23.2  29.0   2.654   3.5   3.0
   2 1984  66 17784.  23.5  29.4   2.633   3.3   0.0
   2 1984  67  8107.  23.2  28.4   2.847   1.3  52.0
   2 1984  68 11905.  22.8  28.7   2.624   1.6   4.0
   2 1984  69 17078.  23.4  30.0   2.646   1.9  28.0
   2 1984  70 18457.  23.2  30.9   2.614   3.5  63.0
   2 1984  71 10116.  23.2  30.5   2.642   0.7   1.5
   2 1984  72 23778.  22.4  30.5   2.387   1.6   0.0
   2 1984  73 23184.  23.2  31.0   2.560   1.8   0.0
   2 1984  74 14026.  24.0  30.6   2.800   1.1   1.0
   2 1984  75 12128.  24.0  30.4   2.806   1.6   6.5
   2 1984  76 20801.  23.2  30.8   2.600   2.0   0.0
   2 1984  77 19163.  22.6  30.7   2.504   1.5   9.0
   2 1984  78 23519.  24.0  31.2   2.683   1.4   0.0
   2 1984  79 18119.  23.6  31.3   2.590   1.4   0.0
   2 1984  80 17712.  23.6  30.5   2.649   1.6   0.0
   2 1984  81 22363.  24.2  32.1   2.680   2.1   0.0
   2 1984  82 23965.  22.8  32.7   2.451   1.9   6.5
   2 1984  83 25304.  22.8  31.6   2.404   1.6  14.5
   2 1984  84 23778.  24.1  31.5   2.691   1.4   1.5
   2 1984  85 22550.  24.4  31.7   2.816   1.6   0.0
   2 1984  86 11606.  24.5  30.9   2.882   1.1   8.0
   2 1984  87 15628.  24.4  31.5   2.709   2.1   0.0
   2 1984  88 21992.  22.8  31.2   2.432   1.6  28.5
   2 1984  89 21582.  22.8  32.0   2.376   2.1   0.0
   2 1984  90 13432.  23.7  30.8   2.721   1.8   0.0
   2 1984  91 20578.  23.5  31.7   2.615   1.6   0.0
   2 1984  92 20502.  23.6  32.2   2.550   1.8   0.0
   2 1984  93 21211.  24.2  32.6   2.680   1.8   0.0
   2 1984  94 18605.  23.6  31.3   2.625   1.9  10.0
   2 1984  95 21434.  22.8  31.5   2.457   2.0  15.0
   2 1984  96 22810.  24.4  32.2   2.694   1.7   0.0
   2 1984  97 16520.  23.8  31.7   2.666   1.7   0.0
   2 1984  98 17266.  23.8  31.0   2.657   1.8   1.0
   2 1984  99 20912.  23.6  31.7   2.579   1.5   0.0
   2 1984 100 14958.  25.0  30.6   2.906   1.4  14.0
   2 1984 101 20131.  25.2  31.9   2.835   2.1  34.7
   2 1984 102 12312.  23.4  30.3   2.672   1.4   6.8
   2 1984 103 17413.  23.6  31.9   2.622   1.3   3.7
   2 1984 104 17338.  25.0  31.2   2.989   1.6   0.0
   2 1984 105 17935.  24.0  31.6   2.713   1.7   1.8
   2 1984 106 18230.  24.0  31.3   2.719   2.1   6.0
   2 1984 107 12164.  23.7  29.6   2.718   1.9   1.0
   2 1984 108 22662.  23.6  32.1   2.418   2.7   0.0
   2 1984 109 19015.  25.6  32.1   2.785   2.2   0.0
   2 1984 110 12200.  24.0  30.2   2.704   1.9   6.5
   2 1984 111 19685.  22.6  31.9   2.435   2.0   0.0
   2 1984 112 19199.  23.0  31.8   2.495   1.9   0.0
   2 1984 113 21841.  24.4  32.4   2.602   1.9  12.5
   2 1984 114 11941.  24.6  30.9   2.788   1.5   1.0
   2 1984 115  9670.  23.8  31.7   2.672   1.7   0.0
   2 1984 116 13838.  24.0  31.6   2.749   1.5  16.1
   2 1984 117 14771.  23.8  31.0   2.660   2.0   0.0
   2 1984 118 13280.  24.1  31.2   2.630   1.3   0.0
   2 1984 119 12985.  24.0  30.9   2.716   1.2   9.5
   2 1984 120 18976.  24.6  31.6   2.735   3.1   0.0
   2 1984 121  8219.  24.4  28.9   2.941   1.4   4.5
   2 1984 122 18342.  23.2  31.8   2.509   1.8   0.0
   2 1984 123 16855.  24.1  31.6   2.673   1.7   0.0
   2 1984 124 15253.  24.4  31.3   2.721   2.0   0.0
   2 1984 125  8813.  23.4  29.5   2.637   1.8  15.0
   2 1984 126  9932.  23.2  30.3   2.776   1.9   6.5
   2 1984 127 11048.  22.9  30.2   2.651   1.2   1.0
   2 1984 128 20020.  23.0  31.7   2.484   2.0   0.0
   2 1984 129 14285.  24.4  31.1   2.813   1.4   0.0
   2 1984 130 19127.  23.6  31.7   2.617   1.9   1.0
   2 1984 131 10415.  24.0  29.8   2.737   1.2   0.0
   2 1984 132  8442.  25.0  29.1   2.947   1.2   0.0
   2 1984 133 20653.  23.4  31.7   2.554   1.6   0.0
   2 1984 134 14026.  24.0  31.2   2.749   1.9   0.0
   2 1984 135 13878.  24.1  29.9   2.618   3.0   1.0
   2 1984 136 14508.  23.2  27.6   2.725   2.6   9.5
   2 1984 137  8406.  23.1  30.9   2.584   1.7   0.0
   2 1984 138 13244.  23.2  30.3   2.668   2.2   5.5
   2 1984 139 15923.  22.8  31.1   2.557   1.8   1.0
   2 1984 140 20056.  23.4  31.5   2.614   2.1   0.0
   2 1984 141 18270.  22.0  31.7   2.367   2.5   0.0
   2 1984 142 15811.  24.4  30.5   2.859   2.4   4.0
   2 1984 143 16297.  22.4  31.4   2.330   2.0   0.0
   2 1984 144 18828.  23.4  31.7   2.597   2.3   0.0
   2 1984 145 17824.  25.8  31.6   3.028   2.0   0.0
   2 1984 146 20837.  23.4  31.7   2.438   2.3   0.0
   2 1984 147 18940.  23.4  32.2   2.444   2.2   0.0
   2 1984 148 13579.  23.6  30.4   2.631   1.8   0.0
   2 1984 149 19796.  22.6  32.2   2.304   2.1   0.0
   2 1984 150 20466.  22.6  32.0   2.263   2.1   0.0
   2 1984 151 17003.  24.0  31.9   2.615   1.9   0.0
   2 1984 152 10973.  24.4  28.9   2.850   1.8   0.0
   2 1984 153 17449.  23.4  31.3   2.605   2.1   0.0
   2 1984 154 16481.  23.9  30.7   2.658   2.9   0.0
   2 1984 155 19534.  23.6  31.0   2.517   2.9   0.0
   2 1984 156 16333.  22.8  31.7   2.521   1.6   0.0
   2 1984 157 18418.  23.4  31.7   2.588   1.5   0.0
   2 1984 158 20318.  23.1  31.8   2.460   1.9   0.0
   2 1984 159 20430.  22.1  31.4   2.312   1.8   0.0
   2 1984 160 11308.  22.8  29.5   2.532   1.9   1.0
   2 1984 161  8071.  24.2  28.7   2.795   2.1  14.5
   2 1984 162 10825.  23.5  29.5   2.688   3.2   1.0
   2 1984 163 14062.  24.6  30.6   2.791   3.2   0.0
   2 1984 164 19310.  25.0  31.4   2.852   2.6   0.0
   2 1984 165 18752.  23.8  31.7   2.548   2.6   6.5
   2 1984 166 19980.  23.7  32.1   2.574   1.6   5.0
   2 1984 167 20430.  23.2  32.0   2.509   1.7   0.0
   2 1984 168 18976.  22.0  30.8   2.242   2.6   0.0
   2 1984 169 20466.  20.5  31.4   2.125   2.3   0.0
   2 1984 170 13468.  23.2  30.2   2.634   1.9   0.0
   2 1984 171 19199.  22.8  32.1   2.540   2.0   0.0
   2 1984 172 18569.  24.0  31.6   2.633   1.6   0.0
   2 1984 173 21211.  22.4  31.5   2.249   2.2   0.0
   2 1984 174 18940.  20.9  31.4   2.131   1.6   0.0
   2 1984 175 19462.  21.6  32.1   2.204   1.7   0.0
   2 1984 176 17489.  23.2  31.8   2.480   1.4   0.0
   2 1984 177 19386.  22.6  32.2   2.356   1.6   0.0
   2 1984 178 21506.  18.2  30.7   1.703   2.5   0.0
   2 1984 179 20689.  18.2  30.7   1.594   1.9   0.0
   2 1984 180 20020.  19.4  31.5   1.869   2.2   0.0
   2 1984 181 16668.  21.0  30.7   2.161   1.9   0.0
   2 1984 182 12312.  23.0  29.8   2.467   3.1   0.0
   2 1984 183 19462.  23.2  30.8   2.449   3.1   0.0
   2 1984 184 19087.  21.6  31.0   2.209   2.6   0.0
   2 1984 185 13208.  23.7  30.9   2.580   2.5   1.0
   2 1984 186 12647.  22.7  30.9   2.448   2.3   0.0
   2 1984 187 19386.  23.2  31.0   2.426   3.2   0.0
   2 1984 188 17413.  23.3  29.7   2.409   2.7   0.0
   2 1984 189 15628.  21.7  30.3   2.256   2.5   0.0
   2 1984 190 20131.  21.4  31.2   2.149   2.1   0.0
   2 1984 191 19498.  21.5  31.6   2.205   2.1   0.0
   2 1984 192 18158.  23.0  31.7   2.433   2.2   0.0
   2 1984 193 18230.  22.6  31.3   2.403   1.8   0.0
   2 1984 194 18752.  22.3  31.9   2.343   1.6   0.0
   2 1984 195 19685.  21.8  31.0   2.301   1.6   0.0
   2 1984 196 21136.  20.5  31.1   2.081   1.9   1.0
   2 1984 197 18792.  23.2  30.9   2.529   2.1   0.0
   2 1984 198 14620.  23.1  31.1   2.510   1.4   0.0
   2 1984 199 14958.  22.8  31.6   2.437   1.5   0.0
   2 1984 200 14584.  24.0  30.5   2.654   2.0   0.0
   2 1984 201 13802.  22.5  30.3   2.429   1.5   0.0
   2 1984 202  9446.  22.6  30.3   2.389   1.0   0.0
   2 1984 203 19534.  21.8  31.5   2.361   1.5   0.0
   2 1984 204 18382.  22.8  31.9   2.443   1.7   9.5
   2 1984 205 18605.  23.5  31.8   2.581   1.4   0.0
   2 1984 206 19127.  23.5  31.1   2.589   1.7   0.0
   2 1984 207 19238.  22.6  31.6   2.433   2.2   0.0
   2 1984 208 19796.  22.4  30.9   2.317   2.4   0.0
   2 1984 209 19462.  21.5  31.5   2.267   2.1   0.0
   2 1984 210 21172.  22.0  31.9   2.179   2.1   0.0
   2 1984 211 20243.  22.2  31.0   2.254   2.2   0.0
   2 1984 212 21395.  21.9  31.9   2.126   2.2   0.0
   2 1984 213 20203.  22.3  32.1   2.224   1.9   0.0
   2 1984 214 18864.  22.5  31.7   2.358   1.7   0.0
   2 1984 215 19051.  22.1  31.1   2.317   1.5   0.0
   2 1984 216 19609.  22.9  31.2   2.368   1.6   0.0
   2 1984 217 20614.  21.7  31.2   2.212   2.0   0.0
   2 1984 218 20354.  21.3  31.0   2.108   1.9   0.0
   2 1984 219 18270.  22.2  30.7   2.146   1.8   0.0
   2 1984 220 20837.  20.4  31.0   1.970   1.7   0.0
   2 1984 221 20876.  20.4  31.3   2.047   1.9   0.0
   2 1984 222 18904.  22.8  31.8   2.349   1.8   0.0
   2 1984 223 19015.  22.8  31.8   2.271   2.1   0.0
   2 1984 224 20837.  22.5  31.9   2.249   2.3   0.0
   2 1984 225 19310.  23.1  31.6   2.386   2.7   0.0
   2 1984 226 18493.  22.6  32.5   2.254   1.7   0.0
   2 1984 227 21283.  22.7  31.5   2.638   2.5   0.0
   2 1984 228 19796.  23.0  32.4   2.366   2.5   0.0
   2 1984 229 19685.  22.4  31.6   2.330   2.2   0.0
   2 1984 230 18792.  25.0  31.8   2.725   2.1   0.0
   2 1984 231 20203.  23.7  31.5   2.559   2.7   0.0
   2 1984 232 16967.  23.8  31.4   2.454   2.2   0.0
   2 1984 233 15070.  22.4  30.6   2.298   2.4   0.0
   2 1984 234 19087.  21.1  31.4   2.084   1.9   0.0
   2 1984 235 19087.  22.4  31.9   2.322   1.9   0.0
   2 1984 236 19534.  23.2  31.9   2.284   2.8  52.5
   2 1984 237  9857.  22.8  31.0   2.460   2.1   7.0
   2 1984 238 19944.  22.2  31.3   2.331   1.8   0.0
   2 1984 239 16891.  22.3  31.5   2.284   1.8   0.0
   2 1984 240 20466.  22.8  32.0   2.415   2.8   0.0
   2 1984 241 15516.  22.8  30.8   2.440   1.5   0.0
   2 1984 242 21359.  22.6  31.6   2.386   2.2   0.0
   2 1984 243 20689.  23.6  32.0   2.372   2.6   0.0
   2 1984 244 19861.  22.2  32.5   2.208   2.1   0.0
   2 1984 245 20905.  23.0  32.7   2.338   2.0   0.0
   2 1984 246 20308.  22.7  32.9   2.232   2.7   0.0
   2 1984 247 10332.  22.4  28.8   2.493   2.3   0.0
   2 1984 248 16290.  22.4  32.0   2.327   2.1   0.0
   2 1984 249 14947.  24.0  30.7   2.666   2.5   0.0
   2 1984 250 13385.  23.1  30.6   2.445   1.8   0.0
   2 1984 251 21650.  22.0  31.2   2.176   3.0  31.4
   2 1984 252 16697.  22.9  27.8   2.581   1.7   1.0
   2 1984 253  5753.  22.8  30.2   2.563   1.4   0.0
   2 1984 254 17554.  23.5  30.9   2.647   2.3   1.5
   2 1984 255 15397.  22.7  30.9   2.287   2.3   5.5
   2 1984 256 20459.  21.9  31.2   2.242   2.1   0.0
   2 1984 257 13536.  22.8  30.4   2.513   1.6   5.0
   2 1984 258 16290.  23.8  30.0   2.560   2.1   0.0
   2 1984 259 18076.  22.4  31.2   2.314   2.3   2.0
   2 1984 260 19490.  23.8  31.4   2.465   2.2  10.5
   2 1984 261 16290.  21.6  31.6   2.475   2.2   0.0
   2 1984 262 20495.  22.7  31.2   2.428   1.8   0.0
   2 1984 263 20196.  21.6  32.2   2.193   2.1   0.0
   2 1984 264 21798.  22.3  32.8   2.200   2.1   0.0
   2 1984 265 12121.  23.6  32.5   2.491   1.6   0.0
   2 1984 266 21316.  24.2  32.9   2.613   2.4   0.0
   2 1984 267 22392.  24.6  32.9   2.419   2.2   0.0
   2 1984 268 21388.  23.0  32.8   2.293   1.9   0.0
   2 1984 269 20383.  23.8  32.4   2.474   2.1   0.0
   2 1984 270 22802.  22.5  33.4   2.303   2.4   0.0
   2 1984 271 19638.  22.6  33.8   2.133   2.9   0.0
   2 1984 272 15170.  23.0  32.4   2.197   1.7   0.0
   2 1984 273 20642.  22.7  33.5   2.171   3.7  43.0
   2 1984 274  4273.  24.0  30.0   2.872   2.0   3.5
   2 1984 275 16258.  23.4  30.6   2.698   1.5   1.5
   2 1984 276 13392.  24.6  31.2   2.862   1.6  14.5
   2 1984 277 16556.  24.0  31.8   2.645   2.0   4.0
   2 1984 278 20318.  23.8  31.8   2.622   2.2   5.5
   2 1984 279 24264.  23.8  32.5   2.459   1.8   0.0
   2 1984 280 21470.  24.4  32.3   2.556   1.7   0.0
   2 1984 281 21992.  23.2  33.5   2.409   1.6   0.0
   2 1984 282 21841.  23.4  33.7   2.332   3.2   7.4
   2 1984 283 14324.  22.4  32.2   2.327   1.3   0.0
   2 1984 284 19498.  22.4  32.2   2.116   2.3   0.0
   2 1984 285 21100.  22.4  32.2   2.298   2.4   0.0
   2 1984 286 18007.  24.1  31.8   2.555   1.8   0.0
   2 1984 287 22586.  23.5  32.6   2.407   2.1   0.0
   2 1984 288 21172.  23.2  32.8   2.378   3.0   0.0
   2 1984 289 12164.  24.4  31.2   2.727   2.3   0.0
   2 1984 290 14026.  24.2  32.0   2.661   1.9   4.5
   2 1984 291 23702.  22.8  32.3   2.296   2.3   0.0
   2 1984 292 21470.  24.1  33.3   2.438   2.4   0.0
   2 1984 293 22626.  23.1  33.6   2.216   2.1   0.0
   2 1984 294 23926.  23.5  33.6   2.282   2.4   0.0
   2 1984 295 22662.  24.0  33.9   2.247   2.3   0.0
   2 1984 296 21136.  24.2  32.6   2.410   2.8   1.0
   2 1984 297 18418.  23.8  32.3   2.253   2.0   0.0
   2 1984 298 14026.  24.0  31.8   2.507   2.3  17.5
   2 1984 299 12985.  24.0  32.0   2.355   2.1  17.5
   2 1984 300 20876.  24.0  32.0   2.414   2.5   3.5
   2 1984 301 12424.  24.0  32.6   2.519   1.4   0.0
   2 1984 302 20542.  23.2  33.0   2.472   1.6   0.0
   2 1984 303 17266.  24.6  32.5   2.549   2.1   0.0
   2 1984 304 14396.  23.6  31.3   2.482   1.6   0.0
   2 1984 305 19127.  24.2  31.3   2.416   2.1   0.0
   2 1984 306 13057.  25.0  31.9   2.748   1.6   0.0
   2 1984 307 17078.  24.8  31.8   2.611   2.2   0.0
   2 1984 308 20578.  24.0  32.1   2.462   1.9   0.0
   2 1984 309 21060.  24.2  32.5   2.507   2.1   0.0
   2 1984 310 18007.  24.7  33.0   2.562   2.6   0.0
   2 1984 311 20614.  23.2  32.5   2.383   1.5  22.5
   2 1984 312 17154.  25.0  32.4   2.646   2.3   3.0
   2 1984 313  4979.  23.1  31.8   2.726   2.1   5.0
   2 1984 314 17266.  22.2  31.1   2.385   1.5   0.0
   2 1984 315 16520.  24.6  31.4   2.720   1.6   0.0
   2 1984 316 21395.  24.4  32.4   2.626   2.3   0.0
   2 1984 317 19498.  24.1  32.7   2.591   2.0   0.0
   2 1984 318 13802.  25.1  31.6   2.780   2.3   0.0
   2 1984 319 17561.  23.6  30.3   2.576   2.4   0.0
   2 1984 320 23144.  23.2  32.2   2.369   2.4   0.0
   2 1984 321 16034.  24.8  32.3   2.712   2.0   8.0
   2 1984 322 20801.  24.4  31.8   2.626   2.2   0.0
   2 1984 323 18529.  24.4  32.2   2.602   2.1   0.0
   2 1984 324 21136.  25.1  33.1   2.780   2.0   0.0
   2 1984 325 22662.  24.4  33.1   2.617   2.1   0.0
   2 1984 326 18083.  25.4  32.5   2.882   2.4   0.0
   2 1984 327  8032.  24.9  27.7   2.955   1.6   3.5
   2 1984 328 13655.  24.4  29.5   2.920   2.7   2.5
   2 1984 329 14285.  20.0  30.9   2.046   1.7   4.0
   2 1984 330 20092.  22.4  31.5   2.501   3.1  20.5
   2 1984 331 18569.  24.4  30.7   2.706   3.3   1.0
   2 1984 332 16855.  22.6  31.2   2.463   2.2  72.5
   2 1984 333 19980.  23.2  31.1   2.446   1.8   3.0
   2 1984 334 19274.  24.2  31.3   2.631   2.0   0.0
   2 1984 335 17860.  23.7  31.0   2.591   2.2  15.0
   2 1984 336 18158.  23.4  30.8   2.528   2.6   8.2
   2 1984 337 20092.  23.6  30.5   2.550   1.8   5.2
   2 1984 338 18529.  24.2  31.2   2.680   2.2   0.0
   2 1984 339  9745.  23.9  28.1   2.688   1.9   6.0
   2 1984 340 11383.  23.8  30.4   2.837   2.2  46.0
   2 1984 341 13838.  23.4  29.3   2.600   2.4   0.0
   2 1984 342  8366.  23.6  28.3   2.798   1.9   6.5
   2 1984 343 18752.  24.2  30.9   2.677   2.6   0.0
   2 1984 344 15588.  23.0  30.3   2.495   2.9   1.7
   2 1984 345 19757.  22.3  30.2   2.321   4.8   0.0
   2 1984 346 10638.  22.1  30.1   2.331   3.9   0.0
   2 1984 347 10116.  22.2  30.1   2.444   2.2  20.8
   2 1984 348 10303.  22.0  30.2   2.356   2.8   0.0
   2 1984 349 17154.  23.0  29.5   2.493   3.0   0.0
   2 1984 350 16146.  23.3  30.0   2.478   2.0   0.0
   2 1984 351 19908.  22.9  31.6   2.301   1.8   0.0
   2 1984 352 19163.  24.2  30.5   2.489   2.2   0.0
   2 1984 353 20203.  22.6  30.6   2.263   2.1   0.0
   2 1984 354 24412.  23.4  32.0   2.378   2.4   0.0
   2 1984 355 23591.  23.1  31.0   2.321   1.9   0.0
   2 1984 356 23742.  20.5  31.5   1.985   1.9   0.0
   2 1984 357 22064.  23.2  31.3   2.315   1.8   0.0
   2 1984 358 19980.  23.1  31.3   2.414   2.4   0.0
   2 1984 359 12647.  23.4  29.0   2.649   2.7  10.0
   2 1984 360 16967.  23.6  30.0   2.535   2.7   0.0
   2 1984 361 15404.  23.2  29.5   2.591   2.8   2.5
   2 1984 362 12017.  24.4  28.0   2.770   3.6   0.0
   2 1984 363   -99.  23.2  28.9   2.474 -99.0   1.0
   2 1984 364   -99.  23.2  29.4   2.600 -99.0   0.0
   2 1984 365 13104.  23.6  28.2   2.631   2.5   0.0
