*---------------------------------------------------------------------------*
* Station name: Hancock, Wisconsin, USA
* Year: 1987                                              -99.000: NIL VALUE
* Author: Doug Rouse
* Source: University of Wisconsin, Madison
* Comments: -
*
* Longitude: - E, latitude: 44 00 N, altitude: 300 m.
*
* Column  Daily value
* 1       station number
* 2       year
* 3       day
* 4       irradiation                   (kJ m-2 d-1)
* 5       minimum temperature           (degrees Celsius)
* 6       maximum temperature           (degrees Celsius)
* 7       early morning vapour pressure (kPa)
* 8       mean wind speed               (m s-1)
* 9       precipitation                 (mm d-1)
*---------------------------------------------------------------------------*
 -89.50  44.00   300. 0.00 0.00
-999 1987 120      1     1     1       1     1     4
   1 1987 121 11000.   7.8  12.2   1.252   1.5   0.0
   1 1987 122 10550.   6.1  13.9   1.131   2.9   0.0
   1 1987 123 28570.   4.4  15.6   0.278   4.2   0.0
   1 1987 124 28530.   0.0  17.8   0.301   2.2   0.0
   1 1987 125 28010.  -0.6  22.8   0.391   1.5   0.0
   1 1987 126 26070.   5.6  25.0   0.605   2.9   0.0
   1 1987 127 22010.   3.3  20.5   0.670   1.8   0.0
   1 1987 128 27640.   1.7  24.4   0.542   2.7   0.0
   1 1987 129 22880.  14.4  28.9   1.006   4.9   0.0
   1 1987 130 22610.  13.3  30.5   1.938   2.9   0.0
   1 1987 131 26340.   9.4  26.1   1.910   4.5   0.0
   1 1987 132 28180.   5.0  19.4   0.550   2.2   0.0
   1 1987 133 26030.   6.1  23.3   0.715   3.7   0.0
   1 1987 134 25280.   9.4  23.3   1.980   3.7   0.0
   1 1987 135 27350.   4.4  22.8   0.858   2.2   0.0
   1 1987 136 26840.  11.7  28.3   0.741   4.3   0.0
   1 1987 137 27270.  13.3  31.1   1.546   3.2   0.0
   1 1987 138  9550.   7.2  15.6   1.651   4.1   0.0
   1 1987 139 12090.   7.2  15.0   1.841   2.2   0.0
   1 1987 140 20190.  11.1  21.1   2.728   2.4   0.0
   1 1987 141 19930.  15.6  28.3   5.101   4.0   0.0
   1 1987 142 11810.   5.6  17.8   1.627   3.2   0.0
   1 1987 143 14100.   3.3  11.1   0.902   2.1   0.0
   1 1987 144 17310.   3.3  16.1   1.225   1.6   0.0
   1 1987 145  9920.   8.3  13.9   1.675   2.9   0.0
   1 1987 146 20720.  11.1  27.8   3.868   2.8   0.0
   1 1987 147 19090.  18.3  28.9   5.648   3.3   0.0
   1 1987 148 20440.  17.8  28.3   5.101   3.0   0.0
   1 1987 149 19500.  17.8  27.2   5.607   3.0   0.0
   1 1987 150 24060.  17.8  27.8   4.607   3.0   0.0
   1 1987 151 21750.  16.1  27.8   3.676   2.6   0.0
   1 1987 152 24470.  16.1  26.7   4.252   3.7   0.0
   1 1987 153 23760.  16.1  25.0   2.324   2.3   0.0
   1 1987 154 23960.   7.2  20.5   1.308   3.1   0.0
   1 1987 155 27130.   5.0  22.8   1.131   3.0   0.0
   1 1987 156 25970.  12.2  28.3   1.737   2.5   0.0
   1 1987 157 24350.  14.4  28.3   2.977   3.9   0.0
   1 1987 158 24560.  20.0  32.2   3.320   4.3   0.0
   1 1987 159 22950.  12.2  26.7   3.110   3.6   0.0
   1 1987 160 27020.   7.8  22.8   1.006   2.6   0.0
   1 1987 161 13850.   8.3  18.3   1.190   2.3   0.0
   1 1987 162 12250.  13.3  24.4   4.071   3.4   0.0
   1 1987 163 26070.  16.7  29.4   3.494   2.3   0.0
   1 1987 164 26050.  15.6  34.4   2.393   2.0   0.0
   1 1987 165 26720.  17.2  36.7   2.358   2.3   0.0
   1 1987 166 27160.  14.4  31.7   5.290   1.8   0.0
   1 1987 167 25800.  11.7  34.4   6.439   1.5   0.0
   1 1987 168 21950.  14.4  33.3   4.252   2.2   0.0
   1 1987 169 23980.  18.3  33.9   3.983   1.7   0.0
   1 1987 170 14930.  19.4  30.5   3.730   2.8   0.0
   1 1987 171 11540.  17.8  23.3   3.132   2.8   0.0
   1 1987 172  7240.  16.7  18.9   6.300   2.8   0.0
   1 1987 173 24870.  16.7  28.9   5.252   2.0   0.0
   1 1987 174 25320.  13.9  30.5   2.688   1.4   0.0
   1 1987 175 22610.  18.9  32.8   2.258   1.4   0.0
   1 1987 176 14250.  15.0  22.8   4.346   2.1   0.0
   1 1987 177 22620.  10.6  22.2   5.176   2.6   0.0
   1 1987 178 24210.   8.3  22.8   3.178   2.4   0.0
   1 1987 179 20600.  11.7  26.7   2.977   2.8   0.0
   1 1987 180 22650.  13.9  26.7   4.919   2.1   0.0
   1 1987 181 24690.  11.7  25.5   4.919   1.4   0.0
   1 1987 182 24710.  11.1  26.7   4.919   1.9   0.0
   1 1987 183 17920.  13.9  26.7   4.919   2.9   0.0
   1 1987 184 17930.  12.8  27.2   7.340   2.9   0.0
   1 1987 185 17940.  12.2  25.5   7.780   2.9   0.0
   1 1987 186 14770.  15.0  23.3   8.934   2.5   0.0
   1 1987 187 15240.  17.8  26.7   9.065   2.0   0.0
   1 1987 188 21170.  16.1  31.1  10.184   1.6   0.0
   1 1987 189 23920.  18.9  32.2  12.128   1.6   0.0
   1 1987 190 21660.  21.1  28.9   7.447   3.4   0.0
   1 1987 191 24420.  21.7  32.8   3.571   3.2   0.0
   1 1987 192 22840.  21.7  32.2   3.571   3.0   0.0
   1 1987 193 19440.  18.3  27.2   3.272   2.5   0.0
   1 1987 194 19000.  11.7  23.3   3.571   2.2   0.0
   1 1987 195 25440.   7.8  23.9   8.614   1.6   0.0
   1 1987 196 20420.  12.8  22.8   8.614   2.2   0.0
   1 1987 197 26640.  10.6  26.1   8.614   3.1   0.0
   1 1987 198 25300.  17.8  33.3  10.110   3.7   0.0
   1 1987 199 23720.  22.2  32.8   9.469   3.7   0.0
   1 1987 200 17980.  18.3  34.4   9.964   3.7   0.0
   1 1987 201 25390.  18.3  33.3   9.538   2.8   0.0
   1 1987 202 24730.  20.5  31.7   8.934   1.9   0.0
   1 1987 203 25000.  21.7  32.2   9.197   2.4   0.0
   1 1987 204 22480.  20.0  29.4   7.557   3.2   0.0
   1 1987 205 25060.  18.3  31.1   6.439   2.1   0.0
   1 1987 206 19990.  20.0  28.9   7.837   1.5   0.0
   1 1987 207 13730.  18.3  25.0  10.333   1.7   0.0
   1 1987 208 19580.  17.8  27.8  10.639   1.7   0.0
   1 1987 209 21010.  19.4  31.7  10.873   1.8   0.0
   1 1987 210 24310.  19.4  31.1  13.825   1.4   0.0
   1 1987 211 17790.  21.1  28.9  11.609   1.8   0.0
   1 1987 212 24150.  21.7  34.4   8.741   1.9   0.0
   1 1987 213 25830.  20.5  32.8   4.708   2.9   0.0
   1 1987 214 19290.  18.9  30.5   3.494   1.8   0.0
   1 1987 215 25670.  15.6  27.2   6.030   1.9   0.0
   1 1987 216 21000.  10.6  24.4   5.446   2.4   0.0
   1 1987 217 21260.  15.0  28.9   5.446   1.6   0.0
   1 1987 218 23900.  17.2  28.3   5.815   2.7   0.0
   1 1987 219  8300.  17.8  19.4   5.900   1.3   0.0
   1 1987 220 17330.  17.2  27.2   5.815   2.5   0.0
   1 1987 221 20920.  16.7  26.7   6.392   2.2   0.0
   1 1987 222 24050.  15.6  27.2   6.439   1.9   0.0
   1 1987 223 23370.  16.1  27.8   7.557   2.5   0.0
   1 1987 224 11460.  18.9  23.9  10.873   2.4   0.0
   1 1987 225 10040.  18.3  23.9  10.873   1.9   0.0
   1 1987 226 20120.  22.2  30.5  10.873   2.2   0.0
   1 1987 227  6000.  14.4  20.5  12.855   2.5   0.0
   1 1987 228 19700.  13.3  24.4   3.813   2.5   0.0
   1 1987 229 27180.  11.1  24.4   3.020   0.9   0.0
   1 1987 230 27460.  10.6  26.7   4.041   2.4   0.0
   1 1987 231 18570.  18.3  26.7   7.667   1.7   0.0
   1 1987 232 25840.  11.1  22.2   2.870   2.1   0.0
   1 1987 233 26600.   6.1  20.5   1.524   2.2   0.0
   1 1987 234 28340.   3.3  21.7   1.615   2.8   0.0
   1 1987 235 15520.  10.6  21.1   2.688   1.7   0.0
   1 1987 236 11170.  13.3  18.3   3.272   1.6   0.0
   1 1987 237 21880.  14.4  23.3   3.545   1.4   0.0
   1 1987 238 15330.  10.0  23.3   3.320   2.5   0.0
   1 1987 239 25100.   8.9  23.3   3.393   2.1   0.0
   1 1987 240 23900.  11.7  21.7   3.494   1.2   0.0
   1 1987 241 28570.   7.8  19.4   1.615   2.2   0.0
   1 1987 242 21020.   5.0  25.5   2.069   3.3   0.0
   1 1987 243 25690.   6.1  22.8   1.675   2.3   0.0
   1 1987 244 27920.   7.2  22.8   2.145   2.3   0.0
   1 1987 245 27950.  10.0  27.2   2.934   1.4   0.0
   1 1987 246 22080.  17.2  29.4   5.101   2.5   0.0
   1 1987 247 21610.  14.4  26.7   5.252   2.9   0.0
   1 1987 248 19900.  13.9  26.7   4.475   2.7   0.0
   1 1987 249 20160.  11.7  22.8   4.041   1.6   0.0
   1 1987 250 28300.   7.2  24.4   2.009   1.8   0.0
   1 1987 251 19210.  10.0  22.8   2.650   1.6   0.0
   1 1987 252 22670.  12.8  24.4   3.676   1.0   0.0
   1 1987 253 23170.   9.4  21.1   2.482   2.1   0.0
   1 1987 254 20720.   5.6  20.5   1.910   1.5   0.0
   1 1987 255 27880.   3.3  24.4   1.841   2.1   0.0
   1 1987 256 25920.  13.3  26.7   4.475   1.7   0.0
   1 1987 257  8640.  15.6  20.0   5.027   1.4   0.0
   1 1987 258  9630.  13.9  20.5   4.708   2.1   0.0
   1 1987 259  8650.  10.6  15.0   2.870   1.9   0.0
   1 1987 260 22980.   8.9  17.8   2.114   2.6   0.0
   1 1987 261 19770.   8.3  18.9   2.114   1.2   0.0
   1 1987 262 16310.  10.6  19.4   2.555   1.8   0.0
   1 1987 263 19780.   9.4  20.0   2.324   1.5   0.0
   1 1987 264 29170.   8.3  23.9   2.482   3.1   0.0
   1 1987 265 27440.   3.9  19.4   1.546   2.2   0.0
   1 1987 266 29910.   0.0  20.5   1.006   2.7   0.0
   1 1987 267 27930.  10.6  27.2   2.829   2.0   0.0
   1 1987 268 27430.  15.6  28.9   4.191   1.5   0.0
   1 1987 269 16300.  12.8  23.9   3.730   2.2   0.0
   1 1987 270 15060.   6.7  18.9   2.358   3.1   0.0
   1 1987 271 27410.   1.7  16.7   0.883   2.5   0.0
   1 1987 272 21470.   1.1  21.7   1.147   1.8   0.0
   1 1987 273 15050.  -4.4   8.3   0.579   2.1   0.0
   1 1987 274 28850.  -5.6  13.3   0.411   3.9   0.0
   1 1987 275 28590.   3.9  22.2   0.902   4.1   0.0
   1 1987 276 17730.   7.8  16.7   1.327   1.5   0.0
   1 1987 277 15260.   2.8   7.8   0.885   3.4   0.0
