*---------------------------------------------------------------------------*
* Station name: Hancock, Wisconsin, USA
* Year: 1985                                              -99.000: NIL VALUE
* Author: Doug Rouse
* Source: University of Wisconsin, Madison
* Comments: -
*
* Longitude: - E, latitude: 44 00 N, altitude: 300 m.
*
* Column  Daily value
* 1       station number
* 2       year
* 3       day
* 4       irradiation                   (kJ m-2 d-1)
* 5       minimum temperature           (degrees Celsius)
* 6       maximum temperature           (degrees Celsius)
* 7       early morning vapour pressure (kPa)
* 8       mean wind speed               (m s-1)
* 9       precipitation                 (mm d-1)
*---------------------------------------------------------------------------*
 -89.5  44.00   300. 0.00 0.00
-999 1985 120      1     1     1       1     1     4
   1 1985 120 25510.   7.8  23.3   0.725   6.1   0.0
   1 1985 121 30030.   1.7  20.5   0.405   3.6   0.0
   1 1985 122 15980.   8.9  22.2   0.725   3.3   0.0
   1 1985 123 24050.  13.9  26.1   0.971   8.1   0.0
   1 1985 124 13790.  16.1  25.5   2.500   4.7   0.0
   1 1985 125 24450.   7.2  22.2   1.502   4.7   0.0
   1 1985 126 21570.   6.1  23.9   1.298   3.4   0.0
   1 1985 127 29110.   7.8  25.5   1.502   4.0   0.0
   1 1985 128 26230.   5.0  27.2   1.737   6.6   0.0
   1 1985 129 24530.  13.9  28.9   2.009   6.2   0.0
   1 1985 130  6830.  13.3  28.3   3.868   7.9   0.0
   1 1985 131 15990.  13.3  23.9   2.500   7.6   0.0
   1 1985 132 24890.   7.2  23.3   1.044   3.9   0.0
   1 1985 133 18290.  10.0  24.4   3.110   5.1   0.0
   1 1985 134 10070.  12.8  24.4   2.324   6.3   0.0
   1 1985 135  7720.  10.0  17.8   2.009   5.4   0.0
   1 1985 136 23810.   6.7  20.5   1.298   6.2   0.0
   1 1985 137 26570.   9.4  21.7   1.396   3.9   0.0
   1 1985 138 25830.   7.2  27.8   1.868   6.4   0.0
   1 1985 139 25800.   6.1  27.2   1.207   4.3   0.0
   1 1985 140 26920.   3.9  20.0   1.044   3.0   0.0
   1 1985 141 28970.   4.4  23.9   0.971   1.6   0.0
   1 1985 142 23140.   8.9  25.5   1.615   1.9   0.0
   1 1985 143 23110.   7.2  26.7   2.009   1.8   0.0
   1 1985 144 23080.  12.2  27.8   2.688   3.3   0.0
   1 1985 145 16370.  11.7  26.1   4.475   5.1   0.0
   1 1985 146 16350.  10.0  25.5   2.009   5.6   0.0
   1 1985 147 28740.   7.8  20.0   1.123   3.5   0.0
   1 1985 148 22510.   6.7  22.8   1.868   4.4   0.0
   1 1985 149 13770.  16.7  28.3   5.176   4.0   0.0
   1 1985 150 21770.  13.3  26.7   2.891   8.3   0.0
   1 1985 151 24720.   9.4  23.9   2.891   4.2   0.0
   1 1985 152 24240.   6.1  23.3   1.615   4.6   0.0
   1 1985 153 25350.   3.3  18.9   1.123   3.2   0.0
   1 1985 154 11190.   7.8  19.4   1.502   3.3   0.0
   1 1985 155 28270.   6.1  21.7   1.868   2.6   0.0
   1 1985 156 26420.   6.1  24.4   1.502   3.5   0.0
   1 1985 157 23900.  11.1  26.7   2.324   3.2   0.0
   1 1985 158 25010.  13.3  33.9   6.439   4.3   0.0
   1 1985 159 25900.  17.2  33.3   1.615   5.7   0.0
   1 1985 160 13630.   7.2  26.1   1.868   2.5   0.0
   1 1985 161 11800.  10.0  21.1   2.009   3.6   0.0
   1 1985 162 19050.   3.9  19.4   0.971   4.8   0.0
   1 1985 163 20170.   6.1  21.1   1.298   3.4   0.0
   1 1985 164 20620.   9.4  24.4   2.500   4.6   0.0
   1 1985 165 10870.  13.3  22.2   4.812   3.6   0.0
   1 1985 166 12910.  11.7  22.8   4.475   3.3   0.0
   1 1985 167 22180.  14.4  24.4   2.500   6.4   0.0
   1 1985 168 17650.   9.4  21.7   2.324   5.2   0.0
   1 1985 169 21710.   8.3  22.2   1.868   3.6   0.0
   1 1985 170 25330.   7.2  25.0   1.868   2.9   0.0
   1 1985 171 10410.  14.4  25.5   5.176   8.2   0.0
   1 1985 172 24650.  11.7  25.5   2.891   7.7   0.0
   1 1985 173 25320.  13.9  26.1   3.868   5.6   0.0
   1 1985 174 28260.   8.9  25.5   2.161   3.3   0.0
   1 1985 175 23970.  13.9  28.9   3.344   4.4   0.0
   1 1985 176 16510.  18.3  32.8   8.010   4.7   0.0
   1 1985 177 15610.  20.0  31.7   8.614   4.8   0.0
   1 1985 178 11550.  15.0  22.2   4.475   3.5   0.0
   1 1985 179 19020.  11.1  27.2   4.475   3.5   0.0
   1 1985 180 20610.  12.8  25.5   4.475   3.0   0.0
   1 1985 181 23340.  12.2  27.8   4.161   2.5   0.0
   1 1985 182 21760.  17.2  28.3   4.812   3.8   0.0
   1 1985 183 26310.  11.7  27.8   3.868   3.1   0.0
   1 1985 184 19740.  16.7  29.4   5.566   5.7   0.0
   1 1985 185 14540.  12.2  26.7   4.161   4.1   0.0
   1 1985 186 24090.  12.8  27.2   5.176   2.6   0.0
   1 1985 187 22060.  15.0  32.2   5.987   5.1   0.0
   1 1985 188 15930.  18.9  32.8   7.447   3.1   0.0
   1 1985 189 23230.  15.0  30.5   5.987   2.1   0.0
   1 1985 190 26900.  11.1  29.4   2.688   3.7   0.0
   1 1985 191 20770.  13.3  26.7   4.475   2.6   0.0
   1 1985 192 20330.  11.1  29.4   5.566   2.9   0.0
   1 1985 193 11900.  17.8  28.9   9.265   4.3   0.0
   1 1985 194 23810.  19.4  31.1   8.010   3.0   0.0
   1 1985 195 27960.  13.3  31.1   3.110   4.8   0.0
   1 1985 196 27530.  10.0  25.5   2.891   2.5   0.0
   1 1985 197 25270.  13.3  29.4   3.868   4.0   0.0
   1 1985 198 19090.  17.2  30.0   5.176   5.7   0.0
   1 1985 199 13590.  20.0  30.5   8.614   4.3   0.0
   1 1985 200 17750.  11.7  30.0   4.161   2.3   0.0
   1 1985 201 27010.  15.0  26.7   4.161   3.6   0.0
   1 1985 202 28890.   7.2  28.3   1.868   3.3   0.0
   1 1985 203 28000.  11.1  28.3   2.324   3.7   0.0
   1 1985 204 16920.  13.3  30.0   5.987   6.9   0.0
   1 1985 205 12300.  16.7  27.2   8.010   3.1   0.0
   1 1985 206 20920.   7.2  26.7   4.475   2.0   0.0
   1 1985 207 25140.  14.4  28.3   5.566   3.4   0.0
   1 1985 208 25410.  17.2  28.9   5.987   5.1   0.0
   1 1985 209 24980.  15.6  27.8   4.475   3.0   0.0
   1 1985 210  5850.  13.3  25.5   4.475   4.1   0.0
   1 1985 211  7960.  13.9  21.1   3.344   5.4   0.0
   1 1985 212 28840.  10.6  25.5   2.688   3.6   0.0
   1 1985 213 27470.  11.7  26.1   2.688   2.7   0.0
   1 1985 214 28930.   9.4  27.2   3.110   3.1   0.0
   1 1985 215  6360.  11.7  23.9   5.176   4.0   0.0
   1 1985 216 17220.  16.1  30.0   8.614   5.4   0.0
   1 1985 217 24810.  16.7  30.5   5.987   2.9   0.0
   1 1985 218 28400.  15.6  28.3   4.475   3.4   0.0
   1 1985 219 25360.  14.4  28.3   3.597   3.0   0.0
   1 1985 220 25870.  15.6  30.5   6.925   5.7   0.0
   1 1985 221 24010.  14.4  23.3   4.161   4.4   0.0
   1 1985 222 27620.  10.0  24.4   3.344   3.0   0.0
   1 1985 223 13590.  10.0  27.8   6.925   7.2   0.0
   1 1985 224 23400.  16.1  28.3   5.987   3.8   0.0
   1 1985 225  8130.  15.6  24.4   4.812   2.2   0.0
   1 1985 226 28740.  11.7  25.0   2.891   2.6   0.0
   1 1985 227 25900.  12.2  25.5   2.891   2.6   0.0
   1 1985 228 14170.  12.2  27.8   6.439   4.4   0.0
   1 1985 229 30070.  12.8  22.8   2.324   4.9   0.0
   1 1985 230 21200.   8.3  21.1   2.009   3.8   0.0
   1 1985 231  7230.   8.9  17.8   2.161   2.8   0.0
   1 1985 232 23910.   7.2  21.1   2.500   2.2   0.0
   1 1985 233 12820.   7.8  22.2   3.110   3.8   0.0
   1 1985 234  9930.  11.1  22.2   5.176   4.2   0.0
   1 1985 235  7270.  14.4  23.3   5.176   3.3   0.0
   1 1985 236 10190.  14.4  17.8   5.176   4.8   0.0
   1 1985 237 10450.  15.0  24.4   4.475   3.0   0.0
   1 1985 238 22150.  12.2  26.1   4.475   3.1   0.0
   1 1985 239 12670.  13.3  25.0   5.566   3.1   0.0
   1 1985 240  6090.  17.2  22.8   6.925   3.0   0.0
   1 1985 241  8790.  16.7  21.7   4.812   3.5   0.0
   1 1985 242 21750.   8.9  25.0   3.868   4.7   0.0
   1 1985 243  8070.  17.8  25.0   5.566   3.1   0.0
   1 1985 244 16650.  11.1  23.3   5.566   4.7   0.0
   1 1985 245 21820.  18.9  28.3   8.614   6.5   0.0
   1 1985 246  7600.  18.3  28.3  10.716   3.8   0.0
   1 1985 247  6380.  18.9  28.9   9.964   3.6   0.0
   1 1985 248 29490.  18.9  31.7  11.525   5.0   0.0
   1 1985 249 26310.  21.1  33.9  13.331   3.7   0.0
   1 1985 250 12060.  18.3  32.2   8.614   5.4   0.0
   1 1985 251  8370.  15.6  23.3   6.439   3.8   0.0
   1 1985 252  6160.  12.2  18.9   3.344   3.8   0.0
   1 1985 253 26130.   5.6  18.3   1.502   3.3   0.0
   1 1985 254 22440.   4.4  18.3   1.502   3.1   0.0
   1 1985 255 24430.   2.2  17.8   1.298   3.4   0.0
   1 1985 256 14810.   3.9  17.8   1.396   2.2   0.0
   1 1985 257 30870.   3.3  20.0   1.502   2.9   0.0
   1 1985 258 22230.   8.9  23.3   2.324   5.8   0.0
   1 1985 259 11120.  14.4  22.2   4.475   8.0   0.0
   1 1985 260 23230.  17.8  28.9   6.925   5.3   0.0
   1 1985 261 27440.  20.0  29.4   6.439   6.8   0.0
   1 1985 262 11620.  12.2  28.9   3.344   5.2   0.0
   1 1985 263  6180.   7.8  17.2   2.324   4.7   0.0
   1 1985 264  6920.  10.0  18.3   5.176   4.6   0.0
   1 1985 265  6920.  11.1  18.3   2.891   7.9   0.0
   1 1985 266 24470.   1.7  11.7   0.725   5.9   0.0
   1 1985 267  6180.   0.6   9.4   1.396   3.8   0.0
   1 1985 268  6420.   6.7  10.6   1.615   1.8   0.0
   1 1985 269 29890.   0.0  16.7   0.971   2.9   0.0
   1 1985 270 25440.   5.6  17.2   2.161   2.8   0.0
   1 1985 271  7160.   6.7  16.1   2.688   2.8   0.0
   1 1985 272  6170.   5.6  10.0   1.502   6.1   0.0
