*------------------------------------------------------------------------------*
* Station name: Bakersfield, California, USA
* Year: 1988 day 1-336
* Author: Peter Kooman
* Source: Californian irrigation service.
* Comments: Radiation measured in cal cm-2 day (*41.8 conversion)
*           Temperature measured in degrees F ((F-32)*(5/9) conversion)
*           Vapour pressure measured in wet and drybulb temperature
*           (6.11*exp{(17.47*twet)/(twet+239)}- 0.65 *(tdry-twet) conversion)
*           Measured in miles per day (*0.0186 conversion)
*           Rain Measured in inches. (* 25.4 conversion)
* Longitude:      W,  latitude 35.3 N, altitude estimated at 150 m
*
* Column  Daily value
* 1       station number
* 2       year
* 3       day
* 4       irridiation                   (kj m-2 day -1)
* 5       minimum temperature           (degrees Celsius)
* 6       maximum temperature           (degrees Celsius)
* 7       early morning vapour pressure (kPA)
* 8       mean wind speed               (m s-1)
* 9       precipitation                 (mm d-1)
*------------------------------------------------------------------------------*
 -119.0  35.30   150. 0.00 0.00
   2 1988   1  6145.   0.0   7.2   6.820 -99.0   0.0
   2 1988   2  4222.  -1.7  16.1   5.750 -99.0   0.0
   2 1988   3  6395.  -0.6  13.9   8.380 -99.0   0.0
   2 1988   4  4473.   4.4  17.2   8.770 -99.0   0.0
   2 1988   5  4598.   6.1  14.4  12.320 -99.0   7.1
   2 1988   6  6061.   2.8  14.4   9.260 -99.0   0.0
   2 1988   7  6521.   3.9  12.2   8.740 -99.0   0.0
   2 1988   8  5518.   1.7  11.1   8.410 -99.0   0.0
   2 1988   9  5936.   2.2  13.9   9.090 -99.0   0.0
   2 1988  10  4932.   2.8  13.9   8.080 -99.0   0.0
   2 1988  11  4849.   2.8   9.4   8.560 -99.0   0.3
   2 1988  12  5016.   5.0  16.1   7.320 -99.0   2.5
   2 1988  13  4222.   1.1  12.8   1.660 -99.0   0.0
   2 1988  14  4849.  -1.7  16.7   5.640 -99.0   0.0
   2 1988  15  5434.  -0.6   9.4   9.120 -99.0   0.0
   2 1988  16  3929.   2.8  15.0   8.560 -99.0   1.0
   2 1988  17  5559.   1.1  16.1  10.350 -99.0   1.3
   2 1988  18  6730.   3.9  13.3   5.730 -99.0  29.5
   2 1988  19  8109.   0.0  11.7   5.540 -99.0   0.0
   2 1988  20  7691.  -1.1  13.3   5.640 -99.0   0.0
   2 1988  21  7482.   0.0  11.7   6.530 -99.0   0.0
   2 1988  22  5476.   0.6  16.1   6.440 -99.0   0.0
   2 1988  23  5225.   0.6  16.7   8.390 -99.0   0.0
   2 1988  24  6270.   1.7  17.8   8.730 -99.0   0.0
   2 1988  25  5225.   2.8  20.0   9.830 -99.0   0.0
   2 1988  26  6772.   3.9  20.6   9.450 -99.0   0.0
   2 1988  27  5476.   3.9  15.6  10.200 -99.0   0.0
   2 1988  28  6646.   3.3  25.0   6.870 -99.0   0.0
   2 1988  29  6145.   6.1  18.9   9.920 -99.0   0.0
   2 1988  30  5058.   6.7  11.7  11.070 -99.0   0.0
   2 1988  31  5643.   4.4  12.8   9.090 -99.0   0.0
   2 1988  32  5936.   0.0  15.0   8.730 -99.0   0.0
   2 1988  33  8026.   1.1  16.7   9.080 -99.0   2.5
   2 1988  34  9196.  -0.6  15.6   6.090 -99.0   0.5
   2 1988  35  8987.   0.6  15.6   6.750 -99.0   0.0
   2 1988  36  7566.  -0.6  16.7   6.820 -99.0   0.0
   2 1988  37  6897.   0.0  19.4   6.750 -99.0   0.0
   2 1988  38  8653.   0.6  17.8   8.000 -99.0   0.0
   2 1988  39  8820.   2.8  18.9   9.090 -99.0   0.0
   2 1988  40  7900.   3.9  20.0   8.720 -99.0   0.0
   2 1988  41  8778.   3.9  20.0   7.640 -99.0   0.0
   2 1988  42 10952.   5.6  23.3  10.680 -99.0   0.0
   2 1988  43  9781.   3.3  25.0   8.790 -99.0   0.0
   2 1988  44  7399.   5.6  25.0   8.730 -99.0   0.0
   2 1988  45 11119.   6.7  25.0  10.240 -99.0   0.0
   2 1988  46 11077.   3.9  25.6   8.020 -99.0   0.0
   2 1988  47  9280.   5.0  18.9   7.310 -99.0   0.0
   2 1988  48  9739.   1.7  22.2   5.880 -99.0   0.0
   2 1988  49 13251.  -1.7  18.3   9.200 -99.0   0.0
   2 1988  50 11955.   1.7  20.0   6.570 -99.0   0.0
   2 1988  51 10743.   2.2  23.3   5.840 -99.0   0.0
   2 1988  52 11537.   4.4  21.1   6.930 -99.0   0.0
   2 1988  53 13083.   4.4  21.1   7.280 -99.0   0.0
   2 1988  54 13710.   5.0  24.4   8.430 -99.0   0.0
   2 1988  55 12122.   5.6  17.8  10.060 -99.0   0.0
   2 1988  56 11955.   7.2  24.4   8.790 -99.0   0.0
   2 1988  57 15215.   9.4  23.9  11.410 -99.0   0.0
   2 1988  58 11704.  12.8  25.0  14.140 -99.0   0.5
   2 1988  59 12456.  11.7  21.1  13.930 -99.0   3.8
   2 1988  60 12456.  10.0  20.0  11.910 -99.0   0.5
   2 1988  61 10199.   8.3  17.2  12.430 -99.0   0.5
   2 1988  62 12247.   6.1  20.6   9.630 -99.0   4.1
   2 1988  63 12080.   3.9  20.0  10.350 -99.0   0.0
   2 1988  64 13627.   8.3  21.7  13.490 -99.0   0.0
   2 1988  65 11579.   6.1  22.2  12.850 -99.0   0.0
   2 1988  66 15299.  10.0  21.1  12.550 -99.0   0.0
   2 1988  67 17347.   7.8  21.1  11.650 -99.0   0.0
   2 1988  68 16929.   6.1  26.7  12.190 -99.0   0.0
   2 1988  69 15048.   4.4  23.3  11.610 -99.0   0.0
   2 1988  70 13794.   1.7  16.1   6.200 -99.0   0.0
   2 1988  71 15968.   0.0  20.0   5.880 -99.0   0.0
   2 1988  72 16845.   1.1  19.4  10.990 -99.0   0.0
   2 1988  73 16720.   1.1  22.8   8.010 -99.0   0.0
   2 1988  74 15508.   3.3  22.8   5.470 -99.0   0.0
   2 1988  75 13125.   3.9  24.4   9.430 -99.0   0.0
   2 1988  76 16302.   5.6  25.6   8.480 -99.0   0.0
   2 1988  77 18685.   4.4  26.7   8.840 -99.0   0.0
   2 1988  78 15842.   6.7  26.7  15.240 -99.0   0.0
   2 1988  79 15006.   6.1  28.9   9.600 -99.0   0.0
   2 1988  80 18016.   7.2  29.4   8.580 -99.0   0.0
   2 1988  81 15926.   8.3  26.1  10.860 -99.0   0.0
   2 1988  82 19019.   7.8  24.4   9.600 -99.0   0.0
   2 1988  83 19939.   5.6  23.9   5.950 -99.0   0.0
   2 1988  84 21527.   7.2  23.3   9.250 -99.0   0.0
   2 1988  85 14296.   8.3  27.8   8.620 -99.0   0.0
   2 1988  86 16009.  10.6  27.2  12.560 -99.0   0.0
   2 1988  87 18392.   7.2  25.6  11.330 -99.0   0.0
   2 1988  88 20649.   4.4  22.8   6.580 -99.0   0.0
   2 1988  89 21694.   5.0  22.2   6.590 -99.0   0.0
   2 1988  90 19730.   2.2  22.8   4.430 -99.0   0.0
   2 1988  91 22029.   4.4  25.6   2.770 -99.0   0.0
   2 1988  92 20440.   5.6  27.8  13.240 -99.0   0.0
   2 1988  93 21903.   6.1  27.8  17.600 -99.0   0.0
   2 1988  94 21820.   7.2  26.7   8.120 -99.0   0.0
   2 1988  95 21527.  10.0  27.8   9.430 -99.0   0.0
   2 1988  96 21234.   7.8  30.6   7.900 -99.0   0.0
   2 1988  97 19270.   9.4  32.2   9.300 -99.0   0.0
   2 1988  98 23701.  11.1  28.3  12.700 -99.0   0.0
   2 1988  99 24244.   7.2  23.3   8.180 -99.0   0.0
   2 1988 100 25498.   7.2  32.8   6.090 -99.0   0.0
   2 1988 101 25874.  11.7  35.0  12.340 -99.0   0.0
   2 1988 102 24453.  12.8  30.0   6.060 -99.0   0.0
   2 1988 103 25582.  11.7  24.4   8.700 -99.0   0.0
   2 1988 104 21109.  10.0  19.4   7.100 -99.0   0.0
   2 1988 105 23199.   6.7  19.4   5.840 -99.0   0.0
   2 1988 106 21318.   8.3  15.6  10.890 -99.0  11.7
   2 1988 107 17556.   8.3  19.4  12.190 -99.0   4.1
   2 1988 108 24704.  11.7  19.4  10.520 -99.0   0.0
   2 1988 109 21820.  11.1  23.9  12.330 -99.0   0.0
   2 1988 110 21987.   9.4  23.9   4.760 -99.0   0.0
   2 1988 111 22070.   8.3  20.0  11.870 -99.0  14.2
   2 1988 112 23868.   9.4  18.3  11.010 -99.0   5.6
   2 1988 113 22363.   8.3  18.9   9.200 -99.0   0.0
   2 1988 114 22279.   6.1  18.3  11.510 -99.0   2.0
   2 1988 115 18350.   4.4  21.7  12.190 -99.0   4.3
   2 1988 116 21067.   8.3  23.3  11.240 -99.0   0.0
   2 1988 117 21820.  10.0  26.7  11.470 -99.0   0.0
   2 1988 118 23784.  10.6  28.3  13.120 -99.0   0.0
   2 1988 119 23993.   9.4  23.3  10.210 -99.0   0.0
   2 1988 120 22154.   8.3  25.0  11.110 -99.0   0.0
   2 1988 121 21485.   8.9  24.4   9.260 -99.0   0.0
   2 1988 122 23784.   8.9  24.4   8.010 -99.0   0.0
   2 1988 123 25582.   5.0  25.6   7.370 -99.0   0.0
   2 1988 124 26794.   7.2  25.0   7.580 -99.0   0.0
   2 1988 125 27045.   7.8  20.6   9.300 -99.0   0.0
   2 1988 126 25373.   6.1  18.9   9.560 -99.0   0.0
   2 1988 127 28508.   7.8  17.2   8.790 -99.0   8.4
   2 1988 128 23993.   6.1  21.1  10.630 -99.0   0.0
   2 1988 129 22823.   7.8  22.2  13.780 -99.0   0.0
   2 1988 130 19437.   8.3  26.7  10.260 -99.0   0.0
   2 1988 131 24160.  11.7  33.3   3.900 -99.0   0.0
   2 1988 132 23241.  12.8  35.0   9.090 -99.0   0.0
   2 1988 133 24787.  10.0  34.4  12.450 -99.0   0.0
   2 1988 134 22906.  15.6  25.6  12.850 -99.0   0.0
   2 1988 135 26668.  12.2  29.4   8.520 -99.0   0.0
   2 1988 136 27546.  10.6  34.4  12.200 -99.0   0.0
   2 1988 137 27504.  14.4  27.2  12.310 -99.0   0.0
   2 1988 138 27295.  12.2  18.3  13.930 -99.0   1.3
   2 1988 139 23910.  10.0  25.6  11.870 -99.0   0.0
   2 1988 140 24662.   8.3  31.7   8.580 -99.0   0.0
   2 1988 141 25749.  13.3  37.2   7.800 -99.0   0.0
   2 1988 142 26919.  13.9 -17.2   9.310 -99.0   0.0
   2 1988 143 25122.  16.7  35.0  11.630 -99.0   0.0
   2 1988 144 25331.  15.6  33.3   9.990 -99.0   0.0
   2 1988 145 27254.  15.0  32.8   8.730 -99.0   0.0
   2 1988 146 25205.  11.1  32.2   8.880 -99.0   0.0
   2 1988 147 26627.  11.1  27.8   9.410 -99.0   0.0
   2 1988 148 27881.  12.8  28.9   8.820 -99.0   0.0
   2 1988 149 28299.  10.0  30.6  13.530 -99.0   0.0
   2 1988 150 28884.  12.8  22.2  10.630 -99.0   9.4
   2 1988 151 28800.   8.9  23.3   8.540 -99.0   0.0
   2 1988 152 28173.  11.1  29.4   6.960 -99.0   0.0
   2 1988 153 28215.  13.3  30.0  12.850 -99.0   0.0
   2 1988 154 28424.  15.0  34.4  13.420 -99.0   0.0
   2 1988 155 29218.  10.6  26.1  16.180 -99.0   0.0
   2 1988 156 27839.  11.7  25.6   9.540 -99.0   0.0
   2 1988 157 26543.  11.1  23.3  15.810 -99.0   0.0
   2 1988 158 26877.   8.9  21.1  13.650 -99.0   0.0
   2 1988 159 29302.   9.4  22.2  14.800 -99.0   0.0
   2 1988 160 27128.   7.2  25.0  13.480 -99.0   0.0
   2 1988 161 26000.   8.9  26.7  12.560 -99.0   0.0
   2 1988 162 27421.  10.0  29.4  20.660 -99.0   0.0
   2 1988 163 29803.  11.1  29.4  13.440 -99.0   0.0
   2 1988 164 29135.  10.6  30.0  13.000 -99.0   0.0
   2 1988 165 28926.  14.4  35.0  20.820 -99.0   0.0
   2 1988 166 29636.  18.9 -17.2  14.190 -99.0   0.0
   2 1988 167 29511.  21.7 -16.7  12.790 -99.0   0.0
   2 1988 168 29093.  12.8  33.3  13.080 -99.0   0.0
   2 1988 169 29093.  18.9  27.8  13.890 -99.0   0.0
   2 1988 170 26710.  14.4  33.3  15.080 -99.0   0.0
   2 1988 171 29009.  21.1 -17.2  15.110 -99.0   0.0
   2 1988 172 28173.  18.3  31.1  17.960 -99.0   1.5
   2 1988 173 29051.  13.3  30.0  14.010 -99.0   0.3
   2 1988 174 27922.  17.8  33.3  15.470 -99.0   0.0
   2 1988 175 27128.  16.7  36.7  16.910 -99.0   0.0
   2 1988 176 27463.  21.1  37.2  19.210 -99.0   6.1
   2 1988 177 25289.  18.3  35.6  16.880 -99.0   0.0
   2 1988 178 27086.  18.3  35.6  16.160 -99.0   0.0
   2 1988 179 27337.  17.8  34.4  11.000 -99.0   0.0
   2 1988 180 26292.  16.7  33.3  10.820 -99.0   0.0
   2 1988 181 23032.  16.1  32.2   8.330 -99.0   0.0
   2 1988 182 24704.  15.0  35.6   7.280 -99.0   0.0
   2 1988 183 26292.  17.2 -17.2  14.350 -99.0   0.0
   2 1988 184 28173.  13.3 -15.6  12.900 -99.0   0.0
   2 1988 185 27421.  19.4 -15.6  23.970 -99.0   0.0
   2 1988 186 28758.  16.7  34.4  14.030 -99.0   0.0
   2 1988 187 28633.  16.7  33.9  20.400 -99.0   0.0
   2 1988 188 29009.  16.1  37.2  21.850 -99.0   0.0
   2 1988 189 28006.  18.9  34.4  19.200 -99.0   0.0
   2 1988 190 28591.  15.6  37.2  14.700 -99.0   0.0
   2 1988 191 28675.  17.8 -17.2  18.720 -99.0   0.0
   2 1988 192 26250.  19.4 -14.4  27.980 -99.0   0.0
   2 1988 193 29511.  20.0  37.2   9.970 -99.0   0.0
   2 1988 194 29469.  18.3  33.9  13.670 -99.0   0.0
   2 1988 195 29302.  18.3  35.6  14.030 -99.0   0.0
   2 1988 196 29218.  20.6  33.3  10.640 -99.0   0.0
   2 1988 197 29176.  17.2  35.0  13.980 -99.0   0.0
   2 1988 198 27797.  18.9  36.7  21.610 -99.0   0.0
   2 1988 199 28549.  20.0 -13.9  21.020 -99.0   0.0
   2 1988 200 29009.  21.1 -13.3  10.380 -99.0   0.0
   2 1988 201 28131.  23.3 -14.4  14.540 -99.0   0.0
   2 1988 202 26041.  21.7 -13.9  16.240 -99.0   0.0
   2 1988 203 24871.  26.7 -14.4  21.870 -99.0   0.0
   2 1988 204 27922.  26.1 -14.4  18.960 -99.0   0.0
   2 1988 205 27463.  25.0 -14.4  22.520 -99.0   0.0
   2 1988 206 27797.  23.3 -14.4  26.900 -99.0   0.0
   2 1988 207 24077.  21.1 -14.4  18.720 -99.0   0.0
   2 1988 208 27588.  24.4 -15.0  19.600 -99.0   0.0
   2 1988 209 27588.  20.0 -15.0  18.960 -99.0   0.0
   2 1988 210 27839.  23.3 -15.0  19.090 -99.0   0.0
   2 1988 211 27672.  21.1 -15.6  17.240 -99.0   0.0
   2 1988 212 27254.  20.6 -15.0  13.270 -99.0   0.0
   2 1988 213 24578.  21.1 -17.8  17.630 -99.0   0.0
   2 1988 214 26209.  21.7  36.7  17.070 -99.0   0.0
   2 1988 215 26585.  21.1  37.2  15.790 -99.0   0.0
   2 1988 216 26585.  19.4  33.9  15.830 -99.0   0.0
   2 1988 217 24369.  20.0  34.4  18.360 -99.0   0.0
   2 1988 218 26585.  20.0  35.0  16.910 -99.0   0.0
   2 1988 219 26041.  16.7  31.7  15.830 -99.0   0.0
   2 1988 220 25916.  16.1  31.1  12.350 -99.0   0.0
   2 1988 221 26585.  16.7  34.4  15.610 -99.0   0.0
   2 1988 222 26083.  17.2  35.6  14.350 -99.0   0.0
   2 1988 223 24787.  18.3  37.2  11.630 -99.0   0.0
   2 1988 224 21903.  16.1  35.0  10.460 -99.0   0.0
   2 1988 225 23492.  14.4  32.8  11.050 -99.0   0.0
   2 1988 226 26543.  15.0  32.8  15.530 -99.0   0.0
   2 1988 227 25832.  15.0  31.1  17.230 -99.0   0.0
   2 1988 228 25456.  15.0  31.1  10.760 -99.0   0.0
   2 1988 229 23324.  15.6  31.7   8.520 -99.0   0.0
   2 1988 230 21109.  15.0  35.0  12.090 -99.0   0.0
   2 1988 231 24160.  14.4  37.2  13.080 -99.0   0.0
   2 1988 232 24704.  16.1 -17.2  12.760 -99.0   0.0
   2 1988 233 24704.  16.1 -17.2  10.910 -99.0   0.0
   2 1988 234 24955.  16.7 -16.1  12.580 -99.0   0.0
   2 1988 235 24746.  18.9 -17.8  11.500 -99.0   0.0
   2 1988 236 24537.  20.0  37.2  10.550 -99.0   0.0
   2 1988 237 24411.  18.3  35.0  11.270 -99.0   0.0
   2 1988 238 28340.  22.8 -17.8  16.550 -99.0   0.0
   2 1988 239 28591.  22.8 -15.6  13.980 -99.0   0.0
   2 1988 240 28090.  22.2 -15.6  18.160 -99.0   0.0
   2 1988 241 27170.  20.6 -16.1  14.440 -99.0   0.0
   2 1988 242 26376.  18.9 -17.2  13.260 -99.0   0.0
   2 1988 243 27713.  20.0 -17.8  13.260 -99.0   0.0
   2 1988 244 27546.  21.1 -14.4  12.550 -99.0   0.3
   2 1988 245 24119.  22.8 -16.1  13.080 -99.0   0.0
   2 1988 246 22447.  22.2 -15.6  15.790 -99.0   0.0
   2 1988 247 22196.  21.7 -15.6  18.490 -99.0   0.0
   2 1988 248 17932.  21.1 -12.2  17.770 -99.0   0.0
   2 1988 249 16678.  23.3 -12.2  18.770 -99.0   0.0
   2 1988 250 21234.  22.8 -15.6  13.800 -99.0   0.0
   2 1988 251 21694.  20.6 -16.7  13.990 -99.0   0.0
   2 1988 252 21945.  20.6 -17.8  10.550 -99.0   0.0
   2 1988 253 20607.  17.8  35.6  10.760 -99.0   0.0
   2 1988 254 19813.  15.6  35.6   8.880 -99.0   0.0
   2 1988 255 20315.  16.1  35.0  14.390 -99.0   0.0
   2 1988 256 19897.  14.4  32.8  12.560 -99.0   0.0
   2 1988 257 19980.  12.2  32.2  11.050 -99.0   0.0
   2 1988 258 19186.  13.9  32.8  10.490 -99.0   0.0
   2 1988 259 19312.  13.9  32.2  10.170 -99.0   0.0
   2 1988 260 17849.  13.9  32.2  12.940 -99.0   0.0
   2 1988 261 19688.  13.3  32.2  12.810 -99.0   0.0
   2 1988 262 19562.  11.7  31.7  12.340 -99.0   0.0
   2 1988 263 19688.  12.2  32.8   9.500 -99.0   0.0
   2 1988 264 20106.  15.6  24.4  12.490 -99.0   0.0
   2 1988 265 22196.  10.6  26.7  10.390 -99.0   0.0
   2 1988 266 22238.  11.1  32.2  13.570 -99.0   0.0
   2 1988 267 19939.  12.2  31.1  13.290 -99.0   0.0
   2 1988 268 20273.  13.3  33.3   8.260 -99.0   0.0
   2 1988 269 21485.  12.8  28.9   9.070 -99.0   0.0
   2 1988 270 20106.  11.1  28.3  13.570 -99.0   0.0
   2 1988 271 20148.  12.8  26.7  13.780 -99.0   0.0
   2 1988 272 20106.  10.0  32.2  13.410 -99.0   0.0
   2 1988 273 17472.  13.3  36.1  13.590 -99.0   0.0
   2 1988 274 19353.  15.6  36.7  11.250 -99.0   0.0
   2 1988 275 17849.  16.1  31.7   9.680 -99.0   0.0
   2 1988 276 19103.  13.3  37.2  12.130 -99.0   0.0
   2 1988 277 15257.  14.4  31.1  13.290 -99.0   0.0
   2 1988 278 18225.  12.2  31.1   5.100 -99.0   0.0
   2 1988 279 16051.  13.9  29.4   6.290 -99.0   0.0
   2 1988 280 15633.  11.7  28.9   7.990 -99.0   0.0
   2 1988 281 14964.  11.1  27.2   7.540 -99.0   0.0
   2 1988 282 15382.  10.6  28.3  11.040 -99.0   0.0
   2 1988 283 16887.  13.3  31.1  14.010 -99.0   0.0
   2 1988 284 14421.  13.9  32.2  15.700 -99.0   0.0
   2 1988 285 14923.  12.8  28.3  11.510 -99.0   0.0
   2 1988 286 15048.  12.8  30.6   6.310 -99.0   0.0
   2 1988 287 14672.  12.2  25.6  13.780 -99.0   0.0
   2 1988 288 15382.  12.8  23.9  12.130 -99.0   0.0
   2 1988 289 15006.   9.4  27.2  13.940 -99.0   0.0
   2 1988 290 15215.  10.6  31.7  15.450 -99.0   0.0
   2 1988 291 14421.  13.9  33.3  10.490 -99.0   0.0
   2 1988 292 13710.  12.8  35.0   9.240 -99.0   0.0
   2 1988 293 12833.  14.4  34.4   8.220 -99.0   0.0
   2 1988 294 14379.  13.9  33.3   8.940 -99.0   0.0
   2 1988 295 14045.  10.6  33.3   6.310 -99.0   0.0
   2 1988 296 13334.  13.3  33.3  17.230 -99.0   0.0
   2 1988 297 13125.  11.7  32.2  11.480 -99.0   0.0
   2 1988 298 13752.  10.6  29.4  11.580 -99.0   0.0
   2 1988 299 11537.  11.1  26.1  10.890 -99.0   0.0
   2 1988 300 14087.  10.0  25.6   6.310 -99.0   0.0
   2 1988 301 15006.  10.6  29.4   7.100 -99.0   0.0
   2 1988 302 12331.   8.9  19.4  10.750 -99.0   0.0
   2 1988 303 15132.  10.0  20.0  15.020 -99.0   0.0
   2 1988 304 13836.  10.0  22.2  14.010 -99.0   0.0
   2 1988 305 14087.   7.2  24.4  13.060 -99.0   0.0
   2 1988 306 13543.  10.0  23.9 -99.000 -99.0   0.3
   2 1988 307 13042.   9.4  20.6 -99.000 -99.0   0.3
   2 1988 308 11119.   8.3  25.6 -99.000 -99.0   0.3
   2 1988 309 12456.  11.7  25.6 -99.000 -99.0   0.3
   2 1988 310  9280.  10.0  26.7 -99.000 -99.0   1.3
   2 1988 311  9656.   8.3  25.6 -99.000 -99.0   1.0
   2 1988 312  8778.   9.4  23.9 -99.000 -99.0   0.5
   2 1988 313 12289.   3.3  19.4 -99.000 -99.0   0.3
   2 1988 314 11913.   6.7  20.0 -99.000 -99.0   0.3
   2 1988 315  8235.   4.4  22.2   6.560 -99.0   0.0
   2 1988 316  8569.   7.8  20.6  11.470 -99.0   0.0
   2 1988 317 11328.   5.0  22.8  10.280 -99.0   0.0
   2 1988 318  8527.   7.2  24.4  10.690 -99.0   0.0
   2 1988 319  7064.   4.4  14.4  10.650 -99.0  13.7
   2 1988 320 10701.   2.8  15.0   8.360 -99.0   4.3
   2 1988 321  9238.   2.8  17.2   5.240 -99.0   0.0
   2 1988 322  9154.   7.8  14.4  10.220 -99.0   2.0
   2 1988 323  7733.   6.1  13.9   8.760 -99.0   0.0
   2 1988 324 10241.   1.1  14.4   7.640 -99.0   0.0
   2 1988 325  8653.   0.0  17.2   6.330 -99.0   0.0
   2 1988 326  6479.  -0.6  17.2   5.660 -99.0   0.0
   2 1988 327  7148.   1.1  21.7   6.600 -99.0   0.0
   2 1988 328  9238.   7.8  23.3   7.460 -99.0   0.0
   2 1988 329  7148.   6.7  23.3  10.240 -99.0   1.0
   2 1988 330  8235.   3.3  22.8  10.200 -99.0   6.4
   2 1988 331  7984.   6.1  12.8  12.320 -99.0   3.3
   2 1988 332  7524.   1.7  12.8  10.200 -99.0   0.5
   2 1988 333  6479.   1.7   8.9   9.480 -99.0   0.0
   2 1988 334  8444.   3.9  17.2   8.360 -99.0   0.0
   2 1988 335  7357.  -0.6  15.6  11.430 -99.0   0.0
   2 1988 336  6270.   0.6  15.0 -99.000 -99.0   1.0
