*---------------------------------------------------------------------------*
* Station name: Koro, Mopti-region, Mali
* Year: 1985
* Author: Olaf Erenstein & Willem Stol
* Source: Meteo Mali
* Comments: Daily raindata, others monthly means
*
* Longitude: 03 04 W
* Latitude:  14 04 N
* Altitude:    253 m
*
* Column  Daily value
* 1       station number
* 2       year
* 3       day
* 4       irradiation                   (kJ m-2 d-1)
* 5       minimum temperature           (degrees Celsius)
* 6       maximum temperature           (degrees Celsius)
* 7       early morning vapour pressure (kPa)
* 8       mean wind speed (height: 2 m) (m s-1)
* 9       precipitation                 (mm d-1)
*---------------------------------------------------------------------------*
  -3.07  14.07   253. 0.00 0.00
   4 1985   1      4     4     4       4     4     1
   4 1985   1     0.   0.0   0.0   0.000   0.0   0.0
   4 1985   2     0.   0.0   0.0   0.000   0.0   0.0
   4 1985   3     0.   0.0   0.0   0.000   0.0   0.0
   4 1985   4     0.   0.0   0.0   0.000   0.0   0.0
   4 1985   5     0.   0.0   0.0   0.000   0.0   0.0
   4 1985   6     0.   0.0   0.0   0.000   0.0   0.0
   4 1985   7     0.   0.0   0.0   0.000   0.0   0.0
   4 1985   8     0.   0.0   0.0   0.000   0.0   0.0
   4 1985   9     0.   0.0   0.0   0.000   0.0   0.0
   4 1985  10     0.   0.0   0.0   0.000   0.0   0.0
   4 1985  11     0.   0.0   0.0   0.000   0.0   0.0
   4 1985  12     0.   0.0   0.0   0.000   0.0   0.0
   4 1985  13     0.   0.0   0.0   0.000   0.0   0.0
   4 1985  14     0.   0.0   0.0   0.000   0.0   0.0
   4 1985  15     0.   0.0   0.0   0.000   0.0   0.0
   4 1985  16     0.   0.0   0.0   0.000   0.0   0.0
   4 1985  17     0.   0.0   0.0   0.000   0.0   0.0
   4 1985  18     0.   0.0   0.0   0.000   0.0   0.0
   4 1985  19     0.   0.0   0.0   0.000   0.0   0.0
   4 1985  20     0.   0.0   0.0   0.000   0.0   0.0
   4 1985  21     0.   0.0   0.0   0.000   0.0   0.0
   4 1985  22     0.   0.0   0.0   0.000   0.0   0.0
   4 1985  23     0.   0.0   0.0   0.000   0.0   0.0
   4 1985  24     0.   0.0   0.0   0.000   0.0   0.0
   4 1985  25     0.   0.0   0.0   0.000   0.0   0.0
   4 1985  26     0.   0.0   0.0   0.000   0.0   0.0
   4 1985  27     0.   0.0   0.0   0.000   0.0   0.0
   4 1985  28     0.   0.0   0.0   0.000   0.0   0.0
   4 1985  29     0.   0.0   0.0   0.000   0.0   0.0
   4 1985  30     0.   0.0   0.0   0.000   0.0   0.0
   4 1985  31     0.   0.0   0.0   0.000   0.0   0.0
   4 1985  32     0.   0.0   0.0   0.000   0.0   0.0
   4 1985  33     0.   0.0   0.0   0.000   0.0   0.0
   4 1985  34     0.   0.0   0.0   0.000   0.0   0.0
   4 1985  35     0.   0.0   0.0   0.000   0.0   0.0
   4 1985  36     0.   0.0   0.0   0.000   0.0   0.0
   4 1985  37     0.   0.0   0.0   0.000   0.0   0.0
   4 1985  38     0.   0.0   0.0   0.000   0.0   0.0
   4 1985  39     0.   0.0   0.0   0.000   0.0   0.0
   4 1985  40     0.   0.0   0.0   0.000   0.0   0.0
   4 1985  41     0.   0.0   0.0   0.000   0.0   0.0
   4 1985  42     0.   0.0   0.0   0.000   0.0   0.0
   4 1985  43     0.   0.0   0.0   0.000   0.0   0.0
   4 1985  44     0.   0.0   0.0   0.000   0.0   0.0
   4 1985  45     0.   0.0   0.0   0.000   0.0   0.0
   4 1985  46     0.   0.0   0.0   0.000   0.0   0.0
   4 1985  47     0.   0.0   0.0   0.000   0.0   0.0
   4 1985  48     0.   0.0   0.0   0.000   0.0   0.0
   4 1985  49     0.   0.0   0.0   0.000   0.0   0.0
   4 1985  50     0.   0.0   0.0   0.000   0.0   0.0
   4 1985  51     0.   0.0   0.0   0.000   0.0   0.0
   4 1985  52     0.   0.0   0.0   0.000   0.0   0.0
   4 1985  53     0.   0.0   0.0   0.000   0.0   0.0
   4 1985  54     0.   0.0   0.0   0.000   0.0   0.0
   4 1985  55     0.   0.0   0.0   0.000   0.0   0.0
   4 1985  56     0.   0.0   0.0   0.000   0.0   0.0
   4 1985  57     0.   0.0   0.0   0.000   0.0   0.0
   4 1985  58     0.   0.0   0.0   0.000   0.0   0.0
   4 1985  59     0.   0.0   0.0   0.000   0.0   0.0
   4 1985  60     0.   0.0   0.0   0.000   0.0   0.0
   4 1985  61     0.   0.0   0.0   0.000   0.0   0.0
   4 1985  62     0.   0.0   0.0   0.000   0.0   0.0
   4 1985  63     0.   0.0   0.0   0.000   0.0   0.0
   4 1985  64     0.   0.0   0.0   0.000   0.0   0.0
   4 1985  65     0.   0.0   0.0   0.000   0.0   0.0
   4 1985  66     0.   0.0   0.0   0.000   0.0   0.0
   4 1985  67     0.   0.0   0.0   0.000   0.0   0.0
   4 1985  68     0.   0.0   0.0   0.000   0.0   0.0
   4 1985  69     0.   0.0   0.0   0.000   0.0   0.0
   4 1985  70     0.   0.0   0.0   0.000   0.0   0.0
   4 1985  71     0.   0.0   0.0   0.000   0.0   0.0
   4 1985  72     0.   0.0   0.0   0.000   0.0   0.0
   4 1985  73     0.   0.0   0.0   0.000   0.0   0.0
   4 1985  74     0.   0.0   0.0   0.000   0.0   0.0
   4 1985  75     0.   0.0   0.0   0.000   0.0   0.0
   4 1985  76     0.   0.0   0.0   0.000   0.0   0.0
   4 1985  77     0.   0.0   0.0   0.000   0.0   0.0
   4 1985  78     0.   0.0   0.0   0.000   0.0   0.0
   4 1985  79     0.   0.0   0.0   0.000   0.0   0.0
   4 1985  80     0.   0.0   0.0   0.000   0.0   0.0
   4 1985  81     0.   0.0   0.0   0.000   0.0   0.0
   4 1985  82     0.   0.0   0.0   0.000   0.0   0.0
   4 1985  83     0.   0.0   0.0   0.000   0.0   0.0
   4 1985  84     0.   0.0   0.0   0.000   0.0   0.0
   4 1985  85     0.   0.0   0.0   0.000   0.0   0.0
   4 1985  86     0.   0.0   0.0   0.000   0.0   0.0
   4 1985  87     0.   0.0   0.0   0.000   0.0   0.0
   4 1985  88     0.   0.0   0.0   0.000   0.0   0.0
   4 1985  89     0.   0.0   0.0   0.000   0.0   0.0
   4 1985  90     0.   0.0   0.0   0.000   0.0   0.0
   4 1985  91     0.   0.0   0.0   0.000   0.0   0.0
   4 1985  92     0.   0.0   0.0   0.000   0.0   0.0
   4 1985  93     0.   0.0   0.0   0.000   0.0   0.0
   4 1985  94     0.   0.0   0.0   0.000   0.0   0.0
   4 1985  95     0.   0.0   0.0   0.000   0.0   0.0
   4 1985  96     0.   0.0   0.0   0.000   0.0   0.0
   4 1985  97     0.   0.0   0.0   0.000   0.0   0.0
   4 1985  98     0.   0.0   0.0   0.000   0.0   0.0
   4 1985  99     0.   0.0   0.0   0.000   0.0   0.0
   4 1985 100     0.   0.0   0.0   0.000   0.0   0.0
   4 1985 101     0.   0.0   0.0   0.000   0.0   0.0
   4 1985 102     0.   0.0   0.0   0.000   0.0   0.0
   4 1985 103     0.   0.0   0.0   0.000   0.0   0.0
   4 1985 104     0.   0.0   0.0   0.000   0.0   0.0
   4 1985 105     0.   0.0   0.0   0.000   0.0   0.0
   4 1985 106     0.   0.0   0.0   0.000   0.0   0.0
   4 1985 107     0.   0.0   0.0   0.000   0.0   0.0
   4 1985 108     0.   0.0   0.0   0.000   0.0   0.0
   4 1985 109     0.   0.0   0.0   0.000   0.0   0.0
   4 1985 110     0.   0.0   0.0   0.000   0.0   0.0
   4 1985 111     0.   0.0   0.0   0.000   0.0   0.0
   4 1985 112     0.   0.0   0.0   0.000   0.0   0.0
   4 1985 113     0.   0.0   0.0   0.000   0.0   0.0
   4 1985 114     0.   0.0   0.0   0.000   0.0   0.0
   4 1985 115     0.   0.0   0.0   0.000   0.0   0.0
   4 1985 116     0.   0.0   0.0   0.000   0.0   0.0
   4 1985 117     0.   0.0   0.0   0.000   0.0   0.0
   4 1985 118     0.   0.0   0.0   0.000   0.0   0.0
   4 1985 119     0.   0.0   0.0   0.000   0.0   0.0
   4 1985 120     0.   0.0   0.0   0.000   0.0   0.0
   4 1985 121     0.   0.0   0.0   0.000   0.0   0.0
   4 1985 122     0.   0.0   0.0   0.000   0.0   0.0
   4 1985 123     0.   0.0   0.0   0.000   0.0   0.0
   4 1985 124     0.   0.0   0.0   0.000   0.0   0.0
   4 1985 125     0.   0.0   0.0   0.000   0.0   0.0
   4 1985 126     0.   0.0   0.0   0.000   0.0   0.0
   4 1985 127     0.   0.0   0.0   0.000   0.0   0.0
   4 1985 128     0.   0.0   0.0   0.000   0.0   0.0
   4 1985 129     0.   0.0   0.0   0.000   0.0   0.0
   4 1985 130     0.   0.0   0.0   0.000   0.0   0.0
   4 1985 131     0.   0.0   0.0   0.000   0.0   0.0
   4 1985 132     0.   0.0   0.0   0.000   0.0   0.0
   4 1985 133     0.   0.0   0.0   0.000   0.0   0.0
   4 1985 134     0.   0.0   0.0   0.000   0.0   0.0
   4 1985 135     0.   0.0   0.0   0.000   0.0   0.0
   4 1985 136     0.   0.0   0.0   0.000   0.0   0.0
   4 1985 137     0.   0.0   0.0   0.000   0.0   0.0
   4 1985 138     0.   0.0   0.0   0.000   0.0   0.0
   4 1985 139     0.   0.0   0.0   0.000   0.0   0.0
   4 1985 140     0.   0.0   0.0   0.000   0.0   0.0
   4 1985 141     0.   0.0   0.0   0.000   0.0   0.0
   4 1985 142     0.   0.0   0.0   0.000   0.0   0.0
   4 1985 143     0.   0.0   0.0   0.000   0.0   0.0
   4 1985 144     0.   0.0   0.0   0.000   0.0   0.0
   4 1985 145     0.   0.0   0.0   0.000   0.0   0.0
   4 1985 146     0.   0.0   0.0   0.000   0.0   0.0
   4 1985 147     0.   0.0   0.0   0.000   0.0   0.0
   4 1985 148     0.   0.0   0.0   0.000   0.0   0.0
   4 1985 149     0.   0.0   0.0   0.000   0.0   0.0
   4 1985 150     0.   0.0   0.0   0.000   0.0   0.0
   4 1985 151     0.   0.0   0.0   0.000   0.0   0.0
   4 1985 152     0.   0.0   0.0   0.000   0.0   0.0
   4 1985 153     0.   0.0   0.0   0.000   0.0   0.0
   4 1985 154     0.   0.0   0.0   0.000   0.0   4.0
   4 1985 155     0.   0.0   0.0   0.000   0.0   0.0
   4 1985 156     0.   0.0   0.0   0.000   0.0   0.0
   4 1985 157     0.   0.0   0.0   0.000   0.0   0.0
   4 1985 158     0.   0.0   0.0   0.000   0.0   0.0
   4 1985 159     0.   0.0   0.0   0.000   0.0   0.0
   4 1985 160     0.   0.0   0.0   0.000   0.0   7.5
   4 1985 161     0.   0.0   0.0   0.000   0.0   0.0
   4 1985 162     0.   0.0   0.0   0.000   0.0   0.0
   4 1985 163     0.   0.0   0.0   0.000   0.0   0.0
   4 1985 164     0.   0.0   0.0   0.000   0.0   0.0
   4 1985 165     0.   0.0   0.0   0.000   0.0   0.0
   4 1985 166     0.   0.0   0.0   0.000   0.0   0.0
   4 1985 167     0.   0.0   0.0   0.000   0.0   0.0
   4 1985 168     0.   0.0   0.0   0.000   0.0   0.0
   4 1985 169     0.   0.0   0.0   0.000   0.0   0.0
   4 1985 170     0.   0.0   0.0   0.000   0.0   0.0
   4 1985 171     0.   0.0   0.0   0.000   0.0   0.0
   4 1985 172     0.   0.0   0.0   0.000   0.0   0.0
   4 1985 173     0.   0.0   0.0   0.000   0.0  14.5
   4 1985 174     0.   0.0   0.0   0.000   0.0   0.0
   4 1985 175     0.   0.0   0.0   0.000   0.0   2.5
   4 1985 176     0.   0.0   0.0   0.000   0.0   5.5
   4 1985 177     0.   0.0   0.0   0.000   0.0   5.0
   4 1985 178     0.   0.0   0.0   0.000   0.0   0.0
   4 1985 179     0.   0.0   0.0   0.000   0.0   4.0
   4 1985 180     0.   0.0   0.0   0.000   0.0   0.0
   4 1985 181     0.   0.0   0.0   0.000   0.0   0.0
   4 1985 182     0.   0.0   0.0   0.000   0.0  10.5
   4 1985 183     0.   0.0   0.0   0.000   0.0   0.0
   4 1985 184     0.   0.0   0.0   0.000   0.0   9.0
   4 1985 185     0.   0.0   0.0   0.000   0.0   0.0
   4 1985 186     0.   0.0   0.0   0.000   0.0   0.0
   4 1985 187     0.   0.0   0.0   0.000   0.0  16.5
   4 1985 188     0.   0.0   0.0   0.000   0.0   0.0
   4 1985 189     0.   0.0   0.0   0.000   0.0   0.0
   4 1985 190     0.   0.0   0.0   0.000   0.0   0.0
   4 1985 191     0.   0.0   0.0   0.000   0.0   0.0
   4 1985 192     0.   0.0   0.0   0.000   0.0  13.0
   4 1985 193     0.   0.0   0.0   0.000   0.0   0.0
   4 1985 194     0.   0.0   0.0   0.000   0.0  15.0
   4 1985 195     0.   0.0   0.0   0.000   0.0   0.0
   4 1985 196     0.   0.0   0.0   0.000   0.0   0.0
   4 1985 197     0.   0.0   0.0   0.000   0.0   0.0
   4 1985 198     0.   0.0   0.0   0.000   0.0   0.0
   4 1985 199     0.   0.0   0.0   0.000   0.0   0.0
   4 1985 200     0.   0.0   0.0   0.000   0.0   0.0
   4 1985 201     0.   0.0   0.0   0.000   0.0   0.0
   4 1985 202     0.   0.0   0.0   0.000   0.0   0.0
   4 1985 203     0.   0.0   0.0   0.000   0.0   0.0
   4 1985 204     0.   0.0   0.0   0.000   0.0   0.0
   4 1985 205     0.   0.0   0.0   0.000   0.0   0.0
   4 1985 206     0.   0.0   0.0   0.000   0.0   0.0
   4 1985 207     0.   0.0   0.0   0.000   0.0  14.5
   4 1985 208     0.   0.0   0.0   0.000   0.0   0.0
   4 1985 209     0.   0.0   0.0   0.000   0.0   0.0
   4 1985 210     0.   0.0   0.0   0.000   0.0  24.0
   4 1985 211     0.   0.0   0.0   0.000   0.0   0.0
   4 1985 212     0.   0.0   0.0   0.000   0.0   0.0
   4 1985 213     0.   0.0   0.0   0.000   0.0  10.5
   4 1985 214     0.   0.0   0.0   0.000   0.0   0.0
   4 1985 215     0.   0.0   0.0   0.000   0.0   0.0
   4 1985 216     0.   0.0   0.0   0.000   0.0   2.5
   4 1985 217     0.   0.0   0.0   0.000   0.0   0.0
   4 1985 218     0.   0.0   0.0   0.000   0.0   0.0
   4 1985 219     0.   0.0   0.0   0.000   0.0  27.0
   4 1985 220     0.   0.0   0.0   0.000   0.0   0.0
   4 1985 221     0.   0.0   0.0   0.000   0.0   0.0
   4 1985 222     0.   0.0   0.0   0.000   0.0  19.0
   4 1985 223     0.   0.0   0.0   0.000   0.0   0.0
   4 1985 224     0.   0.0   0.0   0.000   0.0  15.0
   4 1985 225     0.   0.0   0.0   0.000   0.0   8.0
   4 1985 226     0.   0.0   0.0   0.000   0.0   0.0
   4 1985 227     0.   0.0   0.0   0.000   0.0  19.5
   4 1985 228     0.   0.0   0.0   0.000   0.0   0.0
   4 1985 229     0.   0.0   0.0   0.000   0.0  10.5
   4 1985 230     0.   0.0   0.0   0.000   0.0   0.0
   4 1985 231     0.   0.0   0.0   0.000   0.0   0.0
   4 1985 232     0.   0.0   0.0   0.000   0.0   0.0
   4 1985 233     0.   0.0   0.0   0.000   0.0   0.0
   4 1985 234     0.   0.0   0.0   0.000   0.0   0.0
   4 1985 235     0.   0.0   0.0   0.000   0.0   0.0
   4 1985 236     0.   0.0   0.0   0.000   0.0   0.0
   4 1985 237     0.   0.0   0.0   0.000   0.0   1.5
   4 1985 238     0.   0.0   0.0   0.000   0.0  13.5
   4 1985 239     0.   0.0   0.0   0.000   0.0   0.0
   4 1985 240     0.   0.0   0.0   0.000   0.0   0.0
   4 1985 241     0.   0.0   0.0   0.000   0.0   0.0
   4 1985 242     0.   0.0   0.0   0.000   0.0  12.5
   4 1985 243     0.   0.0   0.0   0.000   0.0   7.5
   4 1985 244     0.   0.0   0.0   0.000   0.0   0.0
   4 1985 245     0.   0.0   0.0   0.000   0.0   0.0
   4 1985 246     0.   0.0   0.0   0.000   0.0   0.0
   4 1985 247     0.   0.0   0.0   0.000   0.0   8.0
   4 1985 248     0.   0.0   0.0   0.000   0.0   0.0
   4 1985 249     0.   0.0   0.0   0.000   0.0   0.0
   4 1985 250     0.   0.0   0.0   0.000   0.0   0.0
   4 1985 251     0.   0.0   0.0   0.000   0.0   0.0
   4 1985 252     0.   0.0   0.0   0.000   0.0   7.5
   4 1985 253     0.   0.0   0.0   0.000   0.0   0.0
   4 1985 254     0.   0.0   0.0   0.000   0.0   0.0
   4 1985 255     0.   0.0   0.0   0.000   0.0   0.0
   4 1985 256     0.   0.0   0.0   0.000   0.0   0.0
   4 1985 257     0.   0.0   0.0   0.000   0.0   0.0
   4 1985 258     0.   0.0   0.0   0.000   0.0   0.0
   4 1985 259     0.   0.0   0.0   0.000   0.0   0.0
   4 1985 260     0.   0.0   0.0   0.000   0.0   0.0
   4 1985 261     0.   0.0   0.0   0.000   0.0   2.5
   4 1985 262     0.   0.0   0.0   0.000   0.0   0.0
   4 1985 263     0.   0.0   0.0   0.000   0.0   0.0
   4 1985 264     0.   0.0   0.0   0.000   0.0   0.0
   4 1985 265     0.   0.0   0.0   0.000   0.0   0.0
   4 1985 266     0.   0.0   0.0   0.000   0.0   0.0
   4 1985 267     0.   0.0   0.0   0.000   0.0   0.0
   4 1985 268     0.   0.0   0.0   0.000   0.0   0.0
   4 1985 269     0.   0.0   0.0   0.000   0.0   0.0
   4 1985 270     0.   0.0   0.0   0.000   0.0   0.0
   4 1985 271     0.   0.0   0.0   0.000   0.0   0.0
   4 1985 272     0.   0.0   0.0   0.000   0.0   0.0
   4 1985 273     0.   0.0   0.0   0.000   0.0   0.0
   4 1985 274     0.   0.0   0.0   0.000   0.0   0.0
   4 1985 275     0.   0.0   0.0   0.000   0.0   0.0
   4 1985 276     0.   0.0   0.0   0.000   0.0   0.0
   4 1985 277     0.   0.0   0.0   0.000   0.0   0.0
   4 1985 278     0.   0.0   0.0   0.000   0.0   0.0
   4 1985 279     0.   0.0   0.0   0.000   0.0   0.0
   4 1985 280     0.   0.0   0.0   0.000   0.0   0.0
   4 1985 281     0.   0.0   0.0   0.000   0.0   0.0
   4 1985 282     0.   0.0   0.0   0.000   0.0   0.0
   4 1985 283     0.   0.0   0.0   0.000   0.0   0.0
   4 1985 284     0.   0.0   0.0   0.000   0.0   0.0
   4 1985 285     0.   0.0   0.0   0.000   0.0   0.0
   4 1985 286     0.   0.0   0.0   0.000   0.0   0.0
   4 1985 287     0.   0.0   0.0   0.000   0.0   0.0
   4 1985 288     0.   0.0   0.0   0.000   0.0   0.0
   4 1985 289     0.   0.0   0.0   0.000   0.0   0.0
   4 1985 290     0.   0.0   0.0   0.000   0.0   0.0
   4 1985 291     0.   0.0   0.0   0.000   0.0   0.0
   4 1985 292     0.   0.0   0.0   0.000   0.0   0.0
   4 1985 293     0.   0.0   0.0   0.000   0.0   0.0
   4 1985 294     0.   0.0   0.0   0.000   0.0   0.0
   4 1985 295     0.   0.0   0.0   0.000   0.0   0.0
   4 1985 296     0.   0.0   0.0   0.000   0.0   0.0
   4 1985 297     0.   0.0   0.0   0.000   0.0   0.0
   4 1985 298     0.   0.0   0.0   0.000   0.0   0.0
   4 1985 299     0.   0.0   0.0   0.000   0.0   0.0
   4 1985 300     0.   0.0   0.0   0.000   0.0   0.0
   4 1985 301     0.   0.0   0.0   0.000   0.0   0.0
   4 1985 302     0.   0.0   0.0   0.000   0.0   0.0
   4 1985 303     0.   0.0   0.0   0.000   0.0   0.0
   4 1985 304     0.   0.0   0.0   0.000   0.0   0.0
   4 1985 305     0.   0.0   0.0   0.000   0.0   0.0
   4 1985 306     0.   0.0   0.0   0.000   0.0   0.0
   4 1985 307     0.   0.0   0.0   0.000   0.0   0.0
   4 1985 308     0.   0.0   0.0   0.000   0.0   0.0
   4 1985 309     0.   0.0   0.0   0.000   0.0   0.0
   4 1985 310     0.   0.0   0.0   0.000   0.0   0.0
   4 1985 311     0.   0.0   0.0   0.000   0.0   0.0
   4 1985 312     0.   0.0   0.0   0.000   0.0   0.0
   4 1985 313     0.   0.0   0.0   0.000   0.0   0.0
   4 1985 314     0.   0.0   0.0   0.000   0.0   0.0
   4 1985 315     0.   0.0   0.0   0.000   0.0   0.0
   4 1985 316     0.   0.0   0.0   0.000   0.0   0.0
   4 1985 317     0.   0.0   0.0   0.000   0.0   0.0
   4 1985 318     0.   0.0   0.0   0.000   0.0   0.0
   4 1985 319     0.   0.0   0.0   0.000   0.0   0.0
   4 1985 320     0.   0.0   0.0   0.000   0.0   0.0
   4 1985 321     0.   0.0   0.0   0.000   0.0   0.0
   4 1985 322     0.   0.0   0.0   0.000   0.0   0.0
   4 1985 323     0.   0.0   0.0   0.000   0.0   0.0
   4 1985 324     0.   0.0   0.0   0.000   0.0   0.0
   4 1985 325     0.   0.0   0.0   0.000   0.0   0.0
   4 1985 326     0.   0.0   0.0   0.000   0.0   0.0
   4 1985 327     0.   0.0   0.0   0.000   0.0   0.0
   4 1985 328     0.   0.0   0.0   0.000   0.0   0.0
   4 1985 329     0.   0.0   0.0   0.000   0.0   0.0
   4 1985 330     0.   0.0   0.0   0.000   0.0   0.0
   4 1985 331     0.   0.0   0.0   0.000   0.0   0.0
   4 1985 332     0.   0.0   0.0   0.000   0.0   0.0
   4 1985 333     0.   0.0   0.0   0.000   0.0   0.0
   4 1985 334     0.   0.0   0.0   0.000   0.0   0.0
   4 1985 335     0.   0.0   0.0   0.000   0.0   0.0
   4 1985 336     0.   0.0   0.0   0.000   0.0   0.0
   4 1985 337     0.   0.0   0.0   0.000   0.0   0.0
   4 1985 338     0.   0.0   0.0   0.000   0.0   0.0
   4 1985 339     0.   0.0   0.0   0.000   0.0   0.0
   4 1985 340     0.   0.0   0.0   0.000   0.0   0.0
   4 1985 341     0.   0.0   0.0   0.000   0.0   0.0
   4 1985 342     0.   0.0   0.0   0.000   0.0   0.0
   4 1985 343     0.   0.0   0.0   0.000   0.0   0.0
   4 1985 344     0.   0.0   0.0   0.000   0.0   0.0
   4 1985 345     0.   0.0   0.0   0.000   0.0   0.0
   4 1985 346     0.   0.0   0.0   0.000   0.0   0.0
   4 1985 347     0.   0.0   0.0   0.000   0.0   0.0
   4 1985 348     0.   0.0   0.0   0.000   0.0   0.0
   4 1985 349     0.   0.0   0.0   0.000   0.0   0.0
   4 1985 350     0.   0.0   0.0   0.000   0.0   0.0
   4 1985 351     0.   0.0   0.0   0.000   0.0   0.0
   4 1985 352     0.   0.0   0.0   0.000   0.0   0.0
   4 1985 353     0.   0.0   0.0   0.000   0.0   0.0
   4 1985 354     0.   0.0   0.0   0.000   0.0   0.0
   4 1985 355     0.   0.0   0.0   0.000   0.0   0.0
   4 1985 356     0.   0.0   0.0   0.000   0.0   0.0
   4 1985 357     0.   0.0   0.0   0.000   0.0   0.0
   4 1985 358     0.   0.0   0.0   0.000   0.0   0.0
   4 1985 359     0.   0.0   0.0   0.000   0.0   0.0
   4 1985 360     0.   0.0   0.0   0.000   0.0   0.0
   4 1985 361     0.   0.0   0.0   0.000   0.0   0.0
   4 1985 362     0.   0.0   0.0   0.000   0.0   0.0
   4 1985 363     0.   0.0   0.0   0.000   0.0   0.0
   4 1985 364     0.   0.0   0.0   0.000   0.0   0.0
   4 1985 365     0.   0.0   0.0   0.000   0.0   0.0
