*---------------------------------------------------------------------------*
* Station name: Station du Sahel, Niono, Mali
* Year: 1976
* Author: Peter Uithol                                     -99.000: NIL VALUE
* Source: Observations meteorologiques a Niono, 1976-1979. PPS 1980.
* Comments: Incomplete year.
* Longitude: 5 58 W, latitude: 14 16 N, altitude: 275. m
*
* Column  Daily value
* 1       station number
* 2       year
* 3       day
* 4       irradiation                   (kJ m-2 d-1)
* 5       minimum temperature           (degrees Celsius)
* 6       maximum temperature           (degrees Celsius)
* 7       early morning vapour pressure (kPa)
* 8       mean wind speed               (m s-1)
* 9       precipitation                 (mm d-1)
*---------------------------------------------------------------------------*
  -5.97  14.27   275. 0.00 0.00
   1 1976 133   -99. -99.0 -99.0 -99.000 -99.0   0.0
   1 1976 134   -99. -99.0 -99.0 -99.000 -99.0   2.0
   1 1976 135   -99. -99.0 -99.0 -99.000 -99.0   0.0
   1 1976 136   -99. -99.0 -99.0 -99.000 -99.0   0.0
   1 1976 137   -99. -99.0 -99.0 -99.000 -99.0   0.0
   1 1976 138   -99. -99.0 -99.0 -99.000 -99.0   0.0
   1 1976 139   -99. -99.0 -99.0 -99.000 -99.0  10.7
   1 1976 140   -99. -99.0 -99.0 -99.000 -99.0   0.0
   1 1976 141   -99. -99.0 -99.0 -99.000 -99.0   0.0
   1 1976 142   -99. -99.0 -99.0 -99.000 -99.0   0.0
   1 1976 143   -99. -99.0 -99.0 -99.000 -99.0   6.8
   1 1976 144   -99. -99.0 -99.0 -99.000 -99.0   0.0
   1 1976 145   -99. -99.0 -99.0 -99.000 -99.0   0.0
   1 1976 146   -99. -99.0 -99.0 -99.000 -99.0   0.0
   1 1976 147   -99. -99.0 -99.0 -99.000 -99.0   0.0
   1 1976 148   -99. -99.0 -99.0 -99.000 -99.0   0.0
   1 1976 149   -99. -99.0 -99.0 -99.000 -99.0   0.0
   1 1976 150   -99. -99.0 -99.0 -99.000 -99.0   4.7
   1 1976 151   -99. -99.0 -99.0 -99.000 -99.0   0.0
   1 1976 152   -99. -99.0 -99.0 -99.000 -99.0   0.0
   1 1976 153   -99. -99.0 -99.0 -99.000 -99.0   0.0
   1 1976 154   -99. -99.0 -99.0 -99.000 -99.0   0.0
   1 1976 155   -99. -99.0 -99.0 -99.000 -99.0   0.0
   1 1976 156   -99. -99.0 -99.0 -99.000 -99.0   1.0
   1 1976 157   -99. -99.0 -99.0 -99.000 -99.0   0.0
   1 1976 158   -99. -99.0 -99.0 -99.000 -99.0  12.8
   1 1976 159   -99. -99.0 -99.0 -99.000 -99.0   0.0
   1 1976 160   -99. -99.0 -99.0 -99.000 -99.0   0.0
   1 1976 161   -99. -99.0 -99.0 -99.000 -99.0   0.0
   1 1976 162   -99. -99.0 -99.0 -99.000 -99.0   0.0
   1 1976 163   -99. -99.0 -99.0 -99.000 -99.0   0.0
   1 1976 164   -99. -99.0 -99.0 -99.000 -99.0   0.0
   1 1976 165   -99. -99.0 -99.0 -99.000 -99.0  56.0
   1 1976 166   -99. -99.0 -99.0 -99.000 -99.0   0.0
   1 1976 167   -99. -99.0 -99.0 -99.000 -99.0   0.0
   1 1976 168   -99. -99.0 -99.0 -99.000 -99.0   0.0
   1 1976 169   -99. -99.0 -99.0 -99.000 -99.0   0.0
   1 1976 170   -99. -99.0 -99.0 -99.000 -99.0  14.2
   1 1976 171   -99. -99.0 -99.0 -99.000 -99.0   7.8
   1 1976 172   -99. -99.0 -99.0 -99.000 -99.0   2.5
   1 1976 173   -99. -99.0 -99.0 -99.000 -99.0   0.0
   1 1976 174   -99. -99.0 -99.0 -99.000 -99.0   0.0
   1 1976 175   -99. -99.0 -99.0 -99.000 -99.0   0.0
   1 1976 176   -99. -99.0 -99.0 -99.000 -99.0   0.0
   1 1976 177   -99. -99.0 -99.0 -99.000 -99.0   7.2
   1 1976 178   -99. -99.0 -99.0 -99.000 -99.0   0.0
   1 1976 179   -99. -99.0 -99.0 -99.000 -99.0   0.0
   1 1976 180   -99. -99.0 -99.0 -99.000 -99.0   0.0
   1 1976 181   -99. -99.0 -99.0 -99.000 -99.0   0.0
   1 1976 182 23027.  24.5  36.5   2.482   1.7   0.0
   1 1976 183 23237.  24.2  34.4   2.323   1.7   0.0
   1 1976 184 24283.  25.2  35.2   2.668   1.7   0.0
   1 1976 185 24074.  24.1  37.0   2.741   1.7   0.0
   1 1976 186 25121.  24.0  36.5   2.515   1.7   0.0
   1 1976 187 11514.  26.1  33.0   2.752   1.7   0.0
   1 1976 188 20306.  24.0  35.4   2.653   1.7   0.0
   1 1976 189 23027.  25.6  37.5   2.186   1.7   0.0
   1 1976 190 25330.  27.0  37.0   2.669   1.7   0.0
   1 1976 191 15910.  21.0  33.0   3.335   1.7   4.2
   1 1976 192 25205.  22.0  32.0   2.358   1.7   0.0
   1 1976 193 25791.  24.0  33.2   2.747   2.0   0.0
   1 1976 194 25539.  25.3  33.0   2.709   1.7   0.0
   1 1976 195 26628.  24.3  34.5   2.610   1.6   0.0
   1 1976 196 25163.  21.6  27.3   3.025   1.1   7.6
   1 1976 197 25539.  22.2  32.5   2.749   1.2   0.0
   1 1976 198  7076.  22.3  31.0   2.931   1.0   2.7
   1 1976 199 26377.  21.0  32.0   2.381   1.6  28.4
   1 1976 200 25121.  20.2  31.0   2.766   1.5   0.0
   1 1976 201 24577.  21.0  33.0   3.065   1.3   3.3
   1 1976 202 23823.  20.9  32.3   2.496   1.9   0.0
   1 1976 203 24493.  22.2  33.6   2.726   1.4   0.0
   1 1976 204 14151.  22.6  29.5   2.723   1.9   0.0
   1 1976 205 24200.  22.8  33.5   2.594   1.5  20.0
   1 1976 206 20683.  22.0  30.4   2.424   1.7   0.0
   1 1976 207 22148.  24.0  31.0   2.843   1.0   0.0
   1 1976 208 24618.  23.0  32.5   2.719   1.1   0.0
   1 1976 209 25330.  20.2  35.2   2.998   1.0  13.0
   1 1976 210 25833.  21.5  32.5   2.457   2.5   0.0
   1 1976 211 24660.  24.0  34.5   2.795   1.7   0.0
   1 1976 212 26126.  25.0  34.3   2.801   1.8  35.3
   1 1976 213 22609.  21.0  29.1   2.556   1.4   0.0
   1 1976 214 21143.  21.0  31.0   3.186   0.8   6.4
   1 1976 215 23655.  21.4  32.0   2.641   0.8   0.0
   1 1976 216 23446.  24.6  33.8   2.949   1.8   0.0
   1 1976 217 23027.  22.6  32.0   2.608   1.3   0.0
   1 1976 218 12142.  23.6  29.6   3.139   1.1   1.3
   1 1976 219 23027.  22.2  31.5   2.634   1.3  19.5
   1 1976 220 25121.  23.0  32.0   2.813   0.7   0.0
   1 1976 221 15910.  22.0  31.6   2.927   1.2   9.5
   1 1976 222 25330.  21.5  31.7   2.501   1.5   2.8
   1 1976 223 24283.  22.0  32.5   2.579   1.1   0.0
   1 1976 224 23865.  23.0  32.7   2.581   1.5   4.8
   1 1976 225  7746.  22.2  35.2   2.866   1.0  27.0
   1 1976 226 20515.  22.7  30.0   2.601   1.4   1.0
   1 1976 227 23027.  20.0  32.0   2.825   2.3  41.0
   1 1976 228 20306.  20.3  29.4   2.321   0.8   0.0
   1 1976 229 25958.  24.0  31.5   2.819   0.8   0.0
   1 1976 230 25121.  22.0  33.0   2.424   1.1   0.0
   1 1976 231 23027.  23.2  30.9   2.800   1.5   0.0
   1 1976 232 12142.  19.7  29.8   3.297   1.4  44.0
   1 1976 233 21353.  22.8  29.3   2.686   2.1   0.0
   1 1976 234 25958.  23.0  32.0   2.861   1.3  10.1
   1 1976 235 24283.  22.0  32.0   2.879   1.5   0.0
   1 1976 236 25749.  21.0  31.6   2.275   1.3   0.0
   1 1976 237 21981.  21.0  30.5   2.275   0.7   0.0
   1 1976 238 24911.  23.4  34.2   2.787   1.0   0.0
   1 1976 239 19887.  25.2  34.0   2.909   1.5   0.0
   1 1976 240 13398.  19.6  29.2   2.944   1.0  36.2
   1 1976 241 24283.  20.0  31.2   2.216   1.6   0.0
   1 1976 242 22190.  23.0  31.3   2.766   1.2   0.0
   1 1976 243 25539.  24.6  32.4   2.949   0.8   0.0
   1 1976 244 20515.  23.4  33.0   2.787   1.2   0.0
   1 1976 245 10886.  22.0  28.4   3.120   1.3  31.2
   1 1976 246 25539.  20.4  32.2   2.464   0.6   0.0
   1 1976 247 25749.  24.0  33.8   2.819   1.3   0.0
   1 1976 248 24911.  24.4  33.0   2.864   1.3   0.0
   1 1976 249 16957.  23.2  30.5   3.041   2.5   0.0
   1 1976 250 22609.  21.7  31.5   2.488   1.2   0.0
   1 1976 251 23655.  23.2  33.0   2.800   0.7   0.0
   1 1976 252 21771.  23.3  33.2   2.676   1.4   0.0
   1 1976 253 23865.  24.2  30.5   2.734   0.9   0.0
   1 1976 254 21981.  24.1  32.0   2.788   1.4   0.0
   1 1976 255 21143.  23.0  34.2   2.813   0.9   1.2
   1 1976 256 25121.  23.0  33.7   2.696   1.5   2.6
   1 1976 257 16329.  22.6  30.5   2.608   0.8   9.5
   1 1976 258 11095.  21.0  29.2   2.645   0.4   0.0
   1 1976 259 21353.  24.0  33.0   2.867   0.8   5.0
   1 1976 260 23446.  23.0  30.2   2.813   1.2   0.0
   1 1976 261 25539.  24.0  32.6   2.939   1.0   0.0
   1 1976 262 22609.  24.2  34.3   2.571   1.3   0.0
   1 1976 263 23865.  23.0  33.5   2.581   1.4   2.4
   1 1976 264 20934.  20.2  32.0   2.881   1.3  23.0
   1 1976 265 23865.  21.0  30.4   2.490   0.7  19.5
   1 1976 266 21353.  23.5  31.5   2.780   0.6   0.0
   1 1976 267 23865.  24.2  32.0   2.734   1.5   0.0
   1 1976 268 22609.  24.0  31.0   2.747   0.9   0.0
   1 1976 269 24283.  24.0  32.7   2.747   0.8   0.0
   1 1976 270 21981.  24.4  32.3   2.864   0.9   0.0
   1 1976 271 22609.  24.5  31.8   2.834   0.5   0.0
   1 1976 272 23446.  25.1  33.5   2.916   0.7   0.0
   1 1976 273 23655.  24.5  34.0   2.834   0.8   0.0
   1 1976 274 18631.  24.3  34.6   2.968   0.8   0.0
   1 1976 275  9630.  24.3  27.5   2.495   0.9   1.7
   1 1976 276 18213.  22.3  30.2   2.627   1.3  11.3
   1 1976 277 14026.  20.0  30.0   2.556   0.8   0.0
   1 1976 278 17166.  23.0  31.3   2.491   1.0   0.0
   1 1976 279 24493.  24.0  33.3   2.747   0.7   0.0
   1 1976 280 24074.  24.0  33.5   2.843   0.8   0.0
   1 1976 281 23655.  23.0  32.0   2.581   0.6   0.0
   1 1976 282 24911.  23.0  33.2   2.813   0.8   0.0
   1 1976 283 25121.  24.0  33.6   2.747   1.1   0.0
   1 1976 284 19469.  24.6  34.6   2.779   0.4   0.0
   1 1976 285 16957.  24.0  32.2   2.515   0.7   0.0
   1 1976 286 25414.  23.0  34.0   2.581   0.7   0.0
   1 1976 287 24493.  23.0  34.6   2.813   1.3   0.0
   1 1976 288 15282.  23.0  31.0   2.581   1.1   0.0
   1 1976 289 23446.  23.2  33.0   2.730   1.0   0.0
   1 1976 290 24493.  24.5  33.6   2.714   1.0   0.0
   1 1976 291 24911.  24.0  33.0   2.515   1.3   0.0
   1 1976 292 24911.  23.0  32.7   2.581   0.5   0.0
   1 1976 293 22818.  24.2  34.0   2.617   0.5   0.0
   1 1976 294 24911.  23.0  34.2   2.581   1.0   0.0
   1 1976 295 24283.  20.0  34.0   1.934   1.4   0.0
   1 1976 296 18422.  25.0  32.3   2.681   1.0  38.0
   1 1976 297 18631.  21.0  31.0   2.623   1.0   0.0
   1 1976 298 13607.  23.0  29.0   2.696   1.0   0.0
   1 1976 299 23237.  22.0  32.3   2.647   0.8   0.0
   1 1976 300 21562.  23.0  32.0   2.813   1.0   0.0
   1 1976 301 18631.  22.0  30.0   2.535   1.4   5.0
   1 1976 302 18631.  22.3  30.4   2.515   1.1  37.2
   1 1976 303 14026.  22.0  28.0   2.602   1.0   0.0
   1 1976 304 11932.  24.0  28.4   2.795   0.8 -99.0
   1 1976 305 18966.  23.1  31.5   2.807   0.9 -99.0
   1 1976 306 24283.  20.0  31.7   2.236   0.9 -99.0
   1 1976 307 24283.  19.0  31.0   1.807   1.3 -99.0
   1 1976 308 25414.  18.0  31.0   1.688   0.8 -99.0
   1 1976 309 25581.  17.0  30.5   1.453   0.8 -99.0
   1 1976 310 25414.  18.0  31.7   1.688   1.7 -99.0
   1 1976 311 25539.  19.0  33.0   1.622   1.0 -99.0
   1 1976 312 24074.  19.5  33.2   1.774   0.7 -99.0
   1 1976 313 15701.  20.0  32.4   1.741   1.3 -99.0
   1 1976 314 16622.  20.0  32.0   1.779   0.3 -99.0
   1 1976 315 25121.  21.5  28.3   1.835   1.0 -99.0
   1 1976 316 25121.  21.5  28.3   2.242   1.3 -99.0
   1 1976 317 25539.  19.0  33.2   1.732   1.1 -99.0
   1 1976 318 24074.  18.0  34.3   1.508   1.2 -99.0
   1 1976 319 25581.  17.0  34.5   1.574   0.7 -99.0
   1 1976 320 25414.  17.3  33.7   1.807   0.3 -99.0
   1 1976 321 24911.  19.0  32.7   2.000   0.8 -99.0
   1 1976 322 23655.  18.0  33.0   1.508   1.1 -99.0
   1 1976 323 13816.  19.9  29.2   1.418   1.3 -99.0
   1 1976 324 14444.  16.2  28.0   1.287   0.9 -99.0
   1 1976 325 24283.  15.4  30.0   1.340   1.1 -99.0
   1 1976 326 25539.  15.0  31.4   1.205   1.4 -99.0
   1 1976 327 25539.  15.0  32.0   1.205   1.4 -99.0
   1 1976 328 23446.  15.0  31.0   1.237   1.7 -99.0
   1 1976 329 24911.  16.2  32.0   1.287   1.7 -99.0
   1 1976 330 25330.  15.0  32.0   1.158   1.5 -99.0
   1 1976 331 18422.  13.0  28.3   1.181   1.6 -99.0
   1 1976 332 23237.  13.6  31.0   0.991   1.5 -99.0
   1 1976 333  8374.  15.0  29.4   1.049   1.7 -99.0
   1 1976 334 11514.  15.4  26.0   1.023   2.2 -99.0
   1 1976 335 17166.  16.5  28.6   1.268   1.1 -99.0
   1 1976 336 23027.  14.0  30.3   1.054   1.3 -99.0
   1 1976 337 24493.  14.0  30.4   1.115   1.4 -99.0
   1 1976 338 25121.  13.2  31.6   1.017   1.1 -99.0
   1 1976 339 25581.  13.3  31.2   1.100   1.2 -99.0
   1 1976 340 25414.  13.3  32.8   1.011   1.3 -99.0
   1 1976 341 25581.  13.6  33.8   0.991   1.5 -99.0
   1 1976 342 25581.  13.5  34.0   0.997   1.5 -99.0
   1 1976 343 25246.  14.4  33.5   0.821   1.5 -99.0
   1 1976 344 24493.  16.8  33.0   1.183   1.6 -99.0
   1 1976 345 21143.  14.4  31.3   1.089   1.0 -99.0
   1 1976 346 23655.  14.3  31.4   1.019   1.1 -99.0
   1 1976 347 25121.  12.3  30.7   1.018   1.2 -99.0
   1 1976 348 25121.  14.0  31.0   0.964   1.3 -99.0
   1 1976 349 24074.  14.1  32.7   0.899   0.9 -99.0
   1 1976 350 20934.  17.0  32.3   1.402   1.3 -99.0
   1 1976 351 21562.  15.0  31.8   0.825   1.3 -99.0
   1 1976 352 24283.  14.3  30.9   0.945   1.3 -99.0
   1 1976 353 19259.  16.0  29.0   0.983   2.0 -99.0
   1 1976 354 16622.  14.0  28.0   1.193   1.7 -99.0
   1 1976 355 13607.  18.0  26.0   1.508   2.0 -99.0
   1 1976 356 18003.  14.7  27.0   1.178   1.4 -99.0
   1 1976 357 19887.  15.2  28.3   1.113   1.0 -99.0
   1 1976 358 22190.  14.0  29.7   1.271   1.4 -99.0
   1 1976 359 19887.  14.5  29.6   1.238   0.8 -99.0
   1 1976 360 24493.  15.1  30.2   1.199   1.1 -99.0
   1 1976 361 20725.  13.5  29.7   1.148   1.3 -99.0
   1 1976 362 20390.  14.3  31.6   0.945   1.2 -99.0
   1 1976 363 24702.  14.6  32.2   0.925   1.7 -99.0
   1 1976 364 22609.  15.0  32.5   1.049   1.0 -99.0
   1 1976 365 25581.  14.0  34.5   1.115   1.4 -99.0
