*---------------------------------------------------------------------------*
* Station name: Djenne, Mopti-region, Mali
* Year: 1988
* Author: Olaf Erenstein & Willem Stol
* Source: Meteo Mali
* Comments: Daily raindata, others monthly means
*
* Longitude:  04 34 W
* Latitude:   13 54 N
* Altitude:     278 m
*
* Column  Daily value
* 1       station number
* 2       year
* 3       day
* 4       irradiation                   (kJ m-2 d-1)
* 5       minimum temperature           (degrees Celsius)
* 6       maximum temperature           (degrees Celsius)
* 7       early morning vapour pressure (kPa)
* 8       mean wind speed (height: 2 m) (m s-1)
* 9       precipitation                 (mm d-1)
*---------------------------------------------------------------------------*
  -4.57  13.90   278. 0.00 0.00
   5 1988   1      4     4     4       4     4     1
   5 1988   1     0.   0.0   0.0   0.000   0.0   0.0
   5 1988   2     0.   0.0   0.0   0.000   0.0   0.0
   5 1988   3     0.   0.0   0.0   0.000   0.0   0.0
   5 1988   4     0.   0.0   0.0   0.000   0.0   0.0
   5 1988   5     0.   0.0   0.0   0.000   0.0   0.0
   5 1988   6     0.   0.0   0.0   0.000   0.0   0.0
   5 1988   7     0.   0.0   0.0   0.000   0.0   0.0
   5 1988   8     0.   0.0   0.0   0.000   0.0   0.0
   5 1988   9     0.   0.0   0.0   0.000   0.0   0.0
   5 1988  10     0.   0.0   0.0   0.000   0.0   0.0
   5 1988  11     0.   0.0   0.0   0.000   0.0   0.0
   5 1988  12     0.   0.0   0.0   0.000   0.0   0.0
   5 1988  13     0.   0.0   0.0   0.000   0.0   0.0
   5 1988  14     0.   0.0   0.0   0.000   0.0   0.0
   5 1988  15     0.   0.0   0.0   0.000   0.0   0.0
   5 1988  16     0.   0.0   0.0   0.000   0.0   0.0
   5 1988  17     0.   0.0   0.0   0.000   0.0   0.0
   5 1988  18     0.   0.0   0.0   0.000   0.0   0.0
   5 1988  19     0.   0.0   0.0   0.000   0.0   0.0
   5 1988  20     0.   0.0   0.0   0.000   0.0   0.0
   5 1988  21     0.   0.0   0.0   0.000   0.0   0.0
   5 1988  22     0.   0.0   0.0   0.000   0.0   0.0
   5 1988  23     0.   0.0   0.0   0.000   0.0   0.0
   5 1988  24     0.   0.0   0.0   0.000   0.0   0.0
   5 1988  25     0.   0.0   0.0   0.000   0.0   0.0
   5 1988  26     0.   0.0   0.0   0.000   0.0   0.0
   5 1988  27     0.   0.0   0.0   0.000   0.0   0.0
   5 1988  28     0.   0.0   0.0   0.000   0.0   0.0
   5 1988  29     0.   0.0   0.0   0.000   0.0   0.0
   5 1988  30     0.   0.0   0.0   0.000   0.0   0.0
   5 1988  31     0.   0.0   0.0   0.000   0.0   0.0
   5 1988  32     0.   0.0   0.0   0.000   0.0   0.0
   5 1988  33     0.   0.0   0.0   0.000   0.0   0.0
   5 1988  34     0.   0.0   0.0   0.000   0.0   0.0
   5 1988  35     0.   0.0   0.0   0.000   0.0   0.0
   5 1988  36     0.   0.0   0.0   0.000   0.0   0.0
   5 1988  37     0.   0.0   0.0   0.000   0.0   0.0
   5 1988  38     0.   0.0   0.0   0.000   0.0   0.0
   5 1988  39     0.   0.0   0.0   0.000   0.0   0.0
   5 1988  40     0.   0.0   0.0   0.000   0.0   0.0
   5 1988  41     0.   0.0   0.0   0.000   0.0   0.0
   5 1988  42     0.   0.0   0.0   0.000   0.0   0.0
   5 1988  43     0.   0.0   0.0   0.000   0.0   0.0
   5 1988  44     0.   0.0   0.0   0.000   0.0   0.0
   5 1988  45     0.   0.0   0.0   0.000   0.0   0.0
   5 1988  46     0.   0.0   0.0   0.000   0.0   0.0
   5 1988  47     0.   0.0   0.0   0.000   0.0   0.0
   5 1988  48     0.   0.0   0.0   0.000   0.0   0.0
   5 1988  49     0.   0.0   0.0   0.000   0.0   0.0
   5 1988  50     0.   0.0   0.0   0.000   0.0   0.0
   5 1988  51     0.   0.0   0.0   0.000   0.0   0.0
   5 1988  52     0.   0.0   0.0   0.000   0.0   0.0
   5 1988  53     0.   0.0   0.0   0.000   0.0   0.0
   5 1988  54     0.   0.0   0.0   0.000   0.0   0.0
   5 1988  55     0.   0.0   0.0   0.000   0.0   0.0
   5 1988  56     0.   0.0   0.0   0.000   0.0   0.0
   5 1988  57     0.   0.0   0.0   0.000   0.0   0.0
   5 1988  58     0.   0.0   0.0   0.000   0.0   0.0
   5 1988  59     0.   0.0   0.0   0.000   0.0   0.0
   5 1988  60     0.   0.0   0.0   0.000   0.0   0.0
   5 1988  61     0.   0.0   0.0   0.000   0.0   0.0
   5 1988  62     0.   0.0   0.0   0.000   0.0   0.0
   5 1988  63     0.   0.0   0.0   0.000   0.0   0.0
   5 1988  64     0.   0.0   0.0   0.000   0.0   0.0
   5 1988  65     0.   0.0   0.0   0.000   0.0   0.0
   5 1988  66     0.   0.0   0.0   0.000   0.0   0.0
   5 1988  67     0.   0.0   0.0   0.000   0.0   0.0
   5 1988  68     0.   0.0   0.0   0.000   0.0   0.0
   5 1988  69     0.   0.0   0.0   0.000   0.0   0.0
   5 1988  70     0.   0.0   0.0   0.000   0.0   0.0
   5 1988  71     0.   0.0   0.0   0.000   0.0   0.0
   5 1988  72     0.   0.0   0.0   0.000   0.0   0.0
   5 1988  73     0.   0.0   0.0   0.000   0.0   0.0
   5 1988  74     0.   0.0   0.0   0.000   0.0   0.0
   5 1988  75     0.   0.0   0.0   0.000   0.0   0.0
   5 1988  76     0.   0.0   0.0   0.000   0.0   0.0
   5 1988  77     0.   0.0   0.0   0.000   0.0   0.0
   5 1988  78     0.   0.0   0.0   0.000   0.0   0.0
   5 1988  79     0.   0.0   0.0   0.000   0.0   0.0
   5 1988  80     0.   0.0   0.0   0.000   0.0   0.0
   5 1988  81     0.   0.0   0.0   0.000   0.0   0.0
   5 1988  82     0.   0.0   0.0   0.000   0.0   0.0
   5 1988  83     0.   0.0   0.0   0.000   0.0   0.0
   5 1988  84     0.   0.0   0.0   0.000   0.0   0.0
   5 1988  85     0.   0.0   0.0   0.000   0.0   0.0
   5 1988  86     0.   0.0   0.0   0.000   0.0   0.0
   5 1988  87     0.   0.0   0.0   0.000   0.0   0.0
   5 1988  88     0.   0.0   0.0   0.000   0.0   0.0
   5 1988  89     0.   0.0   0.0   0.000   0.0   0.0
   5 1988  90     0.   0.0   0.0   0.000   0.0   0.0
   5 1988  91     0.   0.0   0.0   0.000   0.0   0.0
   5 1988  92     0.   0.0   0.0   0.000   0.0   0.0
   5 1988  93     0.   0.0   0.0   0.000   0.0   0.0
   5 1988  94     0.   0.0   0.0   0.000   0.0   0.0
   5 1988  95     0.   0.0   0.0   0.000   0.0   0.0
   5 1988  96     0.   0.0   0.0   0.000   0.0   0.0
   5 1988  97     0.   0.0   0.0   0.000   0.0   0.0
   5 1988  98     0.   0.0   0.0   0.000   0.0   0.0
   5 1988  99     0.   0.0   0.0   0.000   0.0   0.0
   5 1988 100     0.   0.0   0.0   0.000   0.0   0.0
   5 1988 101     0.   0.0   0.0   0.000   0.0   0.0
   5 1988 102     0.   0.0   0.0   0.000   0.0   0.0
   5 1988 103     0.   0.0   0.0   0.000   0.0   0.0
   5 1988 104     0.   0.0   0.0   0.000   0.0   0.0
   5 1988 105     0.   0.0   0.0   0.000   0.0   0.0
   5 1988 106     0.   0.0   0.0   0.000   0.0   0.0
   5 1988 107     0.   0.0   0.0   0.000   0.0   0.0
   5 1988 108     0.   0.0   0.0   0.000   0.0   0.0
   5 1988 109     0.   0.0   0.0   0.000   0.0   0.0
   5 1988 110     0.   0.0   0.0   0.000   0.0   0.0
   5 1988 111     0.   0.0   0.0   0.000   0.0   0.0
   5 1988 112     0.   0.0   0.0   0.000   0.0   0.0
   5 1988 113     0.   0.0   0.0   0.000   0.0   0.0
   5 1988 114     0.   0.0   0.0   0.000   0.0   0.0
   5 1988 115     0.   0.0   0.0   0.000   0.0   9.0
   5 1988 116     0.   0.0   0.0   0.000   0.0   0.0
   5 1988 117     0.   0.0   0.0   0.000   0.0   0.0
   5 1988 118     0.   0.0   0.0   0.000   0.0   0.0
   5 1988 119     0.   0.0   0.0   0.000   0.0   0.0
   5 1988 120     0.   0.0   0.0   0.000   0.0   0.0
   5 1988 121     0.   0.0   0.0   0.000   0.0   0.0
   5 1988 122     0.   0.0   0.0   0.000   0.0   0.0
   5 1988 123     0.   0.0   0.0   0.000   0.0   0.0
   5 1988 124     0.   0.0   0.0   0.000   0.0   0.0
   5 1988 125     0.   0.0   0.0   0.000   0.0   0.0
   5 1988 126     0.   0.0   0.0   0.000   0.0   0.0
   5 1988 127     0.   0.0   0.0   0.000   0.0   0.0
   5 1988 128     0.   0.0   0.0   0.000   0.0   0.0
   5 1988 129     0.   0.0   0.0   0.000   0.0   0.0
   5 1988 130     0.   0.0   0.0   0.000   0.0   0.0
   5 1988 131     0.   0.0   0.0   0.000   0.0   0.0
   5 1988 132     0.   0.0   0.0   0.000   0.0   0.0
   5 1988 133     0.   0.0   0.0   0.000   0.0   0.0
   5 1988 134     0.   0.0   0.0   0.000   0.0   0.0
   5 1988 135     0.   0.0   0.0   0.000   0.0   0.0
   5 1988 136     0.   0.0   0.0   0.000   0.0   0.0
   5 1988 137     0.   0.0   0.0   0.000   0.0   0.0
   5 1988 138     0.   0.0   0.0   0.000   0.0   7.0
   5 1988 139     0.   0.0   0.0   0.000   0.0   0.0
   5 1988 140     0.   0.0   0.0   0.000   0.0   0.0
   5 1988 141     0.   0.0   0.0   0.000   0.0   0.0
   5 1988 142     0.   0.0   0.0   0.000   0.0   0.0
   5 1988 143     0.   0.0   0.0   0.000   0.0   0.0
   5 1988 144     0.   0.0   0.0   0.000   0.0   0.0
   5 1988 145     0.   0.0   0.0   0.000   0.0   0.0
   5 1988 146     0.   0.0   0.0   0.000   0.0   0.0
   5 1988 147     0.   0.0   0.0   0.000   0.0   3.0
   5 1988 148     0.   0.0   0.0   0.000   0.0   0.0
   5 1988 149     0.   0.0   0.0   0.000   0.0   0.0
   5 1988 150     0.   0.0   0.0   0.000   0.0   0.0
   5 1988 151     0.   0.0   0.0   0.000   0.0   0.0
   5 1988 152     0.   0.0   0.0   0.000   0.0   0.0
   5 1988 153     0.   0.0   0.0   0.000   0.0   0.0
   5 1988 154     0.   0.0   0.0   0.000   0.0   0.0
   5 1988 155     0.   0.0   0.0   0.000   0.0   0.0
   5 1988 156     0.   0.0   0.0   0.000   0.0   0.0
   5 1988 157     0.   0.0   0.0   0.000   0.0   0.0
   5 1988 158     0.   0.0   0.0   0.000   0.0   0.0
   5 1988 159     0.   0.0   0.0   0.000   0.0   0.0
   5 1988 160     0.   0.0   0.0   0.000   0.0   0.0
   5 1988 161     0.   0.0   0.0   0.000   0.0   0.0
   5 1988 162     0.   0.0   0.0   0.000   0.0   0.0
   5 1988 163     0.   0.0   0.0   0.000   0.0   0.0
   5 1988 164     0.   0.0   0.0   0.000   0.0   0.0
   5 1988 165     0.   0.0   0.0   0.000   0.0   0.0
   5 1988 166     0.   0.0   0.0   0.000   0.0   0.0
   5 1988 167     0.   0.0   0.0   0.000   0.0   0.0
   5 1988 168     0.   0.0   0.0   0.000   0.0  10.0
   5 1988 169     0.   0.0   0.0   0.000   0.0   0.0
   5 1988 170     0.   0.0   0.0   0.000   0.0   0.0
   5 1988 171     0.   0.0   0.0   0.000   0.0   0.0
   5 1988 172     0.   0.0   0.0   0.000   0.0   0.0
   5 1988 173     0.   0.0   0.0   0.000   0.0   6.0
   5 1988 174     0.   0.0   0.0   0.000   0.0   0.0
   5 1988 175     0.   0.0   0.0   0.000   0.0   0.0
   5 1988 176     0.   0.0   0.0   0.000   0.0   0.0
   5 1988 177     0.   0.0   0.0   0.000   0.0   0.0
   5 1988 178     0.   0.0   0.0   0.000   0.0   0.0
   5 1988 179     0.   0.0   0.0   0.000   0.0   0.0
   5 1988 180     0.   0.0   0.0   0.000   0.0   0.0
   5 1988 181     0.   0.0   0.0   0.000   0.0   0.0
   5 1988 182     0.   0.0   0.0   0.000   0.0   0.0
   5 1988 183     0.   0.0   0.0   0.000   0.0  12.0
   5 1988 184     0.   0.0   0.0   0.000   0.0   0.0
   5 1988 185     0.   0.0   0.0   0.000   0.0   3.0
   5 1988 186     0.   0.0   0.0   0.000   0.0   4.0
   5 1988 187     0.   0.0   0.0   0.000   0.0   0.0
   5 1988 188     0.   0.0   0.0   0.000   0.0   0.0
   5 1988 189     0.   0.0   0.0   0.000   0.0  27.5
   5 1988 190     0.   0.0   0.0   0.000   0.0   0.0
   5 1988 191     0.   0.0   0.0   0.000   0.0   0.0
   5 1988 192     0.   0.0   0.0   0.000   0.0   0.0
   5 1988 193     0.   0.0   0.0   0.000   0.0   0.0
   5 1988 194     0.   0.0   0.0   0.000   0.0   8.0
   5 1988 195     0.   0.0   0.0   0.000   0.0   0.0
   5 1988 196     0.   0.0   0.0   0.000   0.0   8.0
   5 1988 197     0.   0.0   0.0   0.000   0.0   4.0
   5 1988 198     0.   0.0   0.0   0.000   0.0   0.0
   5 1988 199     0.   0.0   0.0   0.000   0.0   0.0
   5 1988 200     0.   0.0   0.0   0.000   0.0   0.0
   5 1988 201     0.   0.0   0.0   0.000   0.0  68.0
   5 1988 202     0.   0.0   0.0   0.000   0.0   0.0
   5 1988 203     0.   0.0   0.0   0.000   0.0   0.0
   5 1988 204     0.   0.0   0.0   0.000   0.0   0.0
   5 1988 205     0.   0.0   0.0   0.000   0.0   0.0
   5 1988 206     0.   0.0   0.0   0.000   0.0  57.5
   5 1988 207     0.   0.0   0.0   0.000   0.0   0.0
   5 1988 208     0.   0.0   0.0   0.000   0.0   0.0
   5 1988 209     0.   0.0   0.0   0.000   0.0   0.0
   5 1988 210     0.   0.0   0.0   0.000   0.0  32.0
   5 1988 211     0.   0.0   0.0   0.000   0.0   0.0
   5 1988 212     0.   0.0   0.0   0.000   0.0   0.0
   5 1988 213     0.   0.0   0.0   0.000   0.0  11.0
   5 1988 214     0.   0.0   0.0   0.000   0.0  10.0
   5 1988 215     0.   0.0   0.0   0.000   0.0   0.0
   5 1988 216     0.   0.0   0.0   0.000   0.0   5.0
   5 1988 217     0.   0.0   0.0   0.000   0.0   0.0
   5 1988 218     0.   0.0   0.0   0.000   0.0   0.0
   5 1988 219     0.   0.0   0.0   0.000   0.0   0.0
   5 1988 220     0.   0.0   0.0   0.000   0.0   0.0
   5 1988 221     0.   0.0   0.0   0.000   0.0   0.0
   5 1988 222     0.   0.0   0.0   0.000   0.0  16.0
   5 1988 223     0.   0.0   0.0   0.000   0.0   0.0
   5 1988 224     0.   0.0   0.0   0.000   0.0   0.0
   5 1988 225     0.   0.0   0.0   0.000   0.0   0.0
   5 1988 226     0.   0.0   0.0   0.000   0.0   8.0
   5 1988 227     0.   0.0   0.0   0.000   0.0  18.0
   5 1988 228     0.   0.0   0.0   0.000   0.0   0.0
   5 1988 229     0.   0.0   0.0   0.000   0.0  15.0
   5 1988 230     0.   0.0   0.0   0.000   0.0   0.0
   5 1988 231     0.   0.0   0.0   0.000   0.0  18.0
   5 1988 232     0.   0.0   0.0   0.000   0.0   0.0
   5 1988 233     0.   0.0   0.0   0.000   0.0   0.0
   5 1988 234     0.   0.0   0.0   0.000   0.0   0.0
   5 1988 235     0.   0.0   0.0   0.000   0.0   0.0
   5 1988 236     0.   0.0   0.0   0.000   0.0  61.0
   5 1988 237     0.   0.0   0.0   0.000   0.0   0.0
   5 1988 238     0.   0.0   0.0   0.000   0.0   0.0
   5 1988 239     0.   0.0   0.0   0.000   0.0  24.0
   5 1988 240     0.   0.0   0.0   0.000   0.0   0.0
   5 1988 241     0.   0.0   0.0   0.000   0.0   0.0
   5 1988 242     0.   0.0   0.0   0.000   0.0   0.0
   5 1988 243     0.   0.0   0.0   0.000   0.0   6.0
   5 1988 244     0.   0.0   0.0   0.000   0.0   6.0
   5 1988 245     0.   0.0   0.0   0.000   0.0   0.0
   5 1988 246     0.   0.0   0.0   0.000   0.0   0.0
   5 1988 247     0.   0.0   0.0   0.000   0.0   0.0
   5 1988 248     0.   0.0   0.0   0.000   0.0   9.0
   5 1988 249     0.   0.0   0.0   0.000   0.0   0.0
   5 1988 250     0.   0.0   0.0   0.000   0.0   0.0
   5 1988 251     0.   0.0   0.0   0.000   0.0   0.0
   5 1988 252     0.   0.0   0.0   0.000   0.0   0.0
   5 1988 253     0.   0.0   0.0   0.000   0.0  28.0
   5 1988 254     0.   0.0   0.0   0.000   0.0   0.0
   5 1988 255     0.   0.0   0.0   0.000   0.0   0.0
   5 1988 256     0.   0.0   0.0   0.000   0.0   0.0
   5 1988 257     0.   0.0   0.0   0.000   0.0   0.0
   5 1988 258     0.   0.0   0.0   0.000   0.0   0.0
   5 1988 259     0.   0.0   0.0   0.000   0.0   0.0
   5 1988 260     0.   0.0   0.0   0.000   0.0   0.0
   5 1988 261     0.   0.0   0.0   0.000   0.0   0.0
   5 1988 262     0.   0.0   0.0   0.000   0.0  24.0
   5 1988 263     0.   0.0   0.0   0.000   0.0   0.0
   5 1988 264     0.   0.0   0.0   0.000   0.0   0.0
   5 1988 265     0.   0.0   0.0   0.000   0.0  20.0
   5 1988 266     0.   0.0   0.0   0.000   0.0   0.0
   5 1988 267     0.   0.0   0.0   0.000   0.0   0.0
   5 1988 268     0.   0.0   0.0   0.000   0.0   0.0
   5 1988 269     0.   0.0   0.0   0.000   0.0   0.0
   5 1988 270     0.   0.0   0.0   0.000   0.0   0.0
   5 1988 271     0.   0.0   0.0   0.000   0.0   0.0
   5 1988 272     0.   0.0   0.0   0.000   0.0   0.0
   5 1988 273     0.   0.0   0.0   0.000   0.0   0.0
   5 1988 274     0.   0.0   0.0   0.000   0.0   0.0
   5 1988 275     0.   0.0   0.0   0.000   0.0   0.0
   5 1988 276     0.   0.0   0.0   0.000   0.0   0.0
   5 1988 277     0.   0.0   0.0   0.000   0.0   0.0
   5 1988 278     0.   0.0   0.0   0.000   0.0   0.0
   5 1988 279     0.   0.0   0.0   0.000   0.0   0.0
   5 1988 280     0.   0.0   0.0   0.000   0.0   0.0
   5 1988 281     0.   0.0   0.0   0.000   0.0   0.0
   5 1988 282     0.   0.0   0.0   0.000   0.0   0.0
   5 1988 283     0.   0.0   0.0   0.000   0.0   0.0
   5 1988 284     0.   0.0   0.0   0.000   0.0   0.0
   5 1988 285     0.   0.0   0.0   0.000   0.0   0.0
   5 1988 286     0.   0.0   0.0   0.000   0.0   0.0
   5 1988 287     0.   0.0   0.0   0.000   0.0   0.0
   5 1988 288     0.   0.0   0.0   0.000   0.0   0.0
   5 1988 289     0.   0.0   0.0   0.000   0.0   0.0
   5 1988 290     0.   0.0   0.0   0.000   0.0   0.0
   5 1988 291     0.   0.0   0.0   0.000   0.0   0.0
   5 1988 292     0.   0.0   0.0   0.000   0.0   0.0
   5 1988 293     0.   0.0   0.0   0.000   0.0   0.0
   5 1988 294     0.   0.0   0.0   0.000   0.0   0.0
   5 1988 295     0.   0.0   0.0   0.000   0.0   0.0
   5 1988 296     0.   0.0   0.0   0.000   0.0   0.0
   5 1988 297     0.   0.0   0.0   0.000   0.0   0.0
   5 1988 298     0.   0.0   0.0   0.000   0.0   0.0
   5 1988 299     0.   0.0   0.0   0.000   0.0   0.0
   5 1988 300     0.   0.0   0.0   0.000   0.0   0.0
   5 1988 301     0.   0.0   0.0   0.000   0.0   0.0
   5 1988 302     0.   0.0   0.0   0.000   0.0   0.0
   5 1988 303     0.   0.0   0.0   0.000   0.0   0.0
   5 1988 304     0.   0.0   0.0   0.000   0.0   0.0
   5 1988 305     0.   0.0   0.0   0.000   0.0   0.0
   5 1988 306     0.   0.0   0.0   0.000   0.0   0.0
   5 1988 307     0.   0.0   0.0   0.000   0.0   0.0
   5 1988 308     0.   0.0   0.0   0.000   0.0   0.0
   5 1988 309     0.   0.0   0.0   0.000   0.0   0.0
   5 1988 310     0.   0.0   0.0   0.000   0.0   0.0
   5 1988 311     0.   0.0   0.0   0.000   0.0   0.0
   5 1988 312     0.   0.0   0.0   0.000   0.0   0.0
   5 1988 313     0.   0.0   0.0   0.000   0.0   0.0
   5 1988 314     0.   0.0   0.0   0.000   0.0   0.0
   5 1988 315     0.   0.0   0.0   0.000   0.0   0.0
   5 1988 316     0.   0.0   0.0   0.000   0.0   0.0
   5 1988 317     0.   0.0   0.0   0.000   0.0   0.0
   5 1988 318     0.   0.0   0.0   0.000   0.0   0.0
   5 1988 319     0.   0.0   0.0   0.000   0.0   0.0
   5 1988 320     0.   0.0   0.0   0.000   0.0   0.0
   5 1988 321     0.   0.0   0.0   0.000   0.0   0.0
   5 1988 322     0.   0.0   0.0   0.000   0.0   0.0
   5 1988 323     0.   0.0   0.0   0.000   0.0   0.0
   5 1988 324     0.   0.0   0.0   0.000   0.0   0.0
   5 1988 325     0.   0.0   0.0   0.000   0.0   0.0
   5 1988 326     0.   0.0   0.0   0.000   0.0   0.0
   5 1988 327     0.   0.0   0.0   0.000   0.0   0.0
   5 1988 328     0.   0.0   0.0   0.000   0.0   0.0
   5 1988 329     0.   0.0   0.0   0.000   0.0   0.0
   5 1988 330     0.   0.0   0.0   0.000   0.0   0.0
   5 1988 331     0.   0.0   0.0   0.000   0.0   0.0
   5 1988 332     0.   0.0   0.0   0.000   0.0   0.0
   5 1988 333     0.   0.0   0.0   0.000   0.0   0.0
   5 1988 334     0.   0.0   0.0   0.000   0.0   0.0
   5 1988 335     0.   0.0   0.0   0.000   0.0   0.0
   5 1988 336     0.   0.0   0.0   0.000   0.0   0.0
   5 1988 337     0.   0.0   0.0   0.000   0.0   0.0
   5 1988 338     0.   0.0   0.0   0.000   0.0   0.0
   5 1988 339     0.   0.0   0.0   0.000   0.0   0.0
   5 1988 340     0.   0.0   0.0   0.000   0.0   0.0
   5 1988 341     0.   0.0   0.0   0.000   0.0   0.0
   5 1988 342     0.   0.0   0.0   0.000   0.0   0.0
   5 1988 343     0.   0.0   0.0   0.000   0.0   0.0
   5 1988 344     0.   0.0   0.0   0.000   0.0   0.0
   5 1988 345     0.   0.0   0.0   0.000   0.0   0.0
   5 1988 346     0.   0.0   0.0   0.000   0.0   0.0
   5 1988 347     0.   0.0   0.0   0.000   0.0   0.0
   5 1988 348     0.   0.0   0.0   0.000   0.0   0.0
   5 1988 349     0.   0.0   0.0   0.000   0.0   0.0
   5 1988 350     0.   0.0   0.0   0.000   0.0   0.0
   5 1988 351     0.   0.0   0.0   0.000   0.0   0.0
   5 1988 352     0.   0.0   0.0   0.000   0.0   0.0
   5 1988 353     0.   0.0   0.0   0.000   0.0   0.0
   5 1988 354     0.   0.0   0.0   0.000   0.0   0.0
   5 1988 355     0.   0.0   0.0   0.000   0.0   0.0
   5 1988 356     0.   0.0   0.0   0.000   0.0   0.0
   5 1988 357     0.   0.0   0.0   0.000   0.0   0.0
   5 1988 358     0.   0.0   0.0   0.000   0.0   0.0
   5 1988 359     0.   0.0   0.0   0.000   0.0   0.0
   5 1988 360     0.   0.0   0.0   0.000   0.0   0.0
   5 1988 361     0.   0.0   0.0   0.000   0.0   0.0
   5 1988 362     0.   0.0   0.0   0.000   0.0   0.0
   5 1988 363     0.   0.0   0.0   0.000   0.0   0.0
   5 1988 364     0.   0.0   0.0   0.000   0.0   0.0
   5 1988 365     0.   0.0   0.0   0.000   0.0   0.0
