*---------------------------------------------------------------------------*
* Station name: Mopti-Sevare, Mopti-region, Mali
* Year: 1978
* Author: Olaf Erenstein & Willem Stol
* Source: Meteo Mali
* Comments: Daily raindata, others monthly means
*
* Longitude: 04 06 W
* Latitude:  14 31 N
* Altitude:    271 m
*
* Column  Daily value
* 1       station number
* 2       year
* 3       day
* 4       irradiation                   (kJ m-2 d-1)
* 5       minimum temperature           (degrees Celsius)
* 6       maximum temperature           (degrees Celsius)
* 7       early morning vapour pressure (kPa)
* 8       mean wind speed (height: 2 m) (m s-1)
* 9       precipitation                 (mm d-1)
*---------------------------------------------------------------------------*
  -4.10  14.52   271. 0.00 0.00
   2 1978   1      4     4     4       4     4     4
   2 1978   1     0.   0.0   0.0   0.000   0.0   0.0
   2 1978   2     0.   0.0   0.0   0.000   0.0   0.0
   2 1978   3     0.   0.0   0.0   0.000   0.0   0.0
   2 1978   4     0.   0.0   0.0   0.000   0.0   0.0
   2 1978   5     0.   0.0   0.0   0.000   0.0   0.0
   2 1978   6     0.   0.0   0.0   0.000   0.0   0.0
   2 1978   7     0.   0.0   0.0   0.000   0.0   0.0
   2 1978   8     0.   0.0   0.0   0.000   0.0   0.0
   2 1978   9     0.   0.0   0.0   0.000   0.0   0.0
   2 1978  10     0.   0.0   0.0   0.000   0.0   0.0
   2 1978  11     0.   0.0   0.0   0.000   0.0   0.0
   2 1978  12     0.   0.0   0.0   0.000   0.0   0.0
   2 1978  13     0.   0.0   0.0   0.000   0.0   0.0
   2 1978  14     0.   0.0   0.0   0.000   0.0   0.0
   2 1978  15     0.   0.0   0.0   0.000   0.0   0.0
   2 1978  16     0.   0.0   0.0   0.000   0.0   0.0
   2 1978  17     0.   0.0   0.0   0.000   0.0   0.0
   2 1978  18     0.   0.0   0.0   0.000   0.0   0.0
   2 1978  19     0.   0.0   0.0   0.000   0.0   0.0
   2 1978  20     0.   0.0   0.0   0.000   0.0   0.0
   2 1978  21     0.   0.0   0.0   0.000   0.0   0.0
   2 1978  22     0.   0.0   0.0   0.000   0.0   0.0
   2 1978  23     0.   0.0   0.0   0.000   0.0   0.0
   2 1978  24     0.   0.0   0.0   0.000   0.0   0.0
   2 1978  25     0.   0.0   0.0   0.000   0.0   0.0
   2 1978  26     0.   0.0   0.0   0.000   0.0   0.0
   2 1978  27     0.   0.0   0.0   0.000   0.0   0.0
   2 1978  28     0.   0.0   0.0   0.000   0.0   0.0
   2 1978  29     0.   0.0   0.0   0.000   0.0   0.0
   2 1978  30     0.   0.0   0.0   0.000   0.0   0.0
   2 1978  31     0.   0.0   0.0   0.000   0.0   0.0
   2 1978  32     0.   0.0   0.0   0.000   0.0   0.0
   2 1978  33     0.   0.0   0.0   0.000   0.0   0.0
   2 1978  34     0.   0.0   0.0   0.000   0.0   0.0
   2 1978  35     0.   0.0   0.0   0.000   0.0   0.0
   2 1978  36     0.   0.0   0.0   0.000   0.0   0.0
   2 1978  37     0.   0.0   0.0   0.000   0.0   0.0
   2 1978  38     0.   0.0   0.0   0.000   0.0   0.0
   2 1978  39     0.   0.0   0.0   0.000   0.0   0.0
   2 1978  40     0.   0.0   0.0   0.000   0.0   0.0
   2 1978  41     0.   0.0   0.0   0.000   0.0   0.0
   2 1978  42     0.   0.0   0.0   0.000   0.0   0.0
   2 1978  43     0.   0.0   0.0   0.000   0.0   0.0
   2 1978  44     0.   0.0   0.0   0.000   0.0   0.0
   2 1978  45     0.   0.0   0.0   0.000   0.0   0.0
   2 1978  46     0.   0.0   0.0   0.000   0.0   0.0
   2 1978  47     0.   0.0   0.0   0.000   0.0   0.0
   2 1978  48     0.   0.0   0.0   0.000   0.0   0.0
   2 1978  49     0.   0.0   0.0   0.000   0.0   0.0
   2 1978  50     0.   0.0   0.0   0.000   0.0   0.0
   2 1978  51     0.   0.0   0.0   0.000   0.0   0.0
   2 1978  52     0.   0.0   0.0   0.000   0.0   0.0
   2 1978  53     0.   0.0   0.0   0.000   0.0   0.0
   2 1978  54     0.   0.0   0.0   0.000   0.0   0.0
   2 1978  55     0.   0.0   0.0   0.000   0.0   0.0
   2 1978  56     0.   0.0   0.0   0.000   0.0   0.0
   2 1978  57     0.   0.0   0.0   0.000   0.0   0.0
   2 1978  58     0.   0.0   0.0   0.000   0.0   0.0
   2 1978  59     0.   0.0   0.0   0.000   0.0   0.0
   2 1978  60     0.   0.0   0.0   0.000   0.0   0.0
   2 1978  61     0.   0.0   0.0   0.000   0.0   0.0
   2 1978  62     0.   0.0   0.0   0.000   0.0   0.0
   2 1978  63     0.   0.0   0.0   0.000   0.0   0.0
   2 1978  64     0.   0.0   0.0   0.000   0.0   0.0
   2 1978  65     0.   0.0   0.0   0.000   0.0   0.0
   2 1978  66     0.   0.0   0.0   0.000   0.0   0.0
   2 1978  67     0.   0.0   0.0   0.000   0.0   0.0
   2 1978  68     0.   0.0   0.0   0.000   0.0   0.0
   2 1978  69     0.   0.0   0.0   0.000   0.0   0.0
   2 1978  70     0.   0.0   0.0   0.000   0.0   0.0
   2 1978  71     0.   0.0   0.0   0.000   0.0   0.0
   2 1978  72     0.   0.0   0.0   0.000   0.0   0.0
   2 1978  73     0.   0.0   0.0   0.000   0.0   0.0
   2 1978  74     0.   0.0   0.0   0.000   0.0   0.0
   2 1978  75     0.   0.0   0.0   0.000   0.0   0.0
   2 1978  76     0.   0.0   0.0   0.000   0.0   0.0
   2 1978  77     0.   0.0   0.0   0.000   0.0   0.0
   2 1978  78     0.   0.0   0.0   0.000   0.0   0.0
   2 1978  79     0.   0.0   0.0   0.000   0.0   0.0
   2 1978  80     0.   0.0   0.0   0.000   0.0   0.0
   2 1978  81     0.   0.0   0.0   0.000   0.0   0.0
   2 1978  82     0.   0.0   0.0   0.000   0.0   0.0
   2 1978  83     0.   0.0   0.0   0.000   0.0   0.0
   2 1978  84     0.   0.0   0.0   0.000   0.0   0.0
   2 1978  85     0.   0.0   0.0   0.000   0.0   0.0
   2 1978  86     0.   0.0   0.0   0.000   0.0   0.0
   2 1978  87     0.   0.0   0.0   0.000   0.0   0.0
   2 1978  88     0.   0.0   0.0   0.000   0.0   0.0
   2 1978  89     0.   0.0   0.0   0.000   0.0   0.0
   2 1978  90     0.   0.0   0.0   0.000   0.0   0.0
   2 1978  91     0.   0.0   0.0   0.000   0.0   0.0
   2 1978  92     0.   0.0   0.0   0.000   0.0   0.0
   2 1978  93     0.   0.0   0.0   0.000   0.0   0.0
   2 1978  94     0.   0.0   0.0   0.000   0.0   0.0
   2 1978  95     0.   0.0   0.0   0.000   0.0   0.0
   2 1978  96     0.   0.0   0.0   0.000   0.0   0.0
   2 1978  97     0.   0.0   0.0   0.000   0.0   0.0
   2 1978  98     0.   0.0   0.0   0.000   0.0   0.0
   2 1978  99     0.   0.0   0.0   0.000   0.0   0.0
   2 1978 100     0.   0.0   0.0   0.000   0.0   0.0
   2 1978 101     0.   0.0   0.0   0.000   0.0   0.0
   2 1978 102     0.   0.0   0.0   0.000   0.0   0.0
   2 1978 103     0.   0.0   0.0   0.000   0.0   0.0
   2 1978 104     0.   0.0   0.0   0.000   0.0   0.0
   2 1978 105     0.   0.0   0.0   0.000   0.0   0.0
   2 1978 106     0.   0.0   0.0   0.000   0.0   0.0
   2 1978 107     0.   0.0   0.0   0.000   0.0   0.0
   2 1978 108     0.   0.0   0.0   0.000   0.0   0.0
   2 1978 109     0.   0.0   0.0   0.000   0.0   0.0
   2 1978 110     0.   0.0   0.0   0.000   0.0   0.0
   2 1978 111     0.   0.0   0.0   0.000   0.0   0.0
   2 1978 112     0.   0.0   0.0   0.000   0.0   0.0
   2 1978 113     0.   0.0   0.0   0.000   0.0   0.0
   2 1978 114     0.   0.0   0.0   0.000   0.0   0.0
   2 1978 115     0.   0.0   0.0   0.000   0.0   0.0
   2 1978 116     0.   0.0   0.0   0.000   0.0   0.0
   2 1978 117     0.   0.0   0.0   0.000   0.0   0.0
   2 1978 118     0.   0.0   0.0   0.000   0.0   0.0
   2 1978 119     0.   0.0   0.0   0.000   0.0   0.0
   2 1978 120     0.   0.0   0.0   0.000   0.0   0.0
   2 1978 121      4     4     4       4     4     1
   2 1978 121     0.   0.0   0.0   0.000   0.0   0.0
   2 1978 122     0.   0.0   0.0   0.000   0.0   0.0
   2 1978 123     0.   0.0   0.0   0.000   0.0   6.4
   2 1978 124     0.   0.0   0.0   0.000   0.0   0.0
   2 1978 125     0.   0.0   0.0   0.000   0.0   0.0
   2 1978 126     0.   0.0   0.0   0.000   0.0   0.0
   2 1978 127     0.   0.0   0.0   0.000   0.0   0.0
   2 1978 128     0.   0.0   0.0   0.000   0.0   0.0
   2 1978 129     0.   0.0   0.0   0.000   0.0   0.0
   2 1978 130     0.   0.0   0.0   0.000   0.0   0.0
   2 1978 131     0.   0.0   0.0   0.000   0.0   3.2
   2 1978 132     0.   0.0   0.0   0.000   0.0   0.5
   2 1978 133     0.   0.0   0.0   0.000   0.0   0.0
   2 1978 134     0.   0.0   0.0   0.000   0.0   0.0
   2 1978 135     0.   0.0   0.0   0.000   0.0   0.0
   2 1978 136     0.   0.0   0.0   0.000   0.0   0.0
   2 1978 137     0.   0.0   0.0   0.000   0.0   0.0
   2 1978 138     0.   0.0   0.0   0.000   0.0   0.0
   2 1978 139     0.   0.0   0.0   0.000   0.0   0.4
   2 1978 140     0.   0.0   0.0   0.000   0.0   0.0
   2 1978 141     0.   0.0   0.0   0.000   0.0   0.2
   2 1978 142     0.   0.0   0.0   0.000   0.0   0.0
   2 1978 143     0.   0.0   0.0   0.000   0.0   5.4
   2 1978 144     0.   0.0   0.0   0.000   0.0   0.0
   2 1978 145     0.   0.0   0.0   0.000   0.0   0.0
   2 1978 146     0.   0.0   0.0   0.000   0.0   0.0
   2 1978 147     0.   0.0   0.0   0.000   0.0   0.0
   2 1978 148     0.   0.0   0.0   0.000   0.0   0.0
   2 1978 149     0.   0.0   0.0   0.000   0.0   0.0
   2 1978 150     0.   0.0   0.0   0.000   0.0   0.0
   2 1978 151     0.   0.0   0.0   0.000   0.0   0.0
   2 1978 152     0.   0.0   0.0   0.000   0.0   0.0
   2 1978 153     0.   0.0   0.0   0.000   0.0   1.2
   2 1978 154     0.   0.0   0.0   0.000   0.0   0.0
   2 1978 155     0.   0.0   0.0   0.000   0.0   0.0
   2 1978 156     0.   0.0   0.0   0.000   0.0   0.0
   2 1978 157     0.   0.0   0.0   0.000   0.0  33.1
   2 1978 158     0.   0.0   0.0   0.000   0.0   0.0
   2 1978 159     0.   0.0   0.0   0.000   0.0   6.2
   2 1978 160     0.   0.0   0.0   0.000   0.0   0.0
   2 1978 161     0.   0.0   0.0   0.000   0.0   0.0
   2 1978 162     0.   0.0   0.0   0.000   0.0   0.0
   2 1978 163     0.   0.0   0.0   0.000   0.0   0.0
   2 1978 164     0.   0.0   0.0   0.000   0.0   0.0
   2 1978 165     0.   0.0   0.0   0.000   0.0   0.0
   2 1978 166     0.   0.0   0.0   0.000   0.0   0.0
   2 1978 167     0.   0.0   0.0   0.000   0.0   0.0
   2 1978 168     0.   0.0   0.0   0.000   0.0   0.0
   2 1978 169     0.   0.0   0.0   0.000   0.0   0.0
   2 1978 170     0.   0.0   0.0   0.000   0.0   0.0
   2 1978 171     0.   0.0   0.0   0.000   0.0   0.0
   2 1978 172     0.   0.0   0.0   0.000   0.0   0.0
   2 1978 173     0.   0.0   0.0   0.000   0.0   0.0
   2 1978 174     0.   0.0   0.0   0.000   0.0   0.0
   2 1978 175     0.   0.0   0.0   0.000   0.0   0.0
   2 1978 176     0.   0.0   0.0   0.000   0.0   0.0
   2 1978 177     0.   0.0   0.0   0.000   0.0   0.0
   2 1978 178     0.   0.0   0.0   0.000   0.0  17.2
   2 1978 179     0.   0.0   0.0   0.000   0.0   0.0
   2 1978 180     0.   0.0   0.0   0.000   0.0   0.0
   2 1978 181     0.   0.0   0.0   0.000   0.0   0.0
   2 1978 182     0.   0.0   0.0   0.000   0.0   0.0
   2 1978 183     0.   0.0   0.0   0.000   0.0   0.0
   2 1978 184     0.   0.0   0.0   0.000   0.0   5.7
   2 1978 185     0.   0.0   0.0   0.000   0.0   0.0
   2 1978 186     0.   0.0   0.0   0.000   0.0   0.0
   2 1978 187     0.   0.0   0.0   0.000   0.0   0.5
   2 1978 188     0.   0.0   0.0   0.000   0.0   0.0
   2 1978 189     0.   0.0   0.0   0.000   0.0   0.2
   2 1978 190     0.   0.0   0.0   0.000   0.0   0.0
   2 1978 191     0.   0.0   0.0   0.000   0.0   0.0
   2 1978 192     0.   0.0   0.0   0.000   0.0  27.0
   2 1978 193     0.   0.0   0.0   0.000   0.0   0.0
   2 1978 194     0.   0.0   0.0   0.000   0.0   0.0
   2 1978 195     0.   0.0   0.0   0.000   0.0  10.1
   2 1978 196     0.   0.0   0.0   0.000   0.0   0.0
   2 1978 197     0.   0.0   0.0   0.000   0.0   3.0
   2 1978 198     0.   0.0   0.0   0.000   0.0   0.0
   2 1978 199     0.   0.0   0.0   0.000   0.0   0.4
   2 1978 200     0.   0.0   0.0   0.000   0.0   0.2
   2 1978 201     0.   0.0   0.0   0.000   0.0   0.0
   2 1978 202     0.   0.0   0.0   0.000   0.0   0.0
   2 1978 203     0.   0.0   0.0   0.000   0.0   7.4
   2 1978 204     0.   0.0   0.0   0.000   0.0   0.4
   2 1978 205     0.   0.0   0.0   0.000   0.0   0.0
   2 1978 206     0.   0.0   0.0   0.000   0.0   0.0
   2 1978 207     0.   0.0   0.0   0.000   0.0   0.0
   2 1978 208     0.   0.0   0.0   0.000   0.0  13.3
   2 1978 209     0.   0.0   0.0   0.000   0.0   4.7
   2 1978 210     0.   0.0   0.0   0.000   0.0  12.3
   2 1978 211     0.   0.0   0.0   0.000   0.0   0.9
   2 1978 212     0.   0.0   0.0   0.000   0.0   5.2
   2 1978 213     0.   0.0   0.0   0.000   0.0   7.3
   2 1978 214     0.   0.0   0.0   0.000   0.0   1.6
   2 1978 215     0.   0.0   0.0   0.000   0.0   0.0
   2 1978 216     0.   0.0   0.0   0.000   0.0  11.3
   2 1978 217     0.   0.0   0.0   0.000   0.0   0.0
   2 1978 218     0.   0.0   0.0   0.000   0.0   0.0
   2 1978 219     0.   0.0   0.0   0.000   0.0   0.0
   2 1978 220     0.   0.0   0.0   0.000   0.0   7.3
   2 1978 221     0.   0.0   0.0   0.000   0.0   0.0
   2 1978 222     0.   0.0   0.0   0.000   0.0   0.0
   2 1978 223     0.   0.0   0.0   0.000   0.0   1.5
   2 1978 224     0.   0.0   0.0   0.000   0.0   0.5
   2 1978 225     0.   0.0   0.0   0.000   0.0   0.0
   2 1978 226     0.   0.0   0.0   0.000   0.0   2.6
   2 1978 227     0.   0.0   0.0   0.000   0.0   0.0
   2 1978 228     0.   0.0   0.0   0.000   0.0   0.0
   2 1978 229     0.   0.0   0.0   0.000   0.0  11.8
   2 1978 230     0.   0.0   0.0   0.000   0.0   0.0
   2 1978 231     0.   0.0   0.0   0.000   0.0   0.0
   2 1978 232     0.   0.0   0.0   0.000   0.0   0.0
   2 1978 233     0.   0.0   0.0   0.000   0.0   1.5
   2 1978 234     0.   0.0   0.0   0.000   0.0   4.1
   2 1978 235     0.   0.0   0.0   0.000   0.0   0.0
   2 1978 236     0.   0.0   0.0   0.000   0.0   9.4
   2 1978 237     0.   0.0   0.0   0.000   0.0   0.0
   2 1978 238     0.   0.0   0.0   0.000   0.0   0.0
   2 1978 239     0.   0.0   0.0   0.000   0.0   0.0
   2 1978 240     0.   0.0   0.0   0.000   0.0   0.0
   2 1978 241     0.   0.0   0.0   0.000   0.0  12.5
   2 1978 242     0.   0.0   0.0   0.000   0.0   0.0
   2 1978 243     0.   0.0   0.0   0.000   0.0   0.0
   2 1978 244     0.   0.0   0.0   0.000   0.0   0.0
   2 1978 245     0.   0.0   0.0   0.000   0.0   0.0
   2 1978 246     0.   0.0   0.0   0.000   0.0   0.3
   2 1978 247     0.   0.0   0.0   0.000   0.0   0.0
   2 1978 248     0.   0.0   0.0   0.000   0.0  20.9
   2 1978 249     0.   0.0   0.0   0.000   0.0   0.0
   2 1978 250     0.   0.0   0.0   0.000   0.0   0.0
   2 1978 251     0.   0.0   0.0   0.000   0.0   0.0
   2 1978 252     0.   0.0   0.0   0.000   0.0   0.0
   2 1978 253     0.   0.0   0.0   0.000   0.0  11.3
   2 1978 254     0.   0.0   0.0   0.000   0.0   6.9
   2 1978 255     0.   0.0   0.0   0.000   0.0   0.0
   2 1978 256     0.   0.0   0.0   0.000   0.0  12.4
   2 1978 257     0.   0.0   0.0   0.000   0.0  13.3
   2 1978 258     0.   0.0   0.0   0.000   0.0  11.1
   2 1978 259     0.   0.0   0.0   0.000   0.0   8.3
   2 1978 260     0.   0.0   0.0   0.000   0.0   8.3
   2 1978 261     0.   0.0   0.0   0.000   0.0   0.0
   2 1978 262     0.   0.0   0.0   0.000   0.0   0.0
   2 1978 263     0.   0.0   0.0   0.000   0.0   5.2
   2 1978 264     0.   0.0   0.0   0.000   0.0  23.7
   2 1978 265     0.   0.0   0.0   0.000   0.0   0.0
   2 1978 266     0.   0.0   0.0   0.000   0.0   0.0
   2 1978 267     0.   0.0   0.0   0.000   0.0   0.0
   2 1978 268     0.   0.0   0.0   0.000   0.0   4.3
   2 1978 269     0.   0.0   0.0   0.000   0.0   0.0
   2 1978 270     0.   0.0   0.0   0.000   0.0   0.0
   2 1978 271     0.   0.0   0.0   0.000   0.0   0.0
   2 1978 272     0.   0.0   0.0   0.000   0.0   0.0
   2 1978 273     0.   0.0   0.0   0.000   0.0   0.0
   2 1978 274     0.   0.0   0.0   0.000   0.0   0.0
   2 1978 275     0.   0.0   0.0   0.000   0.0  12.8
   2 1978 276     0.   0.0   0.0   0.000   0.0   0.0
   2 1978 277     0.   0.0   0.0   0.000   0.0   0.0
   2 1978 278     0.   0.0   0.0   0.000   0.0   0.0
   2 1978 279     0.   0.0   0.0   0.000   0.0   0.0
   2 1978 280     0.   0.0   0.0   0.000   0.0   0.0
   2 1978 281     0.   0.0   0.0   0.000   0.0   0.0
   2 1978 282     0.   0.0   0.0   0.000   0.0  19.3
   2 1978 283     0.   0.0   0.0   0.000   0.0   0.0
   2 1978 284     0.   0.0   0.0   0.000   0.0   0.0
   2 1978 285     0.   0.0   0.0   0.000   0.0   0.0
   2 1978 286     0.   0.0   0.0   0.000   0.0   0.0
   2 1978 287     0.   0.0   0.0   0.000   0.0   0.0
   2 1978 288     0.   0.0   0.0   0.000   0.0   0.0
   2 1978 289     0.   0.0   0.0   0.000   0.0   0.0
   2 1978 290     0.   0.0   0.0   0.000   0.0   0.0
   2 1978 291     0.   0.0   0.0   0.000   0.0   0.0
   2 1978 292     0.   0.0   0.0   0.000   0.0   0.0
   2 1978 293     0.   0.0   0.0   0.000   0.0   0.2
   2 1978 294     0.   0.0   0.0   0.000   0.0   2.3
   2 1978 295     0.   0.0   0.0   0.000   0.0   0.0
   2 1978 296     0.   0.0   0.0   0.000   0.0   0.0
   2 1978 297     0.   0.0   0.0   0.000   0.0   0.0
   2 1978 298     0.   0.0   0.0   0.000   0.0   0.0
   2 1978 299     0.   0.0   0.0   0.000   0.0   0.0
   2 1978 300     0.   0.0   0.0   0.000   0.0   0.0
   2 1978 301     0.   0.0   0.0   0.000   0.0   0.0
   2 1978 302     0.   0.0   0.0   0.000   0.0   0.0
   2 1978 303     0.   0.0   0.0   0.000   0.0   0.0
   2 1978 304     0.   0.0   0.0   0.000   0.0   0.0
   2 1978 305      4     4     4       4     4     4
   2 1978 305     0.   0.0   0.0   0.000   0.0   0.0
   2 1978 306     0.   0.0   0.0   0.000   0.0   0.0
   2 1978 307     0.   0.0   0.0   0.000   0.0   0.0
   2 1978 308     0.   0.0   0.0   0.000   0.0   0.0
   2 1978 309     0.   0.0   0.0   0.000   0.0   0.0
   2 1978 310     0.   0.0   0.0   0.000   0.0   0.0
   2 1978 311     0.   0.0   0.0   0.000   0.0   0.0
   2 1978 312     0.   0.0   0.0   0.000   0.0   0.0
   2 1978 313     0.   0.0   0.0   0.000   0.0   0.0
   2 1978 314     0.   0.0   0.0   0.000   0.0   0.0
   2 1978 315     0.   0.0   0.0   0.000   0.0   0.0
   2 1978 316     0.   0.0   0.0   0.000   0.0   0.0
   2 1978 317     0.   0.0   0.0   0.000   0.0   0.0
   2 1978 318     0.   0.0   0.0   0.000   0.0   0.0
   2 1978 319     0.   0.0   0.0   0.000   0.0   0.0
   2 1978 320     0.   0.0   0.0   0.000   0.0   0.0
   2 1978 321     0.   0.0   0.0   0.000   0.0   0.0
   2 1978 322     0.   0.0   0.0   0.000   0.0   0.0
   2 1978 323     0.   0.0   0.0   0.000   0.0   0.0
   2 1978 324     0.   0.0   0.0   0.000   0.0   0.0
   2 1978 325     0.   0.0   0.0   0.000   0.0   0.0
   2 1978 326     0.   0.0   0.0   0.000   0.0   0.0
   2 1978 327     0.   0.0   0.0   0.000   0.0   0.0
   2 1978 328     0.   0.0   0.0   0.000   0.0   0.0
   2 1978 329     0.   0.0   0.0   0.000   0.0   0.0
   2 1978 330     0.   0.0   0.0   0.000   0.0   0.0
   2 1978 331     0.   0.0   0.0   0.000   0.0   0.0
   2 1978 332     0.   0.0   0.0   0.000   0.0   0.0
   2 1978 333     0.   0.0   0.0   0.000   0.0   0.0
   2 1978 334     0.   0.0   0.0   0.000   0.0   0.0
   2 1978 335     0.   0.0   0.0   0.000   0.0   0.0
   2 1978 336     0.   0.0   0.0   0.000   0.0   0.0
   2 1978 337     0.   0.0   0.0   0.000   0.0   0.0
   2 1978 338     0.   0.0   0.0   0.000   0.0   0.0
   2 1978 339     0.   0.0   0.0   0.000   0.0   0.0
   2 1978 340     0.   0.0   0.0   0.000   0.0   0.0
   2 1978 341     0.   0.0   0.0   0.000   0.0   0.0
   2 1978 342     0.   0.0   0.0   0.000   0.0   0.0
   2 1978 343     0.   0.0   0.0   0.000   0.0   0.0
   2 1978 344     0.   0.0   0.0   0.000   0.0   0.0
   2 1978 345     0.   0.0   0.0   0.000   0.0   0.0
   2 1978 346     0.   0.0   0.0   0.000   0.0   0.0
   2 1978 347     0.   0.0   0.0   0.000   0.0   0.0
   2 1978 348     0.   0.0   0.0   0.000   0.0   0.0
   2 1978 349     0.   0.0   0.0   0.000   0.0   0.0
   2 1978 350     0.   0.0   0.0   0.000   0.0   0.0
   2 1978 351     0.   0.0   0.0   0.000   0.0   0.0
   2 1978 352     0.   0.0   0.0   0.000   0.0   0.0
   2 1978 353     0.   0.0   0.0   0.000   0.0   0.0
   2 1978 354     0.   0.0   0.0   0.000   0.0   0.0
   2 1978 355     0.   0.0   0.0   0.000   0.0   0.0
   2 1978 356     0.   0.0   0.0   0.000   0.0   0.0
   2 1978 357     0.   0.0   0.0   0.000   0.0   0.0
   2 1978 358     0.   0.0   0.0   0.000   0.0   0.0
   2 1978 359     0.   0.0   0.0   0.000   0.0   0.0
   2 1978 360     0.   0.0   0.0   0.000   0.0   0.0
   2 1978 361     0.   0.0   0.0   0.000   0.0   0.0
   2 1978 362     0.   0.0   0.0   0.000   0.0   0.0
   2 1978 363     0.   0.0   0.0   0.000   0.0   0.0
   2 1978 364     0.   0.0   0.0   0.000   0.0   0.0
   2 1978 365     0.   0.0   0.0   0.000   0.0   0.0
