*---------------------------------------------------------------------------*
* Station name: Station du Sahel, Niono, Mali
* Year: 1979
* Author: Peter Uithol                                     -99.000: NIL VALUE
* Source: Observations meteorologiques a Niono, 1976-1979. PPS 1980.
* Comments: Incomplete year. No precipitation data available.
* Longitude: 5 58 W, latitude: 14 16 N, altitude: 275. m
*
* Column  Daily value
* 1       station number
* 2       year
* 3       day
* 4       irradiation                   (kJ m-2 d-1)
* 5       minimum temperature           (degrees Celsius)
* 6       maximum temperature           (degrees Celsius)
* 7       early morning vapour pressure (kPa)
* 8       mean wind speed               (m s-1)
* 9       precipitation                 (mm d-1)
*---------------------------------------------------------------------------*
  -5.97  14.27   275. 0.00 0.00
   1 1979 152 25707.  27.0  39.0   3.041   1.3 -99.0
   1 1979 153 21771.  25.6  38.8   3.159   1.3 -99.0
   1 1979 154 24074.  23.4  34.0   2.787   1.3 -99.0
   1 1979 155  9630.  23.7  31.8   2.650   1.3 -99.0
   1 1979 156 21353.  26.6  37.5   2.866   1.3 -99.0
   1 1979 157 25581.  21.4  32.6   2.463   1.3 -99.0
   1 1979 158 25707.  25.5  35.7   2.889   1.3 -99.0
   1 1979 159 17794.  25.5  34.0   2.720   1.3 -99.0
   1 1979 160 21478.  24.0  34.8   2.515   1.3 -99.0
   1 1979 161 11221.  21.5  28.3   2.457   1.3 -99.0
   1 1979 162 24911.  22.0  36.0   2.557   1.6 -99.0
   1 1979 163 26502.  23.5  37.0   2.548   1.6 -99.0
   1 1979 164 11723.  25.3  33.0   2.568   1.6 -99.0
   1 1979 165 14026.  24.0  30.6   2.584   1.6 -99.0
   1 1979 166 22023.  26.4  35.0   3.004   1.6 -99.0
   1 1979 167 18045.  24.4  31.7   2.650   1.6 -99.0
   1 1979 168 19343.  23.5  34.0   2.548   1.6 -99.0
   1 1979 169 24200.  25.5  36.0   2.768   1.6 -99.0
   1 1979 170 25330.  23.0  36.0   2.469   1.6 -99.0
   1 1979 171 25330.  25.7  37.0   3.000   1.6 -99.0
   1 1979 172 19678.  21.5  32.5   2.457   1.6 -99.0
   1 1979 173 21855.  25.0  34.0   2.922   1.6 -99.0
   1 1979 174 19385.  23.6  33.2   2.318   1.6 -99.0
   1 1979 175 25623.  24.0  34.5   2.891   1.6 -99.0
   1 1979 176 24535.  25.6  36.5   2.883   1.6 -99.0
   1 1979 177 21018.  24.5  35.4   2.528   1.6 -99.0
   1 1979 178 25498.  25.0  39.0   2.922   1.6 -99.0
   1 1979 179 24367.  28.5  37.0   2.993   1.6 -99.0
   1 1979 180 24493.  25.0  36.7   2.564   1.6 -99.0
   1 1979 181 16998.  26.0  34.0   2.856   1.6 -99.0
   1 1979 182 21813.  24.2  34.8   2.640   1.5 -99.0
   1 1979 183 21813.  24.2  34.8   2.640   1.5 -99.0
   1 1979 184 21813.  24.2  34.8   2.640   1.5 -99.0
   1 1979 185 21813.  24.2  34.8   2.640   1.5 -99.0
   1 1979 186 21813.  24.2  34.8   2.640   1.5 -99.0
   1 1979 187 21813.  24.2  34.8   2.640   1.5 -99.0
   1 1979 188 21813.  24.2  34.8   2.640   1.5 -99.0
   1 1979 189 21813.  24.2  34.8   2.640   1.5 -99.0
   1 1979 190 21813.  24.2  34.8   2.640   1.5 -99.0
   1 1979 191 21813.  24.2  34.8   2.640   1.5 -99.0
   1 1979 192 21897.  23.1  32.1   2.713   1.4 -99.0
   1 1979 193 21897.  23.1  32.1   2.713   1.4 -99.0
   1 1979 194 21897.  23.1  32.1   2.713   1.4 -99.0
   1 1979 195 21897.  23.1  32.1   2.713   1.4 -99.0
   1 1979 196 21897.  23.1  32.1   2.713   1.4 -99.0
   1 1979 197 21897.  23.1  32.1   2.713   1.4 -99.0
   1 1979 198 21897.  23.1  32.1   2.713   1.4 -99.0
   1 1979 199 21897.  23.1  32.1   2.713   1.4 -99.0
   1 1979 200 21897.  23.1  32.1   2.713   1.4 -99.0
   1 1979 201 21897.  23.1  32.1   2.713   1.4 -99.0
   1 1979 202 20808.  23.0  32.4   2.719   1.6 -99.0
   1 1979 203 20808.  23.0  32.4   2.719   1.6 -99.0
   1 1979 204 20808.  23.0  32.4   2.719   1.6 -99.0
   1 1979 205 20808.  23.0  32.4   2.719   1.6 -99.0
   1 1979 206 20808.  23.0  32.4   2.719   1.6 -99.0
   1 1979 207 20808.  23.0  32.4   2.719   1.6 -99.0
   1 1979 208 20808.  23.0  32.4   2.719   1.6 -99.0
   1 1979 209 20808.  23.0  32.4   2.719   1.6 -99.0
   1 1979 210 20808.  23.0  32.4   2.719   1.6 -99.0
   1 1979 211 20808.  23.0  32.4   2.719   1.6 -99.0
   1 1979 212 20808.  23.0  32.4   2.719   1.6 -99.0
   1 1979 213 17585.  21.5  30.0   2.612   0.8 -99.0
   1 1979 214 25581.  23.5  32.0   2.663   0.5 -99.0
   1 1979 215 25707.  25.9  35.0   3.165   1.0 -99.0
   1 1979 216 21981.  22.0  30.5   2.625   1.2 -99.0
   1 1979 217 25539.  24.5  32.2   2.955   1.1 -99.0
   1 1979 218 22609.  24.8  32.2   3.263   1.1 -99.0
   1 1979 219 19678.  25.5  32.2   3.038   0.8 -99.0
   1 1979 220 13188.  23.3  30.5   2.700   0.5 -99.0
   1 1979 221 24702.  25.5  32.2   2.889   1.1 -99.0
   1 1979 222 24911.  23.4  33.6   2.740   1.6 -99.0
   1 1979 223 24283.  25.8  32.7   2.869   1.7 -99.0
   1 1979 224 25414.  23.4  33.7   2.442   1.4 -99.0
   1 1979 225  9211.  20.5  29.0   2.308   1.0 -99.0
   1 1979 226 24911.  23.7  32.8   2.814   1.2 -99.0
   1 1979 227 25121.  25.1  33.2   3.065   1.3 -99.0
   1 1979 228 25665.  23.3  33.0   2.793   1.2 -99.0
   1 1979 229 23237.  23.0  30.4   2.743   0.5 -99.0
   1 1979 230 25833.  25.8  32.9   3.171   1.0 -99.0
   1 1979 231 21353.  23.5  31.0   2.480   0.5 -99.0
   1 1979 232 25958.  24.8  33.0   3.010   0.7 -99.0
   1 1979 233 23865.  25.2  32.1   2.909   1.3 -99.0
   1 1979 234 22609.  22.7  27.0   2.578   1.3 -99.0
   1 1979 235  8792.  22.4  27.5   3.094   0.7 -99.0
   1 1979 236 10467.  22.2  31.0   2.611   0.8 -99.0
   1 1979 237 21143.  23.5  32.4   2.972   0.7 -99.0
   1 1979 238 22609.  22.5  31.4   2.592   1.2 -99.0
   1 1979 239 25581.  23.1  31.1   2.807   1.0 -99.0
   1 1979 240 21562.  23.0  30.5   2.513   1.1 -99.0
   1 1979 241 20725.  23.5  28.5   2.780   0.7 -99.0
   1 1979 242 22609.  21.1  31.9   2.396   1.3 -99.0
   1 1979 243 25833.  24.1  30.7   2.908   1.3 -99.0
   1 1979 244 21981.  25.0  33.6   2.801   2.1 -99.0
   1 1979 245  7746.  20.2  28.6   3.750   0.4 -99.0
   1 1979 246 20306.  21.1  31.2   2.707   0.7 -99.0
   1 1979 247 25121.  24.8  33.5   2.935   1.2 -99.0
   1 1979 248 24283.  23.2  32.4   2.591   0.9 -99.0
   1 1979 249 21353.  22.0  29.4   2.446   1.3 -99.0
   1 1979 250 14026.  22.3  29.4   2.742   1.3 -99.0
   1 1979 251 24911.  23.5  30.5   2.780   0.6 -99.0
   1 1979 252 15491.  22.0  30.5   3.047   1.1 -99.0
   1 1979 253 25121.  22.5  32.1   2.799   0.5 -99.0
   1 1979 254 24702.  24.8  32.7   2.935   1.0 -99.0
   1 1979 255 25539.  25.1  31.0   2.916   1.7 -99.0
   1 1979 256 13816.  20.6  30.5   3.115   1.8 -99.0
   1 1979 257 25749.  20.0  31.4   2.341   1.0 -99.0
   1 1979 258 25539.  22.0  32.0   2.739   0.9 -99.0
   1 1979 259 25414.  24.2  34.2   2.829   0.8 -99.0
   1 1979 260 24911.  25.4  32.6   3.095   0.9 -99.0
   1 1979 261 25330.  25.5  34.1   3.038   1.3 -99.0
   1 1979 262 25121.  22.8  32.1   2.617   0.6 -99.0
   1 1979 263 25498.  24.8  33.5   2.935   0.7 -99.0
   1 1979 264 25330.  25.3  35.5   3.153   0.9 -99.0
   1 1979 265 16957.  25.0  31.2   2.518   1.5 -99.0
   1 1979 266  7118.  22.4  26.5   2.690   0.9 -99.0
   1 1979 267 25414.  23.0  32.5   2.696   0.7 -99.0
   1 1979 268 20725.  24.0  32.8   2.843   1.1 -99.0
   1 1979 269 24493.  22.0  32.0   2.647   0.8 -99.0
   1 1979 270 24283.  24.9  33.5   2.880   0.7 -99.0
   1 1979 271 25330.  25.5  34.1   3.295   0.5 -99.0
   1 1979 272 24283.  26.5  34.6   3.308   0.9 -99.0
   1 1979 273 25330.  25.7  34.2   3.126   1.1 -99.0
