*---------------------------------------------------------------------------*
* Station name: Station du Sahel, Niono, Mali
* Year: 1977
* Author: Peter Uithol                                     -99.000: NIL VALUE
* Source: Observations meteorologiques a Niono, 1976-1979. PPS 1980.
* Comments:
* Longitude: 5 58 W, latitude: 14 16 N, altitude: 275. m
*
* Column  Daily value
* 1       station number
* 2       year
* 3       day
* 4       irradiation                   (kJ m-2 d-1)
* 5       minimum temperature           (degrees Celsius)
* 6       maximum temperature           (degrees Celsius)
* 7       early morning vapour pressure (kPa)
* 8       mean wind speed               (m s-1)
* 9       precipitation                 (mm d-1)
*---------------------------------------------------------------------------*
  -5.97  14.27   275. 0.00 0.00
   1 1977   1 14863.  14.0  31.5   1.054   1.2   0.0
   1 1977   2 25246.  14.3  35.4   1.034   1.6   0.0
   1 1977   3 25498.  16.0  35.0   0.983   1.4   0.0
   1 1977   4 21981.  17.2  34.8   0.950   1.5   0.0
   1 1977   5 23446.  17.0  34.7   1.073   1.3   0.0
   1 1977   6 12853.  21.3  30.7   1.152   1.0   1.0
   1 1977   7 25121.  21.0  22.8   2.490   1.2   0.0
   1 1977   8 19134.  16.0  29.0   1.468   1.5   0.0
   1 1977   9 25749.  17.0  27.5   1.267   1.7   0.0
   1 1977  10 19678.  15.5  30.0   1.172   1.2   0.0
   1 1977  11 24911.  15.3  33.6   1.122   1.2   0.0
   1 1977  12 24911.  15.2  33.6   1.192   1.6   0.0
   1 1977  13 25330.  15.0  34.0   1.142   2.0   0.0
   1 1977  14 25414.  15.0  34.5   0.752   2.5   0.0
   1 1977  15 22399.  14.0  33.7   0.818   1.9   0.0
   1 1977  16 25498.  14.0  35.0   0.847   1.6   0.0
   1 1977  17 25246.  13.2  34.0   0.900   0.8   0.0
   1 1977  18 25539.  14.3  35.0   0.945   1.3   0.0
   1 1977  19 25246.  14.2  35.2   1.026   0.9   0.0
   1 1977  20 21143.  16.3  33.3   1.056   0.8   0.0
   1 1977  21 24911.  15.0  32.0   0.898   1.4   0.0
   1 1977  22 25539.  13.0  32.0   0.884   2.2   0.0
   1 1977  23 25707.  13.0  30.2   0.884   1.0   0.0
   1 1977  24 25665.  12.1  31.6   0.872   1.9   0.0
   1 1977  25 23237.  13.0  31.3   0.841   2.1   0.0
   1 1977  26 22818.  15.3  32.3   0.879   2.2   0.0
   1 1977  27 23655.  13.0  33.7   0.884   1.8   0.0
   1 1977  28 23027.  17.2  33.5   0.981   1.4   0.0
   1 1977  29 23237.  17.0  34.0   0.979   1.4   0.0
   1 1977  30 21143.  18.0  35.0   1.007   1.1   0.0
   1 1977  31 19887.  17.0  34.0   1.073   1.9   0.0
   1 1977  32 22818.  17.0  32.0   1.073   1.8   0.0
   1 1977  33 24283.  15.1  31.3   0.892   2.3   0.0
   1 1977  34 23237.  14.9  31.0   0.831   2.9   0.0
   1 1977  35 24074.  12.0  30.4   0.809   2.3   0.0
   1 1977  36 23027.  15.0  31.5   0.898   1.8   0.0
   1 1977  37 21981.  15.3  32.2   0.968   1.7   0.0
   1 1977  38 23865.  14.0  32.6   0.818   1.6   0.0
   1 1977  39 24493.  13.2  32.2   1.017   1.9   0.0
   1 1977  40 24702.  13.2  32.0   0.871   2.0   0.0
   1 1977  41 25330.  12.1  32.6   0.802   2.2   0.0
   1 1977  42 25581.  13.1  33.2   0.736   1.8   0.0
   1 1977  43 24828.  13.2  33.5   0.772   2.5   0.0
   1 1977  44 24744.  14.1  33.7   0.884   1.4   0.0
   1 1977  45 24493.  13.2  34.6   0.730   1.9   0.0
   1 1977  46 24200.  14.3  35.0   0.799   1.9   0.0
   1 1977  47 24953.  14.0  34.7   0.747   1.9   0.0
   1 1977  48 24200.  13.3  35.3   0.793   2.1   0.0
   1 1977  49 23948.  12.0  36.0   0.809   2.3   0.0
   1 1977  50 15198.  18.2  34.0   0.777   2.3   0.0
   1 1977  51 23655.  17.0  35.0   0.766   1.3   0.0
   1 1977  52 24870.  16.0  35.2   0.643   1.7   0.0
   1 1977  53 22399.  20.0  36.0   0.719   1.0   0.0
   1 1977  54 18296.  20.8  36.3   0.666   1.0   0.0
   1 1977  55 15533.  20.0  33.7   1.289   1.5   0.0
   1 1977  56 20348.  18.0  36.0   0.790   1.8   0.0
   1 1977  57 22358.  19.0  36.0   0.785   2.3   0.0
   1 1977  58 24283.  15.2  35.8   0.930   1.9   0.0
   1 1977  59 25456.  15.3  35.7   0.879   3.6   0.0
   1 1977  60 26209.  15.0  36.0   0.653   1.7   0.0
   1 1977  61 24409.  17.2  35.4   0.607   2.8   0.0
   1 1977  62 23279.  21.6  34.4   0.463   2.1   0.0
   1 1977  63 22064.  18.5  33.1   0.911   2.4   0.0
   1 1977  64 22441.  18.4  32.1   0.674   3.0   0.0
   1 1977  65 23823.  14.4  32.0   0.651   1.9   0.0
   1 1977  66 15072.  14.4  34.0   0.651   2.4   0.0
   1 1977  67 25916.  14.2  35.3   0.664   2.6   0.0
   1 1977  68 26335.  14.3  36.0   0.657   1.8   0.0
   1 1977  69 25791.  17.0  36.0   0.620   1.9   0.0
   1 1977  70 26084.  16.5  36.7   0.799   1.8   0.0
   1 1977  71 20599.  17.5  37.3   0.733   1.9   0.0
   1 1977  72 17124.  20.7  35.0   0.673   2.1   0.0
   1 1977  73 21939.  17.2  36.7   0.753   2.3   0.0
   1 1977  74 21604.  18.0  37.7   0.627   2.0   0.0
   1 1977  75 17040.  24.0  38.5   0.675   1.9   0.0
   1 1977  76 15407.  26.0  38.1   0.808   2.0   0.0
   1 1977  77 20557.  22.6  38.2   0.800   1.5   0.0
   1 1977  78 19469.  22.0  38.0   0.905   3.7   0.0
   1 1977  79 22818.  19.6  37.8   0.902   0.7   0.0
   1 1977  80 16245.  21.2  37.0   1.158   1.2   0.0
   1 1977  81 19259.  23.2  38.5   0.825   0.5   0.0
   1 1977  82 16329.  23.0  39.6   1.232   2.0   0.0
   1 1977  83 15826.  24.5  40.0   1.259   1.6   0.0
   1 1977  84 16496.  22.5  38.0   1.391   1.6   0.0
   1 1977  85 15868.  21.0  39.0   1.310   2.3   0.0
   1 1977  86 16329.  24.5  39.2   0.992   1.2   0.0
   1 1977  87 22860.  21.0  40.0   0.841   0.7   0.0
   1 1977  88 19176.  20.2  40.0   1.363   0.7   0.0
   1 1977  89 21520.  23.8  36.4   1.056   1.0   0.0
   1 1977  90 18129.  23.5  35.0   0.872   0.6   0.0
   1 1977  91 20557.  19.5  34.0   1.070   3.6   0.0
   1 1977  92 17459.  18.0  29.6   0.700   2.1   0.0
   1 1977  93 27717.  11.0  34.5   0.875   1.2   0.0
   1 1977  94 26042.  16.0  37.5   0.832   2.0   0.0
   1 1977  95 25581.  20.2  40.0   0.768   0.9   0.0
   1 1977  96 21562.  21.2  41.0   1.404   0.9   0.0
   1 1977  97 21688.  23.2  42.0   1.723   2.0   0.0
   1 1977  98 21771.  25.2  42.0   1.286   2.2   0.0
   1 1977  99 24995.  24.8  41.8   1.060   1.3   0.0
   1 1977 100 24409.  24.0  42.0   1.043   1.5   0.0
   1 1977 101 23530.  27.2  41.2   2.081   0.8   0.0
   1 1977 102 23907.  27.0  41.0   2.094   1.2   0.0
   1 1977 103 25288.  27.0  42.6   2.138   1.0   0.0
   1 1977 104 25498.  21.0  41.6   1.310   1.2   0.0
   1 1977 105 23111.  21.0  41.5   1.751   0.9   0.0
   1 1977 106 23572.  25.0  40.2   2.449   1.3   0.0
   1 1977 107 24158.  26.0  41.0   2.160   2.5   0.0
   1 1977 108  7578.  26.0  36.0   1.945   1.0   0.0
   1 1977 109  8164.  24.2  32.0   2.064   0.9   0.0
   1 1977 110  9253.  24.2  31.5   2.279   2.3   0.0
   1 1977 111 10300.  25.0  34.2   2.226   2.7   0.0
   1 1977 112 18045.  23.0  38.2   2.143   3.0   0.0
   1 1977 113 22483.  22.8  38.5   1.594   3.3   0.0
   1 1977 114 20515.  23.0  36.0   1.736   1.9   0.0
   1 1977 115 19259.  23.0  38.0   1.736   1.6   0.0
   1 1977 116 20139.  26.6  40.4   1.344   2.1   0.0
   1 1977 117 17585.  28.0  40.5   1.309   0.8   0.0
   1 1977 118 20055.  25.8  40.2   1.358   0.8   0.0
   1 1977 119 20934.  26.2  40.0   2.370   0.8   0.0
   1 1977 120 23027.  25.2  41.0   2.436   0.8   0.0
   1 1977 121 20976.  27.2  41.2   1.994   1.4   0.0
   1 1977 122 21060.  26.2  39.0   1.332   0.9   0.0
   1 1977 123 20976.  24.0  39.5   2.515   1.2   0.2
   1 1977 124 18841.  25.5  39.2   2.193   1.8   0.0
   1 1977 125 25665.  23.0  42.0   2.143   1.7   0.0
   1 1977 126 25246.  25.2  41.5   1.212   1.2   0.0
   1 1977 127 23237.  27.2  41.0   1.420   1.4   0.0
   1 1977 128 23237.  23.0  41.0   0.905   0.8   0.0
   1 1977 129 25539.  21.0  40.3   1.310   1.9   0.0
   1 1977 130 22399.  26.0  38.8   1.945   1.2   0.0
   1 1977 131 22609.  25.2  40.8   2.436   1.9   0.0
   1 1977 132 25414.  25.2  42.0   2.083   1.2   0.0
   1 1977 133 26042.  24.6  41.0   1.289   1.7   0.0
   1 1977 134 26209.  26.0  41.2   2.160   2.2   0.0
   1 1977 135 19929.  28.8  39.5   2.198   1.2   0.0
   1 1977 136 23530.  24.8  37.6   2.694   1.4   0.0
   1 1977 137 25665.  25.4  40.0   2.199   1.0   0.0
   1 1977 138 22944.  27.6  41.0   2.510   0.8   0.0
   1 1977 139 24283.  26.3  34.7   2.432   1.1   0.0
   1 1977 140 24367.  25.2  38.0   2.436   1.2   0.0
   1 1977 141 23697.  27.5  40.0   2.399   1.8   3.4
   1 1977 142 25079.  23.2  38.6   2.568   1.0   0.0
   1 1977 143 17626.  24.7  43.6   2.561   1.5   0.0
   1 1977 144 21688.  28.0  39.0   2.651   1.2   0.0
   1 1977 145 22692.  28.0  41.1   2.251   2.2   0.0
   1 1977 146 25665.  24.3  40.6   2.495   1.4   0.0
   1 1977 147 17333.  27.0  37.0   2.317   1.2   0.0
   1 1977 148 23781.  25.1  41.0   2.443   1.4   0.0
   1 1977 149 21018.  25.9  38.1   2.390   1.5   0.0
   1 1977 150 13147.  26.3  36.1   2.432   1.8   0.0
   1 1977 151 20892.  21.2  36.9   2.723   1.3  35.6
   1 1977 152 22399.  24.0  35.3   2.747   1.9   0.0
   1 1977 153 20850.  25.2  39.9   2.909   0.1   0.0
   1 1977 154 22567.  25.0  39.2   2.801   1.7   0.0
   1 1977 155 26126.  26.4  38.2   2.708   0.9   0.0
   1 1977 156 25707.  27.0  38.6   2.621   1.2   0.0
   1 1977 157 25163.  27.5  40.5   2.493   1.5   0.0
   1 1977 158 25246.  27.3  40.0   2.297   1.8   0.0
   1 1977 159 24200.  25.8  38.0   2.239   1.1   0.0
   1 1977 160 23739.  28.0  37.5   2.483   1.9   5.2
   1 1977 161 19050.  22.0  38.0   2.602   1.6   0.0
   1 1977 162 23279.  27.0  42.7   2.790   2.2   0.0
   1 1977 163  5778.  29.2  39.5   2.769   2.3   1.0
   1 1977 164 16705.  22.0  35.0   2.535   1.0   0.0
   1 1977 165 24577.  23.8  36.2   2.597   1.5   9.0
   1 1977 166 25246.  22.5  36.0   2.918   1.0   0.0
   1 1977 167 24158.  24.8  39.9   2.814   1.5  31.7
   1 1977 168 23614.  29.5  38.4   2.625   2.4   0.0
   1 1977 169 20348.  21.0  33.9   2.668   1.1   0.0
   1 1977 170 22692.  24.5  36.6   2.714   1.0   0.0
   1 1977 171 24577.  26.2  36.1   2.794   1.1   0.0
   1 1977 172 26921.  25.6  37.5   2.883   1.1   0.0
   1 1977 173 23404.  21.2  35.4   2.499   1.6  12.2
   1 1977 174 24577.  24.1  36.4   2.624   2.3   1.5
   1 1977 175 24995.  22.0  35.6   3.120   1.9   0.0
   1 1977 176 18338.  26.3  32.3   2.715   1.5   0.0
   1 1977 177 26084.  23.6  34.7   2.587   1.5   0.0
   1 1977 178 25749.  25.0  37.5   2.449   1.6   0.0
   1 1977 179 25916.  26.1  39.5   2.585   1.7   0.0
   1 1977 180 22023.  27.3  34.6   2.770   2.0   0.0
   1 1977 181 24367.  23.8  35.6   2.197   1.4   0.0
   1 1977 182 16831.  26.0  36.2   2.759   1.4   0.0
   1 1977 183 20013.  25.0  36.8   2.495   1.4   0.0
   1 1977 184 23572.  25.6  36.6   2.548   1.3  38.8
   1 1977 185 26879.  20.6  32.5   2.901   1.8   5.2
   1 1977 186 26879.  22.3  33.0   2.742   2.4   0.0
   1 1977 187 27633.  23.2  33.5   2.591   0.1   0.0
   1 1977 188 27047.  25.0  35.5   2.825   1.0   0.6
   1 1977 189 21143.  22.7  34.9   2.444   1.5   0.0
   1 1977 190 25833.  24.5  37.2   2.714   2.1   0.0
   1 1977 191 23990.  27.7  35.0   2.622   2.4   0.0
   1 1977 192 25121.  25.0  35.5   2.922   2.0   0.0
   1 1977 193 25288.  22.9  36.0   2.321   1.7   0.0
   1 1977 194  8248.  22.2  27.4   2.937   2.8   0.0
   1 1977 195 21981.  22.3  32.5   2.537   1.8   0.0
   1 1977 196 26335.  24.1  37.0   2.741   0.9   0.0
   1 1977 197 24158.  24.3  39.4   2.338   1.4   0.0
   1 1977 198 24116.  28.0  36.0   2.798   2.8   0.0
   1 1977 199  6406.  20.7  28.7   3.355   2.5  28.9
   1 1977 200 17626.  23.4  29.7   2.787   1.3   0.0
   1 1977 201 21478.  23.2  31.2   2.683   0.9   0.0
   1 1977 202 19050.  24.2  33.0   2.805   1.5   0.0
   1 1977 203 18129.  22.5  33.9   2.592   1.6   1.9
   1 1977 204 25581.  21.3  32.0   2.626   2.1   0.0
   1 1977 205 22274.  24.2  33.6   2.734   1.0   2.4
   1 1977 206 16119.  24.3  35.0   2.919   1.0   0.0
   1 1977 207 24493.  25.2  37.1   2.958   0.7   6.6
   1 1977 208 23781.  22.0  33.2   2.647   1.8   0.0
   1 1977 209 27298.  24.3  34.8   2.871   1.3   0.0
   1 1977 210 22986.  26.0  34.2   2.856   1.7   6.7
   1 1977 211   795.  21.4  29.6   2.442   2.8   0.0
   1 1977 212 27465.  22.0  32.0   2.647   1.3   0.0
   1 1977 213 24367.  24.0  34.7   2.988   1.0   0.0
   1 1977 214 26712.  26.0  35.0   2.856   1.7   0.0
   1 1977 215 25121.  25.1  34.8   2.818   3.2   0.0
   1 1977 216 25121.  26.0  33.5   2.663   3.0   0.0
   1 1977 217  7787.  23.7  30.5   3.008   2.9   4.7
   1 1977 218 25581.  24.0  33.2   2.747   1.3   0.0
   1 1977 219 20264.  24.8  35.1   2.814   0.9   0.0
   1 1977 220 22358.  26.0  38.3   2.856   1.3   5.9
   1 1977 221 22441.  22.8  32.2   2.594   2.5   2.5
   1 1977 222 10760.  23.5  28.0   2.733   1.2   0.0
   1 1977 223 24702.  24.2  32.9   2.734   0.9  25.0
   1 1977 224 24116.  21.6  31.3   2.561   1.5   0.0
   1 1977 225 22190.  24.5  31.9   2.906   1.2   0.0
   1 1977 226 26126.  23.0  31.6   2.813   1.2  34.2
   1 1977 227 23655.  21.0  30.5   2.805   1.3  26.1
   1 1977 228 11849.  20.3  25.3   2.428   1.1  33.4
   1 1977 229 26837.  22.2  30.3   2.680   0.9   0.0
   1 1977 230 27549.  25.0  33.1   2.922   0.8  10.0
   1 1977 231 15742.  19.8  27.7   2.525   2.0   7.9
   1 1977 232 26209.  22.0  31.0   2.424   1.7   0.0
   1 1977 233 22692.  23.9  32.8   2.522   1.9   0.0
   1 1977 234 26251.  24.7  35.0   2.942   1.9   0.0
   1 1977 235 25916.  25.2  34.1   3.033   1.2   0.0
   1 1977 236 23697.  23.2  32.6   2.568   1.4   0.0
   1 1977 237 26168.  25.0  34.6   2.849   1.5   0.0
   1 1977 238 14570.  20.0  27.2   3.252   2.2  37.3
   1 1977 239 25791.  23.2  30.4   2.683   1.1   0.8
   1 1977 240 20934.  24.0  29.6   2.747   1.0  34.1
   1 1977 241 25163.  21.2  29.9   2.655   1.4   0.0
   1 1977 242 11053.  21.0  30.0   3.211   1.8  11.7
   1 1977 243 24577.  21.3  30.3   2.492   1.2   0.0
   1 1977 244 17082.  23.5  31.3   2.663   0.9   0.0
   1 1977 245 24535.  23.0  30.9   2.790   0.9   2.5
   1 1977 246 22734.  22.0  28.8   2.579   0.9   0.0
   1 1977 247 26209.  22.0  31.8   2.879   1.0   2.6
   1 1977 248 19804.  23.6  31.0   2.774   1.8  24.0
   1 1977 249 25246.  20.0  31.0   2.534   0.6   0.0
   1 1977 250 25414.  24.2  32.0   2.781   1.5   0.0
   1 1977 251 24200.  22.1  30.4   2.595   0.9   2.4
   1 1977 252  9043.  22.0  26.0   2.647   1.0  26.0
   1 1977 253 19845.  23.5  30.0   2.828   0.8   0.0
   1 1977 254 23069.  24.2  31.0   2.902   0.8   0.0
   1 1977 255 26293.  23.5  32.1   2.924   1.1   9.0
   1 1977 256 25246.  21.0  32.0   2.828   0.9   0.0
   1 1977 257 15114.  21.2  30.4   2.769   0.8   0.0
   1 1977 258 26251.  23.0  31.8   2.650   0.8   0.0
   1 1977 259 22316.  23.0  30.8   2.813   0.9   6.5
   1 1977 260 26502.  23.2  31.0   2.800   0.9   0.0
   1 1977 261 26084.  23.4  32.5   2.787   0.6   0.0
   1 1977 262 19594.  25.0  33.3   2.922   1.0   0.0
   1 1977 263 25121.  23.0  33.2   2.581   1.0   0.0
   1 1977 264 25958.  25.0  35.0   2.922   1.1   0.0
   1 1977 265 26084.  22.3  33.5   2.470   0.9   0.0
   1 1977 266 19720.  24.9  33.0   2.880   0.6   0.0
   1 1977 267 25079.  23.6  34.1   2.727   0.7   0.0
   1 1977 268 25665.  25.4  34.1   3.020   1.3   7.2
   1 1977 269 23823.  21.6  33.1   2.628   0.7   0.0
   1 1977 270 23948.  25.1  34.2   2.916   0.8   0.0
   1 1977 271 22776.  24.2  33.0   2.412   1.4   0.0
   1 1977 272 23781.  23.2  32.6   2.706   1.0   0.0
   1 1977 273 16245.  22.5  31.0   2.569   0.6   0.0
   1 1977 274 18129.  25.0  33.0   2.922   0.8   0.0
   1 1977 275 20390.  24.2  32.9   2.805   1.0   0.0
   1 1977 276 21227.  25.4  33.6   2.896   0.5   0.0
   1 1977 277 21729.  24.5  34.5   2.906   0.8   0.0
   1 1977 278 22148.  24.3  36.6   2.727   1.5   0.0
   1 1977 279 21897.  24.3  34.0   2.968   0.6   0.0
   1 1977 280 18673.  24.0  34.6   2.700   0.5   0.0
   1 1977 281 19636.  23.0  32.9   2.650   0.6   0.0
   1 1977 282 15701.  25.0  32.8   2.922   0.6   0.0
   1 1977 283 22316.  23.9  34.2   2.660   0.6   0.0
   1 1977 284 23153.  22.0  35.4   2.424   0.4   0.0
   1 1977 285 20934.  23.6  34.1   2.633   1.0   0.0
   1 1977 286 14110.  24.2  33.5   2.902   0.6   0.0
   1 1977 287 21646.  24.5  34.7   2.906   0.7   0.0
   1 1977 288 20683.  25.0  35.8   2.611   0.7   0.0
   1 1977 289 21646.  23.4  35.3   2.509   0.9   0.0
   1 1977 290 22064.  23.2  36.2   2.614   0.7   0.0
   1 1977 291 13816.  25.4  35.2   2.655   0.7   0.0
   1 1977 292 21478.  23.3  34.3   2.700   0.5   0.0
   1 1977 293 19720.  24.3  35.3   2.799   0.8   0.0
   1 1977 294 21227.  24.1  35.0   2.741   0.6   0.0
   1 1977 295 18924.  23.1  34.5   2.620   0.7   0.0
   1 1977 296 19762.  24.1  33.6   2.509   0.6   0.0
   1 1977 297 19385.  23.5  34.5   2.594   0.8   0.0
   1 1977 298 15994.  22.0  35.0   2.002   1.1   0.0
   1 1977 299 25958.  20.0  34.8   1.722   0.5   0.0
   1 1977 300 13063.  26.0  34.4   3.005   0.8   0.0
   1 1977 301 20013.  23.6  34.5   2.362   0.8   0.0
   1 1977 302 21018.  20.0  33.6   1.934   0.7   0.0
   1 1977 303 21436.  18.0  33.8   1.798   0.7   0.0
   1 1977 304 19762.  19.0  33.7   1.442   1.0   0.0
   1 1977 305 20641.  19.0  34.1   1.622   1.2   0.0
   1 1977 306 14486.  16.0  33.0   1.301   1.5   0.0
   1 1977 307 22609.  16.0  32.8   1.301   1.4   0.0
   1 1977 308 21897.  16.5  33.0   1.154   1.2   0.0
   1 1977 309 23823.  15.8  32.9   1.200   1.2   0.0
   1 1977 310 20892.  17.0  32.8   1.351   1.2   0.0
   1 1977 311 22358.  16.1  34.2   1.245   1.3   0.0
   1 1977 312 22525.  16.5  34.0   1.170   1.1   0.0
   1 1977 313 22692.  16.5  33.8   1.186   1.0   0.0
   1 1977 314 22734.  17.0  33.0   1.301   0.7   0.0
   1 1977 315 22399.  16.3  34.0   1.380   1.5   0.0
   1 1977 316 21646.  20.5  31.8   1.256   1.6   0.0
   1 1977 317 22944.  15.0  30.5   1.367   1.3   0.0
   1 1977 318 22902.  14.5  31.1   1.238   0.9   0.0
   1 1977 319 32280.  16.0  32.5   1.203   1.2   0.0
   1 1977 320 19636.  17.0  32.7   1.301   0.9   0.0
   1 1977 321 18464.  18.1  35.5   1.449   0.8   0.0
   1 1977 322 20557.  20.0  36.0   1.611   0.7   0.0
   1 1977 323 20934.  18.5  35.2   1.440   0.9   0.0
   1 1977 324 21353.  18.4  35.5   1.309   1.2   0.0
   1 1977 325 21311.  18.8  36.0   1.149   1.1   0.0
   1 1977 326 22567.  19.5  35.6   1.237   1.0   0.0
   1 1977 327 18799.  19.7  35.4   1.122   1.0   0.0
   1 1977 328 20767.  19.0  35.2   1.355   1.1   0.0
   1 1977 329 20348.  15.8  30.7   1.413   1.9   0.0
   1 1977 330 19971.  15.5  29.7   0.925   1.4   0.0
   1 1977 331 19720.  12.0  29.1   0.936   1.1   0.0
   1 1977 332 21855.  13.0  30.0   0.928   1.1   0.0
   1 1977 333 18548.  13.5  31.1   0.866   1.0   0.0
   1 1977 334 19762.  15.5  32.3   0.836   1.3   0.0
   1 1977 335 24283.  14.9  32.5   0.935   1.9   0.0
   1 1977 336 25121.  14.2  32.9   1.087   2.0   0.0
   1 1977 337 25414.  15.5  32.8   1.172   2.0   0.0
   1 1977 338 24493.  14.0  31.9   1.161   1.8   0.0
   1 1977 339 25498.  14.1  30.0   1.017   1.9   0.0
   1 1977 340 25121.  13.5  30.3   1.102   1.3   0.0
   1 1977 341 21562.  13.4  29.5   1.004   0.9   0.0
   1 1977 342 17794.  15.0  30.1   1.049   1.0   0.0
   1 1977 343 24493.  15.7  34.0   1.065   1.0   0.0
   1 1977 344 21143.  15.5  32.8   0.865   1.0   0.0
   1 1977 345 24702.  15.2  33.2   1.021   0.9   0.0
   1 1977 346 12142.  16.0  29.8   1.123   0.4   0.0
   1 1977 347 25121.  14.6  33.0   1.153   0.7   0.0
   1 1977 348 22399.  15.0  32.8   1.253   0.5   0.0
   1 1977 349 18631.  17.5  32.8   1.541   0.9   0.0
   1 1977 350 25121.  15.5  32.9   1.204   0.2   0.0
   1 1977 351 24911.  17.5  32.3   0.977   1.3   0.0
   1 1977 352 23237.  15.8  31.6   1.184   1.9   0.0
   1 1977 353 20306.  15.5  31.6   1.172   1.3   0.0
   1 1977 354 24911.  15.0  31.5   1.095   2.0   0.0
   1 1977 355 25498.  14.0  30.7   0.862   1.8   0.0
   1 1977 356 23237.  12.5  30.5   0.860   1.9   0.0
   1 1977 357 25121.  12.7  31.6   0.833   1.4   0.0
   1 1977 358 25121.  13.0  30.0   0.957   1.8   0.0
   1 1977 359 24911.  11.5  28.2   0.898   2.0   0.0
   1 1977 360 24283.  10.6  26.5   0.986   1.9   0.0
   1 1977 361 25330.  11.6  26.2   0.835   1.8   0.0
   1 1977 362 25121.   8.6  26.7   0.737   1.3   0.0
   1 1977 363 20934.  12.0  28.0   0.672   1.0   0.0
   1 1977 364 23655.  15.0  32.0   0.839   1.1   0.0
   1 1977 365 23446.  15.0  30.2   0.898   1.1   0.0
