*---------------------------------------------------------------------------*
* Station name: Koro, Mopti-region, Mali
* Year: 1967
* Author: Olaf Erenstein & Willem Stol
* Source: Meteo Mali
* Comments: Daily raindata, others monthly means
*
* Longitude: 03 04 W
* Latitude:  14 04 N
* Altitude:    253 m
*
* Column  Daily value
* 1       station number
* 2       year
* 3       day
* 4       irradiation                   (kJ m-2 d-1)
* 5       minimum temperature           (degrees Celsius)
* 6       maximum temperature           (degrees Celsius)
* 7       early morning vapour pressure (kPa)
* 8       mean wind speed (height: 2 m) (m s-1)
* 9       precipitation                 (mm d-1)
*---------------------------------------------------------------------------*
  -3.07  14.07   253. 0.00 0.00
   4 1967   1      4     4     4       4     4     1
   4 1967   1     0.   0.0   0.0   0.000   0.0   0.0
   4 1967   2     0.   0.0   0.0   0.000   0.0   0.0
   4 1967   3     0.   0.0   0.0   0.000   0.0   0.0
   4 1967   4     0.   0.0   0.0   0.000   0.0   0.0
   4 1967   5     0.   0.0   0.0   0.000   0.0   0.0
   4 1967   6     0.   0.0   0.0   0.000   0.0   0.0
   4 1967   7     0.   0.0   0.0   0.000   0.0   0.0
   4 1967   8     0.   0.0   0.0   0.000   0.0   0.0
   4 1967   9     0.   0.0   0.0   0.000   0.0   0.0
   4 1967  10     0.   0.0   0.0   0.000   0.0   0.0
   4 1967  11     0.   0.0   0.0   0.000   0.0   0.0
   4 1967  12     0.   0.0   0.0   0.000   0.0   0.0
   4 1967  13     0.   0.0   0.0   0.000   0.0   0.0
   4 1967  14     0.   0.0   0.0   0.000   0.0   0.0
   4 1967  15     0.   0.0   0.0   0.000   0.0   0.0
   4 1967  16     0.   0.0   0.0   0.000   0.0   0.0
   4 1967  17     0.   0.0   0.0   0.000   0.0   0.0
   4 1967  18     0.   0.0   0.0   0.000   0.0   0.0
   4 1967  19     0.   0.0   0.0   0.000   0.0   0.0
   4 1967  20     0.   0.0   0.0   0.000   0.0   0.0
   4 1967  21     0.   0.0   0.0   0.000   0.0   0.0
   4 1967  22     0.   0.0   0.0   0.000   0.0   0.0
   4 1967  23     0.   0.0   0.0   0.000   0.0   0.0
   4 1967  24     0.   0.0   0.0   0.000   0.0   0.0
   4 1967  25     0.   0.0   0.0   0.000   0.0   0.0
   4 1967  26     0.   0.0   0.0   0.000   0.0   0.0
   4 1967  27     0.   0.0   0.0   0.000   0.0   0.0
   4 1967  28     0.   0.0   0.0   0.000   0.0   0.0
   4 1967  29     0.   0.0   0.0   0.000   0.0   0.0
   4 1967  30     0.   0.0   0.0   0.000   0.0   0.0
   4 1967  31     0.   0.0   0.0   0.000   0.0   0.0
   4 1967  32     0.   0.0   0.0   0.000   0.0   0.0
   4 1967  33     0.   0.0   0.0   0.000   0.0   0.0
   4 1967  34     0.   0.0   0.0   0.000   0.0   0.0
   4 1967  35     0.   0.0   0.0   0.000   0.0   0.0
   4 1967  36     0.   0.0   0.0   0.000   0.0   0.0
   4 1967  37     0.   0.0   0.0   0.000   0.0   0.0
   4 1967  38     0.   0.0   0.0   0.000   0.0   0.0
   4 1967  39     0.   0.0   0.0   0.000   0.0   0.0
   4 1967  40     0.   0.0   0.0   0.000   0.0   0.0
   4 1967  41     0.   0.0   0.0   0.000   0.0   0.0
   4 1967  42     0.   0.0   0.0   0.000   0.0   0.0
   4 1967  43     0.   0.0   0.0   0.000   0.0   0.0
   4 1967  44     0.   0.0   0.0   0.000   0.0   0.0
   4 1967  45     0.   0.0   0.0   0.000   0.0   0.0
   4 1967  46     0.   0.0   0.0   0.000   0.0   0.0
   4 1967  47     0.   0.0   0.0   0.000   0.0   0.0
   4 1967  48     0.   0.0   0.0   0.000   0.0   0.0
   4 1967  49     0.   0.0   0.0   0.000   0.0   0.0
   4 1967  50     0.   0.0   0.0   0.000   0.0   0.0
   4 1967  51     0.   0.0   0.0   0.000   0.0   0.0
   4 1967  52     0.   0.0   0.0   0.000   0.0   0.0
   4 1967  53     0.   0.0   0.0   0.000   0.0   0.0
   4 1967  54     0.   0.0   0.0   0.000   0.0   0.0
   4 1967  55     0.   0.0   0.0   0.000   0.0   0.0
   4 1967  56     0.   0.0   0.0   0.000   0.0   0.0
   4 1967  57     0.   0.0   0.0   0.000   0.0   0.0
   4 1967  58     0.   0.0   0.0   0.000   0.0   0.0
   4 1967  59     0.   0.0   0.0   0.000   0.0   3.0
   4 1967  60     0.   0.0   0.0   0.000   0.0   0.0
   4 1967  61     0.   0.0   0.0   0.000   0.0   0.0
   4 1967  62     0.   0.0   0.0   0.000   0.0   0.0
   4 1967  63     0.   0.0   0.0   0.000   0.0   0.0
   4 1967  64     0.   0.0   0.0   0.000   0.0   0.0
   4 1967  65     0.   0.0   0.0   0.000   0.0   0.0
   4 1967  66     0.   0.0   0.0   0.000   0.0   0.0
   4 1967  67     0.   0.0   0.0   0.000   0.0   0.0
   4 1967  68     0.   0.0   0.0   0.000   0.0   0.0
   4 1967  69     0.   0.0   0.0   0.000   0.0   0.0
   4 1967  70     0.   0.0   0.0   0.000   0.0   0.0
   4 1967  71     0.   0.0   0.0   0.000   0.0   0.0
   4 1967  72     0.   0.0   0.0   0.000   0.0   0.0
   4 1967  73     0.   0.0   0.0   0.000   0.0   0.0
   4 1967  74     0.   0.0   0.0   0.000   0.0   0.0
   4 1967  75     0.   0.0   0.0   0.000   0.0   0.0
   4 1967  76     0.   0.0   0.0   0.000   0.0   0.0
   4 1967  77     0.   0.0   0.0   0.000   0.0   0.0
   4 1967  78     0.   0.0   0.0   0.000   0.0   0.0
   4 1967  79     0.   0.0   0.0   0.000   0.0   0.0
   4 1967  80     0.   0.0   0.0   0.000   0.0   0.0
   4 1967  81     0.   0.0   0.0   0.000   0.0   0.0
   4 1967  82     0.   0.0   0.0   0.000   0.0   0.0
   4 1967  83     0.   0.0   0.0   0.000   0.0   0.0
   4 1967  84     0.   0.0   0.0   0.000   0.0   0.0
   4 1967  85     0.   0.0   0.0   0.000   0.0   0.0
   4 1967  86     0.   0.0   0.0   0.000   0.0   0.0
   4 1967  87     0.   0.0   0.0   0.000   0.0   0.0
   4 1967  88     0.   0.0   0.0   0.000   0.0   0.0
   4 1967  89     0.   0.0   0.0   0.000   0.0   0.0
   4 1967  90     0.   0.0   0.0   0.000   0.0   0.0
   4 1967  91     0.   0.0   0.0   0.000   0.0   0.0
   4 1967  92     0.   0.0   0.0   0.000   0.0   0.0
   4 1967  93     0.   0.0   0.0   0.000   0.0   0.0
   4 1967  94     0.   0.0   0.0   0.000   0.0   0.0
   4 1967  95     0.   0.0   0.0   0.000   0.0   0.0
   4 1967  96     0.   0.0   0.0   0.000   0.0   0.0
   4 1967  97     0.   0.0   0.0   0.000   0.0   0.0
   4 1967  98     0.   0.0   0.0   0.000   0.0   0.0
   4 1967  99     0.   0.0   0.0   0.000   0.0   0.0
   4 1967 100     0.   0.0   0.0   0.000   0.0   0.0
   4 1967 101     0.   0.0   0.0   0.000   0.0   0.0
   4 1967 102     0.   0.0   0.0   0.000   0.0   0.0
   4 1967 103     0.   0.0   0.0   0.000   0.0   0.0
   4 1967 104     0.   0.0   0.0   0.000   0.0   0.0
   4 1967 105     0.   0.0   0.0   0.000   0.0   0.0
   4 1967 106     0.   0.0   0.0   0.000   0.0   0.0
   4 1967 107     0.   0.0   0.0   0.000   0.0   0.0
   4 1967 108     0.   0.0   0.0   0.000   0.0   0.0
   4 1967 109     0.   0.0   0.0   0.000   0.0   0.0
   4 1967 110     0.   0.0   0.0   0.000   0.0   0.0
   4 1967 111     0.   0.0   0.0   0.000   0.0   0.0
   4 1967 112     0.   0.0   0.0   0.000   0.0   0.0
   4 1967 113     0.   0.0   0.0   0.000   0.0   0.0
   4 1967 114     0.   0.0   0.0   0.000   0.0   0.0
   4 1967 115     0.   0.0   0.0   0.000   0.0   0.0
   4 1967 116     0.   0.0   0.0   0.000   0.0   0.0
   4 1967 117     0.   0.0   0.0   0.000   0.0   0.0
   4 1967 118     0.   0.0   0.0   0.000   0.0   0.0
   4 1967 119     0.   0.0   0.0   0.000   0.0   0.0
   4 1967 120     0.   0.0   0.0   0.000   0.0   0.0
   4 1967 121     0.   0.0   0.0   0.000   0.0   0.0
   4 1967 122     0.   0.0   0.0   0.000   0.0   0.0
   4 1967 123     0.   0.0   0.0   0.000   0.0   0.4
   4 1967 124     0.   0.0   0.0   0.000   0.0   0.6
   4 1967 125     0.   0.0   0.0   0.000   0.0   0.0
   4 1967 126     0.   0.0   0.0   0.000   0.0   0.0
   4 1967 127     0.   0.0   0.0   0.000   0.0   0.0
   4 1967 128     0.   0.0   0.0   0.000   0.0   0.0
   4 1967 129     0.   0.0   0.0   0.000   0.0   0.0
   4 1967 130     0.   0.0   0.0   0.000   0.0   0.0
   4 1967 131     0.   0.0   0.0   0.000   0.0   0.0
   4 1967 132     0.   0.0   0.0   0.000   0.0   0.0
   4 1967 133     0.   0.0   0.0   0.000   0.0   0.0
   4 1967 134     0.   0.0   0.0   0.000   0.0   0.0
   4 1967 135     0.   0.0   0.0   0.000   0.0   0.0
   4 1967 136     0.   0.0   0.0   0.000   0.0   0.0
   4 1967 137     0.   0.0   0.0   0.000   0.0   0.0
   4 1967 138     0.   0.0   0.0   0.000   0.0   0.0
   4 1967 139     0.   0.0   0.0   0.000   0.0   0.0
   4 1967 140     0.   0.0   0.0   0.000   0.0   0.0
   4 1967 141     0.   0.0   0.0   0.000   0.0   0.0
   4 1967 142     0.   0.0   0.0   0.000   0.0   6.7
   4 1967 143     0.   0.0   0.0   0.000   0.0   0.0
   4 1967 144     0.   0.0   0.0   0.000   0.0   0.0
   4 1967 145     0.   0.0   0.0   0.000   0.0   0.0
   4 1967 146     0.   0.0   0.0   0.000   0.0   7.0
   4 1967 147     0.   0.0   0.0   0.000   0.0   0.0
   4 1967 148     0.   0.0   0.0   0.000   0.0   0.0
   4 1967 149     0.   0.0   0.0   0.000   0.0   0.0
   4 1967 150     0.   0.0   0.0   0.000   0.0   0.0
   4 1967 151     0.   0.0   0.0   0.000   0.0   0.0
   4 1967 152     0.   0.0   0.0   0.000   0.0   0.0
   4 1967 153     0.   0.0   0.0   0.000   0.0   0.0
   4 1967 154     0.   0.0   0.0   0.000   0.0   0.0
   4 1967 155     0.   0.0   0.0   0.000   0.0   0.0
   4 1967 156     0.   0.0   0.0   0.000   0.0   0.0
   4 1967 157     0.   0.0   0.0   0.000   0.0   0.0
   4 1967 158     0.   0.0   0.0   0.000   0.0   0.0
   4 1967 159     0.   0.0   0.0   0.000   0.0   0.0
   4 1967 160     0.   0.0   0.0   0.000   0.0   0.0
   4 1967 161     0.   0.0   0.0   0.000   0.0   0.0
   4 1967 162     0.   0.0   0.0   0.000   0.0   0.0
   4 1967 163     0.   0.0   0.0   0.000   0.0   0.0
   4 1967 164     0.   0.0   0.0   0.000   0.0   0.0
   4 1967 165     0.   0.0   0.0   0.000   0.0   0.0
   4 1967 166     0.   0.0   0.0   0.000   0.0   0.0
   4 1967 167     0.   0.0   0.0   0.000   0.0   0.0
   4 1967 168     0.   0.0   0.0   0.000   0.0   0.0
   4 1967 169     0.   0.0   0.0   0.000   0.0  20.0
   4 1967 170     0.   0.0   0.0   0.000   0.0   0.0
   4 1967 171     0.   0.0   0.0   0.000   0.0   0.0
   4 1967 172     0.   0.0   0.0   0.000   0.0   0.0
   4 1967 173     0.   0.0   0.0   0.000   0.0   3.4
   4 1967 174     0.   0.0   0.0   0.000   0.0   0.0
   4 1967 175     0.   0.0   0.0   0.000   0.0   0.0
   4 1967 176     0.   0.0   0.0   0.000   0.0   0.0
   4 1967 177     0.   0.0   0.0   0.000   0.0  51.0
   4 1967 178     0.   0.0   0.0   0.000   0.0   0.0
   4 1967 179     0.   0.0   0.0   0.000   0.0  31.0
   4 1967 180     0.   0.0   0.0   0.000   0.0   0.0
   4 1967 181     0.   0.0   0.0   0.000   0.0   0.0
   4 1967 182     0.   0.0   0.0   0.000   0.0   6.7
   4 1967 183     0.   0.0   0.0   0.000   0.0   0.0
   4 1967 184     0.   0.0   0.0   0.000   0.0   0.0
   4 1967 185     0.   0.0   0.0   0.000   0.0   0.0
   4 1967 186     0.   0.0   0.0   0.000   0.0   0.0
   4 1967 187     0.   0.0   0.0   0.000   0.0   0.0
   4 1967 188     0.   0.0   0.0   0.000   0.0   0.0
   4 1967 189     0.   0.0   0.0   0.000   0.0   0.0
   4 1967 190     0.   0.0   0.0   0.000   0.0  25.5
   4 1967 191     0.   0.0   0.0   0.000   0.0   0.0
   4 1967 192     0.   0.0   0.0   0.000   0.0   0.0
   4 1967 193     0.   0.0   0.0   0.000   0.0   0.0
   4 1967 194     0.   0.0   0.0   0.000   0.0   6.9
   4 1967 195     0.   0.0   0.0   0.000   0.0   0.0
   4 1967 196     0.   0.0   0.0   0.000   0.0   0.0
   4 1967 197     0.   0.0   0.0   0.000   0.0   0.0
   4 1967 198     0.   0.0   0.0   0.000   0.0   0.0
   4 1967 199     0.   0.0   0.0   0.000   0.0   0.0
   4 1967 200     0.   0.0   0.0   0.000   0.0   0.0
   4 1967 201     0.   0.0   0.0   0.000   0.0  22.7
   4 1967 202     0.   0.0   0.0   0.000   0.0   0.0
   4 1967 203     0.   0.0   0.0   0.000   0.0   0.0
   4 1967 204     0.   0.0   0.0   0.000   0.0  52.2
   4 1967 205     0.   0.0   0.0   0.000   0.0   0.0
   4 1967 206     0.   0.0   0.0   0.000   0.0   3.9
   4 1967 207     0.   0.0   0.0   0.000   0.0   0.0
   4 1967 208     0.   0.0   0.0   0.000   0.0   0.0
   4 1967 209     0.   0.0   0.0   0.000   0.0   0.0
   4 1967 210     0.   0.0   0.0   0.000   0.0   8.4
   4 1967 211     0.   0.0   0.0   0.000   0.0   0.0
   4 1967 212     0.   0.0   0.0   0.000   0.0   0.0
   4 1967 213     0.   0.0   0.0   0.000   0.0   0.0
   4 1967 214     0.   0.0   0.0   0.000   0.0  23.0
   4 1967 215     0.   0.0   0.0   0.000   0.0   0.0
   4 1967 216     0.   0.0   0.0   0.000   0.0   0.0
   4 1967 217     0.   0.0   0.0   0.000   0.0  28.4
   4 1967 218     0.   0.0   0.0   0.000   0.0   0.0
   4 1967 219     0.   0.0   0.0   0.000   0.0  71.0
   4 1967 220     0.   0.0   0.0   0.000   0.0   0.0
   4 1967 221     0.   0.0   0.0   0.000   0.0   7.9
   4 1967 222     0.   0.0   0.0   0.000   0.0  15.5
   4 1967 223     0.   0.0   0.0   0.000   0.0   0.0
   4 1967 224     0.   0.0   0.0   0.000   0.0   0.0
   4 1967 225     0.   0.0   0.0   0.000   0.0   0.0
   4 1967 226     0.   0.0   0.0   0.000   0.0   0.0
   4 1967 227     0.   0.0   0.0   0.000   0.0   0.0
   4 1967 228     0.   0.0   0.0   0.000   0.0   4.5
   4 1967 229     0.   0.0   0.0   0.000   0.0  12.7
   4 1967 230     0.   0.0   0.0   0.000   0.0   4.5
   4 1967 231     0.   0.0   0.0   0.000   0.0   0.0
   4 1967 232     0.   0.0   0.0   0.000   0.0  32.4
   4 1967 233     0.   0.0   0.0   0.000   0.0   0.0
   4 1967 234     0.   0.0   0.0   0.000   0.0  35.9
   4 1967 235     0.   0.0   0.0   0.000   0.0   0.5
   4 1967 236     0.   0.0   0.0   0.000   0.0   0.0
   4 1967 237     0.   0.0   0.0   0.000   0.0   0.0
   4 1967 238     0.   0.0   0.0   0.000   0.0   8.0
   4 1967 239     0.   0.0   0.0   0.000   0.0  14.0
   4 1967 240     0.   0.0   0.0   0.000   0.0   0.0
   4 1967 241     0.   0.0   0.0   0.000   0.0   4.3
   4 1967 242     0.   0.0   0.0   0.000   0.0   0.0
   4 1967 243     0.   0.0   0.0   0.000   0.0   6.0
   4 1967 244     0.   0.0   0.0   0.000   0.0   0.0
   4 1967 245     0.   0.0   0.0   0.000   0.0   0.0
   4 1967 246     0.   0.0   0.0   0.000   0.0   0.0
   4 1967 247     0.   0.0   0.0   0.000   0.0   0.0
   4 1967 248     0.   0.0   0.0   0.000   0.0   8.0
   4 1967 249     0.   0.0   0.0   0.000   0.0   0.0
   4 1967 250     0.   0.0   0.0   0.000   0.0   0.0
   4 1967 251     0.   0.0   0.0   0.000   0.0   0.0
   4 1967 252     0.   0.0   0.0   0.000   0.0   0.0
   4 1967 253     0.   0.0   0.0   0.000   0.0   0.0
   4 1967 254     0.   0.0   0.0   0.000   0.0   0.0
   4 1967 255     0.   0.0   0.0   0.000   0.0   4.2
   4 1967 256     0.   0.0   0.0   0.000   0.0   0.0
   4 1967 257     0.   0.0   0.0   0.000   0.0   5.2
   4 1967 258     0.   0.0   0.0   0.000   0.0  10.0
   4 1967 259     0.   0.0   0.0   0.000   0.0   0.0
   4 1967 260     0.   0.0   0.0   0.000   0.0   1.5
   4 1967 261     0.   0.0   0.0   0.000   0.0   0.0
   4 1967 262     0.   0.0   0.0   0.000   0.0   4.0
   4 1967 263     0.   0.0   0.0   0.000   0.0   0.0
   4 1967 264     0.   0.0   0.0   0.000   0.0   9.9
   4 1967 265     0.   0.0   0.0   0.000   0.0   0.0
   4 1967 266     0.   0.0   0.0   0.000   0.0   4.8
   4 1967 267     0.   0.0   0.0   0.000   0.0  11.5
   4 1967 268     0.   0.0   0.0   0.000   0.0   0.0
   4 1967 269     0.   0.0   0.0   0.000   0.0   0.0
   4 1967 270     0.   0.0   0.0   0.000   0.0   0.0
   4 1967 271     0.   0.0   0.0   0.000   0.0   0.0
   4 1967 272     0.   0.0   0.0   0.000   0.0   0.0
   4 1967 273     0.   0.0   0.0   0.000   0.0   0.0
   4 1967 274     0.   0.0   0.0   0.000   0.0   0.0
   4 1967 275     0.   0.0   0.0   0.000   0.0   0.0
   4 1967 276     0.   0.0   0.0   0.000   0.0   0.0
   4 1967 277     0.   0.0   0.0   0.000   0.0   0.0
   4 1967 278     0.   0.0   0.0   0.000   0.0   0.0
   4 1967 279     0.   0.0   0.0   0.000   0.0   0.0
   4 1967 280     0.   0.0   0.0   0.000   0.0   7.1
   4 1967 281     0.   0.0   0.0   0.000   0.0  12.3
   4 1967 282     0.   0.0   0.0   0.000   0.0   0.0
   4 1967 283     0.   0.0   0.0   0.000   0.0   3.9
   4 1967 284     0.   0.0   0.0   0.000   0.0   0.0
   4 1967 285     0.   0.0   0.0   0.000   0.0   0.0
   4 1967 286     0.   0.0   0.0   0.000   0.0   0.0
   4 1967 287     0.   0.0   0.0   0.000   0.0   0.0
   4 1967 288     0.   0.0   0.0   0.000   0.0   0.0
   4 1967 289     0.   0.0   0.0   0.000   0.0   7.5
   4 1967 290     0.   0.0   0.0   0.000   0.0   0.0
   4 1967 291     0.   0.0   0.0   0.000   0.0   0.0
   4 1967 292     0.   0.0   0.0   0.000   0.0   0.0
   4 1967 293     0.   0.0   0.0   0.000   0.0   0.0
   4 1967 294     0.   0.0   0.0   0.000   0.0   0.0
   4 1967 295     0.   0.0   0.0   0.000   0.0   0.0
   4 1967 296     0.   0.0   0.0   0.000   0.0   0.0
   4 1967 297     0.   0.0   0.0   0.000   0.0   0.0
   4 1967 298     0.   0.0   0.0   0.000   0.0   0.0
   4 1967 299     0.   0.0   0.0   0.000   0.0   0.0
   4 1967 300     0.   0.0   0.0   0.000   0.0   0.0
   4 1967 301     0.   0.0   0.0   0.000   0.0   0.0
   4 1967 302     0.   0.0   0.0   0.000   0.0   0.0
   4 1967 303     0.   0.0   0.0   0.000   0.0   0.0
   4 1967 304     0.   0.0   0.0   0.000   0.0   0.0
   4 1967 305     0.   0.0   0.0   0.000   0.0   0.0
   4 1967 306     0.   0.0   0.0   0.000   0.0   0.0
   4 1967 307     0.   0.0   0.0   0.000   0.0   0.0
   4 1967 308     0.   0.0   0.0   0.000   0.0   0.0
   4 1967 309     0.   0.0   0.0   0.000   0.0   0.0
   4 1967 310     0.   0.0   0.0   0.000   0.0   0.0
   4 1967 311     0.   0.0   0.0   0.000   0.0   0.0
   4 1967 312     0.   0.0   0.0   0.000   0.0   0.0
   4 1967 313     0.   0.0   0.0   0.000   0.0   0.0
   4 1967 314     0.   0.0   0.0   0.000   0.0   0.0
   4 1967 315     0.   0.0   0.0   0.000   0.0   0.0
   4 1967 316     0.   0.0   0.0   0.000   0.0   0.0
   4 1967 317     0.   0.0   0.0   0.000   0.0   0.0
   4 1967 318     0.   0.0   0.0   0.000   0.0   0.0
   4 1967 319     0.   0.0   0.0   0.000   0.0   0.0
   4 1967 320     0.   0.0   0.0   0.000   0.0   0.0
   4 1967 321     0.   0.0   0.0   0.000   0.0   0.0
   4 1967 322     0.   0.0   0.0   0.000   0.0   0.0
   4 1967 323     0.   0.0   0.0   0.000   0.0   0.0
   4 1967 324     0.   0.0   0.0   0.000   0.0   0.0
   4 1967 325     0.   0.0   0.0   0.000   0.0   0.0
   4 1967 326     0.   0.0   0.0   0.000   0.0   0.0
   4 1967 327     0.   0.0   0.0   0.000   0.0   0.0
   4 1967 328     0.   0.0   0.0   0.000   0.0   0.0
   4 1967 329     0.   0.0   0.0   0.000   0.0   0.0
   4 1967 330     0.   0.0   0.0   0.000   0.0   0.0
   4 1967 331     0.   0.0   0.0   0.000   0.0   0.0
   4 1967 332     0.   0.0   0.0   0.000   0.0   0.0
   4 1967 333     0.   0.0   0.0   0.000   0.0   0.0
   4 1967 334     0.   0.0   0.0   0.000   0.0   0.0
   4 1967 335     0.   0.0   0.0   0.000   0.0   0.0
   4 1967 336     0.   0.0   0.0   0.000   0.0   0.0
   4 1967 337     0.   0.0   0.0   0.000   0.0   0.0
   4 1967 338     0.   0.0   0.0   0.000   0.0   0.0
   4 1967 339     0.   0.0   0.0   0.000   0.0   0.0
   4 1967 340     0.   0.0   0.0   0.000   0.0   0.0
   4 1967 341     0.   0.0   0.0   0.000   0.0   0.0
   4 1967 342     0.   0.0   0.0   0.000   0.0   0.0
   4 1967 343     0.   0.0   0.0   0.000   0.0   0.0
   4 1967 344     0.   0.0   0.0   0.000   0.0   0.0
   4 1967 345     0.   0.0   0.0   0.000   0.0   0.0
   4 1967 346     0.   0.0   0.0   0.000   0.0   0.0
   4 1967 347     0.   0.0   0.0   0.000   0.0   0.0
   4 1967 348     0.   0.0   0.0   0.000   0.0   0.0
   4 1967 349     0.   0.0   0.0   0.000   0.0   0.0
   4 1967 350     0.   0.0   0.0   0.000   0.0   0.0
   4 1967 351     0.   0.0   0.0   0.000   0.0   0.0
   4 1967 352     0.   0.0   0.0   0.000   0.0   0.0
   4 1967 353     0.   0.0   0.0   0.000   0.0   0.0
   4 1967 354     0.   0.0   0.0   0.000   0.0   0.0
   4 1967 355     0.   0.0   0.0   0.000   0.0   0.0
   4 1967 356     0.   0.0   0.0   0.000   0.0   0.0
   4 1967 357     0.   0.0   0.0   0.000   0.0   0.0
   4 1967 358     0.   0.0   0.0   0.000   0.0   0.0
   4 1967 359     0.   0.0   0.0   0.000   0.0   0.0
   4 1967 360     0.   0.0   0.0   0.000   0.0   0.0
   4 1967 361     0.   0.0   0.0   0.000   0.0   0.0
   4 1967 362     0.   0.0   0.0   0.000   0.0   0.0
   4 1967 363     0.   0.0   0.0   0.000   0.0   0.0
   4 1967 364     0.   0.0   0.0   0.000   0.0   0.0
   4 1967 365     0.   0.0   0.0   0.000   0.0   0.0
