*---------------------------------------------------------------------------*
* Station name: Bankass, Mopti-region, Mali
* Year: 1962
* Author: Olaf Erenstein & Willem Stol
* Source: Meteorological Service, Mali
* Comments: Daily raindata
*
* Longitude:   3 31 W
* Latitude:   14 04 N
* Altitude:     294 m
*
* Column  Daily value
* 1       station number
* 2       year
* 3       day
* 4       irradiation                   (kJ m-2 d-1)
* 5       minimum temperature           (degrees Celsius)
* 6       maximum temperature           (degrees Celsius)
* 7       early morning vapour pressure (kPa)
* 8       mean wind speed (height: 2 m) (m s-1)
* 9       precipitation                 (mm d-1)
*---------------------------------------------------------------------------*
  -3.52  14.07   294. 0.00 0.00
   3 1962   1      4     4     4       4     4     4
   3 1962   1     0.   0.0   0.0   0.000   0.0   0.0
   3 1962   2     0.   0.0   0.0   0.000   0.0   0.0
   3 1962   3     0.   0.0   0.0   0.000   0.0   0.0
   3 1962   4     0.   0.0   0.0   0.000   0.0   0.0
   3 1962   5     0.   0.0   0.0   0.000   0.0   0.0
   3 1962   6     0.   0.0   0.0   0.000   0.0   0.0
   3 1962   7     0.   0.0   0.0   0.000   0.0   0.0
   3 1962   8     0.   0.0   0.0   0.000   0.0   0.0
   3 1962   9     0.   0.0   0.0   0.000   0.0   0.0
   3 1962  10     0.   0.0   0.0   0.000   0.0   0.0
   3 1962  11     0.   0.0   0.0   0.000   0.0   0.0
   3 1962  12     0.   0.0   0.0   0.000   0.0   0.0
   3 1962  13     0.   0.0   0.0   0.000   0.0   0.0
   3 1962  14     0.   0.0   0.0   0.000   0.0   0.0
   3 1962  15     0.   0.0   0.0   0.000   0.0   0.0
   3 1962  16     0.   0.0   0.0   0.000   0.0   0.0
   3 1962  17     0.   0.0   0.0   0.000   0.0   0.0
   3 1962  18     0.   0.0   0.0   0.000   0.0   0.0
   3 1962  19     0.   0.0   0.0   0.000   0.0   0.0
   3 1962  20     0.   0.0   0.0   0.000   0.0   0.0
   3 1962  21     0.   0.0   0.0   0.000   0.0   0.0
   3 1962  22     0.   0.0   0.0   0.000   0.0   0.0
   3 1962  23     0.   0.0   0.0   0.000   0.0   0.0
   3 1962  24     0.   0.0   0.0   0.000   0.0   0.0
   3 1962  25     0.   0.0   0.0   0.000   0.0   0.0
   3 1962  26     0.   0.0   0.0   0.000   0.0   0.0
   3 1962  27     0.   0.0   0.0   0.000   0.0   0.0
   3 1962  28     0.   0.0   0.0   0.000   0.0   0.0
   3 1962  29     0.   0.0   0.0   0.000   0.0   0.0
   3 1962  30     0.   0.0   0.0   0.000   0.0   0.0
   3 1962  31     0.   0.0   0.0   0.000   0.0   0.0
   3 1962  32     0.   0.0   0.0   0.000   0.0   0.0
   3 1962  33     0.   0.0   0.0   0.000   0.0   0.0
   3 1962  34     0.   0.0   0.0   0.000   0.0   0.0
   3 1962  35     0.   0.0   0.0   0.000   0.0   0.0
   3 1962  36     0.   0.0   0.0   0.000   0.0   0.0
   3 1962  37     0.   0.0   0.0   0.000   0.0   0.0
   3 1962  38     0.   0.0   0.0   0.000   0.0   0.0
   3 1962  39     0.   0.0   0.0   0.000   0.0   0.0
   3 1962  40     0.   0.0   0.0   0.000   0.0   0.0
   3 1962  41     0.   0.0   0.0   0.000   0.0   0.0
   3 1962  42     0.   0.0   0.0   0.000   0.0   0.0
   3 1962  43     0.   0.0   0.0   0.000   0.0   0.0
   3 1962  44     0.   0.0   0.0   0.000   0.0   0.0
   3 1962  45     0.   0.0   0.0   0.000   0.0   0.0
   3 1962  46     0.   0.0   0.0   0.000   0.0   0.0
   3 1962  47     0.   0.0   0.0   0.000   0.0   0.0
   3 1962  48     0.   0.0   0.0   0.000   0.0   0.0
   3 1962  49     0.   0.0   0.0   0.000   0.0   0.0
   3 1962  50     0.   0.0   0.0   0.000   0.0   0.0
   3 1962  51     0.   0.0   0.0   0.000   0.0   0.0
   3 1962  52     0.   0.0   0.0   0.000   0.0   0.0
   3 1962  53     0.   0.0   0.0   0.000   0.0   0.0
   3 1962  54     0.   0.0   0.0   0.000   0.0   0.0
   3 1962  55     0.   0.0   0.0   0.000   0.0   0.0
   3 1962  56     0.   0.0   0.0   0.000   0.0   0.0
   3 1962  57     0.   0.0   0.0   0.000   0.0   0.0
   3 1962  58     0.   0.0   0.0   0.000   0.0   0.0
   3 1962  59     0.   0.0   0.0   0.000   0.0   0.0
   3 1962  60     0.   0.0   0.0   0.000   0.0   0.0
   3 1962  61     0.   0.0   0.0   0.000   0.0   0.0
   3 1962  62     0.   0.0   0.0   0.000   0.0   0.0
   3 1962  63     0.   0.0   0.0   0.000   0.0   0.0
   3 1962  64     0.   0.0   0.0   0.000   0.0   0.0
   3 1962  65     0.   0.0   0.0   0.000   0.0   0.0
   3 1962  66     0.   0.0   0.0   0.000   0.0   0.0
   3 1962  67     0.   0.0   0.0   0.000   0.0   0.0
   3 1962  68     0.   0.0   0.0   0.000   0.0   0.0
   3 1962  69     0.   0.0   0.0   0.000   0.0   0.0
   3 1962  70     0.   0.0   0.0   0.000   0.0   0.0
   3 1962  71     0.   0.0   0.0   0.000   0.0   0.0
   3 1962  72     0.   0.0   0.0   0.000   0.0   0.0
   3 1962  73     0.   0.0   0.0   0.000   0.0   0.0
   3 1962  74     0.   0.0   0.0   0.000   0.0   0.0
   3 1962  75     0.   0.0   0.0   0.000   0.0   0.0
   3 1962  76     0.   0.0   0.0   0.000   0.0   0.0
   3 1962  77     0.   0.0   0.0   0.000   0.0   0.0
   3 1962  78     0.   0.0   0.0   0.000   0.0   0.0
   3 1962  79     0.   0.0   0.0   0.000   0.0   0.0
   3 1962  80     0.   0.0   0.0   0.000   0.0   0.0
   3 1962  81     0.   0.0   0.0   0.000   0.0   0.0
   3 1962  82     0.   0.0   0.0   0.000   0.0   0.0
   3 1962  83     0.   0.0   0.0   0.000   0.0   0.0
   3 1962  84     0.   0.0   0.0   0.000   0.0   0.0
   3 1962  85     0.   0.0   0.0   0.000   0.0   0.0
   3 1962  86     0.   0.0   0.0   0.000   0.0   0.0
   3 1962  87     0.   0.0   0.0   0.000   0.0   0.0
   3 1962  88     0.   0.0   0.0   0.000   0.0   0.0
   3 1962  89     0.   0.0   0.0   0.000   0.0   0.0
   3 1962  90     0.   0.0   0.0   0.000   0.0   0.0
   3 1962  91     0.   0.0   0.0   0.000   0.0   0.0
   3 1962  92     0.   0.0   0.0   0.000   0.0   0.0
   3 1962  93     0.   0.0   0.0   0.000   0.0   0.0
   3 1962  94     0.   0.0   0.0   0.000   0.0   0.0
   3 1962  95     0.   0.0   0.0   0.000   0.0   0.0
   3 1962  96     0.   0.0   0.0   0.000   0.0   0.0
   3 1962  97     0.   0.0   0.0   0.000   0.0   0.0
   3 1962  98     0.   0.0   0.0   0.000   0.0   0.0
   3 1962  99     0.   0.0   0.0   0.000   0.0   0.0
   3 1962 100     0.   0.0   0.0   0.000   0.0   0.0
   3 1962 101     0.   0.0   0.0   0.000   0.0   0.0
   3 1962 102     0.   0.0   0.0   0.000   0.0   0.0
   3 1962 103     0.   0.0   0.0   0.000   0.0   0.0
   3 1962 104     0.   0.0   0.0   0.000   0.0   0.0
   3 1962 105     0.   0.0   0.0   0.000   0.0   0.0
   3 1962 106     0.   0.0   0.0   0.000   0.0   0.0
   3 1962 107     0.   0.0   0.0   0.000   0.0   0.0
   3 1962 108     0.   0.0   0.0   0.000   0.0   0.0
   3 1962 109     0.   0.0   0.0   0.000   0.0   0.0
   3 1962 110     0.   0.0   0.0   0.000   0.0   8.8
   3 1962 111     0.   0.0   0.0   0.000   0.0   0.0
   3 1962 112     0.   0.0   0.0   0.000   0.0   0.0
   3 1962 113     0.   0.0   0.0   0.000   0.0   0.0
   3 1962 114     0.   0.0   0.0   0.000   0.0   0.0
   3 1962 115     0.   0.0   0.0   0.000   0.0   0.0
   3 1962 116     0.   0.0   0.0   0.000   0.0   0.0
   3 1962 117     0.   0.0   0.0   0.000   0.0   0.0
   3 1962 118     0.   0.0   0.0   0.000   0.0   0.0
   3 1962 119     0.   0.0   0.0   0.000   0.0   0.0
   3 1962 120     0.   0.0   0.0   0.000   0.0   0.0
   3 1962 121      4     4     4       4     4     1
   3 1962 121     0.   0.0   0.0   0.000   0.0   0.0
   3 1962 122     0.   0.0   0.0   0.000   0.0   0.9
   3 1962 123     0.   0.0   0.0   0.000   0.0   0.0
   3 1962 124     0.   0.0   0.0   0.000   0.0   0.0
   3 1962 125     0.   0.0   0.0   0.000   0.0   0.0
   3 1962 126     0.   0.0   0.0   0.000   0.0   0.0
   3 1962 127     0.   0.0   0.0   0.000   0.0   0.0
   3 1962 128     0.   0.0   0.0   0.000   0.0   0.0
   3 1962 129     0.   0.0   0.0   0.000   0.0   0.0
   3 1962 130     0.   0.0   0.0   0.000   0.0   0.0
   3 1962 131     0.   0.0   0.0   0.000   0.0   0.0
   3 1962 132     0.   0.0   0.0   0.000   0.0   0.0
   3 1962 133     0.   0.0   0.0   0.000   0.0   0.0
   3 1962 134     0.   0.0   0.0   0.000   0.0   0.0
   3 1962 135     0.   0.0   0.0   0.000   0.0   0.0
   3 1962 136     0.   0.0   0.0   0.000   0.0   2.5
   3 1962 137     0.   0.0   0.0   0.000   0.0   0.0
   3 1962 138     0.   0.0   0.0   0.000   0.0   0.0
   3 1962 139     0.   0.0   0.0   0.000   0.0   0.0
   3 1962 140     0.   0.0   0.0   0.000   0.0   0.0
   3 1962 141     0.   0.0   0.0   0.000   0.0   6.7
   3 1962 142     0.   0.0   0.0   0.000   0.0   0.0
   3 1962 143     0.   0.0   0.0   0.000   0.0   0.0
   3 1962 144     0.   0.0   0.0   0.000   0.0   0.0
   3 1962 145     0.   0.0   0.0   0.000   0.0   0.0
   3 1962 146     0.   0.0   0.0   0.000   0.0   0.0
   3 1962 147     0.   0.0   0.0   0.000   0.0   0.0
   3 1962 148     0.   0.0   0.0   0.000   0.0   1.6
   3 1962 149     0.   0.0   0.0   0.000   0.0   0.0
   3 1962 150     0.   0.0   0.0   0.000   0.0   0.0
   3 1962 151     0.   0.0   0.0   0.000   0.0   0.0
   3 1962 152     0.   0.0   0.0   0.000   0.0   1.4
   3 1962 153     0.   0.0   0.0   0.000   0.0   0.0
   3 1962 154     0.   0.0   0.0   0.000   0.0   0.0
   3 1962 155     0.   0.0   0.0   0.000   0.0   0.0
   3 1962 156     0.   0.0   0.0   0.000   0.0   0.0
   3 1962 157     0.   0.0   0.0   0.000   0.0   0.0
   3 1962 158     0.   0.0   0.0   0.000   0.0   1.8
   3 1962 159     0.   0.0   0.0   0.000   0.0   6.0
   3 1962 160     0.   0.0   0.0   0.000   0.0   0.0
   3 1962 161     0.   0.0   0.0   0.000   0.0   0.0
   3 1962 162     0.   0.0   0.0   0.000   0.0   0.0
   3 1962 163     0.   0.0   0.0   0.000   0.0   0.0
   3 1962 164     0.   0.0   0.0   0.000   0.0   0.0
   3 1962 165     0.   0.0   0.0   0.000   0.0   0.0
   3 1962 166     0.   0.0   0.0   0.000   0.0   0.0
   3 1962 167     0.   0.0   0.0   0.000   0.0   3.8
   3 1962 168     0.   0.0   0.0   0.000   0.0   4.9
   3 1962 169     0.   0.0   0.0   0.000   0.0   0.0
   3 1962 170     0.   0.0   0.0   0.000   0.0   8.8
   3 1962 171     0.   0.0   0.0   0.000   0.0   0.0
   3 1962 172     0.   0.0   0.0   0.000   0.0   0.9
   3 1962 173     0.   0.0   0.0   0.000   0.0   0.0
   3 1962 174     0.   0.0   0.0   0.000   0.0   1.8
   3 1962 175     0.   0.0   0.0   0.000   0.0   0.6
   3 1962 176     0.   0.0   0.0   0.000   0.0   1.7
   3 1962 177     0.   0.0   0.0   0.000   0.0   0.0
   3 1962 178     0.   0.0   0.0   0.000   0.0   0.0
   3 1962 179     0.   0.0   0.0   0.000   0.0   0.0
   3 1962 180     0.   0.0   0.0   0.000   0.0   0.0
   3 1962 181     0.   0.0   0.0   0.000   0.0   4.7
   3 1962 182     0.   0.0   0.0   0.000   0.0   5.0
   3 1962 183     0.   0.0   0.0   0.000   0.0   0.0
   3 1962 184     0.   0.0   0.0   0.000   0.0   0.0
   3 1962 185     0.   0.0   0.0   0.000   0.0   0.0
   3 1962 186     0.   0.0   0.0   0.000   0.0   0.0
   3 1962 187     0.   0.0   0.0   0.000   0.0   0.8
   3 1962 188     0.   0.0   0.0   0.000   0.0   0.0
   3 1962 189     0.   0.0   0.0   0.000   0.0   0.0
   3 1962 190     0.   0.0   0.0   0.000   0.0  31.0
   3 1962 191     0.   0.0   0.0   0.000   0.0   2.4
   3 1962 192     0.   0.0   0.0   0.000   0.0  46.2
   3 1962 193     0.   0.0   0.0   0.000   0.0   0.0
   3 1962 194     0.   0.0   0.0   0.000   0.0   0.0
   3 1962 195     0.   0.0   0.0   0.000   0.0   0.0
   3 1962 196     0.   0.0   0.0   0.000   0.0  23.3
   3 1962 197     0.   0.0   0.0   0.000   0.0   0.0
   3 1962 198     0.   0.0   0.0   0.000   0.0  37.7
   3 1962 199     0.   0.0   0.0   0.000   0.0   0.0
   3 1962 200     0.   0.0   0.0   0.000   0.0   0.0
   3 1962 201     0.   0.0   0.0   0.000   0.0   0.0
   3 1962 202     0.   0.0   0.0   0.000   0.0   0.0
   3 1962 203     0.   0.0   0.0   0.000   0.0  62.2
   3 1962 204     0.   0.0   0.0   0.000   0.0   0.0
   3 1962 205     0.   0.0   0.0   0.000   0.0   0.0
   3 1962 206     0.   0.0   0.0   0.000   0.0   8.2
   3 1962 207     0.   0.0   0.0   0.000   0.0  33.2
   3 1962 208     0.   0.0   0.0   0.000   0.0   6.7
   3 1962 209     0.   0.0   0.0   0.000   0.0   0.0
   3 1962 210     0.   0.0   0.0   0.000   0.0   0.0
   3 1962 211     0.   0.0   0.0   0.000   0.0   0.0
   3 1962 212     0.   0.0   0.0   0.000   0.0   0.0
   3 1962 213     0.   0.0   0.0   0.000   0.0  34.7
   3 1962 214     0.   0.0   0.0   0.000   0.0   1.8
   3 1962 215     0.   0.0   0.0   0.000   0.0   0.0
   3 1962 216     0.   0.0   0.0   0.000   0.0   0.0
   3 1962 217     0.   0.0   0.0   0.000   0.0   1.8
   3 1962 218     0.   0.0   0.0   0.000   0.0   1.9
   3 1962 219     0.   0.0   0.0   0.000   0.0  26.3
   3 1962 220     0.   0.0   0.0   0.000   0.0   0.0
   3 1962 221     0.   0.0   0.0   0.000   0.0   0.0
   3 1962 222     0.   0.0   0.0   0.000   0.0   0.0
   3 1962 223     0.   0.0   0.0   0.000   0.0   0.0
   3 1962 224     0.   0.0   0.0   0.000   0.0   5.5
   3 1962 225     0.   0.0   0.0   0.000   0.0   0.0
   3 1962 226     0.   0.0   0.0   0.000   0.0  41.2
   3 1962 227     0.   0.0   0.0   0.000   0.0   0.0
   3 1962 228     0.   0.0   0.0   0.000   0.0  17.3
   3 1962 229     0.   0.0   0.0   0.000   0.0   0.0
   3 1962 230     0.   0.0   0.0   0.000   0.0   0.0
   3 1962 231     0.   0.0   0.0   0.000   0.0   0.0
   3 1962 232     0.   0.0   0.0   0.000   0.0   7.5
   3 1962 233     0.   0.0   0.0   0.000   0.0   0.8
   3 1962 234     0.   0.0   0.0   0.000   0.0   0.0
   3 1962 235     0.   0.0   0.0   0.000   0.0   0.0
   3 1962 236     0.   0.0   0.0   0.000   0.0   0.0
   3 1962 237     0.   0.0   0.0   0.000   0.0  56.2
   3 1962 238     0.   0.0   0.0   0.000   0.0  39.6
   3 1962 239     0.   0.0   0.0   0.000   0.0   0.9
   3 1962 240     0.   0.0   0.0   0.000   0.0   4.4
   3 1962 241     0.   0.0   0.0   0.000   0.0  23.9
   3 1962 242     0.   0.0   0.0   0.000   0.0   3.8
   3 1962 243     0.   0.0   0.0   0.000   0.0  20.5
   3 1962 244     0.   0.0   0.0   0.000   0.0  26.8
   3 1962 245     0.   0.0   0.0   0.000   0.0   0.0
   3 1962 246     0.   0.0   0.0   0.000   0.0   1.4
   3 1962 247     0.   0.0   0.0   0.000   0.0   0.0
   3 1962 248     0.   0.0   0.0   0.000   0.0   0.0
   3 1962 249     0.   0.0   0.0   0.000   0.0   0.0
   3 1962 250     0.   0.0   0.0   0.000   0.0   0.0
   3 1962 251     0.   0.0   0.0   0.000   0.0   0.0
   3 1962 252     0.   0.0   0.0   0.000   0.0   0.0
   3 1962 253     0.   0.0   0.0   0.000   0.0   0.0
   3 1962 254     0.   0.0   0.0   0.000   0.0   0.0
   3 1962 255     0.   0.0   0.0   0.000   0.0   0.0
   3 1962 256     0.   0.0   0.0   0.000   0.0   0.0
   3 1962 257     0.   0.0   0.0   0.000   0.0   9.1
   3 1962 258     0.   0.0   0.0   0.000   0.0   0.0
   3 1962 259     0.   0.0   0.0   0.000   0.0   0.0
   3 1962 260     0.   0.0   0.0   0.000   0.0   0.0
   3 1962 261     0.   0.0   0.0   0.000   0.0   7.5
   3 1962 262     0.   0.0   0.0   0.000   0.0   0.0
   3 1962 263     0.   0.0   0.0   0.000   0.0   4.6
   3 1962 264     0.   0.0   0.0   0.000   0.0   0.0
   3 1962 265     0.   0.0   0.0   0.000   0.0   0.0
   3 1962 266     0.   0.0   0.0   0.000   0.0   0.0
   3 1962 267     0.   0.0   0.0   0.000   0.0   0.0
   3 1962 268     0.   0.0   0.0   0.000   0.0   0.0
   3 1962 269     0.   0.0   0.0   0.000   0.0   0.0
   3 1962 270     0.   0.0   0.0   0.000   0.0   0.0
   3 1962 271     0.   0.0   0.0   0.000   0.0   0.0
   3 1962 272     0.   0.0   0.0   0.000   0.0   4.1
   3 1962 273     0.   0.0   0.0   0.000   0.0   0.0
   3 1962 274     0.   0.0   0.0   0.000   0.0   0.0
   3 1962 275     0.   0.0   0.0   0.000   0.0   0.0
   3 1962 276     0.   0.0   0.0   0.000   0.0   0.0
   3 1962 277     0.   0.0   0.0   0.000   0.0   0.0
   3 1962 278     0.   0.0   0.0   0.000   0.0   0.0
   3 1962 279     0.   0.0   0.0   0.000   0.0   8.7
   3 1962 280     0.   0.0   0.0   0.000   0.0   0.0
   3 1962 281     0.   0.0   0.0   0.000   0.0   0.0
   3 1962 282     0.   0.0   0.0   0.000   0.0   0.0
   3 1962 283     0.   0.0   0.0   0.000   0.0   0.0
   3 1962 284     0.   0.0   0.0   0.000   0.0   2.3
   3 1962 285     0.   0.0   0.0   0.000   0.0   1.0
   3 1962 286     0.   0.0   0.0   0.000   0.0   2.4
   3 1962 287     0.   0.0   0.0   0.000   0.0   0.0
   3 1962 288     0.   0.0   0.0   0.000   0.0   1.6
   3 1962 289     0.   0.0   0.0   0.000   0.0   0.0
   3 1962 290     0.   0.0   0.0   0.000   0.0   0.0
   3 1962 291     0.   0.0   0.0   0.000   0.0   0.0
   3 1962 292     0.   0.0   0.0   0.000   0.0   0.0
   3 1962 293     0.   0.0   0.0   0.000   0.0   0.0
   3 1962 294     0.   0.0   0.0   0.000   0.0   1.4
   3 1962 295     0.   0.0   0.0   0.000   0.0   0.0
   3 1962 296     0.   0.0   0.0   0.000   0.0   0.0
   3 1962 297     0.   0.0   0.0   0.000   0.0   0.0
   3 1962 298     0.   0.0   0.0   0.000   0.0   0.0
   3 1962 299     0.   0.0   0.0   0.000   0.0   0.0
   3 1962 300     0.   0.0   0.0   0.000   0.0   0.0
   3 1962 301     0.   0.0   0.0   0.000   0.0   0.0
   3 1962 302     0.   0.0   0.0   0.000   0.0   0.0
   3 1962 303     0.   0.0   0.0   0.000   0.0   0.0
   3 1962 304     0.   0.0   0.0   0.000   0.0   0.0
   3 1962 305      4     4     4       4     4     4
   3 1962 305     0.   0.0   0.0   0.000   0.0   0.0
   3 1962 306     0.   0.0   0.0   0.000   0.0   0.0
   3 1962 307     0.   0.0   0.0   0.000   0.0   0.0
   3 1962 308     0.   0.0   0.0   0.000   0.0   0.0
   3 1962 309     0.   0.0   0.0   0.000   0.0   4.5
   3 1962 310     0.   0.0   0.0   0.000   0.0  13.6
   3 1962 311     0.   0.0   0.0   0.000   0.0   0.0
   3 1962 312     0.   0.0   0.0   0.000   0.0   0.0
   3 1962 313     0.   0.0   0.0   0.000   0.0   0.0
   3 1962 314     0.   0.0   0.0   0.000   0.0   0.0
   3 1962 315     0.   0.0   0.0   0.000   0.0   0.0
   3 1962 316     0.   0.0   0.0   0.000   0.0   0.0
   3 1962 317     0.   0.0   0.0   0.000   0.0   0.0
   3 1962 318     0.   0.0   0.0   0.000   0.0   0.0
   3 1962 319     0.   0.0   0.0   0.000   0.0   0.0
   3 1962 320     0.   0.0   0.0   0.000   0.0   0.0
   3 1962 321     0.   0.0   0.0   0.000   0.0   0.0
   3 1962 322     0.   0.0   0.0   0.000   0.0   0.0
   3 1962 323     0.   0.0   0.0   0.000   0.0   0.0
   3 1962 324     0.   0.0   0.0   0.000   0.0   0.0
   3 1962 325     0.   0.0   0.0   0.000   0.0   0.0
   3 1962 326     0.   0.0   0.0   0.000   0.0   0.0
   3 1962 327     0.   0.0   0.0   0.000   0.0   0.0
   3 1962 328     0.   0.0   0.0   0.000   0.0   0.0
   3 1962 329     0.   0.0   0.0   0.000   0.0   0.0
   3 1962 330     0.   0.0   0.0   0.000   0.0   0.0
   3 1962 331     0.   0.0   0.0   0.000   0.0   0.0
   3 1962 332     0.   0.0   0.0   0.000   0.0   0.0
   3 1962 333     0.   0.0   0.0   0.000   0.0   0.0
   3 1962 334     0.   0.0   0.0   0.000   0.0   0.0
   3 1962 335     0.   0.0   0.0   0.000   0.0   0.0
   3 1962 336     0.   0.0   0.0   0.000   0.0   0.0
   3 1962 337     0.   0.0   0.0   0.000   0.0   0.0
   3 1962 338     0.   0.0   0.0   0.000   0.0   0.0
   3 1962 339     0.   0.0   0.0   0.000   0.0   0.0
   3 1962 340     0.   0.0   0.0   0.000   0.0   0.0
   3 1962 341     0.   0.0   0.0   0.000   0.0   0.0
   3 1962 342     0.   0.0   0.0   0.000   0.0   0.0
   3 1962 343     0.   0.0   0.0   0.000   0.0   0.0
   3 1962 344     0.   0.0   0.0   0.000   0.0   0.0
   3 1962 345     0.   0.0   0.0   0.000   0.0   0.0
   3 1962 346     0.   0.0   0.0   0.000   0.0   0.0
   3 1962 347     0.   0.0   0.0   0.000   0.0   0.0
   3 1962 348     0.   0.0   0.0   0.000   0.0   0.0
   3 1962 349     0.   0.0   0.0   0.000   0.0   0.0
   3 1962 350     0.   0.0   0.0   0.000   0.0   0.0
   3 1962 351     0.   0.0   0.0   0.000   0.0   0.0
   3 1962 352     0.   0.0   0.0   0.000   0.0   0.0
   3 1962 353     0.   0.0   0.0   0.000   0.0   0.0
   3 1962 354     0.   0.0   0.0   0.000   0.0   0.0
   3 1962 355     0.   0.0   0.0   0.000   0.0   0.0
   3 1962 356     0.   0.0   0.0   0.000   0.0   0.0
   3 1962 357     0.   0.0   0.0   0.000   0.0   0.0
   3 1962 358     0.   0.0   0.0   0.000   0.0   0.0
   3 1962 359     0.   0.0   0.0   0.000   0.0   0.0
   3 1962 360     0.   0.0   0.0   0.000   0.0   0.0
   3 1962 361     0.   0.0   0.0   0.000   0.0   0.0
   3 1962 362     0.   0.0   0.0   0.000   0.0   0.0
   3 1962 363     0.   0.0   0.0   0.000   0.0   0.0
   3 1962 364     0.   0.0   0.0   0.000   0.0   0.0
   3 1962 365     0.   0.0   0.0   0.000   0.0   0.0
