*---------------------------------------------------------------------------*
* Station name: Mopti-Sevare, Mopti-region, Mali
* Year: 1976
* Author: Olaf Erenstein & Willem Stol
* Source: Meteo Mali
* Comments: Daily raindata, others monthly means
*
* Longitude: 04 06 W
* Latitude:  14 31 N
* Altitude:    271 m
*
* Column  Daily value
* 1       station number
* 2       year
* 3       day
* 4       irradiation                   (kJ m-2 d-1)
* 5       minimum temperature           (degrees Celsius)
* 6       maximum temperature           (degrees Celsius)
* 7       early morning vapour pressure (kPa)
* 8       mean wind speed (height: 2 m) (m s-1)
* 9       precipitation                 (mm d-1)
*---------------------------------------------------------------------------*
  -4.10  14.52   271. 0.00 0.00
   2 1976   1      4     4     4       4     4     4
   2 1976   1     0.   0.0   0.0   0.000   0.0   0.0
   2 1976   2     0.   0.0   0.0   0.000   0.0   0.0
   2 1976   3     0.   0.0   0.0   0.000   0.0   0.0
   2 1976   4     0.   0.0   0.0   0.000   0.0   0.0
   2 1976   5     0.   0.0   0.0   0.000   0.0   0.0
   2 1976   6     0.   0.0   0.0   0.000   0.0   0.0
   2 1976   7     0.   0.0   0.0   0.000   0.0   0.0
   2 1976   8     0.   0.0   0.0   0.000   0.0   0.0
   2 1976   9     0.   0.0   0.0   0.000   0.0   0.0
   2 1976  10     0.   0.0   0.0   0.000   0.0   0.0
   2 1976  11     0.   0.0   0.0   0.000   0.0   0.0
   2 1976  12     0.   0.0   0.0   0.000   0.0   0.0
   2 1976  13     0.   0.0   0.0   0.000   0.0   0.0
   2 1976  14     0.   0.0   0.0   0.000   0.0   0.0
   2 1976  15     0.   0.0   0.0   0.000   0.0   0.0
   2 1976  16     0.   0.0   0.0   0.000   0.0   0.0
   2 1976  17     0.   0.0   0.0   0.000   0.0   0.0
   2 1976  18     0.   0.0   0.0   0.000   0.0   0.0
   2 1976  19     0.   0.0   0.0   0.000   0.0   0.0
   2 1976  20     0.   0.0   0.0   0.000   0.0   0.0
   2 1976  21     0.   0.0   0.0   0.000   0.0   0.0
   2 1976  22     0.   0.0   0.0   0.000   0.0   0.0
   2 1976  23     0.   0.0   0.0   0.000   0.0   0.0
   2 1976  24     0.   0.0   0.0   0.000   0.0   0.0
   2 1976  25     0.   0.0   0.0   0.000   0.0   0.0
   2 1976  26     0.   0.0   0.0   0.000   0.0   0.0
   2 1976  27     0.   0.0   0.0   0.000   0.0   0.0
   2 1976  28     0.   0.0   0.0   0.000   0.0   0.0
   2 1976  29     0.   0.0   0.0   0.000   0.0   0.0
   2 1976  30     0.   0.0   0.0   0.000   0.0   0.0
   2 1976  31     0.   0.0   0.0   0.000   0.0   0.0
   2 1976  32     0.   0.0   0.0   0.000   0.0   0.0
   2 1976  33     0.   0.0   0.0   0.000   0.0   0.0
   2 1976  34     0.   0.0   0.0   0.000   0.0   0.0
   2 1976  35     0.   0.0   0.0   0.000   0.0   0.0
   2 1976  36     0.   0.0   0.0   0.000   0.0   0.0
   2 1976  37     0.   0.0   0.0   0.000   0.0   0.0
   2 1976  38     0.   0.0   0.0   0.000   0.0   0.0
   2 1976  39     0.   0.0   0.0   0.000   0.0   0.0
   2 1976  40     0.   0.0   0.0   0.000   0.0   0.0
   2 1976  41     0.   0.0   0.0   0.000   0.0   0.0
   2 1976  42     0.   0.0   0.0   0.000   0.0   0.0
   2 1976  43     0.   0.0   0.0   0.000   0.0   0.0
   2 1976  44     0.   0.0   0.0   0.000   0.0   0.0
   2 1976  45     0.   0.0   0.0   0.000   0.0   0.0
   2 1976  46     0.   0.0   0.0   0.000   0.0   0.0
   2 1976  47     0.   0.0   0.0   0.000   0.0   0.0
   2 1976  48     0.   0.0   0.0   0.000   0.0   0.0
   2 1976  49     0.   0.0   0.0   0.000   0.0   0.0
   2 1976  50     0.   0.0   0.0   0.000   0.0   0.0
   2 1976  51     0.   0.0   0.0   0.000   0.0   0.0
   2 1976  52     0.   0.0   0.0   0.000   0.0   0.0
   2 1976  53     0.   0.0   0.0   0.000   0.0   0.0
   2 1976  54     0.   0.0   0.0   0.000   0.0   0.0
   2 1976  55     0.   0.0   0.0   0.000   0.0   0.0
   2 1976  56     0.   0.0   0.0   0.000   0.0   0.0
   2 1976  57     0.   0.0   0.0   0.000   0.0   0.0
   2 1976  58     0.   0.0   0.0   0.000   0.0   0.0
   2 1976  59     0.   0.0   0.0   0.000   0.0   0.0
   2 1976  60     0.   0.0   0.0   0.000   0.0   0.0
   2 1976  61     0.   0.0   0.0   0.000   0.0   0.0
   2 1976  62     0.   0.0   0.0   0.000   0.0   0.0
   2 1976  63     0.   0.0   0.0   0.000   0.0   0.0
   2 1976  64     0.   0.0   0.0   0.000   0.0   0.0
   2 1976  65     0.   0.0   0.0   0.000   0.0   0.0
   2 1976  66     0.   0.0   0.0   0.000   0.0   0.0
   2 1976  67     0.   0.0   0.0   0.000   0.0   0.0
   2 1976  68     0.   0.0   0.0   0.000   0.0   0.0
   2 1976  69     0.   0.0   0.0   0.000   0.0   0.0
   2 1976  70     0.   0.0   0.0   0.000   0.0   0.0
   2 1976  71     0.   0.0   0.0   0.000   0.0   0.0
   2 1976  72     0.   0.0   0.0   0.000   0.0   0.0
   2 1976  73     0.   0.0   0.0   0.000   0.0   0.0
   2 1976  74     0.   0.0   0.0   0.000   0.0   0.0
   2 1976  75     0.   0.0   0.0   0.000   0.0   0.0
   2 1976  76     0.   0.0   0.0   0.000   0.0   0.0
   2 1976  77     0.   0.0   0.0   0.000   0.0   0.0
   2 1976  78     0.   0.0   0.0   0.000   0.0   0.0
   2 1976  79     0.   0.0   0.0   0.000   0.0   0.0
   2 1976  80     0.   0.0   0.0   0.000   0.0   0.0
   2 1976  81     0.   0.0   0.0   0.000   0.0   0.0
   2 1976  82     0.   0.0   0.0   0.000   0.0   0.0
   2 1976  83     0.   0.0   0.0   0.000   0.0   0.0
   2 1976  84     0.   0.0   0.0   0.000   0.0   0.0
   2 1976  85     0.   0.0   0.0   0.000   0.0   0.0
   2 1976  86     0.   0.0   0.0   0.000   0.0   0.0
   2 1976  87     0.   0.0   0.0   0.000   0.0   0.0
   2 1976  88     0.   0.0   0.0   0.000   0.0   0.0
   2 1976  89     0.   0.0   0.0   0.000   0.0   0.0
   2 1976  90     0.   0.0   0.0   0.000   0.0   0.0
   2 1976  91     0.   0.0   0.0   0.000   0.0   0.0
   2 1976  92     0.   0.0   0.0   0.000   0.0   0.0
   2 1976  93     0.   0.0   0.0   0.000   0.0   0.0
   2 1976  94     0.   0.0   0.0   0.000   0.0   0.0
   2 1976  95     0.   0.0   0.0   0.000   0.0   0.0
   2 1976  96     0.   0.0   0.0   0.000   0.0   0.0
   2 1976  97     0.   0.0   0.0   0.000   0.0   0.0
   2 1976  98     0.   0.0   0.0   0.000   0.0   0.0
   2 1976  99     0.   0.0   0.0   0.000   0.0   0.0
   2 1976 100     0.   0.0   0.0   0.000   0.0   0.0
   2 1976 101     0.   0.0   0.0   0.000   0.0   0.0
   2 1976 102     0.   0.0   0.0   0.000   0.0   0.0
   2 1976 103     0.   0.0   0.0   0.000   0.0   0.0
   2 1976 104     0.   0.0   0.0   0.000   0.0   0.0
   2 1976 105     0.   0.0   0.0   0.000   0.0   0.0
   2 1976 106     0.   0.0   0.0   0.000   0.0   0.0
   2 1976 107     0.   0.0   0.0   0.000   0.0   0.0
   2 1976 108     0.   0.0   0.0   0.000   0.0   0.0
   2 1976 109     0.   0.0   0.0   0.000   0.0   0.0
   2 1976 110     0.   0.0   0.0   0.000   0.0   0.0
   2 1976 111     0.   0.0   0.0   0.000   0.0   0.0
   2 1976 112     0.   0.0   0.0   0.000   0.0   0.0
   2 1976 113     0.   0.0   0.0   0.000   0.0   0.0
   2 1976 114     0.   0.0   0.0   0.000   0.0   0.0
   2 1976 115     0.   0.0   0.0   0.000   0.0   0.0
   2 1976 116     0.   0.0   0.0   0.000   0.0   0.0
   2 1976 117     0.   0.0   0.0   0.000   0.0   0.0
   2 1976 118     0.   0.0   0.0   0.000   0.0   0.0
   2 1976 119     0.   0.0   0.0   0.000   0.0   0.0
   2 1976 120     0.   0.0   0.0   0.000   0.0   0.0
   2 1976 121      4     4     4       4     4     1
   2 1976 121     0.   0.0   0.0   0.000   0.0   0.2
   2 1976 122     0.   0.0   0.0   0.000   0.0   0.0
   2 1976 123     0.   0.0   0.0   0.000   0.0   0.0
   2 1976 124     0.   0.0   0.0   0.000   0.0   0.0
   2 1976 125     0.   0.0   0.0   0.000   0.0   0.0
   2 1976 126     0.   0.0   0.0   0.000   0.0   0.0
   2 1976 127     0.   0.0   0.0   0.000   0.0   0.5
   2 1976 128     0.   0.0   0.0   0.000   0.0   0.0
   2 1976 129     0.   0.0   0.0   0.000   0.0   0.0
   2 1976 130     0.   0.0   0.0   0.000   0.0   0.0
   2 1976 131     0.   0.0   0.0   0.000   0.0   0.0
   2 1976 132     0.   0.0   0.0   0.000   0.0   0.0
   2 1976 133     0.   0.0   0.0   0.000   0.0   8.3
   2 1976 134     0.   0.0   0.0   0.000   0.0   0.7
   2 1976 135     0.   0.0   0.0   0.000   0.0   0.0
   2 1976 136     0.   0.0   0.0   0.000   0.0   0.0
   2 1976 137     0.   0.0   0.0   0.000   0.0   0.0
   2 1976 138     0.   0.0   0.0   0.000   0.0   0.0
   2 1976 139     0.   0.0   0.0   0.000   0.0   0.0
   2 1976 140     0.   0.0   0.0   0.000   0.0   0.0
   2 1976 141     0.   0.0   0.0   0.000   0.0   2.3
   2 1976 142     0.   0.0   0.0   0.000   0.0   0.0
   2 1976 143     0.   0.0   0.0   0.000   0.0   0.0
   2 1976 144     0.   0.0   0.0   0.000   0.0  38.4
   2 1976 145     0.   0.0   0.0   0.000   0.0   0.0
   2 1976 146     0.   0.0   0.0   0.000   0.0   0.0
   2 1976 147     0.   0.0   0.0   0.000   0.0   0.0
   2 1976 148     0.   0.0   0.0   0.000   0.0   0.0
   2 1976 149     0.   0.0   0.0   0.000   0.0   0.0
   2 1976 150     0.   0.0   0.0   0.000   0.0   9.5
   2 1976 151     0.   0.0   0.0   0.000   0.0   0.0
   2 1976 152     0.   0.0   0.0   0.000   0.0   0.0
   2 1976 153     0.   0.0   0.0   0.000   0.0   0.0
   2 1976 154     0.   0.0   0.0   0.000   0.0   0.0
   2 1976 155     0.   0.0   0.0   0.000   0.0   0.0
   2 1976 156     0.   0.0   0.0   0.000   0.0   0.0
   2 1976 157     0.   0.0   0.0   0.000   0.0   0.0
   2 1976 158     0.   0.0   0.0   0.000   0.0   3.5
   2 1976 159     0.   0.0   0.0   0.000   0.0   0.0
   2 1976 160     0.   0.0   0.0   0.000   0.0   0.0
   2 1976 161     0.   0.0   0.0   0.000   0.0   0.0
   2 1976 162     0.   0.0   0.0   0.000   0.0   0.0
   2 1976 163     0.   0.0   0.0   0.000   0.0  17.9
   2 1976 164     0.   0.0   0.0   0.000   0.0   0.1
   2 1976 165     0.   0.0   0.0   0.000   0.0   9.4
   2 1976 166     0.   0.0   0.0   0.000   0.0   0.0
   2 1976 167     0.   0.0   0.0   0.000   0.0   0.0
   2 1976 168     0.   0.0   0.0   0.000   0.0   0.0
   2 1976 169     0.   0.0   0.0   0.000   0.0   0.6
   2 1976 170     0.   0.0   0.0   0.000   0.0   2.3
   2 1976 171     0.   0.0   0.0   0.000   0.0   9.5
   2 1976 172     0.   0.0   0.0   0.000   0.0   0.0
   2 1976 173     0.   0.0   0.0   0.000   0.0   0.0
   2 1976 174     0.   0.0   0.0   0.000   0.0  14.6
   2 1976 175     0.   0.0   0.0   0.000   0.0   0.0
   2 1976 176     0.   0.0   0.0   0.000   0.0   0.0
   2 1976 177     0.   0.0   0.0   0.000   0.0  23.6
   2 1976 178     0.   0.0   0.0   0.000   0.0   0.0
   2 1976 179     0.   0.0   0.0   0.000   0.0   0.0
   2 1976 180     0.   0.0   0.0   0.000   0.0   0.0
   2 1976 181     0.   0.0   0.0   0.000   0.0   0.6
   2 1976 182     0.   0.0   0.0   0.000   0.0   0.5
   2 1976 183     0.   0.0   0.0   0.000   0.0   0.0
   2 1976 184     0.   0.0   0.0   0.000   0.0   0.0
   2 1976 185     0.   0.0   0.0   0.000   0.0   0.0
   2 1976 186     0.   0.0   0.0   0.000   0.0   0.0
   2 1976 187     0.   0.0   0.0   0.000   0.0   0.0
   2 1976 188     0.   0.0   0.0   0.000   0.0   0.0
   2 1976 189     0.   0.0   0.0   0.000   0.0   0.0
   2 1976 190     0.   0.0   0.0   0.000   0.0   0.0
   2 1976 191     0.   0.0   0.0   0.000   0.0  23.2
   2 1976 192     0.   0.0   0.0   0.000   0.0   0.0
   2 1976 193     0.   0.0   0.0   0.000   0.0   0.0
   2 1976 194     0.   0.0   0.0   0.000   0.0   0.0
   2 1976 195     0.   0.0   0.0   0.000   0.0   0.0
   2 1976 196     0.   0.0   0.0   0.000   0.0  30.2
   2 1976 197     0.   0.0   0.0   0.000   0.0   0.0
   2 1976 198     0.   0.0   0.0   0.000   0.0  26.5
   2 1976 199     0.   0.0   0.0   0.000   0.0   9.6
   2 1976 200     0.   0.0   0.0   0.000   0.0   0.0
   2 1976 201     0.   0.0   0.0   0.000   0.0   5.9
   2 1976 202     0.   0.0   0.0   0.000   0.0   0.0
   2 1976 203     0.   0.0   0.0   0.000   0.0   0.0
   2 1976 204     0.   0.0   0.0   0.000   0.0  11.4
   2 1976 205     0.   0.0   0.0   0.000   0.0   3.9
   2 1976 206     0.   0.0   0.0   0.000   0.0   0.0
   2 1976 207     0.   0.0   0.0   0.000   0.0   0.0
   2 1976 208     0.   0.0   0.0   0.000   0.0   0.0
   2 1976 209     0.   0.0   0.0   0.000   0.0   8.4
   2 1976 210     0.   0.0   0.0   0.000   0.0   0.0
   2 1976 211     0.   0.0   0.0   0.000   0.0   0.0
   2 1976 212     0.   0.0   0.0   0.000   0.0  21.1
   2 1976 213     0.   0.0   0.0   0.000   0.0   0.0
   2 1976 214     0.   0.0   0.0   0.000   0.0   8.9
   2 1976 215     0.   0.0   0.0   0.000   0.0   0.0
   2 1976 216     0.   0.0   0.0   0.000   0.0   0.0
   2 1976 217     0.   0.0   0.0   0.000   0.0   0.0
   2 1976 218     0.   0.0   0.0   0.000   0.0   0.0
   2 1976 219     0.   0.0   0.0   0.000   0.0   0.0
   2 1976 220     0.   0.0   0.0   0.000   0.0   0.0
   2 1976 221     0.   0.0   0.0   0.000   0.0   1.4
   2 1976 222     0.   0.0   0.0   0.000   0.0   0.0
   2 1976 223     0.   0.0   0.0   0.000   0.0   0.0
   2 1976 224     0.   0.0   0.0   0.000   0.0  16.2
   2 1976 225     0.   0.0   0.0   0.000   0.0   2.0
   2 1976 226     0.   0.0   0.0   0.000   0.0   0.0
   2 1976 227     0.   0.0   0.0   0.000   0.0  15.9
   2 1976 228     0.   0.0   0.0   0.000   0.0   0.0
   2 1976 229     0.   0.0   0.0   0.000   0.0   0.0
   2 1976 230     0.   0.0   0.0   0.000   0.0   0.0
   2 1976 231     0.   0.0   0.0   0.000   0.0   0.0
   2 1976 232     0.   0.0   0.0   0.000   0.0   0.0
   2 1976 233     0.   0.0   0.0   0.000   0.0   1.2
   2 1976 234     0.   0.0   0.0   0.000   0.0   0.3
   2 1976 235     0.   0.0   0.0   0.000   0.0   0.0
   2 1976 236     0.   0.0   0.0   0.000   0.0   3.9
   2 1976 237     0.   0.0   0.0   0.000   0.0   0.0
   2 1976 238     0.   0.0   0.0   0.000   0.0   0.0
   2 1976 239     0.   0.0   0.0   0.000   0.0   0.0
   2 1976 240     0.   0.0   0.0   0.000   0.0  27.1
   2 1976 241     0.   0.0   0.0   0.000   0.0   0.0
   2 1976 242     0.   0.0   0.0   0.000   0.0   0.0
   2 1976 243     0.   0.0   0.0   0.000   0.0   0.2
   2 1976 244     0.   0.0   0.0   0.000   0.0   0.0
   2 1976 245     0.   0.0   0.0   0.000   0.0   3.3
   2 1976 246     0.   0.0   0.0   0.000   0.0   0.0
   2 1976 247     0.   0.0   0.0   0.000   0.0   0.0
   2 1976 248     0.   0.0   0.0   0.000   0.0   0.0
   2 1976 249     0.   0.0   0.0   0.000   0.0  36.7
   2 1976 250     0.   0.0   0.0   0.000   0.0   1.8
   2 1976 251     0.   0.0   0.0   0.000   0.0   0.0
   2 1976 252     0.   0.0   0.0   0.000   0.0   0.0
   2 1976 253     0.   0.0   0.0   0.000   0.0   0.0
   2 1976 254     0.   0.0   0.0   0.000   0.0   0.0
   2 1976 255     0.   0.0   0.0   0.000   0.0   1.8
   2 1976 256     0.   0.0   0.0   0.000   0.0  12.5
   2 1976 257     0.   0.0   0.0   0.000   0.0  12.1
   2 1976 258     0.   0.0   0.0   0.000   0.0   0.0
   2 1976 259     0.   0.0   0.0   0.000   0.0   8.5
   2 1976 260     0.   0.0   0.0   0.000   0.0   0.6
   2 1976 261     0.   0.0   0.0   0.000   0.0   0.0
   2 1976 262     0.   0.0   0.0   0.000   0.0   0.0
   2 1976 263     0.   0.0   0.0   0.000   0.0   1.2
   2 1976 264     0.   0.0   0.0   0.000   0.0  13.7
   2 1976 265     0.   0.0   0.0   0.000   0.0   0.0
   2 1976 266     0.   0.0   0.0   0.000   0.0   2.7
   2 1976 267     0.   0.0   0.0   0.000   0.0   0.0
   2 1976 268     0.   0.0   0.0   0.000   0.0   0.0
   2 1976 269     0.   0.0   0.0   0.000   0.0   0.0
   2 1976 270     0.   0.0   0.0   0.000   0.0   5.2
   2 1976 271     0.   0.0   0.0   0.000   0.0   0.0
   2 1976 272     0.   0.0   0.0   0.000   0.0  23.6
   2 1976 273     0.   0.0   0.0   0.000   0.0   0.0
   2 1976 274     0.   0.0   0.0   0.000   0.0   0.0
   2 1976 275     0.   0.0   0.0   0.000   0.0   0.0
   2 1976 276     0.   0.0   0.0   0.000   0.0   0.0
   2 1976 277     0.   0.0   0.0   0.000   0.0   0.0
   2 1976 278     0.   0.0   0.0   0.000   0.0   0.0
   2 1976 279     0.   0.0   0.0   0.000   0.0   0.0
   2 1976 280     0.   0.0   0.0   0.000   0.0   0.0
   2 1976 281     0.   0.0   0.0   0.000   0.0   0.0
   2 1976 282     0.   0.0   0.0   0.000   0.0   0.0
   2 1976 283     0.   0.0   0.0   0.000   0.0   4.5
   2 1976 284     0.   0.0   0.0   0.000   0.0   0.0
   2 1976 285     0.   0.0   0.0   0.000   0.0   0.0
   2 1976 286     0.   0.0   0.0   0.000   0.0   0.0
   2 1976 287     0.   0.0   0.0   0.000   0.0   0.0
   2 1976 288     0.   0.0   0.0   0.000   0.0   0.0
   2 1976 289     0.   0.0   0.0   0.000   0.0   0.0
   2 1976 290     0.   0.0   0.0   0.000   0.0   0.0
   2 1976 291     0.   0.0   0.0   0.000   0.0   0.0
   2 1976 292     0.   0.0   0.0   0.000   0.0   0.0
   2 1976 293     0.   0.0   0.0   0.000   0.0   0.0
   2 1976 294     0.   0.0   0.0   0.000   0.0   0.0
   2 1976 295     0.   0.0   0.0   0.000   0.0   0.0
   2 1976 296     0.   0.0   0.0   0.000   0.0   5.2
   2 1976 297     0.   0.0   0.0   0.000   0.0   1.0
   2 1976 298     0.   0.0   0.0   0.000   0.0   0.0
   2 1976 299     0.   0.0   0.0   0.000   0.0   0.0
   2 1976 300     0.   0.0   0.0   0.000   0.0   3.2
   2 1976 301     0.   0.0   0.0   0.000   0.0   2.5
   2 1976 302     0.   0.0   0.0   0.000   0.0  10.8
   2 1976 303     0.   0.0   0.0   0.000   0.0   0.0
   2 1976 304     0.   0.0   0.0   0.000   0.0   0.3
   2 1976 305      4     4     4       4     4     4
   2 1976 305     0.   0.0   0.0   0.000   0.0   0.0
   2 1976 306     0.   0.0   0.0   0.000   0.0   0.0
   2 1976 307     0.   0.0   0.0   0.000   0.0   0.0
   2 1976 308     0.   0.0   0.0   0.000   0.0   0.0
   2 1976 309     0.   0.0   0.0   0.000   0.0   0.0
   2 1976 310     0.   0.0   0.0   0.000   0.0   0.0
   2 1976 311     0.   0.0   0.0   0.000   0.0   0.0
   2 1976 312     0.   0.0   0.0   0.000   0.0   0.0
   2 1976 313     0.   0.0   0.0   0.000   0.0   0.0
   2 1976 314     0.   0.0   0.0   0.000   0.0   0.0
   2 1976 315     0.   0.0   0.0   0.000   0.0   0.0
   2 1976 316     0.   0.0   0.0   0.000   0.0   0.0
   2 1976 317     0.   0.0   0.0   0.000   0.0   0.0
   2 1976 318     0.   0.0   0.0   0.000   0.0   0.0
   2 1976 319     0.   0.0   0.0   0.000   0.0   0.0
   2 1976 320     0.   0.0   0.0   0.000   0.0   0.0
   2 1976 321     0.   0.0   0.0   0.000   0.0   0.0
   2 1976 322     0.   0.0   0.0   0.000   0.0   0.0
   2 1976 323     0.   0.0   0.0   0.000   0.0   0.0
   2 1976 324     0.   0.0   0.0   0.000   0.0   0.0
   2 1976 325     0.   0.0   0.0   0.000   0.0   0.0
   2 1976 326     0.   0.0   0.0   0.000   0.0   0.0
   2 1976 327     0.   0.0   0.0   0.000   0.0   0.0
   2 1976 328     0.   0.0   0.0   0.000   0.0   0.0
   2 1976 329     0.   0.0   0.0   0.000   0.0   0.0
   2 1976 330     0.   0.0   0.0   0.000   0.0   0.0
   2 1976 331     0.   0.0   0.0   0.000   0.0   0.0
   2 1976 332     0.   0.0   0.0   0.000   0.0   0.0
   2 1976 333     0.   0.0   0.0   0.000   0.0   0.0
   2 1976 334     0.   0.0   0.0   0.000   0.0   0.0
   2 1976 335     0.   0.0   0.0   0.000   0.0   0.0
   2 1976 336     0.   0.0   0.0   0.000   0.0   0.0
   2 1976 337     0.   0.0   0.0   0.000   0.0   0.0
   2 1976 338     0.   0.0   0.0   0.000   0.0   0.0
   2 1976 339     0.   0.0   0.0   0.000   0.0   0.0
   2 1976 340     0.   0.0   0.0   0.000   0.0   0.0
   2 1976 341     0.   0.0   0.0   0.000   0.0   0.0
   2 1976 342     0.   0.0   0.0   0.000   0.0   0.0
   2 1976 343     0.   0.0   0.0   0.000   0.0   0.0
   2 1976 344     0.   0.0   0.0   0.000   0.0   0.0
   2 1976 345     0.   0.0   0.0   0.000   0.0   0.0
   2 1976 346     0.   0.0   0.0   0.000   0.0   0.0
   2 1976 347     0.   0.0   0.0   0.000   0.0   0.0
   2 1976 348     0.   0.0   0.0   0.000   0.0   0.0
   2 1976 349     0.   0.0   0.0   0.000   0.0   0.0
   2 1976 350     0.   0.0   0.0   0.000   0.0   0.0
   2 1976 351     0.   0.0   0.0   0.000   0.0   0.0
   2 1976 352     0.   0.0   0.0   0.000   0.0   0.0
   2 1976 353     0.   0.0   0.0   0.000   0.0   0.0
   2 1976 354     0.   0.0   0.0   0.000   0.0   0.0
   2 1976 355     0.   0.0   0.0   0.000   0.0   0.0
   2 1976 356     0.   0.0   0.0   0.000   0.0   0.0
   2 1976 357     0.   0.0   0.0   0.000   0.0   0.0
   2 1976 358     0.   0.0   0.0   0.000   0.0   0.0
   2 1976 359     0.   0.0   0.0   0.000   0.0   0.0
   2 1976 360     0.   0.0   0.0   0.000   0.0   0.0
   2 1976 361     0.   0.0   0.0   0.000   0.0   0.0
   2 1976 362     0.   0.0   0.0   0.000   0.0   0.0
   2 1976 363     0.   0.0   0.0   0.000   0.0   0.0
   2 1976 364     0.   0.0   0.0   0.000   0.0   0.0
   2 1976 365     0.   0.0   0.0   0.000   0.0   0.0
