*---------------------------------------------------------------------------*
* Station name: Koro, Mopti-region, Mali
* Year: 1963
* Author: Olaf Erenstein & Willem Stol
* Source: Meteo Mali
* Comments: Daily raindata, others monthly means
*
* Longitude: 03 04 W
* Latitude:  14 04 N
* Altitude:    253 m
*
* Column  Daily value
* 1       station number
* 2       year
* 3       day
* 4       irradiation                   (kJ m-2 d-1)
* 5       minimum temperature           (degrees Celsius)
* 6       maximum temperature           (degrees Celsius)
* 7       early morning vapour pressure (kPa)
* 8       mean wind speed (height: 2 m) (m s-1)
* 9       precipitation                 (mm d-1)
*---------------------------------------------------------------------------*
  -3.07  14.07   253. 0.00 0.00
   4 1963   1      4     4     4       4     4     1
   4 1963   1     0.   0.0   0.0   0.000   0.0   0.0
   4 1963   2     0.   0.0   0.0   0.000   0.0   0.0
   4 1963   3     0.   0.0   0.0   0.000   0.0   0.0
   4 1963   4     0.   0.0   0.0   0.000   0.0   0.0
   4 1963   5     0.   0.0   0.0   0.000   0.0   0.0
   4 1963   6     0.   0.0   0.0   0.000   0.0   0.0
   4 1963   7     0.   0.0   0.0   0.000   0.0   0.0
   4 1963   8     0.   0.0   0.0   0.000   0.0   0.0
   4 1963   9     0.   0.0   0.0   0.000   0.0   0.0
   4 1963  10     0.   0.0   0.0   0.000   0.0   0.0
   4 1963  11     0.   0.0   0.0   0.000   0.0   0.0
   4 1963  12     0.   0.0   0.0   0.000   0.0   0.0
   4 1963  13     0.   0.0   0.0   0.000   0.0   0.0
   4 1963  14     0.   0.0   0.0   0.000   0.0   0.0
   4 1963  15     0.   0.0   0.0   0.000   0.0   0.0
   4 1963  16     0.   0.0   0.0   0.000   0.0   0.0
   4 1963  17     0.   0.0   0.0   0.000   0.0   0.0
   4 1963  18     0.   0.0   0.0   0.000   0.0   0.0
   4 1963  19     0.   0.0   0.0   0.000   0.0   0.0
   4 1963  20     0.   0.0   0.0   0.000   0.0   0.0
   4 1963  21     0.   0.0   0.0   0.000   0.0   0.0
   4 1963  22     0.   0.0   0.0   0.000   0.0   0.0
   4 1963  23     0.   0.0   0.0   0.000   0.0   0.0
   4 1963  24     0.   0.0   0.0   0.000   0.0   0.0
   4 1963  25     0.   0.0   0.0   0.000   0.0   0.0
   4 1963  26     0.   0.0   0.0   0.000   0.0   0.0
   4 1963  27     0.   0.0   0.0   0.000   0.0   0.0
   4 1963  28     0.   0.0   0.0   0.000   0.0   0.0
   4 1963  29     0.   0.0   0.0   0.000   0.0   0.0
   4 1963  30     0.   0.0   0.0   0.000   0.0   0.0
   4 1963  31     0.   0.0   0.0   0.000   0.0   0.0
   4 1963  32     0.   0.0   0.0   0.000   0.0   0.0
   4 1963  33     0.   0.0   0.0   0.000   0.0   0.0
   4 1963  34     0.   0.0   0.0   0.000   0.0   0.0
   4 1963  35     0.   0.0   0.0   0.000   0.0   0.0
   4 1963  36     0.   0.0   0.0   0.000   0.0   0.0
   4 1963  37     0.   0.0   0.0   0.000   0.0   0.0
   4 1963  38     0.   0.0   0.0   0.000   0.0   0.0
   4 1963  39     0.   0.0   0.0   0.000   0.0   0.0
   4 1963  40     0.   0.0   0.0   0.000   0.0   0.0
   4 1963  41     0.   0.0   0.0   0.000   0.0   0.0
   4 1963  42     0.   0.0   0.0   0.000   0.0   0.0
   4 1963  43     0.   0.0   0.0   0.000   0.0   0.0
   4 1963  44     0.   0.0   0.0   0.000   0.0   0.0
   4 1963  45     0.   0.0   0.0   0.000   0.0   0.0
   4 1963  46     0.   0.0   0.0   0.000   0.0   0.0
   4 1963  47     0.   0.0   0.0   0.000   0.0   0.0
   4 1963  48     0.   0.0   0.0   0.000   0.0   0.0
   4 1963  49     0.   0.0   0.0   0.000   0.0   0.0
   4 1963  50     0.   0.0   0.0   0.000   0.0   0.0
   4 1963  51     0.   0.0   0.0   0.000   0.0   0.0
   4 1963  52     0.   0.0   0.0   0.000   0.0   0.0
   4 1963  53     0.   0.0   0.0   0.000   0.0   0.0
   4 1963  54     0.   0.0   0.0   0.000   0.0   0.0
   4 1963  55     0.   0.0   0.0   0.000   0.0   0.0
   4 1963  56     0.   0.0   0.0   0.000   0.0   0.0
   4 1963  57     0.   0.0   0.0   0.000   0.0   0.0
   4 1963  58     0.   0.0   0.0   0.000   0.0   0.0
   4 1963  59     0.   0.0   0.0   0.000   0.0   0.0
   4 1963  60     0.   0.0   0.0   0.000   0.0   0.0
   4 1963  61     0.   0.0   0.0   0.000   0.0   0.0
   4 1963  62     0.   0.0   0.0   0.000   0.0   0.0
   4 1963  63     0.   0.0   0.0   0.000   0.0   0.0
   4 1963  64     0.   0.0   0.0   0.000   0.0   0.0
   4 1963  65     0.   0.0   0.0   0.000   0.0   0.0
   4 1963  66     0.   0.0   0.0   0.000   0.0   0.0
   4 1963  67     0.   0.0   0.0   0.000   0.0   0.0
   4 1963  68     0.   0.0   0.0   0.000   0.0   0.0
   4 1963  69     0.   0.0   0.0   0.000   0.0   0.0
   4 1963  70     0.   0.0   0.0   0.000   0.0   0.0
   4 1963  71     0.   0.0   0.0   0.000   0.0   0.0
   4 1963  72     0.   0.0   0.0   0.000   0.0   0.0
   4 1963  73     0.   0.0   0.0   0.000   0.0   0.0
   4 1963  74     0.   0.0   0.0   0.000   0.0   0.0
   4 1963  75     0.   0.0   0.0   0.000   0.0   0.0
   4 1963  76     0.   0.0   0.0   0.000   0.0   0.0
   4 1963  77     0.   0.0   0.0   0.000   0.0   0.0
   4 1963  78     0.   0.0   0.0   0.000   0.0   0.0
   4 1963  79     0.   0.0   0.0   0.000   0.0   0.0
   4 1963  80     0.   0.0   0.0   0.000   0.0   0.0
   4 1963  81     0.   0.0   0.0   0.000   0.0   0.0
   4 1963  82     0.   0.0   0.0   0.000   0.0   0.0
   4 1963  83     0.   0.0   0.0   0.000   0.0   0.0
   4 1963  84     0.   0.0   0.0   0.000   0.0   0.0
   4 1963  85     0.   0.0   0.0   0.000   0.0   0.0
   4 1963  86     0.   0.0   0.0   0.000   0.0   0.0
   4 1963  87     0.   0.0   0.0   0.000   0.0   0.0
   4 1963  88     0.   0.0   0.0   0.000   0.0   0.0
   4 1963  89     0.   0.0   0.0   0.000   0.0   0.0
   4 1963  90     0.   0.0   0.0   0.000   0.0   0.0
   4 1963  91     0.   0.0   0.0   0.000   0.0   0.0
   4 1963  92     0.   0.0   0.0   0.000   0.0   0.0
   4 1963  93     0.   0.0   0.0   0.000   0.0   0.0
   4 1963  94     0.   0.0   0.0   0.000   0.0   0.0
   4 1963  95     0.   0.0   0.0   0.000   0.0   0.0
   4 1963  96     0.   0.0   0.0   0.000   0.0   0.0
   4 1963  97     0.   0.0   0.0   0.000   0.0   0.0
   4 1963  98     0.   0.0   0.0   0.000   0.0   0.0
   4 1963  99     0.   0.0   0.0   0.000   0.0   0.0
   4 1963 100     0.   0.0   0.0   0.000   0.0   0.0
   4 1963 101     0.   0.0   0.0   0.000   0.0   0.0
   4 1963 102     0.   0.0   0.0   0.000   0.0   0.0
   4 1963 103     0.   0.0   0.0   0.000   0.0   0.0
   4 1963 104     0.   0.0   0.0   0.000   0.0   0.0
   4 1963 105     0.   0.0   0.0   0.000   0.0   0.0
   4 1963 106     0.   0.0   0.0   0.000   0.0   0.0
   4 1963 107     0.   0.0   0.0   0.000   0.0   0.0
   4 1963 108     0.   0.0   0.0   0.000   0.0   0.0
   4 1963 109     0.   0.0   0.0   0.000   0.0   0.0
   4 1963 110     0.   0.0   0.0   0.000   0.0   0.0
   4 1963 111     0.   0.0   0.0   0.000   0.0   0.0
   4 1963 112     0.   0.0   0.0   0.000   0.0   0.0
   4 1963 113     0.   0.0   0.0   0.000   0.0   0.0
   4 1963 114     0.   0.0   0.0   0.000   0.0   7.3
   4 1963 115     0.   0.0   0.0   0.000   0.0   0.0
   4 1963 116     0.   0.0   0.0   0.000   0.0   0.0
   4 1963 117     0.   0.0   0.0   0.000   0.0   0.0
   4 1963 118     0.   0.0   0.0   0.000   0.0   0.0
   4 1963 119     0.   0.0   0.0   0.000   0.0   4.7
   4 1963 120     0.   0.0   0.0   0.000   0.0   0.0
   4 1963 121     0.   0.0   0.0   0.000   0.0  14.1
   4 1963 122     0.   0.0   0.0   0.000   0.0   0.0
   4 1963 123     0.   0.0   0.0   0.000   0.0   0.0
   4 1963 124     0.   0.0   0.0   0.000   0.0   0.0
   4 1963 125     0.   0.0   0.0   0.000   0.0   6.4
   4 1963 126     0.   0.0   0.0   0.000   0.0   0.0
   4 1963 127     0.   0.0   0.0   0.000   0.0   0.0
   4 1963 128     0.   0.0   0.0   0.000   0.0   0.0
   4 1963 129     0.   0.0   0.0   0.000   0.0   0.0
   4 1963 130     0.   0.0   0.0   0.000   0.0   0.0
   4 1963 131     0.   0.0   0.0   0.000   0.0   0.0
   4 1963 132     0.   0.0   0.0   0.000   0.0   0.0
   4 1963 133     0.   0.0   0.0   0.000   0.0   0.0
   4 1963 134     0.   0.0   0.0   0.000   0.0   0.0
   4 1963 135     0.   0.0   0.0   0.000   0.0   0.0
   4 1963 136     0.   0.0   0.0   0.000   0.0   0.0
   4 1963 137     0.   0.0   0.0   0.000   0.0   0.0
   4 1963 138     0.   0.0   0.0   0.000   0.0   0.0
   4 1963 139     0.   0.0   0.0   0.000   0.0   0.0
   4 1963 140     0.   0.0   0.0   0.000   0.0   0.0
   4 1963 141     0.   0.0   0.0   0.000   0.0   0.0
   4 1963 142     0.   0.0   0.0   0.000   0.0   0.0
   4 1963 143     0.   0.0   0.0   0.000   0.0   0.0
   4 1963 144     0.   0.0   0.0   0.000   0.0   0.0
   4 1963 145     0.   0.0   0.0   0.000   0.0   0.0
   4 1963 146     0.   0.0   0.0   0.000   0.0   0.0
   4 1963 147     0.   0.0   0.0   0.000   0.0   0.0
   4 1963 148     0.   0.0   0.0   0.000   0.0   0.0
   4 1963 149     0.   0.0   0.0   0.000   0.0   0.0
   4 1963 150     0.   0.0   0.0   0.000   0.0   0.0
   4 1963 151     0.   0.0   0.0   0.000   0.0   0.0
   4 1963 152     0.   0.0   0.0   0.000   0.0   0.0
   4 1963 153     0.   0.0   0.0   0.000   0.0   0.0
   4 1963 154     0.   0.0   0.0   0.000   0.0   0.0
   4 1963 155     0.   0.0   0.0   0.000   0.0   0.0
   4 1963 156     0.   0.0   0.0   0.000   0.0   0.0
   4 1963 157     0.   0.0   0.0   0.000   0.0   0.0
   4 1963 158     0.   0.0   0.0   0.000   0.0   0.0
   4 1963 159     0.   0.0   0.0   0.000   0.0   0.0
   4 1963 160     0.   0.0   0.0   0.000   0.0   0.0
   4 1963 161     0.   0.0   0.0   0.000   0.0   0.0
   4 1963 162     0.   0.0   0.0   0.000   0.0   0.0
   4 1963 163     0.   0.0   0.0   0.000   0.0   0.0
   4 1963 164     0.   0.0   0.0   0.000   0.0   0.0
   4 1963 165     0.   0.0   0.0   0.000   0.0   0.0
   4 1963 166     0.   0.0   0.0   0.000   0.0   0.0
   4 1963 167     0.   0.0   0.0   0.000   0.0  23.5
   4 1963 168     0.   0.0   0.0   0.000   0.0   0.0
   4 1963 169     0.   0.0   0.0   0.000   0.0   0.0
   4 1963 170     0.   0.0   0.0   0.000   0.0   8.5
   4 1963 171     0.   0.0   0.0   0.000   0.0   0.0
   4 1963 172     0.   0.0   0.0   0.000   0.0   0.0
   4 1963 173     0.   0.0   0.0   0.000   0.0   7.5
   4 1963 174     0.   0.0   0.0   0.000   0.0  16.3
   4 1963 175     0.   0.0   0.0   0.000   0.0   0.0
   4 1963 176     0.   0.0   0.0   0.000   0.0   0.0
   4 1963 177     0.   0.0   0.0   0.000   0.0   0.0
   4 1963 178     0.   0.0   0.0   0.000   0.0   0.0
   4 1963 179     0.   0.0   0.0   0.000   0.0  37.2
   4 1963 180     0.   0.0   0.0   0.000   0.0   0.0
   4 1963 181     0.   0.0   0.0   0.000   0.0   0.0
   4 1963 182     0.   0.0   0.0   0.000   0.0   5.7
   4 1963 183     0.   0.0   0.0   0.000   0.0   0.0
   4 1963 184     0.   0.0   0.0   0.000   0.0   0.0
   4 1963 185     0.   0.0   0.0   0.000   0.0   0.0
   4 1963 186     0.   0.0   0.0   0.000   0.0   0.0
   4 1963 187     0.   0.0   0.0   0.000   0.0   0.0
   4 1963 188     0.   0.0   0.0   0.000   0.0   0.0
   4 1963 189     0.   0.0   0.0   0.000   0.0   0.0
   4 1963 190     0.   0.0   0.0   0.000   0.0   0.0
   4 1963 191     0.   0.0   0.0   0.000   0.0   0.0
   4 1963 192     0.   0.0   0.0   0.000   0.0   0.0
   4 1963 193     0.   0.0   0.0   0.000   0.0   0.0
   4 1963 194     0.   0.0   0.0   0.000   0.0   0.0
   4 1963 195     0.   0.0   0.0   0.000   0.0   0.0
   4 1963 196     0.   0.0   0.0   0.000   0.0   0.0
   4 1963 197     0.   0.0   0.0   0.000   0.0   0.0
   4 1963 198     0.   0.0   0.0   0.000   0.0   0.0
   4 1963 199     0.   0.0   0.0   0.000   0.0   7.4
   4 1963 200     0.   0.0   0.0   0.000   0.0   0.0
   4 1963 201     0.   0.0   0.0   0.000   0.0  14.0
   4 1963 202     0.   0.0   0.0   0.000   0.0   0.0
   4 1963 203     0.   0.0   0.0   0.000   0.0   7.0
   4 1963 204     0.   0.0   0.0   0.000   0.0   9.0
   4 1963 205     0.   0.0   0.0   0.000   0.0   0.0
   4 1963 206     0.   0.0   0.0   0.000   0.0   0.0
   4 1963 207     0.   0.0   0.0   0.000   0.0   0.0
   4 1963 208     0.   0.0   0.0   0.000   0.0  22.0
   4 1963 209     0.   0.0   0.0   0.000   0.0   0.0
   4 1963 210     0.   0.0   0.0   0.000   0.0   0.0
   4 1963 211     0.   0.0   0.0   0.000   0.0   0.0
   4 1963 212     0.   0.0   0.0   0.000   0.0   0.0
   4 1963 213     0.   0.0   0.0   0.000   0.0   0.0
   4 1963 214     0.   0.0   0.0   0.000   0.0  63.9
   4 1963 215     0.   0.0   0.0   0.000   0.0   0.0
   4 1963 216     0.   0.0   0.0   0.000   0.0   0.0
   4 1963 217     0.   0.0   0.0   0.000   0.0   0.0
   4 1963 218     0.   0.0   0.0   0.000   0.0   0.0
   4 1963 219     0.   0.0   0.0   0.000   0.0   0.0
   4 1963 220     0.   0.0   0.0   0.000   0.0   0.0
   4 1963 221     0.   0.0   0.0   0.000   0.0   0.0
   4 1963 222     0.   0.0   0.0   0.000   0.0   0.0
   4 1963 223     0.   0.0   0.0   0.000   0.0   0.0
   4 1963 224     0.   0.0   0.0   0.000   0.0   0.0
   4 1963 225     0.   0.0   0.0   0.000   0.0  20.4
   4 1963 226     0.   0.0   0.0   0.000   0.0   0.0
   4 1963 227     0.   0.0   0.0   0.000   0.0   0.0
   4 1963 228     0.   0.0   0.0   0.000   0.0   0.0
   4 1963 229     0.   0.0   0.0   0.000   0.0  19.0
   4 1963 230     0.   0.0   0.0   0.000   0.0   0.0
   4 1963 231     0.   0.0   0.0   0.000   0.0   0.0
   4 1963 232     0.   0.0   0.0   0.000   0.0  16.5
   4 1963 233     0.   0.0   0.0   0.000   0.0   0.0
   4 1963 234     0.   0.0   0.0   0.000   0.0   0.0
   4 1963 235     0.   0.0   0.0   0.000   0.0  36.4
   4 1963 236     0.   0.0   0.0   0.000   0.0   0.0
   4 1963 237     0.   0.0   0.0   0.000   0.0   0.0
   4 1963 238     0.   0.0   0.0   0.000   0.0   0.0
   4 1963 239     0.   0.0   0.0   0.000   0.0   0.0
   4 1963 240     0.   0.0   0.0   0.000   0.0   0.0
   4 1963 241     0.   0.0   0.0   0.000   0.0  13.0
   4 1963 242     0.   0.0   0.0   0.000   0.0   0.0
   4 1963 243     0.   0.0   0.0   0.000   0.0   0.0
   4 1963 244     0.   0.0   0.0   0.000   0.0   2.5
   4 1963 245     0.   0.0   0.0   0.000   0.0   5.7
   4 1963 246     0.   0.0   0.0   0.000   0.0   0.0
   4 1963 247     0.   0.0   0.0   0.000   0.0   7.5
   4 1963 248     0.   0.0   0.0   0.000   0.0   0.0
   4 1963 249     0.   0.0   0.0   0.000   0.0  10.3
   4 1963 250     0.   0.0   0.0   0.000   0.0   0.0
   4 1963 251     0.   0.0   0.0   0.000   0.0   0.0
   4 1963 252     0.   0.0   0.0   0.000   0.0   0.0
   4 1963 253     0.   0.0   0.0   0.000   0.0  30.0
   4 1963 254     0.   0.0   0.0   0.000   0.0  30.8
   4 1963 255     0.   0.0   0.0   0.000   0.0   0.0
   4 1963 256     0.   0.0   0.0   0.000   0.0   0.0
   4 1963 257     0.   0.0   0.0   0.000   0.0   0.0
   4 1963 258     0.   0.0   0.0   0.000   0.0   0.0
   4 1963 259     0.   0.0   0.0   0.000   0.0   0.0
   4 1963 260     0.   0.0   0.0   0.000   0.0   0.0
   4 1963 261     0.   0.0   0.0   0.000   0.0   0.0
   4 1963 262     0.   0.0   0.0   0.000   0.0   0.0
   4 1963 263     0.   0.0   0.0   0.000   0.0   0.0
   4 1963 264     0.   0.0   0.0   0.000   0.0   0.0
   4 1963 265     0.   0.0   0.0   0.000   0.0   0.0
   4 1963 266     0.   0.0   0.0   0.000   0.0   0.0
   4 1963 267     0.   0.0   0.0   0.000   0.0   0.0
   4 1963 268     0.   0.0   0.0   0.000   0.0   0.0
   4 1963 269     0.   0.0   0.0   0.000   0.0   0.0
   4 1963 270     0.   0.0   0.0   0.000   0.0   0.0
   4 1963 271     0.   0.0   0.0   0.000   0.0   0.0
   4 1963 272     0.   0.0   0.0   0.000   0.0   0.0
   4 1963 273     0.   0.0   0.0   0.000   0.0   0.0
   4 1963 274     0.   0.0   0.0   0.000   0.0  30.4
   4 1963 275     0.   0.0   0.0   0.000   0.0   3.7
   4 1963 276     0.   0.0   0.0   0.000   0.0   0.0
   4 1963 277     0.   0.0   0.0   0.000   0.0  10.8
   4 1963 278     0.   0.0   0.0   0.000   0.0   0.0
   4 1963 279     0.   0.0   0.0   0.000   0.0   0.0
   4 1963 280     0.   0.0   0.0   0.000   0.0   0.0
   4 1963 281     0.   0.0   0.0   0.000   0.0   0.0
   4 1963 282     0.   0.0   0.0   0.000   0.0   0.0
   4 1963 283     0.   0.0   0.0   0.000   0.0   0.0
   4 1963 284     0.   0.0   0.0   0.000   0.0   0.0
   4 1963 285     0.   0.0   0.0   0.000   0.0   0.0
   4 1963 286     0.   0.0   0.0   0.000   0.0   0.0
   4 1963 287     0.   0.0   0.0   0.000   0.0   0.0
   4 1963 288     0.   0.0   0.0   0.000   0.0   0.0
   4 1963 289     0.   0.0   0.0   0.000   0.0   0.0
   4 1963 290     0.   0.0   0.0   0.000   0.0   0.0
   4 1963 291     0.   0.0   0.0   0.000   0.0   0.0
   4 1963 292     0.   0.0   0.0   0.000   0.0   0.0
   4 1963 293     0.   0.0   0.0   0.000   0.0   0.0
   4 1963 294     0.   0.0   0.0   0.000   0.0   0.0
   4 1963 295     0.   0.0   0.0   0.000   0.0   0.0
   4 1963 296     0.   0.0   0.0   0.000   0.0  20.8
   4 1963 297     0.   0.0   0.0   0.000   0.0   0.0
   4 1963 298     0.   0.0   0.0   0.000   0.0   0.0
   4 1963 299     0.   0.0   0.0   0.000   0.0   0.0
   4 1963 300     0.   0.0   0.0   0.000   0.0   0.0
   4 1963 301     0.   0.0   0.0   0.000   0.0   0.0
   4 1963 302     0.   0.0   0.0   0.000   0.0   0.0
   4 1963 303     0.   0.0   0.0   0.000   0.0   0.0
   4 1963 304     0.   0.0   0.0   0.000   0.0   0.0
   4 1963 305     0.   0.0   0.0   0.000   0.0   0.0
   4 1963 306     0.   0.0   0.0   0.000   0.0   0.0
   4 1963 307     0.   0.0   0.0   0.000   0.0   0.0
   4 1963 308     0.   0.0   0.0   0.000   0.0   0.0
   4 1963 309     0.   0.0   0.0   0.000   0.0   0.0
   4 1963 310     0.   0.0   0.0   0.000   0.0   0.0
   4 1963 311     0.   0.0   0.0   0.000   0.0   0.0
   4 1963 312     0.   0.0   0.0   0.000   0.0   0.0
   4 1963 313     0.   0.0   0.0   0.000   0.0   0.0
   4 1963 314     0.   0.0   0.0   0.000   0.0   0.0
   4 1963 315     0.   0.0   0.0   0.000   0.0   0.0
   4 1963 316     0.   0.0   0.0   0.000   0.0   0.0
   4 1963 317     0.   0.0   0.0   0.000   0.0   0.0
   4 1963 318     0.   0.0   0.0   0.000   0.0   0.0
   4 1963 319     0.   0.0   0.0   0.000   0.0   0.0
   4 1963 320     0.   0.0   0.0   0.000   0.0   0.0
   4 1963 321     0.   0.0   0.0   0.000   0.0   0.0
   4 1963 322     0.   0.0   0.0   0.000   0.0   0.0
   4 1963 323     0.   0.0   0.0   0.000   0.0   0.0
   4 1963 324     0.   0.0   0.0   0.000   0.0   0.0
   4 1963 325     0.   0.0   0.0   0.000   0.0   0.0
   4 1963 326     0.   0.0   0.0   0.000   0.0   0.0
   4 1963 327     0.   0.0   0.0   0.000   0.0   0.0
   4 1963 328     0.   0.0   0.0   0.000   0.0   0.0
   4 1963 329     0.   0.0   0.0   0.000   0.0   0.0
   4 1963 330     0.   0.0   0.0   0.000   0.0   0.0
   4 1963 331     0.   0.0   0.0   0.000   0.0   0.0
   4 1963 332     0.   0.0   0.0   0.000   0.0   0.0
   4 1963 333     0.   0.0   0.0   0.000   0.0   0.0
   4 1963 334     0.   0.0   0.0   0.000   0.0   0.0
   4 1963 335     0.   0.0   0.0   0.000   0.0   0.0
   4 1963 336     0.   0.0   0.0   0.000   0.0   0.0
   4 1963 337     0.   0.0   0.0   0.000   0.0   0.0
   4 1963 338     0.   0.0   0.0   0.000   0.0   0.0
   4 1963 339     0.   0.0   0.0   0.000   0.0   0.0
   4 1963 340     0.   0.0   0.0   0.000   0.0   0.0
   4 1963 341     0.   0.0   0.0   0.000   0.0   0.0
   4 1963 342     0.   0.0   0.0   0.000   0.0   0.0
   4 1963 343     0.   0.0   0.0   0.000   0.0   0.0
   4 1963 344     0.   0.0   0.0   0.000   0.0   0.0
   4 1963 345     0.   0.0   0.0   0.000   0.0   0.0
   4 1963 346     0.   0.0   0.0   0.000   0.0   0.0
   4 1963 347     0.   0.0   0.0   0.000   0.0   0.0
   4 1963 348     0.   0.0   0.0   0.000   0.0   0.0
   4 1963 349     0.   0.0   0.0   0.000   0.0   0.0
   4 1963 350     0.   0.0   0.0   0.000   0.0   0.0
   4 1963 351     0.   0.0   0.0   0.000   0.0   0.0
   4 1963 352     0.   0.0   0.0   0.000   0.0   0.0
   4 1963 353     0.   0.0   0.0   0.000   0.0   0.0
   4 1963 354     0.   0.0   0.0   0.000   0.0   0.0
   4 1963 355     0.   0.0   0.0   0.000   0.0   0.0
   4 1963 356     0.   0.0   0.0   0.000   0.0   0.0
   4 1963 357     0.   0.0   0.0   0.000   0.0   0.0
   4 1963 358     0.   0.0   0.0   0.000   0.0   0.0
   4 1963 359     0.   0.0   0.0   0.000   0.0   0.0
   4 1963 360     0.   0.0   0.0   0.000   0.0   0.0
   4 1963 361     0.   0.0   0.0   0.000   0.0   0.0
   4 1963 362     0.   0.0   0.0   0.000   0.0   0.0
   4 1963 363     0.   0.0   0.0   0.000   0.0   0.0
   4 1963 364     0.   0.0   0.0   0.000   0.0   0.0
   4 1963 365     0.   0.0   0.0   0.000   0.0   0.0
