*---------------------------------------------------------------------------*
* Station name: Mopti-aerodrome, Mopti-region, Mali
* Year: 1959
* Author: Olaf Erenstein & Willem Stol
* Source: Meteo Mali
* Comments: Daily raindata, others monthly means
*
* Longitude: 04 06 W
* Latitude:  14 31 N
* Altitude:    271 m
*
* Column  Daily value
* 1       station number
* 2       year
* 3       day
* 4       irradiation                   (kJ m-2 d-1)
* 5       minimum temperature           (degrees Celsius)
* 6       maximum temperature           (degrees Celsius)
* 7       early morning vapour pressure (kPa)
* 8       mean wind speed (height: 2 m) (m s-1)
* 9       precipitation                 (mm d-1)
*---------------------------------------------------------------------------*
  -4.10  14.52   271. 0.00 0.00
   2 1959   1      4     4     4       4     4     4
   2 1959   1     0.   0.0   0.0   0.000   0.0   0.0
   2 1959   2     0.   0.0   0.0   0.000   0.0   0.0
   2 1959   3     0.   0.0   0.0   0.000   0.0   0.0
   2 1959   4     0.   0.0   0.0   0.000   0.0   0.0
   2 1959   5     0.   0.0   0.0   0.000   0.0   0.0
   2 1959   6     0.   0.0   0.0   0.000   0.0   0.0
   2 1959   7     0.   0.0   0.0   0.000   0.0   0.0
   2 1959   8     0.   0.0   0.0   0.000   0.0   0.0
   2 1959   9     0.   0.0   0.0   0.000   0.0   0.0
   2 1959  10     0.   0.0   0.0   0.000   0.0   0.0
   2 1959  11     0.   0.0   0.0   0.000   0.0   0.0
   2 1959  12     0.   0.0   0.0   0.000   0.0   0.0
   2 1959  13     0.   0.0   0.0   0.000   0.0   0.0
   2 1959  14     0.   0.0   0.0   0.000   0.0   0.0
   2 1959  15     0.   0.0   0.0   0.000   0.0   0.0
   2 1959  16     0.   0.0   0.0   0.000   0.0   0.0
   2 1959  17     0.   0.0   0.0   0.000   0.0   0.0
   2 1959  18     0.   0.0   0.0   0.000   0.0   0.0
   2 1959  19     0.   0.0   0.0   0.000   0.0   0.0
   2 1959  20     0.   0.0   0.0   0.000   0.0   0.0
   2 1959  21     0.   0.0   0.0   0.000   0.0   0.0
   2 1959  22     0.   0.0   0.0   0.000   0.0   0.0
   2 1959  23     0.   0.0   0.0   0.000   0.0   0.0
   2 1959  24     0.   0.0   0.0   0.000   0.0   0.0
   2 1959  25     0.   0.0   0.0   0.000   0.0   0.0
   2 1959  26     0.   0.0   0.0   0.000   0.0   0.0
   2 1959  27     0.   0.0   0.0   0.000   0.0   0.0
   2 1959  28     0.   0.0   0.0   0.000   0.0   0.0
   2 1959  29     0.   0.0   0.0   0.000   0.0   0.0
   2 1959  30     0.   0.0   0.0   0.000   0.0   0.0
   2 1959  31     0.   0.0   0.0   0.000   0.0   0.0
   2 1959  32     0.   0.0   0.0   0.000   0.0   0.0
   2 1959  33     0.   0.0   0.0   0.000   0.0   0.0
   2 1959  34     0.   0.0   0.0   0.000   0.0   0.0
   2 1959  35     0.   0.0   0.0   0.000   0.0   0.0
   2 1959  36     0.   0.0   0.0   0.000   0.0   0.0
   2 1959  37     0.   0.0   0.0   0.000   0.0   0.0
   2 1959  38     0.   0.0   0.0   0.000   0.0   0.0
   2 1959  39     0.   0.0   0.0   0.000   0.0   0.0
   2 1959  40     0.   0.0   0.0   0.000   0.0   0.0
   2 1959  41     0.   0.0   0.0   0.000   0.0   0.0
   2 1959  42     0.   0.0   0.0   0.000   0.0   0.0
   2 1959  43     0.   0.0   0.0   0.000   0.0   0.0
   2 1959  44     0.   0.0   0.0   0.000   0.0   0.0
   2 1959  45     0.   0.0   0.0   0.000   0.0   0.0
   2 1959  46     0.   0.0   0.0   0.000   0.0   0.0
   2 1959  47     0.   0.0   0.0   0.000   0.0   0.0
   2 1959  48     0.   0.0   0.0   0.000   0.0   0.0
   2 1959  49     0.   0.0   0.0   0.000   0.0   0.0
   2 1959  50     0.   0.0   0.0   0.000   0.0   0.0
   2 1959  51     0.   0.0   0.0   0.000   0.0   0.0
   2 1959  52     0.   0.0   0.0   0.000   0.0   0.0
   2 1959  53     0.   0.0   0.0   0.000   0.0   0.0
   2 1959  54     0.   0.0   0.0   0.000   0.0   0.0
   2 1959  55     0.   0.0   0.0   0.000   0.0   0.0
   2 1959  56     0.   0.0   0.0   0.000   0.0   0.0
   2 1959  57     0.   0.0   0.0   0.000   0.0   0.0
   2 1959  58     0.   0.0   0.0   0.000   0.0   0.0
   2 1959  59     0.   0.0   0.0   0.000   0.0   0.0
   2 1959  60     0.   0.0   0.0   0.000   0.0   0.0
   2 1959  61     0.   0.0   0.0   0.000   0.0   0.0
   2 1959  62     0.   0.0   0.0   0.000   0.0   0.0
   2 1959  63     0.   0.0   0.0   0.000   0.0   0.0
   2 1959  64     0.   0.0   0.0   0.000   0.0   0.0
   2 1959  65     0.   0.0   0.0   0.000   0.0   0.0
   2 1959  66     0.   0.0   0.0   0.000   0.0   0.0
   2 1959  67     0.   0.0   0.0   0.000   0.0   0.0
   2 1959  68     0.   0.0   0.0   0.000   0.0   0.0
   2 1959  69     0.   0.0   0.0   0.000   0.0   0.0
   2 1959  70     0.   0.0   0.0   0.000   0.0   0.0
   2 1959  71     0.   0.0   0.0   0.000   0.0   0.0
   2 1959  72     0.   0.0   0.0   0.000   0.0   0.0
   2 1959  73     0.   0.0   0.0   0.000   0.0   0.0
   2 1959  74     0.   0.0   0.0   0.000   0.0   0.0
   2 1959  75     0.   0.0   0.0   0.000   0.0   0.0
   2 1959  76     0.   0.0   0.0   0.000   0.0   0.0
   2 1959  77     0.   0.0   0.0   0.000   0.0   0.0
   2 1959  78     0.   0.0   0.0   0.000   0.0   0.0
   2 1959  79     0.   0.0   0.0   0.000   0.0   0.0
   2 1959  80     0.   0.0   0.0   0.000   0.0   0.0
   2 1959  81     0.   0.0   0.0   0.000   0.0   0.0
   2 1959  82     0.   0.0   0.0   0.000   0.0   0.0
   2 1959  83     0.   0.0   0.0   0.000   0.0   0.0
   2 1959  84     0.   0.0   0.0   0.000   0.0   0.0
   2 1959  85     0.   0.0   0.0   0.000   0.0   0.0
   2 1959  86     0.   0.0   0.0   0.000   0.0   0.0
   2 1959  87     0.   0.0   0.0   0.000   0.0   0.0
   2 1959  88     0.   0.0   0.0   0.000   0.0   0.0
   2 1959  89     0.   0.0   0.0   0.000   0.0   0.0
   2 1959  90     0.   0.0   0.0   0.000   0.0   0.0
   2 1959  91     0.   0.0   0.0   0.000   0.0   0.0
   2 1959  92     0.   0.0   0.0   0.000   0.0   0.0
   2 1959  93     0.   0.0   0.0   0.000   0.0   0.0
   2 1959  94     0.   0.0   0.0   0.000   0.0   0.0
   2 1959  95     0.   0.0   0.0   0.000   0.0   0.0
   2 1959  96     0.   0.0   0.0   0.000   0.0   0.0
   2 1959  97     0.   0.0   0.0   0.000   0.0   0.0
   2 1959  98     0.   0.0   0.0   0.000   0.0   0.0
   2 1959  99     0.   0.0   0.0   0.000   0.0   0.0
   2 1959 100     0.   0.0   0.0   0.000   0.0   0.0
   2 1959 101     0.   0.0   0.0   0.000   0.0   0.0
   2 1959 102     0.   0.0   0.0   0.000   0.0   0.0
   2 1959 103     0.   0.0   0.0   0.000   0.0   0.0
   2 1959 104     0.   0.0   0.0   0.000   0.0   0.0
   2 1959 105     0.   0.0   0.0   0.000   0.0   0.0
   2 1959 106     0.   0.0   0.0   0.000   0.0   0.0
   2 1959 107     0.   0.0   0.0   0.000   0.0   0.0
   2 1959 108     0.   0.0   0.0   0.000   0.0   0.0
   2 1959 109     0.   0.0   0.0   0.000   0.0   0.0
   2 1959 110     0.   0.0   0.0   0.000   0.0   0.0
   2 1959 111     0.   0.0   0.0   0.000   0.0   0.0
   2 1959 112     0.   0.0   0.0   0.000   0.0   0.0
   2 1959 113     0.   0.0   0.0   0.000   0.0   0.0
   2 1959 114     0.   0.0   0.0   0.000   0.0   0.0
   2 1959 115     0.   0.0   0.0   0.000   0.0   0.0
   2 1959 116     0.   0.0   0.0   0.000   0.0   0.0
   2 1959 117     0.   0.0   0.0   0.000   0.0   0.0
   2 1959 118     0.   0.0   0.0   0.000   0.0   0.0
   2 1959 119     0.   0.0   0.0   0.000   0.0   0.0
   2 1959 120     0.   0.0   0.0   0.000   0.0   0.0
   2 1959 121      4     4     4       4     4     1
   2 1959 121     0.   0.0   0.0   0.000   0.0   0.6
   2 1959 122     0.   0.0   0.0   0.000   0.0   0.0
   2 1959 123     0.   0.0   0.0   0.000   0.0   0.0
   2 1959 124     0.   0.0   0.0   0.000   0.0   0.0
   2 1959 125     0.   0.0   0.0   0.000   0.0   0.0
   2 1959 126     0.   0.0   0.0   0.000   0.0   0.0
   2 1959 127     0.   0.0   0.0   0.000   0.0   0.0
   2 1959 128     0.   0.0   0.0   0.000   0.0   0.0
   2 1959 129     0.   0.0   0.0   0.000   0.0   0.0
   2 1959 130     0.   0.0   0.0   0.000   0.0   0.0
   2 1959 131     0.   0.0   0.0   0.000   0.0  13.4
   2 1959 132     0.   0.0   0.0   0.000   0.0   0.0
   2 1959 133     0.   0.0   0.0   0.000   0.0   7.0
   2 1959 134     0.   0.0   0.0   0.000   0.0   0.0
   2 1959 135     0.   0.0   0.0   0.000   0.0   0.0
   2 1959 136     0.   0.0   0.0   0.000   0.0   0.0
   2 1959 137     0.   0.0   0.0   0.000   0.0   0.0
   2 1959 138     0.   0.0   0.0   0.000   0.0   5.3
   2 1959 139     0.   0.0   0.0   0.000   0.0   0.0
   2 1959 140     0.   0.0   0.0   0.000   0.0   4.3
   2 1959 141     0.   0.0   0.0   0.000   0.0  18.4
   2 1959 142     0.   0.0   0.0   0.000   0.0   0.0
   2 1959 143     0.   0.0   0.0   0.000   0.0   0.0
   2 1959 144     0.   0.0   0.0   0.000   0.0   0.0
   2 1959 145     0.   0.0   0.0   0.000   0.0   0.0
   2 1959 146     0.   0.0   0.0   0.000   0.0   0.0
   2 1959 147     0.   0.0   0.0   0.000   0.0   0.0
   2 1959 148     0.   0.0   0.0   0.000   0.0   0.0
   2 1959 149     0.   0.0   0.0   0.000   0.0   0.0
   2 1959 150     0.   0.0   0.0   0.000   0.0   0.0
   2 1959 151     0.   0.0   0.0   0.000   0.0   0.0
   2 1959 152     0.   0.0   0.0   0.000   0.0   0.5
   2 1959 153     0.   0.0   0.0   0.000   0.0   0.0
   2 1959 154     0.   0.0   0.0   0.000   0.0   0.0
   2 1959 155     0.   0.0   0.0   0.000   0.0   4.7
   2 1959 156     0.   0.0   0.0   0.000   0.0   0.0
   2 1959 157     0.   0.0   0.0   0.000   0.0   0.0
   2 1959 158     0.   0.0   0.0   0.000   0.0   0.0
   2 1959 159     0.   0.0   0.0   0.000   0.0   0.0
   2 1959 160     0.   0.0   0.0   0.000   0.0   0.0
   2 1959 161     0.   0.0   0.0   0.000   0.0   0.0
   2 1959 162     0.   0.0   0.0   0.000   0.0   0.0
   2 1959 163     0.   0.0   0.0   0.000   0.0   0.0
   2 1959 164     0.   0.0   0.0   0.000   0.0   0.0
   2 1959 165     0.   0.0   0.0   0.000   0.0   4.8
   2 1959 166     0.   0.0   0.0   0.000   0.0   0.0
   2 1959 167     0.   0.0   0.0   0.000   0.0   0.0
   2 1959 168     0.   0.0   0.0   0.000   0.0   3.2
   2 1959 169     0.   0.0   0.0   0.000   0.0   0.0
   2 1959 170     0.   0.0   0.0   0.000   0.0   0.0
   2 1959 171     0.   0.0   0.0   0.000   0.0   0.0
   2 1959 172     0.   0.0   0.0   0.000   0.0   0.0
   2 1959 173     0.   0.0   0.0   0.000   0.0   0.0
   2 1959 174     0.   0.0   0.0   0.000   0.0   0.0
   2 1959 175     0.   0.0   0.0   0.000   0.0   0.0
   2 1959 176     0.   0.0   0.0   0.000   0.0   0.0
   2 1959 177     0.   0.0   0.0   0.000   0.0   0.0
   2 1959 178     0.   0.0   0.0   0.000   0.0   3.3
   2 1959 179     0.   0.0   0.0   0.000   0.0   0.0
   2 1959 180     0.   0.0   0.0   0.000   0.0   0.0
   2 1959 181     0.   0.0   0.0   0.000   0.0   0.0
   2 1959 182     0.   0.0   0.0   0.000   0.0   0.0
   2 1959 183     0.   0.0   0.0   0.000   0.0   2.2
   2 1959 184     0.   0.0   0.0   0.000   0.0   0.4
   2 1959 185     0.   0.0   0.0   0.000   0.0   5.0
   2 1959 186     0.   0.0   0.0   0.000   0.0   6.2
   2 1959 187     0.   0.0   0.0   0.000   0.0   0.0
   2 1959 188     0.   0.0   0.0   0.000   0.0  18.7
   2 1959 189     0.   0.0   0.0   0.000   0.0   0.0
   2 1959 190     0.   0.0   0.0   0.000   0.0  18.2
   2 1959 191     0.   0.0   0.0   0.000   0.0   5.6
   2 1959 192     0.   0.0   0.0   0.000   0.0   1.2
   2 1959 193     0.   0.0   0.0   0.000   0.0   0.0
   2 1959 194     0.   0.0   0.0   0.000   0.0   2.5
   2 1959 195     0.   0.0   0.0   0.000   0.0   0.0
   2 1959 196     0.   0.0   0.0   0.000   0.0   0.0
   2 1959 197     0.   0.0   0.0   0.000   0.0   0.0
   2 1959 198     0.   0.0   0.0   0.000   0.0   0.0
   2 1959 199     0.   0.0   0.0   0.000   0.0   0.0
   2 1959 200     0.   0.0   0.0   0.000   0.0  21.5
   2 1959 201     0.   0.0   0.0   0.000   0.0   1.0
   2 1959 202     0.   0.0   0.0   0.000   0.0   1.1
   2 1959 203     0.   0.0   0.0   0.000   0.0   0.0
   2 1959 204     0.   0.0   0.0   0.000   0.0   0.0
   2 1959 205     0.   0.0   0.0   0.000   0.0   0.0
   2 1959 206     0.   0.0   0.0   0.000   0.0   0.0
   2 1959 207     0.   0.0   0.0   0.000   0.0  13.4
   2 1959 208     0.   0.0   0.0   0.000   0.0   0.0
   2 1959 209     0.   0.0   0.0   0.000   0.0   0.0
   2 1959 210     0.   0.0   0.0   0.000   0.0   0.0
   2 1959 211     0.   0.0   0.0   0.000   0.0   0.0
   2 1959 212     0.   0.0   0.0   0.000   0.0  53.2
   2 1959 213     0.   0.0   0.0   0.000   0.0  23.5
   2 1959 214     0.   0.0   0.0   0.000   0.0   0.2
   2 1959 215     0.   0.0   0.0   0.000   0.0  26.0
   2 1959 216     0.   0.0   0.0   0.000   0.0   0.0
   2 1959 217     0.   0.0   0.0   0.000   0.0   1.7
   2 1959 218     0.   0.0   0.0   0.000   0.0   0.0
   2 1959 219     0.   0.0   0.0   0.000   0.0   0.0
   2 1959 220     0.   0.0   0.0   0.000   0.0   0.0
   2 1959 221     0.   0.0   0.0   0.000   0.0  22.8
   2 1959 222     0.   0.0   0.0   0.000   0.0   0.0
   2 1959 223     0.   0.0   0.0   0.000   0.0  35.7
   2 1959 224     0.   0.0   0.0   0.000   0.0   0.0
   2 1959 225     0.   0.0   0.0   0.000   0.0  28.2
   2 1959 226     0.   0.0   0.0   0.000   0.0   0.0
   2 1959 227     0.   0.0   0.0   0.000   0.0   0.0
   2 1959 228     0.   0.0   0.0   0.000   0.0  37.4
   2 1959 229     0.   0.0   0.0   0.000   0.0  22.1
   2 1959 230     0.   0.0   0.0   0.000   0.0   0.0
   2 1959 231     0.   0.0   0.0   0.000   0.0   6.6
   2 1959 232     0.   0.0   0.0   0.000   0.0  17.2
   2 1959 233     0.   0.0   0.0   0.000   0.0  35.8
   2 1959 234     0.   0.0   0.0   0.000   0.0   0.0
   2 1959 235     0.   0.0   0.0   0.000   0.0   1.9
   2 1959 236     0.   0.0   0.0   0.000   0.0  17.5
   2 1959 237     0.   0.0   0.0   0.000   0.0   0.1
   2 1959 238     0.   0.0   0.0   0.000   0.0   0.0
   2 1959 239     0.   0.0   0.0   0.000   0.0   0.5
   2 1959 240     0.   0.0   0.0   0.000   0.0  15.1
   2 1959 241     0.   0.0   0.0   0.000   0.0   0.0
   2 1959 242     0.   0.0   0.0   0.000   0.0   0.0
   2 1959 243     0.   0.0   0.0   0.000   0.0   0.0
   2 1959 244     0.   0.0   0.0   0.000   0.0   7.3
   2 1959 245     0.   0.0   0.0   0.000   0.0  25.9
   2 1959 246     0.   0.0   0.0   0.000   0.0   0.0
   2 1959 247     0.   0.0   0.0   0.000   0.0   0.0
   2 1959 248     0.   0.0   0.0   0.000   0.0   0.0
   2 1959 249     0.   0.0   0.0   0.000   0.0   0.0
   2 1959 250     0.   0.0   0.0   0.000   0.0   0.0
   2 1959 251     0.   0.0   0.0   0.000   0.0   3.2
   2 1959 252     0.   0.0   0.0   0.000   0.0   0.0
   2 1959 253     0.   0.0   0.0   0.000   0.0   0.0
   2 1959 254     0.   0.0   0.0   0.000   0.0   9.1
   2 1959 255     0.   0.0   0.0   0.000   0.0   0.0
   2 1959 256     0.   0.0   0.0   0.000   0.0   0.0
   2 1959 257     0.   0.0   0.0   0.000   0.0   0.0
   2 1959 258     0.   0.0   0.0   0.000   0.0   0.0
   2 1959 259     0.   0.0   0.0   0.000   0.0  13.5
   2 1959 260     0.   0.0   0.0   0.000   0.0   0.0
   2 1959 261     0.   0.0   0.0   0.000   0.0  15.8
   2 1959 262     0.   0.0   0.0   0.000   0.0   0.0
   2 1959 263     0.   0.0   0.0   0.000   0.0   0.0
   2 1959 264     0.   0.0   0.0   0.000   0.0   0.4
   2 1959 265     0.   0.0   0.0   0.000   0.0   1.1
   2 1959 266     0.   0.0   0.0   0.000   0.0   0.0
   2 1959 267     0.   0.0   0.0   0.000   0.0  20.6
   2 1959 268     0.   0.0   0.0   0.000   0.0   0.0
   2 1959 269     0.   0.0   0.0   0.000   0.0   0.0
   2 1959 270     0.   0.0   0.0   0.000   0.0   0.0
   2 1959 271     0.   0.0   0.0   0.000   0.0   0.0
   2 1959 272     0.   0.0   0.0   0.000   0.0  10.9
   2 1959 273     0.   0.0   0.0   0.000   0.0   0.0
   2 1959 274     0.   0.0   0.0   0.000   0.0   0.0
   2 1959 275     0.   0.0   0.0   0.000   0.0   0.0
   2 1959 276     0.   0.0   0.0   0.000   0.0   0.0
   2 1959 277     0.   0.0   0.0   0.000   0.0   0.0
   2 1959 278     0.   0.0   0.0   0.000   0.0   0.0
   2 1959 279     0.   0.0   0.0   0.000   0.0   0.0
   2 1959 280     0.   0.0   0.0   0.000   0.0   0.0
   2 1959 281     0.   0.0   0.0   0.000   0.0   0.0
   2 1959 282     0.   0.0   0.0   0.000   0.0   0.0
   2 1959 283     0.   0.0   0.0   0.000   0.0   0.0
   2 1959 284     0.   0.0   0.0   0.000   0.0   2.3
   2 1959 285     0.   0.0   0.0   0.000   0.0   0.0
   2 1959 286     0.   0.0   0.0   0.000   0.0   0.0
   2 1959 287     0.   0.0   0.0   0.000   0.0   0.0
   2 1959 288     0.   0.0   0.0   0.000   0.0   0.0
   2 1959 289     0.   0.0   0.0   0.000   0.0   0.0
   2 1959 290     0.   0.0   0.0   0.000   0.0   0.0
   2 1959 291     0.   0.0   0.0   0.000   0.0   0.0
   2 1959 292     0.   0.0   0.0   0.000   0.0   0.0
   2 1959 293     0.   0.0   0.0   0.000   0.0   0.0
   2 1959 294     0.   0.0   0.0   0.000   0.0   0.0
   2 1959 295     0.   0.0   0.0   0.000   0.0   0.0
   2 1959 296     0.   0.0   0.0   0.000   0.0   0.0
   2 1959 297     0.   0.0   0.0   0.000   0.0   0.0
   2 1959 298     0.   0.0   0.0   0.000   0.0   0.0
   2 1959 299     0.   0.0   0.0   0.000   0.0   0.0
   2 1959 300     0.   0.0   0.0   0.000   0.0   0.0
   2 1959 301     0.   0.0   0.0   0.000   0.0   0.0
   2 1959 302     0.   0.0   0.0   0.000   0.0   0.0
   2 1959 303     0.   0.0   0.0   0.000   0.0   0.0
   2 1959 304     0.   0.0   0.0   0.000   0.0   0.0
   2 1959 305      4     4     4       4     4     4
   2 1959 305     0.   0.0   0.0   0.000   0.0   0.0
   2 1959 306     0.   0.0   0.0   0.000   0.0   0.0
   2 1959 307     0.   0.0   0.0   0.000   0.0   0.0
   2 1959 308     0.   0.0   0.0   0.000   0.0   0.0
   2 1959 309     0.   0.0   0.0   0.000   0.0   0.0
   2 1959 310     0.   0.0   0.0   0.000   0.0   0.0
   2 1959 311     0.   0.0   0.0   0.000   0.0   0.0
   2 1959 312     0.   0.0   0.0   0.000   0.0   0.0
   2 1959 313     0.   0.0   0.0   0.000   0.0   0.0
   2 1959 314     0.   0.0   0.0   0.000   0.0   0.0
   2 1959 315     0.   0.0   0.0   0.000   0.0   0.0
   2 1959 316     0.   0.0   0.0   0.000   0.0   0.0
   2 1959 317     0.   0.0   0.0   0.000   0.0   0.0
   2 1959 318     0.   0.0   0.0   0.000   0.0   0.0
   2 1959 319     0.   0.0   0.0   0.000   0.0   0.0
   2 1959 320     0.   0.0   0.0   0.000   0.0   0.0
   2 1959 321     0.   0.0   0.0   0.000   0.0   0.0
   2 1959 322     0.   0.0   0.0   0.000   0.0   0.0
   2 1959 323     0.   0.0   0.0   0.000   0.0   0.0
   2 1959 324     0.   0.0   0.0   0.000   0.0   0.0
   2 1959 325     0.   0.0   0.0   0.000   0.0   0.0
   2 1959 326     0.   0.0   0.0   0.000   0.0   0.0
   2 1959 327     0.   0.0   0.0   0.000   0.0   0.0
   2 1959 328     0.   0.0   0.0   0.000   0.0   0.0
   2 1959 329     0.   0.0   0.0   0.000   0.0   0.0
   2 1959 330     0.   0.0   0.0   0.000   0.0   0.0
   2 1959 331     0.   0.0   0.0   0.000   0.0   0.0
   2 1959 332     0.   0.0   0.0   0.000   0.0   0.0
   2 1959 333     0.   0.0   0.0   0.000   0.0   0.0
   2 1959 334     0.   0.0   0.0   0.000   0.0   0.0
   2 1959 335     0.   0.0   0.0   0.000   0.0   0.0
   2 1959 336     0.   0.0   0.0   0.000   0.0   0.0
   2 1959 337     0.   0.0   0.0   0.000   0.0   0.0
   2 1959 338     0.   0.0   0.0   0.000   0.0   0.0
   2 1959 339     0.   0.0   0.0   0.000   0.0   0.0
   2 1959 340     0.   0.0   0.0   0.000   0.0   0.0
   2 1959 341     0.   0.0   0.0   0.000   0.0   0.0
   2 1959 342     0.   0.0   0.0   0.000   0.0   0.0
   2 1959 343     0.   0.0   0.0   0.000   0.0   0.0
   2 1959 344     0.   0.0   0.0   0.000   0.0   0.0
   2 1959 345     0.   0.0   0.0   0.000   0.0   0.0
   2 1959 346     0.   0.0   0.0   0.000   0.0   0.0
   2 1959 347     0.   0.0   0.0   0.000   0.0   0.0
   2 1959 348     0.   0.0   0.0   0.000   0.0   0.0
   2 1959 349     0.   0.0   0.0   0.000   0.0   0.0
   2 1959 350     0.   0.0   0.0   0.000   0.0   0.0
   2 1959 351     0.   0.0   0.0   0.000   0.0   0.0
   2 1959 352     0.   0.0   0.0   0.000   0.0   0.0
   2 1959 353     0.   0.0   0.0   0.000   0.0   0.0
   2 1959 354     0.   0.0   0.0   0.000   0.0   0.0
   2 1959 355     0.   0.0   0.0   0.000   0.0   0.0
   2 1959 356     0.   0.0   0.0   0.000   0.0   0.0
   2 1959 357     0.   0.0   0.0   0.000   0.0   0.0
   2 1959 358     0.   0.0   0.0   0.000   0.0   0.0
   2 1959 359     0.   0.0   0.0   0.000   0.0   0.0
   2 1959 360     0.   0.0   0.0   0.000   0.0   0.0
   2 1959 361     0.   0.0   0.0   0.000   0.0   0.0
   2 1959 362     0.   0.0   0.0   0.000   0.0   0.0
   2 1959 363     0.   0.0   0.0   0.000   0.0   0.0
   2 1959 364     0.   0.0   0.0   0.000   0.0   0.0
   2 1959 365     0.   0.0   0.0   0.000   0.0   0.0
