*---------------------------------------------------------------------------*
* Station name: Bankass, Mopti-region, Mali
* Year: 1966
* Author: Olaf Erenstein & Willem Stol
* Source: Meteorological Service, Mali
* Comments: Daily raindata
*
* Longitude:   3 31 W
* Latitude:   14 04 N
* Altitude:     294 m
*
* Column  Daily value
* 1       station number
* 2       year
* 3       day
* 4       irradiation                   (kJ m-2 d-1)
* 5       minimum temperature           (degrees Celsius)
* 6       maximum temperature           (degrees Celsius)
* 7       early morning vapour pressure (kPa)
* 8       mean wind speed (height: 2 m) (m s-1)
* 9       precipitation                 (mm d-1)
*---------------------------------------------------------------------------*
  -3.52  14.07   294. 0.00 0.00
   3 1966   1      4     4     4       4     4     1
   3 1966   1     0.   0.0   0.0   0.000   0.0   0.0
   3 1966   2     0.   0.0   0.0   0.000   0.0   0.0
   3 1966   3     0.   0.0   0.0   0.000   0.0   0.0
   3 1966   4     0.   0.0   0.0   0.000   0.0   0.0
   3 1966   5     0.   0.0   0.0   0.000   0.0   0.0
   3 1966   6     0.   0.0   0.0   0.000   0.0   0.0
   3 1966   7     0.   0.0   0.0   0.000   0.0   0.0
   3 1966   8     0.   0.0   0.0   0.000   0.0   0.0
   3 1966   9     0.   0.0   0.0   0.000   0.0   0.0
   3 1966  10     0.   0.0   0.0   0.000   0.0   0.0
   3 1966  11     0.   0.0   0.0   0.000   0.0   0.0
   3 1966  12     0.   0.0   0.0   0.000   0.0   0.0
   3 1966  13     0.   0.0   0.0   0.000   0.0   0.0
   3 1966  14     0.   0.0   0.0   0.000   0.0   0.0
   3 1966  15     0.   0.0   0.0   0.000   0.0   0.0
   3 1966  16     0.   0.0   0.0   0.000   0.0   0.0
   3 1966  17     0.   0.0   0.0   0.000   0.0   0.0
   3 1966  18     0.   0.0   0.0   0.000   0.0   0.0
   3 1966  19     0.   0.0   0.0   0.000   0.0   0.0
   3 1966  20     0.   0.0   0.0   0.000   0.0   0.0
   3 1966  21     0.   0.0   0.0   0.000   0.0   0.0
   3 1966  22     0.   0.0   0.0   0.000   0.0   0.0
   3 1966  23     0.   0.0   0.0   0.000   0.0   0.0
   3 1966  24     0.   0.0   0.0   0.000   0.0   0.0
   3 1966  25     0.   0.0   0.0   0.000   0.0   0.0
   3 1966  26     0.   0.0   0.0   0.000   0.0   0.0
   3 1966  27     0.   0.0   0.0   0.000   0.0   0.0
   3 1966  28     0.   0.0   0.0   0.000   0.0   0.0
   3 1966  29     0.   0.0   0.0   0.000   0.0   0.0
   3 1966  30     0.   0.0   0.0   0.000   0.0   0.0
   3 1966  31     0.   0.0   0.0   0.000   0.0   0.0
   3 1966  32     0.   0.0   0.0   0.000   0.0   0.0
   3 1966  33     0.   0.0   0.0   0.000   0.0   0.0
   3 1966  34     0.   0.0   0.0   0.000   0.0   0.0
   3 1966  35     0.   0.0   0.0   0.000   0.0   0.0
   3 1966  36     0.   0.0   0.0   0.000   0.0   0.0
   3 1966  37     0.   0.0   0.0   0.000   0.0   0.0
   3 1966  38     0.   0.0   0.0   0.000   0.0   0.0
   3 1966  39     0.   0.0   0.0   0.000   0.0   0.0
   3 1966  40     0.   0.0   0.0   0.000   0.0   0.0
   3 1966  41     0.   0.0   0.0   0.000   0.0   0.0
   3 1966  42     0.   0.0   0.0   0.000   0.0   0.0
   3 1966  43     0.   0.0   0.0   0.000   0.0   0.0
   3 1966  44     0.   0.0   0.0   0.000   0.0   0.0
   3 1966  45     0.   0.0   0.0   0.000   0.0   0.0
   3 1966  46     0.   0.0   0.0   0.000   0.0   0.0
   3 1966  47     0.   0.0   0.0   0.000   0.0   0.0
   3 1966  48     0.   0.0   0.0   0.000   0.0   0.0
   3 1966  49     0.   0.0   0.0   0.000   0.0   0.0
   3 1966  50     0.   0.0   0.0   0.000   0.0   0.0
   3 1966  51     0.   0.0   0.0   0.000   0.0   0.0
   3 1966  52     0.   0.0   0.0   0.000   0.0   0.0
   3 1966  53     0.   0.0   0.0   0.000   0.0   0.0
   3 1966  54     0.   0.0   0.0   0.000   0.0   0.0
   3 1966  55     0.   0.0   0.0   0.000   0.0   0.0
   3 1966  56     0.   0.0   0.0   0.000   0.0   0.0
   3 1966  57     0.   0.0   0.0   0.000   0.0   0.0
   3 1966  58     0.   0.0   0.0   0.000   0.0   0.0
   3 1966  59     0.   0.0   0.0   0.000   0.0   0.0
   3 1966  60     0.   0.0   0.0   0.000   0.0   0.0
   3 1966  61     0.   0.0   0.0   0.000   0.0   0.0
   3 1966  62     0.   0.0   0.0   0.000   0.0   0.0
   3 1966  63     0.   0.0   0.0   0.000   0.0   0.0
   3 1966  64     0.   0.0   0.0   0.000   0.0   0.0
   3 1966  65     0.   0.0   0.0   0.000   0.0   0.0
   3 1966  66     0.   0.0   0.0   0.000   0.0   0.0
   3 1966  67     0.   0.0   0.0   0.000   0.0   0.0
   3 1966  68     0.   0.0   0.0   0.000   0.0   0.0
   3 1966  69     0.   0.0   0.0   0.000   0.0   0.0
   3 1966  70     0.   0.0   0.0   0.000   0.0   0.0
   3 1966  71     0.   0.0   0.0   0.000   0.0   0.0
   3 1966  72     0.   0.0   0.0   0.000   0.0   0.0
   3 1966  73     0.   0.0   0.0   0.000   0.0   0.0
   3 1966  74     0.   0.0   0.0   0.000   0.0   0.0
   3 1966  75     0.   0.0   0.0   0.000   0.0   0.0
   3 1966  76     0.   0.0   0.0   0.000   0.0   0.0
   3 1966  77     0.   0.0   0.0   0.000   0.0   0.0
   3 1966  78     0.   0.0   0.0   0.000   0.0   0.0
   3 1966  79     0.   0.0   0.0   0.000   0.0   0.0
   3 1966  80     0.   0.0   0.0   0.000   0.0   0.0
   3 1966  81     0.   0.0   0.0   0.000   0.0   0.0
   3 1966  82     0.   0.0   0.0   0.000   0.0   0.0
   3 1966  83     0.   0.0   0.0   0.000   0.0   0.0
   3 1966  84     0.   0.0   0.0   0.000   0.0   0.0
   3 1966  85     0.   0.0   0.0   0.000   0.0   0.0
   3 1966  86     0.   0.0   0.0   0.000   0.0   0.0
   3 1966  87     0.   0.0   0.0   0.000   0.0   0.0
   3 1966  88     0.   0.0   0.0   0.000   0.0   0.0
   3 1966  89     0.   0.0   0.0   0.000   0.0   0.0
   3 1966  90     0.   0.0   0.0   0.000   0.0   0.0
   3 1966  91     0.   0.0   0.0   0.000   0.0   0.0
   3 1966  92     0.   0.0   0.0   0.000   0.0   0.0
   3 1966  93     0.   0.0   0.0   0.000   0.0   0.0
   3 1966  94     0.   0.0   0.0   0.000   0.0   0.0
   3 1966  95     0.   0.0   0.0   0.000   0.0   0.0
   3 1966  96     0.   0.0   0.0   0.000   0.0   0.0
   3 1966  97     0.   0.0   0.0   0.000   0.0   0.0
   3 1966  98     0.   0.0   0.0   0.000   0.0   0.0
   3 1966  99     0.   0.0   0.0   0.000   0.0   0.0
   3 1966 100     0.   0.0   0.0   0.000   0.0   0.0
   3 1966 101     0.   0.0   0.0   0.000   0.0   0.0
   3 1966 102     0.   0.0   0.0   0.000   0.0   0.0
   3 1966 103     0.   0.0   0.0   0.000   0.0   0.0
   3 1966 104     0.   0.0   0.0   0.000   0.0   0.0
   3 1966 105     0.   0.0   0.0   0.000   0.0   0.0
   3 1966 106     0.   0.0   0.0   0.000   0.0   0.0
   3 1966 107     0.   0.0   0.0   0.000   0.0   0.0
   3 1966 108     0.   0.0   0.0   0.000   0.0   0.0
   3 1966 109     0.   0.0   0.0   0.000   0.0   0.0
   3 1966 110     0.   0.0   0.0   0.000   0.0   0.0
   3 1966 111     0.   0.0   0.0   0.000   0.0   0.0
   3 1966 112     0.   0.0   0.0   0.000   0.0   0.0
   3 1966 113     0.   0.0   0.0   0.000   0.0   0.0
   3 1966 114     0.   0.0   0.0   0.000   0.0   0.0
   3 1966 115     0.   0.0   0.0   0.000   0.0   0.0
   3 1966 116     0.   0.0   0.0   0.000   0.0   0.0
   3 1966 117     0.   0.0   0.0   0.000   0.0   0.0
   3 1966 118     0.   0.0   0.0   0.000   0.0   0.0
   3 1966 119     0.   0.0   0.0   0.000   0.0   0.0
   3 1966 120     0.   0.0   0.0   0.000   0.0   0.0
   3 1966 121     0.   0.0   0.0   0.000   0.0   0.0
   3 1966 122     0.   0.0   0.0   0.000   0.0   0.0
   3 1966 123     0.   0.0   0.0   0.000   0.0   0.0
   3 1966 124     0.   0.0   0.0   0.000   0.0   0.0
   3 1966 125     0.   0.0   0.0   0.000   0.0   0.0
   3 1966 126     0.   0.0   0.0   0.000   0.0   0.0
   3 1966 127     0.   0.0   0.0   0.000   0.0   0.0
   3 1966 128     0.   0.0   0.0   0.000   0.0   0.0
   3 1966 129     0.   0.0   0.0   0.000   0.0   0.0
   3 1966 130     0.   0.0   0.0   0.000   0.0   0.0
   3 1966 131     0.   0.0   0.0   0.000   0.0   0.0
   3 1966 132     0.   0.0   0.0   0.000   0.0   0.0
   3 1966 133     0.   0.0   0.0   0.000   0.0   0.6
   3 1966 134     0.   0.0   0.0   0.000   0.0   0.0
   3 1966 135     0.   0.0   0.0   0.000   0.0   0.0
   3 1966 136     0.   0.0   0.0   0.000   0.0   0.0
   3 1966 137     0.   0.0   0.0   0.000   0.0   0.0
   3 1966 138     0.   0.0   0.0   0.000   0.0   0.0
   3 1966 139     0.   0.0   0.0   0.000   0.0   0.0
   3 1966 140     0.   0.0   0.0   0.000   0.0   0.0
   3 1966 141     0.   0.0   0.0   0.000   0.0   0.0
   3 1966 142     0.   0.0   0.0   0.000   0.0   0.0
   3 1966 143     0.   0.0   0.0   0.000   0.0   0.0
   3 1966 144     0.   0.0   0.0   0.000   0.0   0.0
   3 1966 145     0.   0.0   0.0   0.000   0.0   0.0
   3 1966 146     0.   0.0   0.0   0.000   0.0   0.0
   3 1966 147     0.   0.0   0.0   0.000   0.0   0.0
   3 1966 148     0.   0.0   0.0   0.000   0.0   0.0
   3 1966 149     0.   0.0   0.0   0.000   0.0   0.0
   3 1966 150     0.   0.0   0.0   0.000   0.0   0.0
   3 1966 151     0.   0.0   0.0   0.000   0.0   0.0
   3 1966 152     0.   0.0   0.0   0.000   0.0   0.0
   3 1966 153     0.   0.0   0.0   0.000   0.0  15.3
   3 1966 154     0.   0.0   0.0   0.000   0.0   0.0
   3 1966 155     0.   0.0   0.0   0.000   0.0   0.0
   3 1966 156     0.   0.0   0.0   0.000   0.0  21.3
   3 1966 157     0.   0.0   0.0   0.000   0.0   0.0
   3 1966 158     0.   0.0   0.0   0.000   0.0   0.0
   3 1966 159     0.   0.0   0.0   0.000   0.0   0.0
   3 1966 160     0.   0.0   0.0   0.000   0.0   0.0
   3 1966 161     0.   0.0   0.0   0.000   0.0  15.1
   3 1966 162     0.   0.0   0.0   0.000   0.0   0.0
   3 1966 163     0.   0.0   0.0   0.000   0.0   0.0
   3 1966 164     0.   0.0   0.0   0.000   0.0   0.0
   3 1966 165     0.   0.0   0.0   0.000   0.0   0.0
   3 1966 166     0.   0.0   0.0   0.000   0.0   0.0
   3 1966 167     0.   0.0   0.0   0.000   0.0   0.0
   3 1966 168     0.   0.0   0.0   0.000   0.0   0.0
   3 1966 169     0.   0.0   0.0   0.000   0.0   0.0
   3 1966 170     0.   0.0   0.0   0.000   0.0   0.0
   3 1966 171     0.   0.0   0.0   0.000   0.0   0.0
   3 1966 172     0.   0.0   0.0   0.000   0.0   0.0
   3 1966 173     0.   0.0   0.0   0.000   0.0   7.4
   3 1966 174     0.   0.0   0.0   0.000   0.0   0.0
   3 1966 175     0.   0.0   0.0   0.000   0.0   0.0
   3 1966 176     0.   0.0   0.0   0.000   0.0   0.0
   3 1966 177     0.   0.0   0.0   0.000   0.0   0.0
   3 1966 178     0.   0.0   0.0   0.000   0.0   0.0
   3 1966 179     0.   0.0   0.0   0.000   0.0  22.7
   3 1966 180     0.   0.0   0.0   0.000   0.0   0.0
   3 1966 181     0.   0.0   0.0   0.000   0.0   0.0
   3 1966 182     0.   0.0   0.0   0.000   0.0   0.0
   3 1966 183     0.   0.0   0.0   0.000   0.0   6.9
   3 1966 184     0.   0.0   0.0   0.000   0.0   0.0
   3 1966 185     0.   0.0   0.0   0.000   0.0   0.0
   3 1966 186     0.   0.0   0.0   0.000   0.0   0.0
   3 1966 187     0.   0.0   0.0   0.000   0.0   0.0
   3 1966 188     0.   0.0   0.0   0.000   0.0   0.0
   3 1966 189     0.   0.0   0.0   0.000   0.0  18.6
   3 1966 190     0.   0.0   0.0   0.000   0.0   0.0
   3 1966 191     0.   0.0   0.0   0.000   0.0  41.4
   3 1966 192     0.   0.0   0.0   0.000   0.0   0.0
   3 1966 193     0.   0.0   0.0   0.000   0.0  22.8
   3 1966 194     0.   0.0   0.0   0.000   0.0   0.0
   3 1966 195     0.   0.0   0.0   0.000   0.0   0.0
   3 1966 196     0.   0.0   0.0   0.000   0.0  22.5
   3 1966 197     0.   0.0   0.0   0.000   0.0   0.0
   3 1966 198     0.   0.0   0.0   0.000   0.0   0.0
   3 1966 199     0.   0.0   0.0   0.000   0.0   0.3
   3 1966 200     0.   0.0   0.0   0.000   0.0   0.0
   3 1966 201     0.   0.0   0.0   0.000   0.0   0.0
   3 1966 202     0.   0.0   0.0   0.000   0.0   8.1
   3 1966 203     0.   0.0   0.0   0.000   0.0   0.0
   3 1966 204     0.   0.0   0.0   0.000   0.0   0.0
   3 1966 205     0.   0.0   0.0   0.000   0.0   0.0
   3 1966 206     0.   0.0   0.0   0.000   0.0   4.2
   3 1966 207     0.   0.0   0.0   0.000   0.0  12.7
   3 1966 208     0.   0.0   0.0   0.000   0.0   0.0
   3 1966 209     0.   0.0   0.0   0.000   0.0   0.8
   3 1966 210     0.   0.0   0.0   0.000   0.0   0.0
   3 1966 211     0.   0.0   0.0   0.000   0.0   0.0
   3 1966 212     0.   0.0   0.0   0.000   0.0   0.0
   3 1966 213     0.   0.0   0.0   0.000   0.0  35.1
   3 1966 214     0.   0.0   0.0   0.000   0.0   0.0
   3 1966 215     0.   0.0   0.0   0.000   0.0   0.0
   3 1966 216     0.   0.0   0.0   0.000   0.0  37.6
   3 1966 217     0.   0.0   0.0   0.000   0.0   0.0
   3 1966 218     0.   0.0   0.0   0.000   0.0   0.0
   3 1966 219     0.   0.0   0.0   0.000   0.0   0.0
   3 1966 220     0.   0.0   0.0   0.000   0.0  21.3
   3 1966 221     0.   0.0   0.0   0.000   0.0   0.0
   3 1966 222     0.   0.0   0.0   0.000   0.0  12.4
   3 1966 223     0.   0.0   0.0   0.000   0.0   0.0
   3 1966 224     0.   0.0   0.0   0.000   0.0   0.0
   3 1966 225     0.   0.0   0.0   0.000   0.0   0.0
   3 1966 226     0.   0.0   0.0   0.000   0.0  15.1
   3 1966 227     0.   0.0   0.0   0.000   0.0  27.1
   3 1966 228     0.   0.0   0.0   0.000   0.0   0.0
   3 1966 229     0.   0.0   0.0   0.000   0.0   0.0
   3 1966 230     0.   0.0   0.0   0.000   0.0   0.4
   3 1966 231     0.   0.0   0.0   0.000   0.0   5.7
   3 1966 232     0.   0.0   0.0   0.000   0.0  22.2
   3 1966 233     0.   0.0   0.0   0.000   0.0   0.0
   3 1966 234     0.   0.0   0.0   0.000   0.0   0.0
   3 1966 235     0.   0.0   0.0   0.000   0.0   2.0
   3 1966 236     0.   0.0   0.0   0.000   0.0   0.0
   3 1966 237     0.   0.0   0.0   0.000   0.0   0.0
   3 1966 238     0.   0.0   0.0   0.000   0.0  20.8
   3 1966 239     0.   0.0   0.0   0.000   0.0   0.0
   3 1966 240     0.   0.0   0.0   0.000   0.0   0.0
   3 1966 241     0.   0.0   0.0   0.000   0.0   0.0
   3 1966 242     0.   0.0   0.0   0.000   0.0   0.0
   3 1966 243     0.   0.0   0.0   0.000   0.0  37.6
   3 1966 244     0.   0.0   0.0   0.000   0.0  23.6
   3 1966 245     0.   0.0   0.0   0.000   0.0   2.7
   3 1966 246     0.   0.0   0.0   0.000   0.0   9.8
   3 1966 247     0.   0.0   0.0   0.000   0.0   0.0
   3 1966 248     0.   0.0   0.0   0.000   0.0   0.0
   3 1966 249     0.   0.0   0.0   0.000   0.0   0.0
   3 1966 250     0.   0.0   0.0   0.000   0.0   0.0
   3 1966 251     0.   0.0   0.0   0.000   0.0   0.0
   3 1966 252     0.   0.0   0.0   0.000   0.0   4.1
   3 1966 253     0.   0.0   0.0   0.000   0.0   0.0
   3 1966 254     0.   0.0   0.0   0.000   0.0   0.0
   3 1966 255     0.   0.0   0.0   0.000   0.0   0.0
   3 1966 256     0.   0.0   0.0   0.000   0.0   0.0
   3 1966 257     0.   0.0   0.0   0.000   0.0   0.0
   3 1966 258     0.   0.0   0.0   0.000   0.0   0.0
   3 1966 259     0.   0.0   0.0   0.000   0.0   8.6
   3 1966 260     0.   0.0   0.0   0.000   0.0   7.6
   3 1966 261     0.   0.0   0.0   0.000   0.0   0.0
   3 1966 262     0.   0.0   0.0   0.000   0.0   0.0
   3 1966 263     0.   0.0   0.0   0.000   0.0   0.0
   3 1966 264     0.   0.0   0.0   0.000   0.0   0.0
   3 1966 265     0.   0.0   0.0   0.000   0.0   0.0
   3 1966 266     0.   0.0   0.0   0.000   0.0   0.0
   3 1966 267     0.   0.0   0.0   0.000   0.0   2.6
   3 1966 268     0.   0.0   0.0   0.000   0.0   0.0
   3 1966 269     0.   0.0   0.0   0.000   0.0   0.0
   3 1966 270     0.   0.0   0.0   0.000   0.0  13.8
   3 1966 271     0.   0.0   0.0   0.000   0.0   0.0
   3 1966 272     0.   0.0   0.0   0.000   0.0   0.0
   3 1966 273     0.   0.0   0.0   0.000   0.0   4.1
   3 1966 274     0.   0.0   0.0   0.000   0.0   2.2
   3 1966 275     0.   0.0   0.0   0.000   0.0  16.0
   3 1966 276     0.   0.0   0.0   0.000   0.0   0.0
   3 1966 277     0.   0.0   0.0   0.000   0.0   0.0
   3 1966 278     0.   0.0   0.0   0.000   0.0   0.0
   3 1966 279     0.   0.0   0.0   0.000   0.0  22.1
   3 1966 280     0.   0.0   0.0   0.000   0.0   0.0
   3 1966 281     0.   0.0   0.0   0.000   0.0   0.0
   3 1966 282     0.   0.0   0.0   0.000   0.0  11.7
   3 1966 283     0.   0.0   0.0   0.000   0.0   0.0
   3 1966 284     0.   0.0   0.0   0.000   0.0   0.0
   3 1966 285     0.   0.0   0.0   0.000   0.0   0.0
   3 1966 286     0.   0.0   0.0   0.000   0.0   0.0
   3 1966 287     0.   0.0   0.0   0.000   0.0   0.0
   3 1966 288     0.   0.0   0.0   0.000   0.0   0.0
   3 1966 289     0.   0.0   0.0   0.000   0.0   0.0
   3 1966 290     0.   0.0   0.0   0.000   0.0   0.5
   3 1966 291     0.   0.0   0.0   0.000   0.0   0.0
   3 1966 292     0.   0.0   0.0   0.000   0.0   0.0
   3 1966 293     0.   0.0   0.0   0.000   0.0   0.0
   3 1966 294     0.   0.0   0.0   0.000   0.0   0.0
   3 1966 295     0.   0.0   0.0   0.000   0.0   0.0
   3 1966 296     0.   0.0   0.0   0.000   0.0   0.0
   3 1966 297     0.   0.0   0.0   0.000   0.0   0.0
   3 1966 298     0.   0.0   0.0   0.000   0.0   0.0
   3 1966 299     0.   0.0   0.0   0.000   0.0   0.0
   3 1966 300     0.   0.0   0.0   0.000   0.0   0.0
   3 1966 301     0.   0.0   0.0   0.000   0.0   0.0
   3 1966 302     0.   0.0   0.0   0.000   0.0   0.2
   3 1966 303     0.   0.0   0.0   0.000   0.0   0.0
   3 1966 304     0.   0.0   0.0   0.000   0.0   0.0
   3 1966 305     0.   0.0   0.0   0.000   0.0   0.0
   3 1966 306     0.   0.0   0.0   0.000   0.0   0.0
   3 1966 307     0.   0.0   0.0   0.000   0.0   0.0
   3 1966 308     0.   0.0   0.0   0.000   0.0   0.0
   3 1966 309     0.   0.0   0.0   0.000   0.0   0.0
   3 1966 310     0.   0.0   0.0   0.000   0.0   0.0
   3 1966 311     0.   0.0   0.0   0.000   0.0   0.0
   3 1966 312     0.   0.0   0.0   0.000   0.0   0.0
   3 1966 313     0.   0.0   0.0   0.000   0.0   0.0
   3 1966 314     0.   0.0   0.0   0.000   0.0   0.0
   3 1966 315     0.   0.0   0.0   0.000   0.0   0.0
   3 1966 316     0.   0.0   0.0   0.000   0.0   0.0
   3 1966 317     0.   0.0   0.0   0.000   0.0   0.0
   3 1966 318     0.   0.0   0.0   0.000   0.0   0.0
   3 1966 319     0.   0.0   0.0   0.000   0.0   0.0
   3 1966 320     0.   0.0   0.0   0.000   0.0   0.0
   3 1966 321     0.   0.0   0.0   0.000   0.0   0.0
   3 1966 322     0.   0.0   0.0   0.000   0.0   0.0
   3 1966 323     0.   0.0   0.0   0.000   0.0   0.0
   3 1966 324     0.   0.0   0.0   0.000   0.0   0.0
   3 1966 325     0.   0.0   0.0   0.000   0.0   0.0
   3 1966 326     0.   0.0   0.0   0.000   0.0   0.0
   3 1966 327     0.   0.0   0.0   0.000   0.0   0.0
   3 1966 328     0.   0.0   0.0   0.000   0.0   0.0
   3 1966 329     0.   0.0   0.0   0.000   0.0   0.0
   3 1966 330     0.   0.0   0.0   0.000   0.0   0.0
   3 1966 331     0.   0.0   0.0   0.000   0.0   0.0
   3 1966 332     0.   0.0   0.0   0.000   0.0   0.0
   3 1966 333     0.   0.0   0.0   0.000   0.0   0.0
   3 1966 334     0.   0.0   0.0   0.000   0.0   0.0
   3 1966 335     0.   0.0   0.0   0.000   0.0   0.0
   3 1966 336     0.   0.0   0.0   0.000   0.0   0.0
   3 1966 337     0.   0.0   0.0   0.000   0.0   0.0
   3 1966 338     0.   0.0   0.0   0.000   0.0   0.0
   3 1966 339     0.   0.0   0.0   0.000   0.0   0.0
   3 1966 340     0.   0.0   0.0   0.000   0.0   0.0
   3 1966 341     0.   0.0   0.0   0.000   0.0   0.0
   3 1966 342     0.   0.0   0.0   0.000   0.0   0.0
   3 1966 343     0.   0.0   0.0   0.000   0.0   0.0
   3 1966 344     0.   0.0   0.0   0.000   0.0   0.0
   3 1966 345     0.   0.0   0.0   0.000   0.0   0.0
   3 1966 346     0.   0.0   0.0   0.000   0.0   0.0
   3 1966 347     0.   0.0   0.0   0.000   0.0   0.0
   3 1966 348     0.   0.0   0.0   0.000   0.0   0.0
   3 1966 349     0.   0.0   0.0   0.000   0.0   0.0
   3 1966 350     0.   0.0   0.0   0.000   0.0   0.0
   3 1966 351     0.   0.0   0.0   0.000   0.0   0.0
   3 1966 352     0.   0.0   0.0   0.000   0.0   0.0
   3 1966 353     0.   0.0   0.0   0.000   0.0   0.0
   3 1966 354     0.   0.0   0.0   0.000   0.0   0.0
   3 1966 355     0.   0.0   0.0   0.000   0.0   0.0
   3 1966 356     0.   0.0   0.0   0.000   0.0   0.0
   3 1966 357     0.   0.0   0.0   0.000   0.0   0.0
   3 1966 358     0.   0.0   0.0   0.000   0.0   0.0
   3 1966 359     0.   0.0   0.0   0.000   0.0   0.0
   3 1966 360     0.   0.0   0.0   0.000   0.0   0.0
   3 1966 361     0.   0.0   0.0   0.000   0.0   0.0
   3 1966 362     0.   0.0   0.0   0.000   0.0   0.0
   3 1966 363     0.   0.0   0.0   0.000   0.0   0.0
   3 1966 364     0.   0.0   0.0   0.000   0.0   0.0
   3 1966 365     0.   0.0   0.0   0.000   0.0   0.0
