*---------------------------------------------------------------------------*
* Station name: Bankass, Mopti-region, Mali
* Year: 1965
* Author: Olaf Erenstein & Willem Stol
* Source: Meteorological Service, Mali
* Comments: Daily raindata
*
* Longitude:   3 31 W
* Latitude:   14 04 N
* Altitude:     294 m
*
* Column  Daily value
* 1       station number
* 2       year
* 3       day
* 4       irradiation                   (kJ m-2 d-1)
* 5       minimum temperature           (degrees Celsius)
* 6       maximum temperature           (degrees Celsius)
* 7       early morning vapour pressure (kPa)
* 8       mean wind speed (height: 2 m) (m s-1)
* 9       precipitation                 (mm d-1)
*---------------------------------------------------------------------------*
  -3.52  14.07   294. 0.00 0.00
   3 1965   1      4     4     4       4     4     4
   3 1965   1     0.   0.0   0.0   0.000   0.0   0.0
   3 1965   2     0.   0.0   0.0   0.000   0.0   0.0
   3 1965   3     0.   0.0   0.0   0.000   0.0   0.0
   3 1965   4     0.   0.0   0.0   0.000   0.0   0.0
   3 1965   5     0.   0.0   0.0   0.000   0.0   0.0
   3 1965   6     0.   0.0   0.0   0.000   0.0   0.0
   3 1965   7     0.   0.0   0.0   0.000   0.0   0.0
   3 1965   8     0.   0.0   0.0   0.000   0.0   0.0
   3 1965   9     0.   0.0   0.0   0.000   0.0   0.0
   3 1965  10     0.   0.0   0.0   0.000   0.0   0.0
   3 1965  11     0.   0.0   0.0   0.000   0.0   0.0
   3 1965  12     0.   0.0   0.0   0.000   0.0   0.0
   3 1965  13     0.   0.0   0.0   0.000   0.0   0.0
   3 1965  14     0.   0.0   0.0   0.000   0.0   0.0
   3 1965  15     0.   0.0   0.0   0.000   0.0   0.0
   3 1965  16     0.   0.0   0.0   0.000   0.0   0.0
   3 1965  17     0.   0.0   0.0   0.000   0.0   0.0
   3 1965  18     0.   0.0   0.0   0.000   0.0   0.0
   3 1965  19     0.   0.0   0.0   0.000   0.0   0.0
   3 1965  20     0.   0.0   0.0   0.000   0.0   0.0
   3 1965  21     0.   0.0   0.0   0.000   0.0   0.0
   3 1965  22     0.   0.0   0.0   0.000   0.0   0.0
   3 1965  23     0.   0.0   0.0   0.000   0.0   0.0
   3 1965  24     0.   0.0   0.0   0.000   0.0   0.0
   3 1965  25     0.   0.0   0.0   0.000   0.0   0.0
   3 1965  26     0.   0.0   0.0   0.000   0.0   0.0
   3 1965  27     0.   0.0   0.0   0.000   0.0   0.0
   3 1965  28     0.   0.0   0.0   0.000   0.0   0.0
   3 1965  29     0.   0.0   0.0   0.000   0.0   0.0
   3 1965  30     0.   0.0   0.0   0.000   0.0   0.0
   3 1965  31     0.   0.0   0.0   0.000   0.0   0.0
   3 1965  32     0.   0.0   0.0   0.000   0.0   0.0
   3 1965  33     0.   0.0   0.0   0.000   0.0   0.0
   3 1965  34     0.   0.0   0.0   0.000   0.0   0.0
   3 1965  35     0.   0.0   0.0   0.000   0.0   0.0
   3 1965  36     0.   0.0   0.0   0.000   0.0   0.0
   3 1965  37     0.   0.0   0.0   0.000   0.0   0.0
   3 1965  38     0.   0.0   0.0   0.000   0.0   0.0
   3 1965  39     0.   0.0   0.0   0.000   0.0   0.0
   3 1965  40     0.   0.0   0.0   0.000   0.0   0.0
   3 1965  41     0.   0.0   0.0   0.000   0.0   0.0
   3 1965  42     0.   0.0   0.0   0.000   0.0   0.0
   3 1965  43     0.   0.0   0.0   0.000   0.0   0.0
   3 1965  44     0.   0.0   0.0   0.000   0.0   0.0
   3 1965  45     0.   0.0   0.0   0.000   0.0   0.0
   3 1965  46     0.   0.0   0.0   0.000   0.0   0.0
   3 1965  47     0.   0.0   0.0   0.000   0.0   0.0
   3 1965  48     0.   0.0   0.0   0.000   0.0   0.0
   3 1965  49     0.   0.0   0.0   0.000   0.0   0.0
   3 1965  50     0.   0.0   0.0   0.000   0.0   0.0
   3 1965  51     0.   0.0   0.0   0.000   0.0   0.0
   3 1965  52     0.   0.0   0.0   0.000   0.0   0.0
   3 1965  53     0.   0.0   0.0   0.000   0.0   0.0
   3 1965  54     0.   0.0   0.0   0.000   0.0   0.0
   3 1965  55     0.   0.0   0.0   0.000   0.0   0.0
   3 1965  56     0.   0.0   0.0   0.000   0.0   0.0
   3 1965  57     0.   0.0   0.0   0.000   0.0   0.0
   3 1965  58     0.   0.0   0.0   0.000   0.0   0.0
   3 1965  59     0.   0.0   0.0   0.000   0.0   0.0
   3 1965  60     0.   0.0   0.0   0.000   0.0   0.0
   3 1965  61     0.   0.0   0.0   0.000   0.0   0.0
   3 1965  62     0.   0.0   0.0   0.000   0.0   0.0
   3 1965  63     0.   0.0   0.0   0.000   0.0   0.0
   3 1965  64     0.   0.0   0.0   0.000   0.0   0.0
   3 1965  65     0.   0.0   0.0   0.000   0.0   0.0
   3 1965  66     0.   0.0   0.0   0.000   0.0   0.0
   3 1965  67     0.   0.0   0.0   0.000   0.0   0.0
   3 1965  68     0.   0.0   0.0   0.000   0.0   0.0
   3 1965  69     0.   0.0   0.0   0.000   0.0   0.0
   3 1965  70     0.   0.0   0.0   0.000   0.0   0.0
   3 1965  71     0.   0.0   0.0   0.000   0.0   0.0
   3 1965  72     0.   0.0   0.0   0.000   0.0   0.0
   3 1965  73     0.   0.0   0.0   0.000   0.0   0.0
   3 1965  74     0.   0.0   0.0   0.000   0.0   0.0
   3 1965  75     0.   0.0   0.0   0.000   0.0   0.0
   3 1965  76     0.   0.0   0.0   0.000   0.0   0.0
   3 1965  77     0.   0.0   0.0   0.000   0.0   0.0
   3 1965  78     0.   0.0   0.0   0.000   0.0   0.0
   3 1965  79     0.   0.0   0.0   0.000   0.0   0.0
   3 1965  80     0.   0.0   0.0   0.000   0.0   0.0
   3 1965  81     0.   0.0   0.0   0.000   0.0   0.0
   3 1965  82     0.   0.0   0.0   0.000   0.0   0.0
   3 1965  83     0.   0.0   0.0   0.000   0.0   0.0
   3 1965  84     0.   0.0   0.0   0.000   0.0   0.0
   3 1965  85     0.   0.0   0.0   0.000   0.0   0.0
   3 1965  86     0.   0.0   0.0   0.000   0.0   0.0
   3 1965  87     0.   0.0   0.0   0.000   0.0   0.0
   3 1965  88     0.   0.0   0.0   0.000   0.0   0.0
   3 1965  89     0.   0.0   0.0   0.000   0.0   0.0
   3 1965  90     0.   0.0   0.0   0.000   0.0   0.0
   3 1965  91     0.   0.0   0.0   0.000   0.0   0.0
   3 1965  92     0.   0.0   0.0   0.000   0.0   0.0
   3 1965  93     0.   0.0   0.0   0.000   0.0   0.0
   3 1965  94     0.   0.0   0.0   0.000   0.0   0.0
   3 1965  95     0.   0.0   0.0   0.000   0.0   0.0
   3 1965  96     0.   0.0   0.0   0.000   0.0   0.0
   3 1965  97     0.   0.0   0.0   0.000   0.0   0.0
   3 1965  98     0.   0.0   0.0   0.000   0.0   6.3
   3 1965  99     0.   0.0   0.0   0.000   0.0   0.0
   3 1965 100     0.   0.0   0.0   0.000   0.0   0.0
   3 1965 101     0.   0.0   0.0   0.000   0.0   0.0
   3 1965 102     0.   0.0   0.0   0.000   0.0   0.0
   3 1965 103     0.   0.0   0.0   0.000   0.0   0.0
   3 1965 104     0.   0.0   0.0   0.000   0.0   0.0
   3 1965 105     0.   0.0   0.0   0.000   0.0   0.0
   3 1965 106     0.   0.0   0.0   0.000   0.0   0.0
   3 1965 107     0.   0.0   0.0   0.000   0.0   0.0
   3 1965 108     0.   0.0   0.0   0.000   0.0   0.0
   3 1965 109     0.   0.0   0.0   0.000   0.0   0.0
   3 1965 110     0.   0.0   0.0   0.000   0.0   0.0
   3 1965 111     0.   0.0   0.0   0.000   0.0   0.0
   3 1965 112     0.   0.0   0.0   0.000   0.0   0.0
   3 1965 113     0.   0.0   0.0   0.000   0.0   0.0
   3 1965 114     0.   0.0   0.0   0.000   0.0   0.0
   3 1965 115     0.   0.0   0.0   0.000   0.0   0.0
   3 1965 116     0.   0.0   0.0   0.000   0.0   0.0
   3 1965 117     0.   0.0   0.0   0.000   0.0   0.0
   3 1965 118     0.   0.0   0.0   0.000   0.0   0.0
   3 1965 119     0.   0.0   0.0   0.000   0.0   0.0
   3 1965 120     0.   0.0   0.0   0.000   0.0   0.0
   3 1965 121      4     4     4       4     4     1
   3 1965 121     0.   0.0   0.0   0.000   0.0   0.0
   3 1965 122     0.   0.0   0.0   0.000   0.0   0.0
   3 1965 123     0.   0.0   0.0   0.000   0.0   0.0
   3 1965 124     0.   0.0   0.0   0.000   0.0   0.0
   3 1965 125     0.   0.0   0.0   0.000   0.0   0.0
   3 1965 126     0.   0.0   0.0   0.000   0.0   0.0
   3 1965 127     0.   0.0   0.0   0.000   0.0   0.0
   3 1965 128     0.   0.0   0.0   0.000   0.0   0.0
   3 1965 129     0.   0.0   0.0   0.000   0.0   0.0
   3 1965 130     0.   0.0   0.0   0.000   0.0   0.0
   3 1965 131     0.   0.0   0.0   0.000   0.0   0.0
   3 1965 132     0.   0.0   0.0   0.000   0.0   0.0
   3 1965 133     0.   0.0   0.0   0.000   0.0   0.0
   3 1965 134     0.   0.0   0.0   0.000   0.0   0.0
   3 1965 135     0.   0.0   0.0   0.000   0.0   0.0
   3 1965 136     0.   0.0   0.0   0.000   0.0   0.0
   3 1965 137     0.   0.0   0.0   0.000   0.0   0.0
   3 1965 138     0.   0.0   0.0   0.000   0.0   0.0
   3 1965 139     0.   0.0   0.0   0.000   0.0   0.0
   3 1965 140     0.   0.0   0.0   0.000   0.0   0.0
   3 1965 141     0.   0.0   0.0   0.000   0.0   0.0
   3 1965 142     0.   0.0   0.0   0.000   0.0   0.0
   3 1965 143     0.   0.0   0.0   0.000   0.0   0.0
   3 1965 144     0.   0.0   0.0   0.000   0.0   0.0
   3 1965 145     0.   0.0   0.0   0.000   0.0   0.0
   3 1965 146     0.   0.0   0.0   0.000   0.0   0.0
   3 1965 147     0.   0.0   0.0   0.000   0.0   0.0
   3 1965 148     0.   0.0   0.0   0.000   0.0   0.0
   3 1965 149     0.   0.0   0.0   0.000   0.0   0.0
   3 1965 150     0.   0.0   0.0   0.000   0.0   0.0
   3 1965 151     0.   0.0   0.0   0.000   0.0   0.0
   3 1965 152     0.   0.0   0.0   0.000   0.0   0.0
   3 1965 153     0.   0.0   0.0   0.000   0.0   0.0
   3 1965 154     0.   0.0   0.0   0.000   0.0   0.0
   3 1965 155     0.   0.0   0.0   0.000   0.0   0.0
   3 1965 156     0.   0.0   0.0   0.000   0.0   0.0
   3 1965 157     0.   0.0   0.0   0.000   0.0  12.9
   3 1965 158     0.   0.0   0.0   0.000   0.0   0.0
   3 1965 159     0.   0.0   0.0   0.000   0.0   0.0
   3 1965 160     0.   0.0   0.0   0.000   0.0   5.0
   3 1965 161     0.   0.0   0.0   0.000   0.0   0.0
   3 1965 162     0.   0.0   0.0   0.000   0.0   0.0
   3 1965 163     0.   0.0   0.0   0.000   0.0   0.0
   3 1965 164     0.   0.0   0.0   0.000   0.0   5.1
   3 1965 165     0.   0.0   0.0   0.000   0.0   0.0
   3 1965 166     0.   0.0   0.0   0.000   0.0  27.7
   3 1965 167     0.   0.0   0.0   0.000   0.0   2.1
   3 1965 168     0.   0.0   0.0   0.000   0.0   5.7
   3 1965 169     0.   0.0   0.0   0.000   0.0   0.0
   3 1965 170     0.   0.0   0.0   0.000   0.0   2.7
   3 1965 171     0.   0.0   0.0   0.000   0.0   4.1
   3 1965 172     0.   0.0   0.0   0.000   0.0   2.8
   3 1965 173     0.   0.0   0.0   0.000   0.0   0.0
   3 1965 174     0.   0.0   0.0   0.000   0.0   0.0
   3 1965 175     0.   0.0   0.0   0.000   0.0   5.1
   3 1965 176     0.   0.0   0.0   0.000   0.0   1.6
   3 1965 177     0.   0.0   0.0   0.000   0.0   0.0
   3 1965 178     0.   0.0   0.0   0.000   0.0   0.0
   3 1965 179     0.   0.0   0.0   0.000   0.0   0.0
   3 1965 180     0.   0.0   0.0   0.000   0.0   0.0
   3 1965 181     0.   0.0   0.0   0.000   0.0   0.0
   3 1965 182     0.   0.0   0.0   0.000   0.0   6.0
   3 1965 183     0.   0.0   0.0   0.000   0.0   0.0
   3 1965 184     0.   0.0   0.0   0.000   0.0   0.0
   3 1965 185     0.   0.0   0.0   0.000   0.0   0.0
   3 1965 186     0.   0.0   0.0   0.000   0.0   3.0
   3 1965 187     0.   0.0   0.0   0.000   0.0   3.2
   3 1965 188     0.   0.0   0.0   0.000   0.0   0.0
   3 1965 189     0.   0.0   0.0   0.000   0.0   6.6
   3 1965 190     0.   0.0   0.0   0.000   0.0   0.0
   3 1965 191     0.   0.0   0.0   0.000   0.0  13.2
   3 1965 192     0.   0.0   0.0   0.000   0.0   0.0
   3 1965 193     0.   0.0   0.0   0.000   0.0   0.0
   3 1965 194     0.   0.0   0.0   0.000   0.0  22.7
   3 1965 195     0.   0.0   0.0   0.000   0.0   1.0
   3 1965 196     0.   0.0   0.0   0.000   0.0   0.0
   3 1965 197     0.   0.0   0.0   0.000   0.0   0.0
   3 1965 198     0.   0.0   0.0   0.000   0.0   0.0
   3 1965 199     0.   0.0   0.0   0.000   0.0   0.0
   3 1965 200     0.   0.0   0.0   0.000   0.0   1.4
   3 1965 201     0.   0.0   0.0   0.000   0.0  32.5
   3 1965 202     0.   0.0   0.0   0.000   0.0   0.0
   3 1965 203     0.   0.0   0.0   0.000   0.0   0.0
   3 1965 204     0.   0.0   0.0   0.000   0.0  13.9
   3 1965 205     0.   0.0   0.0   0.000   0.0   0.0
   3 1965 206     0.   0.0   0.0   0.000   0.0   0.0
   3 1965 207     0.   0.0   0.0   0.000   0.0   0.0
   3 1965 208     0.   0.0   0.0   0.000   0.0   8.2
   3 1965 209     0.   0.0   0.0   0.000   0.0   1.9
   3 1965 210     0.   0.0   0.0   0.000   0.0   3.5
   3 1965 211     0.   0.0   0.0   0.000   0.0   2.0
   3 1965 212     0.   0.0   0.0   0.000   0.0   0.0
   3 1965 213     0.   0.0   0.0   0.000   0.0   0.0
   3 1965 214     0.   0.0   0.0   0.000   0.0   0.0
   3 1965 215     0.   0.0   0.0   0.000   0.0   0.0
   3 1965 216     0.   0.0   0.0   0.000   0.0  18.5
   3 1965 217     0.   0.0   0.0   0.000   0.0   0.0
   3 1965 218     0.   0.0   0.0   0.000   0.0   2.0
   3 1965 219     0.   0.0   0.0   0.000   0.0   5.8
   3 1965 220     0.   0.0   0.0   0.000   0.0   8.7
   3 1965 221     0.   0.0   0.0   0.000   0.0   4.7
   3 1965 222     0.   0.0   0.0   0.000   0.0   0.0
   3 1965 223     0.   0.0   0.0   0.000   0.0   4.5
   3 1965 224     0.   0.0   0.0   0.000   0.0   2.0
   3 1965 225     0.   0.0   0.0   0.000   0.0   0.0
   3 1965 226     0.   0.0   0.0   0.000   0.0  15.5
   3 1965 227     0.   0.0   0.0   0.000   0.0   0.0
   3 1965 228     0.   0.0   0.0   0.000   0.0   3.0
   3 1965 229     0.   0.0   0.0   0.000   0.0   2.5
   3 1965 230     0.   0.0   0.0   0.000   0.0   4.8
   3 1965 231     0.   0.0   0.0   0.000   0.0   0.0
   3 1965 232     0.   0.0   0.0   0.000   0.0   0.0
   3 1965 233     0.   0.0   0.0   0.000   0.0   0.0
   3 1965 234     0.   0.0   0.0   0.000   0.0  35.0
   3 1965 235     0.   0.0   0.0   0.000   0.0   0.0
   3 1965 236     0.   0.0   0.0   0.000   0.0   0.0
   3 1965 237     0.   0.0   0.0   0.000   0.0   0.0
   3 1965 238     0.   0.0   0.0   0.000   0.0  54.6
   3 1965 239     0.   0.0   0.0   0.000   0.0   0.0
   3 1965 240     0.   0.0   0.0   0.000   0.0   0.0
   3 1965 241     0.   0.0   0.0   0.000   0.0  32.0
   3 1965 242     0.   0.0   0.0   0.000   0.0   0.0
   3 1965 243     0.   0.0   0.0   0.000   0.0   0.0
   3 1965 244     0.   0.0   0.0   0.000   0.0  13.7
   3 1965 245     0.   0.0   0.0   0.000   0.0  12.5
   3 1965 246     0.   0.0   0.0   0.000   0.0   7.1
   3 1965 247     0.   0.0   0.0   0.000   0.0   0.0
   3 1965 248     0.   0.0   0.0   0.000   0.0 122.2
   3 1965 249     0.   0.0   0.0   0.000   0.0   0.0
   3 1965 250     0.   0.0   0.0   0.000   0.0   0.0
   3 1965 251     0.   0.0   0.0   0.000   0.0   0.0
   3 1965 252     0.   0.0   0.0   0.000   0.0   1.9
   3 1965 253     0.   0.0   0.0   0.000   0.0   0.0
   3 1965 254     0.   0.0   0.0   0.000   0.0   0.0
   3 1965 255     0.   0.0   0.0   0.000   0.0   0.0
   3 1965 256     0.   0.0   0.0   0.000   0.0   0.0
   3 1965 257     0.   0.0   0.0   0.000   0.0   0.0
   3 1965 258     0.   0.0   0.0   0.000   0.0   1.1
   3 1965 259     0.   0.0   0.0   0.000   0.0   0.0
   3 1965 260     0.   0.0   0.0   0.000   0.0   2.5
   3 1965 261     0.   0.0   0.0   0.000   0.0  30.8
   3 1965 262     0.   0.0   0.0   0.000   0.0   0.0
   3 1965 263     0.   0.0   0.0   0.000   0.0   0.0
   3 1965 264     0.   0.0   0.0   0.000   0.0   0.0
   3 1965 265     0.   0.0   0.0   0.000   0.0   0.0
   3 1965 266     0.   0.0   0.0   0.000   0.0  14.6
   3 1965 267     0.   0.0   0.0   0.000   0.0   0.0
   3 1965 268     0.   0.0   0.0   0.000   0.0   0.0
   3 1965 269     0.   0.0   0.0   0.000   0.0   0.0
   3 1965 270     0.   0.0   0.0   0.000   0.0   0.0
   3 1965 271     0.   0.0   0.0   0.000   0.0   0.0
   3 1965 272     0.   0.0   0.0   0.000   0.0   0.0
   3 1965 273     0.   0.0   0.0   0.000   0.0   0.0
   3 1965 274     0.   0.0   0.0   0.000   0.0   0.0
   3 1965 275     0.   0.0   0.0   0.000   0.0   0.0
   3 1965 276     0.   0.0   0.0   0.000   0.0   0.0
   3 1965 277     0.   0.0   0.0   0.000   0.0   0.0
   3 1965 278     0.   0.0   0.0   0.000   0.0   0.0
   3 1965 279     0.   0.0   0.0   0.000   0.0   0.0
   3 1965 280     0.   0.0   0.0   0.000   0.0   0.0
   3 1965 281     0.   0.0   0.0   0.000   0.0   0.0
   3 1965 282     0.   0.0   0.0   0.000   0.0   0.0
   3 1965 283     0.   0.0   0.0   0.000   0.0   0.0
   3 1965 284     0.   0.0   0.0   0.000   0.0  14.0
   3 1965 285     0.   0.0   0.0   0.000   0.0   0.0
   3 1965 286     0.   0.0   0.0   0.000   0.0   0.0
   3 1965 287     0.   0.0   0.0   0.000   0.0   0.0
   3 1965 288     0.   0.0   0.0   0.000   0.0   0.0
   3 1965 289     0.   0.0   0.0   0.000   0.0   0.0
   3 1965 290     0.   0.0   0.0   0.000   0.0   0.0
   3 1965 291     0.   0.0   0.0   0.000   0.0   7.7
   3 1965 292     0.   0.0   0.0   0.000   0.0   0.0
   3 1965 293     0.   0.0   0.0   0.000   0.0  17.2
   3 1965 294     0.   0.0   0.0   0.000   0.0   0.0
   3 1965 295     0.   0.0   0.0   0.000   0.0   0.0
   3 1965 296     0.   0.0   0.0   0.000   0.0   0.0
   3 1965 297     0.   0.0   0.0   0.000   0.0   0.0
   3 1965 298     0.   0.0   0.0   0.000   0.0   0.0
   3 1965 299     0.   0.0   0.0   0.000   0.0   0.0
   3 1965 300     0.   0.0   0.0   0.000   0.0   0.0
   3 1965 301     0.   0.0   0.0   0.000   0.0   0.0
   3 1965 302     0.   0.0   0.0   0.000   0.0   0.0
   3 1965 303     0.   0.0   0.0   0.000   0.0   0.0
   3 1965 304     0.   0.0   0.0   0.000   0.0   0.0
   3 1965 305      4     4     4       4     4     4
   3 1965 305     0.   0.0   0.0   0.000   0.0   0.0
   3 1965 306     0.   0.0   0.0   0.000   0.0   0.0
   3 1965 307     0.   0.0   0.0   0.000   0.0   0.0
   3 1965 308     0.   0.0   0.0   0.000   0.0   0.0
   3 1965 309     0.   0.0   0.0   0.000   0.0   0.0
   3 1965 310     0.   0.0   0.0   0.000   0.0   0.0
   3 1965 311     0.   0.0   0.0   0.000   0.0   0.0
   3 1965 312     0.   0.0   0.0   0.000   0.0   0.0
   3 1965 313     0.   0.0   0.0   0.000   0.0   0.0
   3 1965 314     0.   0.0   0.0   0.000   0.0   0.0
   3 1965 315     0.   0.0   0.0   0.000   0.0   0.0
   3 1965 316     0.   0.0   0.0   0.000   0.0   0.0
   3 1965 317     0.   0.0   0.0   0.000   0.0   0.0
   3 1965 318     0.   0.0   0.0   0.000   0.0   0.0
   3 1965 319     0.   0.0   0.0   0.000   0.0   0.0
   3 1965 320     0.   0.0   0.0   0.000   0.0   0.0
   3 1965 321     0.   0.0   0.0   0.000   0.0   0.0
   3 1965 322     0.   0.0   0.0   0.000   0.0   0.0
   3 1965 323     0.   0.0   0.0   0.000   0.0   0.0
   3 1965 324     0.   0.0   0.0   0.000   0.0   0.0
   3 1965 325     0.   0.0   0.0   0.000   0.0   0.0
   3 1965 326     0.   0.0   0.0   0.000   0.0   0.0
   3 1965 327     0.   0.0   0.0   0.000   0.0   0.0
   3 1965 328     0.   0.0   0.0   0.000   0.0   0.0
   3 1965 329     0.   0.0   0.0   0.000   0.0   0.0
   3 1965 330     0.   0.0   0.0   0.000   0.0   0.0
   3 1965 331     0.   0.0   0.0   0.000   0.0   0.0
   3 1965 332     0.   0.0   0.0   0.000   0.0   0.0
   3 1965 333     0.   0.0   0.0   0.000   0.0   0.0
   3 1965 334     0.   0.0   0.0   0.000   0.0   0.0
   3 1965 335     0.   0.0   0.0   0.000   0.0   0.0
   3 1965 336     0.   0.0   0.0   0.000   0.0   0.0
   3 1965 337     0.   0.0   0.0   0.000   0.0   0.0
   3 1965 338     0.   0.0   0.0   0.000   0.0   0.0
   3 1965 339     0.   0.0   0.0   0.000   0.0   0.0
   3 1965 340     0.   0.0   0.0   0.000   0.0   0.0
   3 1965 341     0.   0.0   0.0   0.000   0.0   0.0
   3 1965 342     0.   0.0   0.0   0.000   0.0   0.0
   3 1965 343     0.   0.0   0.0   0.000   0.0   0.0
   3 1965 344     0.   0.0   0.0   0.000   0.0   0.0
   3 1965 345     0.   0.0   0.0   0.000   0.0   0.0
   3 1965 346     0.   0.0   0.0   0.000   0.0   0.0
   3 1965 347     0.   0.0   0.0   0.000   0.0   0.0
   3 1965 348     0.   0.0   0.0   0.000   0.0   0.0
   3 1965 349     0.   0.0   0.0   0.000   0.0   0.0
   3 1965 350     0.   0.0   0.0   0.000   0.0   0.0
   3 1965 351     0.   0.0   0.0   0.000   0.0   0.0
   3 1965 352     0.   0.0   0.0   0.000   0.0   0.0
   3 1965 353     0.   0.0   0.0   0.000   0.0   0.0
   3 1965 354     0.   0.0   0.0   0.000   0.0   0.0
   3 1965 355     0.   0.0   0.0   0.000   0.0   0.0
   3 1965 356     0.   0.0   0.0   0.000   0.0   0.0
   3 1965 357     0.   0.0   0.0   0.000   0.0   0.0
   3 1965 358     0.   0.0   0.0   0.000   0.0   0.0
   3 1965 359     0.   0.0   0.0   0.000   0.0   0.0
   3 1965 360     0.   0.0   0.0   0.000   0.0   0.0
   3 1965 361     0.   0.0   0.0   0.000   0.0   0.0
   3 1965 362     0.   0.0   0.0   0.000   0.0   0.0
   3 1965 363     0.   0.0   0.0   0.000   0.0   0.0
   3 1965 364     0.   0.0   0.0   0.000   0.0   0.0
   3 1965 365     0.   0.0   0.0   0.000   0.0   0.0
