*---------------------------------------------------------------------------*
* Station name: Khanasser, Syria
* Year: 1981
* Author: Peter Uithol                                     -99.000: NIL VALUE
* Source: ICARDA SPS file
* Comments: Vapour pressure measured as maximum relative humudity (%)
*           No wind speed data available until October
* Longitude: 37 33 E, latitude: 35 46 N, altitude: 335. m
*
* Column  Daily value
* 1       station number
* 2       year
* 3       day
* 4       irradiation                   (kJ m-2 d-1)
* 5       minimum temperature           (degrees Celsius)
* 6       maximum temperature           (degrees Celsius)
* 7       early morning vapour pressure (kPa)
* 8       mean wind speed (height: 2 m) (m s-1)
* 9       precipitation                 (mm d-1)
*---------------------------------------------------------------------------*
  37.55  35.77   335. 0.00 0.00
   5 1981   1 12600.  -3.0   9.0   0.480 -99.0   0.0
   5 1981   2  5000.   1.5   8.0   0.681 -99.0   0.0
   5 1981   3  6000.   1.5   7.7   0.667 -99.0  13.4
   5 1981   4  7200.   5.5  10.5   0.867 -99.0   1.4
   5 1981   5  6200.   4.5  12.5   0.800 -99.0   1.4
   5 1981   6  9600.   0.0  12.5   0.574 -99.0   4.0
   5 1981   7  3000.   2.5   8.0   0.724 -99.0   3.0
   5 1981   8  7700.   5.0  12.0   0.820 -99.0   0.0
   5 1981   9 11000.   3.5  12.3   0.777 -99.0   0.0
   5 1981  10  6600.   1.0  11.5   0.624 -99.0   0.4
   5 1981  11  6000.   1.0   9.0   0.617 -99.0   8.6
   5 1981  12 11000.  -1.0   9.8   0.545 -99.0   0.0
   5 1981  13 11500.  -2.0  11.0   0.506 -99.0   0.0
   5 1981  14  8400.  -1.0  10.0   0.551 -99.0   0.0
   5 1981  15  3560.   5.0   7.0   0.820 -99.0   1.0
   5 1981  16  3420.   1.0   7.0   0.617 -99.0   1.0
   5 1981  17  7000.   1.0  12.0   0.624 -99.0   0.6
   5 1981  18  5540.   1.8   9.0   0.661 -99.0   1.2
   5 1981  19  7800.   3.2  10.5   0.730 -99.0   0.0
   5 1981  20  8300.   3.5  13.0   0.730 -99.0   0.4
   5 1981  21 10700.   2.0  12.0   0.670 -99.0   0.0
   5 1981  22  9900.   5.5  11.5   0.831 -99.0   0.0
   5 1981  23  2900.   4.0   7.8   0.764 -99.0   2.4
   5 1981  24  5700.   0.5   8.5   0.614 -99.0   0.4
   5 1981  25 11700.  -1.0  12.2   0.551 -99.0   0.0
   5 1981  26 10200.  -1.5  12.0   0.525 -99.0   1.0
   5 1981  27 11340.   2.5  12.0   0.651 -99.0   0.4
   5 1981  28  9350.   3.0  14.0   0.720 -99.0   0.0
   5 1981  29 10370.   4.0  15.0   0.756 -99.0   0.0
   5 1981  30 12890.   4.5  13.5   0.758 -99.0  10.0
   5 1981  31  7590.   2.0   8.0   0.670 -99.0   0.0
   5 1981  32 13620.  -2.0  11.5   0.519 -99.0   0.0
   5 1981  33 13620.  -0.5  10.0   0.474 -99.0   0.0
   5 1981  34 14400.  -1.2  13.5   0.498 -99.0   0.0
   5 1981  35  9400.   4.5  12.5   0.813 -99.0   1.6
   5 1981  36  8000.   1.5   9.5   0.653 -99.0   0.0
   5 1981  37 10200.   1.0  11.0   0.650 -99.0   0.0
   5 1981  38  7500.   2.5  14.5   0.669 -99.0   0.0
   5 1981  39  7100.  -1.0   9.0   0.548 -99.0   6.0
   5 1981  40 14300.   0.0  12.2   0.580 -99.0   0.0
   5 1981  41 15700.  -3.0  12.2   0.463 -99.0   0.0
   5 1981  42 15700.  -1.0  14.5   0.539 -99.0   0.0
   5 1981  43 13200.   0.0  14.5   0.589 -99.0   0.0
   5 1981  44  8700.   3.0  13.8   0.720 -99.0   0.0
   5 1981  45  9700.   3.0  14.5   0.724 -99.0   0.0
   5 1981  46 13900.   2.0  18.2   0.684 -99.0   2.0
   5 1981  47 10700.   2.0  10.5   0.660 -99.0   0.0
   5 1981  48  7990.   2.8  12.0   0.710 -99.0   0.0
   5 1981  49  5080.   4.2  10.0   0.817 -99.0   7.8
   5 1981  50 13070.   5.5  18.0   0.887 -99.0   0.6
   5 1981  51 15800.   6.5  15.2   0.929 -99.0   0.0
   5 1981  52 10370.   4.0  13.5   0.771 -99.0   0.0
   5 1981  53 18430.  -1.0  14.0   0.539 -99.0   0.0
   5 1981  54 17900.  -0.5  16.0   0.565 -99.0  13.8
   5 1981  55  1260.   5.0   7.0   0.837 -99.0   1.6
   5 1981  56 12400.   5.5  12.8   0.867 -99.0   2.2
   5 1981  57 11230.   5.0  12.0   0.833 -99.0   1.0
   5 1981  58 11900.   3.0  13.5   0.727 -99.0   0.0
   5 1981  59 11300.   6.8  11.0   0.944 -99.0   2.5
   5 1981  60 11300.   1.8  13.5   0.671 -99.0   2.5
   5 1981  61 13100.   2.5  10.5   0.691 -99.0   1.0
   5 1981  62  9900.   0.0  15.0   0.586 -99.0   0.0
   5 1981  63 18600.   1.0  16.5   0.634 -99.0   0.0
   5 1981  64 19700.   4.5  19.5   0.800 -99.0   0.0
   5 1981  65 16100.   5.5  19.5   0.867 -99.0   0.0
   5 1981  66 18900.   6.5  20.0   0.929 -99.0   0.0
   5 1981  67 18300.   7.5  20.0   0.990 -99.0   0.0
   5 1981  68 20200.   9.0  23.0   1.091 -99.0   0.0
   5 1981  69 18600.  12.0  20.5   1.165 -99.0   0.0
   5 1981  70  5800.  11.0  16.0   1.267 -99.0   4.8
   5 1981  71 15600.  10.5  20.5   1.213 -99.0   0.0
   5 1981  72  4600.  11.0  19.0   1.228 -99.0   0.0
   5 1981  73 10700.  10.0  20.0   1.173 -99.0   0.0
   5 1981  74 18400.  10.0  22.0   1.124 -99.0   0.0
   5 1981  75 21800.   6.0  21.5   0.888 -99.0   0.0
   5 1981  76 13000.   7.8  22.5   0.984 -99.0   0.0
   5 1981  77 20600.   6.5  25.0   0.934 -99.0   0.0
   5 1981  78 21400.  10.5  30.0   1.219 -99.0   0.0
   5 1981  79 18500.   9.0  21.5   1.091 -99.0   1.6
   5 1981  80 11600.   6.0  17.5   0.912 -99.0   0.0
   5 1981  81 19000.   3.0  20.5   0.743 -99.0   0.0
   5 1981  82  9000.   8.0  18.0   0.992 -99.0   0.6
   5 1981  83 17400.   4.0  19.5   0.797 -99.0   0.0
   5 1981  84 14400.   4.0  19.5   0.789 -99.0  13.0
   5 1981  85  5400.  11.5  14.0   1.303 -99.0   4.4
   5 1981  86  8000.  11.5  16.8   1.269 -99.0   6.6
   5 1981  87 21800.   9.0  21.5   1.039 -99.0   0.0
   5 1981  88 23900.   5.5  21.5   0.867 -99.0   0.0
   5 1981  89 20600.   7.2  22.5   0.975 -99.0   0.0
   5 1981  90 20500.   3.0  20.0   0.727 -99.0   0.0
   5 1981  91 26900.  -1.8  17.0   0.428 -99.0   0.0
   5 1981  92 22500.  -2.0  20.0   0.504 -99.0   0.0
   5 1981  93 21100.   6.0  20.5   0.767 -99.0   0.0
   5 1981  94 17100.   4.5  20.0   0.825 -99.0   4.0
   5 1981  95 23400.   4.0  15.5   0.781 -99.0   0.0
   5 1981  96 23500.   0.0  18.0   0.592 -99.0   0.0
   5 1981  97 13800.   4.0  18.0   0.760 -99.0   0.0
   5 1981  98 22000.   4.0  20.5   0.805 -99.0   0.0
   5 1981  99 23000.   0.5  19.5   0.633 -99.0   0.0
   5 1981 100 24200.   2.0  21.0   0.677 -99.0   0.0
   5 1981 101 23800.   5.0  22.5   0.759 -99.0   0.0
   5 1981 102 22900.   9.5  23.5   1.116 -99.0   0.0
   5 1981 103 26500.   5.0  25.0   0.864 -99.0   0.0
   5 1981 104 23620.   4.0  26.0   0.797 -99.0   1.0
   5 1981 105 13730.   9.0  21.0   1.079 -99.0   0.0
   5 1981 106 13730.  12.0  19.0   1.354 -99.0   4.0
   5 1981 107 27430.   7.0  26.0   0.952 -99.0   0.0
   5 1981 108 27970.   4.0  27.0   0.805 -99.0   0.0
   5 1981 109 24660.   5.0  31.2   0.837 -99.0   0.0
   5 1981 110 17530.  12.0  30.0   1.158 -99.0   0.0
   5 1981 111 17320.  12.0  31.0   1.319 -99.0   0.0
   5 1981 112 12640.  13.0  30.0   1.319 -99.0   0.0
   5 1981 113 26500.  13.0  34.0   1.424 -99.0   0.0
   5 1981 114 26570.  15.0  37.0   1.425 -99.0   0.0
   5 1981 115 28800.  14.0  33.0   1.472 -99.0   0.0
   5 1981 116 27650.  13.0  31.0   1.394 -99.0   0.0
   5 1981 117 25270.  12.0  30.5   1.151 -99.0   0.0
   5 1981 118 27100.  14.8  26.2   1.398 -99.0   0.0
   5 1981 119 28900.   9.0  28.2   1.148 -99.0   9.0
   5 1981 120 27300.  11.5  22.5   1.344 -99.0   0.0
   5 1981 121 29400.   8.2  23.5   0.979 -99.0   0.0
   5 1981 122 26000.   6.0  25.0   0.879 -99.0   0.8
   5 1981 123 19000.  13.0  22.0   1.394 -99.0   9.0
   5 1981 124 18400.  15.5  25.0   1.709 -99.0   3.2
   5 1981 125 21800.  12.0  22.0   1.347 -99.0   0.0
   5 1981 126 28600.   7.5  29.5   0.990 -99.0   0.0
   5 1981 127 22900.  12.0  25.0   1.312 -99.0   0.0
   5 1981 128 24700.   7.5  23.5   0.990 -99.0   0.0
   5 1981 129 25700.  10.5  24.5   1.181 -99.0   0.0
   5 1981 130 27900.   7.0  26.5   0.952 -99.0   1.0
   5 1981 131 28200.   8.0  26.5   0.992 -99.0   0.0
   5 1981 132 25500.  15.5  23.5   1.004 -99.0   0.0
   5 1981 133 23870.  11.5  35.5   1.066 -99.0   0.0
   5 1981 134 28000.  11.8  29.0   1.274 -99.0   0.0
   5 1981 135 24410.   9.5  26.8   1.122 -99.0   0.8
   5 1981 136 26140.  11.0  24.0   1.274 -99.0   0.0
   5 1981 137 30240.   6.2  27.5   0.778 -99.0   0.0
   5 1981 138 26140.  15.0  31.8   1.024 -99.0   0.0
   5 1981 139 29700.  19.5  33.5   0.681 -99.0   0.0
   5 1981 140 28000.  13.0  33.5   1.214 -99.0   0.0
   5 1981 141 19200.  12.0  30.5   1.024 -99.0   0.0
   5 1981 142 22900.   9.0  27.0   1.097 -99.0   0.0
   5 1981 143 29000.   8.0  30.0   1.057 -99.0   0.0
   5 1981 144 30700.   8.5  30.5   1.010 -99.0   0.0
   5 1981 145 27800.  10.5  33.0   0.978 -99.0   0.0
   5 1981 146 23900.  18.0  31.5   1.343 -99.0   0.0
   5 1981 147 31540.  15.5  30.5   1.586 -99.0   0.0
   5 1981 148 31140.  13.5  33.0   1.211 -99.0   0.0
   5 1981 149 31320.   9.5  35.0   0.624 -99.0   0.0
   5 1981 150 30460.  12.0  38.2   0.652 -99.0   0.0
   5 1981 151 30170.  14.5  40.0   0.917 -99.0   0.0
   5 1981 152 30640.  20.8  41.2   1.254 -99.0   0.0
   5 1981 153 31540.  21.5  38.5   1.309 -99.0   0.0
   5 1981 154 30350.  18.0  32.5   1.787 -99.0   0.0
   5 1981 155 31500.  18.8  31.0   1.922 -99.0   0.0
   5 1981 156 30100.  16.5  31.5   1.409 -99.0   0.0
   5 1981 157 30400.  14.0  32.5   1.056 -99.0   0.0
   5 1981 158 25670.  15.5  34.5   1.163 -99.0   0.0
   5 1981 159 28580.  17.0  37.5   1.493 -99.0   0.0
   5 1981 160 30820.  23.0  34.5   1.744 -99.0   0.0
   5 1981 161 26680.  24.0  41.0   1.554 -99.0   0.0
   5 1981 162 22750.  23.2  39.5   1.196 -99.0   0.0
   5 1981 163 30350.  21.0  38.0   1.295 -99.0   0.0
   5 1981 164 31390.  16.0  37.5   1.347 -99.0   0.0
   5 1981 165 31390.  15.0  34.2   1.485 -99.0   0.0
   5 1981 166 26640.  17.2  34.0   1.866 -99.0   2.6
   5 1981 167 22140.  17.5  25.5   2.002 -99.0   1.4
   5 1981 168 30100.  17.5  31.2   1.521 -99.0   0.0
   5 1981 169 31000.  15.8  35.0   1.356 -99.0   0.0
   5 1981 170 31800.  17.5  39.0   1.461 -99.0   0.0
   5 1981 171 31400.  21.0  42.0   1.668 -99.0   0.0
   5 1981 172 31400.  23.5  42.5   1.972 -99.0   0.0
   5 1981 173 31700.  18.0  38.5   1.508 -99.0   0.0
   5 1981 174 31500.  16.0  35.0   1.647 -99.0   0.0
   5 1981 175 30800.  18.0  36.5   1.632 -99.0   0.0
   5 1981 176 31300.  22.5  41.5   2.211 -99.0   0.0
   5 1981 177 31300.  21.0  41.5   1.780 -99.0   0.0
   5 1981 178 30900.  23.0  41.5   1.885 -99.0   0.0
   5 1981 179 31400.  19.8  40.5   1.410 -99.0   0.0
   5 1981 180 30600.  20.8  39.8   1.316 -99.0   0.0
   5 1981 181 31000.  22.0  40.0   1.535 -99.0   0.0
   5 1981 182 29880.  23.0  39.5   1.491 -99.0   0.0
   5 1981 183 29880.  20.0  41.5   1.545 -99.0   0.0
   5 1981 184 28730.  22.0  39.5   2.290 -99.0   6.2
   5 1981 185 28790.  20.5  37.5   2.269 -99.0   0.0
   5 1981 186 31970.  22.5  38.5   2.129 -99.0   0.0
   5 1981 187 30850.  27.0  40.5   2.143 -99.0   0.0
   5 1981 188 31100.  19.5  39.0   1.815 -99.0   0.0
   5 1981 189 30600.  18.2  35.5   1.904 -99.0   0.0
   5 1981 190 31400.  15.5  34.5   1.604 -99.0   0.0
   5 1981 191 30100.  17.5  35.2   1.661 -99.0   0.0
   5 1981 192 30800.  18.2  35.5   1.695 -99.0   0.0
   5 1981 193 31100.  20.8  38.2   1.992 -99.0   0.0
   5 1981 194 30300.  22.0  40.0   1.866 -99.0   0.0
   5 1981 195 31250.  23.0  41.0   1.772 -99.0   0.0
   5 1981 196 31680.  23.0  41.5   1.800 -99.0   0.0
   5 1981 197 30630.  25.5  39.5   2.484 -99.0   0.0
   5 1981 198 30900.  22.0  40.5   2.197 -99.0   0.0
   5 1981 199 30460.  20.5  41.0   2.221 -99.0   0.0
   5 1981 200 30100.  21.0  40.5   1.768 -99.0   0.0
   5 1981 201 29380.  23.0  43.0   1.702 -99.0   0.0
   5 1981 202 29550.  21.0  42.5   1.569 -99.0   0.0
   5 1981 203 29840.  19.5  38.5   1.566 -99.0   0.0
   5 1981 204 28220.  22.5  42.5   2.402 -99.0   0.0
   5 1981 205 28480.  24.5  45.5   2.679 -99.0   0.0
   5 1981 206 29480.  25.0  45.5   2.665 -99.0   0.0
   5 1981 207 26860.  24.0  46.0   2.166 -99.0   0.0
   5 1981 208 27830.  25.0  46.0   2.126 -99.0   0.0
   5 1981 209 29480.  20.0  42.5   1.685 -99.0   0.0
   5 1981 210 27720.  21.5  43.0   1.361 -99.0   0.0
   5 1981 211 28150.  22.5  43.0   1.856 -99.0   0.0
   5 1981 212 24700.  26.5  42.0   2.601 -99.0   0.0
   5 1981 213 27720.  25.5  43.5   2.223 -99.0   0.0
   5 1981 214 27430.  27.0  42.0   3.054 -99.0   0.0
   5 1981 215 28800.  22.5  42.0   2.593 -99.0   0.0
   5 1981 216 28510.  22.0  43.0   2.144 -99.0   0.0
   5 1981 217 27760.  23.0  42.0   2.082 -99.0   0.0
   5 1981 218 28690.  20.5  39.0   2.004 -99.0   0.0
   5 1981 219 28510.  19.0  39.5   1.474 -99.0   0.0
   5 1981 220 28660.  21.0  40.0   1.369 -99.0   0.0
   5 1981 221 28220.  22.0  39.0   1.853 -99.0   0.0
   5 1981 222 27290.  18.5  39.0   1.578 -99.0   0.0
   5 1981 223 27070.  19.0  39.0   2.024 -99.0   0.0
   5 1981 224 27430.  19.5  38.5   1.952 -99.0   0.0
   5 1981 225 27830.  22.0  39.0   2.224 -99.0   0.0
   5 1981 226 26710.  22.0  41.5   2.277 -99.0   0.0
   5 1981 227 27470.  22.0  41.0   2.197 -99.0   0.0
   5 1981 228 26820.  23.0  40.0   2.054 -99.0   0.0
   5 1981 229 26860.  22.0  40.0   2.383 -99.0   0.0
   5 1981 230 27790.  20.0  38.0   2.107 -99.0   0.0
   5 1981 231 26960.  18.0  36.0   1.859 -99.0   0.0
   5 1981 232 26140.  23.0  38.0   2.504 -99.0   0.0
   5 1981 233 26500.  21.0  38.0   2.365 -99.0   0.0
   5 1981 234 26600.  19.0  38.0   2.090 -99.0   0.0
   5 1981 235 26350.  21.2  38.0   2.042 -99.0   0.0
   5 1981 236 26680.  24.0  38.0   2.899 -99.0   0.0
   5 1981 237 26680.  21.0  39.0   2.141 -99.0   0.0
   5 1981 238 26060.  21.0  42.0   1.718 -99.0   0.0
   5 1981 239 25420.  26.5  40.0   2.428 -99.0   0.0
   5 1981 240 25380.  18.0  35.8   1.839 -99.0   0.0
   5 1981 241 25810.  16.0  35.0   1.692 -99.0   0.0
   5 1981 242 25780.  15.8  34.5   1.796 -99.0   0.0
   5 1981 243 25380.  17.5  37.8   1.942 -99.0   0.0
   5 1981 244 25970.  21.0  40.0   2.166 -99.0   0.0
   5 1981 245 25970.  16.0  42.0   1.055 -99.0   0.0
   5 1981 246 25020.  14.0  41.0   0.960 -99.0   0.0
   5 1981 247 24300.  19.8  42.2   1.318 -99.0   0.0
   5 1981 248 25310.  17.0  41.0   1.338 -99.0   0.0
   5 1981 249 25130.  15.0  41.0   1.263 -99.0   0.0
   5 1981 250 23400.  16.0  44.5   0.837 -99.0   0.0
   5 1981 251 23180.  19.0  39.0   1.034 -99.0   0.0
   5 1981 252 22790.  21.5  41.5   1.720 -99.0   0.0
   5 1981 253 22820.  23.5  36.0   2.610 -99.0   0.0
   5 1981 254 22320.  16.0  33.0   1.820 -99.0   0.0
   5 1981 255 23690.  16.2  35.0   1.769 -99.0   0.0
   5 1981 256 24050.  16.5  35.0   1.822 -99.0   0.0
   5 1981 257 22250.  17.5  34.5   1.701 -99.0   0.0
   5 1981 258 23600.  14.0  33.0   0.624 -99.0   0.0
   5 1981 259 22900.  14.0  31.0   1.232 -99.0   0.0
   5 1981 260 22100.  11.5  30.0   1.154 -99.0   0.0
   5 1981 261 23200.  13.0  29.0   1.289 -99.0   0.0
   5 1981 262 23600.  11.5  31.0   1.059 -99.0   0.0
   5 1981 263 22600.   9.5  32.0   0.820 -99.0   0.0
   5 1981 264 22500.  15.0  32.0   1.382 -99.0   0.0
   5 1981 265 22900.  12.0  33.0   1.108 -99.0   0.0
   5 1981 266 22400.   8.0  32.5   0.569 -99.0   0.0
   5 1981 267 21800.   7.0  34.0   0.271 -99.0   0.0
   5 1981 268 21300.  10.0  34.0   0.454 -99.0   0.0
   5 1981 269 12900.  11.0  35.0   0.460 -99.0   0.0
   5 1981 270 17000.  20.2  35.5   0.853 -99.0   0.0
   5 1981 271 19300.  14.0  34.5   1.216 -99.0   0.0
   5 1981 272 19330.  19.0  32.5   1.782   4.5   0.0
   5 1981 273 19660.  15.0  32.8   1.369   2.4   0.0
   5 1981 274 21060.  13.5  33.0   1.378   1.3   0.0
   5 1981 275 20160.  10.5  32.5   0.699   1.4   0.0
   5 1981 276 19480.  11.5  32.0   0.991   0.6   0.0
   5 1981 277 19580.  13.0  31.0   1.244   3.8   0.0
   5 1981 278 20090.  12.9  31.2   1.310   4.4   0.0
   5 1981 279 18400.  14.0  31.0   1.440   2.8   0.0
   5 1981 280 18900.  13.2  30.5   1.382   0.7   0.0
   5 1981 281 18700.  11.0  31.2   1.024   0.7   0.0
   5 1981 282 19700.  10.0  32.0   0.688   0.5   0.0
   5 1981 283 18700.  10.5  30.0   0.597   1.7   0.0
   5 1981 284 16100.  11.9  27.0   1.018   2.1   0.0
   5 1981 285 13900.   9.0  25.0   0.953   1.2   0.0
   5 1981 286 15230.   6.5  26.5   0.813   0.7   0.0
   5 1981 287 17930.   9.5  30.2   0.677   1.0   0.0
   5 1981 288 11660.   9.8  25.0   1.163   1.5   1.8
   5 1981 289 17640.   6.0  26.0   0.851   0.2   0.0
   5 1981 290 17960.   6.0  28.2   0.599   0.7   0.0
   5 1981 291 18070.   6.8  26.3   0.519   0.4   0.0
   5 1981 292 17570.   5.0  26.0   0.419   0.4   0.0
   5 1981 293 17100.   4.0  28.5   0.342   0.2   0.0
   5 1981 294 16240.   5.0  28.0   0.349   0.5   0.0
   5 1981 295 15730.   6.5  29.0   0.431   0.7   0.0
   5 1981 296 15880.   9.0  29.0   0.482   1.0   0.0
   5 1981 297 15840.   8.0  29.0   0.451   0.8   0.0
   5 1981 298 12920.   8.0  28.0   0.558   0.1   0.0
   5 1981 299 15300.   9.5  29.5   0.487   0.2   0.0
   5 1981 300 15300.   7.0  30.0   0.461   0.3   0.0
   5 1981 301 15370.   6.8  29.9   0.435   0.9   0.0
   5 1981 302 14260.  10.0  30.0   0.528   1.9   0.0
   5 1981 303  6370.   7.0  25.5   0.476   1.4   0.0
   5 1981 304 13860.   6.2  26.0   0.673   1.1   0.0
   5 1981 305  8570.   9.0  22.8   0.919   0.3   0.0
   5 1981 306 12420.   5.8  23.0   0.784   0.2   0.0
   5 1981 307 13460.   6.8  24.2   0.840   1.4   0.0
   5 1981 308  4360.   4.5  19.0   0.792   3.9   3.4
   5 1981 309 15660.  -3.0  13.5   0.445   4.5   0.0
   5 1981 310 14800.  -6.0  14.0   0.328   1.1   0.0
   5 1981 311 14800.  -3.0  16.0   0.387   2.6   0.0
   5 1981 312 13860.   2.8  19.5   0.441   4.1   0.0
   5 1981 313 13100.   3.0  20.0   0.546   1.3   0.0
   5 1981 314  8350.   5.0  23.5   0.794   3.7   2.2
   5 1981 315  6860.  10.8  20.2   1.179   4.5   0.0
   5 1981 316  6860.   9.0  16.0   1.045   4.5  13.4
   5 1981 317 13390.   2.5  14.0   0.651   2.0   0.0
   5 1981 318 13390.   0.0  14.0   0.568   4.5   0.0
   5 1981 319  9680.   7.0  18.5   0.762   4.6   0.0
   5 1981 320 13000.   2.0  17.5   0.607   1.2   0.0
   5 1981 321  5700.   6.0  15.5   0.842   1.7   1.6
   5 1981 322  5800.   7.2  17.8   0.906   2.1   3.6
   5 1981 323  7740.   5.2  13.5   0.805   1.7   0.0
   5 1981 324  5180.   5.0  12.0   0.794   3.4  17.4
   5 1981 325  6410.   3.0  12.0   0.678   3.3   0.0
   5 1981 326 12600.   0.8  14.2   0.589   1.5   0.0
   5 1981 327 11120.   1.5  16.0   0.626   1.4   0.0
   5 1981 328 11660.   0.0  18.0   0.562   1.3   0.0
   5 1981 329 12130.   0.2  15.0   0.576   2.7   0.0
   5 1981 330  9650.   2.8  15.0   0.687   2.6   0.0
   5 1981 331 11160.   4.2  15.5   0.759   3.7   0.0
   5 1981 332  4070.   4.8  10.8   0.791   3.2   0.0
   5 1981 333  8210.   6.2  15.0   0.853   1.7   0.0
   5 1981 334  6410.   5.0  17.0   0.803   1.9   0.0
   5 1981 335 10440.   5.2  18.8   0.849   3.6   1.0
   5 1981 336 10870.   5.5  17.0   0.881   1.1   0.0
   5 1981 337  9220.   2.8  14.9   0.736   1.4   0.0
   5 1981 338  8930.   3.5  13.0   0.769   2.7   0.0
   5 1981 339  7060.   3.5  15.5   0.761   3.9   0.0
   5 1981 340  6840.   4.0  15.5   0.785   1.5   0.8
   5 1981 341  6880.   5.5  18.0   0.876   2.6   0.0
   5 1981 342 11590.   4.8  19.0   0.860   2.0   0.0
   5 1981 343 10690.   3.8  17.5   0.802   2.2   0.0
   5 1981 344 10440.   2.0  15.0   0.706   2.0   0.0
   5 1981 345  9940.   1.2  16.2   0.666   3.5   0.0
   5 1981 346 10000.   6.0  16.5   0.926   3.8   0.0
   5 1981 347  9760.   2.5  16.0   0.731   1.1   0.0
   5 1981 348  7340.   2.0  16.2   0.706   0.9   0.0
   5 1981 349  5470.   3.5  18.0   0.785   1.6   0.0
   5 1981 350  2950.   2.2  17.2   0.716   2.3   2.2
   5 1981 351  8280.   1.8  16.8   0.696   3.3   2.0
   5 1981 352  8820.   6.0  20.2   0.935   2.6   0.0
   5 1981 353 10550.   4.2  15.0   0.825   2.5   0.0
   5 1981 354  9290.   3.5  14.0   0.776   4.6   0.0
   5 1981 355  7240.   4.5  15.0   0.842   2.2   0.0
   5 1981 356  9720.   1.8  17.0   0.696   3.2   0.0
   5 1981 357  9900.   5.5  15.5   0.894   4.6   0.0
   5 1981 358  2700.   6.0  10.8   0.935   3.7  11.2
   5 1981 359  6300.   8.0  13.0   1.073   1.5   0.0
   5 1981 360  9650.   4.8  17.0   0.860   1.5   0.0
   5 1981 361  5940.   7.8  17.0   1.058   3.8   8.0
   5 1981 362  6010.   6.0  14.0   0.935   2.6   0.6
   5 1981 363  4070.   5.0  11.9   0.855   2.4   0.6
   5 1981 364  4900.   4.0  11.5   0.805   1.2   0.0
   5 1981 365  3600.   2.0  11.9   0.706   1.0   2.0
