*---------------------------------------------------------------------------*
* Station name: Khanasser, Syria
* Year: 1982
* Author: Peter Uithol                                     -99.000: NIL VALUE
* Source: ICARDA SPS file
* Comments: Vapour pressure measured as maximum relative humudity (%)
* Longitude: 37 33 E, latitude: 35 46 N, altitude: 335. m
*
* Column  Daily value
* 1       station number
* 2       year
* 3       day
* 4       irradiation                   (kJ m-2 d-1)
* 5       minimum temperature           (degrees Celsius)
* 6       maximum temperature           (degrees Celsius)
* 7       early morning vapour pressure (kPa)
* 8       mean wind speed (height: 2 m) (m s-1)
* 9       precipitation                 (mm d-1)
*---------------------------------------------------------------------------*
  37.55  35.77   335. 0.00 0.00
   5 1982   1  6300.   4.5  11.2   0.842   1.4   0.0
   5 1982   2  3780.   5.5   8.0   0.894   2.0   0.0
   5 1982   3  2230.   5.5   7.2   0.885   1.5   0.0
   5 1982   4  3960.   5.5   9.5   0.876   4.7   6.0
   5 1982   5  1400.   6.5   8.0   0.949   6.9  15.0
   5 1982   6  7090.   5.0  14.0   0.855   1.2   0.0
   5 1982   7  5330.   4.5  14.2   0.834   4.0   6.0
   5 1982   8  4500.   9.8  16.0   1.127   6.6   0.0
   5 1982   9  9390.   2.5  13.2   0.643   3.5   0.0
   5 1982  10  5150.   0.0   5.8   0.586   2.0   1.4
   5 1982  11  6080.   4.5   8.0   0.842   0.9   0.0
   5 1982  12  4180.   6.2   8.9   0.948   1.4   0.0
   5 1982  13  8210.   6.5  14.5   0.968   1.9   7.0
   5 1982  14  3780.   4.0  12.0   0.797   4.1   1.0
   5 1982  15 11800.   0.2   7.8   0.558   3.4   0.0
   5 1982  16 12420.  -2.0  10.0   0.480   2.6   0.0
   5 1982  17 12560.  -1.0  14.8   0.562   2.3   0.0
   5 1982  18 12890.  -1.5   9.9   0.547   1.0   0.0
   5 1982  19 12850.  -3.5  10.5   0.472   1.8   0.0
   5 1982  20 11770.  -4.0   9.9   0.454   3.1   0.0
   5 1982  21 13860.   0.5  10.0   0.627   3.9   0.0
   5 1982  22 11520.  -0.5  10.0   0.571   3.4   0.0
   5 1982  23 12420.  -1.0  11.0   0.551   4.1   0.0
   5 1982  24 11950.   0.5  11.8   0.621   4.1   0.0
   5 1982  25  6050.   4.5  12.0   0.834   2.5   0.0
   5 1982  26  8820.   2.0  11.5   0.706   2.1   0.0
   5 1982  27  4640.   0.8   8.8   0.647   3.1  21.0
   5 1982  28  7490.   6.2  12.0   0.948   4.6   1.0
   5 1982  29  5760.   3.8  14.5   0.802   1.6  13.0
   5 1982  30 13900.   4.2  11.2   0.825   2.0   0.0
   5 1982  31  7090.   4.9  11.8   0.866   3.4   8.7
   5 1982  32  7090.   6.9  13.0   0.965   3.4   8.7
   5 1982  33  7090.   7.2  11.2   0.987   3.4   8.6
   5 1982  34  7090.   1.0   7.8   0.630   3.4   0.0
   5 1982  35  8280.  -2.0   5.0   0.493   1.3   0.0
   5 1982  36 14600.  -3.8   7.0   0.438   2.4   0.0
   5 1982  37  5180.  -2.5   4.2   0.473   3.7   0.0
   5 1982  38 13900.   0.8   9.0   0.621   3.4   0.0
   5 1982  39 15340.  -2.2  10.2   0.504   1.4   0.0
   5 1982  40 14040.  -2.0  12.8   0.517   1.9   0.0
   5 1982  41  6010.  -0.8   7.5   0.570   3.6   1.0
   5 1982  42 14330.   1.2  11.0   0.633   3.7   0.0
   5 1982  43 13180.   0.0  12.0   0.580   2.9   0.0
   5 1982  44 15260.  -0.8  11.2   0.562   1.3   0.0
   5 1982  45  8420.  -2.0  11.5   0.506   2.2   0.0
   5 1982  46 16810.  -4.3   6.8   0.364   1.4   0.0
   5 1982  47 15980.  -6.0   8.2   0.367   0.9   0.0
   5 1982  48 16960.  -5.5  10.0   0.381   1.2   0.0
   5 1982  49 17460.  -5.0   9.5   0.387   2.0   0.0
   5 1982  50 13320.  -4.0  11.5   0.409   7.2   0.0
   5 1982  51  4020.   2.0   6.0   0.677   4.1   2.6
   5 1982  52 16990.   0.0  11.5   0.611   1.4   0.0
   5 1982  53 13900.  -2.0  14.0   0.506   4.9   0.0
   5 1982  54 15700.   0.5  15.0   0.595   3.3   0.0
   5 1982  55 17300.  -3.0  16.0   0.475   1.1   0.0
   5 1982  56 18040.  -2.0  17.0   0.511   2.2   0.0
   5 1982  57 14940.   3.0  19.0   0.682   6.5   0.0
   5 1982  58 12130.   6.8  17.8   0.801   5.3   0.0
   5 1982  59  4790.   5.0  16.0   0.785   3.3   3.8
   5 1982  60 10910.   2.8  15.0   0.665   2.1   0.8
   5 1982  61 12060.   2.2  12.2   0.638   2.0   1.2
   5 1982  62 15550.   0.2  15.0   0.545   1.1   0.0
   5 1982  63 16060.   0.0  17.0   0.544   3.0   0.0
   5 1982  64 11880.   8.0  20.2   0.923   3.3   2.4
   5 1982  65 12420.   9.2  15.2   0.987   2.8   0.0
   5 1982  66 19730.   5.0  19.2   0.776   2.5   0.0
   5 1982  67 20300.   0.0  19.8   0.544   1.6   0.4
   5 1982  68 10300.   3.5  15.2   0.699   4.5   1.0
   5 1982  69 16630.   2.0  12.2   0.494   3.1   0.0
   5 1982  70 20840.  -2.2  11.5   0.390   1.8   0.0
   5 1982  71 17030.   0.0  12.9   0.391   3.8   0.0
   5 1982  72  8280.   2.0  12.0   0.586   4.2   3.0
   5 1982  73 20450.   1.0  12.5   0.657   1.3   0.0
   5 1982  74 20340.  -2.0  16.2   0.527   2.8   0.0
   5 1982  75 17890.   7.8  19.8   1.037   2.2   2.0
   5 1982  76 17930.   1.8  15.0   0.696   2.6   0.8
   5 1982  77 13680.   1.0  11.8   0.657   4.2   0.6
   5 1982  78 23260.  -1.2  14.0   0.559   2.7   0.0
   5 1982  79 23220.  -3.8  14.5   0.452   1.6   0.0
   5 1982  80 20880.   0.0  18.0   0.568   1.6   0.0
   5 1982  81 23040.  -1.2  19.2   0.548   1.6   0.0
   5 1982  82 21850.   0.0  22.2   0.611   2.4   5.0
   5 1982  83 14110.   5.8  15.2   0.922   4.6   0.0
   5 1982  84 25380.  -2.5  10.4   0.356   2.4   0.0
   5 1982  85 24370.  -7.0  10.8   0.332   1.7   0.0
   5 1982  86 23830.  -5.0  11.9   0.392   1.8   0.0
   5 1982  87 25380.  -6.0  17.0   0.367   2.4   0.0
   5 1982  88 24370.  -1.8  18.0   0.511   2.2   0.0
   5 1982  89 24010.  -2.2  19.8   0.520   1.9   0.0
   5 1982  90 23510.   0.8  22.8   0.550   1.7   0.0
   5 1982  91 21850.   2.5  25.0   0.607   2.8   0.0
   5 1982  92 14000.   7.0  19.8   0.972   1.4   0.0
   5 1982  93 18320.   5.0  24.0   0.846   3.9   0.0
   5 1982  94 10730.   9.0  27.0   1.148   3.4   2.6
   5 1982  95 21170.   5.2  19.4   0.876   2.8   2.0
   5 1982  96 23150.   3.0  19.0   0.758   2.0   0.0
   5 1982  97 22970.   3.5  16.2   0.773   4.4   0.0
   5 1982  98 22540.   8.0  19.0   1.009   5.6   0.0
   5 1982  99 20660.   0.5  20.0   0.633   1.4   0.0
   5 1982 100 17640.   8.0  21.8   0.810   5.0   0.0
   5 1982 101 22000.  11.8  27.0   1.135   3.0   0.0
   5 1982 102 24200.   9.0  25.0   1.114   1.4   0.0
   5 1982 103 23540.   7.0  27.0   1.002   3.9   1.0
   5 1982 104 11340.  10.8  18.5   1.296   1.9   0.0
   5 1982 105 22180.   7.5  24.2   1.037   1.6   0.0
   5 1982 106 24590.   8.5  27.5   1.110   1.8   0.0
   5 1982 107 25810.  10.0  28.2   1.191   2.3   0.0
   5 1982 108 26320.  11.0  27.0   1.156   3.8   0.0
   5 1982 109 27830.   7.2  24.2   1.006   3.3   0.0
   5 1982 110 26600.   6.4  25.0   0.942   1.1   0.0
   5 1982 111 26680.   3.8  29.2   0.690   3.4   0.0
   5 1982 112 27140.  13.0  28.2   1.409   3.1   0.0
   5 1982 113 24910.   4.2  23.0   0.825   2.7   0.0
   5 1982 114 20270.   8.0  22.0   0.858   1.3   0.0
   5 1982 115 13320.  10.0  27.0   1.191   3.5   1.6
   5 1982 116 18220.  10.5  20.0   1.232   2.1   2.0
   5 1982 117 25960.   7.5  22.0   0.995   1.5   0.0
   5 1982 118 21020.   3.0  21.2   0.712   2.9   1.6
   5 1982 119 13360.  12.0  25.2   1.263   2.4   0.0
   5 1982 120 11200.  10.5  19.0   1.194   2.2   0.0
   5 1982 121 11200.   1.0  20.0   0.617   2.2  15.0
   5 1982 122 29590.   7.2  23.0   0.955   2.3   0.0
   5 1982 123 29450.   5.8  23.0   0.867   2.9   0.0
   5 1982 124 30170.   7.2  23.5   0.965   2.1   0.0
   5 1982 125 28730.   6.0  26.5   0.935   1.9   0.0
   5 1982 126 23330.  10.2  25.5   1.170   2.5   0.0
   5 1982 127 29340.   8.9  27.0   1.129   2.4   0.0
   5 1982 128 30200.   8.5  28.0   1.005   1.3   0.0
   5 1982 129 30200.   7.0  30.0   0.842   1.8   0.0
   5 1982 130 27470.  14.8  31.2   1.112   3.2   0.0
   5 1982 131 25960.  15.0  31.4   1.689   3.0   9.0
   5 1982 132 20590.  15.8  29.0   1.778   2.6   1.8
   5 1982 133 21670.  14.5  27.0   1.627   2.5   3.4
   5 1982 134 26680.  13.0  27.0   1.484   2.2   0.0
   5 1982 135 29340.  12.2  29.0   1.365   1.9   0.0
   5 1982 136 27070.  10.0  31.0   1.173   3.8  19.6
   5 1982 137 24460.  16.0  29.4   1.820   3.6   0.0
   5 1982 138 24460.  13.8  24.0   1.500   3.6   6.0
   5 1982 139 28220.   8.5  24.0   1.110   2.7   0.0
   5 1982 140 30280.   8.5  25.2   1.099   3.3   0.0
   5 1982 141 29480.  11.0  26.2   1.274   3.2   0.0
   5 1982 142 29450.  11.5  28.0   1.317   2.4   0.0
   5 1982 143 30960.  14.5  28.0   1.322   3.6   0.0
   5 1982 144 28220.  12.5  30.0   1.073   2.1   0.0
   5 1982 145 22210.  16.3  27.2   1.345   2.5   0.0
   5 1982 146 25020.  15.0  30.0   1.450   2.8   3.0
   5 1982 147 30780.  14.5  30.2   1.305   2.8   0.0
   5 1982 148 30060.  14.0  33.5   1.408   1.5   0.0
   5 1982 149 26530.  14.0  34.2   1.379   3.3   0.0
   5 1982 150 28870.  12.5  31.2   1.102   3.9   0.0
   5 1982 151 28150.  10.5  25.0   1.270   3.7   0.0
   5 1982 152 24980.  11.9  27.0   1.282   1.3   0.0
   5 1982 153 27680.  12.0  31.2   1.389   3.6   0.0
   5 1982 154 30420.  16.0  28.2   1.556   3.7   0.0
   5 1982 155 30420.  15.0  26.0   1.519   3.7   0.0
   5 1982 156 29480.  10.5  27.2   1.257   2.7   0.0
   5 1982 157 24410.  12.0  27.5   1.305   2.0   0.8
   5 1982 158 29990.  15.2  29.5   1.348   4.1   0.0
   5 1982 159 31860.  12.4  31.2   1.390   1.7   0.0
   5 1982 160 30740.  13.0  33.2   1.244   4.0   0.0
   5 1982 161 32260.  15.8  32.0   1.620   4.9   0.0
   5 1982 162 30710.  14.5  33.2   1.206   4.7   0.0
   5 1982 163 31320.  18.0  34.2   1.446   3.8   0.0
   5 1982 164 31240.  16.5  35.0   1.212   4.6   0.0
   5 1982 165 31210.  16.0  35.0   1.256   5.2   0.0
   5 1982 166 31540.  12.5  35.5   0.841   4.4   0.0
   5 1982 167 31360.  16.2  35.0   1.014   4.8   0.0
   5 1982 168 31280.  15.0  30.2   1.485   5.6   0.0
   5 1982 169 31720.  14.5  32.0   1.504   4.9   0.0
   5 1982 170 32220.  14.5  33.5   1.173   3.6   0.0
   5 1982 171 31280.  14.0  34.0   1.024   4.3   0.0
   5 1982 172 31210.  16.0  36.5   1.092   3.9   0.0
   5 1982 173 30530.  18.5  36.5   1.215   3.6   0.0
   5 1982 174 31100.  19.0  36.0   1.408   3.3   0.0
   5 1982 175 31460.  19.8  36.5   1.433   3.5   0.0
   5 1982 176 31890.  17.0  37.0   1.086   3.6   0.0
   5 1982 177 29480.  20.2  37.0   1.375   3.8   0.0
   5 1982 178 32260.  19.0  35.5   1.056   2.4   0.0
   5 1982 179 31540.  14.9  37.0   0.788   2.0   0.0
   5 1982 180 31180.  15.0  39.0   1.007   3.8   0.0
   5 1982 181 30060.  19.5  39.2   1.520   6.0   0.0
   5 1982 182 31360.  21.5  37.5   2.157   5.4   0.0
   5 1982 183 30640.  14.0  34.0   1.544   5.5   0.0
   5 1982 184 28660.  16.0  32.5   1.692   4.6   0.0
   5 1982 185 29810.  16.5  31.5   1.747   4.6   0.0
   5 1982 186 31750.  14.2  30.0   1.402   6.3   0.0
   5 1982 187 31180.  15.0  33.0   1.314   4.2   0.0
   5 1982 188 30310.  15.8  34.2   1.060   1.6   0.0
   5 1982 189 31250.  14.5  37.2   0.909   4.0   0.0
   5 1982 190 30420.  14.8  35.0   1.331   3.5   0.0
   5 1982 191 30670.  15.0  32.2   1.638   4.6   0.0
   5 1982 192 31210.  12.0  33.0   1.375   3.5   0.0
   5 1982 193 31210.  13.0  33.8   1.394   4.6   0.0
   5 1982 194 31680.  14.9  34.0   1.611   6.6   0.0
   5 1982 195 30060.  13.5  34.0   1.330   5.6   0.0
   5 1982 196 30530.  17.5  34.9   1.691   5.5   0.0
   5 1982 197 29090.  20.0  35.2   2.034   3.9   0.0
   5 1982 198 30100.  20.0  35.0   2.177   3.6   0.0
   5 1982 199 29340.  17.8  36.2   1.877   2.8   0.0
   5 1982 200 30240.  17.5  38.2   1.886   3.6   0.0
   5 1982 201 30020.  19.2  38.5   2.116   5.0   0.0
   5 1982 202 30020.  20.5  35.5   1.985   5.0   0.0
   5 1982 203 29200.  20.9  35.0   2.054   5.8   0.0
   5 1982 204 30130.  21.0  35.0   2.288   5.2   0.0
   5 1982 205 29990.  14.5  36.0   1.568   5.2   0.0
   5 1982 206 28910.  14.9  36.0   1.399   5.5   0.0
   5 1982 207 29020.  18.9  36.0   1.858   5.4   0.0
   5 1982 208 29020.  18.7  36.0   1.597   6.3   0.0
   5 1982 209 29660.  16.9  33.2   1.908   6.8   0.0
   5 1982 210 28220.  18.5  33.5   1.919   7.0   0.0
   5 1982 211 28980.  19.9  33.0   2.222   7.2   0.0
   5 1982 212 29020.  18.5  32.9   2.110   5.3   0.0
   5 1982 213 29300.  17.0  32.9   1.691   5.3   0.0
   5 1982 214 28940.  14.2  35.5   1.475   4.8   0.0
   5 1982 215 29560.  14.5  35.0   1.272   5.7   0.0
   5 1982 216 28220.  18.9  34.9   2.142   4.3   0.0
   5 1982 217 29340.  17.2  35.2   1.609   5.3   0.0
   5 1982 218 28080.  18.5  36.0   1.439   5.9   0.0
   5 1982 219 27580.  18.5  36.5   1.450   5.4   0.0
   5 1982 220 26780.  18.9  35.5   2.096   6.5   0.0
   5 1982 221 28800.  20.5  34.9   2.323   5.3   0.0
   5 1982 222 29380.  16.5  36.0   1.522   5.2   0.0
   5 1982 223 28730.  16.0  37.5   1.183   5.4   0.0
   5 1982 224 27400.  18.9  38.0   1.202   6.4   0.0
   5 1982 225 27790.  19.5  37.5   1.434   4.2   0.0
   5 1982 226 28120.  17.5  36.2   1.661   4.1   0.0
   5 1982 227 26960.  18.5  34.9   1.972   5.5   0.0
   5 1982 228 27540.  22.2  39.2   2.305   5.7   0.0
   5 1982 229 26960.  19.5  37.2   1.797   4.7   0.0
   5 1982 230 27610.  19.0  35.2   2.068   4.6   0.0
   5 1982 231 27790.  18.2  35.0   2.019   4.1   0.0
   5 1982 232 27680.  15.9  34.0   1.794   6.5   0.0
   5 1982 233 27680.  18.2  35.2   2.071   6.5   0.0
   5 1982 234 28660.  21.0  35.0   2.253   5.0   0.0
   5 1982 235 20920.  19.2  36.2   2.071   5.0   0.0
   5 1982 236 26240.  17.5  36.0   1.771   5.1   0.0
   5 1982 237 26680.  14.5  33.9   1.545   5.0   0.0
   5 1982 238 25850.  16.2  31.2   1.806   3.8   0.0
   5 1982 239 24770.  17.0  32.0   1.920   3.2   0.0
   5 1982 240 25600.  14.5  33.2   1.404   2.9   0.0
   5 1982 241 26360.  16.0  34.2   1.656   2.7   0.0
   5 1982 242 23620.  17.0  35.2   1.571   2.9   0.0
   5 1982 243 24910.  19.0  36.0   1.845   3.5   0.0
   5 1982 244 24840.  16.9  36.2   1.821   3.3   0.0
   5 1982 245 25240.  17.9  37.0   1.601   2.2   0.0
   5 1982 246 23690.  17.9  38.0   1.601   2.5   0.0
   5 1982 247 23940.  17.2  38.0   1.414   2.3   0.0
   5 1982 248 16310.  22.0  37.9   1.800   4.7   0.0
   5 1982 249 22930.  18.0  36.0   2.025   4.0   0.0
   5 1982 250 24340.  16.0  34.2   1.508   3.3   0.0
   5 1982 251 24950.  15.0  33.2   1.689   3.8   0.0
   5 1982 252 23690.  13.9  33.5   1.557   4.0   0.0
   5 1982 253 23800.  17.0  34.2   1.648   3.7   0.0
   5 1982 254 23830.  15.5  33.5   1.360   3.6   0.0
   5 1982 255 23510.  15.5  34.0   1.267   3.6   0.0
   5 1982 256 22570.  15.5  33.2   1.360   4.2   0.0
   5 1982 257 22500.  14.8  31.8   1.668   3.9   0.0
   5 1982 258 22860.  14.8  31.5   1.575   3.6   0.0
   5 1982 259 22640.  14.5  33.5   1.223   2.3   0.0
   5 1982 260 22000.  13.5  34.0   1.378   1.5   0.0
   5 1982 261 22250.  12.2  35.0   1.024   2.4   0.0
   5 1982 262 21460.  15.2  34.5   1.364   3.6   0.0
   5 1982 263 22250.  15.0  33.2   1.302   3.8   0.0
   5 1982 264 21850.  17.5  31.0   1.802   3.7   0.0
   5 1982 265 21280.  13.3  30.2   1.450   4.0   0.0
   5 1982 266 19980.  14.0  28.8   1.464   5.4   0.0
   5 1982 267 20840.  13.0  30.0   1.484   2.3   0.0
   5 1982 268 21420.  12.2  31.0   1.194   1.5   0.0
   5 1982 269 19870.  12.5  32.0   1.088   3.5   0.0
   5 1982 270 19730.  19.2  31.5   2.045   3.5   0.0
   5 1982 271 20020.  14.8  31.5   1.563   1.5   0.0
   5 1982 272 20700.  11.5  31.5   1.358   3.7   0.0
   5 1982 273 17860.  15.5  27.0   1.762   3.3   6.4
   5 1982 274 20100.  13.2  28.8   1.442   2.6   0.0
   5 1982 275 18610.  12.0  26.5   1.235   2.3   0.0
   5 1982 276 19440.   6.0  26.0   0.683   2.0   0.0
   5 1982 277 19400.  10.2  29.2   0.932   2.4   0.0
   5 1982 278 15670.  10.8  27.3   1.183   3.8   2.6
   5 1982 279 11020.  13.5  24.8   1.455   2.3   1.0
   5 1982 280 15950.  14.5  24.8   1.535   3.5   0.0
   5 1982 281 18970.  10.3  24.3   1.188   1.4   0.0
   5 1982 282 19190.   4.0  25.8   0.472   1.5   0.0
   5 1982 283 18680.   6.2  29.0   0.453   1.3   0.0
   5 1982 284 17030.   8.9  30.2   0.599   1.4   0.0
   5 1982 285 17500.   8.5  32.0   0.575   2.9   0.0
   5 1982 286 12380.  11.9  29.3   0.769   2.9   0.0
   5 1982 287 12780.  16.0  27.8   1.219   3.1   0.0
   5 1982 288  8420.  15.3  26.5   1.583   2.5   0.6
   5 1982 289 15050.  11.2  27.3   1.224   1.4   0.0
   5 1982 290 16880.   9.3  27.0   0.952   2.6   0.0
   5 1982 291 11990.  10.8  25.2   1.131   2.7   0.0
   5 1982 292 16670.   9.8  25.9   1.103   4.2   0.0
   5 1982 293 13790.   9.3  22.3   1.078   1.5   0.0
   5 1982 294 15950.   5.8  22.0   0.463   2.1   0.0
   5 1982 295 10910.   9.8  23.7   0.677   3.5   0.0
   5 1982 296 15010.  10.0  25.2   0.774   2.8   0.0
   5 1982 297 13860.   8.0  24.3   0.842   1.8   0.0
   5 1982 298 12130.   8.5  22.3   1.057   2.4   1.0
   5 1982 299 11880.   9.3  19.5   1.113   1.6   0.0
   5 1982 300 14290.   4.3  19.9   0.829   2.3   0.0
   5 1982 301 15010.   6.5  23.5   0.895   2.6   0.0
   5 1982 302 15260.   1.3  20.2   0.639   1.7   0.0
   5 1982 303 14540.   0.5  20.0   0.309   3.8   0.0
   5 1982 304 15160.   0.3  18.9   0.253   2.8   0.0
   5 1982 305 14860.  -2.3  20.2   0.235   2.0   0.0
   5 1982 306 14870.  -2.2  21.2   0.229   1.1   0.0
   5 1982 307 14870.  -0.2  22.0   0.277   1.1   0.0
   5 1982 308 14400.  -1.5  23.0   0.211   1.7   0.0
   5 1982 309 13640.  -2.2  22.0   0.182   1.5   0.0
   5 1982 310 12960.   0.0  19.5   0.366   1.9  13.0
   5 1982 311  8570.  10.0  15.0   0.983   2.8   4.0
   5 1982 312  3490.   4.8   8.8   0.712   5.1   0.0
   5 1982 313  7060.   2.9  10.5   0.451   5.5   0.0
   5 1982 314  5360.   4.3   8.9   0.722   5.1   7.4
   5 1982 315  4860.   4.0  10.0   0.759   3.6   0.6
   5 1982 316 11560.   0.9  11.3   0.600   1.4   0.0
   5 1982 317 12740.  -0.5  14.0   0.539   2.4   0.0
   5 1982 318 12670.  -0.3  15.5   0.546   1.8   0.0
   5 1982 319 12380.   0.8  16.5   0.589   1.0   0.0
   5 1982 320 12560.  -1.3  16.0   0.512   1.5   0.0
   5 1982 321 11950.   1.0  16.2   0.599   4.0   0.0
   5 1982 322 11770.   4.8  18.9   0.766   6.2   0.0
   5 1982 323  7600.   5.5  17.0   0.786   5.5   1.6
   5 1982 324  2740.   5.0   9.0   0.807   2.2   9.6
   5 1982 325  9580.   4.9  12.5   0.797   1.7   0.0
   5 1982 326 10300.   2.0  14.8   0.649   3.1   4.0
   5 1982 327  2090.   2.5   7.9   0.664   3.0   9.0
   5 1982 328  5400.   4.8  11.3   0.777   3.4   0.0
   5 1982 329  8460.  -0.2   9.8   0.554   1.6   0.0
   5 1982 330  8600.   0.0   9.3   0.561   1.8   0.0
   5 1982 331  7800.  -0.8   9.3   0.524   1.0   0.0
   5 1982 332  6370.  -2.8   6.5   0.452   0.9   0.0
   5 1982 333  7560.  -2.8   6.5   0.455   1.1   0.0
   5 1982 334 10260.  -5.5   7.7   0.370   1.2   0.0
   5 1982 335 11090.  -5.2   8.4   0.369   1.1   0.0
   5 1982 336 11300.  -6.0  10.6   0.355   1.2   0.0
   5 1982 337 10910.  -5.0   9.4   0.385   1.3   3.0
   5 1982 338  6600.  -0.5   3.5   0.561   6.1   0.0
   5 1982 339  6600.  -1.5   3.8   0.492   6.1  30.0
   5 1982 340  4070.  -1.0   6.2   0.505   3.1   0.0
   5 1982 341 10220.  -1.3   9.0   0.508   2.1   0.0
   5 1982 342 10510.  -2.6   9.2   0.465   1.1   0.0
   5 1982 343  8600.  -1.8   7.6   0.492   1.4   0.0
   5 1982 344  4900.  -3.0   2.7   0.450   0.8   0.0
   5 1982 345  6480.  -3.0   2.1   0.445   2.2   0.0
   5 1982 346  7420.  -2.3   5.5   0.464   4.9   0.0
   5 1982 347  6080.   0.3   8.2   0.624   3.1   0.0
   5 1982 348  8460.  -1.7   9.7   0.528   2.7   0.0
   5 1982 349  7810.   0.6  15.0   0.637   1.5   0.0
   5 1982 350  6770.   6.0  10.6   0.935   3.3   0.5
   5 1982 351  3460.   8.0  12.1   1.073   3.4   0.5
   5 1982 352  9180.   4.0  12.0   0.813   1.7   0.5
   5 1982 353  8280.  -0.5  12.7   0.589   1.4   0.0
   5 1982 354  9970.  -1.0  12.2   0.562   2.5   0.0
   5 1982 355  4640.   1.8  10.5   0.676   3.6   1.8
   5 1982 356  8750.   4.5  13.4   0.842   1.7   0.6
   5 1982 357  9900.   0.7  13.9   0.643   1.6   0.0
   5 1982 358  9650.   0.6  12.8   0.638   1.1   0.0
   5 1982 359  8600.  -0.8  10.0   0.562   1.4   1.0
   5 1982 360  5870.   4.3  11.9   0.831   2.5   0.8
   5 1982 361  5510.   5.8  12.6   0.922   1.6   1.0
   5 1982 362  8420.   6.5  11.3   0.968   2.2   0.0
   5 1982 363  2810.   6.0   7.6   0.935   1.5   0.6
   5 1982 364  4430.   2.0  13.4   0.691   3.6   2.0
   5 1982 365  3920.   4.8   8.8   0.852   4.0  12.4
