*---------------------------------------------------------------------------*
* Station name: Tel Hadya, Syria
* Year: 1984
* Author: Peter Uithol                                     -99.000: NIL VALUE
* Source: ICARDA SPS file
* Comments: Vapour pressure measured as maximum relative humudity (%)
* Longitude: 36 56 E, latitude: 36 01 N, altitude: 284. m
*
* Column  Daily value
* 1       station number
* 2       year
* 3       day
* 4       irradiation                   (kJ m-2 d-1)
* 5       minimum temperature           (degrees Celsius)
* 6       maximum temperature           (degrees Celsius)
* 7       early morning vapour pressure (kPa)
* 8       mean wind speed (height: 2 m) (m s-1)
* 9       precipitation                 (mm d-1)
*---------------------------------------------------------------------------*
  36.93  36.02   284. 0.00 0.00
   6 1984   1  3900.   3.7  10.0   0.661   1.5   0.0
   6 1984   2 11200.  -2.4  15.0   0.512   0.9   0.0
   6 1984   3  9600.  -1.2  17.0   0.559   1.5   0.0
   6 1984   4 10900.   0.1  14.4   0.615   4.2   0.0
   6 1984   5  6700.   3.6  12.5   0.759   1.7   0.0
   6 1984   6  7000.  -0.2  11.8   0.590   3.5   0.0
   6 1984   7  4500.   6.2  11.8   0.787   2.1   1.0
   6 1984   8  4300.   5.0   9.8   0.872   0.9   6.0
   6 1984   9  6500.   5.2  11.7   0.858   0.5   0.0
   6 1984  10  4100.   3.5   9.2   0.769   0.4   0.0
   6 1984  11  3400.   6.7   9.4   0.932   0.6   0.0
   6 1984  12  8000.   5.7  13.8   0.861   2.4   0.0
   6 1984  13  7400.   3.4  13.2   0.717   2.5   6.8
   6 1984  14  3200.   6.3  10.2   0.907   2.5   1.8
   6 1984  15  4500.   7.2  11.4   0.935   1.3   0.0
   6 1984  16  7600.   0.4  14.4   0.604   1.6   1.0
   6 1984  17  2100.   6.6  11.6   0.936   2.9   9.2
   6 1984  18  6900.   3.5  10.3   0.761   1.8   0.0
   6 1984  19 11500.  -0.5  14.7   0.589   1.2   0.6
   6 1984  20  5600.   3.1  12.9   0.717   0.9   0.6
   6 1984  21  6000.   1.2  11.4   0.620   0.5   3.6
   6 1984  22  7200.   4.5  12.6   0.842   0.6   0.0
   6 1984  23  8400.   5.3  13.0   0.846   2.4   0.0
   6 1984  24  7300.   4.0  13.6   0.748   5.3   0.0
   6 1984  25  5500.   6.3  11.0   0.859   2.3   0.4
   6 1984  26  3000.   6.6  10.0   0.926   2.2   5.8
   6 1984  27  9100.   4.8  11.5   0.826   2.3   0.8
   6 1984  28 12100.   3.3  13.5   0.720   1.8   0.0
   6 1984  29 14200.   0.0  14.0   0.586   2.0   0.0
   6 1984  30 12700.  -2.0  12.7   0.501   1.3   0.0
   6 1984  31  6600.   3.8  11.5   0.738   1.3  11.7
   6 1984  32  3400.   7.0   8.5   1.002   2.7   0.7
   6 1984  33  8200.   5.4  12.0   0.807   4.5   0.0
   6 1984  34 13600.   4.5  14.5   0.716   3.5   0.0
   6 1984  35 13900.   1.8  15.6   0.696   1.7   0.0
   6 1984  36 14100.  -0.7  15.6   0.580   2.1   0.0
   6 1984  37  7100.   1.2  12.7   0.620   6.2   2.6
   6 1984  38  3900.   7.0  10.1   1.002   2.4   4.8
   6 1984  39  8000.   4.8  14.5   0.860   2.6   3.2
   6 1984  40  6700.   8.5  16.5   1.043   2.2   0.0
   6 1984  41 14900.   2.7  17.2   0.719   2.9   0.0
   6 1984  42 16900.   4.8  17.5   0.817   1.4   0.0
   6 1984  43 12500.   3.8  17.1   0.786   2.0   0.5
   6 1984  44 12500.   1.5  14.3   0.653   2.9   0.0
   6 1984  45 12500.   4.3  14.0   0.797   2.1   0.0
   6 1984  46 13900.   3.1  15.4   0.748   1.4   0.0
   6 1984  47 12800.   0.0  15.1   0.611   1.3   0.0
   6 1984  48 17000.   2.4  14.8   0.690   1.4   0.0
   6 1984  49 17600.  -2.4  14.5   0.507   2.3   0.0
   6 1984  50 17400.  -1.1  14.8   0.468   2.6   0.0
   6 1984  51 17300.   0.4  16.0   0.541   2.1   0.0
   6 1984  52 16500.  -2.4  16.6   0.486   1.2   0.0
   6 1984  53 17000.   2.0  17.0   0.699   1.3   0.0
   6 1984  54 17500.  -1.0  17.5   0.568   1.4   0.0
   6 1984  55 19100.   1.0  16.7   0.624   2.1   0.0
   6 1984  56 17200.  -0.6  16.8   0.538   1.9   0.0
   6 1984  57 18800.  -3.0  17.0   0.441   1.6   0.0
   6 1984  58 19100.  -4.1  16.4   0.311   1.2   0.0
   6 1984  59 15400.  -3.9  16.7   0.357   1.5   0.0
   6 1984  60 14400.   2.6  16.8   0.633   1.7   0.0
   6 1984  61 10400.   5.0  17.2   0.724   2.9   0.0
   6 1984  62  9000.   7.4  21.2   0.803   2.0   0.0
   6 1984  63 19100.   4.6  20.4   0.729   2.6   0.0
   6 1984  64 14800.   8.7  20.5   0.923   2.7   0.0
   6 1984  65 14300.   7.1  22.9   0.958   3.0   0.0
   6 1984  66 20000.   8.8  18.6   0.963   3.6   3.4
   6 1984  67 14900.   5.2  17.0   0.885   3.1   0.0
   6 1984  68  5900.   6.0  17.4   0.888   5.8   0.0
   6 1984  69 17700.   8.3  19.2   0.843   3.2   0.8
   6 1984  70 11600.   5.0  14.4   0.872   3.0   2.4
   6 1984  71 16600.   4.0  15.6   0.813   4.5   7.1
   6 1984  72 15500.   5.0  14.0   0.872   2.5   0.0
   6 1984  73 13600.   4.4  13.5   0.836   1.7   4.4
   6 1984  74 13600.   4.4  12.4   0.836   2.1   0.4
   6 1984  75 19200.   4.2  15.4   0.825   2.3   0.2
   6 1984  76 14100.   6.4  17.0   0.865   1.7   0.4
   6 1984  77 11500.   6.6  13.9   0.916   2.2   2.4
   6 1984  78 14300.   5.8  15.0   0.858   1.9   0.0
   6 1984  79 16400.  -0.5  16.3   0.589   2.1   0.0
   6 1984  80 20800.   4.0  17.9   0.789   1.8   0.0
   6 1984  81 19700.   5.0  21.8   0.811   2.9   2.2
   6 1984  82 11000.  11.2  18.8   1.264   2.3   7.4
   6 1984  83 20400.   6.2  19.8   0.920   2.7   0.0
   6 1984  84 20100.   4.5  18.6   0.817   2.2   0.0
   6 1984  85 19800.   4.6  17.4   0.848   3.9   0.0
   6 1984  86 21800.   6.4  19.8   0.961   2.9   0.0
   6 1984  87 23200.   1.6  21.4   0.686   1.8   0.0
   6 1984  88 23200.   6.4  23.2   0.923   1.4   0.0
   6 1984  89 22900.   5.0  24.6   0.811   1.4   0.0
   6 1984  90 22800.   4.3  23.6   0.814   2.2   0.0
   6 1984  91 21200.   5.8  20.8   0.922   2.5   0.0
   6 1984  92 20000.   4.6  22.0   0.848   1.8   0.0
   6 1984  93 23500.   5.1  25.0   0.878   2.1   0.0
   6 1984  94 17300.  10.3  23.4   0.890   1.5   0.0
   6 1984  95 20500.   6.1  27.6   0.876   1.2   0.0
   6 1984  96 20200.   9.4  29.0   1.121   1.4   0.0
   6 1984  97 22300.   8.0  27.6   1.073   2.2   0.0
   6 1984  98 23200.  13.8  19.6   1.374   3.9   3.4
   6 1984  99 11000.   7.4  15.7   1.030   1.9   4.2
   6 1984 100 10800.   6.9  15.0   0.995   1.6   4.2
   6 1984 101 19600.   9.2  18.4   1.164   2.4   0.2
   6 1984 102 17900.   4.0  19.9   0.813   1.8   0.0
   6 1984 103 20900.   5.4  21.5   0.897   1.8   0.2
   6 1984 104 17500.   9.0  24.4   1.033   2.3   0.0
   6 1984 105  9900.   3.8  19.1   0.802   3.1   6.0
   6 1984 106 13500.   5.2  17.6   0.885   1.4  13.8
   6 1984 107 18700.   7.1  18.7   1.009   3.5   0.2
   6 1984 108 24400.   7.8  25.2   1.058   4.1   0.0
   6 1984 109 23300.  13.2  21.8   1.366   3.2   0.0
   6 1984 110 26300.   5.4  20.6   0.897   2.9   0.0
   6 1984 111 18000.   5.0  17.8   0.872   1.9   4.6
   6 1984 112 18100.   5.4  17.8   0.897   1.9   0.8
   6 1984 113 18400.   3.5  17.6   0.785   2.4   1.2
   6 1984 114 23000.   5.0  18.0   0.872   3.3   0.0
   6 1984 115 23900.   2.2  18.2   0.716   2.7   0.0
   6 1984 116 15700.   2.8  19.1   0.747   2.7   0.0
   6 1984 117 22600.   7.7  23.6   0.988   2.1   0.0
   6 1984 118 25800.   6.1  21.8   0.904   2.7   0.0
   6 1984 119 26600.   6.5  21.6   0.968   5.0   0.0
   6 1984 120 26800.   9.7  21.6   0.987   3.2   0.0
   6 1984 121 25800.   4.7  23.8   0.812   1.3   0.0
   6 1984 122 21500.   9.2  28.0   0.989   2.3   0.0
   6 1984 123 22700.  13.5  29.2   1.192   4.6   0.0
   6 1984 124 23700.  15.8  26.0   1.293   3.1   0.0
   6 1984 125 28200.  11.0  25.6   1.248   4.1   0.0
   6 1984 126 28500.  10.0  26.4   0.860   2.1   0.0
   6 1984 127 22700.   6.8  27.6   0.870   2.2   0.0
   6 1984 128 25900.  11.6  25.0   1.244   4.4   0.0
   6 1984 129 27900.   9.8  25.6   1.212   4.3   0.0
   6 1984 130 27700.  10.4  27.4   1.249   2.8   0.0
   6 1984 131 28700.   8.7  31.0   0.866   1.7   0.0
   6 1984 132 27800.  12.2  32.9   0.995   0.6   0.0
   6 1984 133 22300.  13.4  34.6   0.708   5.2   0.0
   6 1984 134 28900.  16.5  26.2   1.447   5.5   0.0
   6 1984 135 29300.  12.0  28.4   1.333   4.1   0.0
   6 1984 136 29000.  14.0  32.2   1.008   2.4   0.0
   6 1984 137 25000.  13.1  33.6   0.920   1.3   0.0
   6 1984 138 15400.  14.2  31.4   1.021   1.6   0.0
   6 1984 139 29100.  12.6  32.2   0.701   4.0   0.0
   6 1984 140 29100.  14.5  31.6   0.876   1.9   0.0
   6 1984 141 26500.  14.3  31.2   0.930   1.7   0.0
   6 1984 142 27100.  15.6  34.5   1.011   2.5   0.0
   6 1984 143 27400.  15.2  35.4   0.605   1.8   0.0
   6 1984 144 26700.  13.0  34.8   0.824   2.4   0.0
   6 1984 145 26900.  15.3  35.2   0.957   4.4   0.0
   6 1984 146 27900.  13.0  31.2   1.049   7.1   0.0
   6 1984 147 28400.  17.0  28.0   1.532   6.5   0.0
   6 1984 148 27800.  14.0  27.6   1.408   5.8   0.0
   6 1984 149 28200.  15.0  28.2   1.280   4.7   0.0
   6 1984 150 28900.  13.0  33.2   0.929   3.1   0.0
   6 1984 151 28600.  16.4  34.3   0.933   4.4   0.0
   6 1984 152 22400.  16.0  33.0   1.092   2.7   0.0
   6 1984 153 19200.  18.2  33.8   1.255   3.8   0.0
   6 1984 154 28500.  18.0  28.6   1.653   5.6   0.0
   6 1984 155 28300.  15.0  29.8   1.485   3.9   0.0
   6 1984 156 29100.  14.0  33.6   1.280   2.6   0.0
   6 1984 157 29600.  18.4  35.8   1.186   2.6   0.0
   6 1984 158 29500.  17.0  37.4   0.950   3.3   0.0
   6 1984 159 29400.  19.6  38.0   1.073   3.6   0.0
   6 1984 160 29700.  17.8  37.0   1.122   6.5   0.0
   6 1984 161 30000.  18.0  31.4   1.508   8.1   0.0
   6 1984 162 30200.  17.0  32.0   1.551   3.1   0.0
   6 1984 163 30800.  17.0  33.0   1.105   4.3   0.0
   6 1984 164 30700.  14.4  33.0   0.804   6.3   0.0
   6 1984 165 29900.  18.0  31.6   1.570   4.9   0.0
   6 1984 166 30700.  14.0  31.4   1.392   4.6   0.0
   6 1984 167 30700.  16.4  33.6   0.859   6.9   0.0
   6 1984 168 30400.  18.4  34.0   1.546   6.7   0.0
   6 1984 169 30600.  15.5  34.6   1.234   7.4   0.0
   6 1984 170 30300.  20.0  33.6   1.615   8.0   0.0
   6 1984 171 30400.  19.0  30.0   1.870   2.4   0.0
   6 1984 172 30700.  13.1  29.8   0.965   3.4   0.0
   6 1984 173 30600.  15.0  31.6   0.990   4.7   0.0
   6 1984 174 30000.  18.0  33.2   0.992   5.2   0.0
   6 1984 175 29300.  19.0  35.0   0.924   5.6   0.0
   6 1984 176 29800.  18.0  33.5   1.136   5.7   0.0
   6 1984 177 29400.  20.0  32.6   1.919   6.0   0.0
   6 1984 178 29100.  20.0  34.0   1.943   6.2   0.0
   6 1984 179 28200.  20.2  34.0   1.872   6.6   0.0
   6 1984 180 30000.  20.0  36.0   1.826   7.7   0.0
   6 1984 181 28500.  20.0  34.6   1.826   7.7   0.0
   6 1984 182 29500.  21.0  36.6   1.867   6.1   0.0
   6 1984 183 29500.  19.8  38.2   1.688   3.7   0.0
   6 1984 184 29400.  20.4  38.4   1.248   2.8   0.0
   6 1984 185 30200.  19.2  40.0   1.247   4.4   0.0
   6 1984 186 29700.  19.0  40.0   0.770   5.8   0.0
   6 1984 187 29200.  18.0  35.2   1.281   7.7   0.0
   6 1984 188 29200.  21.6  32.8   2.041   8.7   0.0
   6 1984 189 28600.  20.2  34.2   1.825   7.8   0.0
   6 1984 190 29800.  20.0  35.0   1.779   6.5   0.0
   6 1984 191 29600.  18.3  33.0   1.600   6.9   0.0
   6 1984 192 29600.  20.0  33.6   1.709   7.3   0.0
   6 1984 193 29600.  20.2  33.8   1.517   6.6   0.0
   6 1984 194 29000.  19.0  34.0   1.540   4.4   0.0
   6 1984 195 28100.  16.0  34.2   1.146   3.2   0.0
   6 1984 196 28000.  18.8  36.0   1.629   3.7   0.0
   6 1984 197 28500.  20.2  36.4   1.375   4.5   0.0
   6 1984 198 28400.  21.1  37.4   1.378   5.3   0.0
   6 1984 199 27700.  21.4  38.0   1.199   5.3   0.0
   6 1984 200 26900.  19.5  37.4   1.021   8.1   0.0
   6 1984 201 27400.  24.0  37.4   1.524   7.4   0.0
   6 1984 202 27100.  20.5  38.0   1.883   6.4   0.0
   6 1984 203 26600.  21.8  38.2   2.144   5.2   0.0
   6 1984 204 26800.  20.6  35.0   1.968   7.5   0.0
   6 1984 205 26400.  22.8  35.0   2.279   8.1   0.0
   6 1984 206 27800.  22.4  35.2   2.007   6.8   0.0
   6 1984 207 28000.  20.6  36.0   1.846   5.4   0.0
   6 1984 208 27000.  20.0  36.6   1.311   3.9   0.0
   6 1984 209 27200.  18.8  37.0   1.303   5.0   0.0
   6 1984 210 27500.  16.4  33.0   1.251   5.4   0.0
   6 1984 211 26900.  16.8  31.6   1.532   5.3   0.0
   6 1984 212 27500.  17.2  32.2   1.552   5.6   0.0
   6 1984 213 27900.  18.8  33.0   1.607   5.2   0.0
   6 1984 214 28200.  18.0  34.4   1.384   4.0   0.0
   6 1984 215 28600.  17.5  36.4   0.761   4.2   0.0
   6 1984 216 27800.  19.5  36.0   1.225   7.2   0.0
   6 1984 217 27300.  21.6  35.0   1.757   8.1   0.0
   6 1984 218 25300.  21.0  34.0   1.793   6.7   0.0
   6 1984 219 27500.  20.8  33.4   1.795   5.3   0.0
   6 1984 220 27800.  19.2  34.0   1.537   4.4   0.0
   6 1984 221 27500.  17.8  34.6   1.102   5.0   0.0
   6 1984 222 26300.  17.8  35.2   0.979   5.5   0.0
   6 1984 223 27600.  19.8  35.6   0.832   3.6   0.0
   6 1984 224 27200.  19.6  37.2   0.822   5.5   0.0
   6 1984 225 26200.  17.0  35.6   1.357   6.5   0.0
   6 1984 226 25300.  21.8  34.8   1.831   8.3   0.0
   6 1984 227 24800.  23.0  33.2   2.419   7.8   0.0
   6 1984 228 25300.  21.8  32.8   2.092   6.9   0.0
   6 1984 229 25900.  16.8  31.8   1.647   8.0   0.0
   6 1984 230 26000.  21.8  32.8   2.092   7.8   0.0
   6 1984 231 26000.  20.8  33.6   2.066   7.2   0.0
   6 1984 232 26000.  20.0  33.6   1.943   9.1   0.0
   6 1984 233 25900.  20.8  33.8   2.041   8.6   0.0
   6 1984 234 25300.  20.8  33.0   2.066   9.0   0.0
   6 1984 235 25000.  20.1  32.4   1.884   8.4   0.0
   6 1984 236 24500.  20.5  34.1   2.028   5.1   0.0
   6 1984 237 25400.  18.4  33.8   1.801   5.5   0.0
   6 1984 238 24000.  20.5  33.6   1.569   5.9   0.0
   6 1984 239 24500.  17.0  33.6   1.551   5.9   0.0
   6 1984 240 23400.  20.2  32.6   2.062   5.8   0.0
   6 1984 241 24500.  19.3  34.6   1.905   4.6   0.0
   6 1984 242 23600.  19.9  33.0   1.768   5.8   0.0
   6 1984 243 24600.  20.4  33.0   1.968   6.8   0.0
   6 1984 244 23800.  19.8  34.0   1.826   4.9   0.0
   6 1984 245 24100.  16.4  34.6   1.120   4.4   0.0
   6 1984 246 23900.  14.4  34.9   1.280   3.2   0.0
   6 1984 247 24000.  18.6  35.2   1.888   3.6   0.0
   6 1984 248 23100.  19.0  34.9   1.804   5.3   0.0
   6 1984 249 23900.  16.6  35.0   1.456   6.1   0.0
   6 1984 250 23900.  20.0  35.4   1.287   6.7   0.0
   6 1984 251 23300.  20.8  33.8   1.943   5.6   0.0
   6 1984 252 23400.  18.0  34.6   1.487   3.9   0.0
   6 1984 253 23000.  14.0  34.8   1.152   2.6   0.0
   6 1984 254 22700.  17.3  33.2   1.384   4.6   0.0
   6 1984 255 22600.  18.4  35.0   1.695   4.4   0.0
   6 1984 256 22500.  17.6  33.6   1.350   6.0   0.0
   6 1984 257 22100.  20.0  33.6   1.873   3.8   0.0
   6 1984 258 21600.  15.6  35.3   1.401   2.5   0.0
   6 1984 259 21300.  17.7  34.8   1.642   2.3   0.0
   6 1984 260 21200.  16.7  35.6   1.636   2.7   0.0
   6 1984 261 21600.  18.3  33.4   1.810   5.5   0.0
   6 1984 262 20600.  20.4  33.6   1.920   4.8   0.0
   6 1984 263 20800.  17.8  35.6   1.775   2.9   0.0
   6 1984 264 20900.  16.6  36.2   1.267   1.4   0.0
   6 1984 265 20400.  15.0  37.8   0.853   2.4   0.0
   6 1984 266 20200.  19.4  36.6   0.834   4.9   0.0
   6 1984 267 20900.  18.8  35.2   0.977   4.3   0.0
   6 1984 268 20400.  14.8  34.7   1.230   3.2   0.0
   6 1984 269 19900.  14.2  34.9   1.134   3.2   0.0
   6 1984 270 19800.  16.3  33.0   1.447   4.5   0.0
   6 1984 271 19900.  17.6  32.4   1.491   3.1   0.0
   6 1984 272 20100.  13.7  31.6   1.145   1.3   0.0
   6 1984 273 19100.  13.6  33.3   0.904   1.5   0.0
   6 1984 274 17800.  15.6  35.6   0.745   1.9   0.0
   6 1984 275 16700.  16.5  36.4   0.751   1.8   0.0
   6 1984 276 13600.  17.2  34.6   0.825   1.5   0.0
   6 1984 277 18000.  16.0  35.7   1.183   2.2   0.0
   6 1984 278 18600.  12.1  35.6   0.847   2.5   0.0
   6 1984 279 18700.  13.0  35.2   0.809   1.9   0.0
   6 1984 280 18300.  13.7  34.4   0.941   1.9   0.0
   6 1984 281 18500.  15.2  33.4   1.487   1.9   0.0
   6 1984 282 18200.  10.8  33.4   0.583   0.9   0.0
   6 1984 283 18000.  10.3  34.0   0.363   1.1   0.0
   6 1984 284 17800.   8.0  33.7   0.322   1.5   0.0
   6 1984 285 17000.  12.1  33.1   0.395   1.8   0.0
   6 1984 286 16200.  14.2  33.0   0.373   1.1   0.0
   6 1984 287 17200.  10.7  32.6   0.476   4.2   0.0
   6 1984 288 14300.  16.2  28.2   0.682   3.3   0.8
   6 1984 289  3900.  15.0  20.8   1.416   3.2  23.0
   6 1984 290  4600.  12.5  18.2   1.305   3.5   4.0
   6 1984 291 16100.   8.0  17.5   0.976   2.1   0.0
   6 1984 292 17300.   2.0  18.6   0.621   1.9   0.0
   6 1984 293 19700.   2.6  20.0   0.736   1.4   0.0
   6 1984 294 15500.   3.2  21.7   0.692   1.6   0.0
   6 1984 295 17300.   3.1  23.0   0.641   1.0   0.0
   6 1984 296 16900.   3.0  24.0   0.644   1.2   0.0
   6 1984 297 16300.   4.0  24.6   0.683   1.3   0.0
   6 1984 298 15900.   5.0  24.8   0.759   1.0   0.0
   6 1984 299 15700.   5.6  25.0   0.637   1.5   0.0
   6 1984 300 13400.   7.2  25.0   0.579   2.1   0.0
   6 1984 301 12200.  12.7  26.2   0.632   2.2   0.0
   6 1984 302 11600.  10.4  25.6   0.833   2.0   0.0
   6 1984 303 14500.   7.2  24.0   0.863   1.5   0.0
   6 1984 304  6500.  10.0  20.9   0.897   3.9   0.4
   6 1984 305  3200.  13.5  17.5   1.393   3.3  30.0
   6 1984 306 10500.  12.4  20.0   1.441   2.6   3.2
   6 1984 307 10700.  12.8  19.6   1.346   2.0   1.2
   6 1984 308  9300.  11.1  19.5   1.229   2.9   0.2
   6 1984 309 12300.  12.0  20.8   1.291   2.3   2.2
   6 1984 310 10300.  11.2  19.1   1.211   2.4  12.2
   6 1984 311 10800.  10.8  18.2   1.231   1.4   0.0
   6 1984 312 12200.   9.2  18.0   1.082   1.1   0.0
   6 1984 313 11700.   8.0  19.2   0.987   1.4   0.0
   6 1984 314  9400.   9.0  17.8   1.148   2.5  11.2
   6 1984 315 13400.   8.0  18.0   1.041   1.6   0.4
   6 1984 316 12300.   8.0  19.9   1.073   2.8   0.0
   6 1984 317 11500.   4.6  14.7   0.789   2.0   0.0
   6 1984 318  4600.   6.7  11.4   0.844   2.8   1.6
   6 1984 319  5600.   5.6  10.8   0.910   1.2   0.0
   6 1984 320  2600.   3.8   9.0   0.802   3.1  10.0
   6 1984 321  2500.   7.0  11.5   0.962   2.0   1.2
   6 1984 322 11700.   4.8  16.4   0.826   0.7   0.0
   6 1984 323  9300.   6.8  16.6   0.939   1.0   0.0
   6 1984 324 10400.   9.2  16.9   1.082   1.7   0.0
   6 1984 325  9700.  10.4  18.9   1.173   3.1   0.0
   6 1984 326  4000.  10.4  14.9   1.186   1.5   4.4
   6 1984 327  2600.   9.8  12.6   1.151   1.3   8.8
   6 1984 328  5600.  10.0  13.7   1.155   0.8   7.6
   6 1984 329  5100.   6.2  13.2   0.891   0.6   0.0
   6 1984 330  5000.   8.8  12.2   1.076   1.1   0.0
   6 1984 331  4900.   6.0  10.6   0.888   0.6   0.0
   6 1984 332  5300.   6.0  10.4   0.888   0.9   3.8
   6 1984 333 12400.   7.1  14.5   0.948   1.8   0.0
   6 1984 334 12200.  -1.1  13.0   0.530   0.5   0.0
   6 1984 335 11700.  -2.0  15.0   0.448   1.1   0.0
   6 1984 336  9400.   2.0  13.0   0.706   2.4   0.0
   6 1984 337 11300.   2.1  14.3   0.625   1.1   0.0
   6 1984 338  9600.   1.4  11.1   0.662   3.4   0.0
   6 1984 339 10600.   2.4  10.4   0.457   1.8   0.0
   6 1984 340 12600.  -5.0  12.1   0.354   0.8   0.0
   6 1984 341 12100.  -6.0  12.8   0.375   0.4   0.0
   6 1984 342 11400.  -5.4  12.2   0.408   0.5   0.0
   6 1984 343  3200.  -3.0   8.4   0.490   1.4   0.6
   6 1984 344 11600.  -3.5  13.4   0.439   0.5   0.0
   6 1984 345 11200.  -3.5  12.3   0.443   2.9   0.0
   6 1984 346  9500.   0.8  11.2   0.608   2.5   7.2
   6 1984 347  3000.   5.8   8.0   0.867   3.7   3.6
   6 1984 348 10100.   1.5  10.3   0.640   1.5   0.0
   6 1984 349  5800.   0.0   8.2   0.525   2.9   1.0
   6 1984 350  2500.   2.0   4.4   0.642   2.4   5.0
   6 1984 351 10400.   3.3  10.5   0.697   0.4   0.0
   6 1984 352  8600.  -1.5  11.0   0.525   0.4   0.0
   6 1984 353  8900.  -1.8   8.8   0.492   0.3   0.0
   6 1984 354  9000.  -4.2   9.2   0.412   1.0   0.0
   6 1984 355 10600.  -0.7  11.2   0.522   3.2   0.0
   6 1984 356  6700.   1.4   9.8   0.507   3.5   1.0
   6 1984 357  5200.   2.9   9.4   0.662   4.7   2.6
   6 1984 358  5700.   4.5  11.0   0.783   0.6   0.0
   6 1984 359  7800.   5.4  11.0   0.825   1.9   0.2
   6 1984 360  3800.   6.8  10.4   0.880   0.6   0.0
   6 1984 361  8300.  -0.1  11.2   0.606   0.4   0.6
   6 1984 362  6300.   1.0  10.0   0.643   0.3   0.0
   6 1984 363  9800.  -0.1   9.8   0.594   0.5   0.0
   6 1984 364 11100.  -3.7  10.3   0.455   1.6   0.0
   6 1984 365  8300.  -2.3  10.0   0.516   4.5   0.2
