*----------------------------------------------------------*
* Station name: Izra'a, Syria
* Author:       Anne Elings
* Source:       Department of Metereology, Ministry of Defense.
* Year:         1989
*
* No missing, estimated or interpolated data.
*
* Longitude: 36 14 E
* Latitiude: 32.52 N
* Altitude:  about 700 m
*
* Column 1: Station number (6)
*        2: Year
*        3: day number
*        4: Irradiation         (kJ/m2/d)
*        5: Minimum temperature (degrees Celsius)
*        6: Maximum temperature (degrees Celsius)
*        7: Vapour pressure     (kPa)
*        8: Mean wind speed     (m/s)
*        9: Precipitation       (mm/d)
*----------------------------------------------------------*
  36.23  32.87   700. 0.00 0.00
   8 1989   1 11382.  -2.7  13.8   0.690   0.4   0.0
   8 1989   2  4074.  -0.8   0.8   0.690   0.4   1.0
   8 1989   3  5250.   0.4   5.4   0.690   0.7   1.5
   8 1989   4 13440.  -5.0   7.3   0.690   0.4   0.0
   8 1989   5 12516.  -5.7   9.3   0.420   0.4   0.0
   8 1989   6  2940.  -1.3   7.1   0.600   0.4   0.0
   8 1989   7  9030.  -0.6  12.3   0.690   0.4   0.0
   8 1989   8  7182.  -3.0  10.4   0.690   0.4   0.0
   8 1989   9 10290.   2.2  12.1   0.590   0.7   3.8
   8 1989  10  3108.   2.5   7.7   0.690   0.4   4.1
   8 1989  11  5418.   1.3   8.3   0.640   0.4   0.3
   8 1989  12  5544.   1.5   9.9   0.720   0.4   0.3
   8 1989  13  6888.   0.1  10.7   0.690   0.4   0.0
   8 1989  14  8694.  -1.0  12.1   0.540   0.4   0.0
   8 1989  15  4872.  -0.3   7.3   0.530   0.4   8.9
   8 1989  16  4284.  -1.0   8.0   0.610   0.4   0.3
   8 1989  17 11592.  -1.2  11.4   0.580   0.6   0.0
   8 1989  18 13650.  -2.0  13.3   0.520   0.4   0.0
   8 1989  19 14196.  -1.2  16.7   0.420   0.5   0.0
   8 1989  20  2016.   0.0   8.9   0.710   0.4   0.0
   8 1989  21  3906.   0.8   4.5   0.560   0.6   4.1
   8 1989  22  3780.  -1.2   6.9   0.570   0.4   2.3
   8 1989  23 12264.  -2.7  11.7   0.630   0.5   0.3
   8 1989  24 10584.  -3.4  14.2   0.630   0.4   0.0
   8 1989  25 12894.  -8.6  13.0   0.610   0.4   0.0
   8 1989  26 11676.  -7.0  14.5   0.620   0.5   0.0
   8 1989  27 13188.   1.5  15.8   0.620   0.4   1.0
   8 1989  28  9324.  -8.5  11.6   0.560   0.4   0.3
   8 1989  29 14868.  -4.7  13.7   0.360   0.4   0.3
   8 1989  30 14616.  -4.0  12.3   0.290   0.4   0.0
   8 1989  31 15078.  -2.5  12.8   0.250   0.4   0.0
   8 1989  32 14826.  -1.0  12.4   0.500   0.5   0.0
   8 1989  33 14742.  -6.6   9.7   0.180   0.4   0.0
   8 1989  34 15834.  -8.6  11.3   0.160   0.4   0.0
   8 1989  35 15792.  -9.9  13.9   0.170   0.4   0.0
   8 1989  36 15834.  -8.1  16.9   0.200   0.4   0.0
   8 1989  37 16002.  -6.9  16.6   0.220   0.4   0.0
   8 1989  38 16212.  -5.5  17.0   0.230   0.4   0.0
   8 1989  39 14994.   2.0  19.1   0.250   0.4   0.0
   8 1989  40 13650.   1.7  16.4   0.220   0.7   0.0
   8 1989  41 13020.   0.4  14.5   0.440   0.6   0.0
   8 1989  42  6426.   3.0  10.3   0.710   0.7   8.9
   8 1989  43  8316.   1.1   5.6   0.540   0.4   0.0
   8 1989  44 11088.  -1.3   8.5   0.500   0.5   0.0
   8 1989  45  7812.  -1.5  11.5   0.590   0.4   0.3
   8 1989  46  9954.  -1.2  14.5   0.430   0.4   0.0
   8 1989  47 16548.  -2.5  17.0   0.350   0.4   0.0
   8 1989  48 15918.   0.2  17.9   0.320   0.4   0.0
   8 1989  49 16716.  -3.4  14.0   0.460   0.8   0.0
   8 1989  50  9492.  -0.8  12.3   0.690   1.5   2.0
   8 1989  51 13776.  -1.3  17.2   0.610   1.2   0.0
   8 1989  52 16422.   4.9  16.9   0.470   2.7   0.0
   8 1989  53 16464.   1.7  16.1   0.610   4.4   0.0
   8 1989  54  4998.   6.0  12.1   0.850   4.2   0.0
   8 1989  55 14868.   6.0  17.8   0.690   1.2   0.0
   8 1989  56 15288.   0.1  22.2   0.690   1.8   0.0
   8 1989  57 14952.  -0.7  21.3   0.460   2.3   0.0
   8 1989  58 18942.   3.1  25.1   0.330   1.7   0.0
   8 1989  59 17640.   6.1  27.0   0.330   1.4   0.0
   8 1989  60 16590.   7.9  17.1   0.640   5.2   0.0
   8 1989  61 18060.   3.0  20.1   0.580   1.3   0.0
   8 1989  62 19236.   0.6  20.4   0.540   3.5   0.0
   8 1989  63 14700.   1.9  17.2   0.720   3.2   0.0
   8 1989  64 17346.   0.6  23.3   0.690   1.7   0.0
   8 1989  65 15624.  -1.7  24.9   0.450   2.9   0.0
   8 1989  66 16212.   3.8  17.8   0.800   4.5   0.0
   8 1989  67 17052.  -2.7  17.2   0.620   3.0   0.0
   8 1989  68 15918.   0.8  16.7   0.640   3.4   0.0
   8 1989  69 15918.   3.6  15.6   0.740   6.0   0.0
   8 1989  70 18900.   0.8  17.9   0.660   3.3   0.0
   8 1989  71 21126.   0.6  26.2   0.470   2.0   0.0
   8 1989  72 14154.   7.4  21.2   0.440   4.6   0.0
   8 1989  73  8610.   5.8  12.5   0.790   5.9   2.3
   8 1989  74  4368.   6.5  11.2   0.830   4.1   7.6
   8 1989  75 12978.   5.1  14.0   0.830   3.0   4.3
   8 1989  76 17388.   7.8  18.0   5.100   2.2   0.0
   8 1989  77 20622.   7.2  19.7   1.220   2.4   0.0
   8 1989  78 20622.   4.8  20.0   0.740   2.6   0.0
   8 1989  79 20454.   4.3  20.1   0.790   2.3   0.0
   8 1989  80 22512.   2.0  23.6   0.710   2.1   0.0
   8 1989  81 21420.   8.5  26.0   0.690   2.9   0.0
   8 1989  82 16422.   9.5  24.9   0.380   2.0   0.0
   8 1989  83 18354.  10.9  27.5   0.500   2.7   0.0
   8 1989  84 20790.   8.2  23.4   0.670   3.2   0.0
   8 1989  85 22680.   5.3  20.9   0.590   3.6   0.0
   8 1989  86 19488.   3.3  18.6   0.620   3.8   0.0
   8 1989  87 13272.   3.4  14.6   0.780   4.2   6.1
   8 1989  88 23268.   0.2  13.4   0.400   4.6   0.0
   8 1989  89 23982.  -2.2  16.0   0.460   3.1   0.0
   8 1989  90 24528.   0.3  19.1   0.540   2.7   0.0
   8 1989  91 24612.  -0.4  23.9   0.470   1.7   0.0
   8 1989  92 24948.   1.3  26.7   0.350   1.5   0.0
   8 1989  93 23352.   2.9  26.3   0.360   2.5   0.0
   8 1989  94 24318.   2.0  26.3   0.450   1.9   0.0
   8 1989  95 23856.   5.5  28.4   0.370   2.0   0.0
   8 1989  96 24948.   4.5  30.3   0.350   2.0   0.0
   8 1989  97 24276.   7.9  30.2   0.370   2.6   0.0
   8 1989  98 23646.   8.0  31.7   0.390   2.2   0.0
   8 1989  99 24318.   8.8  32.9   0.380   2.3   0.0
   8 1989 100 13902.   9.4  31.4   0.380   2.2   0.0
   8 1989 101 24948.   7.2  28.6   0.380   2.8   0.0
   8 1989 102 21336.   6.6  24.1   0.690   4.3   0.0
   8 1989 103 24864.   3.5  29.0   0.440   1.8   0.0
   8 1989 104 24654.   8.4  23.8   1.080   4.4   0.0
   8 1989 105 26880.   7.0  30.7   0.660   2.2   0.0
   8 1989 106 25074.  10.0  34.5   0.670   4.1   0.0
   8 1989 107 26712.   9.0  22.7   1.070   4.5   0.0
   8 1989 108 27216.   2.4  30.3   0.570   2.6   0.0
   8 1989 109 24990.  14.0  32.8   0.490   2.7   0.0
   8 1989 110 27006.  14.1  32.8   0.430   2.4   0.0
   8 1989 111 27174.  10.2  33.4   0.400   1.6   0.0
   8 1989 112 23142.   9.4  33.7   0.420   1.9   0.0
   8 1989 113 26040.  10.8  31.8   0.510   3.1   0.0
   8 1989 114 26922.   9.2  31.2   0.460   2.4   0.0
   8 1989 115 26964.   7.8  31.7   0.640   3.2   0.0
   8 1989 116 26082.  11.1  28.3   1.220   4.4   0.0
   8 1989 117 18396.   9.4  29.9   1.160   3.1   0.0
   8 1989 118 24738.  16.5  35.2   0.770   2.7   0.0
   8 1989 119 20874.  14.4  34.9   0.610   2.4   0.0
   8 1989 120 25788.  12.7  35.1   0.570   2.7   0.0
   8 1989 121 23730.  13.1  29.8   1.220   3.9   0.0
   8 1989 122 25578.   9.9  28.3   1.230   4.6   0.0
   8 1989 123 27384.   7.3  34.1   0.710   1.7   0.0
   8 1989 124 25872.  12.7  35.1   0.490   2.6   0.0
   8 1989 125  7434.  13.0  27.0   1.320   4.3   0.0
   8 1989 126 23730.  10.8  22.5   1.200   5.4   0.0
   8 1989 127 24108.   8.1  22.5   1.160   4.3   0.0
   8 1989 128 27426.   7.1  23.6   1.040   3.0   0.0
   8 1989 129 28560.   5.2  25.6   0.730   3.2   0.0
   8 1989 130 27300.   8.3  24.1   1.030   4.2  30.0
   8 1989 131 28476.   8.4  25.2   1.000   3.9   0.0
   8 1989 132 27552.   8.3  27.9   1.050   3.0   0.0
   8 1989 133 27594.   8.2  30.7   0.900   3.3   0.0
   8 1989 134 29274.  14.9  34.8   0.540   2.6   0.0
   8 1989 135 29106.  17.1  36.8   0.440   2.4   0.0
   8 1989 136 28518.  18.7  38.4   0.470   2.6   0.0
   8 1989 137 28098.  15.6  37.2   0.490   3.2   0.0
   8 1989 138 28476.  14.4  34.0   0.470   3.7   0.0
   8 1989 139 28728.  12.2  35.6   0.600   2.7   0.0
   8 1989 140 27762.  14.6  38.0   0.610   2.5   0.0
   8 1989 141 28896.  19.1  39.2   0.460   3.1   0.0
   8 1989 142 29274.  14.8  35.8   0.510   3.1   0.0
   8 1989 143 25914.  12.5  28.0   1.200   4.3   0.0
   8 1989 144 27804.  10.8  28.7   1.180   3.8   0.0
   8 1989 145 28350.  12.7  27.1   1.430   4.8   0.0
   8 1989 146 28056.  12.7  26.3   1.330   5.0   0.0
   8 1989 147 27552.  10.8  31.0   1.010   3.6   0.0
   8 1989 148 29064.  12.8  37.1   0.630   1.9   0.0
   8 1989 149 28854.  17.7  34.9   0.910   4.1   0.0
   8 1989 150 28854.  13.3  27.1   1.390   5.5   0.0
   8 1989 151 28686.  11.0  27.7   1.280   4.2   0.0
   8 1989 152 29274.  10.4  32.5   1.070   2.6   0.0
   8 1989 153 29022.  10.9  34.0   0.920   2.9   0.0
   8 1989 154 29064.  15.5  34.9   0.720   2.5   0.0
   8 1989 155 29022.  13.3  32.5   1.080   3.9   0.0
   8 1989 156 30072.  11.2  33.0   1.110   3.1   0.0
   8 1989 157 30534.  11.1  36.5   0.900   2.6   0.0
   8 1989 158 28476.  12.8  38.6   0.720   3.3   0.0
   8 1989 159 29442.  16.9  29.0   1.400   6.5   0.0
   8 1989 160 28392.  15.9  26.2   1.440   6.8   0.0
   8 1989 161 24738.  16.5  26.4   1.590   6.1   0.0
   8 1989 162 20454.  14.0  26.7   1.610   4.6   0.0
   8 1989 163 28350.  13.2  28.4   1.380   3.4   0.0
   8 1989 164 28770.  11.4  31.7   0.820   2.5   0.0
   8 1989 165 28392.  15.7  37.9   0.650   3.8   0.0
   8 1989 166 29022.  14.4  30.0   1.290   5.1   0.0
   8 1989 167 28182.  15.9  26.9   1.550   6.0   0.0
   8 1989 168 28098.  14.3  28.3   1.540   4.3   0.0
   8 1989 169 29316.  14.5  30.7   1.350   3.9   0.0
   8 1989 170 29820.  13.3  30.3   1.180   4.6   0.0
   8 1989 171 29694.  15.1  29.6   1.420   5.7   0.0
   8 1989 172 28854.  15.7  31.5   1.620   5.1   0.0
   8 1989 173 28476.  13.6  35.7   1.150   4.1   0.0
   8 1989 174 29778.  17.7  32.5   1.150   5.0   0.0
   8 1989 175 28644.  16.0  31.5   1.580   4.1   0.0
   8 1989 176 29064.  14.9  33.1   1.470   3.3   0.0
   8 1989 177 28518.  14.5  32.8   1.750   4.1   0.0
   8 1989 178 29400.  15.6  32.4   1.590   4.7   0.0
   8 1989 179 29484.  15.9  32.2   1.430   5.4   0.0
   8 1989 180 29946.  17.5  31.3   1.710   6.0   0.0
   8 1989 181 28602.  17.6  31.1   1.870   6.0   0.0
   8 1989 182 28224.  17.7  32.7   1.890   4.4   0.0
   8 1989 183 27972.  17.6  34.1   1.850   4.3   0.0
   8 1989 184 29568.  16.7  34.1   1.500   4.6   0.0
   8 1989 185 29484.  15.9  31.8   1.800   6.4   0.0
   8 1989 186 25956.  20.0  31.6   2.190   7.2   0.0
   8 1989 187 24318.  18.7  31.3   2.030   5.0   0.0
   8 1989 188 25620.  17.1  32.1   1.920   4.2   0.0
   8 1989 189 29022.  15.4  33.4   1.130   3.6   0.0
   8 1989 190 29484.  14.4  33.2   1.190   4.0   0.0
   8 1989 191 28938.  16.1  34.0   1.430   3.4   0.0
   8 1989 192 29274.  16.5  35.7   1.370   3.2   0.0
   8 1989 193 28560.  18.1  35.7   1.730   3.5   0.0
   8 1989 194 28896.  17.5  36.3   1.510   3.4   0.0
   8 1989 195 29316.  16.1  36.3   1.710   3.5   0.0
   8 1989 196 28896.  16.5  37.0   1.560   4.2   0.0
   8 1989 197 28476.  18.3  35.6   1.910   5.7   0.0
   8 1989 198 27342.  20.2  32.6   1.990   5.8   0.0
   8 1989 199 26544.  20.0  33.7   2.120   4.0   0.0
   8 1989 200 26376.  19.4  33.8   2.130   4.8   0.0
   8 1989 201 28560.  18.9  31.4   1.800   5.5   0.0
   8 1989 202 28308.  18.0  32.0   1.870   4.8   0.0
   8 1989 203 25410.  19.3  33.6   2.160   4.3   0.0
   8 1989 204 27678.  20.2  34.9   2.010   4.7   0.0
   8 1989 205 27174.  19.0  35.0   1.720   4.0   0.0
   8 1989 206 27930.  18.1  33.2   1.610   5.0   0.0
   8 1989 207 27258.  18.9  32.9   1.970   5.2   0.0
   8 1989 208 27342.  16.7  32.9   1.680   4.1   0.0
   8 1989 209 28392.  14.6  35.2   0.820   2.9   0.0
   8 1989 210 28560.  14.6  36.1   0.700   3.6   0.0
   8 1989 211 27804.  16.1  32.2   1.740   6.2   0.0
   8 1989 212 26082.  20.0  31.3   1.990   6.5   0.0
   8 1989 213 23016.  20.1  31.5   2.200   5.7   0.0
   8 1989 214 23856.  17.2  32.2   1.880   5.1   0.0
   8 1989 215 27132.  17.1  32.7   1.670   4.7   0.0
   8 1989 216 27594.  14.8  34.2   1.310   3.5   0.0
   8 1989 217 26586.  16.5  33.1   1.720   4.4   0.0
   8 1989 218 26628.  16.0  32.8   1.410   4.5   0.0
   8 1989 219 26292.  14.8  33.2   1.210   4.0   0.0
   8 1989 220 26628.  14.9  33.9   1.230   3.2   0.0
   8 1989 221 26586.  13.0  33.0   1.270   4.4   0.0
   8 1989 222 24864.  18.6  33.0   1.730   4.9   0.0
   8 1989 223 25494.  18.8  32.3   2.010   5.3   0.0
   8 1989 224 25242.  17.7  32.8   1.920   4.2   0.0
   8 1989 225 25578.  16.2  33.4   1.730   4.2   0.0
   8 1989 226 25620.  15.1  33.0   1.730   4.0   0.0
   8 1989 227 24738.  16.8  32.6   1.820   4.1   0.0
   8 1989 228 24990.  16.5  33.1   1.960   4.0   0.0
   8 1989 229 24696.  20.4  34.1   2.240   4.3   0.0
   8 1989 230 23646.  20.4  34.8   1.840   4.5   0.0
   8 1989 231 25368.  17.0  35.5   1.260   3.3   0.0
   8 1989 232 25116.  15.8  35.7   1.350   3.6   0.0
   8 1989 233 24906.  15.8  32.3   1.940   4.7   0.0
   8 1989 234 24738.  18.8  33.2   1.850   4.5   0.0
   8 1989 235 24108.  19.1  34.2   2.090   4.3   0.0
   8 1989 236 24318.  20.9  34.6   2.110   4.0   0.0
   8 1989 237 24192.  17.5  34.7   1.840   3.3   0.0
   8 1989 238 23940.  17.1  36.5   1.610   3.9   0.0
   8 1989 239 24528.  17.8  34.5   1.180   4.2   0.0
   8 1989 240 24612.  15.8  34.0   1.600   3.9   0.0
   8 1989 241 23520.  17.6  33.2   1.860   4.1   0.0
   8 1989 242 23730.  18.0  32.8   1.780   4.0   0.0
   8 1989 243 23814.  17.6  34.5   1.660   4.1   0.0
   8 1989 244 24192.  16.7  32.7   1.590   4.9   0.0
   8 1989 245 24528.  15.6  32.3   1.530   3.5   0.0
   8 1989 246 24150.  14.5  32.4   1.700   3.9   0.0
   8 1989 247 23352.  18.0  34.8   1.740   3.0   0.0
   8 1989 248 22218.  17.8  34.1   1.940   3.8   0.0
   8 1989 249 22764.  18.8  32.3   1.970   5.1   0.0
   8 1989 250 22470.  17.6  30.0   1.960   4.8   0.0
   8 1989 251 20958.  18.4  29.4   1.910   5.4   0.0
   8 1989 252 21378.  15.9  29.0   1.790   4.7   0.0
   8 1989 253 21840.  17.0  32.6   1.640   3.0   0.0
   8 1989 254 22050.  17.8  34.3   1.100   4.3   0.0
   8 1989 255 22302.  17.8  31.3   2.000   4.3   0.0
   8 1989 256 21588.  19.7  31.3   2.050   4.9   0.0
   8 1989 257 20202.  18.4  31.0   1.890   4.3   0.0
   8 1989 258 20916.  17.4  31.8   1.720   2.7   0.0
   8 1989 259 20790.  15.6  31.4   1.540   3.3   0.0
   8 1989 260 21756.  15.9  31.6   1.210   3.9   0.0
   8 1989 261 20916.  16.2  33.1   1.150   2.6   0.0
   8 1989 262 21966.  16.2  34.3   0.420   2.2   0.0
   8 1989 263 21378.  17.1  36.0   0.420   2.0   0.0
   8 1989 264 20916.  14.8  36.5   0.690   2.6   0.0
   8 1989 265 20748.  14.0  33.8   1.050   2.2   0.0
   8 1989 266 20832.  13.1  36.7   0.870   2.2   0.0
   8 1989 267 20202.  13.6  35.9   1.060   2.9   0.0
   8 1989 268 20412.  15.9  28.9   1.650   4.6   0.0
   8 1989 269 19908.  14.4  28.3   1.590   4.1   0.0
   8 1989 270 19908.  14.6  28.7   1.600   4.1   0.0
   8 1989 271 20076.  14.2  29.8   1.420   2.9   0.0
   8 1989 272 20244.  11.0  30.0   1.180   3.0   0.0
   8 1989 273 19530.  11.6  32.2   1.030   3.6   0.0
   8 1989 274 18564.  14.9  32.8   1.000   3.3   0.0
   8 1989 275 18396.  13.1  30.8   0.990   3.4   0.0
   8 1989 276 18522.  12.8  35.2   0.600   3.5   0.0
   8 1989 277 18354.  13.5  33.9   0.630   2.2   0.0
   8 1989 278 15246.  16.4  34.5   0.820   2.7   0.0
   8 1989 279 16716.  15.8  26.0   1.430   4.6   0.0
   8 1989 280 13314.  11.3  24.6   1.330   3.1   0.0
   8 1989 281 13356.   9.5  26.3   0.980   1.3   0.0
   8 1989 282 17010.   9.7  33.4   0.710   1.7   0.0
   8 1989 283 14700.  14.8  35.2   0.700   1.3   0.0
   8 1989 284 18774.  13.5  32.6   0.430   3.0   0.0
   8 1989 285 17430.  12.5  27.6   0.950   4.2   0.0
   8 1989 286 14112.  10.5  24.5   1.260   3.3   0.0
   8 1989 287 17430.  10.4  27.0   0.930   1.6   0.0
   8 1989 288 17094.   7.5  28.8   0.650   1.7   0.0
   8 1989 289 16254.   7.8  29.5   0.800   1.9   0.0
   8 1989 290 16632.   9.8  26.3   1.180   2.9   0.0
   8 1989 291  7434.  10.0  20.2   1.370   2.7   0.0
   8 1989 292 11424.   7.5  22.5   1.180   1.3   7.9
   8 1989 293  7266.   5.8  17.4   1.230   2.3   0.3
   8 1989 294 15582.   8.6  22.1   1.330   3.6   0.0
   8 1989 295 17304.   2.0  24.0   0.980   1.5   0.0
   8 1989 296 16380.   8.8  27.2   0.800   2.1   0.0
   8 1989 297 16044.  11.5  26.8   0.690   2.8   0.0
   8 1989 298 16422.   6.8  24.1   0.930   2.8   0.0
   8 1989 299 15456.   8.9  26.8   0.820   1.8   0.0
   8 1989 300 15750.   6.6  23.9   0.930   2.2   0.0
   8 1989 301 15792.   6.8  25.0   0.710   1.9   0.0
   8 1989 302 14364.   7.9  23.0   1.040   3.2   0.0
   8 1989 303  8190.   8.5  18.7   1.340   2.6   0.8
   8 1989 304 14742.   7.1  22.7   1.140   2.5   0.3
   8 1989 305 14910.   5.3  25.3   0.850   1.7   0.0
   8 1989 306 13440.  10.8  26.5   0.700   2.3   0.0
   8 1989 307 14700.  12.4  27.6   0.540   3.2   0.0
   8 1989 308 12768.  13.8  27.8   0.490   2.2   0.0
   8 1989 309 10290.  11.2  27.4   0.800   2.2   0.0
   8 1989 310 13188.   9.2  26.1   1.020   2.0   0.0
   8 1989 311 14112.   6.8  26.5   0.800   1.8   0.0
   8 1989 312 14112.   7.3  26.3   0.680   1.7   0.0
   8 1989 313 13860.  10.4  25.7   0.790   2.2   0.0
   8 1989 314 11928.   9.1  21.7   1.150   3.3   0.0
   8 1989 315 11676.   7.3  19.8   1.120   2.8   0.0
   8 1989 316 11928.   8.0  21.9   0.970   1.8   0.0
   8 1989 317  9828.   9.1  21.1   1.050   3.4   0.3
   8 1989 318  6762.   8.2  16.9   1.180   2.8   3.8
   8 1989 319  8400.   6.5  15.0   1.120   2.7   1.0
   8 1989 320  8526.   7.5  13.8   1.080   3.5   4.6
   8 1989 321 10962.   5.4  18.3   1.210   3.2   0.0
   8 1989 322  3108.   9.3  14.3   1.220   4.1   5.1
   8 1989 323 11214.   6.1  16.2   1.130   4.1   0.0
   8 1989 324 11676.   2.4  17.6   0.930   1.3   0.0
   8 1989 325 12138.   0.6  20.4   0.690   2.6   0.0
   8 1989 326 12978.   6.6  21.2   0.640   3.0   0.0
   8 1989 327 12684.   6.6  22.2   0.840   2.3   0.0
   8 1989 328 11088.   4.4  19.3   1.120   3.0   0.0
   8 1989 329 12516.   7.4  22.0   0.950   2.1   0.0
   8 1989 330 12558.   5.8  24.9   0.810   2.2   0.0
   8 1989 331 12558.   6.8  21.5   0.910   2.5   0.0
   8 1989 332 11928.   6.5  26.1   0.690   1.8   0.0
   8 1989 333  5082.   9.7  22.0   1.100   3.3   3.3
   8 1989 334  7980.   6.2  15.4   1.090   5.4   0.3
   8 1989 335  9492.   0.5  13.2   0.910   3.0   1.3
   8 1989 336 11172.  -1.0  12.9   0.700   1.6   0.3
   8 1989 337 11844.  -1.0  13.9   0.620   3.0   0.0
   8 1989 338 11340.  -3.5  10.2   0.440   2.5   0.0
   8 1989 339 13020.  -7.1  12.9   0.420   1.3   0.0
   8 1989 340 11928.  -3.9  12.9   0.670   2.2   1.5
   8 1989 341  3570.   5.2  11.7   0.990   1.8   1.0
   8 1989 342  6762.   4.7  14.5   1.060   3.0   3.0
   8 1989 343  4788.   3.1  15.0   1.030   2.3  12.4
   8 1989 344 10500.   1.7  18.7   0.970   1.7   0.0
   8 1989 345  9072.   0.0  19.4   0.930   2.2   3.8
   8 1989 346  3864.   3.7  12.1   0.930   3.7   8.9
   8 1989 347  8400.   2.5  13.3   0.920   2.3   0.3
   8 1989 348  5922.   3.5  12.7   0.880   1.4   4.8
   8 1989 349  7686.   2.9  12.9   0.850   1.1   0.0
   8 1989 350  6888.   1.6  13.6   0.870   1.8   0.0
   8 1989 351 11634.  -6.3  16.5   0.850   1.1   0.0
   8 1989 352 11550.   0.1  18.8   0.800   1.3   0.0
   8 1989 353 12180.  -5.0  20.9   0.720   1.2   0.0
   8 1989 354 12600.  -1.5  20.7   0.620   1.3   0.0
   8 1989 355 12306.  -1.4  18.0   0.830   1.9   0.0
   8 1989 356 10122.  -0.2  17.1   0.830   1.1   0.0
   8 1989 357 12096.  -1.8  19.8   0.610   1.3   0.0
   8 1989 358 12642.  -1.4  21.1   0.480   1.6   0.0
   8 1989 359 12138.   1.6  20.7   0.520   2.0   0.0
   8 1989 360  9954.   0.6  17.9   0.900   1.5   0.0
   8 1989 361  6804.  -2.7  16.5   0.850   1.6   0.0
   8 1989 362 10626.   3.2  18.4   0.850   1.6   0.0
   8 1989 363 10164.   1.4  19.3   0.710   1.9   0.0
   8 1989 364 12348.   2.6  18.7   0.780   1.8   0.0
   8 1989 365  4116.   5.9  14.6   1.000   5.1   1.3
