*---------------------------------------------------------------------------*
* Station name: Jindiress, Syria
* Year: 1982
* Author: Peter Uithol                                     -99.000: NIL VALUE
* Source: ICARDA SPS file
* Comments: Vapour pressure measured as maximum relative humudity (%)
* Longitude: 36 44 E, latitude: 46 24 N, altitude: 210. m
*
* Column  Daily value
* 1       station number
* 2       year
* 3       day
* 4       irradiation                   (kJ m-2 d-1)
* 5       minimum temperature           (degrees Celsius)
* 6       maximum temperature           (degrees Celsius)
* 7       early morning vapour pressure (kPa)
* 8       mean wind speed (height: 2 m) (m s-1)
* 9       precipitation                 (mm d-1)
*---------------------------------------------------------------------------*
  36.73  36.40   210. 0.00 0.00
   3 1982   1  8990.   4.0  16.2   0.773   1.2   0.0
   3 1982   2  2660.   7.5  12.1   0.985   1.8   0.0
   3 1982   3  3310.   9.9  13.0   1.159   5.8   0.0
   3 1982   4  3530.  11.9  15.2   1.115   2.8   0.0
   3 1982   5  2200.  11.0  13.5   1.116   4.0   0.0
   3 1982   6  9430.  10.0  14.0   1.142   1.6   3.0
   3 1982   7  2990.   9.8  13.2   1.139   2.8   6.0
   3 1982   8  2950.  11.0  15.8   1.195   6.5   5.3
   3 1982   9 10580.   2.5  14.0   0.592   2.5   0.0
   3 1982  10  6660.  -0.2   6.5   0.475   1.3   0.0
   3 1982  11  9970.   4.0   9.0   0.732   1.1   0.0
   3 1982  12  1080.   4.0   9.5   0.773   0.6   0.0
   3 1982  13  3170.   7.0  10.8   0.952   1.0   3.4
   3 1982  14  3280.   3.5   7.0   0.746   2.2   3.4
   3 1982  15 11630.  -2.5   9.5   0.406   2.0   0.0
   3 1982  16 12060.  -5.0  10.8   0.375   1.6   0.0
   3 1982  17 13860.  -3.0  15.0   0.460   2.3   0.0
   3 1982  18  9830.  -2.0  12.2   0.448   1.6   0.0
   3 1982  19 12310.  -4.0  12.2   0.404   1.4   0.0
   3 1982  20 10330.  -4.5  12.5   0.407   2.9   0.0
   3 1982  21 10660.   1.5  11.2   0.456   3.5   0.0
   3 1982  22 11810.  -0.5  12.0   0.442   2.4   0.0
   3 1982  23 11990.  -2.0  13.2   0.422   3.1   0.0
   3 1982  24 10580.   0.8  13.2   0.498   3.7   0.0
   3 1982  25  2050.   6.0  10.2   0.860   3.0   3.0
   3 1982  26  5260.   5.0  11.0   0.864   1.9   0.0
   3 1982  27  3710.   7.5  10.0   0.985   4.3   1.4
   3 1982  28 10190.   6.5  13.0   0.920   2.2   3.6
   3 1982  29  4860.   6.2  11.2   0.920   2.1  11.0
   3 1982  30  8680.   6.8  13.2   0.949   0.7   2.0
   3 1982  31  5620.   5.5   9.2   0.858   1.7  10.0
   3 1982  32  5360.   6.2  10.8   0.901   2.4  16.0
   3 1982  33  6160.   5.2  12.2   0.832   3.2   7.0
   3 1982  34 11300.  -1.0  10.0   0.568   2.9   0.0
   3 1982  35 13500.  -2.8   8.0   0.482   1.6   0.0
   3 1982  36 13680.  -5.0   8.9   0.417   2.0   0.0
   3 1982  37  8890.  -2.0   8.0   0.374   4.2   0.0
   3 1982  38 10800.   2.0  10.5   0.572   1.8   0.0
   3 1982  39 14750.  -1.5  12.0   0.520   3.9   0.0
   3 1982  40 12530.  -3.0  14.2   0.490   0.4   0.0
   3 1982  41  4210.   1.0   7.8   0.657   4.0   5.0
   3 1982  42  6340.   3.5  10.0   0.785   3.2   0.0
   3 1982  43 10980.   2.8  13.5   0.725   1.8   0.0
   3 1982  44 11270.  -1.0  11.0   0.534   1.9   0.0
   3 1982  45 14400.  -4.0  10.5   0.443   2.0   0.0
   3 1982  46 16560.  -7.0   9.2   0.332   1.5   0.0
   3 1982  47 14540.  -6.0  10.2   0.363   1.5   0.0
   3 1982  48 16810.  -5.0  11.5   0.392   1.6   0.0
   3 1982  49 10980.  -5.0  11.8   0.312   4.2   0.0
   3 1982  50 11300.  -5.0   8.9   0.316   4.4   0.0
   3 1982  51  3780.   2.0   7.0   0.663   3.4   3.4
   3 1982  52 16160.  -1.5  11.8   0.503   1.5   0.0
   3 1982  53 12170.  -0.2  14.0   0.560   5.1   0.0
   3 1982  54 12490.   5.0  16.0   0.637   2.8   0.0
   3 1982  55 24600.  -1.0  17.0   0.505   4.0   0.0
   3 1982  56 10370.   0.2  17.5   0.570   2.9   0.0
   3 1982  57 11120.   4.0  18.0   0.626   3.1   0.0
   3 1982  58 12100.  10.8  18.0   0.868   7.3   0.0
   3 1982  59  4540.   5.0  12.2   0.829   2.2   4.3
   3 1982  60  7270.   4.5  12.5   0.792   1.9   4.0
   3 1982  61 11410.   5.0  14.0   0.807   1.5   0.0
   3 1982  62 12280.   3.0  17.0   0.712   1.6   0.0
   3 1982  63 16630.   5.0  20.4   0.663   2.7   0.0
   3 1982  64  6230.  12.0  20.0   1.066   2.3   6.1
   3 1982  65 13280.  10.0  18.6   0.934   2.6   0.0
   3 1982  66 19400.   7.0  21.5   0.770   2.7   0.0
   3 1982  67 18110.   7.5  21.2   0.788   1.4   0.0
   3 1982  68 10800.   7.0  18.0   0.762   1.5  18.0
   3 1982  69 17390.  -2.0  15.2   0.453   2.9   0.0
   3 1982  70 14400.  -4.2   9.9   0.394   2.7   0.0
   3 1982  71 13970.   0.0  11.0   0.537   3.5   0.0
   3 1982  72 14220.   3.0  11.0   0.705   2.8   0.0
   3 1982  73 27400.   3.2  15.0   0.715   3.7   0.0
   3 1982  74 15340.   3.2  18.0   0.722   2.3   0.0
   3 1982  75 10660.   8.0  18.2   1.009   2.6   2.2
   3 1982  76 14080.   2.8  14.0   0.702   2.6   0.0
   3 1982  77 20950.   0.5  14.0   0.595   2.9   0.0
   3 1982  78 21850.  -2.0  16.2   0.485   2.3   0.0
   3 1982  79 21060.  -1.5  16.5   0.487   1.8   0.0
   3 1982  80 20630.   4.2  18.5   0.635   2.1   0.0
   3 1982  81 19400.   1.2  19.0   0.613   1.7   0.0
   3 1982  82 18760.   3.0  21.2   0.712   2.0   6.0
   3 1982  83 15700.   2.0  16.0   0.670   4.2   2.0
   3 1982  84 23470.  -2.0  10.0   0.385   1.6   0.0
   3 1982  85 22820.  -5.0  11.0   0.341   1.4   0.0
   3 1982  86 22820.  -4.5  13.0   0.376   2.3   0.0
   3 1982  87 18070.  -4.0  16.0   0.372   2.4   0.0
   3 1982  88 30500.  -0.5  18.5   0.542   4.6   0.0
   3 1982  89 20770.   0.2  19.2   0.582   2.1   0.0
   3 1982  90 23870.   1.0  22.0   0.529   2.2   0.0
   3 1982  91 18470.   5.2  24.0   0.517   2.5   0.0
   3 1982  92 10940.   7.5  18.0   0.881   1.7   0.0
   3 1982  93 14400.   7.2  25.0   0.889   3.4   0.0
   3 1982  94 15440.   8.0  25.0   0.944   2.9   5.0
   3 1982  95 19150.   6.5  17.5   0.842   3.4   0.0
   3 1982  96 10870.   8.0  17.0   0.939   1.7  10.0
   3 1982  97 18470.   5.0  14.0   0.759   4.6   0.0
   3 1982  98 20380.   6.0  17.2   0.804   4.0   0.0
   3 1982  99 20340.   4.0  20.5   0.716   1.5   0.0
   3 1982 100 15340.   9.0  20.0   0.873   4.9   0.0
   3 1982 101 22750.  14.5  23.0   0.925   3.2   0.0
   3 1982 102 23720.   9.0  25.0   0.993   2.0   0.0
   3 1982 103 22140.   7.0  27.0   0.892   3.5   5.0
   3 1982 104  9320.  10.0  24.0   1.112   2.1   0.0
   3 1982 105 23110.   8.0  24.5   0.955   1.4   0.0
   3 1982 106 25380.  10.0  27.2   1.093   2.3   0.0
   3 1982 107 21100.  10.5  28.0   1.080   2.1   0.0
   3 1982 108 24340.  13.5  26.0   1.301   4.1   0.0
   3 1982 109 25200.   9.0  23.0   1.033   4.1   0.0
   3 1982 110 26860.   6.0  25.0   0.851   1.9   0.0
   3 1982 111 25450.   6.2  28.8   0.796   2.6   1.0
   3 1982 112 26750.  13.0  23.0   1.199   4.6   0.0
   3 1982 113 16270.  10.0  18.2   1.069   3.5   0.0
   3 1982 114 17420.   7.0  20.2   0.882   1.8   0.0
   3 1982 115 13250.   8.0  23.0   0.966   2.2   3.0
   3 1982 116 10120.   9.2  17.5   1.036   1.3   6.0
   3 1982 117 21670.   7.8  18.0   0.931   3.9   2.0
   3 1982 118 17670.   7.0  18.5   0.862   1.7   2.0
   3 1982 119 19080.  10.5  24.5   1.104   2.7   0.0
   3 1982 120 20480.   9.8  22.5   1.067   2.7  10.0
   3 1982 121 16090.   6.0  20.0   0.823   2.1   0.0
   3 1982 122 28910.   6.0  22.2   0.823   2.7   0.0
   3 1982 123 29990.   6.0  21.2   0.767   3.2   0.0
   3 1982 124 24010.   5.0  22.8   0.768   2.2   0.0
   3 1982 125 28980.   6.3  26.5   0.831   1.5   0.0
   3 1982 126 20630.   8.0  25.2   0.933   2.4   0.0
   3 1982 127 28910.   7.5  26.0   0.923   2.1   0.0
   3 1982 128 28910.   7.0  28.5   0.892   2.1   0.0
   3 1982 129 29410.   7.2  31.2   0.742   1.5   0.0
   3 1982 130 23360.  10.5  32.0   0.787   2.1   0.0
   3 1982 131 21310.  14.0  32.5   1.424   2.5   3.0
   3 1982 132 23690.  14.5  30.2   1.470   2.5   0.0
   3 1982 133 16880.  15.0  27.0   1.502   2.7   0.0
   3 1982 134 22320.  15.0  28.0   1.502   2.5   0.0
   3 1982 135 24280.  13.0  28.5   1.304   4.1   0.0
   3 1982 136 24280.  12.0  29.2   1.235   1.0   3.0
   3 1982 137 16560.  14.0  27.8   1.360   2.4   0.0
   3 1982 138 24080.  13.0  23.5   1.259   3.4   0.0
   3 1982 139 24080.  11.0  23.0   1.156   4.3   0.0
   3 1982 140 27250.  10.8  25.0   1.140   4.1   0.0
   3 1982 141 28690.   9.9  26.0   1.086   3.2   0.0
   3 1982 142 30100.  10.0  27.8   1.093   2.8   0.0
   3 1982 143 29450.  10.0  28.5   1.081   3.0   0.0
   3 1982 144 28730.  11.8  30.0   1.219   2.9   0.0
   3 1982 145 13890.  14.0  25.5   1.360   2.0   0.0
   3 1982 146 29660.  15.4  28.8   1.497   2.6   0.0
   3 1982 147 28910.  12.0  28.5   1.249   0.9   0.0
   3 1982 148 29520.  12.2  32.5   1.287   3.4   0.0
   3 1982 149 27610.  13.2  32.5   1.108   2.6   0.0
   3 1982 150 27610.  13.0  28.0   1.244   4.3   0.0
   3 1982 151 26680.  11.5  23.5   1.195   4.7   0.0
   3 1982 152 25880.  13.5  26.0   1.378   3.4   0.0
   3 1982 153 22860.  11.5  31.5   1.235   6.3   0.0
   3 1982 154 22860.  12.8  27.0   1.338   2.9   0.0
   3 1982 155 22860.  13.8  25.0   1.389   1.5   0.0
   3 1982 156 19330.  11.8  25.8   1.212   3.0   0.0
   3 1982 157 23440.  10.0  29.0   1.093   2.2   0.0
   3 1982 158 20880.  11.8  27.8   1.149   3.8   0.0
   3 1982 159 22210.  13.0  29.3   1.349   2.5   0.0
   3 1982 160 24370.  12.2  31.5   1.308   3.9   0.0
   3 1982 161 20340.  14.8  29.0   1.432   4.8   0.0
   3 1982 162 18000.  16.2  30.5   1.474   3.9   0.0
   3 1982 163 26640.  17.0  32.2   1.648   4.1   0.0
   3 1982 164 24370.  15.0  34.2   1.348   3.8   0.0
   3 1982 165 18720.  16.8  32.2   1.340   6.4   0.0
   3 1982 166 25340.  18.5  32.0   1.716   4.4   0.0
   3 1982 167 22000.  16.8  30.2   1.647   5.0   0.0
   3 1982 168 22820.  16.8  29.0   1.474   4.1   0.0
   3 1982 169 22820.  15.0  30.0   1.416   4.1   0.0
   3 1982 170 22820.  14.0  33.0   1.264   4.1   0.0
   3 1982 171 22820.  14.0  38.5   1.224   4.1   0.0
   3 1982 172 22820.  17.0  35.8   1.425   4.1   0.0
   3 1982 173 20020.  17.0  36.2   1.416   4.0   0.0
   3 1982 174 21740.  18.9  36.5   1.880   3.7   0.0
   3 1982 175 22900.  16.0  37.0   1.347   2.7   0.0
   3 1982 176 24770.  16.0  38.5   0.964   2.9   0.0
   3 1982 177 19660.  18.2  37.2   1.443   2.9   0.0
   3 1982 178 21640.  15.2  36.0   1.193   2.8   0.0
   3 1982 179 24080.  15.5  37.2   0.811   2.1   0.0
   3 1982 180 21530.  16.0  39.0   1.092   3.1   0.0
   3 1982 181 21670.  19.0  36.5   1.760   5.5   0.0
   3 1982 182 26140.  21.0  33.5   2.067   8.4   0.0
   3 1982 183 16780.  21.5  31.2   2.054   5.2   0.0
   3 1982 184 20770.  19.0  32.2   1.848   3.5   0.0
   3 1982 185 22640.  17.0  31.2   1.517   5.1   0.0
   3 1982 186 22640.  14.9  31.0   1.272   4.3   0.0
   3 1982 187 22640.  14.9  33.2   1.238   3.8   0.0
   3 1982 188 19970.  16.2  35.0   1.456   1.7   0.0
   3 1982 189 23510.  16.0  35.0   1.256   3.3   0.0
   3 1982 190 20200.  19.5  32.2   1.838   4.7   0.0
   3 1982 191 22930.  16.9  31.0   1.571   4.3   0.0
   3 1982 192 22100.  17.5  31.2   1.681   4.3   0.0
   3 1982 193 23400.  16.5  31.0   1.625   6.6   0.0
   3 1982 194 21600.  20.3  30.5   2.063   8.1   0.0
   3 1982 195 21560.  20.5  30.2   1.919   7.2   0.0
   3 1982 196 21560.  20.9  31.8   2.101   7.2   0.0
   3 1982 197 23720.  21.0  32.5   2.116   5.0   0.0
   3 1982 198 18400.  18.5  32.0   1.902   3.9   0.0
   3 1982 199 22430.  17.9  34.2   1.817   2.8   0.0
   3 1982 200 21530.  18.0  35.8   1.952   3.5   0.0
   3 1982 201 21380.  20.5  34.0   2.170   7.6   0.0
   3 1982 202 21380.  20.2  32.5   1.991   3.4   0.0
   3 1982 203 22210.  21.2  33.0   2.054   7.2   0.0
   3 1982 204 21350.  20.4  33.0   2.016   5.8   0.0
   3 1982 205 21960.  19.9  32.9   1.977   5.3   0.0
   3 1982 206 20810.  19.8  33.0   1.815   5.3   0.0
   3 1982 207 21460.  20.5  35.0   2.088   5.2   0.0
   3 1982 208 17280.  20.9  32.5   2.153   7.0   0.0
   3 1982 209 24010.  21.2  31.2   2.090   7.1   0.0
   3 1982 210 19480.  20.5  31.9   2.050   6.1   0.0
   3 1982 211 20090.  21.2  32.2   2.218   5.3   0.0
   3 1982 212 21460.  20.5  32.9   2.197   3.8   0.0
   3 1982 213 22360.  16.0  32.5   1.423   3.8   0.0
   3 1982 214 20050.  17.5  32.0   1.519   5.1   0.0
   3 1982 215 20990.  20.2  30.2   1.991   5.6   0.0
   3 1982 216 20990.  18.2  34.0   1.893   4.4   0.0
   3 1982 217 20340.  17.2  35.9   1.581   3.7   0.0
   3 1982 218 20160.  17.5  36.2   1.541   4.3   0.0
   3 1982 219 20120.  18.5  34.0   1.737   5.9   0.0
   3 1982 220 20200.  21.9  33.5   2.236   5.8   0.0
   3 1982 221 20770.  20.9  35.0   2.175   3.9   0.0
   3 1982 222 21740.  18.0  35.2   1.694   4.2   0.0
   3 1982 223 20050.  17.0  37.9   1.454   4.0   0.0
   3 1982 224 19840.  21.9  38.0   1.697   4.1   0.0
   3 1982 225 19910.  19.8  36.0   1.896   5.1   0.0
   3 1982 226 19910.  18.5  34.2   1.865   5.1   0.0
   3 1982 227 19910.  21.2  33.0   2.193   4.0   0.0
   3 1982 228 19260.  22.5  35.0   2.252   4.4   0.0
   3 1982 229 19760.  19.5  33.2   1.906   5.1   0.0
   3 1982 230 19080.  21.2  32.0   2.092   4.9   0.0
   3 1982 231 18720.  20.2  32.5   2.062   4.4   0.0
   3 1982 232 19510.  21.5  32.2   2.213   6.8   0.0
   3 1982 233 18940.  22.2  33.0   2.278   6.6   0.0
   3 1982 234 19370.  21.9  35.0   2.286   5.8   0.0
   3 1982 235 18360.  20.5  35.0   2.173   5.1   0.0
   3 1982 236 18360.  21.2  32.5   2.193   6.8   0.0
   3 1982 237 17960.  21.5  31.0   2.054   6.8   0.0
   3 1982 238 18900.  19.2  30.9   1.849   4.5   0.0
   3 1982 239 17600.  17.8  31.2   1.856   3.1   0.0
   3 1982 240 18360.  17.2  33.0   1.693   2.8   0.0
   3 1982 241 19150.  16.8  34.0   1.752   2.6   0.0
   3 1982 242 16270.  17.9  34.9   1.722   2.4   0.0
   3 1982 243 17680.  18.5  34.5   1.908   3.1   0.0
   3 1982 244 19120.  19.0  35.0   2.028   2.8   0.0
   3 1982 245 16880.  19.2  36.0   2.098   2.2   0.0
   3 1982 246 18760.  19.5  38.2   2.008   2.1   0.0
   3 1982 247 16990.  19.8  37.2   2.127   2.2   0.0
   3 1982 248 13140.  20.8  40.3   1.918   4.8   0.0
   3 1982 249 14830.  22.0  34.5   1.800   3.7   0.0
   3 1982 250 16990.  20.0  33.5   2.025   3.4   0.0
   3 1982 251 17600.  16.0  31.9   1.674   3.7   0.0
   3 1982 252 16240.  18.5  32.9   1.838   4.5   0.0
   3 1982 253 17350.  18.9  34.9   1.978   3.9   0.0
   3 1982 254 17960.  16.8  34.0   1.695   2.9   0.0
   3 1982 255 16130.  17.2  34.0   1.768   3.5   0.0
   3 1982 256 16240.  18.5  33.0   1.880   4.7   0.0
   3 1982 257 16200.  18.0  32.0   1.942   4.1   0.0
   3 1982 258 15880.  18.2  32.2   1.830   3.5   0.0
   3 1982 259 16060.  17.3  33.3   1.818   2.8   0.0
   3 1982 260 15660.  15.3  35.0   1.496   1.9   0.0
   3 1982 261 16450.  15.5  34.9   1.542   2.0   0.0
   3 1982 262 15260.  17.0  33.5   1.833   3.7   0.0
   3 1982 263 15080.  15.5  32.0   1.531   2.6   0.0
   3 1982 264 14900.  17.2  31.0   1.630   4.4   0.0
   3 1982 265 14400.  19.3  29.8   1.860   5.3   0.0
   3 1982 266 15120.  16.2  29.9   1.696   4.1   0.0
   3 1982 267 14900.  17.0  31.0   1.788   2.7   0.0
   3 1982 268 15620.  14.8  31.0   1.482   2.1   0.0
   3 1982 269 13500.  14.8  32.2   1.432   2.3   0.0
   3 1982 270 15260.  17.2  30.8   1.827   3.1   0.0
   3 1982 271 13460.  15.5  32.5   1.665   2.0   0.0
   3 1982 272 14000.  15.8  31.0   1.644   2.6   0.0
   3 1982 273 12490.  17.0  29.2   1.551   4.0   0.0
   3 1982 274  9650.  15.5  27.2   1.516   3.3   2.0
   3 1982 275 13750.  12.0  27.0   1.305   1.9   0.0
   3 1982 276 14180.   7.0  27.0   0.526   1.5   0.0
   3 1982 277 13860.  14.0  29.8   1.184   2.3   0.0
   3 1982 278  9000.  14.5  26.0   1.457   3.5   2.0
   3 1982 279  4100.  15.0  18.9   1.664   0.7  11.0
   3 1982 280 11990.  12.9  24.0   1.392   3.2   0.0
   3 1982 281 14290.  10.2  25.0   1.168   1.8   0.0
   3 1982 282 11120.   6.8  26.2   0.823   0.9   0.0
   3 1982 283 14900.   9.0  28.0   0.953   2.3   0.0
   3 1982 284 15950.  11.9  30.0   1.307   1.6   0.0
   3 1982 285  7920.  15.0  30.8   1.063   2.3   0.0
   3 1982 286  9220.  18.0  28.5   1.430   2.6   1.0
   3 1982 287  6840.  15.0  24.9   1.604   2.4   0.0
   3 1982 288  8100.  13.5  28.8   1.239   2.4   0.0
   3 1982 289 11990.  13.0  26.5   1.386   1.6   0.0
   3 1982 290 12060.   9.8  26.3   1.103   2.6   0.0
   3 1982 291  9220.  14.0  25.0   1.520   2.6   0.0
   3 1982 292 10660.  13.5  25.8   1.355   3.3   0.0
   3 1982 293 11230.   9.5  24.0   1.004   1.8   0.0
   3 1982 294 11450.   5.8  23.0   0.516   1.6   0.0
   3 1982 295  9830.   5.0  24.9   0.418   2.3   0.0
   3 1982 296 11560.   8.5  28.0   0.421   2.2   0.0
   3 1982 297 10550.   6.5  26.0   0.436   2.0   0.0
   3 1982 298  8060.  15.5  26.8   1.471   2.0   1.3
   3 1982 299  6340.  11.8  23.8   1.306   1.4  35.0
   3 1982 300 10260.   9.0  21.2   1.036   1.4   0.0
   3 1982 301  9830.   9.8  24.0   1.094   2.2   0.0
   3 1982 302 10940.   7.3  23.0   0.941   1.1   0.0
   3 1982 303  9720.   5.5  23.0   0.732   2.0   0.0
   3 1982 304 10760.   7.3  22.9   0.479   2.6   0.0
   3 1982 305 10400.   3.9  22.0   0.435   2.4   0.0
   3 1982 306 10600.   2.5  22.5   0.453   1.4   0.0
   3 1982 307 10300.   2.2  22.5   0.458   1.2   0.0
   3 1982 308  9900.   3.5  22.0   0.424   1.6   0.0
   3 1982 309  9500.   3.9  21.2   0.501   1.3   0.0
   3 1982 310  9100.   2.2  21.0   0.598   2.4  18.0
   3 1982 311  1900.   8.5  11.0   0.921   1.5   2.0
   3 1982 312  2020.   4.5   9.0   0.703   2.6   0.0
   3 1982 313  4930.   0.2  11.0   0.441   1.7   0.0
   3 1982 314  3850.  -2.5   9.2   0.423   2.3   8.1
   3 1982 315  5620.   2.8  12.3   0.635   2.9   0.0
   3 1982 316  8240.   0.2  14.0   0.525   1.0   0.0
   3 1982 317  8570.   1.0  14.8   0.555   1.6   0.0
   3 1982 318  8500.   0.0  15.2   0.513   1.9   0.0
   3 1982 319  9000.   1.8  16.5   0.591   1.3   0.0
   3 1982 320  8210.   1.9  17.0   0.595   1.4   0.0
   3 1982 321  7810.   2.9  18.2   0.639   3.6   0.0
   3 1982 322  8390.   8.5  19.0   0.694   6.6   0.0
   3 1982 323  7240.  10.3  18.0   0.708   5.5   0.0
   3 1982 324 10150.   5.8  10.8   0.801   2.0   8.0
   3 1982 325  1940.   5.0   8.3   0.757   0.8   3.0
   3 1982 326   300.   2.5  14.0   0.614   1.8   1.0
   3 1982 327  5220.   2.0  10.5   0.579   1.9   2.0
   3 1982 328  6340.   1.8  12.5   0.584   2.0   0.0
   3 1982 329  6550.  -1.8  10.5   0.455   1.6   0.0
   3 1982 330  7090.   1.6  11.9   0.583   1.5   0.0
   3 1982 331  7560.   0.5  11.0   0.538   1.2   0.0
   3 1982 332  7310.  -0.5  10.2   0.506   1.4   0.0
   3 1982 333  7450.  -3.5  10.2   0.401   1.6   0.0
   3 1982 334  6770.  -5.0  13.5   0.421   1.4   0.0
   3 1982 335  6840.  -3.5  12.0   0.457   1.4   0.0
   3 1982 336  7700.  -4.0  14.0   0.447   1.5   0.0
   3 1982 337  6550.  -4.0  12.5   0.422   1.8   0.0
   3 1982 338  2380.   3.0   9.0   0.682   4.7   3.2
   3 1982 339   860.   1.0   3.6   0.657   3.7   1.8
   3 1982 340  5830.   2.8  10.4   0.747   2.0   0.0
   3 1982 341  6950.  -2.0  10.2   0.506   1.9   0.0
   3 1982 342  6840.  -3.5  11.0   0.449   1.5   0.0
   3 1982 343  7630.  -2.4  11.0   0.512   1.3   0.0
   3 1982 344  5110.  -2.8   8.8   0.492   1.4   0.0
   3 1982 345  5470.  -0.5   8.6   0.578   1.4   0.0
   3 1982 346  4540.  -2.8   9.8   0.401   5.3   0.0
   3 1982 347  3990.   4.0   9.0   0.781   2.6   0.0
   3 1982 348  6800.  -4.3  10.8   0.435   1.5   0.0
   3 1982 349  4900.  -2.8  13.0   0.487   1.8   0.0
   3 1982 350  4000.   2.2  13.0   0.628   3.0   0.0
   3 1982 351  2410.   7.8  12.6   0.900   3.0   0.0
   3 1982 352  6300.   4.0  14.9   0.785   1.6   0.0
   3 1982 353  6700.  -0.7  15.5   0.552   1.4   0.0
   3 1982 354  6550.  -0.6  11.6   0.438   3.4   0.0
   3 1982 355  2450.   5.5  13.5   0.542   4.5   0.0
   3 1982 356  6600.   7.6  15.7   0.872   1.7   0.0
   3 1982 357  6800.  -0.2   9.4   0.491   1.6   0.0
   3 1982 358  6370.  -0.3  14.5   0.528   1.4   0.0
   3 1982 359  5540.  -1.8  14.2   0.427   1.5   0.0
   3 1982 360  3460.   8.0  13.0   0.923   2.2   3.0
   3 1982 361  4070.   7.0  13.0   0.846   1.0   4.5
   3 1982 362  3060.   8.0  11.2   1.073   1.1   8.4
   3 1982 363  2160.   5.0   9.7   0.872   1.2   0.0
   3 1982 364  1220.   6.2  11.4   0.948   2.5  25.4
   3 1982 365  3600.   7.0  10.2   0.982   2.6   1.0
