*---------------------------------------------------------------------------*
* Station name: Tel Hadya, Syria
* Year: 1981
* Author: Peter Uithol                                     -99.000: NIL VALUE
* Source: ICARDA SPS file
* Comments: Vapour pressure measured as maximum relative humudity (%)
* Longitude: 36 56 E, latitude: 36 01 N, altitude: 284. m
*
* Column  Daily value
* 1       station number
* 2       year
* 3       day
* 4       irradiation                   (kJ m-2 d-1)
* 5       minimum temperature           (degrees Celsius)
* 6       maximum temperature           (degrees Celsius)
* 7       early morning vapour pressure (kPa)
* 8       mean wind speed (height: 2 m) (m s-1)
* 9       precipitation                 (mm d-1)
*---------------------------------------------------------------------------*
  36.93  36.02   284. 0.00 0.00
   6 1981   1  9900.  -2.4  10.8   0.512   3.0   0.4
   6 1981   2  7300.   0.2   9.6   0.620   5.1   0.0
   6 1981   3  4500.   4.0   9.0   0.781   1.8  11.0
   6 1981   4  7300.   7.0  13.0   1.002   1.2   1.2
   6 1981   5  4100.   3.0  10.8   0.758   2.1   6.4
   6 1981   6  9100.   3.0  15.8   0.758   5.2   2.6
   6 1981   7  2800.   6.6  10.6   0.926   2.4   1.1
   6 1981   8  8100.   1.0  12.9   0.657   3.9   0.0
   6 1981   9  9500.   3.8  14.6   0.778   4.5   0.0
   6 1981  10  3700.   3.4  10.6   0.764   3.1  10.2
   6 1981  11  3700.   5.0   7.4   0.855   1.7   4.0
   6 1981  12 11900.   2.8  11.0   0.732   1.2   0.0
   6 1981  13  6000.  -1.6  11.0   0.543   1.6   0.0
   6 1981  14  7900.   2.2  12.0   0.673   2.6   0.0
   6 1981  15  4800.   4.0   9.6   0.773   2.5   1.6
   6 1981  16  2900.   5.4   8.6   0.852   2.8   5.0
   6 1981  17  4900.   5.6  11.6   0.873   3.3   4.4
   6 1981  18  4300.   6.2   9.3   0.901   1.8   2.4
   6 1981  19  4800.   4.8  10.8   0.852   3.8   0.0
   6 1981  20  7600.   0.6  13.6   0.638   1.8   1.8
   6 1981  21  4600.   6.0  13.6   0.935   2.0   2.2
   6 1981  22 13300.   6.8  13.4   0.988   4.8   0.0
   6 1981  23  3500.   7.4   9.8   1.030   3.1   2.8
   6 1981  24  4700.   6.4  10.0   0.961   0.9   1.1
   6 1981  25 10200.   1.6  14.8   0.686   2.0   0.0
   6 1981  26  6600.   3.4  11.4   0.764   1.2   7.4
   6 1981  27  7300.   4.5  12.2   0.842   1.4   2.4
   6 1981  28  7000.   6.5  13.8   0.968   1.8   0.0
   6 1981  29  9100.   2.5  15.0   0.709   5.4   0.0
   6 1981  30  8900.   5.8  13.5   0.830   2.9   0.8
   6 1981  31  6900.  -0.3  10.6   0.597   1.8   1.0
   6 1981  32 14700.  -2.3  14.5   0.505   2.7   0.0
   6 1981  33 12900.  -1.3  13.4   0.555   1.8   0.0
   6 1981  34 12800.  -1.2  15.6   0.559   3.1   0.0
   6 1981  35  6600.   3.5  12.8   0.746   3.7   0.0
   6 1981  36  6700.   4.6  12.0   0.780   2.0   0.0
   6 1981  37  6300.   2.0  12.4   0.677   3.1   0.0
   6 1981  38  6400.   4.3  16.0   0.739   2.1   0.0
   6 1981  39  9500.   1.8  13.4   0.654   2.4   0.0
   6 1981  40 13500.  -1.1  15.4   0.547   2.4   0.0
   6 1981  41 12800.  -3.0  15.2   0.480   1.7   0.0
   6 1981  42 14300.  -1.2  17.8   0.537   4.7   0.0
   6 1981  43  6800.   6.4  15.2   0.827   4.0   0.0
   6 1981  44  6600.   6.6  16.4   0.877   4.1   0.0
   6 1981  45  5300.   5.8  14.4   0.858   1.2   0.6
   6 1981  46 12200.   2.6  17.6   0.722   2.2   1.5
   6 1981  47  9700.   7.2  14.0   0.914   4.3   1.6
   6 1981  48  6100.   4.4   9.6   0.803   1.8   1.8
   6 1981  49  3600.   4.0   9.8   0.773   3.1  10.8
   6 1981  50  8400.   5.6  16.0   0.864   3.3   9.0
   6 1981  51 13900.   7.0  15.2   0.972   3.5   0.8
   6 1981  52  9200.   4.7  15.6   0.812   2.6   0.6
   6 1981  53 15700.  -1.8  15.4   0.514   2.1   0.0
   6 1981  54 14000.   0.5  16.6   0.545   5.9  14.6
   6 1981  55  3900.   5.0   8.0   0.872   2.8   1.8
   6 1981  56  8100.   2.8  13.6   0.747   2.0   9.4
   6 1981  57  7400.   4.7  12.8   0.854   2.2   0.2
   6 1981  58 11000.   0.4  14.0   0.629   2.2   0.0
   6 1981  59  7500.   5.5  12.4   0.858   0.9   2.6
   6 1981  60 13300.   5.4  13.7   0.861   2.8   1.0
   6 1981  61  9600.   3.0  11.2   0.727   2.4   1.8
   6 1981  62 13700.   2.5  15.4   0.643   3.2   0.0
   6 1981  63 16500.  -0.4  15.8   0.581   2.2   0.0
   6 1981  64 16800.  -0.2  18.0   0.566   3.4   0.0
   6 1981  65 13400.   0.6  17.8   0.574   3.6   0.0
   6 1981  66 14700.   7.2  20.0   0.894   3.1   0.0
   6 1981  67 15000.   6.5  19.2   0.900   3.3   0.0
   6 1981  68 16700.   6.6  22.0   0.877   3.4   0.0
   6 1981  69 14900.   8.0  22.4   0.987   2.3   0.0
   6 1981  70  6500.  10.9  15.2   1.174   2.3  17.8
   6 1981  71 15000.   8.6  18.8   1.095   4.8   0.0
   6 1981  72 10100.  11.5  17.8   1.113   3.8   0.2
   6 1981  73  7400.  11.1  18.8   1.269   5.1   0.0
   6 1981  74 14000.  10.3  19.8   1.078   3.7   0.0
   6 1981  75 17800.   8.5  21.4   1.110   2.3   0.0
   6 1981  76 13200.   6.3  22.8   0.897   2.3   0.0
   6 1981  77 17600.   4.6  22.6   0.738   1.9   0.0
   6 1981  78 18900.   8.5  25.5   1.055   4.9   0.0
   6 1981  79 12600.   9.5  25.4   0.986   3.5  11.6
   6 1981  80 12800.   8.1  17.6   1.048   2.4   0.0
   6 1981  81 12400.   2.4  17.6   0.726   1.3   0.2
   6 1981  82  5300.   9.6  13.6   1.196   1.6   1.8
   6 1981  83 11300.   3.3  15.1   0.774   1.9   0.4
   6 1981  84 15600.   2.5  19.6   0.731   3.5  10.2
   6 1981  85  4600.  10.0  12.4   1.191   3.9   6.8
   6 1981  86 13700.   9.9  17.4   1.159   5.6   0.0
   6 1981  87 20000.   8.5  20.1   0.999   4.4   0.0
   6 1981  88 20000.   3.6  21.2   0.791   2.2   0.0
   6 1981  89 20600.   5.0  21.6   0.872   2.7   0.0
   6 1981  90 18000.   3.5  17.8   0.754   3.1   0.0
   6 1981  91 22300.  -2.5  16.2   0.483   2.0   0.0
   6 1981  92 17700.  -2.2  17.8   0.426   2.6   0.0
   6 1981  93 18600.   4.4  18.4   0.602   2.6   0.0
   6 1981  94 10100.   4.5  17.6   0.809   2.9   7.2
   6 1981  95 16300.   6.5  14.6   0.968   5.1   0.0
   6 1981  96 19300.  -0.5  17.0   0.477   4.2   0.0
   6 1981  97 12500.   9.4  16.0   0.661   2.8   0.0
   6 1981  98 18100.   1.8  18.6   0.682   2.4   0.0
   6 1981  99 19700.   1.5  18.4   0.633   2.1   0.0
   6 1981 100 19900.   2.0  19.4   0.621   2.0   0.0
   6 1981 101 21000.   3.3  21.0   0.557   2.9   0.0
   6 1981 102 20700.   7.0  21.0   0.972   5.4   0.0
   6 1981 103 20400.   3.5  22.3   0.707   2.2   0.0
   6 1981 104 17000.   3.4  22.4   0.678   2.2   0.2
   6 1981 105 10400.  11.5  18.2   1.154   4.3   4.9
   6 1981 106 13900.  11.5  19.4   1.195   4.0   1.2
   6 1981 107 23400.  11.5  23.2   1.167   5.0   0.0
   6 1981 108 23500.   3.5  25.2   0.667   4.4   0.0
   6 1981 109 20500.   5.6  26.6   0.728   2.1   0.0
   6 1981 110 17000.  11.7  27.6   0.908   1.4   0.0
   6 1981 111 15900.   8.6  29.6   0.950   1.2   0.0
   6 1981 112  9500.  13.6  25.6   1.169   2.1   0.0
   6 1981 113 22200.  11.9  30.6   1.185   1.6   0.0
   6 1981 114 23200.  15.3  33.2   1.340   2.9   0.0
   6 1981 115 23300.  10.8  30.2   1.153   4.0   0.0
   6 1981 116 24100.   9.0  28.6   1.033   5.1   0.0
   6 1981 117 24500.  11.5  28.0   1.100   5.1   0.0
   6 1981 118 24000.  12.4  25.6   1.297   5.4   0.0
   6 1981 119 25100.   9.0  24.6   1.056   5.0  14.0
   6 1981 120 24400.   8.2  20.6   1.066   4.9   0.0
   6 1981 121 25400.   4.0  21.6   0.651   3.9   0.0
   6 1981 122 22600.   3.1  23.2   0.687   1.9   0.2
   6 1981 123 14400.  11.7  20.2   1.142   1.5   7.4
   6 1981 124 17400.  13.0  23.7   1.349   2.2   0.2
   6 1981 125 15000.  15.0  22.0   1.587   3.4  13.6
   6 1981 126 23500.   7.5  27.2   0.954   3.2   0.0
   6 1981 127 21200.  11.5  23.2   1.086   2.5   0.0
   6 1981 128 20700.   5.2  22.8   0.840   3.5   0.0
   6 1981 129 23200.   8.7  22.8   1.024   5.9   0.0
   6 1981 130 23500.   6.7  25.1   0.874   2.9   0.0
   6 1981 131 23900.   6.7  26.0   0.834   2.5   0.0
   6 1981 132 19600.   8.6  27.2   0.972   3.5   0.0
   6 1981 133 21400.   9.5  32.2   0.808   3.8   0.0
   6 1981 134 23600.  11.0  25.4   1.116   4.8   0.0
   6 1981 135 16600.   8.5  23.0   0.944   4.6   3.6
   6 1981 136 20100.  10.0  21.2   1.044   3.9   0.0
   6 1981 137 25900.   4.6  25.2   0.721   2.2   0.4
   6 1981 138 20400.  11.0  29.2   0.657   2.9   0.1
   6 1981 139 25100.  12.5  30.4   0.841   2.9   0.0
   6 1981 140 23400.   9.0  30.2   0.827   2.5   0.0
   6 1981 141 15400.  13.9  26.8   1.081   3.9   5.6
   6 1981 142 15800.   8.3  21.9   0.953   3.7   0.8
   6 1981 143 18200.   7.5  26.2   0.892   3.4   0.0
   6 1981 144 24700.  10.7  27.4   1.197   2.2   0.0
   6 1981 145 28200.   9.0  30.2   0.965   2.3   0.0
   6 1981 146 24100.  11.0  29.0   0.985   4.6   0.0
   6 1981 147 22900.  13.5  28.4   1.316   4.2   0.0
   6 1981 148 26000.  11.5  30.6   1.045   1.9   0.0
   6 1981 149 26100.   9.5  32.4   0.725   1.7   0.0
   6 1981 150 26000.  11.8  35.8   0.692   1.7   0.0
   6 1981 151 24900.  12.7  37.8   0.764   2.4   0.0
   6 1981 152 25800.  17.4  38.6   0.835   1.3   0.0
   6 1981 153 25600.  18.8  34.8   1.064   7.7   0.0
   6 1981 154 25500.  17.4  28.4   1.392   6.9   0.0
   6 1981 155 26800.  16.0  29.0   1.492   6.4   0.0
   6 1981 156 26100.  15.2  29.2   1.003   4.1   0.0
   6 1981 157 25100.  12.9  30.6   0.774   4.3   0.0
   6 1981 158 21700.  14.6  31.4   0.881   2.1   0.0
   6 1981 159 25500.  13.6  35.2   0.904   2.4   0.0
   6 1981 160 24400.  15.0  37.0   0.853   1.6   0.0
   6 1981 161 22700.  14.5  38.4   0.793   2.4   0.0
   6 1981 162 13200.  19.0  36.1   0.726   2.8   0.0
   6 1981 163 26000.  17.5  34.6   1.181   1.6   0.0
   6 1981 164 26500.  15.3  34.0   1.079   5.2   0.0
   6 1981 165 26100.  15.0  30.6   1.331   6.7   0.0
   6 1981 166 20900.  17.5  29.6   1.621   4.9  14.8
   6 1981 167 14200.  15.0  24.1   1.536   4.7   0.0
   6 1981 168 24600.  14.9  28.0   1.458   4.2   0.0
   6 1981 169 26600.  15.9  32.0   1.573   2.9   0.0
   6 1981 170 26200.  14.0  36.9   1.424   2.3   0.0
   6 1981 171 25900.  18.5  39.5   1.855   2.9   0.0
   6 1981 172 26200.  19.8  39.5   1.734   6.0   0.0
   6 1981 173 26400.  21.5  39.8   1.438   8.0   0.0
   6 1981 174 26700.  19.5  39.8   1.702   8.2   0.0
   6 1981 175 25800.  19.2  32.2   1.737   7.2   0.0
   6 1981 176 26600.  19.0  33.2   1.628   4.2   0.0
   6 1981 177 25700.  20.5  38.6   1.497   2.9   0.0
   6 1981 178 26100.  21.0  39.3   1.320   2.7   0.0
   6 1981 179 25800.  17.5  38.5   1.001   3.2   0.0
   6 1981 180 25900.  17.8  36.8   1.306   3.9   0.0
   6 1981 181 25800.  20.5  36.8   0.942   5.0   0.0
   6 1981 182 25700.  19.6  36.4   0.913   4.4   0.0
   6 1981 183 25000.  20.0  37.8   1.170   4.0   0.0
   6 1981 184 21700.  17.7  36.8   1.115   3.1   0.0
   6 1981 185 21500.  20.0  36.8   1.522   3.8   0.0
   6 1981 186 25900.  20.7  35.8   1.515   6.5   0.0
   6 1981 187 25900.  19.7  37.6   1.218   6.2   0.0
   6 1981 188 25800.  16.8  33.4   0.938   3.7   0.0
   6 1981 189 25700.  17.5  32.4   1.241   6.8   0.0
   6 1981 190 25800.  17.0  31.0   1.416   8.0   0.0
   6 1981 191 25300.  19.5  32.4   1.702   8.7   0.0
   6 1981 192 25500.  19.5  32.4   1.702   7.4   0.0
   6 1981 193 25800.  19.6  35.4   1.713   4.4   0.0
   6 1981 194 25700.  19.0  36.9   1.474   4.5   0.0
   6 1981 195 25400.  20.0  37.8   1.404   6.6   0.0
   6 1981 196 26600.  21.5  37.8   1.284   7.7   0.0
   6 1981 197 26100.  19.4  35.6   1.556   8.4   0.0
   6 1981 198 24800.  20.5  36.4   1.811   5.9   0.0
   6 1981 199 25100.  20.3  37.4   1.598   3.6   0.0
   6 1981 200 24900.  20.0  37.4   1.522   4.5   0.0
   6 1981 201 28500.  21.5  38.6   1.284   6.2   0.0
   6 1981 202 24800.  21.0  37.8   1.245   6.4   0.0
   6 1981 203 24200.  21.6  34.6   1.757   6.4   0.0
   6 1981 204 23900.  22.3  38.4   1.456   4.0   0.0
   6 1981 205 23700.  20.5  43.2   1.883   3.3   0.0
   6 1981 206 23200.  23.5  42.2   2.030   3.3   0.0
   6 1981 207 23700.  22.5  43.0   1.556   3.1   0.0
   6 1981 208 23500.  22.5  43.6   1.747   4.4   0.0
   6 1981 209 24200.  19.5  39.8   1.747   3.2   0.0
   6 1981 210 23200.  17.3  40.6   0.909   3.0   0.0
   6 1981 211 22900.  19.1  40.1   1.417   3.7   0.0
   6 1981 212 22400.  19.0  39.6   1.650   3.4   0.0
   6 1981 213 22800.  20.6  41.0   1.773   3.1   0.0
   6 1981 214 23300.  22.0  38.2   2.091   5.3   0.0
   6 1981 215 23900.  22.4  39.9   2.197   3.7   0.0
   6 1981 216 23300.  21.0  41.0   1.494   5.9   0.0
   6 1981 217 23500.  25.5  38.2   1.471   3.3   0.0
   6 1981 218 23600.  21.5  35.6   1.746   4.5   0.0
   6 1981 219 23600.  17.5  37.2   1.041   1.5   0.0
   6 1981 220 23100.  18.3  37.6   0.842   2.4   0.0
   6 1981 221 19600.  21.4  36.0   1.659   4.4   0.0
   6 1981 222 23100.  22.8  36.4   1.918   4.6   0.0
   6 1981 223 22500.  21.5  36.6   1.669   4.8   0.0
   6 1981 224 22900.  22.0  36.0   1.985   5.8   0.0
   6 1981 225 23200.  22.0  36.5   1.932   6.2   0.0
   6 1981 226 21700.  20.2  38.6   1.825   4.6   0.0
   6 1981 227 22400.  20.1  38.6   1.696   6.2   0.0
   6 1981 228 22100.  22.8  38.0   1.779   6.8   0.0
   6 1981 229 22200.  21.5  37.2   1.977   6.1   0.0
   6 1981 230 22800.  22.0  35.9   2.250   7.7   0.0
   6 1981 231 22100.  20.1  33.2   1.908   8.8   0.0
   6 1981 232 22800.  20.5  36.2   2.004   7.3   0.0
   6 1981 233 22900.  22.1  36.0   2.157   7.5   0.0
   6 1981 234 21800.  20.9  34.0   2.029   9.3   0.0
   6 1981 235 21500.  19.0  35.6   1.650   8.8   0.0
   6 1981 236 21800.  22.0  35.5   1.350   6.7   0.0
   6 1981 237 22300.  21.3  37.0   1.953   5.5   0.0
   6 1981 238 21500.  20.2  39.2   1.232   5.1   0.0
   6 1981 239 21400.  19.5  36.6   1.248   6.1   0.0
   6 1981 240 21300.  21.5  33.0   1.643   7.0   0.0
   6 1981 241 21200.  17.0  31.9   1.454   5.8   0.0
   6 1981 242 20100.  18.0  32.6   1.487   3.7   0.0
   6 1981 243 20700.  17.0  36.4   1.474   4.0   0.0
   6 1981 244 20400.  17.0  38.8   1.202   2.0   0.0
   6 1981 245 21000.  16.0  39.8   0.892   2.5   0.0
   6 1981 246 21000.  12.2  39.2   0.626   4.7   0.0
   6 1981 247 20400.  21.0  40.4   0.996   3.9   0.0
   6 1981 248 21000.  16.0  38.0   0.728   2.9   0.0
   6 1981 249 20600.  15.8  39.8   0.988   2.6   0.0
   6 1981 250 19500.  14.5  41.9   0.512   2.2   0.0
   6 1981 251 18700.  18.5  42.3   0.746   2.5   0.0
   6 1981 252 19000.  17.4  38.8   1.253   4.7   0.0
   6 1981 253 18900.  22.0  32.6   1.880   5.6   0.0
   6 1981 254 19000.  15.9  30.2   1.320   5.4   0.0
   6 1981 255 18300.  17.5  32.2   1.601   4.0   0.0
   6 1981 256 19100.  16.0  33.4   1.383   5.3   0.0
   6 1981 257 17900.  19.9  32.6   1.745   2.9   0.0
   6 1981 258 19600.  13.4  33.4   0.846   2.8   0.0
   6 1981 259 18800.  16.2  32.4   1.327   3.9   0.0
   6 1981 260 15700.  15.2  31.0   1.296   4.4   0.0
   6 1981 261 19000.  14.5  31.2   1.355   3.9   0.0
   6 1981 262 19400.  13.0  32.2   1.139   2.1   0.0
   6 1981 263 18600.  13.0  33.7   1.064   2.6   0.0
   6 1981 264 18700.  13.5  33.6   1.239   2.6   0.0
   6 1981 265 18600.  15.2  34.2   1.296   1.9   0.0
   6 1981 266 18500.  12.5  35.6   0.798   1.8   0.0
   6 1981 267 18100.  12.1  35.6   0.565   2.3   0.0
   6 1981 268 17400.  12.5  35.4   0.508   2.8   0.0
   6 1981 269 12000.  18.4  36.2   0.551   5.4   0.0
   6 1981 270 14200.  21.2  37.0   0.933   4.6   0.0
   6 1981 271 16000.  20.0  34.9   1.217   5.2   0.0
   6 1981 272 16300.  20.9  33.4   1.856   5.7   0.0
   6 1981 273 16500.  19.8  34.6   1.896   3.6   0.0
   6 1981 274 17000.  15.0  35.0   1.382   2.0   0.0
   6 1981 275 17100.  12.8  33.8   0.739   2.2   0.0
   6 1981 276 17500.  10.8  33.2   0.829   1.7   0.0
   6 1981 277 16700.  12.6  32.4   1.066   5.5   0.0
   6 1981 278 16200.  20.1  32.4   1.884   5.5   0.0
   6 1981 279 15800.  19.3  32.4   1.883   2.9   0.0
   6 1981 280 15600.  15.2  32.0   1.400   1.7   0.0
   6 1981 281 15800.  12.6  33.0   1.080   1.5   0.0
   6 1981 282 15800.  11.7  34.2   0.770   2.0   0.0
   6 1981 283 15900.  14.0  30.8   0.896   4.0   0.0
   6 1981 284 13800.  15.8  29.0   0.844   3.4   0.0
   6 1981 285 14200.  13.4  27.7   0.861   2.4   0.0
   6 1981 286 11900.  10.5  26.6   0.813   1.4   0.0
   6 1981 287 14200.  12.2  29.6   1.109   1.6   0.0
   6 1981 288  8100.  12.8  25.6   0.843   2.0   4.6
   6 1981 289 15700.  10.2  26.0   1.008   3.3   0.0
   6 1981 290 15200.   8.2  29.0   0.783   0.5   0.0
   6 1981 291 15000.  11.8  28.4   0.859   1.9   0.0
   6 1981 292 14700.   9.0  27.8   0.574   1.7   0.0
   6 1981 293 14200.   8.3  28.8   0.624   1.6   0.0
   6 1981 294 13000.   7.9  28.4   0.618   1.6   0.0
   6 1981 295 14000.  11.3  29.8   0.603   1.7   0.0
   6 1981 296 12500.  10.6  29.7   0.639   1.6   0.0
   6 1981 297 13700.  11.3  29.8   1.005   2.5   0.0
   6 1981 298 12400.  11.9  28.4   1.045   1.6   0.0
   6 1981 299 13400.  11.6  29.4   1.080   1.7   0.0
   6 1981 300 12800.  11.2  30.6   0.971   1.6   0.0
   6 1981 301 12800.   9.9  30.8   0.525   2.1   0.0
   6 1981 302 12300.  11.7  30.9   0.647   2.8   0.0
   6 1981 303  6800.  12.2  26.2   0.640   2.4   0.0
   6 1981 304 10400.  11.2  26.2   0.798   2.6   0.0
   6 1981 305  9100.  12.9  24.0   1.191   1.6   0.0
   6 1981 306 10000.   9.4  28.8   0.967   1.3   0.0
   6 1981 307 11500.  10.2  25.2   0.784   2.2   0.0
   6 1981 308  6000.  11.8  18.8   1.052   2.9   3.6
   6 1981 309 13300.  -1.2  15.2   0.475   2.0   0.0
   6 1981 310 13100.  -4.2  15.0   0.412   2.6   0.0
   6 1981 311 12700.   0.6  17.7   0.466   2.8   0.0
   6 1981 312 11900.   4.2  19.8   0.454   3.6   0.0
   6 1981 313 10800.   6.0  21.3   0.496   1.3   5.4
   6 1981 314  7600.   9.0  21.5   0.919   3.5   4.2
   6 1981 315  9500.  12.0  20.5   1.263   3.5  33.6
   6 1981 316  4100.  11.8  16.3   1.302   4.4   4.8
   6 1981 317 12000.   3.4  14.8   0.468   2.3   0.0
   6 1981 318 10800.   1.0  13.8   0.611   3.0   0.0
   6 1981 319  9000.   5.6  16.2   0.664   4.0   0.0
   6 1981 320 10700.   3.9  17.0   0.622   1.3   3.0
   6 1981 321  4200.   8.6  14.0   1.073   1.4   3.8
   6 1981 322  7100.  10.5  16.7   1.143   1.9   2.0
   6 1981 323  7400.   6.8  14.6   0.939   2.0   0.0
   6 1981 324  3400.   5.2  10.0   0.849   3.0   9.0
   6 1981 325  8000.   5.1  12.8   0.826   2.8   0.0
   6 1981 326 10700.  -2.5  15.2   0.457   1.2   0.0
   6 1981 327  9400.   1.7  16.7   0.670   1.2   0.0
   6 1981 328 10700.   0.2  16.0   0.589   1.0   0.0
   6 1981 329  6600.   0.0  15.8   0.580   2.2   0.0
   6 1981 330  8800.   3.5  15.4   0.730   2.5   0.0
   6 1981 331  9800.   4.3  16.0   0.772   3.2   0.0
   6 1981 332  3600.   5.5  10.4   0.894   2.0   0.0
   6 1981 333  8200.   6.2  16.2   0.891   1.3   0.0
   6 1981 334  6000.   5.4  16.4   0.879   1.8   0.0
   6 1981 335  9900.   6.1  18.5   0.923   2.9   2.4
   6 1981 336  7800.   4.2  14.4   0.800   1.4   0.3
   6 1981 337  5500.   6.6  13.8   0.936   1.2   0.0
   6 1981 338  3800.   4.2  10.7   0.792   1.5   0.0
   6 1981 339  6300.   3.2  13.8   0.738   2.6   0.4
   6 1981 340  6700.   4.5  14.2   0.792   1.4  14.2
   6 1981 341  9200.   8.8  17.6   1.088   2.3   0.4
   6 1981 342  9500.   7.2  18.7   0.975   2.2   0.0
   6 1981 343  9200.   4.5  15.2   0.834   1.7   0.0
   6 1981 344  9100.   4.4  15.3   0.811   1.7   0.0
   6 1981 345  8800.   3.3  15.4   0.774   2.8   0.0
   6 1981 346  8800.   5.6  15.7   0.855   3.5   0.0
   6 1981 347  8200.   2.9  15.8   0.715   1.0   0.0
   6 1981 348  4500.   3.2  12.8   0.745   1.0   0.2
   6 1981 349  3400.   6.1  14.8   0.913   2.1   0.0
   6 1981 350  2900.   3.2  13.8   0.707   1.7   2.9
   6 1981 351  5700.   2.0  14.6   0.706   3.7   4.4
   6 1981 352  8500.  10.6  19.0   1.189   3.9   0.0
   6 1981 353  8900.   4.3  14.8   0.814   2.4   0.0
   6 1981 354  7200.   4.2  12.8   0.718   2.9   0.0
   6 1981 355  5500.   4.6  12.9   0.721   1.7   1.5
   6 1981 356  8400.   3.0  15.2   0.758   2.7   0.0
   6 1981 357  9000.   3.8  15.0   0.722   3.8   0.0
   6 1981 358  2200.   6.4  11.0   0.875   2.3   7.0
   6 1981 359  5600.   7.5  14.1   1.006   1.2   0.2
   6 1981 360  7500.   5.6  15.8   0.864   0.9   0.0
   6 1981 361  3800.   8.6  14.4   1.095   2.9  15.4
   6 1981 362  4600.   6.8  13.4   0.988   3.0   2.6
   6 1981 363  3500.   4.1  10.8   0.819   2.1   0.8
   6 1981 364  6000.   8.6  13.2   1.062   1.3   0.0
   6 1981 365  4500.   3.5  13.4   0.785   1.4   2.9
