*---------------------------------------------------------------------------*
* Station name: Tel Hadya (ICARDA), Syria
* Year:         1989                                      -99.000: NIL VALUE
* Author:       Anne Elings
* Source:       Department of Meteorology, Ministry of Defense, Syria.
* Comments:     Parameters A and B of Angstrom formula are estimates
*               for Tel Hadya 1989.
*
* Longitude: 36 56 E, latitude: 36 01 N, altitude: 284 m.
*
* Column  Daily value
* 1       station number
* 2       year
* 3       day
* 4       irradiation                   (kJ m-2 d-1)
* 5       minimum temperature           (degrees Celsius)
* 6       maximum temperature           (degrees Celsius)
* 7       early morning vapour pressure (kPa)
* 8       mean wind speed               (m s-1)
* 9       precipitation                 (mm d-1)
*---------------------------------------------------------------------------*
  36.93  36.02   284. 0.00 0.00
   6 1989   1 10000.  -4.3   8.5   0.530   1.7   0.0
   6 1989   2  3560.  -0.4   4.9   0.640   1.1   0.9
   6 1989   3 12300.  -3.0   7.8   0.450   1.7   0.0
   6 1989   4 12100.  -9.7   6.6   0.280   0.9   0.0
   6 1989   5 12200.  -6.9  12.7   0.430   2.3   0.0
   6 1989   6 11160.  -4.1  14.0   0.650   1.4   0.0
   6 1989   7  8400.  -0.3  11.8   0.720   3.0   2.2
   6 1989   8  3600.   2.5   7.1   0.720   3.1   6.3
   6 1989   9  5200.   3.2  11.0   0.890   6.8   0.1
   6 1989  10  3300.   3.7   8.7   0.640   3.7   0.0
   6 1989  11 12000.   0.3  12.8   0.550   2.5   0.0
   6 1989  12 12280.  -1.0  15.8   0.730   4.5   0.0
   6 1989  13 12600.  -2.1  10.7   0.460   1.5   0.0
   6 1989  14 12500.  -5.5   9.6   0.420   1.5   0.0
   6 1989  15 10510.  -4.6   9.4   0.400   3.9   0.0
   6 1989  16 11230.   1.3  11.2   0.550   1.0   0.0
   6 1989  17 11200.  -4.4  14.4   0.510   1.7   0.0
   6 1989  18 12560.  -4.5  17.0   0.610   4.2   0.0
   6 1989  19 11500.  -0.9  16.3   0.750   1.4   0.0
   6 1989  20  6500.   2.8  11.4   0.550   2.0   0.0
   6 1989  21  6300.   1.5   9.7   0.370   5.2   0.5
   6 1989  22  7000.   2.7  11.7   0.570   1.8   0.0
   6 1989  23 13100.  -4.4  16.4   0.610   3.3   0.0
   6 1989  24 11700.  -2.0  16.2   0.620   1.7   0.0
   6 1989  25 12000.  -2.9  15.4   0.670   1.6   0.0
   6 1989  26 11500.  -0.6  13.6   0.600   2.1   0.0
   6 1989  27 13500.  -3.2  13.8   0.300   1.7   0.0
   6 1989  28 13800.  -2.5  12.8   0.380   2.0   0.0
   6 1989  29 14400.  -6.7  13.1   0.370   0.8   0.0
   6 1989  30 14200.  -6.9  12.4   0.350   0.9   0.0
   6 1989  31 14400.  -7.6  12.3   0.370   0.6   0.0
   6 1989  32 14000.  -5.8  14.6   0.400   2.6   0.0
   6 1989  33 15100.  -8.5  11.1   0.240   2.6   0.0
   6 1989  34 15500.  -9.9  12.0   0.250   0.9   0.0
   6 1989  35 15200.  -8.8  15.2   0.300   0.5   0.0
   6 1989  36 15200.  -7.7  17.0   0.410   0.8   0.0
   6 1989  37 15500.  -5.4  16.3   0.460   0.7   0.0
   6 1989  38 15300.  -6.8  16.8   0.460   1.6   0.0
   6 1989  39 15300.  -1.5  15.3   0.410   3.2   0.0
   6 1989  40 14580.  -2.3  15.4   0.390   3.3   0.0
   6 1989  41  9500.   0.0  13.4   0.440   0.5   0.0
   6 1989  42  7700.  -1.9   6.5   0.500   2.4   0.0
   6 1989  43 10620.  -8.5   7.4   0.380   2.0   0.0
   6 1989  44 16300.  -6.3  12.0   0.410   3.2   0.0
   6 1989  45 10200.  -2.8  11.0   0.550   2.3   0.3
   6 1989  46  7300.   3.4  12.2   0.750   3.5   0.6
   6 1989  47 16300.  -2.0  15.2   0.610   2.5   0.0
   6 1989  48 15700.  -1.9  15.8   0.570   2.9   0.0
   6 1989  49 13130.   5.2  15.2   0.720   1.3   0.0
   6 1989  50 10110.   0.0  14.1   0.720   1.8   4.6
   6 1989  51  7850.   1.6  11.7   0.760   2.5   0.3
   6 1989  52 16520.   0.9  16.5   0.710   1.2   0.0
   6 1989  53 17200.  -1.0  19.3   0.650   6.9   0.0
   6 1989  54 10580.   9.1  19.2   1.030   4.8   0.0
   6 1989  55 14500.   2.0  17.6   0.800   2.2   0.0
   6 1989  56 15800.   6.9  19.2   0.610   3.6   0.0
   6 1989  57 15000.   2.9  20.1   0.520   1.9   0.0
   6 1989  58 17400.   5.5  21.9   0.740   2.0   0.0
   6 1989  59 17000.   5.3  23.0   0.780   2.3   0.0
   6 1989  60 16100.   8.8  18.9   0.920   5.0   0.0
   6 1989  61 18300.   1.5  21.1   0.840   1.3   0.0
   6 1989  62 15830.   3.0  21.1   0.860   3.4   0.0
   6 1989  63 15700.   7.3  18.7   0.980   2.8   0.0
   6 1989  64 19500.   1.2  21.3   0.840   1.7   0.0
   6 1989  65 18000.   5.2  24.6   0.820   3.5   0.0
   6 1989  66 14100.   8.8  21.4   0.820   3.3   0.2
   6 1989  67 18100.   7.6  19.8   0.910   3.7   0.0
   6 1989  68 15520.   3.6  18.5   0.770   3.7   0.0
   6 1989  69 20100.   7.9  20.1   0.980   7.2   0.0
   6 1989  70 19900.   8.9  20.5   0.950   3.5   0.0
   6 1989  71 14290.   2.8  19.9   0.850   4.8   0.0
   6 1989  72 13800.  10.8  21.2   0.940   6.3   3.7
   6 1989  73  4400.   8.9  12.9   1.130   2.7   5.8
   6 1989  74  8460.   7.6  13.1   1.000   0.9   6.1
   6 1989  75  8930.   8.1  13.8   1.020   1.2   1.0
   6 1989  76 12800.   9.2  17.4   1.130   1.2   0.4
   6 1989  77 20800.   5.8  21.3   0.980   2.5   0.0
   6 1989  78 21500.   7.0  22.7   1.040   1.7   0.0
   6 1989  79 20100.   4.7  23.0   1.080   2.2   0.0
   6 1989  80 21900.   6.7  23.6   1.050   1.5   0.0
   6 1989  81 21800.   2.8  23.8   1.010   1.2   0.0
   6 1989  82 15840.   5.5  23.3   1.010   1.8   0.0
   6 1989  83  8500.  10.0  21.6   1.140   4.8   0.4
   6 1989  84 17020.  12.5  22.3   1.410   2.9   0.0
   6 1989  85 20520.   8.0  21.9   1.130   2.3   0.1
   6 1989  86 19550.   4.4  20.7   0.970   4.4   0.1
   6 1989  87 16780.   6.1  16.6   0.750   3.9   0.0
   6 1989  88 24590.  -1.1  15.3   0.490   3.9   0.0
   6 1989  89 22640.  -0.1  19.7   0.780   4.0   0.0
   6 1989  90 22900.   4.4  21.5   1.000   3.5   0.0
   6 1989  91 22800.   4.5  24.6   1.050   2.0   0.0
   6 1989  92 23300.   2.9  25.7   1.030   1.4   0.0
   6 1989  93 22500.   7.1  27.1   1.040   1.6   0.0
   6 1989  94 23100.   4.6  28.1   1.000   1.0   0.0
   6 1989  95 23800.   4.9  29.6   1.070   1.5   0.0
   6 1989  96 22790.   6.6  32.0   1.070   2.3   0.0
   6 1989  97 22640.   9.7  33.5   1.250   2.0   0.0
   6 1989  98 19940.   9.9  31.3   1.370   1.5   0.0
   6 1989  99 24300.   6.9  30.8   1.160   1.4   0.0
   6 1989 100 20410.   8.0  29.8   1.150   1.1   0.0
   6 1989 101 22790.  15.7  32.9   1.440   2.9   0.0
   6 1989 102 21450.  12.0  24.5   1.390   4.2   0.0
   6 1989 103 19900.   9.5  26.6   1.240   1.8   0.0
   6 1989 104 24370.  11.6  26.8   1.260   2.5   0.0
   6 1989 105 25400.  12.0  28.6   1.490   2.1   0.0
   6 1989 106 25700.   7.7  32.0   1.230   2.6   0.0
   6 1989 107 26600.  12.7  23.4   1.250   4.2   0.0
   6 1989 108 26500.   4.6  27.5   1.330   1.3   0.0
   6 1989 109 26530.   5.0  30.7   1.140   1.0   0.0
   6 1989 110 26560.   8.1  33.0   1.100   1.0   0.0
   6 1989 111 25560.   7.6  34.3   1.190   0.9   0.0
   6 1989 112 25600.   9.0  34.6   1.230   1.3   0.0
   6 1989 113 25560.  13.1  34.9   0.870   2.0   0.0
   6 1989 114 25240.  12.2  34.6   1.340   1.7   0.0
   6 1989 115 24950.  13.5  35.3   1.450   2.3   0.0
   6 1989 116 21960.  18.6  30.2   1.710   5.0   0.0
   6 1989 117 22930.  13.3  31.9   1.590   1.9   0.0
   6 1989 118 26260.  12.1  34.6   1.510   1.0   0.0
   6 1989 119 24590.  12.8  37.1   1.740   1.6   0.0
   6 1989 120 26750.  13.9  36.7   1.400   2.4   0.0
   6 1989 121 26750.  15.7  33.8   1.420   2.9   0.0
   6 1989 122 28190.  12.8  31.4   1.180   4.0   0.0
   6 1989 123 26820.  11.5  32.7   1.200   1.6   0.0
   6 1989 124 25880.  15.1  34.7   0.950   2.2   0.0
   6 1989 125 22000.  12.2  31.7   0.900   3.9   0.0
   6 1989 126 19700.  12.6  24.7   1.070   4.8  11.3
   6 1989 127 23400.  10.9  22.5   1.100   3.4   3.3
   6 1989 128 24040.   8.1  23.9   1.290   2.4   0.0
   6 1989 129 28300.   7.7  26.0   1.280   3.3   0.0
   6 1989 130 27580.   9.8  26.0   1.470   3.2   0.0
   6 1989 131 26820.   8.0  27.4   1.450   2.2   0.0
   6 1989 132 28190.   9.1  29.4   1.390   1.7   0.0
   6 1989 133 28440.   9.1  32.2   1.340   1.8   0.0
   6 1989 134 28260.   9.5  34.2   1.220   1.9   0.0
   6 1989 135 27000.  13.5  38.2   1.420   1.9   0.0
   6 1989 136 26710.  15.1  38.4   1.280   2.6   0.0
   6 1989 137 27860.  16.1  37.6   1.330   2.5   0.0
   6 1989 138 27350.  14.0  35.5   1.090   2.2   0.0
   6 1989 139 28300.  13.8  36.1   1.290   2.1   0.0
   6 1989 140 29230.  13.5  36.4   1.070   1.5   0.0
   6 1989 141 29560.  11.2  37.6   0.910   1.4   0.0
   6 1989 142 28800.  13.4  38.8   0.980   2.5   0.0
   6 1989 143 27610.  14.5  31.4   1.080   5.4   0.0
   6 1989 144 25670.  15.1  28.4   1.490   4.5   0.0
   6 1989 145 28000.  14.5  29.9   1.380   4.4   0.0
   6 1989 146 29450.  13.7  27.3   1.290   6.2   0.0
   6 1989 147 28940.  15.0  29.7   1.560   3.6   0.0
   6 1989 148 27360.  14.0  34.7   0.820   3.5   0.3
   6 1989 149 28510.  15.3  37.1   1.290   4.7   0.0
   6 1989 150 29230.  15.7  27.3   1.410   6.6   0.0
   6 1989 151 29300.  16.7  30.5   1.550   4.6   0.0
   6 1989 152 28430.  13.0  32.8   1.380   3.0   0.0
   6 1989 153 27220.  14.0  32.5   1.070   4.0   0.0
   6 1989 154 28660.  16.2  34.8   1.260   2.7   0.0
   6 1989 155 29160.  14.1  34.0   1.140   1.9   0.0
   6 1989 156 29620.  12.2  35.8   1.110   3.6   0.0
   6 1989 157 28730.  15.8  38.0   1.200   2.4   0.0
   6 1989 158 28400.  15.9  39.3   1.180   5.1   0.0
   6 1989 159 29950.  21.1  30.5   1.560   7.9   0.0
   6 1989 160 28730.  19.1  29.8   1.640   8.2   0.0
   6 1989 161 28440.  18.6  30.4   1.570   6.1   0.0
   6 1989 162 24950.  15.3  30.5   1.270   4.5   0.0
   6 1989 163 27790.  15.0  31.2   1.320   4.5   0.0
   6 1989 164 29450.  14.3  31.2   1.300   3.2   0.0
   6 1989 165 28220.  16.3  35.9   1.130   3.3   0.0
   6 1989 166 29410.  17.9  31.3   1.050   7.6   0.0
   6 1989 167 29160.  19.1  30.5   1.570   7.4   0.0
   6 1989 168 29270.  16.6  32.1   1.500   6.7   0.0
   6 1989 169 30380.  18.4  32.7   1.440   7.7   0.0
   6 1989 170 30560.  18.1  31.8   1.460   6.8   0.0
   6 1989 171 29700.  18.7  33.9   1.380   6.2   0.0
   6 1989 172 30130.  18.5  34.9   1.390   6.8   0.0
   6 1989 173 29560.  17.4  34.2   1.130   6.5   0.0
   6 1989 174 29700.  20.0  34.7   1.400   6.7   0.0
   6 1989 175 28980.  19.7  34.8   1.670   3.9   0.0
   6 1989 176 29410.  16.5  36.8   1.310   3.0   0.0
   6 1989 177 29160.  18.3  37.4   1.620   5.1   0.0
   6 1989 178 29630.  21.6  36.2   1.510   6.6   0.0
   6 1989 179 29770.  20.9  35.9   1.320   8.2   0.0
   6 1989 180 29660.  20.0  34.4   1.700   7.9   0.0
   6 1989 181 28760.  20.0  34.4   1.810   4.2   0.0
   6 1989 182 29410.  20.1  39.0   1.830   7.8   0.0
   6 1989 183 28910.  21.3  40.2   1.640   6.1   0.0
   6 1989 184 29770.  24.1  40.0   1.510   6.9   0.0
   6 1989 185 29340.  21.8  36.2   1.650   8.1   0.0
   6 1989 186 28260.  20.8  35.8   1.640   8.4   0.0
   6 1989 187 28940.  23.0  34.8   1.680   6.6   0.0
   6 1989 188 29230.  19.9  35.7   1.810   4.7   0.0
   6 1989 189 28580.  20.0  38.0   1.930   2.5   0.0
   6 1989 190 28840.  21.0  36.4   2.020   7.2   0.0
   6 1989 191 29480.  23.3  37.2   2.040   5.9   0.0
   6 1989 192 28760.  22.5  38.4   1.860   3.8   0.0
   6 1989 193 28940.  21.6  39.1   1.320   4.6   0.0
   6 1989 194 29150.  20.6  39.7   1.170   5.3   0.0
   6 1989 195 29480.  22.9  40.5   1.170   4.8   0.0
   6 1989 196 29560.  23.2  41.7   1.140   6.5   0.0
   6 1989 197 29100.  25.9  41.7   1.320   6.9   0.0
   6 1989 198 27940.  24.3  36.6   2.030   6.9   0.0
   6 1989 199 28040.  22.5  39.7   2.050   3.4   0.0
   6 1989 200 28040.  21.7  39.0   2.060   6.1   0.0
   6 1989 201 28650.  23.1  35.4   1.990   7.3   0.0
   6 1989 202 28190.  21.9  36.2   2.020   6.7   0.0
   6 1989 203 28150.  22.7  39.2   1.720   5.7   0.0
   6 1989 204 28690.  22.8  38.8   1.760   5.2   0.0
   6 1989 205 28550.  20.1  38.2   1.500   3.5   0.0
   6 1989 206 28440.  19.9  38.2   1.150   5.6   0.0
   6 1989 207 28080.  21.0  38.1   1.310   6.6   0.0
   6 1989 208 27470.  22.0  35.8   2.010   5.4   0.0
   6 1989 209 27070.  20.2  38.2   1.850   3.0   0.0
   6 1989 210 28200.  21.2  38.8   1.630   5.3   0.0
   6 1989 211 27540.  22.5  36.0   1.960   8.9   0.0
   6 1989 212 26420.  21.0  35.2   1.880   8.6   0.0
   6 1989 213 26890.  22.0  35.8   1.900   7.6   0.0
   6 1989 214 26170.  23.2  36.5   2.190   7.2   0.0
   6 1989 215 27320.  21.2  34.5   1.910   4.6   0.0
   6 1989 216 27070.  21.0  35.6   1.900   7.8   0.0
   6 1989 217 27070.  21.1  36.0   2.030   7.1   0.0
   6 1989 218 27000.  22.0  36.6   2.090   7.0   0.0
   6 1989 219 27000.  20.8  35.8   1.830   6.6   0.0
   6 1989 220 26680.  22.1  35.8   1.860   4.7   0.0
   6 1989 221 25450.  19.1  34.4   1.800   5.3   0.0
   6 1989 222 25100.  21.8  36.8   1.950   6.8   0.0
   6 1989 223 25560.  22.1  35.8   2.180   6.8   0.0
   6 1989 224 25910.  22.3  35.6   2.360   6.0   0.0
   6 1989 225 24950.  22.3  35.4   2.380   6.3   0.0
   6 1989 226 25380.  22.7  35.6   2.450   6.0   0.0
   6 1989 227 25090.  21.9  35.8   2.300   5.0   0.0
   6 1989 228 24660.  21.7  37.8   2.360   3.4   0.0
   6 1989 229 24840.  22.2  37.7   2.340   3.7   0.0
   6 1989 230 23540.  22.9  38.4   2.100   3.5   0.0
   6 1989 231 23720.  23.4  40.0   2.060   2.6   0.0
   6 1989 232 24300.  20.5  40.9   1.680   3.6   0.0
   6 1989 233 25090.  19.4  38.7   1.790   5.8   0.0
   6 1989 234 25130.  22.9  37.9   1.910   4.7   0.0
   6 1989 235 24880.  22.7  37.3   1.930   7.8   0.0
   6 1989 236 26030.  22.7  37.7   1.950   3.4   0.0
   6 1989 237 24230.  18.8  40.3   1.530   3.0   0.0
   6 1989 238 24730.  21.0  38.4   1.880   3.5   0.0
   6 1989 239 25340.  21.9  36.8   1.870   6.3   0.0
   6 1989 240 24480.  21.0  35.8   1.900   4.9   0.0
   6 1989 241 23830.  21.0  35.0   2.190   5.2   0.0
   6 1989 242 24120.  21.1  34.9   2.230   5.1   0.0
   6 1989 243 23870.  20.2  34.7   2.020   4.9   0.0
   6 1989 244 23510.  21.4  34.2   2.070   5.3   0.0
   6 1989 245 23900.  19.9  35.3   1.960   3.5   0.0
   6 1989 246 23760.  17.8  36.5   2.070   4.2   0.0
   6 1989 247 23220.  20.6  39.2   2.000   2.7   0.0
   6 1989 248 23940.  16.7  38.0   1.790   4.6   0.0
   6 1989 249 23580.  19.9  36.0   2.010   5.1   0.0
   6 1989 250 22140.  20.0  34.5   1.980   5.3   0.0
   6 1989 251 20700.  20.0  33.6   1.950   4.8   0.0
   6 1989 252 22860.  18.6  32.3   1.700   5.6   0.0
   6 1989 253 21890.  20.4  33.6   2.100   4.7   0.0
   6 1989 254 22140.  18.8  34.1   1.440   5.9   0.0
   6 1989 255 21170.  20.2  35.1   2.020   4.4   0.0
   6 1989 256 18760.  20.3  32.7   1.920   4.6   0.0
   6 1989 257 20480.  21.1  32.7   1.850   2.5   0.0
   6 1989 258 19760.  13.9  33.3   1.180   1.3   0.0
   6 1989 259 20520.  14.0  34.1   1.410   4.3   0.0
   6 1989 260 18540.  17.8  32.4   1.830   4.9   0.0
   6 1989 261 22680.  20.0  29.7   1.430   3.7   0.0
   6 1989 262 22130.   9.7  31.8   0.790   1.1   0.0
   6 1989 263 21740.  10.7  33.9   0.760   1.2   0.0
   6 1989 264 21100.  10.9  36.2   0.730   1.2   0.0
   6 1989 265 21100.  12.7  35.9   0.730   2.5   0.0
   6 1989 266 20000.  17.1  36.3   0.750   2.5   0.0
   6 1989 267 19040.  14.6  37.9   0.730   3.2   0.0
   6 1989 268 19550.  19.7  33.5   1.850   5.9   0.0
   6 1989 269 20210.  19.0  31.3   1.840   6.0   0.0
   6 1989 270 18400.  18.8  31.9   1.940   5.6   0.0
   6 1989 271 19480.  16.0  32.2   1.800   4.3   0.0
   6 1989 272 18970.  14.8  31.0   1.630   3.6   0.0
   6 1989 273 20270.  14.1  31.4   1.070   4.3   0.0
   6 1989 274 17100.  16.5  32.3   1.420   6.3   0.0
   6 1989 275  7340.  20.2  26.6   1.910   2.9   3.7
   6 1989 276  9330.  15.2  24.4   1.660   1.7   0.8
   6 1989 277 15120.  14.8  26.5   1.560   2.1   0.0
   6 1989 278 14760.  14.5  28.8   1.610   1.7   0.0
   6 1989 279 16630.  13.4  28.1   1.350   3.4   4.4
   6 1989 280 16270.  11.7  26.4   1.370   2.0   0.0
   6 1989 281 17170.  10.9  26.9   1.290   1.6   0.0
   6 1989 282 18320.  10.4  29.1   1.260   2.1   0.0
   6 1989 283 18360.  11.8  30.7   1.180   1.1   0.0
   6 1989 284 18680.  12.5  31.4   1.160   3.3   0.0
   6 1989 285 17350.  12.5  29.1   1.280   2.2   0.0
   6 1989 286 16090.  12.3  27.1   1.330   3.3   0.0
   6 1989 287 17300.  10.3  26.9   1.250   1.9   0.0
   6 1989 288 21380.   7.8  27.1   0.780   1.4   0.0
   6 1989 289 15590.   5.7  27.4   0.850   2.0   0.0
   6 1989 290 15730.  10.6  28.3   0.760   2.0   0.2
   6 1989 291 11770.  14.0  22.8   1.140   2.4   0.0
   6 1989 292 12820.   9.9  23.6   1.200   2.5   0.7
   6 1989 293 10330.  13.4  22.2   1.330   3.8   0.0
   6 1989 294 16670.  12.5  25.8   1.250   3.9   0.0
   6 1989 295 15000.   8.4  25.1   1.130   1.9   0.0
   6 1989 296 16100.   8.5  25.1   0.940   1.6   0.0
   6 1989 297 16000.   5.4  25.0   0.660   2.5   0.1
   6 1989 298 13540.   8.5  23.2   0.620   3.3   0.3
   6 1989 299 13460.  11.9  25.6   1.140   2.8   0.0
   6 1989 300 14000.  10.8  28.0   0.900   2.9   0.0
   6 1989 301 14300.   9.8  25.6   1.160   1.0   0.0
   6 1989 302 11270.   9.3  24.1   1.190   2.3   0.0
   6 1989 303 12200.   8.9  23.2   1.170   2.4   0.0
   6 1989 304 12560.   7.4  24.2   1.210   0.7   0.0
   6 1989 305 13900.   7.5  24.7   1.120   0.8   0.0
   6 1989 306 14030.   7.5  25.6   0.930   1.3   0.0
   6 1989 307 14220.   6.7  26.1   0.850   2.0   0.0
   6 1989 308 14220.   8.2  26.0   0.800   2.5   0.0
   6 1989 309 12420.  10.4  27.0   0.780   2.1   0.0
   6 1989 310 11050.  10.3  23.4   0.720   1.7   0.0
   6 1989 311 12350.   7.4  26.0   0.790   1.3   0.0
   6 1989 312 12740.   8.1  25.2   0.850   1.8   0.0
   6 1989 313 12960.   8.0  25.0   0.830   3.7   1.7
   6 1989 314  9000.   9.2  20.7   1.170   1.5   0.5
   6 1989 315 10580.   5.4  20.0   0.980   1.6   0.0
   6 1989 316 10510.   5.0  20.0   0.960   2.6   7.2
   6 1989 317  3600.   9.3  14.2   1.240   3.4  15.0
   6 1989 318  9140.   9.6  16.4   1.200   2.2   6.6
   6 1989 319  3390.   8.2  13.8   1.130   1.1   6.0
   6 1989 320  5940.   9.2  14.9   1.190   1.0   1.6
   6 1989 321  8530.   7.1  19.2   1.110   3.3   6.4
   6 1989 322  9610.  11.1  16.9   1.050   1.8   0.1
   6 1989 323  7520.   5.1  12.6   0.770   1.8   0.0
   6 1989 324 12920.   0.2  12.3   0.580   1.5   0.0
   6 1989 325 12600.  -0.5  12.5   0.580   2.3   0.0
   6 1989 326 12240.   0.0  13.6   0.550   2.6   0.0
   6 1989 327 11410.  -0.8  15.3   0.580   2.2   0.0
   6 1989 328  6290.   1.5  13.6   0.550   0.9  10.2
   6 1989 329  4800.   8.8  15.1   1.210   0.7   3.3
   6 1989 330  4000.  10.9  16.3   1.370   1.3   0.5
   6 1989 331  7060.   7.3  19.3   1.190   2.0   0.0
   6 1989 332  9860.   8.7  20.1   1.300   0.4   0.0
   6 1989 333  3740.   7.5  15.0   1.170   1.4  18.2
   6 1989 334  4790.  10.3  14.0   1.120   4.0   1.2
   6 1989 335 12600.   2.7  11.4   0.760   2.2   0.3
   6 1989 336 11160.  -3.1  10.4   0.500   1.4   0.0
   6 1989 337 11450.  -1.9   9.3   0.460   2.4   0.0
   6 1989 338 12380.  -3.7   9.9   0.370   2.1   0.0
   6 1989 339 12100.  -5.8  14.4   0.560   1.0   0.0
   6 1989 340  4000.  -2.7   7.8   0.540   2.1   0.5
   6 1989 341  5870.   1.3   9.8   0.730   1.3   1.6
   6 1989 342  2740.   3.9   9.3   0.890   2.7   2.5
   6 1989 343  1800.   5.9   9.1   0.970   3.0  10.8
   6 1989 344  2900.   6.7  10.2   1.030   1.3   1.2
   6 1989 345  5220.   8.1  15.8   1.290   2.0   3.0
   6 1989 346  6910.   7.9  14.6   1.070   1.5   0.4
   6 1989 347  6950.   0.9  12.2   0.780   1.6   0.1
   6 1989 348  7630.   4.7  12.3   0.800   1.8   0.0
   6 1989 349  5330.   2.2  10.8   0.840   1.0   0.3
   6 1989 350  4680.   3.1  10.8   0.920   1.7   2.9
   6 1989 351  2480.   7.3  10.5   1.020   1.5   0.3
   6 1989 352  2380.   8.7  12.2   1.130   0.3   0.2
   6 1989 353  3060.   9.9  13.2   1.240   1.4   0.2
   6 1989 354  2300.   8.0  10.0   1.070   0.9   0.2
   6 1989 355  3170.   6.6  11.2   1.070   1.3   0.0
   6 1989 356  6120.   6.7  12.6   1.070   1.1   0.4
   6 1989 357  7270.   3.8  10.3   0.930   0.6   0.5
   6 1989 358  9000.  -1.2  13.6   0.760   1.3   0.4
   6 1989 359 10260.  -2.2  11.6   0.700   1.5   0.2
   6 1989 360  6840.   2.2  12.0   0.800   1.8   0.0
   6 1989 361  6120.   4.0  14.3   0.870   1.0   0.0
   6 1989 362  9430.   2.8  16.4   0.900   0.8   0.1
   6 1989 363  6550.   3.5  16.6   1.020   1.3   0.2
   6 1989 364  8750.   5.9  15.7   1.050   1.9   3.2
   6 1989 365  5900.   4.7  14.8   0.970   2.9   5.4
