*---------------------------------------------------------------------------*
* Station name: Milyang (Yeongnam Crop Experiment Station), South Korea
* Year: 1983
* Author: Peter Uithol                                     -99.000: NIL VALUE
* Source: IRRI/WMO Special project
* Comments: Incomplete year
* Longitude: 128 44 E, latitude: 35 29 N, altitude: 12. m
*
* Column  Daily value
* 1       station number
* 2       year
* 3       day
* 4       irradiation                   (kJ m-2 d-1)
* 5       minimum temperature           (degrees Celsius)
* 6       maximum temperature           (degrees Celsius)
* 7       early morning vapour pressure (kPa)
* 8       mean wind speed (height: 2 m) (m s-1)
* 9       precipitation                 (mm d-1)
*---------------------------------------------------------------------------*
 128.73  35.48    12. 0.00 0.00
   1 1983 175 24692.  17.6  31.5   1.658   0.8   0.0
   1 1983 176 11120.  16.7  25.1   1.665   1.2   0.0
   1 1983 177 19184.  19.5  27.9   1.890   0.5   0.0
   1 1983 178 20736.  18.5  29.2   1.678   0.8   0.7
   1 1983 179 21046.  17.8  29.2   1.226   0.7   0.0
   1 1983 180 21938.  19.7  29.0   1.372   0.9   5.0
   1 1983 181 23605.  19.9  30.1   1.519   0.8   0.6
   1 1983 182 17906.  19.7  30.6   1.314   0.7   0.0
   1 1983 183  7553.  21.4  26.0   2.299   1.7  49.0
   1 1983 184 24304.  22.9  29.8   1.390   2.8   0.0
   1 1983 185 14882.  20.8  29.7   1.913   1.0   0.0
   1 1983 186 23839.  21.1  32.0   1.368   0.9   5.6
   1 1983 187  5771.  17.9  23.4   1.441   1.2  13.5
   1 1983 188  5656.  17.6  21.2   1.702   0.6   5.3
   1 1983 189 17402.  17.0  24.9   1.280   0.8   0.7
   1 1983 190 19030.  19.4  28.7   1.396   0.8   8.5
   1 1983 191  9918.  19.7  23.7   1.859   0.7  14.2
   1 1983 192 26474.  19.7  28.0   1.188   0.9   0.0
   1 1983 193 20077.  16.0  28.2   1.074   0.9   0.0
   1 1983 194 12827.  17.7  27.1   1.543   1.2   0.0
   1 1983 195  5616.  18.6  25.2   1.750   0.7  43.5
   1 1983 196 17014.  21.5  29.5   2.008   0.9   5.0
   1 1983 197  9104.  20.2  26.9   1.936   0.4  23.5
   1 1983 198 16200.  19.0  27.2   1.502   0.4   0.7
   1 1983 199 22172.  17.7  32.5   1.273   1.2   0.0
   1 1983 200  6430.  20.2  27.1   1.597   0.7  10.0
   1 1983 201 10231.  20.2  28.7   1.794   1.0   8.1
   1 1983 202  6354.  20.6  24.2   2.019   0.5   6.0
   1 1983 203  3211.  20.5  25.8   2.163   0.8  91.1
   1 1983 204  3640.  21.0  24.0   2.248   1.2  33.6
   1 1983 205 16160.  22.4  32.0   2.081   1.5   0.5
   1 1983 206 23915.  25.2  32.3   2.238   2.1   0.0
   1 1983 207 22018.  24.8  34.6   1.922   1.2   0.0
   1 1983 208 23724.  24.1  33.8   1.888   1.1   0.0
   1 1983 209 20776.  23.1  33.0   1.854   1.1   0.0
   1 1983 210 14069.  25.3  33.7   2.342   0.6  33.4
   1 1983 211 17287.  25.3  33.7   2.309   1.2   0.0
   1 1983 212 19184.  25.4  34.1   2.320   1.2   0.0
   1 1983 213 21125.  24.4  35.2   1.999   0.6   0.0
   1 1983 214 24188.  25.1  36.5   2.014   0.8   0.0
   1 1983 215 23375.  24.9  36.8   1.877   0.5   0.0
   1 1983 216 26089.  23.7  36.7   1.702   0.7   0.0
   1 1983 217 26320.  22.8  38.1   1.568   0.4   0.0
   1 1983 218 23724.  22.7  36.0   1.558   0.8   0.0
   1 1983 219 24577.  22.7  35.4   1.547   1.0   0.0
   1 1983 220 18914.  23.3  32.6   2.243   0.6   1.6
   1 1983 221 15811.  23.2  30.9   2.033   0.6   3.2
   1 1983 222 14458.  23.3  31.8   2.088   0.4   7.3
   1 1983 223 16510.  23.2  32.0   1.888   0.3   0.0
   1 1983 224 10656.  23.2  29.6   1.919   0.3   0.0
   1 1983 225 15386.  21.4  31.6   1.549   1.2   0.0
   1 1983 226 22018.  24.5  31.0   1.826   2.3   0.0
   1 1983 227 22248.  24.7  31.2   1.605   3.1   0.0
   1 1983 228 10811.  22.5  31.2   1.646   1.2   0.2
   1 1983 229 15466.  24.0  33.7   1.763   0.7 103.0
   1 1983 230 24070.  20.1  32.4   0.926   1.1   0.0
   1 1983 231 24887.  18.3  30.7   0.764   0.8   0.0
   1 1983 232 21978.  16.3  30.3   0.796   0.8   0.0
   1 1983 233 17518.  19.2  28.0   1.252   0.8   0.0
   1 1983 234 10890.  18.5  27.1   1.294   0.7   0.0
   1 1983 235  6469.  19.0  26.5   1.357   0.6   6.0
   1 1983 236  5461.  20.3  25.0   2.101   0.6  23.5
   1 1983 237 15736.  20.2  29.9   1.424   0.8   0.8
   1 1983 238  9803.  21.1  28.9   1.806   0.9   0.7
   1 1983 239  2786.  24.0  27.9   2.400   1.3  26.0
   1 1983 240 11858.  24.2  30.5   2.353   1.8  20.5
   1 1983 241 20930.  22.3  31.7   1.682   0.7  47.0
   1 1983 242 12787.  22.8  31.2   2.046   0.6   0.0
   1 1983 243 15232.  21.0  31.2   1.753   0.4   0.0
   1 1983 244 19264.  21.7  32.9   1.827   0.8   0.0
   1 1983 245 16006.  23.5  31.8   2.117   1.2   2.8
   1 1983 246 11549.  22.7  30.6   2.014   1.1   3.1
   1 1983 247  2552.  20.5  24.0   2.009   0.4  16.1
   1 1983 248  6120.  21.5  25.8   2.285   0.5  14.9
   1 1983 249 19458.  20.7  30.1   1.713   0.6   0.0
   1 1983 250 21046.  20.0  29.9   1.519   0.7   0.0
   1 1983 251 16394.  17.4  29.0   1.144   0.7   0.0
   1 1983 252  4374.  20.1  23.8   1.934   0.5   5.7
   1 1983 253  7168.  19.8  25.2   1.623   0.7   2.8
   1 1983 254  3290.  20.0  22.4   2.090   0.4  46.5
   1 1983 255 17672.  18.9  28.9   1.526   0.8   0.5
   1 1983 256 15930.  18.2  29.6   1.259   0.5   0.0
   1 1983 257  9454.  18.8  27.0   1.518   0.5   0.0
   1 1983 258 19534.  17.4  29.6   1.176   0.8   0.0
   1 1983 259 14458.  14.3  27.5   1.070   0.6   0.0
   1 1983 260 14882.  16.3  29.4   1.211   0.7   0.0
   1 1983 261 19688.  14.4  28.1   1.018   0.9   0.0
   1 1983 262  5656.  14.6  25.6   1.261   0.6   1.7
   1 1983 263  8600.  20.4  27.7   1.773   0.8   1.1
   1 1983 264  5152.  20.2  24.9   1.713   1.6   3.8
   1 1983 265 16549.  17.3  27.5   0.935   1.5   0.0
   1 1983 266 10386.  16.6  27.0   1.231   0.4   0.0
   1 1983 267  8057.  17.2  25.2   1.591   0.3   1.5
   1 1983 268 17672.  15.3  27.4   1.101   1.1   0.0
   1 1983 269 14728.  13.0  27.7   0.784   1.1   0.0
   1 1983 270  2747.  17.7  21.7   1.658   1.2  27.0
   1 1983 271  5267.  14.9  21.1   0.997   2.6  45.6
   1 1983 272 13640.  12.6  23.5   0.725   0.5   0.0
   1 1983 273 17518.  11.7  26.4   0.810   0.6   0.0
   1 1983 274 17946.  12.1  27.6   0.864   0.7   0.0
   1 1983 275 12092.  10.3  26.2   0.831   0.5   0.0
   1 1983 276 15077.  15.0  28.0   1.094   0.8   0.0
   1 1983 277  6624.  15.4  24.4   1.381   0.5   0.6
   1 1983 278 18022.   9.8  25.5   0.376   1.2   0.0
   1 1983 279 17168.   5.7  23.5   0.332   0.8   0.0
   1 1983 280  5346.   8.3  20.8   0.700   0.8   6.0
   1 1983 281  2477.  13.5  18.1   1.332   0.6  35.5
   1 1983 282  9648.  12.9  23.6   1.060   0.5   0.0
   1 1983 283 17014.  10.8  26.6   0.834   0.7   0.0
   1 1983 284 10037.  10.5  22.7   0.765   1.3   0.0
   1 1983 285 10346.  14.9  22.8   1.107   0.6   0.0
   1 1983 286  3794.  13.0  18.5   1.004   0.8   0.0
   1 1983 287 13565.  11.0  23.8   0.646   0.7   0.0
   1 1983 288 10580.  12.5  23.5   0.843   0.6   0.0
   1 1983 289 14184.   9.5  25.0   0.669   0.6   0.0
   1 1983 290  8370.  10.4  22.7   0.722   0.9   0.0
   1 1983 291  9572.  14.2  21.4   0.835   0.9   0.0
   1 1983 292 12478.  13.0  21.9   0.997   0.5   1.1
   1 1983 293 12557.  13.5  23.2   0.644   1.0   0.0
   1 1983 294 13136.  11.0  23.1   0.763   0.6   0.0
   1 1983 295 14843.   8.0  22.6   0.354   1.0   0.0
   1 1983 296 15775.   4.5  16.8   0.194   2.0   0.0
   1 1983 297 15541.   0.1  15.7   0.151   0.9   0.0
   1 1983 298   -99.  -1.2  17.8   0.226   0.5   0.0
