*---------------------------------------------------------------------------*
* Station name: Suweon (Crop Experiment Station), South Korea
* Year: 1983
* Author: Peter Uithol                                     -99.000: NIL VALUE
* Source: IRRI/WMO Special project
* Comments: Incomplete year
* Longitude: 126 59 E, latitude: 37 16 N, altitude: 37. m
*
* Column  Daily value
* 1       station number
* 2       year
* 3       day
* 4       irradiation                   (kJ m-2 d-1)
* 5       minimum temperature           (degrees Celsius)
* 6       maximum temperature           (degrees Celsius)
* 7       early morning vapour pressure (kPa)
* 8       mean wind speed (height: 2 m) (m s-1)
* 9       precipitation                 (mm d-1)
*---------------------------------------------------------------------------*
 126.98  37.27    37. 0.00 0.00
   2 1983 152   -99.  14.6  27.0   1.234   1.1   0.0
   2 1983 153   -99.  13.9  28.0   1.041   1.2   0.0
   2 1983 154   -99.  15.7  28.5   1.187   1.0   0.0
   2 1983 155   -99.  16.2  28.0   1.185   1.3   0.0
   2 1983 156   -99.  16.1  26.6   1.412   1.5   0.0
   2 1983 157   -99.  15.0  23.7   1.102   2.3   0.0
   2 1983 158   -99.  10.1  26.2   0.800   1.1   0.0
   2 1983 159   -99.  13.4  26.3   0.909   1.9   0.0
   2 1983 160   -99.  12.5  26.8   1.095   0.9   0.0
   2 1983 161   -99.  12.1  26.6   0.935   1.2   0.0
   2 1983 162   -99.  13.0  27.4   0.895   1.4   0.0
   2 1983 163   -99.  15.5  19.2   1.521   1.4 109.0
   2 1983 164   -99.  13.7  23.4   1.220   1.8   0.0
   2 1983 165   -99.  17.1  29.0   1.487   1.5   0.0
   2 1983 166   -99.  17.1  27.8   1.518   1.0   0.0
   2 1983 167   -99.  15.5  28.2   1.151   1.4   0.0
   2 1983 168   -99.  14.9  29.6   1.190   1.2   0.0
   2 1983 169   -99.  14.5  30.8   1.110   1.0   0.0
   2 1983 170   -99.  15.6  32.6   1.105   0.8   0.0
   2 1983 171   -99.  18.0  22.4   1.768   1.5   0.1
   2 1983 172 26579.  15.1  27.7   1.255   1.0   0.0
   2 1983 173 23940.  16.2  27.9   1.368   1.0   0.0
   2 1983 174 14022.  18.1  25.6   1.721   0.9   0.0
   2 1983 175 27878.  18.0  28.5   1.605   1.2   0.0
   2 1983 176 16175.  17.7  28.1   1.601   1.3   0.0
   2 1983 177 17626.  19.5  27.8   1.806   0.9   0.2
   2 1983 178 14465.  18.0  27.5   1.624   1.2   0.0
   2 1983 179 11455.  19.0  26.7   1.753   1.0   0.0
   2 1983 180 15282.  19.0  24.6   1.779   1.0   4.2
   2 1983 181 16139.  20.1  27.9   1.931   0.9   0.0
   2 1983 182 18292.  22.2  29.6   2.053   0.7   0.0
   2 1983 183  2318.  20.3  25.1   2.165   2.2  50.5
   2 1983 184 10267.  19.1  25.8   1.903   3.0  13.0
   2 1983 185 18814.  20.3  28.2   1.970   1.4   0.0
   2 1983 186  8262.  18.3  24.9   1.838   1.3   1.4
   2 1983 187 14652.  18.3  25.8   1.676   0.6   1.1
   2 1983 188 17291.  19.0  26.7   1.496   0.8   0.0
   2 1983 189 15728.  19.2  25.4   1.552   0.8   0.0
   2 1983 190 14728.  18.2  26.3   1.728   1.2   0.0
   2 1983 191 20336.  19.6  27.0   1.865   0.8   2.9
   2 1983 192 23011.  19.9  28.3   1.889   1.1   0.0
   2 1983 193 11866.  18.9  27.8   1.845   1.0   0.0
   2 1983 194 17140.  19.8  28.8   1.813   0.9   0.0
   2 1983 195 13536.  19.9  21.6   2.019   0.8  53.2
   2 1983 196 13982.  19.9  27.2   2.024   0.6   0.0
   2 1983 197 15062.  19.6  27.1   1.957   1.4   0.1
   2 1983 198 23310.  16.7  26.7   1.496   1.0   0.0
   2 1983 199 18666.  20.7  27.4   1.943   1.4   0.0
   2 1983 200  5663.  19.5  24.5   2.047   1.0  58.5
   2 1983 201  6851.  19.2  23.4   1.958   2.0  38.1
   2 1983 202 12535.  19.1  27.3   1.950   0.6   0.0
   2 1983 203 12942.  20.3  27.6   2.110   0.9   0.0
   2 1983 204 11531.  22.8  27.6   2.440   0.9   0.2
   2 1983 205  5105.  22.7  26.4   2.486   1.3  35.7
   2 1983 206  5699.  24.5  27.5   2.664   2.5   6.0
   2 1983 207 15880.  24.5  30.3   2.673   2.7   0.0
   2 1983 208  5994.  24.4  28.4   2.703   1.1   0.0
   2 1983 209  9266.  24.5  29.4   2.642   1.2   0.0
   2 1983 210  6070.  25.0  27.7   2.852   1.1  20.0
   2 1983 211  8410.  25.1  28.8   2.920   1.5   1.9
   2 1983 212 15840.  25.5  31.3   2.811   2.2   0.0
   2 1983 213 12276.  25.9  31.1   3.002   1.6   0.4
   2 1983 214 15581.  25.4  32.8   2.648   1.5   0.0
   2 1983 215 22270.  25.4  32.9   2.723   1.2   0.0
   2 1983 216 23234.  24.8  33.4   2.652   1.8   0.0
   2 1983 217 21859.  24.3  33.2   2.498   1.0   0.0
   2 1983 218 22864.  22.2  33.1   2.125   1.0   0.0
   2 1983 219 21190.  24.4  31.8   2.436   1.0   0.0
   2 1983 220 15692.  22.8  32.0   2.135   0.7   0.0
   2 1983 221  8410.  22.5  27.9   2.383   0.9   9.5
   2 1983 222 13910.  22.5  29.1   2.426   0.6   0.0
   2 1983 223 22640.  22.2  31.0   2.195   0.8   0.0
   2 1983 224 19296.  21.8  32.3   2.045   0.6   0.8
   2 1983 225 22824.  23.0  32.1   2.180   0.7   0.0
   2 1983 226 20077.  24.3  32.1   2.151   0.7   0.0
   2 1983 227 24498.  21.8  31.4   1.922   1.3   0.0
   2 1983 228 24311.  20.4  31.8   1.670   1.5   0.0
   2 1983 229 20300.  23.4  32.8   2.066   0.9   0.0
   2 1983 230 24275.  22.9  32.5   1.633   0.9   0.0
   2 1983 231 23234.  21.6  30.5   1.379   0.9   0.0
   2 1983 232  7852.  21.4  24.7   1.452   0.9   0.0
   2 1983 233 11455.  19.9  24.6   1.812   1.4   0.1
   2 1983 234 12276.  18.6  25.9   1.508   1.1   8.8
   2 1983 235  5512.  18.5  20.8   1.748   1.0  15.2
   2 1983 236  7186.  18.2  21.8   1.866   1.4  19.7
   2 1983 237 10901.  20.6  27.8   1.815   1.0   0.0
   2 1983 238 15728.  20.1  29.2   1.957   1.8   7.7
   2 1983 239 11347.  22.4  30.2   2.032   1.8  20.1
   2 1983 240  6811.  23.6  27.5   2.555   1.5   8.0
   2 1983 241 15656.  22.1  29.2   2.205   1.3   0.0
   2 1983 242 15282.  22.0  29.4   2.168   1.7   0.0
   2 1983 243 16510.  23.6  30.5   2.334   1.1   0.0
   2 1983 244 17698.  23.5  31.5   2.267   0.6   7.7
   2 1983 245  5440.  23.1  27.4   2.513   1.0  54.9
   2 1983 246 15322.  21.3  27.3   2.006   1.0   0.8
   2 1983 247  8410.  20.8  24.8   2.206   0.7   0.3
   2 1983 248  3359.  20.0  23.5   2.186   0.6  30.0
   2 1983 249 17737.  20.1  27.5   1.875   0.9   0.0
   2 1983 250 19926.  19.0  27.3   1.817   1.0   2.2
   2 1983 251 15505.  19.2  27.6   1.722   0.7   0.0
   2 1983 252  3694.  19.3  21.4   1.885   1.3   5.7
   2 1983 253  6998.  18.4  23.5   1.809   1.0   3.8
   2 1983 254  4918.  20.3  22.3   2.196   0.6   8.4
   2 1983 255 18443.  19.1  27.6   1.771   1.1   0.0
   2 1983 256 17474.  18.0  27.8   1.626   0.7   0.0
   2 1983 257 12758.  18.5  25.8   1.650   0.6   7.0
   2 1983 258 18778.  17.6  25.6   1.660   1.0   0.6
   2 1983 259 15062.  17.3  27.6   1.666   0.8   0.0
   2 1983 260 16769.  16.1  27.9   1.428   0.6   0.0
   2 1983 261 20189.  16.5  28.2   1.274   0.7   0.0
   2 1983 262 19037.  15.6  28.9   1.327   0.7   0.0
   2 1983 263 16286.  17.2  29.0   1.485   0.7   0.0
   2 1983 264  8856.  18.8  24.4   1.768   0.9   4.3
   2 1983 265 19483.  16.6  27.9   1.356   0.6   0.0
   2 1983 266  4248.  18.5  22.6   1.754   0.5   4.0
   2 1983 267 14875.  18.8  26.9   1.799   1.0  21.8
   2 1983 268 19444.  13.4  26.8   1.111   0.7   0.0
   2 1983 269 13723.  14.7  26.0   1.183   0.6   0.0
   2 1983 270 10861.  13.5  24.8   1.157   1.4   0.0
   2 1983 271 17885.  15.0  22.3   0.829   2.3   0.0
   2 1983 272 11272.  12.3  20.5   0.827   0.7   0.0
   2 1983 273 16211.  10.3  23.0   0.960   0.7   0.0
   2 1983 274 10750.  13.2  24.6   1.239   0.8   0.5
   2 1983 275 10379.  14.9  23.8   1.333   1.4   0.0
   2 1983 276  3542.  15.6  20.9   1.582   0.7  18.9
   2 1983 277  8968.  15.1  23.2   1.480   0.5   1.0
   2 1983 278 18144.   9.6  19.0   0.640   1.4   0.0
   2 1983 279 17514.   5.0  19.1   0.598   1.0   0.0
   2 1983 280  6516.   6.9  18.0   0.738   0.7   3.4
   2 1983 281  3582.  12.5  15.6   1.218   1.3  10.1
   2 1983 282 11718.  12.4  20.4   1.122   0.9   0.0
   2 1983 283 13946.   9.7  22.4   1.012   0.8   0.0
   2 1983 284  8338.  15.4  20.9   1.501   0.9   0.0
   2 1983 285 13910.  13.4  21.3   1.104   1.0   0.0
   2 1983 286  5958.  11.5  15.1   1.105   0.7   2.0
   2 1983 287 12830.   7.9  20.6   0.915   0.4   0.0
   2 1983 288   -99.  10.8  21.3   1.026   0.6   0.0
