*---------------------------------------------------------------------------*
* Station name: Cambridge
* Year: 1988                                              -99.000: NIL VALUE
* Author: Barbara Habekotte
* Data-entry: Barbara Habekotte
* Source: NIAB, Cambridge
* Comments: The monthes october, november and december have 
*           to much missing data of the max. temp for interpolation.
*
* Longitude: 0 11 E, latitude: 52 52 N, altitude: unknown
*
* Column  Daily value
* 1       station number
* 2       year
* 3       day
* 4       irradiation                   (kJ m-2 d-1)
* 5       minimum temperature           (degrees Celsius)
* 6       maximum temperature           (degrees Celsius)
* 7       early morning vapour pressure (kPa)
* 8       mean wind speed               (m s-1)
* 9       precipitation                 (mm d-1)
*---------------------------------------------------------------------------*
   0.18  52.22   0.0 0.00 0.00
  16 1988   1   -99.   5.5  13.1 -99.000 -99.0 -99.0
  16 1988   2   -99.   8.2  11.7 -99.000 -99.0 -99.0
  16 1988   3   -99.   6.1   9.3 -99.000 -99.0 -99.0
  16 1988   4   -99.   5.1   8.6 -99.000 -99.0 -99.0
  16 1988   5   -99.   5.1   9.6 -99.000 -99.0 -99.0
  16 1988   6   -99.   3.6   8.7 -99.000 -99.0 -99.0
  16 1988   7   -99.   3.3   6.7 -99.000 -99.0 -99.0
  16 1988   8   -99.   1.3  11.9 -99.000 -99.0 -99.0
  16 1988   9   -99.   2.8  13.1 -99.000 -99.0 -99.0
  16 1988  10   -99.   5.9   7.8 -99.000 -99.0 -99.0
  16 1988  11   -99.   2.1   7.3 -99.000 -99.0 -99.0
  16 1988  12   -99.   2.7   7.2 -99.000 -99.0 -99.0
  16 1988  13   -99.   3.9   7.9 -99.000 -99.0 -99.0
  16 1988  14   -99.   3.1   9.2 -99.000 -99.0 -99.0
  16 1988  15   -99.   1.7   3.3 -99.000 -99.0 -99.0
  16 1988  16   -99.   0.7   2.2 -99.000 -99.0 -99.0
  16 1988  17   -99.   1.0   5.6 -99.000 -99.0 -99.0
  16 1988  18   -99.  -0.4   7.7 -99.000 -99.0 -99.0
  16 1988  19   -99.   5.1   9.4 -99.000 -99.0 -99.0
  16 1988  20   -99.   4.8   7.7 -99.000 -99.0 -99.0
  16 1988  21   -99.   0.5   5.5 -99.000 -99.0 -99.0
  16 1988  22   -99.   0.2   2.6 -99.000 -99.0 -99.0
  16 1988  23   -99.  -0.8  10.2 -99.000 -99.0 -99.0
  16 1988  24   -99.   2.1  10.2 -99.000 -99.0 -99.0
  16 1988  25   -99.   4.9   8.2 -99.000 -99.0 -99.0
  16 1988  26   -99.   4.7   7.3 -99.000 -99.0 -99.0
  16 1988  27   -99.  -1.7   4.6 -99.000 -99.0 -99.0
  16 1988  28   -99.  -1.1   8.4 -99.000 -99.0 -99.0
  16 1988  29   -99.  -5.0   7.0 -99.000 -99.0 -99.0
  16 1988  30   -99.   2.2   7.0 -99.000 -99.0 -99.0
  16 1988  31   -99.   1.9   7.7 -99.000 -99.0 -99.0
  16 1988  32   -99.   3.2   9.8 -99.000 -99.0 -99.0
  16 1988  33   -99.   5.7   7.2 -99.000 -99.0 -99.0
  16 1988  34   -99.   2.0   9.0 -99.000 -99.0 -99.0
  16 1988  35   -99.   2.8   6.9 -99.000 -99.0 -99.0
  16 1988  36   -99.   1.7   7.9 -99.000 -99.0 -99.0
  16 1988  37   -99.   0.3   6.7 -99.000 -99.0 -99.0
  16 1988  38   -99.   0.4   6.3 -99.000 -99.0 -99.0
  16 1988  39   -99.   1.7   9.1 -99.000 -99.0 -99.0
  16 1988  40   -99.   2.3   7.3 -99.000 -99.0 -99.0
  16 1988  41   -99.   2.4   6.9 -99.000 -99.0 -99.0
  16 1988  42   -99.   0.6   7.5 -99.000 -99.0 -99.0
  16 1988  43   -99.   0.3   6.5 -99.000 -99.0 -99.0
  16 1988  44   -99.   0.8  11.1 -99.000 -99.0 -99.0
  16 1988  45   -99.   4.3  11.6 -99.000 -99.0 -99.0
  16 1988  46   -99.   1.7  13.3 -99.000 -99.0 -99.0
  16 1988  47   -99.   3.0   7.7 -99.000 -99.0 -99.0
  16 1988  48   -99.   1.3   8.9 -99.000 -99.0 -99.0
  16 1988  49   -99.   2.8   9.6 -99.000 -99.0 -99.0
  16 1988  50   -99.   5.2  11.8 -99.000 -99.0 -99.0
  16 1988  51   -99.   5.0   8.5 -99.000 -99.0 -99.0
  16 1988  52   -99.   5.5   8.9 -99.000 -99.0 -99.0
  16 1988  53   -99.   3.9   7.7 -99.000 -99.0 -99.0
  16 1988  54   -99.   1.7   5.8 -99.000 -99.0 -99.0
  16 1988  55   -99.   1.2   5.1 -99.000 -99.0 -99.0
  16 1988  56   -99.   0.2  14.2 -99.000 -99.0 -99.0
  16 1988  57   -99.   2.1   4.9 -99.000 -99.0 -99.0
  16 1988  58   -99.   0.6   7.2 -99.000 -99.0 -99.0
  16 1988  59   -99.   3.9   8.2 -99.000 -99.0 -99.0
  16 1988  60   -99.   0.1   4.4 -99.000 -99.0 -99.0
  16 1988  61   -99.   0.7   5.2 -99.000 -99.0 -99.0
  16 1988  62   -99.   1.9   6.6 -99.000 -99.0 -99.0
  16 1988  63   -99.   1.4   7.4 -99.000 -99.0 -99.0
  16 1988  64   -99.   1.2   5.2 -99.000 -99.0 -99.0
  16 1988  65   -99.   2.5   7.1 -99.000 -99.0 -99.0
  16 1988  66   -99.   1.7   9.2 -99.000 -99.0 -99.0
  16 1988  67   -99.   1.7   8.7 -99.000 -99.0 -99.0
  16 1988  68   -99.   3.6   8.8 -99.000 -99.0 -99.0
  16 1988  69   -99.   4.1  11.6 -99.000 -99.0 -99.0
  16 1988  70   -99.   3.4   9.6 -99.000 -99.0 -99.0
  16 1988  71   -99.   4.3  10.8 -99.000 -99.0 -99.0
  16 1988  72   -99.   4.4   7.7 -99.000 -99.0 -99.0
  16 1988  73   -99.   1.2   9.3 -99.000 -99.0 -99.0
  16 1988  74   -99.   0.3   9.8 -99.000 -99.0 -99.0
  16 1988  75   -99.   1.6  11.0 -99.000 -99.0 -99.0
  16 1988  76   -99.   4.6  10.3 -99.000 -99.0 -99.0
  16 1988  77   -99.   2.6   8.2 -99.000 -99.0 -99.0
  16 1988  78   -99.   2.7  11.5 -99.000 -99.0 -99.0
  16 1988  79   -99.   4.7  11.6 -99.000 -99.0 -99.0
  16 1988  80   -99.   7.4  13.5 -99.000 -99.0 -99.0
  16 1988  81   -99.   7.3  12.6 -99.000 -99.0 -99.0
  16 1988  82   -99.   3.4  12.5 -99.000 -99.0 -99.0
  16 1988  83   -99.   5.9  11.4 -99.000 -99.0 -99.0
  16 1988  84   -99.   5.9  11.6 -99.000 -99.0 -99.0
  16 1988  85   -99.   5.6  11.8 -99.000 -99.0 -99.0
  16 1988  86   -99.   4.6  10.2 -99.000 -99.0 -99.0
  16 1988  87   -99.   5.5  10.9 -99.000 -99.0 -99.0
  16 1988  88   -99.   2.8   9.9 -99.000 -99.0 -99.0
  16 1988  89   -99.   4.9   8.9 -99.000 -99.0 -99.0
  16 1988  90   -99.   4.7   7.4 -99.000 -99.0 -99.0
  16 1988  91   -99.   2.5  10.8 -99.000 -99.0 -99.0
  16 1988  92   -99.   0.2  12.5 -99.000 -99.0 -99.0
  16 1988  93   -99.   6.0  12.4 -99.000 -99.0 -99.0
  16 1988  94   -99.   1.0  14.7 -99.000 -99.0 -99.0
  16 1988  95   -99.   4.5  10.8 -99.000 -99.0 -99.0
  16 1988  96   -99.   4.2   7.0 -99.000 -99.0 -99.0
  16 1988  97   -99.   4.6  10.0 -99.000 -99.0 -99.0
  16 1988  98   -99.   1.1  11.7 -99.000 -99.0 -99.0
  16 1988  99   -99.   5.7  10.6 -99.000 -99.0 -99.0
  16 1988 100   -99.   0.3   6.0 -99.000 -99.0 -99.0
  16 1988 101   -99.  -1.3  12.3 -99.000 -99.0 -99.0
  16 1988 102   -99.   6.1  14.0 -99.000 -99.0 -99.0
  16 1988 103   -99.   6.5  13.4 -99.000 -99.0 -99.0
  16 1988 104   -99.   0.7  10.5 -99.000 -99.0 -99.0
  16 1988 105   -99.   1.9  11.2 -99.000 -99.0 -99.0
  16 1988 106   -99.   5.4  15.2 -99.000 -99.0 -99.0
  16 1988 107   -99.   9.9  15.5 -99.000 -99.0 -99.0
  16 1988 108   -99.  10.4  15.8 -99.000 -99.0 -99.0
  16 1988 109   -99.   7.9  21.3 -99.000 -99.0 -99.0
  16 1988 110   -99.  11.1  17.1 -99.000 -99.0 -99.0
  16 1988 111   -99.   9.6  16.7 -99.000 -99.0 -99.0
  16 1988 112   -99.   7.9  15.2 -99.000 -99.0 -99.0
  16 1988 113   -99.   6.2   8.6 -99.000 -99.0 -99.0
  16 1988 114   -99.   2.4   8.5 -99.000 -99.0 -99.0
  16 1988 115   -99.  -1.9  11.3 -99.000 -99.0 -99.0
  16 1988 116   -99.  -1.2  11.6 -99.000 -99.0 -99.0
  16 1988 117   -99.   1.4  13.6 -99.000 -99.0 -99.0
  16 1988 118   -99.   5.3  10.8 -99.000 -99.0 -99.0
  16 1988 119   -99.   5.5  10.1 -99.000 -99.0 -99.0
  16 1988 120   -99.   0.2  14.3 -99.000 -99.0 -99.0
  16 1988 121   -99.   6.5  16.6 -99.000 -99.0 -99.0
  16 1988 122   -99.   9.9  14.7 -99.000 -99.0 -99.0
  16 1988 123   -99.   8.2  16.4 -99.000 -99.0 -99.0
  16 1988 124   -99.   7.8  15.6 -99.000 -99.0 -99.0
  16 1988 125   -99.   9.1  14.1 -99.000 -99.0 -99.0
  16 1988 126   -99.   5.6  16.7 -99.000 -99.0 -99.0
  16 1988 127   -99.   4.8  19.2 -99.000 -99.0 -99.0
  16 1988 128   -99.   5.8  17.5 -99.000 -99.0 -99.0
  16 1988 129   -99.  11.0  18.7 -99.000 -99.0 -99.0
  16 1988 130   -99.  11.0  12.1 -99.000 -99.0 -99.0
  16 1988 131   -99.   8.4  13.9 -99.000 -99.0 -99.0
  16 1988 132   -99.   5.8  11.7 -99.000 -99.0 -99.0
  16 1988 133   -99.   8.3  19.4 -99.000 -99.0 -99.0
  16 1988 134   -99. -99.0  21.7 -99.000 -99.0  16.0
  16 1988 136   -99.   9.4  23.7 -99.000 -99.0 -99.0
  16 1988 137   -99.   7.8  20.0 -99.000 -99.0 -99.0
  16 1988 138   -99.   6.1  15.6 -99.000 -99.0 -99.0
  16 1988 139   -99.   6.9  12.7 -99.000 -99.0 -99.0
  16 1988 140   -99.   5.4  11.6 -99.000 -99.0 -99.0
  16 1988 141   -99.   1.6  15.4 -99.000 -99.0 -99.0
  16 1988 142   -99.   4.1  16.8 -99.000 -99.0 -99.0
  16 1988 143   -99.   3.9  17.3 -99.000 -99.0 -99.0
  16 1988 144   -99.   6.1  17.6 -99.000 -99.0 -99.0
  16 1988 145   -99.   9.0  18.5 -99.000 -99.0 -99.0
  16 1988 146   -99.  10.4  18.7 -99.000 -99.0 -99.0
  16 1988 147   -99.   9.6  16.7 -99.000 -99.0 -99.0
  16 1988 148   -99.   5.9  18.7 -99.000 -99.0 -99.0
  16 1988 149   -99.   7.2  19.7 -99.000 -99.0 -99.0
  16 1988 150   -99.  10.9  19.8 -99.000 -99.0 -99.0
  16 1988 151   -99.   8.9  14.6 -99.000 -99.0 -99.0
  16 1988 152   -99.   9.4  16.6 -99.000 -99.0 -99.0
  16 1988 153   -99.   7.4  18.3 -99.000 -99.0 -99.0
  16 1988 154   -99.  10.4  17.3 -99.000 -99.0 -99.0
  16 1988 155   -99.   7.6  16.3 -99.000 -99.0 -99.0
  16 1988 156   -99.   9.4  14.5 -99.000 -99.0 -99.0
  16 1988 157   -99.   7.5  13.7 -99.000 -99.0 -99.0
  16 1988 158   -99.   4.9  16.2 -99.000 -99.0 -99.0
  16 1988 159   -99.   4.2  15.4 -99.000 -99.0 -99.0
  16 1988 160   -99.   9.9  16.7 -99.000 -99.0 -99.0
  16 1988 161   -99.  11.2  12.1 -99.000 -99.0 -99.0
  16 1988 162   -99.  10.9  14.9 -99.000 -99.0 -99.0
  16 1988 163   -99.   9.6  18.3 -99.000 -99.0 -99.0
  16 1988 164   -99.   8.7  19.2 -99.000 -99.0 -99.0
  16 1988 165   -99.   7.4  22.6 -99.000 -99.0 -99.0
  16 1988 166   -99.   7.1  19.4 -99.000 -99.0 -99.0
  16 1988 167   -99.  10.0  17.4 -99.000 -99.0 -99.0
  16 1988 168   -99.   9.9  14.4 -99.000 -99.0 -99.0
  16 1988 169   -99.  10.5  16.4 -99.000 -99.0 -99.0
  16 1988 170   -99.   7.8  19.1 -99.000 -99.0 -99.0
  16 1988 171   -99.  11.4  22.9 -99.000 -99.0 -99.0
  16 1988 172   -99.  13.2  24.2 -99.000 -99.0 -99.0
  16 1988 173   -99.  14.1  22.2 -99.000 -99.0 -99.0
  16 1988 174   -99.  11.6  19.6 -99.000 -99.0 -99.0
  16 1988 175   -99.   9.6  20.5 -99.000 -99.0 -99.0
  16 1988 176   -99.  10.5  21.6 -99.000 -99.0 -99.0
  16 1988 177   -99.  12.0  22.0 -99.000 -99.0 -99.0
  16 1988 178   -99.  13.3  17.7 -99.000 -99.0 -99.0
  16 1988 179   -99.  11.7  14.3 -99.000 -99.0 -99.0
  16 1988 180   -99.  12.0  16.2 -99.000 -99.0 -99.0
  16 1988 181   -99.  11.8  21.6 -99.000 -99.0 -99.0
  16 1988 182   -99.  12.6  23.7 -99.000 -99.0 -99.0
  16 1988 183   -99.  15.2  19.2 -99.000 -99.0 -99.0
  16 1988 184   -99.   8.8  18.8 -99.000 -99.0 -99.0
  16 1988 185   -99.   8.7  16.4 -99.000 -99.0 -99.0
  16 1988 186   -99.  12.3  16.8 -99.000 -99.0 -99.0
  16 1988 187   -99.  11.5  20.7 -99.000 -99.0 -99.0
  16 1988 188   -99.  10.5  18.1 -99.000 -99.0 -99.0
  16 1988 189   -99.  10.6  19.1 -99.000 -99.0 -99.0
  16 1988 190   -99.  10.2  18.9 -99.000 -99.0 -99.0
  16 1988 191   -99.  10.4  20.2 -99.000 -99.0 -99.0
  16 1988 192   -99.  14.0  19.4 -99.000 -99.0 -99.0
  16 1988 193   -99.  10.1  20.8 -99.000 -99.0 -99.0
  16 1988 194   -99.   9.8  20.3 -99.000 -99.0 -99.0
  16 1988 195   -99.  11.8  18.8 -99.000 -99.0 -99.0
  16 1988 196   -99.  12.0  16.2 -99.000 -99.0 -99.0
  16 1988 197   -99.  12.5  19.4 -99.000 -99.0 -99.0
  16 1988 198   -99.   9.8  18.5 -99.000 -99.0 -99.0
  16 1988 199   -99.  14.0  18.4 -99.000 -99.0 -99.0
  16 1988 200   -99.  13.1  21.6 -99.000 -99.0 -99.0
  16 1988 201   -99.  10.2  18.9 -99.000 -99.0 -99.0
  16 1988 202   -99.  14.8  21.3 -99.000 -99.0 -99.0
  16 1988 203   -99.  14.7  21.9 -99.000 -99.0 -99.0
  16 1988 204   -99.  17.2  20.8 -99.000 -99.0 -99.0
  16 1988 205   -99.  15.6  22.3 -99.000 -99.0 -99.0
  16 1988 206   -99.  10.6  20.7 -99.000 -99.0 -99.0
  16 1988 207   -99.  11.7  20.7 -99.000 -99.0 -99.0
  16 1988 208   -99.  10.3  21.1 -99.000 -99.0 -99.0
  16 1988 209   -99.   9.2  19.9 -99.000 -99.0 -99.0
  16 1988 210   -99.  11.6  17.2 -99.000 -99.0 -99.0
  16 1988 211   -99.  10.1  18.8 -99.000 -99.0 -99.0
  16 1988 212   -99.   9.7  19.3 -99.000 -99.0 -99.0
  16 1988 213   -99.  10.4  18.2 -99.000 -99.0 -99.0
  16 1988 214   -99.  11.8  17.7 -99.000 -99.0 -99.0
  16 1988 215   -99.  10.5  17.8 -99.000 -99.0 -99.0
  16 1988 216   -99.   6.9  19.1 -99.000 -99.0 -99.0
  16 1988 217   -99.   9.9  21.5 -99.000 -99.0 -99.0
  16 1988 218   -99.  12.2  24.6 -99.000 -99.0 -99.0
  16 1988 219   -99.  10.3  27.2 -99.000 -99.0 -99.0
  16 1988 220   -99.  10.2  28.5 -99.000 -99.0 -99.0
  16 1988 221   -99.  11.2  25.8 -99.000 -99.0 -99.0
  16 1988 222   -99.  14.8  22.9 -99.000 -99.0 -99.0
  16 1988 223   -99.  11.2  22.9 -99.000 -99.0 -99.0
  16 1988 224   -99.  12.2  19.2 -99.000 -99.0 -99.0
  16 1988 225   -99.  13.3  20.4 -99.000 -99.0 -99.0
  16 1988 226   -99.  10.1  21.9 -99.000 -99.0 -99.0
  16 1988 227   -99.  14.4  23.4 -99.000 -99.0 -99.0
  16 1988 228   -99.  12.6  21.1 -99.000 -99.0 -99.0
  16 1988 229   -99.   8.3  22.4 -99.000 -99.0 -99.0
  16 1988 230   -99.  10.7  25.6 -99.000 -99.0 -99.0
  16 1988 231   -99.  12.9  25.3 -99.000 -99.0 -99.0
  16 1988 232   -99.  16.2  21.3 -99.000 -99.0 -99.0
  16 1988 233   -99.  11.9  19.9 -99.000 -99.0 -99.0
  16 1988 234   -99.  12.1  17.5 -99.000 -99.0 -99.0
  16 1988 235   -99.   9.3  18.8 -99.000 -99.0 -99.0
  16 1988 236   -99.   8.8  21.6 -99.000 -99.0 -99.0
  16 1988 237   -99.  14.4  19.7 -99.000 -99.0 -99.0
  16 1988 238   -99.   9.9  16.9 -99.000 -99.0 -99.0
  16 1988 239   -99.  10.6  22.0 -99.000 -99.0 -99.0
  16 1988 240   -99.  15.8  23.0 -99.000 -99.0 -99.0
  16 1988 241   -99.  11.6  17.9 -99.000 -99.0 -99.0
  16 1988 242   -99.   7.0  20.4 -99.000 -99.0 -99.0
  16 1988 243   -99.   9.1  19.6 -99.000 -99.0 -99.0
  16 1988 244   -99.  13.5  18.5 -99.000 -99.0 -99.0
  16 1988 245   -99.  12.1  17.7 -99.000 -99.0 -99.0
  16 1988 246   -99.  12.0  17.7 -99.000 -99.0 -99.0
  16 1988 247   -99.   8.9  18.4 -99.000 -99.0 -99.0
  16 1988 248   -99.   8.4 -99.0 -99.000 -99.0 -99.0
  16 1988 249   -99.  10.1 -99.0 -99.000 -99.0 -99.0
  16 1988 250   -99.   9.0 -99.0 -99.000 -99.0 -99.0
  16 1988 251   -99.  10.1 -99.0 -99.000 -99.0 -99.0
  16 1988 252   -99.  15.3 -99.0 -99.000 -99.0 -99.0
  16 1988 253   -99.  13.4 -99.0 -99.000 -99.0 -99.0
  16 1988 254   -99.   9.2 -99.0 -99.000 -99.0 -99.0
  16 1988 255   -99.  11.5 -99.0 -99.000 -99.0 -99.0
  16 1988 256   -99.   7.8 -99.0 -99.000 -99.0 -99.0
  16 1988 257   -99.  10.2 -99.0 -99.000 -99.0 -99.0
  16 1988 258   -99.  10.1 -99.0 -99.000 -99.0 -99.0
  16 1988 259   -99.   9.4 -99.0 -99.000 -99.0 -99.0
  16 1988 260   -99.   8.3 -99.0 -99.000 -99.0 -99.0
  16 1988 261   -99.  12.0 -99.0 -99.000 -99.0 -99.0
  16 1988 262   -99.  10.9 -99.0 -99.000 -99.0 -99.0
  16 1988 263   -99.   9.1 -99.0 -99.000 -99.0 -99.0
  16 1988 264   -99.   5.7 -99.0 -99.000 -99.0 -99.0
  16 1988 265   -99.   5.7 -99.0 -99.000 -99.0 -99.0
  16 1988 266   -99.  12.1 -99.0 -99.000 -99.0 -99.0
  16 1988 267   -99.   9.8 -99.0 -99.000 -99.0 -99.0
  16 1988 268   -99.   9.9 -99.0 -99.000 -99.0 -99.0
  16 1988 269   -99.   9.6 -99.0 -99.000 -99.0 -99.0
  16 1988 270   -99.  14.8 -99.0 -99.000 -99.0 -99.0
  16 1988 271   -99.  14.6 -99.0 -99.000 -99.0 -99.0
  16 1988 272   -99.  11.7 -99.0 -99.000 -99.0 -99.0
  16 1988 273   -99.   7.3 -99.0 -99.000 -99.0 -99.0
  16 1988 274   -99.   2.4 -99.0 -99.000 -99.0 -99.0
  16 1988 275   -99.   2.6 -99.0 -99.000 -99.0 -99.0
  16 1988 276   -99.   2.5 -99.0 -99.000 -99.0 -99.0
  16 1988 277   -99.   5.9 -99.0 -99.000 -99.0 -99.0
  16 1988 278   -99.   7.8 -99.0 -99.000 -99.0 -99.0
  16 1988 279   -99.  10.9 -99.0 -99.000 -99.0 -99.0
  16 1988 280   -99.  10.7 -99.0 -99.000 -99.0 -99.0
  16 1988 281   -99.   8.7 -99.0 -99.000 -99.0 -99.0
  16 1988 282   -99.   6.1 -99.0 -99.000 -99.0 -99.0
  16 1988 283   -99.   9.9 -99.0 -99.000 -99.0 -99.0
  16 1988 284   -99.   5.1 -99.0 -99.000 -99.0 -99.0
  16 1988 285   -99.   2.0 -99.0 -99.000 -99.0 -99.0
  16 1988 286   -99.   8.9 -99.0 -99.000 -99.0 -99.0
  16 1988 287   -99.   6.4 -99.0 -99.000 -99.0 -99.0
  16 1988 288   -99.   4.7 -99.0 -99.000 -99.0 -99.0
  16 1988 289   -99.   8.4 -99.0 -99.000 -99.0 -99.0
  16 1988 290   -99.  12.1 -99.0 -99.000 -99.0 -99.0
  16 1988 291   -99.  11.8 -99.0 -99.000 -99.0 -99.0
  16 1988 292   -99.  11.8 -99.0 -99.000 -99.0 -99.0
  16 1988 293   -99.  11.8 -99.0 -99.000 -99.0 -99.0
  16 1988 294   -99.  12.8 -99.0 -99.000 -99.0 -99.0
  16 1988 295   -99.   8.2 -99.0 -99.000 -99.0 -99.0
  16 1988 296   -99.   9.5 -99.0 -99.000 -99.0 -99.0
  16 1988 297   -99.   9.7 -99.0 -99.000 -99.0 -99.0
  16 1988 298   -99.  10.6 -99.0 -99.000 -99.0 -99.0
  16 1988 299   -99.  10.4 -99.0 -99.000 -99.0 -99.0
  16 1988 300   -99.  12.1 -99.0 -99.000 -99.0 -99.0
  16 1988 301   -99.  12.9 -99.0 -99.000 -99.0 -99.0
  16 1988 302   -99.   9.4 -99.0 -99.000 -99.0 -99.0
  16 1988 303   -99.  -0.6 -99.0 -99.000 -99.0 -99.0
  16 1988 304   -99.  -1.3 -99.0 -99.000 -99.0 -99.0
  16 1988 305   -99.  -1.3 -99.0 -99.000 -99.0 -99.0
  16 1988 306   -99.  -1.6 -99.0 -99.000 -99.0 -99.0
  16 1988 307   -99.   2.5 -99.0 -99.000 -99.0 -99.0
  16 1988 308   -99.  -2.3 -99.0 -99.000 -99.0 -99.0
  16 1988 309   -99.  -2.7 -99.0 -99.000 -99.0 -99.0
  16 1988 310   -99.  -4.0 -99.0 -99.000 -99.0 -99.0
  16 1988 311   -99.   0.1 -99.0 -99.000 -99.0 -99.0
  16 1988 312   -99.  -1.1 -99.0 -99.000 -99.0 -99.0
  16 1988 313   -99.   0.4 -99.0 -99.000 -99.0 -99.0
  16 1988 314   -99.   5.1 -99.0 -99.000 -99.0 -99.0
  16 1988 315   -99.  12.1 -99.0 -99.000 -99.0 -99.0
  16 1988 316   -99.   7.2 -99.0 -99.000 -99.0 -99.0
  16 1988 317   -99.   5.0 -99.0 -99.000 -99.0 -99.0
  16 1988 318   -99.   4.9 -99.0 -99.000 -99.0 -99.0
  16 1988 319   -99.   4.6 -99.0 -99.000 -99.0 -99.0
  16 1988 320   -99.  -1.2 -99.0 -99.000 -99.0 -99.0
  16 1988 321   -99.  -0.2 -99.0 -99.000 -99.0 -99.0
  16 1988 322   -99.   3.5 -99.0 -99.000 -99.0 -99.0
  16 1988 323   -99.   6.9 -99.0 -99.000 -99.0 -99.0
  16 1988 324   -99.   2.6   5.0 -99.000 -99.0 -99.0
  16 1988 325   -99.   0.0   6.0 -99.000 -99.0 -99.0
  16 1988 326   -99.  -0.6   0.9 -99.000 -99.0 -99.0
  16 1988 327   -99.  -3.7   3.8 -99.000 -99.0 -99.0
  16 1988 328   -99.  -2.2   5.0 -99.000 -99.0 -99.0
  16 1988 329   -99.   0.8   5.0 -99.000 -99.0 -99.0
  16 1988 330   -99.  -2.6   3.0 -99.000 -99.0 -99.0
  16 1988 331   -99.  -1.2   4.1 -99.000 -99.0 -99.0
  16 1988 332   -99.  -7.1   5.2 -99.000 -99.0 -99.0
  16 1988 333   -99.   0.0  10.2 -99.000 -99.0 -99.0
  16 1988 334   -99.   5.4  10.7 -99.000 -99.0 -99.0
  16 1988 335   -99.   6.4  11.2 -99.000 -99.0 -99.0
  16 1988 336   -99.   4.9   6.1 -99.000 -99.0 -99.0
  16 1988 337   -99.   2.2   4.5 -99.000 -99.0 -99.0
  16 1988 338   -99.   0.2   8.8 -99.000 -99.0 -99.0
  16 1988 339   -99.   4.3   8.6 -99.000 -99.0 -99.0
  16 1988 340   -99.   4.7   7.2 -99.000 -99.0 -99.0
  16 1988 341   -99.   3.5   7.0 -99.000 -99.0 -99.0
  16 1988 342   -99.   1.5   7.3 -99.000 -99.0 -99.0
  16 1988 343   -99.   2.4  10.1 -99.000 -99.0 -99.0
  16 1988 344   -99.   7.0  10.9 -99.000 -99.0 -99.0
  16 1988 345   -99.   8.0  12.1 -99.000 -99.0 -99.0
  16 1988 346   -99.   8.4  10.8 -99.000 -99.0 -99.0
  16 1988 347   -99.   5.7   8.9 -99.000 -99.0 -99.0
  16 1988 348   -99.   0.6   9.9 -99.000 -99.0 -99.0
  16 1988 349   -99.   7.2   7.6 -99.000 -99.0 -99.0
  16 1988 350   -99.   5.7   7.7 -99.000 -99.0 -99.0
  16 1988 351   -99.   4.6   7.8 -99.000 -99.0 -99.0
  16 1988 352   -99.   4.4   9.2 -99.000 -99.0 -99.0
  16 1988 353   -99.   3.1  12.6 -99.000 -99.0 -99.0
  16 1988 354   -99.   8.7   9.7 -99.000 -99.0 -99.0
  16 1988 355   -99.   1.6   9.9 -99.000 -99.0 -99.0
  16 1988 356   -99.   3.2  11.5 -99.000 -99.0 -99.0
  16 1988 357   -99.   8.6  11.1 -99.000 -99.0 -99.0
  16 1988 358   -99.   9.2  11.2 -99.000 -99.0 -99.0
  16 1988 359   -99.   7.6  10.0 -99.000 -99.0 -99.0
  16 1988 360   -99.   7.5  11.0 -99.000 -99.0 -99.0
  16 1988 361   -99.   9.3  14.1 -99.000 -99.0 -99.0
  16 1988 362   -99.   6.1  10.8 -99.000 -99.0 -99.0
  16 1988 363   -99.   3.9  12.5 -99.000 -99.0 -99.0
  16 1988 364   -99.   3.9   8.9 -99.000 -99.0 -99.0
  16 1988 365   -99.   4.8   8.1 -99.000 -99.0 -99.0
  16 1988 366   -99.   3.6   8.8 -99.000 -99.0 -99.0
