*---------------------------------------------------------------------------*
* Station name: Cambridge, UNITED KINGDOM
* Year: 1986                                              -99.000: NIL VALUE
* Author: C. Grashoff
* Source: Daily hours sunshine, vapour pressure and windspeed
*         from NIAB, Cambridge. Minimum and maximum temperature
*         and rainfall from the PBI Weather Station.
*
* Comments: Irradiation measured in daily hours sunshine, vapour
*           pressure estimated from dry and wet bulb temperature.
*           Windspeed estimated from windspeed in knots at 9:00 AM.
*
* Longitude: 0 00 E, latitude: 52 00 N, altitude: unknown
*
* Column  Daily value
* 1       station number
* 2       year
* 3       day
* 4       irradiation                   (kJ m-2 d-1)
* 5       minimum temperature           (degrees Celsius)
* 6       maximum temperature           (degrees Celsius)
* 7       early morning vapour pressure (kPa)
* 8       mean wind speed               (m s-1)
* 9       precipitation                 (mm d-1)
*---------------------------------------------------------------------------*
   0.00  52.00   0.0 0.18 0.55
  16 1986  60 -99.00  -6.9   4.6   0.562  12.3   0.0
  16 1986  61 -99.00  -6.9   4.6   0.562   9.8   0.0
  16 1986  62 -99.00  -6.9   4.8   0.566   0.2   1.9
  16 1986  63 -99.00  -3.4   9.7   0.767  15.4   1.8
  16 1986  64 -99.00   2.7  11.5   0.836  15.4   0.0
  16 1986  65 -99.00   1.0   9.8   0.836   7.7   2.0
  16 1986  66 -99.00   0.6  10.2   0.836   7.7   0.0
  16 1986  67 -99.00  -0.4  10.2   0.761   2.6   1.2
  16 1986  68 -99.00  -0.4  10.2   0.640   4.6   0.0
  16 1986  69 -99.00  -0.4   7.5   0.789   1.0   0.2
  16 1986  70 -99.00   2.8   6.6   0.727   1.0   0.0
  16 1986  71 -99.00  -2.1   3.5   0.643   1.0   0.0
  16 1986  72 -99.00  -1.8   4.0   0.642   2.6   0.0
  16 1986  73 -99.00   0.2  12.8   0.745   4.6   0.0
  16 1986  74 -99.00   0.1  12.8   0.810   2.6   0.7
  16 1986  75 -99.00   0.1  12.8   0.791   6.7   0.0
  16 1986  76 -99.00   0.1  11.6   0.873   2.6   0.0
  16 1986  77 -99.00   2.7  13.8   0.964   2.6   8.7
  16 1986  78 -99.00   5.8   7.7   0.904   4.6   0.5
  16 1986  79 -99.00   2.2  11.6   0.897  15.4   0.0
  16 1986  80 -99.00   1.3  12.1   0.766   9.8   0.0
  16 1986  81 -99.00   3.0  12.1   0.964   9.8   6.4
  16 1986  82  10.20   3.0  12.1   0.674  12.3   0.0
  16 1986  83   3.50   3.0  10.1   0.743  19.0   0.3
  16 1986  84   1.80   0.0   8.1   0.613   9.8   1.3
  16 1986  85   4.50   1.0  10.2   0.710   9.8   4.0
  16 1986  86   8.20   5.5  13.5   0.974  12.3   3.0
  16 1986  87   7.70   2.0  11.0   0.837  12.3   0.4
  16 1986  88   6.40   6.5  12.0   0.816   9.8   7.4
  16 1986  89   0.00   0.5   6.0   0.703   4.6   2.2
  16 1986  90   3.30   1.0   8.2   0.832   4.6   2.0
  16 1986  91   5.10   2.4   9.9   0.750   6.7   0.2
  16 1986  92   7.20   0.0   8.5   0.781   4.6   2.6
  16 1986  93   5.50   1.6   8.2   0.788   4.6   0.0
  16 1986  94   4.70   0.5   8.5   0.725   4.6   0.0
  16 1986  95   4.80   0.7   6.5   0.711   4.6   1.2
  16 1986  96   0.90   0.1   6.3   0.699   1.0   1.1
  16 1986  97   0.00   0.7   4.6   0.700   6.7   4.6
  16 1986  98   0.00   2.4   4.6   0.786   6.7   0.1
  16 1986  99   7.70   3.1   8.5   0.774  12.3   0.4
  16 1986 100   0.90   0.2   4.4   0.611  12.3   0.5
  16 1986 101   5.90  -2.2   6.2   0.517   6.7   4.0
  16 1986 102   1.70   1.8   8.5   0.755   2.6   1.2
  16 1986 103   5.80  -0.5   9.1   0.691   2.6   5.1
  16 1986 104   1.70   3.9   9.7   0.813   2.6   1.4
  16 1986 105   2.90   4.4  11.4   0.950   6.7   3.3
  16 1986 106   2.70   4.4   9.4   0.951   4.6   5.5
  16 1986 107   2.70   3.3  10.3   0.884   2.6   1.5
  16 1986 108   0.00   3.6   7.1   0.786   4.6   0.0
  16 1986 109   2.20   2.0   9.5   0.781   1.0   6.4
  16 1986 110   5.90   4.5  12.9   1.092   6.7   1.3
  16 1986 111   1.40   2.7   9.4   0.883   4.6   2.5
  16 1986 112   4.20   3.8  11.1   0.790   9.8   2.2
  16 1986 113   2.10   4.5  10.7   0.940   6.7   1.8
  16 1986 114   6.80   6.0  13.7   1.008   4.6   0.0
  16 1986 115   5.40   3.3  15.5   0.967   1.0   0.0
  16 1986 116   7.40   1.5  15.5   1.040   1.0   9.6
  16 1986 117   0.00   1.5  10.1   0.924   2.6   0.1
  16 1986 118   7.70   2.5  15.4   1.029   6.7   0.1
  16 1986 119   8.30   3.3  14.1   0.886   6.7   0.4
  16 1986 120   4.70   2.9  15.4   0.909   6.7   0.0
  16 1986 121  11.20   4.3  19.0   1.084   4.6   0.0
  16 1986 122   6.40   5.4  21.5   1.360   4.6   0.4
  16 1986 123   6.30   2.2  16.5   1.179   1.0   0.0
  16 1986 124   6.50   7.0  15.8   0.904   6.7   0.0
  16 1986 125   2.40  10.0  13.4   1.136   2.6   5.0
  16 1986 126   6.80   4.4  16.0   1.095   6.7  11.6
  16 1986 127   3.70   7.9  12.8   0.980   9.8   0.5
  16 1986 128   6.20   6.6  14.7   1.068   6.7   6.2
  16 1986 129   3.50   6.0  17.6   1.232   4.6   0.0
  16 1986 130   3.90   9.7  17.6   1.431   9.8   1.8
  16 1986 131   7.30   9.7  17.6   1.109   9.8   0.0
  16 1986 132   4.30   9.7  15.3   1.251   6.7   0.0
  16 1986 133   7.10   1.5  15.7   1.001   9.8   0.0
  16 1986 134   7.90   6.3  15.1   0.888   9.8   4.7
  16 1986 135   9.50   4.7  13.5   0.850   9.8   0.8
  16 1986 136  10.20   2.5  16.5   0.993   1.0   0.0
  16 1986 137   0.00  10.0  15.0   1.065   9.8   1.9
  16 1986 138   6.00  10.5  16.3   1.084   9.8   0.0
  16 1986 139  11.20   6.2  20.4   1.278   2.6   0.4
  16 1986 140   0.00  11.0  18.2   1.670   0.2  26.4
  16 1986 141   0.40   8.6  13.3   1.139   9.8   1.3
  16 1986 142   9.20   5.7  15.8   1.040   9.8   1.5
  16 1986 143   3.90   9.1  16.4   1.233   6.7   0.0
  16 1986 144  11.20   6.8  16.9   1.075   9.8   0.0
  16 1986 145   6.30  10.5  18.3   1.306  12.3   0.0
  16 1986 146   7.30   9.0  18.8   1.288  12.3   0.0
  16 1986 147   6.00   7.6  16.1   1.254   9.8   0.0
  16 1986 148   9.90   5.9  15.0   0.962   4.6   0.3
  16 1986 149   8.00   3.0  14.5   0.964   4.6   1.7
  16 1986 150   3.10   4.4  15.5   1.074   2.6   0.5
  16 1986 151   0.00   7.0  12.2   1.119   4.6   5.0
  16 1986 152   0.00   8.7  15.7   1.427   2.6   0.3
  16 1986 153   0.00  11.0  17.2   1.559   2.6   0.0
  16 1986 154   1.00   9.3  15.2   1.432   4.6   3.2
  16 1986 155   8.30   5.6  14.2   0.904   6.7   0.5
  16 1986 156   3.60   5.2  11.1   0.860   6.7   1.7
  16 1986 157   1.30   6.8  13.9   1.007   4.6   0.0
  16 1986 158   5.60   6.6  17.5   1.094   4.6   0.0
  16 1986 159   6.90   4.9  16.9   1.011   1.0   0.0
  16 1986 160   2.20   9.6  18.6   1.444   9.8   0.0
  16 1986 161   4.70  11.5  17.7   1.408   4.6   1.2
  16 1986 162   6.40   5.3  15.3   0.872   6.7   0.1
  16 1986 163   9.80   1.6  19.2   1.013   2.6   0.0
  16 1986 164  10.70   7.6  22.7   1.301   2.6   0.0
  16 1986 165  12.90   9.8  24.5   1.282   2.6   0.0
  16 1986 166  13.30   7.0  26.2   1.546   9.8   0.0
  16 1986 167   9.80  12.1  28.1   1.922   1.0   0.0
  16 1986 168   5.80  15.7  22.1   1.923   4.6   0.0
  16 1986 169   9.80   8.8  19.0   1.121   6.7   0.0
  16 1986 170  11.80   6.9  20.3   1.380   6.7   0.0
  16 1986 171   2.40  11.2  20.5   1.267   9.8   0.0
  16 1986 172  10.20   9.5  20.5   1.154   6.7   0.0
  16 1986 173   0.30   9.5  22.0   1.550   4.6   1.4
  16 1986 174   1.10  12.1  21.8   1.435   4.6   1.5
  16 1986 175   4.40  11.5  19.8   1.788   6.7   0.0
  16 1986 176   8.00  11.3  24.3   1.691   2.6   0.0
  16 1986 177  11.60  13.3  25.9   1.700   4.6   0.0
  16 1986 178  10.40  13.4  28.4   1.800   4.6   0.0
  16 1986 179  11.80  15.1  28.2   1.883   4.6   0.0
  16 1986 180   9.40  13.4  28.2   1.454   6.7   0.0
  16 1986 181   7.30   9.7  27.2   1.658   2.6   0.0
  16 1986 182   9.10  12.5  24.6   1.618   4.6   0.0
  16 1986 183   9.80  11.6  27.3   1.816   2.6   0.0
  16 1986 184  12.30  14.6  24.1   1.549   2.6   0.0
  16 1986 185   1.10  11.4  21.8   1.554   9.8   9.4
  16 1986 186   1.00  14.5  19.0   1.719   0.2  15.0
  16 1986 187   7.10  11.8  20.7   1.496   6.7   0.0
  16 1986 188   6.90  11.3  19.9   1.135   6.7   0.0
  16 1986 189   1.60  10.6  20.6   1.374   2.6   1.4
  16 1986 190   4.90   8.0  19.2   1.249   2.6   0.0
  16 1986 191   6.80  13.2  21.5   1.524   4.6   2.0
  16 1986 192   5.50  13.0  20.5   1.360   4.6   6.7
  16 1986 193   0.00  12.0  20.5   1.420   4.6   0.9
  16 1986 194   2.50  12.5  20.7   1.474   0.2   0.0
  16 1986 195   3.80  14.8  25.0   1.937   2.6   0.0
  16 1986 196   8.20  14.4  23.0   2.171   2.6   0.0
  16 1986 197  12.00  16.3  27.8   2.259   2.6   0.0
  16 1986 198  11.20  14.5  21.5   1.324   4.6   0.0
  16 1986 199   0.80   7.9  17.5   1.185   4.6   0.0
  16 1986 200   5.10   6.6  19.5   1.288   2.6   3.1
  16 1986 201   5.30  12.7  22.1   1.645   4.6   0.1
  16 1986 202   4.20  11.9  20.7   1.420   2.6   0.2
  16 1986 203   5.50  11.6  19.5   1.331   4.6   0.0
  16 1986 204   4.90   5.9  16.4   1.088   6.7   3.5
  16 1986 205  11.20   6.9  21.6   1.264   6.7   3.0
  16 1986 206   2.40  11.8  22.3   1.738   2.6   0.2
  16 1986 207   4.30  14.8  23.5   1.674   4.6   0.0
  16 1986 208   8.50   8.8  23.5   1.233   9.8   0.0
  16 1986 209   1.20   8.8  22.2   1.771   6.7   2.0
  16 1986 210   7.80  15.4  22.9   1.628   9.8   0.0
  16 1986 211   1.70   7.3  19.2   1.261   4.6   2.6
  16 1986 212   5.60  11.9  21.6   1.585   4.6   0.1
  16 1986 213   6.70   6.5  22.4   1.300   2.6   0.2
  16 1986 214   9.40  13.6  22.2   1.203  15.4   0.0
  16 1986 215   1.10  11.5  16.1   1.239   1.0  14.7
  16 1986 216   3.90  10.3  18.5   1.341   2.6   1.4
  16 1986 217   9.10   8.9  21.0   1.295   9.8   0.0
  16 1986 218   8.60  10.1  24.4   1.344   6.7   0.0
  16 1986 219   2.80  13.7  20.7   1.442   9.8   0.0
  16 1986 220   3.80  10.5  22.9   1.297   6.7   0.0
  16 1986 221   0.70  10.7  22.9   1.424   2.6  11.4
  16 1986 222   2.10  10.7  22.9   1.650   2.6   0.0
  16 1986 223   0.00  10.7  17.1   1.596   2.6   0.0
  16 1986 224   4.10  13.1  18.9   1.324   2.6   0.0
  16 1986 225   4.10  13.4  21.8   1.488   2.6   0.0
  16 1986 226   3.70  14.5  23.6   1.761   4.6   0.0
  16 1986 227  11.20  10.8  21.8   1.198   6.7   0.0
  16 1986 228  11.20   9.4  21.8   1.364   6.7   0.0
  16 1986 229   1.30   9.4  19.1   1.633   0.2   0.0
  16 1986 230   0.80  11.1  17.7   1.476   0.2   4.8
  16 1986 231   2.20  11.3  16.8   1.405   2.6   0.3
  16 1986 232  10.70   5.9  19.6   1.224   2.6   0.0
  16 1986 233   0.10   5.0  17.9   1.358   4.6   2.4
  16 1986 234   2.20  12.5  18.5   1.632   2.6   0.0
  16 1986 235   7.30   9.2  18.5   1.256   6.7   2.2
  16 1986 236   8.10   9.2  19.0   1.218   6.7   0.0
  16 1986 237   1.50   9.2  19.0   1.226   4.6  21.5
  16 1986 238   0.20   9.2  16.4   1.425   6.7   6.7
  16 1986 239   3.00   9.9  16.2   1.083   9.8   1.2
  16 1986 240   2.60   8.4  16.3   1.130   4.6   0.0
  16 1986 241   6.20   4.9  17.1   1.220   6.7   0.6
  16 1986 242   0.10   6.5  17.1   1.075   6.7   0.0
  16 1986 243   9.00   6.5  18.2   0.945   6.7   0.2
  16 1986 244   1.10  10.1  17.4   1.246   6.7   0.0
  16 1986 245   6.70  10.4  20.9   0.966  12.3   2.7
  16 1986 246   5.20  10.9  15.8   1.199  12.3   0.3
  16 1986 247  10.10   4.6  18.8   1.160   2.6   0.0
  16 1986 248   8.60   5.4  20.0   1.119   2.6   0.0
  16 1986 249   2.50   9.6  18.7   1.149   4.6   0.0
  16 1986 250  10.20   7.5  18.2   1.115   2.6   0.0
  16 1986 251   5.10   7.4  15.3   1.048   2.6   0.0
  16 1986 252   7.20   3.6  16.4   1.119   1.0   0.0
  16 1986 253   3.90   4.8  14.8   1.004   2.6   0.0
  16 1986 254   2.20   5.8  16.3   1.097   2.6   0.0
  16 1986 255   7.30   7.8  15.8   1.049   6.7   0.0
  16 1986 256   4.50   2.2  15.9   1.156   2.6  26.0
  16 1986 257   4.80   9.6  15.1   1.202   6.7   0.0
  16 1986 258   0.00   4.9  11.3   1.072   2.6   0.3
  16 1986 259   5.60   4.3  13.9   1.022   4.6   0.0
  16 1986 260   1.60   3.7  13.9   1.097   4.6   0.0
  16 1986 261   9.00   4.8  14.6   1.092   4.6   0.0
  16 1986 262   9.70   1.0  16.6   1.016   1.0   0.0
  16 1986 263  10.30   3.4  20.8   1.080   1.0   0.0
  16 1986 264   7.70   5.3  19.4   0.995   6.7   0.0
  16 1986 265   8.00   8.3  20.1   1.247   2.6   0.0
  16 1986 266   9.20   7.7  20.8   1.361   2.6   0.0
  16 1986 267   0.00   9.2  13.4   1.246   2.6   0.0
  16 1986 268   4.90   5.4  15.4   1.130   2.6   0.0
  16 1986 269   7.50   1.4  17.0   1.055   0.2   0.0
  16 1986 270   3.70   8.0  18.2   1.158   1.0   0.0
  16 1986 271   4.60   9.3  20.8   1.464   1.0   0.0
  16 1986 272   4.40   9.7  21.2   1.446   2.6   0.0
  16 1986 273   1.30   9.4  15.5   1.451   2.6   0.0
