*---------------------------------------------------------------------------*
* Station name: Sutton Bonington, Great Britain
* Year: 1981
* Author: Peter Uithol                                     -99.000: NIL VALUE
* Source: Tanimu (Grashoff)
* Comments: Irradiation measured as mW hr-1 cm-2
* Longitude: 1 15 W, latitude: 53 08 N, altitude: -99. m
*
* Column  Daily value
* 1       station number
* 2       year
* 3       day
* 4       irradiation                   (kJ m-2 d-1)
* 5       minimum temperature           (degrees Celsius)
* 6       maximum temperature           (degrees Celsius)
* 7       early morning vapour pressure (kPa)
* 8       mean wind speed (height: 2 m) (m s-1)
* 9       precipitation                 (mm d-1)
*---------------------------------------------------------------------------*
  -1.25  53.13   -99. 0.00 0.00
  17 1981   1  2124.   3.8   8.4   0.578   5.1   0.0
  17 1981   2   684.   5.0  11.4   0.997   7.3   0.2
  17 1981   3  1944.   7.4   8.6   0.817   5.0   0.0
  17 1981   4  3276.   1.2   4.8   0.587   3.3   0.1
  17 1981   5  3744.  -2.7   6.2   0.504   3.7   2.1
  17 1981   6   720.  -1.1   4.4   0.643   0.9   3.7
  17 1981   7  1656.  -2.9   7.4   0.529   1.8   0.3
  17 1981   8  1692.  -2.6  10.1   0.962   3.7   0.0
  17 1981   9  1008.   6.7   7.9   0.935   3.0   0.5
  17 1981  10  2736.   1.0   3.8   0.596   4.1   0.5
  17 1981  11  1296.   0.4   6.3   0.540   3.1   0.1
  17 1981  12  3096.   0.7   5.4   0.759   4.1   2.8
  17 1981  13  2592.  -3.0   8.0   0.509   4.4   0.8
  17 1981  14  2628.  -1.5  10.4   0.929   5.8   3.2
  17 1981  15  4428.   0.2   3.3   0.565   2.4   1.0
  17 1981  16  1008.  -3.2   5.7   0.571   4.4   3.8
  17 1981  17  2160.   0.0   6.3   0.719   3.2   1.3
  17 1981  18  1620.  -1.3   7.2   0.653   3.8   2.9
  17 1981  19  3276.   1.2   6.4   0.715   3.0   0.8
  17 1981  20  3096.   1.6   5.9   0.591   1.8   5.2
  17 1981  21   612.   1.8  11.2   0.903   2.0   0.1
  17 1981  22  1548.   5.7  10.4   1.098   1.1   0.0
  17 1981  23  2664.   7.7   9.9   0.988   2.8   0.0
  17 1981  24  3564.   6.9   9.9   0.882   2.2   0.0
  17 1981  25  2556.   1.8   8.3   0.729   2.0   0.2
  17 1981  26  2088.   4.9  10.2   0.876   1.8   0.0
  17 1981  27  1332.   6.7   7.7   0.962   1.8   0.0
  17 1981  28   864.   4.6   7.4   0.935   2.8   0.0
  17 1981  29  1044.   5.4   6.2   0.878   2.4   0.0
  17 1981  30  4536.   3.8   7.1   0.710   1.8   0.0
  17 1981  31  2304.  -0.7   3.6   0.661   2.4   0.0
  17 1981  32  6444.  -1.5  10.4   0.529   3.0   0.0
  17 1981  33  2772.   1.0  10.9   0.869   6.5   8.2
  17 1981  34  4464.   0.7   8.6   0.773   4.4   0.8
  17 1981  35  5292.   1.7   6.6   0.682   3.2   0.0
  17 1981  36  2412.   0.3   9.8   0.774   4.0   0.1
  17 1981  37  2880.   4.5  12.4   1.017   4.1   0.8
  17 1981  38  3924.   7.8  12.3   1.176   4.9   2.1
  17 1981  39  2556.   7.4   9.6   0.956   2.5  10.8
  17 1981  40  1008.   4.0   4.5   0.824   3.3   8.2
  17 1981  41  7884.   0.0   5.3   0.574   1.6   0.0
  17 1981  42  4860.  -3.2   5.2   0.572   2.3   0.0
  17 1981  43  1872.  -1.3   4.8   0.660   2.1   0.0
  17 1981  44  7704.  -1.9   5.0   0.545   1.3   0.0
  17 1981  45  7812.  -3.9   2.9   0.509   1.1   0.0
  17 1981  46  7776.  -5.4   5.2   0.392   0.9   0.4
  17 1981  47  1728.  -2.6   5.7   0.676   1.3   0.0
  17 1981  48  3564.   2.2   4.8   0.749   2.1   0.0
  17 1981  49  3060.  -0.8   3.7   0.585   3.2   0.0
  17 1981  50  2844.  -0.4   3.3   0.614   2.9   0.1
  17 1981  51  3420.  -0.8   2.4   0.556   1.5   0.3
  17 1981  52  6480.  -3.1   1.7   0.527   4.0   0.0
  17 1981  53  2412.  -2.0   1.0   0.519   3.4   3.3
  17 1981  54  2268.  -1.6   1.4   0.636   2.5   0.2
  17 1981  55  6552.  -6.2   1.8   0.458   0.6   0.0
  17 1981  56  5688.  -3.8   3.2   0.563   1.9   0.0
  17 1981  57  2016.  -0.8   1.6   0.567   3.8   0.0
  17 1981  58  6408.  -0.7   5.2   0.562   6.3   6.1
  17 1981  59  1476.   0.8   5.6   0.682   1.9   2.7
  17 1981  60  4248.   0.6   8.8   0.839   3.5   3.8
  17 1981  61  5328.   2.1   9.3   0.840   4.8   0.9
  17 1981  62  2196.   3.3   3.8   0.725   2.9   0.1
  17 1981  63  4104.   0.8   3.7   0.636   1.5   0.1
  17 1981  64  3312.   0.8   7.1   0.691   2.9   1.3
  17 1981  65  5652.   2.4  12.4   0.935   4.5   3.2
  17 1981  66  4248.   7.1  14.1   1.267   6.1   0.3
  17 1981  67  4104.  11.2  12.8   1.213   4.4   0.2
  17 1981  68  2772.   8.3  12.1   1.166   1.6  17.1
  17 1981  69  2340.   8.7  13.3   1.318   4.8   9.0
  17 1981  70  3672.  11.3  13.7   1.411   3.8   2.5
  17 1981  71  8928.   8.4  14.4   1.096   2.9   0.3
  17 1981  72  5256.   4.7  10.4   1.015   2.0   2.5
  17 1981  73  2232.   4.7   7.8   0.915   1.9   6.3
  17 1981  74  8244.   4.7   9.0   0.793   1.8   0.0
  17 1981  75  8820.   0.7   6.9   0.647   2.0   4.2
  17 1981  76  5760.  -0.3   7.2   0.554   2.5   0.4
  17 1981  77  7776.  -0.3   9.7   0.811   6.8   0.0
  17 1981  78  4932.   7.0   9.9   0.836   5.5   0.3
  17 1981  79  6372.   6.6  10.7   0.994   4.4   2.2
  17 1981  80  4608.   7.5  13.2   1.101   6.4   3.2
  17 1981  81  8100.   2.4   6.3   0.668   3.5   0.7
  17 1981  82  4428.   0.4  14.0   0.896   5.3   5.2
  17 1981  83  4968.   6.2  13.8   1.082   3.9   1.3
  17 1981  84 10980.  11.1  15.6   1.037   4.4   2.9
  17 1981  85 12456.   6.5  12.7   0.882   3.2   0.0
  17 1981  86 12456.   3.4  13.3   0.870   4.5   0.0
  17 1981  87  9828.   8.7  15.2   1.070   2.8   0.0
  17 1981  88  5688.   4.4  11.9   1.009   4.1   0.8
  17 1981  89  3276.   6.0   7.9   0.896   3.2   0.0
  17 1981  90  3780.   4.2   7.4   0.842   2.4   7.5
  17 1981  91  5184.   4.7  10.4   0.903   1.3   1.0
  17 1981  92 12996.   2.4  13.9   0.982   1.9   0.0
  17 1981  93  5796.   5.6  10.4   1.089   3.2   0.0
  17 1981  94  2844.   4.3   7.7   0.800   1.5   0.0
  17 1981  95  4248.   4.6   8.2   0.819   3.9   0.1
  17 1981  96  7380.   4.6   9.8   0.805   2.8   1.7
  17 1981  97 11700.   3.7  10.6   0.825   1.3   0.0
  17 1981  98 11808.   2.7  14.4   1.013   1.6   0.0
  17 1981  99 10008.   7.6  16.3   1.211   1.0   0.0
  17 1981 100 17352.   5.6  19.5   1.166   3.2   1.6
  17 1981 101  8100.  10.8  18.1   1.383   2.2   0.0
  17 1981 102  6192.   8.4  14.5   1.143   3.8   1.2
  17 1981 103 17460.   6.4  11.4   0.843   6.0   0.0
  17 1981 104 20232.   4.0  12.9   0.830   5.9   0.0
  17 1981 105 20412.   2.3  13.6   0.952   3.8   0.0
  17 1981 106 20484.   4.2  14.0   0.790   3.4   0.0
  17 1981 107 22320.   1.9  11.9   0.810   3.2   0.0
  17 1981 108 19440.   0.3  11.8   0.725   2.5   0.0
  17 1981 109  9072.   3.4   9.4   0.643   4.7   0.0
  17 1981 110 15696.   2.4  11.2   0.698   2.3   0.0
  17 1981 111  5112.   1.8   9.3   0.779   1.4   0.0
  17 1981 112  3888.   1.1   5.8   0.796   2.2   0.0
  17 1981 113 14904.   3.0   6.2   0.531   2.3   6.7
  17 1981 114  2016.   1.4   6.3   0.633   5.5  13.8
  17 1981 115  3240.   0.1   2.1   0.645   7.9  16.4
  17 1981 116   -99.   0.1   1.4   0.627   6.6  14.7
  17 1981 117   -99.   0.1   8.6   0.662   3.1   0.0
  17 1981 118  3852.   1.4  11.3   0.869   2.9   0.0
  17 1981 119  9684.   1.4  13.2   1.023   3.8   0.0
  17 1981 120  8712.  10.1  12.2   1.115   3.7   5.3
  17 1981 121 12636.   4.1   9.9   0.710   1.4   0.0
  17 1981 122 15228.   0.3   9.4   0.627   2.4   0.0
  17 1981 123  8316.   0.5   9.3   0.751   4.0   2.1
  17 1981 124  9144.   5.0  10.4   0.751   2.0   0.3
  17 1981 125 18900.   0.2  12.2   0.590   3.0   3.9
  17 1981 126 14508.   6.7  16.6   1.029   2.8   0.7
  17 1981 127 12960.   9.2  18.1   1.228   3.4   1.8
  17 1981 128 15840.   9.2  17.7   1.328   1.8   0.0
  17 1981 129  6588.   8.2  12.9   1.152   4.6   3.6
  17 1981 130  6768.   8.5  16.6   1.227   2.0   0.2
  17 1981 131 19728.   9.8  20.4   1.201   3.7   0.0
  17 1981 132  5796.  10.1  16.6   1.226   1.4   0.0
  17 1981 133 17820.   6.9  19.8   1.418   3.5   0.0
  17 1981 134 18252.   9.2  16.2   1.081   2.8   0.0
  17 1981 135 19872.   5.1  18.2   1.155   3.1   7.0
  17 1981 136 15696.   8.5  14.4   1.079   3.2   0.0
  17 1981 137 12528.   7.2  14.4   0.990   2.9   4.4
  17 1981 138  7956.   4.4  14.4   1.154   3.7   1.5
  17 1981 139 17928.   8.6  16.2   1.072   1.7   5.6
  17 1981 140  9936.   8.6  20.1   1.475   2.2   1.8
  17 1981 141 12708.   6.9  16.6   1.250   2.0   1.4
  17 1981 142 17820.   7.9  16.6   1.043   3.9   1.5
  17 1981 143 14004.  10.6  16.4   1.254   3.5   0.1
  17 1981 144 20664.   6.6  14.4   0.966   2.5   6.2
  17 1981 145  9180.   6.3  12.2   1.159   1.5   2.2
  17 1981 146 15264.   6.2  15.7   1.145   1.2   0.0
  17 1981 147 13932.   5.8  15.3   1.109   3.1   2.6
  17 1981 148 16740.   9.4  16.7   1.129   2.0   0.0
  17 1981 149  7308.   6.2  16.4   1.292   1.4   0.0
  17 1981 150 16668.   9.0  17.9   1.294   1.6   0.0
  17 1981 151  9900.   9.1  19.8   1.475   1.2   3.3
  17 1981 152 23220.   7.2  20.1   1.267   2.1  10.8
  17 1981 153 18756.  13.1  19.3   1.505   3.7   0.0
  17 1981 154 25344.   9.4  18.8   1.125   3.3   0.0
  17 1981 155 14364.   8.2  15.6   1.085   4.6   0.0
  17 1981 156 22356.   9.8  17.5   1.535   3.7   0.0
  17 1981 157 18756.   9.9  17.4   1.213   5.1   0.0
  17 1981 158 16848.   9.2  17.2   1.098   3.5   2.0
  17 1981 159 17424.  11.2  17.8   1.301   5.0   0.1
  17 1981 160 15984.  11.9  16.3   1.276   4.1   0.0
  17 1981 161 19296.   8.1  16.8   1.466   3.5   3.7
  17 1981 162 11232.  10.0  17.6   1.474   3.7   1.1
  17 1981 163 12672.   9.1  16.4   1.149   2.5   0.0
  17 1981 164 20160.   9.5  22.0   1.407   4.4   0.0
  17 1981 165  7560.  15.5  20.3   1.671   3.4   1.6
  17 1981 166 17424.  15.4  17.9   1.394   3.7   0.0
  17 1981 167 10404.   9.7  14.6   0.936   3.5   0.0
  17 1981 168 12204.  10.2  13.9   0.900   1.5   0.0
  17 1981 169 14796.   9.5  15.4   1.183   2.0   0.0
  17 1981 170 10116.   8.2  15.4   1.287   2.0   0.4
  17 1981 171  9432.  11.1  15.7   1.255   2.0   0.2
  17 1981 172 25884.   8.9  18.3   0.935   1.6   0.0
  17 1981 173 25416.   6.0  23.1   1.301   1.6   0.0
  17 1981 174  5760.  10.3  19.0   1.513   2.2   1.3
  17 1981 175  9324.  12.2  18.4   1.318   3.3   0.0
  17 1981 176 13896.   9.0  14.7   1.007   2.7   2.0
  17 1981 177 12060.   8.9  13.2   0.968   2.8   0.0
  17 1981 178 18684.   5.1  13.7   0.834   1.6   0.0
  17 1981 179 20448.   4.2  15.8   0.832   2.4   0.0
  17 1981 180 28044.   5.2  18.8   0.862   3.1   0.0
  17 1981 181 16092.  10.4  18.5   1.403   3.4   0.0
  17 1981 182 17388.  12.9  19.3   1.291   2.8   0.0
  17 1981 183 18828.   6.6  17.7   1.134   2.5   0.0
  17 1981 184 20520.   9.7  17.8   1.164   2.3   0.0
  17 1981 185 24732.   7.8  21.6   1.248   2.5   0.0
  17 1981 186 17784.  13.3  20.1   1.314   4.0   0.0
  17 1981 187 11664.  10.7  18.8   1.310   3.7   0.0
  17 1981 188 25416.  12.0  22.4   1.498   2.3   0.0
  17 1981 189 20916.  11.9  24.8   1.551   1.1   0.0
  17 1981 190 10836.  15.7  23.1   1.967   1.7  12.3
  17 1981 191 19224.  13.4  22.6   1.552   1.6   1.3
  17 1981 192 18864.  12.7  19.8   1.581   3.3   0.0
  17 1981 193 20412.  13.9  19.9   1.337   1.7   0.0
  17 1981 194 19584.  11.3  21.2   1.473   2.3   0.0
  17 1981 195 11844.  13.1  17.1   1.179   1.6   0.0
  17 1981 196 15660.  12.1  20.7   1.360   2.0   0.0
  17 1981 197 11700.  11.6  17.3   1.521   2.9   0.3
  17 1981 198 18108.   8.2  16.8   1.062   2.0   2.7
  17 1981 199 18036.   9.3  18.7   1.176   1.8   0.1
  17 1981 200 13284.   7.4  20.9   1.383   2.5   1.1
  17 1981 201 11520.  14.0  19.8   1.394   3.1   0.3
  17 1981 202 20772.  14.8  21.2   1.395   2.3   3.2
  17 1981 203 14148.  12.5  18.3   1.344   3.2   6.0
  17 1981 204  9000.  11.9  15.4   1.367   3.2   0.9
  17 1981 205  5112.  11.6  14.0   1.118   2.2   0.7
  17 1981 206 17388.   8.8  16.9   1.230   1.9   0.0
  17 1981 207 17496.  12.0  20.4   1.652   2.5   0.0
  17 1981 208 25056.  12.6  23.2   1.669   1.8   0.0
  17 1981 209 17460.  11.6  24.0   1.677   1.4   0.0
  17 1981 210 23004.  14.3  21.7   1.314   1.3   0.0
  17 1981 211 23292.   9.6  23.7   1.583   1.1   0.0
  17 1981 212 14472.   8.7  20.6   1.496   2.4   0.0
  17 1981 213 17712.  10.2  18.1   1.091   1.9   0.0
  17 1981 214 27036.   4.8  22.8   1.163   1.5   0.0
  17 1981 215 25056.  10.8  25.7   1.364   2.5   0.0
  17 1981 216 25308.  11.9  26.7   1.691   1.2   0.0
  17 1981 217 15732.  13.4  26.3   1.960   1.5  22.7
  17 1981 218  5688.  16.4  17.6   1.869   3.7  24.8
  17 1981 219  2232.  13.3  14.1   1.423   3.1   2.7
  17 1981 220  3708.  13.1  14.7   1.525   0.9   0.1
  17 1981 221  3384.  13.2  16.8   1.508   1.2   0.0
  17 1981 222 21924.  11.8  20.7   1.304   0.9   0.0
  17 1981 223 22608.   8.1  23.2   1.395   1.3   0.0
  17 1981 224 20340.  12.8  24.2   1.802   1.5   0.0
  17 1981 225 12492.  13.2  21.4   1.500   2.0   0.0
  17 1981 226 11160.  14.4  23.8   1.914   1.7   0.0
  17 1981 227 16848.  14.4  23.6   1.345   1.9   2.1
  17 1981 228 22464.  10.8  19.3   1.085   1.7   0.0
  17 1981 229 23256.   7.0  20.7   1.300   1.9   0.3
  17 1981 230 11088.  13.6  20.6   1.561   2.7   0.0
  17 1981 231  5544.  12.5  16.9   1.253   4.0   1.3
  17 1981 232 12384.  13.0  18.6   1.237   2.0   0.1
  17 1981 233  8244.   9.5  16.5   1.263   4.5   0.1
  17 1981 234  8532.  10.5  16.4   1.284   1.3   0.8
  17 1981 235 17568.   6.5  19.8   1.290   0.9   0.0
  17 1981 236 13320.   6.4  21.7   1.453   1.2   0.0
  17 1981 237 16560.  10.3  23.1   1.751   1.5   0.0
  17 1981 238 22032.  12.3  24.8   1.337   1.2   0.0
  17 1981 239 20448.   8.4  26.2   1.373   1.3   0.0
  17 1981 240 12312.  12.4  22.3   1.539   1.2   0.0
  17 1981 241  5220.  11.4  18.1   1.615   1.0   0.5
  17 1981 242 14940.  12.1  22.8   1.626   2.1   0.0
  17 1981 243 12888.   9.6  18.4   1.212   3.3   0.0
  17 1981 244  9360.  12.9  18.2   1.207   1.7   0.0
  17 1981 245 15768.   8.9  20.0   1.387   1.0   0.0
  17 1981 246 15192.   9.3  20.7   1.378   0.9   0.0
  17 1981 247 16344.   8.0  22.3   1.434   1.3   0.0
  17 1981 248 17748.   8.2  23.5   1.155   1.2   0.0
  17 1981 249 16200.   7.0  23.6   1.387   1.1   0.0
  17 1981 250  8640.  11.9  22.7   1.393   1.5   0.0
  17 1981 251 12060.  13.9  22.7   1.833   1.5   0.0
  17 1981 252 15984.   7.5  22.8   1.411   2.3   0.0
  17 1981 253 15624.  11.4  24.4   1.585   3.8   7.1
  17 1981 254 16380.  11.9  20.1   1.460   2.3  10.0
  17 1981 255 17136.  10.5  17.7   1.241   1.5   0.6
  17 1981 256 16236.   8.4  17.8   1.148   1.7   0.6
  17 1981 257 13320.   6.8  17.9   1.295   2.5   4.0
  17 1981 258  7920.  14.2  20.4   1.673   1.9   0.0
  17 1981 259  9360.  13.3  18.2   1.423   1.8   2.7
  17 1981 260  9396.  13.7  20.9   1.867   3.8   5.2
  17 1981 261  9864.  13.9  17.7   1.423   3.2   0.8
  17 1981 262 10188.  10.9  17.7   1.229   6.6  16.5
  17 1981 263   -99.  11.6  15.9   1.576   4.3   0.0
  17 1981 264 12384.  10.4  17.9   1.184   3.8   0.2
  17 1981 265  9396.  10.9  16.9   1.257   2.0   0.0
  17 1981 266 13608.   6.7  16.9   1.142   4.7   9.3
  17 1981 267 11592.  11.9  17.1   1.373   3.2   0.4
  17 1981 268 12528.   9.4  16.5   1.254   3.5  21.9
  17 1981 269  5868.  10.4  15.1   1.424   3.9   0.6
  17 1981 270 11232.   8.7  15.6   1.194   4.1   0.7
  17 1981 271 11844.   9.6  16.2   1.177   2.2   0.0
  17 1981 272 10152.   7.2  17.2   1.164   3.4  11.1
  17 1981 273 12276.  11.8  18.9   1.607   3.2   0.3
  17 1981 274  4176.  11.8  17.7   1.690   2.9   1.1
  17 1981 275  5688.  12.3  13.7   1.439   3.1   0.0
  17 1981 276  7416.   2.3   9.5   0.819   1.8   6.6
  17 1981 277 11628.   5.9  12.6   0.843   0.6   0.0
  17 1981 278  8280.   4.0  13.8   1.002   1.4   0.0
  17 1981 279  7992.   7.2  15.1   1.215   3.8   5.8
  17 1981 280  8496.   7.0  14.7   0.819   5.0   4.9
  17 1981 281  8064.   7.6  15.9   1.426   5.4   2.5
  17 1981 282  8892.  11.4  14.5   1.278   7.3   2.1
  17 1981 283 11232.   6.7  10.9   0.810   3.6   3.3
  17 1981 284  8748.   5.2  11.1   0.816   3.2   0.6
  17 1981 285 10008.   5.6   9.4   0.877   3.6   1.0
  17 1981 286  8892.   4.4   9.8   0.810   1.9   0.9
  17 1981 287 11700.   2.6  10.0   0.782   0.9   0.0
  17 1981 288  7164.   2.1   8.8   0.653   0.7   0.0
  17 1981 289 10800.  -2.7  11.1   0.511   0.8   0.0
  17 1981 290  2952.  -2.5   8.2   0.708   2.9   0.1
  17 1981 291  8316.   2.4  12.6   0.863   3.2   0.5
  17 1981 292  4320.   6.0  14.6   1.219   4.0  21.2
  17 1981 293  9504.   6.4   9.7   0.916   2.5   0.0
  17 1981 294  7956.   2.5  10.3   0.727   1.8   0.0
  17 1981 295  3744.   3.8   9.5   0.765   1.7   0.0
  17 1981 296  5472.   1.4   9.4   0.758   1.8   0.1
  17 1981 297  4788.   5.4  12.6   1.051   2.3   5.4
  17 1981 298  7632.   3.2   8.4   0.769   1.6   0.0
  17 1981 299  7956.  -1.6   8.9   0.694   2.8   0.3
  17 1981 300  7776.   4.7  11.4   0.869   3.5   0.2
  17 1981 301  6264.   3.5  11.3   0.830   4.4   1.5
  17 1981 302  6696.   4.8  10.6   0.784   3.3   3.9
  17 1981 303  3780.   3.3  13.8   0.802   4.3   4.1
  17 1981 304  7236.   5.3  12.7   0.859   3.1   0.5
  17 1981 305  3600.   6.6  15.3   1.351   4.9   0.0
  17 1981 306  2412.  11.5  13.8   1.138   2.6   0.0
  17 1981 307  5472.  11.5  14.4   1.241   3.4   0.0
  17 1981 308  3852.   6.2  10.6   0.862   1.1   0.0
  17 1981 309  7164.  -2.6  10.7   0.485   0.6   0.0
  17 1981 310  3996.  -2.7   7.9   0.551   0.2   0.0
  17 1981 311  3528.  -1.7   5.9   0.611   0.6   0.0
  17 1981 312  5580.   0.2   8.4   0.691   1.2   0.0
  17 1981 313  2376.   0.5   6.3   0.651   2.2   0.0
  17 1981 314  1260.   3.1   9.3   0.732   4.6   0.0
  17 1981 315  2772.   5.6  11.1   0.965   2.6   0.0
  17 1981 316  3600.   8.6  10.7   0.863   2.0   0.0
  17 1981 317  3528.   2.9   8.8   0.831   2.5   0.0
  17 1981 318  2196.   4.4   9.4   0.949   1.2   0.0
  17 1981 319  3060.   5.7   8.3   0.716   3.3   0.8
  17 1981 320  3600.   6.3  10.4   1.018   1.3   0.0
  17 1981 321  5148.   2.1  11.3   0.831   5.5   0.0
  17 1981 322  1908.   6.4  11.7   1.157   3.5   4.0
  17 1981 323  5724.   2.6  13.9   0.734   4.3   4.6
  17 1981 324  2052.   2.6  15.1   1.262   4.1   0.2
  17 1981 325  2844.   3.4  12.9   0.928   3.5   0.0
  17 1981 326  2736.   7.1  13.7   1.129   4.7   0.0
  17 1981 327  3204.  11.2  13.6   1.215   5.4   2.4
  17 1981 328  2808.   2.7   5.9   0.559   3.3   0.8
  17 1981 329  4932.   1.7   8.1   0.679   4.1   0.0
  17 1981 330  1944.   2.3  12.4   0.936   5.8   2.0
  17 1981 331  4464.   7.9   9.1   0.777   4.9   5.4
  17 1981 332  3780.   2.1   7.4   0.688   2.7   0.0
  17 1981 333  3060.   0.9   9.3   0.579   2.5   4.1
  17 1981 334  2124.   1.9  11.7   1.056   3.2   1.9
  17 1981 335  5400.  -0.2   6.4   0.592   0.8   0.0
  17 1981 336  1908.  -0.8   8.9   0.616   1.0   0.0
  17 1981 337  2952.   0.4  10.9   1.083   4.4   1.3
  17 1981 338  1692.   6.4   8.2   0.844   1.9   0.0
  17 1981 339  2844.   3.5   6.7   0.785   1.9   0.0
  17 1981 340  1872.   2.7   6.6   0.730   2.0   1.9
  17 1981 341  2124.   1.7   5.9   0.793   1.6   0.2
  17 1981 342  3564.  -1.6   2.1   0.452   2.0   0.0
  17 1981 343  3168.  -2.6   2.2   0.589   1.1   0.0
  17 1981 344  1188.  -5.1  -0.4   0.490   1.7   3.2
  17 1981 345  3492.  -4.6  -0.5   0.505   1.9   0.0
  17 1981 346  4608.  -9.1  -1.3   0.352   0.6   0.0
  17 1981 347  2376. -15.3   1.4   0.379   5.3   6.1
  17 1981 348  2880.  -6.8   3.4   0.560   2.0   4.6
  17 1981 349  5724.  -4.7   3.5   0.500   1.6   0.0
  17 1981 350  1944.  -6.9  -2.5   0.399   0.8   0.0
  17 1981 351  4464.  -7.0  -3.6   0.373   0.6   0.0
  17 1981 352  3492. -10.2   0.6   0.458   2.3   0.0
  17 1981 353  6552.  -9.8   2.4   0.323   4.3   2.9
  17 1981 354  1008.  -8.6   1.9   0.633   5.0   7.7
  17 1981 355  3348.   0.2   0.7   0.618   3.9   1.2
  17 1981 356  2448.  -1.8  -0.1   0.507   1.0   0.0
  17 1981 357  4248.  -9.4   0.3   0.387   1.2   2.4
  17 1981 358  1908.  -9.4   1.7   0.604   1.0   0.0
  17 1981 359  3168.  -8.3  -2.7   0.360   0.8   0.0
  17 1981 360  1116.  -9.3   1.6   0.475   4.8   0.0
  17 1981 361  2592.  -3.8   1.1   0.585   2.1   2.8
  17 1981 362   540.  -0.3   2.1   0.611   4.3   5.2
  17 1981 363  1296.  -0.2   4.9   0.687   1.7   4.8
  17 1981 364  1872.   0.0   8.2   0.806   2.4   0.2
  17 1981 365  2664.   1.1   5.4   0.658   0.9   0.0
