*---------------------------------------------------------------------------*
* Station name: Sutton Bonington, Great Britain
* Year: 1982
* Author: Peter Uithol                                     -99.000: NIL VALUE
* Source: Tanimu (Grashoff)
* Comments: Irradiation measured as mW hr-1 cm-2
* Longitude: 1 15 W, latitude: 53 08 N, altitude: -99. m
*
* Column  Daily value
* 1       station number
* 2       year
* 3       day
* 4       irradiation                   (kJ m-2 d-1)
* 5       minimum temperature           (degrees Celsius)
* 6       maximum temperature           (degrees Celsius)
* 7       early morning vapour pressure (kPa)
* 8       mean wind speed (height: 2 m) (m s-1)
* 9       precipitation                 (mm d-1)
*---------------------------------------------------------------------------*
  -1.25  53.13   -99. 0.00 0.00
  17 1982   1   792.  -1.9   4.3   0.611   1.5   1.0
  17 1982   2  1476.  -0.6  12.1   0.831   5.2   5.0
  17 1982   3   432.   4.2  10.7   1.024   4.4   1.0
  17 1982   4  3564.   9.2  11.6   1.030   4.2   3.6
  17 1982   5  1080.   7.8   9.8   1.078   3.7   1.5
  17 1982   6  7200.  -1.6   0.6   0.541   0.9   0.0
  17 1982   7  2124.  -8.3  -1.4   0.334   3.1   0.2
  17 1982   8 12312.  -8.1  -1.2   0.500   5.6   5.2
  17 1982   9  2160.  -4.0  -2.8   0.449   2.8   0.0
  17 1982  10  6840. -11.0  -1.8   0.317   3.3   0.0
  17 1982  11  4464.  -8.4  -1.4   0.378   0.6   0.0
  17 1982  12  4104.  -9.7  -1.2   0.387   0.6   0.0
  17 1982  13  4212.  -9.4  -3.2   0.332   0.4   0.0
  17 1982  14  7092. -15.8  -6.7   0.189   0.3   0.0
  17 1982  15  2340. -15.4   2.5   0.309   1.7   0.0
  17 1982  16  3312.  -9.0   5.4   0.696   1.8   0.6
  17 1982  17  1512.   2.4   7.3   0.854   2.0   0.0
  17 1982  18  2844.   3.9   8.8   0.903   1.8   0.2
  17 1982  19  1260.   0.0   6.9   0.745   1.3   1.6
  17 1982  20  3384.   3.1   8.4   0.942   3.1   0.8
  17 1982  21  4392.   3.9   8.9   0.789   4.2   2.0
  17 1982  22  4752.   3.6   7.9   0.724   3.5   5.1
  17 1982  23  3348.   1.3   7.4   0.801   1.2   0.0
  17 1982  24  4608.  -2.0   8.7   0.556   1.9   0.0
  17 1982  25  2232.   0.8  11.2   1.047   3.9   4.4
  17 1982  26  3276.   4.8   7.5   0.783   3.7   0.3
  17 1982  27  3744.   1.4   7.6   0.519   3.1   0.0
  17 1982  28  3924.  -1.3   9.8   0.755   4.2   0.0
  17 1982  29   684.   4.6  11.6   1.033   4.8   0.0
  17 1982  30   504.   8.5  10.9   0.892   3.6   0.0
  17 1982  31  3348.   8.9  10.9   1.023   1.9   0.0
  17 1982  32  1188.   7.2   8.9   0.896   2.2   0.0
  17 1982  33  4824.   5.7   8.3   0.870   3.1   0.0
  17 1982  34  2412.   0.2   5.7   0.610   2.7   0.1
  17 1982  35  2880.   1.2   9.7   0.725   3.4   0.0
  17 1982  36  1692.   2.6  11.7   1.017   3.7   8.9
  17 1982  37  4896.   6.8  10.7   0.942   3.3   1.0
  17 1982  38  4176.   0.1   7.9   0.661   1.9   0.0
  17 1982  39  4356.   0.5  10.6   0.610   5.0   0.0
  17 1982  40  5076.   2.4  13.9   1.101   3.8   0.0
  17 1982  41  3240.   6.5  10.9   0.929   3.8   1.4
  17 1982  42  1692.   7.7   9.8   1.045   3.4   3.1
  17 1982  43  2304.   2.2  11.1   0.780   5.6   0.5
  17 1982  44  5868.   5.8  10.4   0.843   2.9   0.0
  17 1982  45  7344.   0.5   8.2   0.680   0.9   0.0
  17 1982  46  2772.  -1.8   4.7   0.602   3.1   0.0
  17 1982  47  2268.  -0.4   3.7   0.573   4.4   0.1
  17 1982  48   108.   1.2   2.2   0.646   3.1   2.2
  17 1982  49  1980.   0.3   4.8   0.691   1.5   0.4
  17 1982  50   756.   1.7   3.5   0.755   2.7   0.0
  17 1982  51  1980.  -1.5   0.9   0.479   2.3   0.0
  17 1982  52  6048.  -3.3   5.2   0.576   2.1   0.0
  17 1982  53  8028.  -2.7   4.7   0.552   1.3   0.0
  17 1982  54  6444.  -2.6   5.4   0.528   1.0   0.0
  17 1982  55  7596.  -1.1   6.9   0.495   3.4   0.1
  17 1982  56   972.   1.1   4.2   0.701   3.2   3.4
  17 1982  57  2232.   2.7   8.8   0.741   1.9   2.2
  17 1982  58  3456.  -0.6  10.0   0.763   2.4   0.2
  17 1982  59  5112.   2.4  12.9   1.111   5.4   3.4
  17 1982  60  5616.   6.2   9.3   0.869   4.4   4.0
  17 1982  61  7740.   3.0  10.6   0.690   6.6   1.4
  17 1982  62  8784.   6.4  10.9   0.698   6.6   0.4
  17 1982  63  4860.   4.8   8.6   0.724   1.4   2.1
  17 1982  64 12240.  -1.7   9.9   0.673   2.9   0.8
  17 1982  65  1728.   1.7   7.3   0.858   3.6  15.1
  17 1982  66  5724.   4.5   7.5   0.817   1.6   0.0
  17 1982  67  6084.  -1.2   7.1   0.646   2.2   2.0
  17 1982  68 11448.  -2.0  10.4   0.705   5.9   6.6
  17 1982  69  8712.   2.5  11.4   0.879   5.7   4.5
  17 1982  70 13140.   1.2   8.4   0.598   5.8   1.5
  17 1982  71 10512.   4.6   7.6   0.800   5.6   0.7
  17 1982  72 13104.   0.7   9.6   0.698   4.1   0.0
  17 1982  73  7848.   4.2  11.4   0.910   6.6  16.4
  17 1982  74  6264.   6.5   6.9   0.863   3.3   6.6
  17 1982  75 10368.   1.0   8.7   0.714   5.0   0.3
  17 1982  76 11880.   2.5   8.9   0.755   3.9   2.3
  17 1982  77  7524.   3.5   8.4   0.799   2.0   0.0
  17 1982  78  8028.   0.3   8.4   0.782   2.2   5.0
  17 1982  79  3672.   3.4   7.3   0.773   1.5   0.3
  17 1982  80  5364.   0.7   8.1   0.762   2.3   0.6
  17 1982  81 12528.   3.9  12.1   0.896   1.7   0.0
  17 1982  82 15624.  -0.9  11.9   0.762   1.0   0.0
  17 1982  83 14472.   1.1  13.9   0.803   1.3   0.0
  17 1982  84 17064.   0.8  15.6   0.925   1.1   0.0
  17 1982  85 14508.   0.3  17.2   0.907   0.6   0.0
  17 1982  86 11844.  -0.6  17.1   0.784   0.7   0.0
  17 1982  87  9936.  -2.0  11.1   0.762   1.8   0.0
  17 1982  88  9072.   2.7   8.1   0.730   4.3   1.5
  17 1982  89  6120.   1.4   7.4   0.686   3.5   0.0
  17 1982  90  5688.   2.2   7.6   0.741   4.0   0.0
  17 1982  91  5868.   2.5  10.2   0.790   1.8   0.5
  17 1982  92 13824.   4.3  12.1   0.843   1.6   0.0
  17 1982  93 13752.   2.6  14.2   0.958   2.3   0.0
  17 1982  94 12312.   6.4  15.4   0.960   2.6   0.0
  17 1982  95  7596.   4.6  16.7   0.996   1.4   3.3
  17 1982  96  6192.   9.1  16.7   1.265   3.0  15.4
  17 1982  97 10008.   7.3  14.8   1.245   5.0   5.9
  17 1982  98 10260.   3.8   7.7   0.566   2.3   0.0
  17 1982  99  8892.  -1.1   9.4   0.668   3.4   0.3
  17 1982 100 13212.   4.8  11.3   0.765   2.2   0.9
  17 1982 101 11268.   2.6   8.1   0.446   1.9   0.0
  17 1982 102   -99.  -0.4   7.8   0.521   1.9   0.0
  17 1982 103   -99.   0.7  10.6   0.694   1.5   0.0
  17 1982 104 20844.   1.3  14.4   0.679   1.1   0.0
  17 1982 105   -99.   1.0  16.3   0.933   0.7   0.0
  17 1982 106  9756.   7.7  15.1   0.979   2.7   0.0
  17 1982 107  8928.   0.8  10.4   0.811   2.3   0.0
  17 1982 108 22428.   0.0  13.3   0.791   2.4   0.0
  17 1982 109 17784.   0.3  12.9   0.739   1.3   0.0
  17 1982 110 21492.   0.3  15.9   0.881   1.8   0.0
  17 1982 111 16740.   4.8  15.9   0.940   1.0   0.0
  17 1982 112 21960.   3.1  15.7   1.035   1.7   0.0
  17 1982 113 16524.   6.3  13.3   0.691   3.3   0.0
  17 1982 114 15516.   6.2  14.3   0.971   1.8   0.0
  17 1982 115 13932.   3.8  17.1   1.053   1.3   0.0
  17 1982 116 19332.   4.4  15.4   1.080   2.0   0.0
  17 1982 117 18612.   6.4  19.3   0.887   2.1   0.0
  17 1982 118 19908.   6.0  14.6   0.994   3.9   0.0
  17 1982 119  7164.   8.4  12.1   0.917   2.7   1.4
  17 1982 120  7740.   4.9  11.7   0.989   4.5   0.8
  17 1982 121 16236.   6.3   9.5   0.713   3.9   0.0
  17 1982 122 16884.   3.2  10.9   0.613   6.4   3.4
  17 1982 123 20700.   3.7  12.1   0.712   4.9   0.0
  17 1982 124 24480.   2.8  10.8   0.694   2.0   0.0
  17 1982 125 19044.  -3.2  12.6   0.596   1.3   0.0
  17 1982 126 16560.  -0.1  11.1   0.707   2.0   0.0
  17 1982 127 11880.   1.6  10.8   0.754   1.7   0.3
  17 1982 128 27252.   2.4  14.1   0.764   1.3   0.0
  17 1982 129 19584.   2.1  14.7   0.684   1.4   0.0
  17 1982 130 24372.   3.0  16.0   0.877   1.2   0.0
  17 1982 131 20088.   0.8  17.6   1.004   2.5   0.0
  17 1982 132 25632.   1.6  20.8   1.061   3.2   0.0
  17 1982 133 22032.   5.8  22.0   1.081   2.6   0.0
  17 1982 134 27828.   1.1  21.8   1.146   2.9   0.0
  17 1982 135 19656.   4.9  23.1   1.172   1.9   4.3
  17 1982 136 23904.   6.8  19.8   1.446   1.6   0.0
  17 1982 137 10116.   3.5  17.2   1.219   1.3   0.0
  17 1982 138 24156.   5.3  18.1   0.959   1.5   4.6
  17 1982 139 13212.   3.9  15.9   1.144   1.4   0.0
  17 1982 140 12744.  10.6  15.8   1.313   0.6   0.0
  17 1982 141 10260.  11.4  18.8   1.380   2.9   3.9
  17 1982 142 16092.  12.1  16.8   1.238   3.2   0.0
  17 1982 143 13824.   8.6  15.4   1.098   2.5   2.2
  17 1982 144 15516.   8.0  17.0   1.122   4.2   0.0
  17 1982 145 19008.  11.6  19.1   1.225   2.8   0.0
  17 1982 146 21888.   5.9  20.2   1.163   2.4   0.2
  17 1982 147 10368.  11.0  16.4   1.166   1.8   1.2
  17 1982 148 27612.   6.2  17.6   1.039   2.1   0.0
  17 1982 149 25164.   4.3  21.8   1.071   1.8   0.0
  17 1982 150   -99.   7.5  21.9   1.225   3.0   0.0
  17 1982 151 18036.   7.7  25.1   1.435   1.3   0.0
  17 1982 152 24696.  11.6  26.4   1.954   1.1   0.0
  17 1982 153 19656.  12.3  27.2   1.678   1.2   5.9
  17 1982 154 20952.  10.6  25.0   1.833   1.5   0.0
  17 1982 155 20160.  13.4  27.2   1.908   1.6  24.0
  17 1982 156 21240.  13.2  27.6   2.339   1.0   0.1
  17 1982 157 14004.  15.3  25.1   1.993   1.6   0.0
  17 1982 158 24876.  13.4  23.2   1.320   0.8   0.0
  17 1982 159   -99.  12.2  22.4   1.657   1.3   1.4
  17 1982 160 16812.  13.8  21.4   1.635   2.8   0.3
  17 1982 161   -99.  11.4  19.1   1.295   3.1  10.0
  17 1982 162 18756.  12.4  19.2   1.400   1.9   1.2
  17 1982 163 13608.  11.4  18.1   1.343   2.2  15.9
  17 1982 164 15372.   8.1  13.9   0.944   1.5   0.0
  17 1982 165 10836.   5.5  15.1   1.055   1.1   0.0
  17 1982 166 14364.   6.4  16.3   1.157   2.2   1.1
  17 1982 167 13932.   9.7  19.3   1.262   1.4   0.0
  17 1982 168 16092.   8.4  20.4   1.349   4.2  13.4
  17 1982 169  4500.   9.8  14.9   1.267   1.3  12.1
  17 1982 170  9540.  10.9  14.9   1.256   1.1   1.6
  17 1982 171 13140.   8.9  18.9   1.406   2.0   1.3
  17 1982 172  3564.  11.6  13.9   1.387   3.2  15.6
  17 1982 173  2484.  11.2  12.9   1.393   3.4  29.8
  17 1982 174  8892.  10.6  16.4   1.304   3.2   0.7
  17 1982 175  7776.  11.6  17.2   1.328   2.1   0.0
  17 1982 176  8460.  12.9  17.6   1.520   2.3   4.7
  17 1982 177 15948.  11.2  18.9   1.440   1.9   0.0
  17 1982 178 18252.   9.4  19.1   1.441   3.4   0.7
  17 1982 179 16848.  12.5  18.8   1.356   3.6   1.8
  17 1982 180 19332.  10.0  17.1   1.230   2.3   0.1
  17 1982 181 14724.   9.4  19.8   1.281   2.5   0.0
  17 1982 182 14004.  13.4  19.9   1.454   1.9   0.0
  17 1982 183 10332.  12.2  17.6   1.324   1.4   0.2
  17 1982 184 16848.  10.9  17.3   1.232   2.6   0.0
  17 1982 185 11808.  10.2  17.4   1.253   3.5   0.0
  17 1982 186 15588.   9.9  20.1   1.287   2.0   0.1
  17 1982 187 17820.  12.3  22.3   1.650   1.6   0.0
  17 1982 188 21312.   9.7  23.4   1.573   1.3   0.0
  17 1982 189 14472.  16.9  25.7   1.974   2.0   0.0
  17 1982 190 17460.  14.1  27.5   1.971   3.1   0.0
  17 1982 191 22644.  14.5  23.6   1.570   1.3   0.0
  17 1982 192 22608.  10.9  24.8   1.745   4.2   0.0
  17 1982 193  8712.  13.4  17.8   1.327   4.8   0.0
  17 1982 194 25488.  13.7  22.8   1.487   3.7   0.0
  17 1982 195 11268.  13.2  22.5   1.610   2.1   0.0
  17 1982 196 13248.  16.6  18.7   1.890   2.8   0.0
  17 1982 197 15192.   9.8  18.1   1.158   1.7   0.0
  17 1982 198 27756.   6.6  21.9   1.169   1.7   0.0
  17 1982 199 15480.  15.4  23.3   1.594   1.6   0.0
  17 1982 200 21636.  12.1  21.4   1.784   2.9   0.0
  17 1982 201 10476.   9.4  19.0   1.377   3.9   0.0
  17 1982 202 22284.  12.8  22.3   1.643   3.3   0.0
  17 1982 203 10152.   8.9  18.9   1.383   2.8   0.0
  17 1982 204 11556.  12.7  17.8   1.240   2.0   0.0
  17 1982 205  9252.  12.8  18.3   1.113   1.0   0.0
  17 1982 206 21924.   9.4  23.9   1.595   2.2   0.0
  17 1982 207 13392.  13.3  20.3   1.418   1.7   0.0
  17 1982 208 15948.   5.2  18.7   1.163   2.5   0.0
  17 1982 209 18288.   7.8  20.9   1.181   3.8   0.0
  17 1982 210 23688.  10.6  22.9   1.218   3.2   0.0
  17 1982 211 21060.  12.8  24.5   1.535   5.7   0.0
  17 1982 212 14004.  15.4  24.8   1.728   2.4   3.9
  17 1982 213  6804.  15.7  20.9   1.827   0.8   1.1
  17 1982 214 15012.  15.8  25.1   1.974   2.3   0.0
  17 1982 215 20448.  15.1  28.7   1.830   2.1   0.0
  17 1982 216 14652.  15.6  25.8   1.967   1.6   3.3
  17 1982 217  7200.  16.8  22.6   1.955   1.3  58.6
  17 1982 218  9576.  17.4  21.8   2.059   1.8   0.4
  17 1982 219  8460.  15.1  18.6   1.524   1.8   0.0
  17 1982 220 14652.  11.4  23.0   1.445   2.7   0.3
  17 1982 221 16560.  11.6  20.8   1.205   2.6   0.2
  17 1982 222 22248.  11.4  21.0   1.301   1.5   0.0
  17 1982 223 14832.  12.8  22.2   1.732   3.3   0.4
  17 1982 224 17100.  13.8  19.8   1.568   4.5   0.6
  17 1982 225 13500.  13.7  17.1   1.486   2.2  11.1
  17 1982 226 18684.   7.8  19.9   1.216   2.1   8.6
  17 1982 227   -99.  14.9  21.6   1.749   3.6   0.4
  17 1982 228  8136.  13.4  18.8   1.438   3.1  15.1
  17 1982 229 30312.  10.7  18.8   1.223   5.1   9.6
  17 1982 230 10692.  13.1  19.2   1.562   3.2   0.2
  17 1982 231 15480.   9.3  16.4   1.089   4.4   4.2
  17 1982 232 12672.   8.2  16.6   1.067   4.4   3.2
  17 1982 233 12420.  11.0  17.2   1.028   3.1   0.6
  17 1982 234 11412.  13.9  19.4   1.505   3.4   0.3
  17 1982 235 11592.  11.4  17.3   1.327   2.1   1.5
  17 1982 236  5760.  10.2  16.2   1.465   3.6   3.0
  17 1982 237 13356.   9.4  17.4   1.191   3.4   0.0
  17 1982 238 16020.  10.4  18.3   1.249   1.9   1.7
  17 1982 239 15948.   7.7  17.9   1.246   1.4   0.0
  17 1982 240 18360.   7.1  18.9   1.208   1.7   0.0
  17 1982 241 14256.   9.4  19.9   1.226   4.9   0.0
  17 1982 242  9828.  13.1  17.7   1.317   2.9  11.4
  17 1982 243 16344.   8.9  15.9   0.999   1.9   0.2
  17 1982 244  6264.  11.4  18.2   1.518   1.6   0.1
  17 1982 245 19620.   8.6  18.1   1.128   1.6   0.0
  17 1982 246 16452.   5.1  21.1   1.038   2.5   0.0
  17 1982 247 14400.  12.1  21.4   1.563   1.3   0.0
  17 1982 248  4284.  11.4  16.3   1.523   3.4  16.5
  17 1982 249  5220.  13.3  17.1   1.361   2.2   0.0
  17 1982 250 10620.  12.4  19.9   1.623   3.4   0.0
  17 1982 251 12780.  11.4  18.6   1.311   1.5   0.0
  17 1982 252  9900.  10.2  20.1   1.384   1.8   0.0
  17 1982 253 13284.  13.1  21.9   1.574   1.8   0.0
  17 1982 254 15228.  10.9  18.7   1.183   2.2   0.0
  17 1982 255 10188.  12.0  21.1   1.551   2.6   0.0
  17 1982 256 11124.   9.9  17.3   1.244   1.0   0.0
  17 1982 257 12384.   4.4  20.9   1.214   0.8   0.0
  17 1982 258  5940.   6.6  18.1   1.434   0.7   0.0
  17 1982 259 13572.   7.1  23.0   1.522   0.7   0.0
  17 1982 260 13248.  10.1  24.9   1.628   1.1   0.0
  17 1982 261 13356.  12.1  26.2   1.670   1.4   0.0
  17 1982 262  4212.  14.2  18.3   1.651   2.0   0.2
  17 1982 263  6948.  16.3  19.8   1.645   4.1  20.9
  17 1982 264  8352.   7.4  14.1   0.962   2.3   1.5
  17 1982 265  9432.   3.9  13.8   1.043   2.0   0.0
  17 1982 266  8964.   9.4  14.9   1.223   2.2   3.3
  17 1982 267  8964.   6.7  16.5   1.199   3.7   5.5
  17 1982 268 13608.   8.8  17.5   1.268   2.6   6.0
  17 1982 269  7272.  10.2  16.3   1.267   4.6  10.8
  17 1982 270  5472.   9.9  16.0   1.364   4.5   1.4
  17 1982 271  5328.   7.4  17.1   1.190   3.9   1.1
  17 1982 272  5148.   8.5  13.7   1.252   0.8   0.0
  17 1982 273  6120.   1.7  15.4   1.102   2.4   0.0
  17 1982 274  6156.   9.0  15.6   1.257   3.9   0.3
  17 1982 275  1980.  13.0  13.4   1.420   0.8   4.1
  17 1982 276 11988.   6.8  16.2   1.229   2.8   9.4
  17 1982 277  7524.   9.9  14.9   1.256   1.6   0.5
  17 1982 278  2232.   7.5  11.7   1.051   1.8   6.6
  17 1982 279  6948.   7.4  14.9   1.252   3.4   1.0
  17 1982 280  1728.  10.1  11.7   0.986   2.8   5.9
  17 1982 281  1260.  10.4  11.7   1.154   1.6   0.6
  17 1982 282  4284.   8.9  12.1   1.033   0.8   0.0
  17 1982 283  7812.   6.6  13.8   1.046   0.9   0.0
  17 1982 284  6444.   3.1  12.9   0.929   1.0   0.0
  17 1982 285  3096.   4.8  10.9   1.024   3.5   1.8
  17 1982 286 10476.   7.4  13.1   0.985   2.4   0.0
  17 1982 287  3996.   5.0  10.7   0.920   2.3   0.0
  17 1982 288  9612.   3.9  11.9   0.909   2.0   0.0
  17 1982 289  1116.   5.2  12.3   1.068   4.6   3.2
  17 1982 290  5508.   8.2  14.5   1.123   4.7   0.0
  17 1982 291 10008.   9.2  14.6   1.161   1.8   0.5
  17 1982 292  3060.   6.9  14.9   1.018   5.4   3.4
  17 1982 293  2304.   9.8  14.7   1.516   1.4   5.4
  17 1982 294  2412.   7.6  10.8   1.134   0.4   0.1
  17 1982 295  3132.   7.3  10.4   0.969   0.6   0.0
  17 1982 296  7596.   1.0  11.9   0.824   0.8   0.0
  17 1982 297  4068.  -1.7  11.6   0.791   2.2   0.7
  17 1982 298  6912.   3.8  13.6   1.051   1.8   0.0
  17 1982 299  1656.   8.1  15.6   1.368   3.6   0.0
  17 1982 300  7272.   4.9  12.6   0.883   1.9   0.0
  17 1982 301  6876.   3.6  13.3   0.889   1.8   0.0
  17 1982 302  1692.   5.4  13.3   1.204   2.2   0.0
  17 1982 303  1908.  10.7  12.6   1.239   2.3   0.5
  17 1982 304  1728.  10.1  15.1   1.307   3.4   5.1
  17 1982 305  1548.  10.6  16.4   1.557   2.4   1.0
  17 1982 306  1512.   9.9  11.4   1.207   2.5   6.0
  17 1982 307  1044.   9.3  11.3   1.173   1.6   0.4
  17 1982 308  1332.   9.4  12.2   1.263   2.3   1.5
  17 1982 309   -99.  11.4  11.7   1.302   4.5   1.1
  17 1982 310  1944.   9.4   9.9   1.058   5.0   0.0
  17 1982 311  1548.   8.0  11.3   0.952   4.1   4.0
  17 1982 312  1692.   7.5  13.9   1.122   3.9   3.0
  17 1982 313  3852.   9.6  12.8   1.078   4.0   0.2
  17 1982 314  5580.   7.9  13.6   0.997   5.4   0.1
  17 1982 315  2592.  10.5  14.4   1.208   5.4   7.1
  17 1982 316  2052.   9.5  11.3   0.940   3.7   0.1
  17 1982 317  4464.   4.4   8.7   0.753   2.6   1.5
  17 1982 318  1476.   1.9   5.6   0.766   2.9   3.2
  17 1982 319  5184.   1.0   9.2   0.531   3.6   2.9
  17 1982 320  3276.   2.7  10.1   1.121   4.4   4.5
  17 1982 321  1908.   3.1  12.1   0.817   4.8   0.2
  17 1982 322  2088.   6.9  12.9   1.193   6.1   0.0
  17 1982 323  2844.   5.1   8.5   0.693   6.0   1.9
  17 1982 324  4788.   5.1  11.2   0.856   4.1   0.2
  17 1982 325   684.   5.3  13.1   1.214   5.0   8.8
  17 1982 326  4356.   5.0   9.4   0.749   5.2   0.0
  17 1982 327   432.   5.1  11.3   0.991   3.9   2.3
  17 1982 328  3420.   4.1   9.1   0.701   3.9   4.7
  17 1982 329  2268.   3.8   8.3   0.797   2.6   0.4
  17 1982 330  1692.   1.6   4.9   0.709   1.0   0.0
  17 1982 331  3708.  -3.1   5.8   0.566   1.6   0.0
  17 1982 332  3492.  -2.3   6.6   0.654   2.1   0.0
  17 1982 333  3852.  -1.3   5.9   0.616   0.5   0.0
  17 1982 334  1944.  -4.5   0.6   0.501   0.5   0.0
  17 1982 335  1080.  -4.7   3.7   0.582   1.6   0.0
  17 1982 336   216.   0.6   3.9   0.666   0.8   0.0
  17 1982 337  1512.  -0.2   6.6   0.740   1.7   0.0
  17 1982 338  1836.   0.3   9.1   0.703   3.7   0.0
  17 1982 339   936.   3.0   7.9   0.929   0.9   0.0
  17 1982 340  3564.  -3.2   5.2   0.559   0.9   0.0
  17 1982 341  2952.  -2.6  10.5   0.632   5.6   7.3
  17 1982 342  2988.   1.2   6.1   0.712   4.1   0.2
  17 1982 343  2196.   1.6   8.1   0.728   3.3  17.3
  17 1982 344  1764.   3.4   5.6   0.673   3.0   0.0
  17 1982 345  2952.   0.7   5.1   0.630   1.1   0.0
  17 1982 346   108.  -1.4   1.1   0.589   2.4   1.9
  17 1982 347  2484.  -0.5   2.9   0.622   1.1   0.1
  17 1982 348  1260.  -2.0  12.9   0.577   5.5   0.0
  17 1982 349  2124.   1.7  14.9   1.232   7.5   2.0
  17 1982 350  1872.   4.2   5.6   0.647   4.6   1.3
  17 1982 351  3024.  -0.1   3.6   0.534   2.1   0.0
  17 1982 352  3132.  -0.7   6.7   0.534   3.9   2.4
  17 1982 353   540.  -0.9  11.4   0.889   7.4   7.0
  17 1982 354   -99.   3.5   6.4   0.647   6.7   1.6
  17 1982 355   -99.   3.9   6.9   0.761   1.8   0.0
  17 1982 356  1152.  -0.9   0.9   0.629   1.4   2.5
  17 1982 357  1476.  -4.3   8.4   0.454   2.6   1.9
  17 1982 358  1368.  -4.2   9.9   1.033   2.6   0.0
  17 1982 359  1224.   7.9  10.8   1.108   3.6   0.0
  17 1982 360  2448.   7.1  10.1   0.963   4.3   0.0
  17 1982 361  3204.   5.0   8.7   0.770   3.8   0.0
  17 1982 362  3816.   2.2   6.5   0.670   1.5   0.0
  17 1982 363   972.   2.8   7.9   0.865   2.0   0.0
  17 1982 364  2988.   5.1   7.1   0.709   3.3   0.3
  17 1982 365   216.   4.4   9.1   0.838   4.6   0.3
