*---------------------------------------------------------------------------*
* Station name: Mlynefield, Great Britain
* Year: 1986
* Author: Peter Uithol                                     -99.000: NIL VALUE
* Source: Ouwerkerk
* Comments: Vapour pressure measured as dry and wet bulb temperatures
*           Irradiation measured as mW cm-2
* Longitude: 3 00 E, latitude: 56 25 N, altitude: 30. m
*
* Column  Daily value
* 1       station number
* 2       year
* 3       day
* 4       irradiation                   (kJ m-2 d-1)
* 5       minimum temperature           (degrees Celsius)
* 6       maximum temperature           (degrees Celsius)
* 7       early morning vapour pressure (kPa)
* 8       mean wind speed (height: 2 m) (m s-1)
* 9       precipitation                 (mm d-1)
*---------------------------------------------------------------------------*
   3.00  56.42    30. 0.00 0.00
  18 1986   1   540.   0.8   4.8   0.682   2.6   0.3
  18 1986   2  1296.   1.3   5.7   0.946   4.1   1.7
  18 1986   3  2160.  -0.2   2.1   0.717   1.6   0.0
  18 1986   4  1512.  -4.2   1.8   0.477   1.7   3.4
  18 1986   5  1584.  -4.0   1.9   0.617   2.5   1.5
  18 1986   6  1332.  -0.6   1.7   0.688   0.3   0.0
  18 1986   7   576.  -3.0   3.6   0.803   4.3   0.6
  18 1986   8   216.   1.5   2.6   0.717   1.5   1.1
  18 1986   9   144.   1.5   8.6   0.758   2.9   4.6
  18 1986  10  1224.   1.5   7.8   1.134   8.5  16.1
  18 1986  11  1260.   2.3   6.1   0.846   8.0   3.7
  18 1986  12   -99.   2.0   8.5   0.985   2.2   0.1
  18 1986  13   648.   3.5  10.0   1.182   8.6   5.0
  18 1986  14   -99.   0.4  10.0   0.863   7.8   4.8
  18 1986  15   -99. -99.0   5.2   0.939   3.3   0.2
  18 1986  16  1476.  -0.1   2.7   0.705   1.1   0.0
  18 1986  17  1188.  -0.1   6.6   0.649   1.7   2.1
  18 1986  18  1980.   0.4   6.4   1.022   2.5   1.1
  18 1986  19  2016.   2.6   4.4   0.792   3.5   0.8
  18 1986  20   684.   1.5   8.0   0.859   7.7   3.6
  18 1986  21  2844.   3.2   5.4   0.832   4.5   1.0
  18 1986  22   972.   0.5   6.9   0.867   6.5   0.7
  18 1986  23  3060.  -2.0   5.2   0.833   7.0   1.8
  18 1986  24  3456.  -0.6   1.9   0.738   4.2   0.0
  18 1986  25  3600.  -1.9   3.4   0.580   0.5   0.0
  18 1986  26   792.  -6.0   2.6   0.590   0.1   3.8
  18 1986  27   -99.  -1.4   2.9   0.739   1.8   2.1
  18 1986  28   -99.  -1.4   3.2   0.732   2.0   0.8
  18 1986  29  1008.   0.4   3.2   0.689   4.6  11.6
  18 1986  30   612.   2.6   4.6   0.814   7.8   1.9
  18 1986  31   216.   2.4   3.9   0.838   6.4   0.7
  18 1986  32   -99.   1.9   3.0   0.866   5.0   0.1
  18 1986  33   468.   1.9   2.7   0.820   5.4   2.5
  18 1986  34   324.   1.4   3.9   0.769   5.9   3.2
  18 1986  35  2484.   1.8   4.6   0.940   4.1   0.6
  18 1986  36  1836.  -0.6   3.2   0.743   5.8  12.1
  18 1986  37  2808.  -2.3   1.4   0.702   4.7   1.5
  18 1986  38  3312.  -1.0   1.3   0.622   2.6   0.7
  18 1986  39  2340.  -1.0   1.1   0.644   0.3   0.0
  18 1986  40  3312.  -1.6   1.0   0.586   1.1   0.0
  18 1986  41   -99.  -1.4   1.8   0.736   1.5   0.0
  18 1986  42  5256.  -7.5   0.0   0.406   0.8   0.0
  18 1986  43  3888.  -6.7   2.1   0.418   3.3   0.0
  18 1986  44  3024.  -5.1   2.6   0.829   4.8   0.1
  18 1986  45  1188.   1.0   2.4   0.878   7.9   9.9
  18 1986  46   900.  -0.3   2.7   0.735   7.1   0.9
  18 1986  47   648.   0.9   2.4   0.807   5.7   1.7
  18 1986  48  1944.   1.0   2.9   0.825   4.0   0.0
  18 1986  49  3348.  -0.2   3.3   0.769   1.5   0.0
  18 1986  50  2124.  -1.1   1.3   0.688   0.7   0.3
  18 1986  51  3780.  -1.6  -0.2   0.601   0.7   0.2
  18 1986  52  1800.  -2.5  -0.9   0.586   1.2   1.3
  18 1986  53  7452.  -5.6   2.1   0.481   3.0   0.6
  18 1986  54  6300.  -5.1   2.8   0.570   1.2   0.0
  18 1986  55  8316.  -5.4   4.9   0.583   0.1   0.3
  18 1986  56  4248.  -1.9   2.7   0.598   1.7   0.0
  18 1986  57  6336.  -1.6   2.4   0.734   0.1   1.0
  18 1986  58  5508.  -5.8   1.7   0.424   2.3   0.0
  18 1986  59  5760.  -5.2   2.4   0.637   4.2   0.0
  18 1986  60  6192.  -1.4   1.4   0.604   1.5   0.0
  18 1986  61  8064.  -7.1   3.0   0.441   1.2   0.0
  18 1986  62  4140.  -5.1   6.9   0.581   4.7   0.3
  18 1986  63  4176.  -1.0  10.5   1.035   5.3   0.5
  18 1986  64  6588.   3.6   6.7   1.016   7.5   1.9
  18 1986  65  8568.   0.6   7.1   0.906   5.3   0.0
  18 1986  66  8208.   2.5   9.2   0.952   3.8   0.0
  18 1986  67  6444.   3.5   8.3   1.087   5.1   0.8
  18 1986  68  3276.   4.6   8.2   0.970   1.2   1.2
  18 1986  69  8532.   2.9  10.0   0.905   1.1   0.0
  18 1986  70  6192.   1.0   9.1   0.965   1.4   0.2
  18 1986  71  7380.   4.6   9.4   0.975   3.9   0.0
  18 1986  72  4140.   1.8   6.9   0.805   4.1   3.2
  18 1986  73  1188.   2.4  10.1   1.061   4.7   0.2
  18 1986  74  4392.   6.6  12.4   1.334   6.0   0.0
  18 1986  75  1980.   5.8   8.8   1.074   2.7   1.7
  18 1986  76 11556.   2.1   8.4   0.958   3.0   0.0
  18 1986  77  3204.   2.3   7.5   1.015   1.6   1.9
  18 1986  78 12996.  -1.1   9.6   0.885   4.3   3.4
  18 1986  79   -99.   2.7   7.2   0.996   6.2   1.0
  18 1986  80   -99. -99.0  10.3   0.989   6.9   0.1
  18 1986  81  4284.   4.1  10.9   1.312   8.8   0.6
  18 1986  82 10260.   1.1   5.5   0.829   4.8   0.6
  18 1986  83 11340.  -0.2   6.5   0.810   3.7   0.0
  18 1986  84 10656.   1.9   9.1   1.166   4.5   0.0
  18 1986  85 11340.   1.5   9.0   1.055   4.7   2.2
  18 1986  86  7524.   3.0   7.8   0.965   5.3   1.0
  18 1986  87  5616.   0.2   7.5   0.991   2.0   2.4
  18 1986  88 12168.   2.1   8.9   1.093   4.9   0.1
  18 1986  89 11664.  -0.1   8.3   0.877   2.7   0.2
  18 1986  90 10440.  -2.0   8.1   0.907   1.6   0.1
  18 1986  91 12996.  -0.9  10.6   1.075   1.2   3.9
  18 1986  92  9900.  -0.2   7.9   0.882   0.8   0.9
  18 1986  93 12672.   0.4   8.0   1.018   1.8   0.1
  18 1986  94   -99.   0.1   9.9   0.999   1.9   0.6
  18 1986  95  7416.   1.4   7.5   1.011   3.9   0.3
  18 1986  96 16236.   2.3   7.0   1.080   4.6   0.3
  18 1986  97 12636.   0.4   6.8   0.942   7.4   0.1
  18 1986  98 14364.   0.5   8.4   1.082   5.4   0.0
  18 1986  99 10584.   2.0   9.8   1.207   6.7   0.0
  18 1986 100  6732.   2.1   5.6   1.002   3.5   0.0
  18 1986 101   -99.  -0.1  10.0   1.077   2.7   0.0
  18 1986 102   -99.   3.5   8.6   1.120   1.1   3.1
  18 1986 103  9612.   2.1   5.8   0.899   5.0   1.0
  18 1986 104  3168.   3.2   4.8   0.913   8.6   1.8
  18 1986 105  4860.   1.6   5.0   0.995   9.6  17.7
  18 1986 106   -99.   1.0   3.6   0.720   6.5   4.1
  18 1986 107 10764.   1.5   7.0   0.909   3.1   0.1
  18 1986 108 16776.   1.4   7.7   0.981   1.4   0.0
  18 1986 109  9468.   1.2   8.4   1.015   3.5  16.0
  18 1986 110   -99.   4.4  10.9   0.975   2.6   0.7
  18 1986 111   -99.   0.1   9.2   1.060   4.0   0.6
  18 1986 112  4680.   2.5   6.2   0.947   2.1   3.1
  18 1986 113 14004.   1.7   8.1   0.976   1.7   0.1
  18 1986 114  8892.   1.9   8.4   1.021   1.4   0.0
  18 1986 115  9720.   5.7  12.3   1.021   2.4   0.0
  18 1986 116 14580.   5.0  11.7   1.114   2.6   0.0
  18 1986 117 15372.   3.0  12.3   1.286   2.8   1.6
  18 1986 118  5652.   4.5  10.8   1.061   4.2   0.3
  18 1986 119 17784.   2.8  11.6   1.209   5.5   1.1
  18 1986 120  5472.   4.5  12.4   1.225   7.0   0.0
  18 1986 121   -99.   8.4  16.6   1.407   3.3   0.0
  18 1986 122 18108.   5.3  13.7   1.334   2.4   0.0
  18 1986 123  8820.   7.5  12.8   1.222   3.3   1.4
  18 1986 124 16272.   6.6  11.6   1.331   5.5   0.4
  18 1986 125  3240.   7.2  10.5   1.161   3.6   6.8
  18 1986 126 16452.   6.6  12.7   1.350   4.6  11.3
  18 1986 127  1800.   6.8  10.9   1.063   4.0   8.3
  18 1986 128 11628.   5.5  12.8   1.443   2.1   0.2
  18 1986 129  6300.   5.1  12.9   1.339   3.0  21.3
  18 1986 130  7884.   9.4  15.2   1.614   9.8   0.0
  18 1986 131   -99.   9.0  14.7   1.551   4.1   4.4
  18 1986 132   -99.   7.3  14.1   1.529   9.0   0.0
  18 1986 133 11736.   7.4  11.1   1.448   5.9   2.2
  18 1986 134 12852.   3.4  11.4   1.179   3.0   0.9
  18 1986 135   -99.   4.5  14.1   1.321   4.3   1.5
  18 1986 136   -99.   3.9  14.6   1.529   2.3   0.0
  18 1986 137  7524.   5.2  12.9   1.675   5.6   6.2
  18 1986 138  4680.   7.5  13.7   1.468   6.9   0.0
  18 1986 139 10908.  10.5  15.3   1.753   2.6   0.0
  18 1986 140  6228.   5.6  12.2   1.404   4.2   6.5
  18 1986 141 15588.   8.4  13.3   1.291   7.7   2.0
  18 1986 142 21240.   4.9  12.1   1.296   7.1   2.3
  18 1986 143 19908.   5.0  14.1   1.088   6.2   0.2
  18 1986 144 15516.   6.5  13.8   1.474   6.6   1.0
  18 1986 145 23184.   8.0  14.9   1.681   7.8   1.5
  18 1986 146 23436.   7.8  13.5   1.564   6.1   7.1
  18 1986 147 10476.   6.1  13.5   1.126   5.4   1.3
  18 1986 148 21456.   3.5  13.3   1.531   2.9   3.1
  18 1986 149 19548.   4.6  14.9   1.720   2.9   0.2
  18 1986 150 11160.   7.6  12.2   1.444   4.6   3.4
  18 1986 151  9936.   9.4  18.4   1.460   1.7   1.1
  18 1986 152 17532.  11.1  19.6   1.955   3.3   0.0
  18 1986 153 19080.  10.4  20.2   1.999   3.4   0.9
  18 1986 154   -99.  10.6  14.1   1.588   3.8   0.0
  18 1986 155   -99.   5.4  15.7   1.597   3.8   0.0
  18 1986 156 19656.   4.5  13.6   1.486   3.3   0.0
  18 1986 157 13104.   5.6  15.1   1.496   1.9   0.0
  18 1986 158 17964.   5.8  14.6   1.434   2.3   0.0
  18 1986 159 19548.   5.6  14.6   1.613   5.0   3.5
  18 1986 160 11556.   9.5  15.6   1.716   5.7   4.8
  18 1986 161  5076.   5.8  11.5   1.089   4.1  12.7
  18 1986 162 24840.   5.3  17.2   1.595   2.2   0.0
  18 1986 163  5868.   5.0  13.9   1.556   2.4   2.0
  18 1986 164 12852.  10.1  18.7   1.688   2.2   0.0
  18 1986 165 27684.  12.4  23.9   2.343   2.2   0.0
  18 1986 166   -99.  12.6  19.1   2.199   4.3   0.0
  18 1986 167   -99.  10.8  17.0   1.624   2.7   0.0
  18 1986 168   -99.  12.3  17.1   1.761   0.5  16.0
  18 1986 169   -99.  10.3  14.3   1.535   2.5   0.1
  18 1986 170  9972.   9.5  14.4   1.364   3.3   0.0
  18 1986 171  2520.   9.1  12.9   1.367   3.1   0.0
  18 1986 172 11448.   4.1  15.0   1.622   4.1   0.0
  18 1986 173 23400.  11.1  14.4   1.634   3.6   0.0
  18 1986 174 14832.   7.1  14.3   1.305   3.2   0.0
  18 1986 175   -99.   9.1  15.7   1.783   2.6   1.2
  18 1986 176 15552.  11.1  19.4   1.970   2.6   0.0
  18 1986 177   -99.  10.1  22.4   2.297   3.4   0.0
  18 1986 178   -99.  11.7  20.3   1.965   1.7   0.0
  18 1986 179   -99.  11.5  22.7   2.052   1.9   0.0
  18 1986 180   -99.  10.7  21.3   2.168   2.7   0.0
  18 1986 181   -99.  10.1  18.5   1.611   0.0   0.0
  18 1986 182   -99.  12.0  22.6   2.383   1.6   0.0
  18 1986 183   -99.  11.2  19.4   1.980   2.2   0.0
  18 1986 184 15516.  11.4  19.8   2.227   3.5   0.5
  18 1986 185 13572.  13.6  17.8   2.253   3.9   0.2
  18 1986 186 15372.  10.4  20.0   1.896   3.0   0.0
  18 1986 187 11700.  12.4  17.9   1.954   4.1   0.0
  18 1986 188 18180.   5.8  17.5   2.036   3.6   0.0
  18 1986 189  7380.   7.8  17.8   1.968   2.8   0.0
  18 1986 190  7164.   6.5  15.6   1.703   3.8   0.0
  18 1986 191 15192.   8.3  18.0   2.014   1.7   1.7
  18 1986 192  6876.   8.6  16.5   1.703   3.1   0.0
  18 1986 193  4932.  10.6  16.2   1.700   1.7   0.0
  18 1986 194  7200.  11.0  20.5   1.741   2.8   0.0
  18 1986 195 15372.  14.1  23.1   2.511   3.9   0.2
  18 1986 196  7992.  15.7  22.4   1.959   2.2   0.7
  18 1986 197 13356.  15.5  20.9   2.224   7.5   0.2
  18 1986 198 18468.  14.9  18.9   1.913   4.9   0.0
  18 1986 199 12420.   9.7  17.4   1.764   1.9   0.0
  18 1986 200   -99.   8.8  17.8   1.673   4.0   0.0
  18 1986 201 26316.  10.2  20.9   2.245   4.4   0.0
  18 1986 202 17208.  10.1  19.0   1.817   3.0   0.4
  18 1986 203 12060.   8.2  17.2   1.797   2.6   0.4
  18 1986 204 16308.   8.0  16.9   1.855   1.8   1.2
  18 1986 205 15624.   5.5  18.2   1.962   3.1   0.3
  18 1986 206 17316.  10.5  19.4   2.135   3.2   0.0
  18 1986 207 14220.  10.3  18.9   1.681   4.9   0.8
  18 1986 208  4788.  12.8  17.3   1.681   2.7   1.3
  18 1986 209  6156.  11.1  17.6   1.755   0.6  12.9
  18 1986 210   -99.  12.5  18.9   1.571   1.9   0.1
  18 1986 211   -99.  10.5  14.0   1.585   3.8  24.5
  18 1986 212   -99.  11.8  15.5   1.635   2.8   0.7
  18 1986 213   -99.   6.9  17.2   1.901   5.6   5.3
  18 1986 214   -99.  11.4  15.9   1.830   6.8   0.4
  18 1986 215   -99.  11.0  17.2   1.931   1.2   9.9
  18 1986 216   -99.   9.4  16.4   1.588   1.2   1.8
  18 1986 217   -99.   8.9  16.5   1.440   1.8   9.7
  18 1986 218   -99.   9.9  14.0   1.434   4.2   4.3
  18 1986 219   -99.  11.8  17.1   1.679   2.6  10.0
  18 1986 220   -99.  11.7  16.6   1.673   1.3   0.1
  18 1986 221   -99.   8.8  16.9   1.721   1.8   0.0
  18 1986 222   -99.   9.6  16.6   1.874   2.1   0.0
  18 1986 223   -99.   9.3  17.0   1.667   1.5   0.0
  18 1986 224   -99.   9.2  17.8   1.377   3.3   0.0
  18 1986 225   -99.  11.1  14.2   1.695   4.2   3.3
  18 1986 226   -99.  11.2  17.2   1.471   2.7   4.0
  18 1986 227 12708.  10.0  16.0   1.493   3.4   8.6
  18 1986 228 15624.   8.9  17.6   1.781   3.4   0.0
  18 1986 229  9324.  10.2  16.0   1.805   1.5   0.0
  18 1986 230 12240.   9.5  15.6   1.756   0.9   0.1
  18 1986 231   -99.  10.0  15.9   1.527   0.3   2.2
  18 1986 232   -99.   9.6  16.2   1.553   1.1   0.0
  18 1986 233  9936.   8.3  13.7   1.504   3.0   0.0
  18 1986 234 14364.   6.0  15.8   1.707   2.0   0.0
  18 1986 235 12636.   5.6  16.2   1.641   1.0   0.8
  18 1986 236 14472.   7.2  16.9   1.753   1.3   0.0
  18 1986 237 16848.   5.8  14.1   1.687   6.2   0.0
  18 1986 238 10548.   9.4  15.1   1.483   5.6   0.1
  18 1986 239 11628.  10.2  16.1   1.853   4.2   0.1
  18 1986 240  9144.   8.3  14.7   1.562   3.4   0.2
  18 1986 241  4752.  10.5  14.4   1.693   2.3   0.0
  18 1986 242 13608.   7.4  14.6   1.646   1.7   0.0
  18 1986 243  8676.   3.1  13.6   1.440   4.4   2.9
  18 1986 244 15300.   8.7  17.1   1.770   4.9   0.2
  18 1986 245   -99.   9.6  16.8   1.940   3.0   5.8
  18 1986 246 14832.   6.9  14.6   1.527   3.0   0.0
  18 1986 247 10260.   6.9  16.8   1.517   5.2   0.0
  18 1986 248 14976.  10.3  18.8   1.942   3.8   0.0
  18 1986 249 14184.   7.8  15.4   1.641   2.9   0.0
  18 1986 250  8928.   7.2  14.9   1.763   2.9   0.2
  18 1986 251 11772.   2.3  15.5   1.564   1.3   0.0
  18 1986 252 11124.   3.9  15.2   1.426   3.1   0.0
  18 1986 253 13176.   1.0  15.2   1.388   1.1   0.8
  18 1986 254 10368.   2.4  13.4   1.312   0.8   2.5
  18 1986 255  9828.   5.7  12.2   1.261   1.1   0.0
  18 1986 256 14832.   1.6  13.5   1.286   1.9   0.8
  18 1986 257 14688.   2.8  14.1   1.239   3.4   0.0
  18 1986 258 11988.   3.9  13.8   1.417   1.5   0.1
  18 1986 259 15120.   1.9  13.9   1.272   1.5   0.0
  18 1986 260  7740.   2.5  12.8   1.132   1.2   0.0
  18 1986 261 14940.   0.4  14.1   1.203   2.4   0.0
  18 1986 262  9396.   2.4  15.4   1.553   6.2   0.0
  18 1986 263  3528.  10.9  15.2   1.673   7.0   0.0
  18 1986 264  7308.  12.4  17.5   1.929   6.0   0.7
  18 1986 265  3672.  12.8  16.5   1.675   4.9   0.0
  18 1986 266 12060.  11.0  17.8   1.887   1.6   0.0
  18 1986 267  9144.   9.1  14.5   1.441   0.6   0.0
  18 1986 268  5436.   6.8  16.4   1.366   1.1   0.0
  18 1986 269  3132.  10.1  11.6   1.388   0.9   1.2
  18 1986 270  5580.   4.6  17.6   1.175   3.5   0.0
  18 1986 271  5472.   7.1  18.4   2.153   5.1   0.0
  18 1986 272  8964.  13.4  19.6   1.943   3.8   0.0
  18 1986 273 11088.  12.4  19.5   1.958   3.8   0.0
  18 1986 274  2340.  10.4  14.5   1.621   4.8   0.1
  18 1986 275  9396.   8.9  15.2   1.642   2.9   0.0
  18 1986 276  5832.   7.2  14.6   1.434   1.4   3.7
  18 1986 277  7848.  10.2  15.6   1.413   0.9   0.6
  18 1986 278  1944.  10.0  15.4   1.490   4.3   0.0
  18 1986 279  3924.  11.2  15.8   1.670   3.7   0.0
  18 1986 280  9324.  13.0  18.1   1.978   2.5   0.0
  18 1986 281  6408.   6.2  15.9   1.321   3.0   0.3
  18 1986 282  8172.   9.9  17.2   1.832   2.8   0.0
  18 1986 283  7308.   7.6  15.0   1.331   2.8   0.0
  18 1986 284  9432.   4.5  14.9   1.322   3.4   0.0
  18 1986 285  8100.   7.5  14.7   1.521   3.4   0.0
  18 1986 286  5976.   4.9  13.1   1.192   0.8   0.0
  18 1986 287  3600.   8.4  14.4   1.480   2.2   0.7
  18 1986 288  8820.   3.3  13.4   1.235   3.4   0.0
  18 1986 289  6156.   7.5  15.6   1.525   2.3   0.0
  18 1986 290  7596.   4.2  14.2   1.226   4.2   4.7
  18 1986 291  3564.   8.4  12.2   1.340   3.9   1.5
  18 1986 292  7344.   1.7   7.0   0.966   3.9   0.1
  18 1986 293  4464.   1.1   8.8   0.878   3.5   3.2
  18 1986 294  5724.   2.3   9.5   0.937   3.4   0.3
  18 1986 295  5256.   2.2   7.7   0.964   5.3   0.1
  18 1986 296  7380.   2.3   8.7   1.087   3.9   0.0
  18 1986 297  1656.   3.1   9.6   1.109   5.0   4.2
  18 1986 298  3888.   6.6  11.8   1.129   6.5   0.1
  18 1986 299  5076.   5.1  13.0   1.242   4.4   5.2
  18 1986 300  1836.   7.2  14.9   1.548   3.0   0.3
  18 1986 301  2016.   6.7   9.9   1.090   3.1   4.4
  18 1986 302  5544.   4.4  11.2   1.008   7.5   5.7
  18 1986 303  4680.   4.1  10.6   1.398   6.9   0.3
  18 1986 304  5148.   2.9   9.4   1.140   2.2   0.0
  18 1986 305  4788.  -0.4   8.7   1.036   2.5   0.0
  18 1986 306  4068.  -2.2   8.4   0.699   2.2   0.4
  18 1986 307  4608.   2.0  10.9   1.101   2.4   0.0
  18 1986 308  3168.   2.1  11.9   0.976   5.6   0.0
  18 1986 309  2664.   5.4  14.3   1.500   4.9   0.0
  18 1986 310  3204.   4.1  11.2   1.208   3.9   1.5
  18 1986 311   612.   6.7  13.6   1.340   4.8   3.3
  18 1986 312  3960.   2.4   9.4   0.893   5.4   1.5
  18 1986 313   864.   3.0  12.2   1.288   9.6   4.6
  18 1986 314  2412.   5.7  10.4   1.320   8.1   0.0
  18 1986 315  2304.   4.0   9.3   0.988   1.3   0.4
  18 1986 316  2016.   1.4  10.4   0.972   4.7   0.0
  18 1986 317   468.   3.6  11.9   1.322   2.3   4.0
  18 1986 318  1584.   6.5  11.9   1.110   5.2   4.9
  18 1986 319  3492.   5.8  10.9   1.124   5.2   1.9
  18 1986 320  2340.   5.6  12.0   1.308   4.3   0.5
  18 1986 321   900.   2.4   5.9   0.922   3.3   1.9
  18 1986 322  2628.   1.1   5.6   0.803   1.8   0.2
  18 1986 323  3168.   0.3   6.3   0.747   2.9   0.0
  18 1986 324  2988.   0.9   4.8   0.732   1.9   0.0
  18 1986 325  3852.  -2.7   6.9   0.551   4.4   5.1
  18 1986 326  2844.  -2.1   7.6   1.140   8.8   1.0
  18 1986 327  2952.   4.0  10.4   1.157   4.4   0.1
  18 1986 328  1476.   3.9  12.3   0.968   3.8   9.0
  18 1986 329  1296.   6.0  11.5   1.200   4.6   1.1
  18 1986 330  2340.   2.5   9.6   0.985   4.5   0.0
  18 1986 331  1008.   3.5  10.9   1.288   8.7   0.0
  18 1986 332  1764.   8.9  10.8   1.341   6.0   0.0
  18 1986 333  1404.   4.4   9.8   0.875   3.8   0.0
  18 1986 334   828.   4.5  11.2   1.222   5.8   0.2
  18 1986 335  2052.   6.5  10.9   1.496   5.3   0.7
  18 1986 336   252.   3.4  12.7   0.925   8.1   5.2
  18 1986 337   684.   5.7  12.6   1.556   7.8   3.7
  18 1986 338  1512.   7.1  12.9   1.156   4.8  20.0
  18 1986 339  1296.   4.5   8.4   1.228   4.5   0.0
  18 1986 340  1836.   1.4   7.9   0.757   5.3   1.9
  18 1986 341    72.   1.4   8.4   1.055   3.0   4.9
  18 1986 342   252.   1.1   6.1   0.906   2.4  11.9
  18 1986 343  1800.   3.8   5.9   0.911   1.6   0.1
  18 1986 344  1440.  -0.3   7.4   0.720   3.1   6.5
  18 1986 345   875.   1.6   7.6   1.042   2.3   1.3
  18 1986 346  1548.   0.0   6.9   0.649   4.3   4.4
  18 1986 347  1656.   0.4   6.0   0.824   1.9   0.0
  18 1986 348  2088.  -2.2   6.0   0.580   2.3  10.1
  18 1986 349  1116.  -2.0   3.7   0.788   2.2   0.2
  18 1986 350  1584.  -0.4   3.9   0.757   3.4   1.2
  18 1986 351   540.   1.4   6.6   0.745   4.9   0.8
  18 1986 352   576.   1.6   2.4   0.773   1.9   2.2
  18 1986 353  1044.  -0.9   4.2   0.718   3.8   0.2
  18 1986 354  1836.  -0.2   4.9   0.898   5.3   0.0
  18 1986 355  1044.   1.6   4.4   0.872   2.1   0.0
  18 1986 356  1548.   0.0   4.7   0.781   2.8   0.0
  18 1986 357  1368.   0.6   4.5   0.859   0.9   0.0
  18 1986 358   288.  -1.1   9.5   0.762   4.1   5.4
  18 1986 359  1764.   2.5   6.0   0.880   1.9   0.0
  18 1986 360  1296.   0.8   4.5   0.730   2.9   0.1
  18 1986 361  1548.  -0.3   7.3   0.712   5.0   0.0
  18 1986 362  1152.   1.0  12.1   1.088   7.0   0.0
  18 1986 363   648.   2.1   4.6   1.034   1.8   3.3
  18 1986 364   144.   0.5   5.6   0.856   5.5  24.0
  18 1986 365   540.   3.1   5.0   0.837   3.0   2.4
