*---------------------------------------------------------------------------*
* Station name: Mlynefield, Great Britain
* Year: 1987
* Author: Peter Uithol                                     -99.000: NIL VALUE
* Source: Ouwerkerk
* Comments: Vapour pressure measured as dry and wet bulb temperatures
*           Irradiation measured as mW cm-2
*           Incomplete year: upto November
* Longitude: 3 00 E, latitude: 56 25 N, altitude: 30. m
*
* Column  Daily value
* 1       station number
* 2       year
* 3       day
* 4       irradiation                   (kJ m-2 d-1)
* 5       minimum temperature           (degrees Celsius)
* 6       maximum temperature           (degrees Celsius)
* 7       early morning vapour pressure (kPa)
* 8       mean wind speed (height: 2 m) (m s-1)
* 9       precipitation                 (mm d-1)
*---------------------------------------------------------------------------*
   3.00  56.42    30. 0.00 0.00
  18 1987   1   180.   2.4   4.9   1.005   7.7  27.7
  18 1987   2  1368.   2.5   4.4   0.828   1.6   0.0
  18 1987   3  2088.  -3.9   7.7   0.514   1.8   2.2
  18 1987   4  1764.  -3.0   9.4   1.090   4.5   0.1
  18 1987   5  1548.   0.5   4.6   0.725   6.7   2.0
  18 1987   6  1872.   0.4   3.5   0.909   2.3   0.0
  18 1987   7  2268.  -2.5   3.7   0.721   0.6   0.0
  18 1987   8  1908.  -6.2  -1.6   0.431   0.2   0.0
  18 1987   9  1224.  -5.1   1.8   0.496   1.3   0.7
  18 1987  10   504.  -3.2   0.9   0.651   3.7   4.8
  18 1987  11  1620.  -4.1  -1.6   0.464   4.2   6.7
  18 1987  12  1235.  -6.5  -3.7   0.410   6.5   6.4
  18 1987  13  1469.  -6.4  -1.0   0.491   6.1   3.4
  18 1987  14  1116.  -5.0   1.5   0.559   6.3   7.2
  18 1987  15  1044.  -1.3   2.4   0.717   4.1   2.0
  18 1987  16   684.   0.0   2.8   0.648   2.6   0.0
  18 1987  17   900.   0.0   0.6   0.648   0.9   0.0
  18 1987  18   997.  -1.3   1.3   0.622   1.2   3.0
  18 1987  19   403.  -0.4   5.1   0.696   0.6   2.3
  18 1987  20  1656.   1.1   6.9   0.867   0.7   0.1
  18 1987  21  1044.   2.1   6.9   0.936   1.6   0.0
  18 1987  22  3024.   3.3   8.4   0.799   1.3   0.0
  18 1987  23  1728.   2.1   9.1   1.060   0.5   0.0
  18 1987  24  2084.   0.0   5.0   0.744   0.4   0.0
  18 1987  25  2884.  -2.0   5.6   0.578   0.6   0.0
  18 1987  26  2282.  -2.2   5.1   0.818   0.6   0.0
  18 1987  27  1627.   1.2   4.4   0.773   2.0   0.0
  18 1987  28  2196.   1.3   5.0   0.902   2.0   0.0
  18 1987  29  2592.   0.8   3.5   0.711   0.9   0.0
  18 1987  30  3960.  -0.7   4.4   0.699   1.0   0.0
  18 1987  31  4932.  -4.0   2.5   0.478   0.4   0.0
  18 1987  32  5148.  -6.0   3.0   0.421   0.9   2.1
  18 1987  33   612.  -5.2   5.8   0.746   0.5   0.4
  18 1987  34  2664.   1.6   4.7   0.865   1.9   0.0
  18 1987  35  2268.   1.8   8.9   0.817   5.2   0.5
  18 1987  36  4320.   3.0  10.7   1.253   6.8   2.0
  18 1987  37  3276.   6.7  10.2   1.381   3.4   0.0
  18 1987  38  2664.   1.9   6.1   0.805   1.2   2.9
  18 1987  39  3600.   2.9  10.0   0.904   2.9   0.0
  18 1987  40  1044.   1.3   5.0   0.759 -99.0  17.3
  18 1987  41  2916.   2.0   6.3   0.890   4.4   0.1
  18 1987  42  5112.   0.4   6.0   0.773   1.0   0.2
  18 1987  43  5004.   0.8   5.9   0.694   0.0   2.0
  18 1987  44  3168.  -0.6   3.9   0.617   0.7   0.0
  18 1987  45  6300.  -2.9   4.2   0.648   0.6   0.0
  18 1987  46  4680.  -4.2   4.1   0.754   0.3   0.0
  18 1987  47  6372.  -4.0   3.4   0.668   1.7   0.0
  18 1987  48  6012.  -2.5   3.9   0.628   1.2   0.0
  18 1987  49  5760.  -0.5   4.9   0.796   1.2   2.5
  18 1987  50  4320.   0.6   8.1   0.701   0.4   0.0
  18 1987  51  2988.   1.4   6.2   0.784   0.2   0.0
  18 1987  52  6048.   2.9   8.2   0.907   1.1   0.0
  18 1987  53  3312.   0.1   7.4   0.902   1.3   0.0
  18 1987  54  3096.   0.0   3.4   0.744   0.1   0.0
  18 1987  55  2988.  -1.0   2.8   0.657   0.5   0.0
  18 1987  56  3240.   0.1   3.0   0.834   2.6   1.1
  18 1987  57  2520.   0.0   4.1   0.767   3.0   8.5
  18 1987  58  2808.   1.6   8.5   0.821   0.4   0.2
  18 1987  59  6444.   3.0  12.0   1.143   2.0   0.1
  18 1987  60   972.   4.8   7.8   0.988   2.9  15.4
  18 1987  61  8136.   5.0   8.6   1.140   2.1   0.0
  18 1987  62  3384.   0.0   4.9   0.748   3.1   4.4
  18 1987  63  7236.  -1.4   6.0   0.611   0.9   0.2
  18 1987  64  1980.  -0.6   4.4   0.747   3.5   6.7
  18 1987  65   936.   1.9   3.4   0.775   5.4   5.3
  18 1987  66  3096.   2.0   3.2   0.881   8.0   0.0
  18 1987  67  2772.   0.5   4.1   0.783   4.9   0.2
  18 1987  68  1656.   0.3   2.8   0.818   4.8   0.2
  18 1987  69  2556.   1.4   3.6   0.866   3.2   0.0
  18 1987  70 10476.   0.9   5.9   0.869   1.5   0.0
  18 1987  71 10584.  -2.4   6.8   0.602   0.9   0.0
  18 1987  72  6192.  -0.6   6.0   0.777   1.6   4.6
  18 1987  73  6228.   1.0   8.7   0.746   4.0   0.0
  18 1987  74  8100.   2.5   8.5   1.022   2.8   0.1
  18 1987  75  3636.   0.5   9.0   0.878   3.4   0.7
  18 1987  76  8568.   2.2  10.8   1.201   7.7   0.0
  18 1987  77 13536.   0.9   5.8   0.990   6.3   0.0
  18 1987  78  9828.  -1.5   5.8   0.767   5.2   0.0
  18 1987  79 10800.  -0.4   4.6   0.823   2.6   0.0
  18 1987  80 11952.  -4.1   6.0   0.748   2.0   0.0
  18 1987  81 10368.  -2.1   7.6   0.826   1.8   0.2
  18 1987  82  7884.   0.0   6.8   0.752   1.4   0.4
  18 1987  83 10656.  -1.9   6.8   0.884   4.7  12.9
  18 1987  84  9648.   3.4   8.1   0.865   4.2   0.4
  18 1987  85  8856.   1.0   8.6   0.953   4.4  17.8
  18 1987  86  4428.   2.4  11.4   1.177   4.0   1.2
  18 1987  87 12600.   4.6   6.9   1.068   5.9   0.0
  18 1987  88 13788.   0.4   7.9   0.796   4.1   0.0
  18 1987  89  8784.   2.0  11.8   1.184   4.8   0.0
  18 1987  90  5292.   6.6  11.8   1.202   3.3   1.9
  18 1987  91  4572.   3.5   4.5   0.925   0.9   2.4
  18 1987  92  5580.   0.9   5.4   0.852   2.7   1.1
  18 1987  93  1980.   3.4   5.8   0.945   7.3   3.8
  18 1987  94  4824.   4.5   7.1   0.886  10.3   0.0
  18 1987  95  2340.   4.4   5.9   0.962   6.6   0.0
  18 1987  96  2484.   4.3   5.7   0.965   4.3   0.2
  18 1987  97  1440.   4.0   5.1   0.849   4.9   7.6
  18 1987  98  2556.   3.5   6.5   0.837   2.5   7.3
  18 1987  99  7524.   3.2  10.0   1.034   3.2   2.1
  18 1987 100 10476.   1.4   9.4   1.067   5.6  16.6
  18 1987 101  9828.   3.0   8.5   1.049   3.1   0.0
  18 1987 102 17964.   1.0  11.4   0.948   2.4   1.1
  18 1987 103 13752.   3.9  15.6   1.303   2.4   0.1
  18 1987 104 11844.   7.5  13.4   1.357   5.4   0.0
  18 1987 105 15336.   8.5  16.0   1.535   4.3   0.0
  18 1987 106 18612.   2.5  14.5   1.329   1.3   0.0
  18 1987 107 19116.   2.3  12.9   1.186   1.5   0.0
  18 1987 108  9252.   4.8  15.2   1.071   5.3   0.0
  18 1987 109 10692.   7.5  15.0   1.421   5.4   0.0
  18 1987 110 16272.   6.4  13.9   1.396   4.3   0.0
  18 1987 111 14616.   7.4  14.5   1.783   3.3   0.0
  18 1987 112 12096.   4.5  15.4   1.405   1.2   1.2
  18 1987 113 12960.   7.1  16.6   1.597   0.9   0.0
  18 1987 114 15444.   6.1  16.4   1.430   1.3   0.0
  18 1987 115 19044.   5.0  16.7   1.334   1.3   0.0
  18 1987 116 17568.   4.4  19.2   1.534   0.5   0.0
  18 1987 117 19368.   8.3  22.9   2.026   2.5   0.0
  18 1987 118 18612.   8.6  20.6   1.975   1.2   0.0
  18 1987 119 15732.   6.5  20.8   1.598   2.5   0.0
  18 1987 120  5364.  10.3   1.0   1.614   2.5  22.8
  18 1987 121 17028.   4.8  12.0   1.141   5.4   2.6
  18 1987 122 14364.   1.3   8.2   1.114   4.6   0.6
  18 1987 123 16416.   4.9   9.4   1.133   3.2   0.1
  18 1987 124 13068.   3.9  14.8   1.338   3.5   0.0
  18 1987 125 21996.   5.9  17.6   1.641   2.9   0.0
  18 1987 126 19116.   6.3  15.7   1.645   2.1   0.0
  18 1987 127 24084.   3.9  18.9   1.547   3.5   0.0
  18 1987 128 21996.   7.1  17.3   1.759   4.1   0.0
  18 1987 129 17604.   7.9  14.4   1.468   4.4   0.0
  18 1987 130 20700.   3.9  14.5   1.481   4.7   0.2
  18 1987 131 10620.   3.8  15.8   1.327   3.2  16.2
  18 1987 132 18936.   3.4  11.4   1.134   3.9   0.2
  18 1987 133 13032.   4.3  10.6   1.424   2.5   3.4
  18 1987 134 12420.   4.9   9.9   1.027   3.2   2.7
  18 1987 135 15480.   4.3  10.9   1.270   2.1   0.0
  18 1987 136 17388.   3.8  11.7   1.174   1.7   4.3
  18 1987 137  6048.   6.9  10.1   1.184   1.0   0.5
  18 1987 138 12708.   6.5  13.3   1.285   1.6   0.0
  18 1987 139 20772.   7.8  14.5   1.625   3.5   0.0
  18 1987 140 18144.   4.9  18.3   1.541   3.1   0.0
  18 1987 141  6552.   9.8  13.9   1.587   5.3   0.0
  18 1987 142 22716.   7.4  15.8   1.732   2.4   0.0
  18 1987 143 13896.   5.9  11.8   1.331   1.7   0.0
  18 1987 144 21204.   4.2  13.1   1.332   3.6   0.0
  18 1987 145  8532.   5.1  10.7   1.126   2.2   0.0
  18 1987 146  8028.   6.5   9.4   1.090   2.0   0.0
  18 1987 147 17460.   5.5  12.6   1.179   1.7   0.0
  18 1987 148  9252.   7.1  11.5   1.262   1.2   2.6
  18 1987 149  8820.   6.9  12.9   1.188   2.0   8.6
  18 1987 150 15552.   8.1  16.0   1.561   4.9   0.2
  18 1987 151 19368.   9.6  17.0   1.717   3.7   0.2
  18 1987 152 20196.   8.5  17.5   1.763   2.2   0.0
  18 1987 153 23364.   7.9  14.8   1.654   5.7   1.6
  18 1987 154  7056.   8.4  11.4   1.196   3.0   1.2
  18 1987 155 12060.   8.1  13.4   1.306   2.1   0.1
  18 1987 156 11268.   8.9  12.6   1.347   7.1  30.7
  18 1987 157  7488.   8.0  13.3   1.382   1.5   2.7
  18 1987 158 11124.  10.5  15.9   1.654   2.2   6.6
  18 1987 159  9756.   7.6  11.1   1.400   1.8   1.9
  18 1987 160 13968.   6.5  13.0   1.520   1.0   4.6
  18 1987 161 19584.   7.4  13.5   1.369   3.0   0.2
  18 1987 162  9576.   7.5  11.4   1.445   2.2   2.6
  18 1987 163 16308.   5.5  11.2   1.108   1.4   1.3
  18 1987 164 14598.   6.5  11.2   1.413   2.4  31.5
  18 1987 165 18986.   6.1  11.9   1.276   3.3   0.0
  18 1987 166 18540.   6.1  13.8   1.454   1.2   0.6
  18 1987 167 22140.   7.1  14.9   1.628   1.4   5.5
  18 1987 168 22680.   6.4  15.9   1.443   1.1   0.0
  18 1987 169 22680.   4.7  15.0   1.518   2.2   0.0
  18 1987 170 18072.   6.9  15.9   1.445   2.2   0.0
  18 1987 171  9828.   9.4  13.4   1.456   1.3   2.9
  18 1987 172 20556.   8.9  15.2   1.741   2.6   4.1
  18 1987 173 12888.  11.1  15.4   1.581   1.7   0.2
  18 1987 174  7344.  10.7  14.1   1.575   0.4   8.6
  18 1987 175 13644.  10.4  14.9   1.573   2.0   4.1
  18 1987 176 16268.   8.9  14.4   1.713   2.4   0.1
  18 1987 177 21600.   5.1  16.0   1.664   2.7   0.0
  18 1987 178  5796.   9.4  13.9   1.552   3.3   8.3
  18 1987 179 17280.  11.6  20.6   1.616   1.6   0.0
  18 1987 180 13032.   9.8  20.0   2.032   3.1   0.2
  18 1987 181 17136.  11.4  17.7   2.005   6.0   0.0
  18 1987 182 18864.  10.1  17.8   1.820   3.8   0.3
  18 1987 183 18612.   9.4  18.1   1.784   1.8   0.0
  18 1987 184 17748.  10.9  20.0   2.026   1.8   1.2
  18 1987 185 15192.  12.1  21.0   1.999   2.8   0.0
  18 1987 186 21672.  13.9  23.1   2.645   2.5   0.0
  18 1987 187 25236.  14.4  21.8   2.357   1.9   0.0
  18 1987 188 15084.  11.8  17.7   2.011   2.2   1.6
  18 1987 189 22104.   7.5  17.3   1.794   4.0   0.0
  18 1987 190 20736.   6.1  18.0   1.853   1.3   1.2
  18 1987 191  8712.  11.5  17.4   1.471   1.1   2.3
  18 1987 192 19440.  12.2  20.0   2.090   3.0   0.0
  18 1987 193 17964.   9.5  18.2   2.182   2.0   0.2
  18 1987 194  7272.   9.6  16.9   1.524   1.5   0.0
  18 1987 195  8654.  11.6  20.3   1.940   4.0   2.1
  18 1987 196  2484.  13.0  15.4   1.591   3.5   6.9
  18 1987 197 15300.  10.2  17.4   1.969   1.3   1.3
  18 1987 198  7056.   8.8  15.9   1.431   3.5   8.3
  18 1987 199  2700.  11.4  14.6   1.513   8.3   5.2
  18 1987 200 12780.  12.2  18.1   1.738   2.8   0.0
  18 1987 201 10800.  12.2  19.5   1.858   1.8   0.0
  18 1987 202 15012.  11.9  22.5   2.579   2.2   0.0
  18 1987 203 24300.   9.8  17.5   1.841   1.7   0.0
  18 1987 204 19512.  10.6  22.0   1.814   1.4   1.6
  18 1987 205 16524.  12.5  17.9   1.959   3.2   0.0
  18 1987 206 20700.   7.0  17.6   1.802   3.1   0.0
  18 1987 207 12240.   7.3  16.3   1.624   3.1   3.7
  18 1987 208 12060.  12.0  17.9   2.099   1.6   0.0
  18 1987 209 15696.  11.2  19.8   2.026   2.0   0.3
  18 1987 210 12492.  12.0  20.0   2.060   1.4  16.7
  18 1987 211 12636.  12.8  17.6   1.892   4.1   3.1
  18 1987 212 14364.  12.8  20.3   1.830   5.7   0.0
  18 1987 213 19764.  11.2  19.0   2.015   4.4   0.0
  18 1987 214 19908.   8.4  18.2   2.028   3.1   0.0
  18 1987 215 14112.   8.6  16.8   1.935   1.0   3.7
  18 1987 216 14224.   5.2  15.7   1.671   1.7   0.0
  18 1987 217 22428.   5.1  17.6   1.724   1.8   0.1
  18 1987 218 18324.   6.3  16.0   1.593   3.4   2.4
  18 1987 219 13104.   8.2  17.2   1.926   4.0   0.0
  18 1987 220 18504.   9.9  19.0   2.131   1.8   0.6
  18 1987 221 17820.  11.2  17.9   1.664   1.6   0.0
  18 1987 222 17100.   9.9  17.1   1.741   1.4   0.0
  18 1987 223 12672.   7.0  17.2   1.783   2.4   4.8
  18 1987 224  7128.  13.9  17.2   1.750   2.9   7.7
  18 1987 225 15012.  13.5  19.9   2.056   3.5   0.0
  18 1987 226 12456.  12.3  19.3   2.101   4.1   0.1
  18 1987 227 10332.  12.0  19.4   2.151   1.6  26.2
  18 1987 228 16344.  15.0  23.4   2.171   3.0   0.7
  18 1987 229  8676.  14.4  20.8   1.985   4.6   0.9
  18 1987 230 16344.  12.5  19.9   2.106   1.0   0.0
  18 1987 231 15084.  10.8  19.7   1.865   1.0   1.8
  18 1987 232  2880.  14.1  20.0   1.960   3.7   2.9
  18 1987 233 21528.  10.3  21.6   2.065   1.8   0.0
  18 1987 234 20520.   9.8  18.7   2.050   2.3   0.0
  18 1987 235  7812.  11.2  16.7   2.018   2.5   0.0
  18 1987 236 16092.   5.8  17.0   1.753   0.7   0.4
  18 1987 237  7560.  11.6  16.3   1.657   2.2   6.6
  18 1987 238  2844.  12.3  14.4   1.765   4.6   0.1
  18 1987 239 16776.   9.4  20.6   1.886   2.7   0.3
  18 1987 240  6408.  12.1  20.0   1.917   2.7   0.3
  18 1987 241 10656.  10.5  19.1   1.401   3.2   1.4
  18 1987 242 19548.  11.3  19.6   2.191   3.2   0.0
  18 1987 243 11880.  11.5  17.7   1.800   1.4   5.8
  18 1987 244 11016.  12.4  19.0   1.535   1.9   0.0
  18 1987 245 15120.   5.7  19.1   1.567   2.5   0.0
  18 1987 246  8028.   9.6  20.4   1.912   4.9   0.2
  18 1987 247 14868.  12.8  18.1   1.775   5.0   3.8
  18 1987 248  7596.  12.3  17.3   1.483   2.1   4.0
  18 1987 249 13140.   8.9  17.8   1.771   3.8   0.5
  18 1987 250   -99.   9.1  18.4   1.869   4.0   0.0
  18 1987 251   -99.   8.3  16.2   1.641   2.7   0.0
  18 1987 252  3528.  10.0  14.3   1.608   3.2   7.7
  18 1987 253 15012.   7.1  14.9   1.291   3.2   7.7
  18 1987 254 11520.   8.3  16.6   1.826   3.2  11.5
  18 1987 255  7632.  11.7  15.2   1.803   5.7   0.0
  18 1987 256 12996.   9.8  16.8   2.052   6.5   1.1
  18 1987 257 11520.  10.0  15.2   1.645   5.4   1.2
  18 1987 258 12528.   6.8  16.3   1.552   1.5   0.3
  18 1987 259 14580.   5.7  16.7   1.278   1.1   0.0
  18 1987 260 12744.   6.7  17.0   1.647   2.8   0.8
  18 1987 261 13140.   7.0  14.7   1.509   3.7   0.0
  18 1987 262  7308.   6.6  13.5   1.525   3.2   6.3
  18 1987 263  2232.   9.2  14.1   1.260   2.2   5.4
  18 1987 264  2484.   9.8  17.4   1.630   3.0   3.9
  18 1987 265 11088.   9.9  16.0   1.558   5.3   0.5
  18 1987 266  9432.  10.9  16.3   1.737   4.6   0.3
  18 1987 267  9432.   7.8  13.9   1.494   3.3   0.0
  18 1987 268  9504.   3.0  12.3   1.273   2.9   0.0
  18 1987 269 12204.   6.0  11.9   1.555   1.6   0.0
  18 1987 270  6948.   3.9  11.9   1.200   0.7   0.0
  18 1987 271  8388.   1.8  12.8   1.235   1.5   0.0
  18 1987 272  6228.   4.3  15.1   1.430   1.1   0.0
  18 1987 273  6228.   5.7  13.0   1.337   2.7   0.0
  18 1987 274  6948.   9.4  14.3   1.558   4.0   0.0
  18 1987 275  5832.  10.7  13.4   1.571   3.7   0.0
  18 1987 276  3384.   9.6  12.9   1.453   2.3   0.0
  18 1987 277  3492.   9.1  13.0   1.502   0.8   0.4
  18 1987 278  3996.   9.0  14.9   1.465   2.1  16.1
  18 1987 279  8460.   9.4  12.8   1.361   3.5   0.2
  18 1987 280  1224.   4.7  10.6   1.223   2.9   9.5
  18 1987 281  5976.   6.4   9.8   1.312   3.8   0.2
  18 1987 282  6768.   3.5   9.4   1.120   0.9   4.6
  18 1987 283  3852.   4.2   8.9   0.918   0.9   0.0
  18 1987 284  9324.   3.1  10.5   1.174   2.1   0.0
  18 1987 285  3420.   3.4   9.9   1.307   1.0   1.4
  18 1987 286  6048.   2.7  10.5   0.955   0.4   0.3
  18 1987 287  3312.   5.1   9.8   1.117   1.9   0.1
  18 1987 288  2520.   3.7   9.4   1.187   2.0   4.7
  18 1987 289  1656.   6.2  10.2   1.095   6.5   2.6
  18 1987 290  7668.   6.5  12.7   1.225   5.3   9.8
  18 1987 291   864.   6.6  12.5   1.318   1.4   7.9
  18 1987 292  2124.   5.5  12.8   1.036   1.8  14.3
  18 1987 293  1116.   7.1  11.7   1.340   3.0  14.6
  18 1987 294   900.  10.5  12.5   1.322   6.6   1.0
  18 1987 295  5328.   7.7  10.6   1.292   1.9   0.0
  18 1987 296  7200.   0.4   9.8   0.856   0.7   0.0
  18 1987 297  6372.  -0.8   9.5   0.769   2.5   0.0
  18 1987 298  1368.   3.1  10.4   1.165   4.9   0.0
  18 1987 299  1944.   3.3  11.0   1.249   2.5   2.0
  18 1987 300   828.   5.7  10.3   1.174   1.5   5.5
  18 1987 301  5724.   3.3  10.4   0.995   1.8   0.1
  18 1987 302  5004.   1.1   9.4   0.746   0.3   0.0
  18 1987 303  4068.  -1.0   4.3   0.593   0.1   4.0
  18 1987 304  4176.  -0.4   9.6   0.844   0.0   0.1
  18 1987 305  3744.   4.3  10.4   1.042   0.4   0.0
  18 1987 306  5832.   5.1  13.7   1.070   0.6   0.0
  18 1987 307   720.   6.7   9.7   1.122   0.0   0.0
  18 1987 308  2052.   7.4   9.7   1.159   0.3   0.0
  18 1987 309  2988.   6.8   8.9   1.122   0.5   0.0
  18 1987 310  1440.   4.5   5.6   0.938   0.3   0.0
  18 1987 311   648.   2.1   5.9   0.911   0.2   0.3
  18 1987 312   788.   4.5   8.1   0.905   1.8   0.6
  18 1987 313  2232.   4.9   9.8   1.159   2.8   0.6
  18 1987 314  1116.   5.9   8.9   1.150   3.7   2.6
  18 1987 315   900.   3.5   6.2   0.907   3.5   7.0
  18 1987 316   756.   3.1   6.5   0.948   3.2   1.6
  18 1987 317  3924.   3.5   9.1   1.042   4.5   0.0
  18 1987 318  3168.   3.3   8.2   1.140   2.1   2.5
  18 1987 319   828.   1.2   9.3   0.912   1.3   3.2
  18 1987 320  1944.   1.1  10.0   1.264   4.0   0.0
  18 1987 321  1800.   6.5  11.9   1.162   2.4   0.0
  18 1987 322   648.   7.0  13.0   1.428   6.4   2.8
