*------------------------------------------------------------------------------*
* Station name: Invergowree, United Kingdom.
* Year: 1986
* Author: Peter Kooman
* Source: EAPR-Workshop on Potato Modelling 1990
* Comments: Vapour pressure measured as wet and dry bulb temperatures.
*           Wind measured on 10 m height in km/day
* Longitude: 3.00 W,  latitude 56.50 N, altitude 36.00 m
*
* Column  Daily value
* 1       station number
* 2       year
* 3       day
* 4       irradiation                   (kJ m-2 d-1)
* 5       minimum temperature           (degrees Celsius)
* 6       maximum temperature           (degrees Celsius)
* 7       early morning vapour pressure (kPA)
* 8       mean wind speed (height: 2 m) (m s-1)
* 9       precipitation                 (mm d-1)
*------------------------------------------------------------------------------*
   3.00  56.50    36. 0.00 0.00
  19 1986   1   500.   0.8   4.8   0.660   1.9   0.3
  19 1986   2  1300.   1.3   5.7   0.700   2.9   1.7
  19 1986   3  2200.  -0.2   2.1   0.470   1.2   0.0
  19 1986   4  1500.  -4.2   1.8   0.430   1.3   3.4
  19 1986   5  1600.  -4.0   1.9   0.600   1.8   1.5
  19 1986   6  1300.  -0.6   1.7   0.530   0.3   0.0
  19 1986   7   600.  -3.0   3.6   0.500   3.1   0.6
  19 1986   8   200.   1.5   2.6   0.640   1.1   1.1
  19 1986   9   100.   1.5   8.6   0.610   2.1   4.6
  19 1986  10  1200.   1.5   7.8   0.760   6.2  16.1
  19 1986  11  1300.   2.3   6.1   0.660   5.8   3.7
  19 1986  12  2900.   2.0   8.5   0.640   1.6   0.1
  19 1986  13   600.   3.5  10.0   0.940   6.2   5.0
  19 1986  14  2900.   0.4  10.0   0.660   5.7   4.8
  19 1986  15  2900.   0.0   5.2   0.590   2.4   0.2
  19 1986  16  1500.  -0.1   2.7   0.480   0.8   0.0
  19 1986  17  1200.  -0.1   6.6   0.600   1.2   2.1
  19 1986  18  2000.   0.4   6.4   0.680   1.8   1.1
  19 1986  19  2000.   2.6   4.4   0.680   2.5   0.8
  19 1986  20   700.   1.5   8.0   0.730   5.5   3.6
  19 1986  21  2800.   3.2   5.4   0.680   3.2   1.0
  19 1986  22  1000.   0.5   6.9   0.700   4.7   0.7
  19 1986  23  3100.  -2.0   5.2   0.600   5.1   1.8
  19 1986  24  3500.  -0.6   1.9   0.510   3.0   0.0
  19 1986  25  3600.  -1.9   3.4   0.490   0.4   0.0
  19 1986  26   800.  -6.0   2.6   0.520   0.1   3.8
  19 1986  27  1100.  -1.4   2.9   0.650   1.3   2.1
  19 1986  28  1100.  -1.4   3.2   0.550   1.4   0.8
  19 1986  29  1000.   0.4   3.2   0.560   3.3  11.6
  19 1986  30   600.   2.6   4.6   0.700   5.7   1.9
  19 1986  31   200.   2.4   3.9   0.690   4.7   0.7
  19 1986  32   700.   1.9   3.0   0.540   3.6   0.1
  19 1986  33   500.   1.9   2.7   0.550   3.9   2.5
  19 1986  34   300.   1.4   3.9   0.620   4.3   3.2
  19 1986  35  2500.   1.8   4.6   0.570   3.0   0.6
  19 1986  36  1800.  -0.6   3.2   0.600   4.2  12.1
  19 1986  37  2800.  -2.3   1.4   0.540   3.4   1.5
  19 1986  38  3300.  -1.0   1.3   0.570   1.9   0.7
  19 1986  39  2300.  -1.0   1.1   0.560   0.2   0.0
  19 1986  40  3300.  -1.6   1.0   0.520   0.8   0.0
  19 1986  41  3600.  -1.4   1.8   0.520   1.1   0.0
  19 1986  42  5300.  -7.5   0.0   0.390   0.6   0.0
  19 1986  43  3900.  -6.7   2.1   0.420   2.4   0.0
  19 1986  44  3000.  -5.1   2.6   0.510   3.5   0.1
  19 1986  45  1200.   1.0   2.4   0.460   5.7   9.9
  19 1986  46   900.  -0.3   2.7   0.570   5.1   0.9
  19 1986  47   600.   0.9   2.4   0.570   4.2   1.7
  19 1986  48  1900.   1.0   2.9   0.550   2.9   0.0
  19 1986  49  3300.  -0.2   3.3   0.470   1.1   0.0
  19 1986  50  2100.  -1.1   1.3   0.530   0.5   0.3
  19 1986  51  3800.  -1.6  -0.2   0.510   0.5   0.2
  19 1986  52  1800.  -2.5  -0.9   0.520   0.9   1.3
  19 1986  53  7500.  -5.6   2.1   0.450   2.2   0.6
  19 1986  54  6300.  -5.1   2.8   0.500   0.9   0.0
  19 1986  55  8300.  -5.4   4.9   0.480   0.1   0.3
  19 1986  56  4200.  -1.9   2.7   0.560   1.3   0.0
  19 1986  57  6300.  -1.6   2.4   0.540   0.1   1.0
  19 1986  58  5500.  -5.8   1.7   0.410   1.7   0.0
  19 1986  59  5800.  -5.2   2.4   0.600   3.1   0.0
  19 1986  60  6200.  -1.4   1.4   0.590   1.1   0.0
  19 1986  61  8100.  -7.1   3.0   0.420   0.8   0.0
  19 1986  62  4100.  -5.1   6.9   0.550   3.4   0.3
  19 1986  63  4200.  -1.0  10.5   0.920   3.9   0.5
  19 1986  64  6600.   3.6   6.7   0.670   5.5   1.9
  19 1986  65  8600.   0.6   7.1   0.640   3.9   0.0
  19 1986  66  8200.   2.5   9.2   0.710   2.7   0.0
  19 1986  67  6400.   3.5   8.3   0.720   3.7   0.8
  19 1986  68  3300.   4.6   8.2   0.760   0.9   1.2
  19 1986  69  8500.   2.9  10.0   0.830   0.8   0.0
  19 1986  70  6200.   1.0   9.1   0.680   1.0   0.2
  19 1986  71  7400.   4.6   9.4   0.820   2.8   0.0
  19 1986  72  4100.   1.8   6.9   0.590   3.0   3.2
  19 1986  73  1200.   2.4  10.1   0.860   3.4   0.2
  19 1986  74  4400.   6.6  12.4   0.900   4.4   0.0
  19 1986  75  2000.   5.8   8.8   0.840   2.0   1.7
  19 1986  76 11600.   2.1   8.4   0.730   2.2   0.0
  19 1986  77  3200.   2.3   7.5   0.690   1.2   1.9
  19 1986  78 13000.  -1.1   9.6   0.590   3.1   3.4
  19 1986  79  3600.   2.7   7.2   0.730   4.5   1.0
  19 1986  80  6800.   4.0  10.3   0.720   5.0   0.1
  19 1986  81  4300.   4.1  10.9   0.900   6.4   0.6
  19 1986  82 10300.   1.1   5.5   0.640   3.5   0.6
  19 1986  83 11300.  -0.2   6.5   0.540   2.7   0.0
  19 1986  84 10700.   1.9   9.1   0.590   3.2   0.0
  19 1986  85 11300.   1.5   9.0   0.620   3.4   2.2
  19 1986  86  7500.   3.0   7.8   0.680   3.8   1.0
  19 1986  87  5600.   0.2   7.5   0.650   1.5   2.4
  19 1986  88 12200.   2.1   8.9   0.700   3.5   0.1
  19 1986  89 11700.  -0.1   8.3   0.620   1.9   0.2
  19 1986  90 10400.  -2.0   8.1   0.520   1.1   0.1
  19 1986  91 13000.  -0.9  10.6   0.560   0.8   3.9
  19 1986  92  9900.  -0.2   7.9   0.640   0.6   0.9
  19 1986  93 12700.   0.4   8.0   0.600   1.3   0.1
  19 1986  94  9700.   0.1   9.9   0.590   1.4   0.6
  19 1986  95  7400.   1.4   7.5   0.600   2.8   0.3
  19 1986  96 16200.   2.3   7.0   0.660   3.3   0.3
  19 1986  97 12600.   0.4   6.8   0.640   5.4   0.1
  19 1986  98 14400.   0.5   8.4   0.550   3.9   0.0
  19 1986  99 10600.   2.0   9.8   0.640   4.9   0.0
  19 1986 100  6700.   2.1   5.6   0.420   2.5   0.0
  19 1986 101  7200.  -0.1  10.0   0.480   2.0   0.0
  19 1986 102 10100.   3.5   8.6   0.690   0.8   3.1
  19 1986 103  9600.   2.1   5.8   0.660   3.6   1.0
  19 1986 104  3200.   3.2   4.8   0.760   6.2   1.8
  19 1986 105  4900.   1.6   5.0   0.550   6.9  17.7
  19 1986 106 12600.   1.0   3.6   0.670   4.7   4.1
  19 1986 107 10800.   1.5   7.0   0.580   2.2   0.1
  19 1986 108 16800.   1.4   7.7   0.590   1.0   0.0
  19 1986 109  9500.   1.2   8.4   0.710   2.6  16.0
  19 1986 110 12600.   4.4  10.9   0.920   1.9   0.7
  19 1986 111 18000.   0.1   9.2   0.710   2.9   0.6
  19 1986 112  4700.   2.5   6.2   0.660   1.6   3.1
  19 1986 113 14000.   1.7   8.1   0.760   1.3   0.1
  19 1986 114  8900.   1.9   8.4   0.810   1.0   0.0
  19 1986 115  9700.   5.7  12.3   0.790   1.8   0.0
  19 1986 116 14600.   5.0  11.7   0.760   1.9   0.0
  19 1986 117 15400.   3.0  12.3   0.840   2.0   1.6
  19 1986 118  5700.   4.5  10.8   0.840   3.1   0.3
  19 1986 119 17800.   2.8  11.6   0.690   4.0   1.1
  19 1986 120  5500.   4.5  12.4   0.940   5.1   0.0
  19 1986 121 18000.   8.4  16.6   0.940   2.4   0.0
  19 1986 122 18100.   5.3  13.7   1.000   1.7   0.0
  19 1986 123  8800.   7.5  12.8   1.010   2.4   1.4
  19 1986 124 16300.   6.6  11.6   0.950   4.0   0.4
  19 1986 125  3200.   7.2  10.5   0.960   2.6   6.8
  19 1986 126 16500.   6.6  12.7   1.010   3.3  11.3
  19 1986 127  1800.   6.8  10.9   0.960   2.9   8.3
  19 1986 128 11600.   5.5  12.8   0.990   1.5   0.2
  19 1986 129  6300.   5.1  12.9   0.960   2.1  21.3
  19 1986 130  7900.   9.4  15.2   1.190   7.1   0.0
  19 1986 131 16200.   9.0  14.7   0.950   3.0   4.4
  19 1986 132 12600.   7.3  14.1   1.110   6.5   0.0
  19 1986 133 11700.   7.4  11.1   0.960   4.3   2.2
  19 1986 134 12900.   3.4  11.4   0.860   2.2   0.9
  19 1986 135 19800.   4.5  14.1   0.810   3.1   1.5
  19 1986 136 23400.   3.9  14.6   0.740   1.6   0.0
  19 1986 137  7500.   5.2  12.9   0.930   4.0   6.2
  19 1986 138  4700.   7.5  13.7   1.160   5.0   0.0
  19 1986 139 10900.  10.5  15.3   1.120   1.9   0.0
  19 1986 140  6200.   5.6  12.2   1.000   3.0   6.5
  19 1986 141 15600.   8.4  13.3   1.040   5.6   2.0
  19 1986 142 21200.   4.9  12.1   0.750   5.1   2.3
  19 1986 143 19900.   5.0  14.1   0.850   4.5   0.2
  19 1986 144 15500.   6.5  13.8   0.900   4.8   1.0
  19 1986 145 23200.   8.0  14.9   0.980   5.7   1.5
  19 1986 146 23400.   7.8  13.5   0.770   4.4   7.1
  19 1986 147 10500.   6.1  13.5   0.980   3.9   1.3
  19 1986 148 21500.   3.5  13.3   0.830   2.1   3.1
  19 1986 149 19500.   4.6  14.9   0.890   2.1   0.2
  19 1986 150 11200.   7.6  12.2   0.920   3.3   3.4
  19 1986 151  9900.   9.4  18.4   1.240   1.3   1.1
  19 1986 152 17500.  11.1  19.6   1.380   2.4   0.0
  19 1986 153 19100.  10.4  20.2   1.310   2.4   0.9
  19 1986 154 18000.  10.6  14.1   0.980   2.7   0.0
  19 1986 155 25200.   5.4  15.7   0.700   2.8   0.0
  19 1986 156 19700.   4.5  13.6   0.680   2.4   0.0
  19 1986 157 13100.   5.6  15.1   0.880   1.4   0.0
  19 1986 158 18000.   5.8  14.6   1.070   1.7   0.0
  19 1986 159 19500.   5.6  14.6   0.840   3.6   3.5
  19 1986 160 11600.   9.5  15.6   1.340   4.1   4.8
  19 1986 161  5100.   5.8  11.5   0.910   3.0  12.7
  19 1986 162 24800.   5.3  17.2   0.830   1.6   0.0
  19 1986 163  5900.   5.0  13.9   0.910   1.7   2.0
  19 1986 164 12900.  10.1  18.7   1.340   1.6   0.0
  19 1986 165 27700.  12.4  23.9   1.620   1.6   0.0
  19 1986 166 27700.  12.6  19.1   1.500   3.1   0.0
  19 1986 167 21600.  10.8  17.0   1.200   2.0   0.0
  19 1986 168  3600.  12.3  17.1   1.520   0.3  16.0
  19 1986 169  3600.  10.3  14.3   1.100   1.8   0.1
  19 1986 170 10000.   9.5  14.4   0.980   2.4   0.0
  19 1986 171  2500.   9.1  12.9   0.930   2.3   0.0
  19 1986 172 11400.   4.1  15.0   1.050   2.9   0.0
  19 1986 173 23400.  11.1  14.4   1.210   2.6   0.0
  19 1986 174 14800.   7.1  14.3   0.910   2.3   0.0
  19 1986 175  9100.   9.1  15.7   1.250   1.9   1.2
  19 1986 176 15600.  11.1  19.4   1.300   1.9   0.0
  19 1986 177 25600.  10.1  22.4   1.380   2.4   0.0
  19 1986 178 25000.  11.7  20.3   1.430   1.2   0.0
  19 1986 179 23700.  11.5  22.7   1.580   1.4   0.0
  19 1986 180 28000.  10.7  21.3   1.450   1.9   0.0
  19 1986 181 17800.  10.1  18.5   1.360   0.0   0.0
  19 1986 182 25800.  12.0  22.6   1.420   1.2   0.0
  19 1986 183 19300.  11.2  19.4   1.520   1.6   0.0
  19 1986 184 23600.  11.4  19.8   1.300   2.6   0.5
  19 1986 185 19300.  13.6  17.8   1.270   2.8   0.2
  19 1986 186 25800.  10.4  20.0   1.260   2.2   0.0
  19 1986 187 20000.  12.4  17.9   1.270   2.9   0.0
  19 1986 188 23000.   5.8  17.5   0.900   2.6   0.0
  19 1986 189 22200.   7.8  17.8   0.830   2.0   0.0
  19 1986 190 12000.   6.5  15.6   1.020   2.8   0.0
  19 1986 191 18500.   8.3  18.0   0.980   1.3   1.7
  19 1986 192 25400.   8.6  16.5   1.020   2.2   0.0
  19 1986 193 13700.  10.6  16.2   1.120   1.2   0.0
  19 1986 194 20000.  11.0  20.5   1.390   2.0   0.0
  19 1986 195 22100.  14.1  23.1   1.770   2.8   0.2
  19 1986 196 13000.  15.7  22.4   1.610   1.6   0.7
  19 1986 197 13400.  15.5  20.9   1.660   5.4   0.2
  19 1986 198 18500.  14.9  18.9   1.150   3.5   0.0
  19 1986 199 12400.   9.7  17.4   1.130   1.4   0.0
  19 1986 200  8400.   8.8  17.8   1.180   2.9   0.0
  19 1986 201 26300.  10.2  20.9   1.420   3.2   0.0
  19 1986 202 17200.  10.1  19.0   1.070   2.2   0.4
  19 1986 203 12100.   8.2  17.2   1.050   1.9   0.4
  19 1986 204 16300.   8.0  16.9   0.860   1.3   1.2
  19 1986 205 15600.   5.5  18.2   1.100   2.3   0.3
  19 1986 206 17300.  10.5  19.4   1.050   2.3   0.0
  19 1986 207 14200.  10.3  18.9   1.290   3.5   0.8
  19 1986 208  4800.  12.8  17.3   1.290   1.9   1.3
  19 1986 209  6200.  11.1  17.6   1.540   0.4  12.9
  19 1986 210 10200.  12.5  18.9   1.390   1.4   0.1
  19 1986 211  5000.  10.5  14.0   1.160   2.8  24.5
  19 1986 212  9800.  11.8  15.5   1.470   2.0   0.7
  19 1986 213 14900.   6.9  17.2   1.080   4.1   5.3
  19 1986 214 14900.  11.4  15.9   1.430   5.0   0.4
  19 1986 215 14900.  11.0  17.2   1.250   0.9   9.9
  19 1986 216 14900.   9.4  16.4   1.250   0.9   1.8
  19 1986 217 12100.   8.9  16.5   1.280   1.3   9.7
  19 1986 218  3000.   9.9  14.0   1.300   3.1   4.3
  19 1986 219  7700.  11.8  17.1   1.400   1.9  10.0
  19 1986 220  8300.  11.7  16.6   1.180   0.9   0.1
  19 1986 221 18000.   8.8  16.9   1.260   1.3   0.0
  19 1986 222 19200.   9.6  16.6   1.350   1.5   0.0
  19 1986 223 23100.   9.3  17.0   1.130   1.1   0.0
  19 1986 224 16600.   9.2  17.8   1.220   2.4   0.0
  19 1986 225  7200.  11.1  14.2   1.330   3.1   3.3
  19 1986 226 12200.  11.2  17.2   1.180   1.9   4.0
  19 1986 227 12700.  10.0  16.0   1.160   2.5   8.6
  19 1986 228 15600.   8.9  17.6   1.120   2.5   0.0
  19 1986 229  9300.  10.2  16.0   1.160   1.1   0.0
  19 1986 230 12200.   9.5  15.6   1.080   0.7   0.1
  19 1986 231  7100.  10.0  15.9   1.170   0.2   2.2
  19 1986 232 11800.   9.6  16.2   1.170   0.8   0.0
  19 1986 233  9900.   8.3  13.7   1.110   2.2   0.0
  19 1986 234 14400.   6.0  15.8   0.980   1.4   0.0
  19 1986 235 12600.   5.6  16.2   0.870   0.7   0.8
  19 1986 236 14500.   7.2  16.9   1.060   0.9   0.0
  19 1986 237 16800.   5.8  14.1   0.960   4.5   0.0
  19 1986 238 10500.   9.4  15.1   0.910   4.1   0.1
  19 1986 239 11600.  10.2  16.1   0.960   3.0   0.1
  19 1986 240  9100.   8.3  14.7   0.900   2.5   0.2
  19 1986 241  4800.  10.5  14.4   1.010   1.7   0.0
  19 1986 242 13600.   7.4  14.6   0.910   1.2   0.0
  19 1986 243  8700.   3.1  13.6   0.870   3.2   2.9
  19 1986 244 15300.   8.7  17.1   1.050   3.6   0.2
  19 1986 245  9900.   9.6  16.8   0.830   2.2   5.8
  19 1986 246 14800.   6.9  14.6   0.870   2.1   0.0
  19 1986 247 10300.   6.9  16.8   1.080   3.7   0.0
  19 1986 248 15000.  10.3  18.8   1.260   2.8   0.0
  19 1986 249 14200.   7.8  15.4   0.870   2.1   0.0
  19 1986 250  8900.   7.2  14.9   1.070   2.1   0.2
  19 1986 251 11800.   2.3  15.5   0.840   0.9   0.0
  19 1986 252 11100.   3.9  15.2   0.980   2.2   0.0
  19 1986 253 13200.   1.0  15.2   0.700   0.8   0.8
  19 1986 254 10400.   2.4  13.4   0.900   0.6   2.5
  19 1986 255  9800.   5.7  12.2   0.910   0.8   0.0
  19 1986 256 15000.   1.6  13.5   0.840   1.4   0.8
  19 1986 257 14500.   2.8  14.1   0.780   2.5   0.0
  19 1986 258 12000.   3.9  13.8   0.780   1.1   0.1
  19 1986 259 15100.   1.9  13.9   0.710   1.1   0.0
  19 1986 260  7700.   2.5  12.8   0.930   0.9   0.0
  19 1986 261 14900.   0.4  14.1   0.750   1.7   0.0
  19 1986 262  9400.   2.4  15.4   0.890   4.5   0.0
  19 1986 263  3500.  10.9  15.2   1.110   5.1   0.0
  19 1986 264  7300.  12.4  17.5   1.180   4.3   0.7
  19 1986 265  3700.  12.8  16.5   1.370   3.6   0.0
  19 1986 266 12100.  11.0  17.8   1.210   1.2   0.0
  19 1986 267  9100.   9.1  14.5   1.140   0.4   0.0
  19 1986 268  5400.   6.8  16.4   1.110   0.8   0.0
  19 1986 269  3100.  10.1  11.6   1.090   0.6   1.2
  19 1986 270  5600.   4.6  17.6   0.950   2.5   0.0
  19 1986 271  5500.   7.1  18.4   1.620   3.7   0.0
  19 1986 272  9000.  13.4  19.6   1.530   2.8   0.0
  19 1986 273 11100.  12.4  19.5   1.450   2.7   0.0
  19 1986 274  2300.  10.4  14.5   1.110   3.5   0.1
  19 1986 275  9400.   8.9  15.2   1.000   2.1   0.0
  19 1986 276  5800.   7.2  14.6   1.070   1.0   3.7
  19 1986 277  7800.  10.2  15.6   1.260   0.6   0.6
  19 1986 278  1900.  10.0  15.4   1.350   3.1   0.0
  19 1986 279  3900.  11.2  15.8   1.150   2.7   0.0
  19 1986 280  9300.  13.0  18.1   1.250   1.8   0.0
  19 1986 281  6400.   6.2  15.9   1.130   2.2   0.3
  19 1986 282  8200.   9.9  17.2   1.380   2.0   0.0
  19 1986 283  7300.   7.6  15.0   1.050   2.0   0.0
  19 1986 284  9400.   4.5  14.9   1.050   2.5   0.0
  19 1986 285  8100.   7.5  14.7   1.040   2.4   0.0
  19 1986 286  6000.   4.9  13.1   1.010   0.6   0.0
  19 1986 287  3600.   8.4  14.4   1.190   1.6   0.7
  19 1986 288  8800.   3.3  13.4   0.990   2.5   0.0
  19 1986 289  6200.   7.5  15.6   1.150   1.7   0.0
  19 1986 290  7600.   4.2  14.2   0.960   3.0   4.7
  19 1986 291  3600.   8.4  12.2   1.170   2.8   1.5
  19 1986 292  7300.   1.7   7.0   0.650   2.8   0.1
  19 1986 293  4500.   1.1   8.8   0.710   2.6   3.2
  19 1986 294  5700.   2.3   9.5   0.820   2.4   0.3
  19 1986 295  5300.   2.2   7.7   0.720   3.8   0.1
  19 1986 296  7400.   2.3   8.7   0.630   2.8   0.0
  19 1986 297  1700.   3.1   9.6   0.870   3.7   4.2
  19 1986 298  3900.   6.6  11.8   0.830   4.7   0.1
  19 1986 299  5100.   5.1  13.0   0.630   3.2   5.2
  19 1986 300  1800.   7.2  14.9   1.340   2.2   0.3
  19 1986 301  2000.   6.7   9.9   0.950   2.2   4.4
  19 1986 302  5500.   4.4  11.2   0.790   5.4   5.7
  19 1986 303  4700.   4.1  10.6   0.720   5.0   0.3
  19 1986 304  5100.   2.9   9.4   0.640   1.6   0.0
  19 1986 305  4800.  -0.4   8.7   0.620   1.8   0.0
  19 1986 306  4100.  -2.2   8.4   0.520   1.6   0.4
  19 1986 307  4600.   2.0  10.9   0.790   1.7   0.0
  19 1986 308  3200.   2.1  11.9   0.780   4.1   0.0
  19 1986 309  2700.   5.4  14.3   1.150   3.5   0.0
  19 1986 310  3200.   4.1  11.2   0.680   2.8   1.5
  19 1986 311   600.   6.7  13.6   1.250   3.5   3.3
  19 1986 312  4000.   2.4   9.4   0.650   3.9   1.5
  19 1986 313   900.   3.0  12.2   1.000   6.9   4.6
  19 1986 314  2400.   5.7  10.4   0.910   5.9   0.0
  19 1986 315  2300.   4.0   9.3   0.850   1.0   0.4
  19 1986 316  2000.   1.4  10.4   0.670   3.4   0.0
  19 1986 317   500.   3.6  11.9   1.050   1.6   4.0
  19 1986 318  1600.   6.5  11.9   0.910   3.8   4.9
  19 1986 319  3500.   5.8  10.9   0.900   3.8   1.9
  19 1986 320  2300.   5.6  12.0   1.050   3.1   0.5
  19 1986 321   900.   2.4   5.9   0.700   2.4   1.9
  19 1986 322  2600.   1.1   5.6   0.690   1.3   0.2
  19 1986 323  3200.   0.3   6.3   0.620   2.1   0.0
  19 1986 324  3000.   0.9   4.8   0.610   1.4   0.0
  19 1986 325  3900.  -2.7   6.9   0.500   3.2   5.1
  19 1986 326  2800.  -2.1   7.6   0.710   6.4   1.0
  19 1986 327  3000.   4.0  10.4   0.840   3.2   0.1
  19 1986 328  1500.   3.9  12.3   0.890   2.8   9.0
  19 1986 329  1300.   6.0  11.5   1.140   3.3   1.1
  19 1986 330  2300.   2.5   9.6   0.660   3.3   0.0
  19 1986 331  1000.   3.5  10.9   1.000   6.3   0.0
  19 1986 332  1800.   8.9  10.8   0.980   4.4   0.0
  19 1986 333  1400.   4.4   9.8   0.780   2.8   0.0
  19 1986 334   800.   4.5  11.2   1.010   4.2   0.2
  19 1986 335  2100.   6.5  10.9   0.880   3.9   0.7
  19 1986 336   300.   3.4  12.7   0.790   5.9   5.2
  19 1986 337   700.   5.7  12.6   1.200   5.7   3.7
  19 1986 338  1500.   7.1  12.9   0.820   3.4  20.0
  19 1986 339  1300.   4.5   8.4   0.840   3.2   0.0
  19 1986 340  1800.   1.4   7.9   0.630   3.8   1.9
  19 1986 341   100.   1.4   8.4   0.940   2.2   4.9
  19 1986 342   300.   1.1   6.1   0.770   1.7  11.9
  19 1986 343  1800.   3.8   5.9   0.670   1.2   0.1
  19 1986 344  1400.  -0.3   7.4   0.670   2.2   6.5
  19 1986 345   900.   1.6   7.6   0.920   1.7   1.3
  19 1986 346  1500.   0.0   6.9   0.600   3.1   4.4
  19 1986 347  1700.   0.4   6.0   0.730   1.4   0.0
  19 1986 348  2100.  -2.2   6.0   0.490   1.6  10.1
  19 1986 349  1100.  -2.0   3.7   0.730   1.6   0.2
  19 1986 350  1600.  -0.4   3.9   0.630   2.5   1.2
  19 1986 351   500.   1.4   6.6   0.640   3.5   0.8
  19 1986 352   600.   1.6   2.4   0.570   1.4   2.2
  19 1986 353  1000.  -0.9   4.2   0.540   2.8   0.2
  19 1986 354  1800.  -0.2   4.9   0.570   3.8   0.0
  19 1986 355  1000.   1.6   4.4   0.610   1.5   0.0
  19 1986 356  1500.   0.0   4.7   0.500   2.0   0.0
  19 1986 357  1400.   0.6   4.5   0.640   0.7   0.0
  19 1986 358   300.  -1.1   9.5   0.710   3.0   5.4
  19 1986 359  1800.   2.5   6.0   0.590   1.4   0.0
  19 1986 360  1300.   0.8   4.5   0.620   2.1   0.1
  19 1986 361  1500.  -0.3   7.3   0.590   3.7   0.0
  19 1986 362  1200.   1.0  12.1   0.850   5.1   0.0
  19 1986 363   600.   2.1   4.6   0.490   1.3   3.3
  19 1986 364   100.   0.5   5.6   0.800   4.0  24.0
  19 1986 365   500.   3.1   5.0   0.710   2.2   2.4
