*------------------------------------------------------------------------------*
* Station name: Invergowree, United Kingdom
* Year: 1984
* Author: Peter Kooman
* Source: EAPR-Workshop on Potato Modelling 1990
* Comments: Vapour pressure measured as wet and dry bulb temperatures.
*           Wind measured on 10 m height in km/day
* Longitude: 3.00 W,  latitude 56.50 N, altitude 24.00 m
*
* Column  Daily value
* 1       station number
* 2       year
* 3       day
* 4       irradiation                   (kJ m-2 d-1)
* 5       minimum temperature           (degrees Celsius)
* 6       maximum temperature           (degrees Celsius)
* 7       early morning vapour pressure (kPA)
* 8       mean wind speed (height: 2 m) (m s-1)
* 9       precipitation                 (mm d-1)
*------------------------------------------------------------------------------*
   3.00  56.50    24. 0.00 0.00
  19 1984   1  1800.   1.0   6.3   0.610   4.7   0.6
  19 1984   2   600.   1.2   5.9   0.660   6.8   8.5
  19 1984   3  2200.   0.0   3.9   0.510   5.3   0.0
  19 1984   4  2100.   0.3   5.4   0.490   2.1   0.6
  19 1984   5  1500.   0.0   6.5   0.700   3.1   0.0
  19 1984   6  2400.   3.2   7.0   0.680   3.5   0.0
  19 1984   7  2100.   0.8   5.0   0.560   5.0   0.2
  19 1984   8  1600.  -0.7   4.5   0.540   1.6   0.1
  19 1984   9   400.  -2.4   7.4   0.540   1.9   0.7
  19 1984  10   200.  -1.5  10.9   0.860   4.4   0.1
  19 1984  11   500.   5.9   7.7   0.860   7.7   4.9
  19 1984  12  2500.  -5.0   0.0   0.520   4.0  15.4
  19 1984  13  2500.   0.0   4.8   0.540   3.5   4.6
  19 1984  14   700.  -2.0   1.2   0.630   3.1   2.0
  19 1984  15   700.  -1.0   0.9   0.490   3.1   3.8
  19 1984  16   700.  -2.1   2.6   0.500   3.6  21.1
  19 1984  17  1800.  -2.1   2.4   0.560   1.6   1.4
  19 1984  18  2500.  -2.5   2.5   0.570   3.5   0.3
  19 1984  19  3000.  -2.9   1.0   0.480   0.7   0.0
  19 1984  20  3700. -11.2   0.0  -1.140   0.2   0.0
  19 1984  21  3000. -11.6   1.9   0.460   5.6   9.7
  19 1984  22   800.  -7.2   1.8   0.650   1.1   2.1
  19 1984  23   500.  -0.7   2.1   0.530   4.5  20.4
  19 1984  24  2100.  -1.9   0.1   0.550   0.2   2.1
  19 1984  25  1700.  -8.1  -1.8   0.440   0.3   0.0
  19 1984  26  1500.  -8.9   2.9   0.390   4.7  27.5
  19 1984  27  1400.  -7.1   3.5   0.710   0.3   1.4
  19 1984  28  1900.   0.9   3.9   0.670   1.5   5.6
  19 1984  29  2500.   1.5   4.6   0.710   0.3   0.0
  19 1984  30  1900.  -1.8   3.5   0.580   1.1   2.0
  19 1984  31  5100.  -4.2   2.7   0.520   0.8   0.0
  19 1984  32   800.  -4.6   4.9   0.580   1.8   7.9
  19 1984  33  1200.   0.0   5.5   0.680   1.6   1.5
  19 1984  34  4600.   1.6   5.7   0.650   2.5   3.6
  19 1984  35  2200.   2.1   6.0   0.670   3.1   4.0
  19 1984  36  2500.   0.0   4.4   0.590   3.5   2.6
  19 1984  37  2400.   0.5   3.3   0.600   5.3   3.8
  19 1984  38  5300.  -1.4   4.4   0.550   4.5   0.0
  19 1984  39  5300.   0.7   5.2   0.520   4.3   0.0
  19 1984  40  5300.   1.5   7.2   0.560   1.8   0.0
  19 1984  41  1800.   1.8   7.6   0.850   0.3   0.0
  19 1984  42  4400.   3.0   8.8   0.820   0.1   0.0
  19 1984  43  1600.   4.5   7.0   0.840   3.0   0.0
  19 1984  44  3000.   3.3   6.0   0.670   1.0   0.0
  19 1984  45  1700.   0.0   4.9   0.620   0.3   0.1
  19 1984  46  1900.  -1.0   2.8   0.660   0.1   0.0
  19 1984  47   800.  -0.8   6.0   0.620   2.7   0.0
  19 1984  48  1100.   1.4   7.0   0.860   2.8   1.0
  19 1984  49  6600.   4.9   6.6   0.780   3.5   0.0
  19 1984  50  4500.  -3.0   2.9   0.510   3.7   0.0
  19 1984  51  2000.   0.0   4.4   0.530   6.1   8.8
  19 1984  52  2500.  -0.2   5.8   0.770   4.9   1.4
  19 1984  53  1300.   3.9   6.5   0.840   3.3   3.3
  19 1984  54  1300.   3.4   3.8   0.610   1.0   2.3
  19 1984  55  2000.   0.9   5.4   0.660   0.6   0.8
  19 1984  56  1900.   1.8   4.6   0.790   0.9   0.5
  19 1984  57  1600.   2.4   3.5   0.660   0.2   0.1
  19 1984  58  7100.  -0.2   5.8   0.550   0.4   0.0
  19 1984  59  7900.  -0.7   6.8   0.580   2.7   0.0
  19 1984  60  5900.   0.4  10.1   0.800   3.0   0.0
  19 1984  61  4300.   4.0   6.7   0.620   3.4   3.5
  19 1984  62  5900.   1.2   5.5   0.570   4.6   0.4
  19 1984  63  7700.   0.6   8.8   0.490   1.7   5.1
  19 1984  64  5000.   2.5  12.9   0.980   2.1   0.0
  19 1984  65  9900.   2.6  12.1   0.690   2.2   0.0
  19 1984  66  7000.   4.4  12.9   0.820   1.5   0.0
  19 1984  67  4500.   6.2   8.6   0.880   0.4   0.2
  19 1984  68  4400.   3.7   7.2   0.800   0.4   0.0
  19 1984  69  4900.   2.0   8.7   0.790   0.3   0.0
  19 1984  70  3600.   4.2   9.5   0.780   0.8   0.0
  19 1984  71  5000.   4.0   6.9   0.730   2.6   8.8
  19 1984  72  8100.   2.9   6.8   0.650   2.5   0.3
  19 1984  73  6000.   3.1   5.4   0.600   4.3   1.3
  19 1984  74  6400.   2.3   6.1   0.620   3.7   0.1
  19 1984  75  6600.   1.3   6.2   0.570   1.4   0.0
  19 1984  76  8600.  -2.1   5.7   0.550   0.5   0.0
  19 1984  77 12300.  -2.5   6.6   0.550   0.6   0.0
  19 1984  78 12200.  -1.0   6.2   0.590   0.5   0.0
  19 1984  79 13000.   0.0   6.2   0.600   0.7   0.0
  19 1984  80  5700.  -0.2   4.0   0.500   1.3   0.0
  19 1984  81  5600.   1.8   6.3   0.580   1.8   0.0
  19 1984  82  4100.   1.9   4.9   0.650   3.9   0.0
  19 1984  83  4000.   3.1   5.7   0.670   8.2  11.5
  19 1984  84   600.   2.2   5.0   0.790   5.6  34.0
  19 1984  85 10700.   1.0   6.4   0.750   5.3  19.0
  19 1984  86  3300.   3.0   5.0   0.700   4.4  29.6
  19 1984  87  2100.   1.9   4.9   0.730   1.9   3.1
  19 1984  88  5700.   3.8   7.5   0.710   2.1   0.0
  19 1984  89 11200.   2.0   8.0   0.680   1.2   1.0
  19 1984  90 11800.   1.6   7.0   0.590   2.0   0.1
  19 1984  91 10700.  -0.5   5.0   0.470   3.9   0.6
  19 1984  92  9400.   1.5   6.5   0.580   2.1   0.0
  19 1984  93 16100.  -1.2   7.9   0.590   1.1   0.0
  19 1984  94  8900.   2.9   6.2   0.550   3.0   0.0
  19 1984  95 15400.   2.3   7.0   0.550   2.1   0.0
  19 1984  96 15800.   0.0   8.8   0.710   0.8   0.0
  19 1984  97  2600.   1.1   7.3   0.690   1.7   2.0
  19 1984  98  4800.   3.6   7.2   0.750   1.9   0.0
  19 1984  99  7100.   5.3  10.5   0.790   1.7   0.8
  19 1984 100  6700.   2.8  10.3   0.770   0.9   0.0
  19 1984 101  6300.   4.0   8.4   0.890   4.6   0.7
  19 1984 102 15900.   2.8   8.8   0.720   3.1   0.0
  19 1984 103  9300.  -0.1  10.1   0.700   5.7   0.0
  19 1984 104 14300.   5.0  12.4   0.840   6.3   0.0
  19 1984 105  7800.   7.4  11.0   0.910   3.5   0.0
  19 1984 106 16600.  -0.3  11.5   0.590   2.6   0.0
  19 1984 107 17400.   1.0  11.4   0.550   2.1   0.0
  19 1984 108 17200.  -0.1  10.3   0.600   2.2   1.6
  19 1984 109  3300.   5.0  11.4   0.930   3.6   0.0
  19 1984 110  9000.   7.5  14.0   1.070   2.3   0.0
  19 1984 111  6400.   7.3  14.8   1.060   3.9   0.0
  19 1984 112  9700.   9.4  14.4   1.040   2.4   0.0
  19 1984 113 22300.   1.6  11.9   0.750   1.6   0.0
  19 1984 114 22400.   2.0  13.5   0.810   1.1   0.0
  19 1984 115 21100.   2.9  18.3   0.980   0.7   0.0
  19 1984 116 22100.   4.9  16.6   1.040   1.2   0.0
  19 1984 117 13300.   5.2  10.5   0.920   0.9   0.0
  19 1984 118 15300.   5.2  12.4   0.920   1.0   0.0
  19 1984 119  7100.   4.7   8.5   0.890   2.0   0.0
  19 1984 120 18200.   5.6  12.5   0.900   2.5   0.0
  19 1984 121 19600.   4.7  12.1   0.800   3.3   0.0
  19 1984 122 20800.   5.1  14.0   0.890   1.3   0.0
  19 1984 123 18700.   3.0  16.7   0.920   1.0   0.0
  19 1984 124 21300.   5.3  13.0   0.980   1.9   0.0
  19 1984 125  9200.   6.1  10.7   0.930   0.9   0.0
  19 1984 126  5800.   5.1  10.0   0.950   2.3   0.0
  19 1984 127  8900.   6.0   9.0   0.690   1.8   0.0
  19 1984 128 20700.  -0.3  11.1   0.540   1.9   0.0
  19 1984 129 22100.   0.5  11.8   0.620   1.2   0.0
  19 1984 130 13300.   3.0  11.4   0.870   1.7   0.2
  19 1984 131 17500.   7.1  12.4   0.630   3.2   0.0
  19 1984 132 25700.   7.0  11.9   0.850   2.0   0.0
  19 1984 133 26600.   2.5  13.0   0.680   1.8   0.0
  19 1984 134 25500.   1.4  17.3   0.890   1.1   0.0
  19 1984 135 25700.   3.6  16.9   0.710   1.8   0.0
  19 1984 136 23700.   2.6  14.9   0.790   1.2   0.0
  19 1984 137  9000.   6.6  12.4   0.760   1.2   0.0
  19 1984 138 23000.   7.6  12.8   0.850   2.2   0.0
  19 1984 139 24700.   7.5  16.5   0.690   1.7   0.0
  19 1984 140 20700.   6.6  17.0   0.860   1.6   0.0
  19 1984 141 21200.   7.8  13.5   0.890   2.4   1.7
  19 1984 142  3700.   6.0  14.4   0.880   1.8   1.1
  19 1984 143 15700.   8.9  19.2   1.150   3.6   0.0
  19 1984 144 24200.  12.3  21.2   1.220   1.5   0.0
  19 1984 145 14200.   9.6  19.9   1.330   1.8  12.4
  19 1984 146  8500.   6.3   9.9   0.900   1.1   1.4
  19 1984 147 21700.   3.6  10.6   0.650   2.3   0.1
  19 1984 148 15100.   2.0  13.9   0.820   1.5   0.0
  19 1984 149 23900.   3.2  13.6   0.860   1.4   0.0
  19 1984 150 24500.   4.7  14.9   1.040   1.6   0.0
  19 1984 151 13400.   4.3  15.7   1.060   1.2   0.0
  19 1984 152 25200.   9.0  15.5   1.180   3.9   3.9
  19 1984 153  3400.   8.9  11.9   1.150   2.2   7.1
  19 1984 154 20700.   8.8  15.8   1.060   2.7   0.7
  19 1984 155  6700.   7.2  12.4   0.880   3.0  11.4
  19 1984 156  5500.   8.0  16.9   1.170   2.4   2.6
  19 1984 157 11100.  10.6  19.0   1.580   3.8   6.1
  19 1984 158 10200.  13.9  20.3   1.450   2.1   0.0
  19 1984 159 28500.  10.2  21.8   1.300   1.6   0.0
  19 1984 160 28300.   8.2  16.1   1.180   2.0   0.0
  19 1984 161  9800.   8.8  12.7   1.080   1.3   0.2
  19 1984 162  6200.   7.3  12.8   1.070   0.6   0.0
  19 1984 163 16500.   9.6  17.1   1.190   1.8   0.0
  19 1984 164  8300.  12.5  16.8   1.250   4.7   1.6
  19 1984 165 24800.  10.4  19.4   1.200   2.5   0.0
  19 1984 166 22500.   9.4  19.6   1.030   1.8   0.0
  19 1984 167 20200.   9.1  21.0   1.190   0.8   0.0
  19 1984 168 25100.  12.6  20.0   1.550   1.5   1.5
  19 1984 169 18000.  12.0  21.5   1.590   2.4   0.0
  19 1984 170 21900.  12.2  24.5   1.520   2.6   0.0
  19 1984 171 21400.  14.4  21.8   1.540   2.8   0.0
  19 1984 172 19000.  13.5  21.1   1.570   3.2   0.0
  19 1984 173 22400.   7.1  16.8   0.830   2.9   3.7
  19 1984 174 22100.   9.3  17.7   1.190   3.3   2.8
  19 1984 175  8900.   8.1  15.2   0.850   1.7   0.5
  19 1984 176 13900.   6.8  17.4   0.910   3.4   0.0
  19 1984 177 29100.  11.7  20.0   0.940   3.8   0.0
  19 1984 178 20700.  11.3  20.7   1.130   4.0   0.3
  19 1984 179 16600.  12.0  16.6   0.860   2.7   0.0
  19 1984 180 19700.   5.5  16.8   0.710   0.8   0.0
  19 1984 181 15100.   7.5  16.7   0.880   1.3   0.4
  19 1984 182 20700.   5.4  15.7   0.800   1.5   0.0
  19 1984 183 17900.   8.9  17.1   0.960   2.2   0.0
  19 1984 184 18400.   8.6  16.5   0.830   1.7   0.0
  19 1984 185 28700.   5.0  19.8   0.910   1.6   0.0
  19 1984 186 21900.  10.4  18.0   1.150   1.7   0.0
  19 1984 187 23900.  10.6  21.1   1.200   1.3   0.0
  19 1984 188 21100.  11.1  25.0   1.430   2.0   0.0
  19 1984 189 26900.  12.3  23.8   1.730   1.6   0.0
  19 1984 190 22900.  10.5  23.1   1.200   1.9   0.6
  19 1984 191 15000.  13.1  20.7   1.570   0.8   0.5
  19 1984 192 10700.  13.9  20.3   1.640   3.2   0.1
  19 1984 193  9300.  14.9  20.8   1.250   3.0   0.2
  19 1984 194 20300.  14.0  22.9   1.540   2.2   0.0
  19 1984 195 10100.  12.7  19.1   1.310   1.6   0.0
  19 1984 196 16400.  10.5  19.8   1.090   0.9   9.6
  19 1984 197 13800.   8.2  18.9   1.180   1.7   0.2
  19 1984 198 16000.  10.2  18.8   1.130   1.0   0.0
  19 1984 199 18400.  10.9  23.3   1.460   1.9   0.0
  19 1984 200 23600.  13.7  23.1   1.340   1.5   0.0
  19 1984 201 25500.  12.7  21.3   1.540   1.7   0.0
  19 1984 202 21400.  10.8  23.0   1.460   1.9   0.0
  19 1984 203 22700.  12.9  20.0   1.130   1.4   0.0
  19 1984 204 16200.   9.0  20.8   1.220   1.5   0.0
  19 1984 205 21600.  11.0  21.0   1.300   1.8   0.0
  19 1984 206 25500.  12.4  21.3   1.390   1.6   0.0
  19 1984 207 24100.  11.0  18.8   1.520   2.1   0.9
  19 1984 208 22800.  12.2  23.3   1.210   2.1   0.8
  19 1984 209  6400.  13.4  20.1   1.370   3.6   5.6
  19 1984 210 22000.  13.4  24.7   1.670   2.5   0.0
  19 1984 211  7200.  12.5  20.2   1.260   1.1   0.0
  19 1984 212 19800.  12.7  23.7   1.490   1.8   9.8
  19 1984 213  5900.  13.3  16.4   1.480   0.7   3.2
  19 1984 214 18500.   6.5  20.5   1.150   2.6   0.6
  19 1984 215  8700.  13.1  16.5   1.470   4.4   0.0
  19 1984 216  8600.  12.2  17.2   1.150   2.4   0.0
  19 1984 217  8400.   7.5  15.6   1.090   0.7   0.8
  19 1984 218 12600.  10.7  20.1   1.160   1.3   0.0
  19 1984 219  8400.  10.2  18.5   1.230   1.4   1.0
  19 1984 220 10800.  10.6  18.9   1.150   1.4   0.0
  19 1984 221 13900.  10.4  21.0   1.330   1.2   0.0
  19 1984 222 12400.  13.5  17.4   1.400   1.2   0.5
  19 1984 223 22600.   7.4  23.5   1.310   1.1   0.0
  19 1984 224 22400.   8.3  23.7   1.330   1.1   0.0
  19 1984 225 22000.   9.2  23.6   1.350   1.4   0.0
  19 1984 226 18600.  12.4  23.3   1.370   1.3   0.0
  19 1984 227 15600.  13.0  22.2   1.390   1.6   0.0
  19 1984 228 19400.   9.3  19.2   1.120   1.4   0.0
  19 1984 229 13000.   9.9  18.6   1.370   0.9   0.0
  19 1984 230 16400.  11.6  22.6   1.490   1.1   0.5
  19 1984 231  4600.  14.6  19.8   1.570   1.3   0.7
  19 1984 232 20600.  14.5  26.3   1.830   1.0   0.0
  19 1984 233 19900.  12.2  26.1   1.690   1.7   0.0
  19 1984 234 10700.  14.7  19.3   1.640   2.0   0.0
  19 1984 235 12500.  15.1  20.0   1.620   1.9   0.0
  19 1984 236 12100.  15.7  19.5   1.600   3.1   0.0
  19 1984 237  7500.  15.2  19.7   1.570   1.5   0.0
  19 1984 238 18500.   8.1  18.8   1.300   1.4   0.0
  19 1984 239 18100.   9.5  20.2   1.260   1.2   0.0
  19 1984 240 16200.  11.4  23.2   1.500   1.9   0.0
  19 1984 241  7200.  13.1  19.2   1.300   2.6   0.0
  19 1984 242 13500.  10.0  20.3   1.260   5.3   0.0
  19 1984 243  9500.  14.1  19.6   1.210   4.1   0.0
  19 1984 244 11000.  14.2  21.0   1.470   2.9   7.1
  19 1984 245  3900.   9.5  12.5   1.020   1.2  21.0
  19 1984 246  3600.  10.8  16.5   1.380   0.5  14.1
  19 1984 247 10800.  12.4  17.9   1.370   2.8   0.0
  19 1984 248 12300.   8.0  15.0   0.760   2.1   0.0
  19 1984 249 11000.   7.6  15.4   0.870   0.9   0.0
  19 1984 250 14900.   7.5  17.2   1.100   1.0   0.0
  19 1984 251 13800.   6.0  18.9   1.120   1.2   0.0
  19 1984 252  8100.  10.4  17.0   1.260   2.7  11.7
  19 1984 253 11700.  10.5  16.3   1.070   3.8   0.2
  19 1984 254  6600.  10.6  14.1   0.940   3.4   0.0
  19 1984 255  8200.  10.5  15.3   0.830   1.9   0.0
  19 1984 256  5000.   8.8  14.7   0.980   0.3   0.7
  19 1984 257  3000.  10.2  17.5   1.530   0.8  14.5
  19 1984 258  8700.  11.4  17.9   1.400   0.6   4.6
  19 1984 259  4800.  12.2  15.6   1.290   0.5   0.0
  19 1984 260  4100.  12.5  15.1   1.410   0.8   3.7
  19 1984 261  6000.   8.8  13.1   0.950   0.2   0.8
  19 1984 262  9100.   5.4  15.0   1.050   3.2   0.0
  19 1984 263 12300.   8.0  14.6   0.900   3.8   0.5
  19 1984 264 10800.   6.5  14.9   0.860   2.0   3.1
  19 1984 265 14900.   4.5  12.4   0.880   0.6   1.1
  19 1984 266  8400.   3.2  12.2   0.940   2.2  10.9
  19 1984 267  2700.   7.0  12.0   0.930   2.1  10.8
  19 1984 268  8200.   7.5  14.7   0.920   1.7   0.0
  19 1984 269  5500.   8.4  14.2   0.930   1.4   0.0
  19 1984 270 10800.   7.8  15.9   1.010   0.7   0.0
  19 1984 271  2600.   6.5  14.9   1.090   1.4  14.6
  19 1984 272  2600.  10.2  16.0   1.470   1.0   0.2
  19 1984 273  7900.   8.1  14.6   1.130   1.8   5.3
  19 1984 274  8700.  10.5  12.7   0.950   2.4   0.1
  19 1984 275  4800.   3.1  10.0   0.910   1.7   2.1
  19 1984 276  7200.   3.4  11.7   0.890   1.0   6.4
  19 1984 277  8300.   2.7  11.4   0.930   0.9   2.9
  19 1984 278  7200.   5.4  12.0   0.910   0.7   0.0
  19 1984 279  8000.   2.9  12.9   0.800   1.4   0.0
  19 1984 280  5600.   3.9  13.3   1.050   2.9   0.1
  19 1984 281  5800.   6.6  14.8   0.810   2.4   1.3
  19 1984 282  4700.   8.7  17.5   1.380   2.8   0.0
  19 1984 283  8000.   6.6  13.6   0.920   3.0   0.1
  19 1984 284  4200.   6.8  14.3   1.060   3.3   2.0
  19 1984 285  8100.   6.2  13.0   0.800   2.4   0.0
  19 1984 286  1800.   5.4  13.9   0.880   1.8   0.3
  19 1984 287  1700.   6.9  15.4   1.300   2.7   0.2
  19 1984 288  6600.   5.3  14.3   1.090   0.6   0.9
  19 1984 289  4900.   9.1  17.0   1.470   1.3   0.0
  19 1984 290  2000.   7.1  12.7   1.170   1.9   0.0
  19 1984 291  5000.   6.0  12.6   1.010   2.6  12.3
  19 1984 292  2400.   7.0  11.1   0.980   7.5   6.2
  19 1984 293  2100.   6.0  11.4   1.080   2.5   1.0
  19 1984 294  5000.   5.0  12.8   0.860   3.0   0.0
  19 1984 295  4600.   5.5  13.5   0.800   1.7  12.1
  19 1984 296  4600.   6.9  14.2   1.430   2.8   0.6
  19 1984 297  7000.   5.5  11.8   0.830   1.8   0.0
  19 1984 298  1600.   5.3  10.8   0.870   1.8  21.0
  19 1984 299  2400.   6.9  11.2   1.210   3.3   2.0
  19 1984 300  5500.   5.7  11.3   0.740   2.8   0.0
  19 1984 301  5100.   6.5  11.4   0.870   2.2   1.0
  19 1984 302  1300.   7.4  12.5   1.020   0.9   3.7
  19 1984 303   900.   5.6  15.2   1.180   3.3  11.7
  19 1984 304  3500.   5.4  12.2   1.010   2.3   3.0
  19 1984 305  5400.   7.0  14.1   0.930   5.1   0.0
  19 1984 306  3500.   9.2  14.5   1.090   3.0   5.4
  19 1984 307  2100.   8.1  10.2   0.980   1.0   4.1
  19 1984 308   400.   7.0   7.5   0.900   7.0  33.9
  19 1984 309  4200.   5.3   8.3   0.700   1.9   0.0
  19 1984 310  4000.  -0.8   5.8   0.560   0.5   0.0
  19 1984 311  2800.  -3.4   4.5   0.510   1.4   3.1
  19 1984 312   600.  -1.6  10.2   0.720   1.3   0.4
  19 1984 313   400.   4.0  10.8   1.160   4.2  14.9
  19 1984 314  1900.   8.4  12.1   1.050   1.6  21.2
  19 1984 315  2500.   8.4  11.1   1.060   1.9   0.0
  19 1984 316  1100.   9.5  11.0   0.990   3.3   3.9
  19 1984 317  1200.   7.9   9.2   0.940   0.2   0.0
  19 1984 318  2900.   5.1   9.5   0.860   2.3   0.0
  19 1984 319   400.   6.6   9.2   1.010   1.9   8.5
  19 1984 320   600.   6.0   7.5   0.920   2.1  18.1
  19 1984 321   300.   6.4   7.5   0.890   2.8  15.0
  19 1984 322   600.   5.6   7.4   0.920   3.1  14.6
  19 1984 323   600.   5.9   7.4   0.840   2.6  13.3
  19 1984 324  1300.   5.6   7.3   0.810   2.0   0.0
  19 1984 325  1200.   4.0   7.1   0.760   0.6   2.3
  19 1984 326   600.   2.0   9.0   0.800   2.7  10.5
  19 1984 327  2700.   4.3   8.5   0.810   2.2   0.1
  19 1984 328  1300.   4.2   8.9   0.850   3.1   0.2
  19 1984 329  2000.   5.8   8.7   0.790   4.6   2.1
  19 1984 330  1500.   5.5   8.6   0.940   1.6   0.0
  19 1984 331  2600.   3.0  10.4   0.680   3.9   2.0
  19 1984 332   400.   2.1  10.9   0.980   7.2   6.2
  19 1984 333  2300.   5.0   7.9   0.710   4.8   0.1
  19 1984 334  1700.   5.3  11.0   0.830   3.7   0.4
  19 1984 335   400.   6.6  11.2   1.030   3.4   0.0
  19 1984 336   500.   2.7   5.4   0.710   0.3   8.6
  19 1984 337   500.   3.0   8.2   0.760   1.0   0.4
  19 1984 338   200.   3.3   8.3   0.690   1.1   1.1
  19 1984 339   600.   3.8   9.3   0.980   1.5   1.8
  19 1984 340  1300.   7.3   8.9   0.990   1.4   0.9
  19 1984 341  2200.   2.8  10.7   0.690   4.6   1.9
  19 1984 342   700.   2.5  11.2   0.990   6.7   0.0
  19 1984 343   300.   8.5   8.5   0.880   2.6   1.1
  19 1984 344   500.   2.6  10.1   0.710   5.0   0.0
  19 1984 345  1900.   5.0  11.4   1.040   3.1   0.0
  19 1984 346  1000.   4.1   8.6   0.860   0.4   0.0
  19 1984 347  1600.   3.5   7.8   0.770   1.4   0.0
  19 1984 348   300.   0.5   8.1   0.860   3.2   0.8
  19 1984 349  2000.   5.7   8.9   0.880   3.4   2.3
  19 1984 350  2100.   5.8   6.8   0.780   1.6   8.0
  19 1984 351   500.   2.4   6.2   0.700   2.4   3.0
  19 1984 352   200.   2.5   5.6   0.750   4.0   4.9
  19 1984 353  1900.   0.7   4.2   0.560   1.4   0.3
  19 1984 354  1400.   0.8   8.3   0.750   2.5   5.2
  19 1984 355  1800.   4.0   5.9   0.730   2.9   0.0
  19 1984 356  1800.   1.0   5.9   0.610   2.7   0.0
  19 1984 357   500.   2.0  11.0   0.850   1.8   0.8
  19 1984 358   500.   5.7  12.3   1.190   4.3   4.6
  19 1984 359  1800.   4.2   5.3   0.760   1.7   0.2
  19 1984 360   600.   1.8   7.0   0.750   1.6   2.3
  19 1984 361  1900.  -1.2   2.8   0.530   0.2   0.0
  19 1984 362  2700.  -5.1   0.8   0.420   0.0   0.0
  19 1984 363  1400.  -5.1   4.4   0.600   0.1   0.1
  19 1984 364   400.   0.0   4.0   0.690   0.0   3.4
  19 1984 365   300.   1.6   7.4   0.720   1.8   0.0
  19 1984 366   300.   2.3   6.0   0.720   1.8   0.0
