*---------------------------------------------------------------------------*
* Station name: Gilat (Migda), Israel
* Year: 1964
* Author: Peter Uithol                                     -99.000: NIL VALUE
* Source: Ungar, E., 1981. Meteo data Migda/Gilat
* Comments: Wind speed and irradiation data incomplete.
*           Rainfall from Gilat.
* Longitude: 43 40 E, latitude: 31 20 N, altitude: 150. m.
*
* Column  Daily value
* 1       station number
* 2       year
* 3       day
* 4       irradiation                   (kJ m-2 d-1)
* 5       minimum temperature           (degrees Celsius)
* 6       maximum temperature           (degrees Celsius)
* 7       early morning vapour pressure (kPa)
* 8       mean wind speed (height: 2 m) (m s-1)
* 9       precipitation                 (mm d-1)
*---------------------------------------------------------------------------*
  43.67  31.33   150. 0.00 0.00
   1 1964   1  7159.   8.2  14.0   0.948   1.4   0.0
   1 1964   2  9002.   9.1  15.3   0.854   1.5   0.0
   1 1964   3 10844.   7.0  16.3   0.878   2.8   0.0
   1 1964   4 13356.   8.2  12.7   0.633   7.5   0.0
   1 1964   5 13775.   7.5  13.6   0.752   2.4   0.0
   1 1964   6 12100.   3.9  15.2   0.696   1.1   0.0
   1 1964   7 14444.   2.3  15.8   0.708   1.7   0.0
   1 1964   8 13775.   5.3  15.8   0.719   2.0   0.0
   1 1964   9 12016.   6.8  16.9   0.732   2.1   0.0
   1 1964  10 11472.   6.4  17.0   0.744   1.5   0.0
   1 1964  11 14235.   5.2  17.4   0.757   1.6   0.0
   1 1964  12 13816.   5.3  18.2   0.770   2.7   0.0
   1 1964  13 12770.   7.5  19.6   0.783   2.2   0.0
   1 1964  14 14319.   5.8  16.4   0.796   1.6   0.0
   1 1964  15  9965.   7.3  16.1   0.809   2.2   0.0
   1 1964  16  4731.   9.9  14.4   0.823   1.5   3.0
   1 1964  17 12477.   9.1  17.1   0.837   4.1   4.5
   1 1964  18  3308.   5.6  10.0   0.851   2.6  21.0
   1 1964  19  9839.   2.0   8.1   0.865   2.6   0.0
   1 1964  20 15366.   3.6  11.5   0.880   1.0   0.0
   1 1964  21 15826.   2.9  13.4   0.894   1.2   0.0
   1 1964  22  9923.   2.1  12.4   0.909   1.1   0.0
   1 1964  23  8290.   5.0  12.7   0.924   1.4   0.0
   1 1964  24 11430.   7.1  13.7   0.939   2.2   4.5
   1 1964  25  6280.   5.2  14.0   0.955   1.4  24.0
   1 1964  26 10425.   5.7  13.1   0.922   1.5   0.0
   1 1964  27 12979.   7.9  14.8   0.916   1.2   0.0
   1 1964  28 14570.   6.1  15.9   0.866   1.2   0.0
   1 1964  29 14151.   5.1  16.8   0.891   4.0   0.0
   1 1964  30  6406.  12.6  18.8   0.576   4.6   0.0
   1 1964  31  4982.  13.5  21.4   0.774   3.3   2.0
   1 1964  32 15742.  10.0  21.0   0.988   1.8   0.0
   1 1964  33 11095.   6.9  17.1   0.929   1.3   0.0
   1 1964  34 12142.   6.5  14.4   0.742   3.9   0.0
   1 1964  35  8918.   8.2  13.4   0.916   3.6   1.5
   1 1964  36 11053.   6.6  14.3   0.866   3.7   0.0
   1 1964  37 11137.   7.9  13.4   1.030   1.4   0.0
   1 1964  38 17166.   4.1  15.9   0.860   0.8   0.0
   1 1964  39 16957.   3.2  15.9   0.747   1.1   0.0
   1 1964  40  6406.   4.9  14.4   0.916   1.1  10.0
   1 1964  41 10048.   8.4  13.7   1.080   1.5   4.5
   1 1964  42 15072.   6.7  18.6   0.885   1.9   0.0
   1 1964  43  5736.   9.1  14.8   0.854   2.9   0.0
   1 1964  44  6155.   7.1  12.1   0.903   1.5  14.5
   1 1964  45 15198.   6.1  15.2   0.872   1.5   2.0
   1 1964  46 18380.   5.1  17.7   0.922   1.0   2.0
   1 1964  47 18548.   4.8  21.5   0.982   2.1   0.0
   1 1964  48 18296.   8.1  18.4   0.742   1.9   0.0
   1 1964  49  7871.   8.6  16.9   1.164   1.5   0.0
   1 1964  50 18589.   6.8  18.4   1.073   0.9   0.0
   1 1964  51 18129.   5.1  19.7   1.023   0.8   0.0
   1 1964  52 18548.   6.2  20.8   1.044   1.0   0.0
   1 1964  53 19092.   7.1  20.0   1.141   1.6   0.0
   1 1964  54  9127.   9.5  15.6   1.304   2.2   0.0
   1 1964  55 10928.   8.0  19.8   0.982   1.4   0.0
   1 1964  56  9169.   9.0  16.0   1.156   1.7   0.0
   1 1964  57 20264.   6.3  17.5   0.988   1.9   0.0
   1 1964  58 17668.  10.2  18.6   1.016   2.0   0.0
   1 1964  59 17208.  10.0  16.0   1.245   2.7   0.0
   1 1964  60 19510.   9.5  20.4   1.349   1.7   0.0
   1 1964  61 18171.  12.3  17.7   1.422   1.9  32.0
   1 1964  62 14863.   9.8  17.0   1.287   1.9   0.0
   1 1964  63 20390.   7.1  18.4   1.066   1.8   0.0
   1 1964  64 19176.   7.2  28.1   0.825   2.0   0.0
   1 1964  65 16580.  10.4  18.8   1.349   2.1   0.0
   1 1964  66 18548.   9.4  19.8   1.313   1.1   0.0
   1 1964  67 20390.   6.4  20.9   1.133   1.4   0.0
   1 1964  68 20264.   6.8  27.1   1.125   1.5   0.0
   1 1964  69 17920.  12.5  24.4   0.885   1.4   8.0
   1 1964  70 13649.  11.1  22.2   1.037   4.4   0.0
   1 1964  71 14905.  10.7  17.2   0.975   3.6   0.0
   1 1964  72 18548.   9.3  18.1   1.164   2.4   0.0
   1 1964  73 19971.   8.0  26.3   0.922   2.2   0.0
   1 1964  74 16873.  12.0  18.7   1.479   2.4   0.0
   1 1964  75 22525.   8.0  22.2   1.376   1.3   0.0
   1 1964  76 15324.   9.1  25.2   1.237   2.5   0.0
   1 1964  77 12686.  12.8  19.4   0.942   2.7   0.0
   1 1964  78 11514.  12.2  17.3   1.385   2.0   7.5
   1 1964  79 21269.  10.6  18.4   1.304   2.1   0.0
   1 1964  80 19762.  10.2  19.3   1.262   2.0   0.0
   1 1964  81 22818.   5.6  22.4   1.228   1.2   6.0
   1 1964  82 18715.   8.2  23.3   1.367   0.9   0.0
   1 1964  83 22902.  12.2  27.3   1.358   1.7   0.0
   1 1964  84 15910.  10.1  21.8   1.037   3.7   0.0
   1 1964  85 13565.  11.6  18.9   1.172   2.2   0.0
   1 1964  86 20641.  10.0  19.9   1.237   1.1   0.0
   1 1964  87 19636.   9.5  27.0   1.220   2.9   0.0
   1 1964  88 10969.  14.1  27.5   0.624   1.7   0.0
   1 1964  89 22902.  10.1  23.4   1.528   1.2   0.0
   1 1964  90 23237.  10.9  25.6   1.296   1.2   0.0
   1 1964  91 21981.  10.4  25.4   1.508   1.4   0.0
   1 1964  92 21562.   7.3  26.4   1.088   1.1   0.0
   1 1964  93 24200.   7.0  25.4   1.313   1.3   0.0
   1 1964  94 23572.   8.2  34.8   1.304   1.8   0.0
   1 1964  95 20390.  16.6  30.5   0.731   2.0   0.0
   1 1964  96 11262.  12.0  36.7   0.736   2.1   0.0
   1 1964  97 19636.  14.6  25.3   1.600   1.5   0.0
   1 1964  98 24367.  10.7  20.9   1.331   1.8   0.0
   1 1964  99 22441.   9.4  20.3   1.313   2.2   0.0
   1 1964 100 22023.   9.4  22.4   0.825   3.2   0.0
   1 1964 101 22902.   7.3  21.3   0.910   1.4   0.0
   1 1964 102 14444.   9.4  29.6   0.742   3.2   0.0
   1 1964 103 21729.  12.4  27.4   1.296   1.6   0.0
   1 1964 104 19217.   7.1  22.4   1.073   1.5   0.0
   1 1964 105 25539.   7.7  22.0   1.073   1.7   0.0
   1 1964 106 19552.   7.2  20.0   1.204   1.9   0.0
   1 1964 107 21897.  11.2  21.1   1.376   1.8   0.0
   1 1964 108 20976.  11.2  21.0   1.088   1.9   0.0
   1 1964 109 22692.   8.9  20.6   1.095   1.9   0.0
   1 1964 110 15910.   9.6  20.7   1.110   1.5   0.0
   1 1964 111 22567.   8.8  18.8   1.204   1.6   0.0
   1 1964 112 23823.   9.9  20.9   1.287   1.9   6.5
   1 1964 113 24577.   8.9  24.2   1.313   1.0   0.0
   1 1964 114 27382.   9.3  28.9   1.164   1.3   0.0
   1 1964 115 25372.   9.1  32.0   0.836   1.5   0.0
   1 1964 116 23865.  14.8  34.8   0.597   1.7   0.0
   1 1964 117 19887.  15.4  23.3   1.610   1.7   0.0
   1 1964 118 19469.  12.5  21.7   1.304   1.8   0.0
   1 1964 119 22525.  10.6  21.4   1.148   2.1   0.0
   1 1964 120 24242.  12.6  20.9   1.016   2.0   0.0
   1 1964 121 27926.   9.6  23.2   1.110   1.4   0.0
   1 1964 122 26670.   8.1  23.7   1.164   1.3   0.0
   1 1964 123 27340.  10.8  23.0   1.253   1.4   0.0
   1 1964 124 24953.   8.5  25.7   1.164   1.4   0.0
   1 1964 125 23153.  10.5  22.2   1.228   1.5   0.0
   1 1964 126 28680.   8.8  25.4   1.245   1.7   0.0
   1 1964 127 25288.  11.0  29.0   0.671   1.9   0.0
   1 1964 128 23907.  13.5  21.8   1.237   2.1   0.0
   1 1964 129 24074.  10.0  22.3   1.023   1.5   0.0
   1 1964 130 23362.   9.8  23.4   0.955   3.0   0.0
   1 1964 131 28345.  10.3  23.8   1.279   1.4   0.0
   1 1964 132 28135.   8.6  25.3   1.088   1.8   0.0
   1 1964 133 28387.  10.2  27.6   1.051   1.6   0.0
   1 1964 134 27005.  10.4  29.9   0.929   1.6   0.0
   1 1964 135 25498.  12.9  24.6   1.412   1.6   0.0
   1 1964 136 26712.  11.1  24.4   1.394   1.5   0.0
   1 1964 137 27926.  11.0  26.5   0.935   1.5   0.0
   1 1964 138 28303.   9.6  27.5   1.270   2.1   0.0
   1 1964 139 28135.  12.9  26.4   1.610   2.1   0.0
   1 1964 140 27884.  13.6  31.7   1.349   1.7   0.0
   1 1964 141 29224.  15.0  27.2   1.706   1.6   0.0
   1 1964 142 24493.  14.3  27.9   1.600   1.4   0.0
   1 1964 143 29977.  11.2  26.4   1.663   1.6   0.0
   1 1964 144 28680.  12.4  26.8   1.508   1.5   0.0
   1 1964 145 30103.  13.5  27.6   1.762   1.7   0.0
   1 1964 146 30103.  14.5  29.1   1.610   1.5   0.0
   1 1964 147 26670.  13.3  32.9   0.872   1.6   0.0
   1 1964 148 28596.  18.1  37.4   0.878   1.6   0.0
   1 1964 149 26963.  18.3  38.9   0.711   1.7   0.0
   1 1964 150 28052.  18.0  40.3   0.543   1.9   0.0
   1 1964 151 26419.  16.9  37.3   1.489   1.3   0.0
   1 1964 152 29098.  17.0  34.3   2.159   1.8   0.0
   1 1964 153 28721.  17.8  29.3   1.774   1.6   0.0
   1 1964 154 28470.  12.1  30.5   1.331   1.9   0.0
   1 1964 155 29601.  13.9  28.8   1.740   1.5   0.0
   1 1964 156 29182.  15.3  31.8   1.133   1.6   0.0
   1 1964 157 27884.  16.2  35.0   1.228   1.5   0.0
   1 1964 158 27089.  16.8  31.7   2.092   1.6   0.0
   1 1964 159 24242.  16.1  28.4   1.867   2.0   0.0
   1 1964 160 27842.  14.9  32.8   0.711   1.6   0.0
   1 1964 161 27800.  15.6  34.1   0.955   1.8   0.0
   1 1964 162 27884.  16.2  35.4   0.948   1.9   0.0
   1 1964 163 26796.  15.2  40.3   0.872   1.8   0.0
   1 1964 164 25414.  23.1  30.0   1.915   1.8   0.0
   1 1964 165 25288.  16.6  28.1   1.903   1.8   0.0
   1 1964 166 26419.  17.3  29.3   1.785   1.4   0.0
   1 1964 167 26921.  15.5  28.6   1.879   1.5   0.0
   1 1964 168 27507.  15.5  28.9   1.891   1.5   0.0
   1 1964 169 27382.  17.5  28.9   1.367   1.5   0.0
   1 1964 170 28052.  16.3  31.3   1.762   1.4   0.0
   1 1964 171 27758.  17.2  34.0   2.027   1.5   0.0
   1 1964 172 26586.  17.2  29.8   1.695   1.6   0.0
   1 1964 173 29559.  18.8  29.9   2.040   1.5   0.0
   1 1964 174 26921.  16.0  30.8   1.952   1.5   0.0
   1 1964 175 26754.  17.0  30.8   2.213   1.3   0.0
   1 1964 176 28052.  18.2  31.0   2.105   1.6   0.0
   1 1964 177 26251.  17.2  29.5   1.879   1.6   0.0
   1 1964 178 25372.  18.1  29.8   1.964   1.6   0.0
   1 1964 179 25037.  18.6  30.4   2.014   1.5   0.0
   1 1964 180 27633.  17.7  31.7   2.186   1.6   0.0
   1 1964 181 26670.  17.6  31.9   1.989   1.3   0.0
   1 1964 182 24618.  17.5  36.2   0.763   1.3   0.0
   1 1964 183 26419.  17.8  33.2   2.326   1.5   0.0
   1 1964 184 27256.  18.8  31.0   1.774   1.2   0.0
   1 1964 185 28052.  17.3  29.0   1.762   1.6   0.0
   1 1964 186 28345.  16.6  28.9   1.796   1.6   0.0
   1 1964 187 27382.  15.7  31.1   1.808   1.8   0.0
   1 1964 188 27298.  17.5  30.6   2.040   1.8   0.0
   1 1964 189 27298.  17.2  33.0   2.145   1.9   0.0
   1 1964 190 28345.  19.4  33.9   2.092   2.0   0.0
   1 1964 191 28345.  19.1  31.2   1.796   1.6   0.0
   1 1964 192 26042.  16.0  32.3   1.349   1.6   0.0
   1 1964 193 26796.  15.4  32.1   1.867   1.4   0.0
   1 1964 194 29768.  17.8  30.9   2.172   1.5   0.0
   1 1964 195 27675.  18.6  30.4   1.989   1.4   0.0
   1 1964 196 29894.  16.7  32.4   2.027   1.4   0.0
   1 1964 197 29015.  15.8  34.4   1.674   1.4   0.0
   1 1964 198 26544.  19.0  33.7   2.298   1.3   0.0
   1 1964 199 26963.  17.2  30.6   2.118   1.6   0.0
   1 1964 200 27382.  16.4  31.3   2.053   1.5   0.0
   1 1964 201 27382.  17.6  32.3   1.989   1.3   0.0
   1 1964 202 27089.  18.2  33.0   2.105   1.4   0.0
   1 1964 203 26628.  20.4  35.9   2.255   1.5   0.0
   1 1964 204 27633.  21.4  35.5   2.370   1.7   0.0
   1 1964 205 27298.  20.4  33.0   2.241   1.4   0.0
   1 1964 206 26628.  19.3  32.0   2.444   1.7   0.0
   1 1964 207 27214.  16.2  32.5   1.903   1.3   0.0
   1 1964 208 25246.  19.4  31.8   2.040   1.4   0.0
   1 1964 209 24493.  20.4  31.2   2.118   1.6   0.0
   1 1964 210 25833.  20.0  32.1   2.355   1.6   0.0
   1 1964 211 24200.  20.0  33.0   2.118   2.2   0.0
   1 1964 212 25121.  22.4  32.2   2.040   1.9   0.0
   1 1964 213 27256.  21.0  31.4   2.040   1.7   0.0
   1 1964 214 27089.  20.4  32.6   2.186   1.4   0.0
   1 1964 215 25205.  21.9  32.4   2.227   1.6   0.0
   1 1964 216 25665.  18.9  32.1   2.027   1.7   0.0
   1 1964 217 26921.  19.3  32.9   2.227   1.6   0.0
   1 1964 218 26126.  18.4  31.8   2.200   1.4   0.0
   1 1964 219 25623.  21.0  30.9   2.159   1.5   0.0
   1 1964 220 25456.  21.1  31.6   2.159   1.7   0.0
   1 1964 221 26168.  18.3  32.1   2.105   1.8   0.0
   1 1964 222 25121.  17.4  31.7   1.903   1.6   0.0
   1 1964 223 25749.  19.1  32.8   2.027   1.9   0.0
   1 1964 224 25288.  19.1  34.7   0.891   1.6   0.0
   1 1964 225 24535.  18.5  30.7   1.903   1.5   0.0
   1 1964 226 25791.  18.6  30.3   1.729   1.3   0.0
   1 1964 227 25874.  16.0  33.0   1.631   1.7   0.0
   1 1964 228 26209.  17.5  34.8   2.269   1.6   0.0
   1 1964 229 24953.  19.3  34.6   1.740   1.5   0.0
   1 1964 230 24911.  18.9  33.7   2.341   1.3   0.0
   1 1964 231 23948.  19.7  33.9   2.399   1.4   0.0
   1 1964 232 24283.  18.0  33.9   2.145   1.3   0.0
   1 1964 233 24283.  18.1  33.4   2.536   1.3   0.0
   1 1964 234 25121.  18.2  32.5   2.399   1.6   0.0
   1 1964 235 23823.  18.4  32.1   2.370   1.3   0.0
   1 1964 236 23990.  20.5  34.3   2.370   1.4   0.0
   1 1964 237 24618.  19.2  34.3   2.414   1.8   0.0
   1 1964 238 24200.  19.3  34.9   2.444   1.2   0.0
   1 1964 239 23907.  18.4  33.9   2.475   1.6   0.0
   1 1964 240 23823.  18.9  32.9   2.283   1.3   0.0
   1 1964 241 25205.  16.2  32.5   1.740   2.8   0.0
   1 1964 242 23320.  18.4  30.6   1.989   1.3   0.0
   1 1964 243 23781.  16.1  31.2   1.569   1.7   0.0
   1 1964 244 23404.  17.8  31.8   2.105 -99.0   0.0
   1 1964 245 23362.  19.2  31.6   2.255 -99.0   0.0
   1 1964 246 24242.  19.3  31.3   2.385 -99.0   0.0
   1 1964 247 23781.  18.7  31.4   2.298 -99.0   0.0
   1 1964 248 23320.  18.2  30.2   2.213 -99.0   0.0
   1 1964 249 23069.  18.8  31.0   1.977 -99.0   0.0
   1 1964 250 23027.  19.0  32.4   2.227 -99.0   0.0
   1 1964 251 23697.  19.0  33.1   2.118 -99.0   0.0
   1 1964 252 22441.  16.9  30.6   2.014 -99.0   0.0
   1 1964 253 20725.  15.3  30.6   1.642 -99.0   0.0
   1 1964 254 20348.  18.5  29.4   1.927 -99.0   0.0
   1 1964 255 20850.  17.1  29.5   1.508 -99.0   0.0
   1 1964 256 22525.  17.1  30.4   1.867 -99.0   0.0
   1 1964 257 22190.  15.6  31.1   1.939 -99.0   0.0
   1 1964 258 22483.  14.6  31.9   2.105 -99.0   0.0
   1 1964 259 22986.  16.9  32.3   2.172 -99.0   0.0
   1 1964 260 21981.  16.0  30.9   1.977 -99.0   0.0
   1 1964 261 21855.  16.5  30.1   2.213 -99.0   0.0
   1 1964 262 21060.  17.0  29.5   1.796 -99.0   0.0
   1 1964 263 21436.  16.2  29.0   1.589 -99.0   0.0
   1 1964 264 21688.  17.1  30.3   1.751 -99.0   0.0
   1 1964 265 21562.  17.6  30.9   2.105 -99.0   0.0
   1 1964 266 20139.  17.8  31.7   1.313 -99.0   0.0
   1 1964 267 19217.  18.1  27.8   1.717 -99.0   0.0
   1 1964 268 17585.  14.4  27.8   1.631 -99.0   0.0
   1 1964 269 19134.  12.3  27.3   1.717 -99.0   0.0
   1 1964 270 16496.  17.8  27.6   1.808 -99.0   0.0
   1 1964 271 21311.  16.1  28.4   1.740 -99.0   0.0
   1 1964 272 17920.  15.8  27.9   1.855 -99.0   0.0
   1 1964 273 20180.  12.8  27.9   1.631 -99.0   0.0
   1 1964 274   -99.  16.1  27.9   1.843   1.3   0.0
   1 1964 275   -99.  15.7  26.7   1.674   1.7   0.0
   1 1964 276   -99.  13.2  28.7   1.558   1.8   0.0
   1 1964 277   -99.  13.2  28.4   1.569   1.4   0.0
   1 1964 278   -99.  16.9  28.4   1.518   1.7   0.0
   1 1964 279   -99.  11.7  31.4   1.095   1.7   0.0
   1 1964 280   -99.  13.7  30.9   1.538   1.4   0.0
   1 1964 281   -99.  14.1  29.3   1.631   1.1   0.0
   1 1964 282   -99.  15.0  28.5   2.027   1.4   0.0
   1 1964 283   -99.  12.1  28.6   1.141   1.6   0.0
   1 1964 284   -99.  14.0  31.9   1.196   1.2   0.0
   1 1964 285   -99.  13.7  29.7   1.253   1.1   0.0
   1 1964 286   -99.  14.8  30.2   1.867   1.1   0.0
   1 1964 287   -99.  13.7  30.1   1.538   1.1   0.0
   1 1964 288   -99.  14.7  30.6   1.751   1.5   0.0
   1 1964 289   -99.  15.0  30.9   1.915   1.2   0.0
   1 1964 290   -99.  16.2  30.5   1.939   1.2   0.0
   1 1964 291   -99.  15.1  29.2   1.762   1.1   0.0
   1 1964 292   -99.  11.8  31.8   1.460   1.2   0.0
   1 1964 293   -99.  12.8  35.2   0.551   1.3   0.0
   1 1964 294   -99.  11.6  32.4   1.037   1.8   0.0
   1 1964 295   -99.  14.3  32.2   1.785   1.3   0.0
   1 1964 296   -99.  15.5  30.4   1.867   0.9   0.0
   1 1964 297   -99.  16.1  34.2   0.791   1.6   0.0
   1 1964 298   -99.  12.5  33.2   0.572   1.4   0.0
   1 1964 299   -99.  11.2  31.9   0.652   1.2   0.0
   1 1964 300   -99.   8.4  31.9   0.324   1.2   0.0
   1 1964 301   -99.  12.1  31.8   0.736   1.2   0.0
   1 1964 302   -99.   8.5  30.8   0.421   1.5   0.0
   1 1964 303   -99.  11.3  29.6   0.493   1.3   0.0
   1 1964 304   -99.  11.2  29.5   1.030   1.2   0.0
   1 1964 305   -99.  11.5  29.4   1.141   1.3   0.0
   1 1964 306   -99.  12.5  27.0   1.589   1.4   0.0
   1 1964 307   -99.  12.1  28.2   1.469   1.3   0.0
   1 1964 308   -99.  11.4  24.9   1.460   1.2   0.0
   1 1964 309   -99.  13.5  25.1   1.489   1.5   0.0
   1 1964 310   -99.  11.7  25.2   1.340   0.8   0.0
   1 1964 311   -99.  10.3  25.5   1.237   1.5   0.0
   1 1964 312   -99.  11.3  27.1   1.538   1.9   0.0
   1 1964 313   -99.  11.6  29.8   1.220   1.0   0.0
   1 1964 314   -99.  11.0  30.5   0.813   0.9   0.0
   1 1964 315   -99.   9.4  33.2   0.736   0.9   0.0
   1 1964 316   -99.  11.6  34.7   0.370   1.8   0.0
   1 1964 317   -99.  15.3  32.5   0.367   1.3   0.0
   1 1964 318   -99.  14.3  32.2   0.451   1.3   0.0
   1 1964 319   -99.  16.2  26.0   1.774   1.2   0.0
   1 1964 320   -99.  14.6  25.4   1.600   1.2   0.0
   1 1964 321   -99.  11.8  28.2   1.663   1.5  30.0
   1 1964 322   -99.  11.9  20.7   1.367   1.9   0.0
   1 1964 323   -99.  13.0  20.5   1.270   2.2   4.5
   1 1964 324   -99.  12.7  20.5   1.002   4.4   0.0
   1 1964 325   -99.   7.2  18.1   0.903   3.7  10.2
   1 1964 326   -99.   9.6  17.6   1.030   2.4   0.0
   1 1964 327   -99.  11.1  18.6   1.030   2.5   4.0
   1 1964 328   -99.  11.1  18.7   0.910   2.6   0.0
   1 1964 329   -99.  10.8  15.8   1.172   2.5  17.8
   1 1964 330   -99.  10.4  17.4   1.245   2.8   4.6
   1 1964 331   -99.  12.6  19.2   1.358   2.2   2.0
   1 1964 332   -99.  10.3  20.9   1.349   1.0   0.0
   1 1964 333   -99.   8.1  18.9   1.058   0.8   0.0
   1 1964 334   -99.   7.4  21.9   1.220   1.2   0.0
   1 1964 335   -99.   8.2  24.3   0.885   1.4   0.0
   1 1964 336   -99.   8.3  25.4   0.848   1.5   0.0
   1 1964 337   -99.  12.5  25.4   0.647   2.7   0.0
   1 1964 338   -99.  16.1  28.8   0.508   2.8   0.0
   1 1964 339   -99.  10.7  20.1   1.088   1.0   0.0
   1 1964 340   -99.   7.7  20.8   1.030   1.0   0.0
   1 1964 341   -99.   8.3  20.4   1.228   0.9   0.0
   1 1964 342   -99.  11.6  18.1   1.331   2.6   0.0
   1 1964 343   -99.   7.7  14.6   0.819   2.5   0.0
   1 1964 344   -99.   8.5  13.4   1.051   3.2   0.0
   1 1964 345   -99.   9.2  16.7   0.988   2.1   6.3
   1 1964 346   -99.   8.0  17.1   0.916   2.0   0.0
   1 1964 347   -99.   9.9  15.5   1.245   1.7   0.0
   1 1964 348   -99.  10.5  15.6   1.228   1.8  14.5
   1 1964 349   -99.   8.8  15.9   1.156   1.9   8.5
   1 1964 350   -99.   6.9  18.3   1.080   0.9   2.4
   1 1964 351   -99.   6.0  17.5   0.885   0.8   0.0
   1 1964 352   -99.   6.7  17.9   0.935   0.8   0.0
   1 1964 353   -99.   6.0  18.1   0.988   0.9   0.0
   1 1964 354   -99.   5.0  17.7   0.872   1.2   0.0
   1 1964 355   -99.   7.1  20.7   0.885   1.1   0.0
   1 1964 356   -99.   7.3  23.6   1.073   1.1   0.0
   1 1964 357   -99.  11.5  20.9   0.961   1.6   0.0
   1 1964 358   -99.  10.5  15.4   1.262   1.2   0.0
   1 1964 359   -99.   6.0  18.6   1.180   1.2   0.0
   1 1964 360   -99.   6.0  20.4   1.431   2.7   6.9
   1 1964 361   -99.   7.8  22.4   1.204   4.2   0.0
   1 1964 362   -99.  11.9  23.6   1.270   2.1   0.0
   1 1964 363   -99.   9.9  25.9   1.479   1.0   0.0
   1 1964 364   -99.  12.6  20.0   1.774   2.5   0.0
   1 1964 365   -99.   7.5  18.4   0.995   1.4   0.0
