*---------------------------------------------------------------------------*
* Station name: Gilat (Migda), Israel
* Year: 1963
* Author: Peter Uithol                                     -99.000: NIL VALUE
* Source: Ungar, E., 1981. Meteo data Migda/Gilat
* Comments: Rainfall from Gilat.
* Longitude: 43 40 E, latitude: 31 20 N, altitude: 150. m.
*
* Column  Daily value
* 1       station number
* 2       year
* 3       day
* 4       irradiation                   (kJ m-2 d-1)
* 5       minimum temperature           (degrees Celsius)
* 6       maximum temperature           (degrees Celsius)
* 7       early morning vapour pressure (kPa)
* 8       mean wind speed (height: 2 m) (m s-1)
* 9       precipitation                 (mm d-1)
*---------------------------------------------------------------------------*
  43.67  31.33   150. 0.00 0.00
   1 1963   1 14863.   7.8  22.8   0.860   1.6   0.0
   1 1963   2 14403.  11.4  20.2   0.465   2.9   0.0
   1 1963   3 11597.  10.8  19.1   1.188   0.9   0.0
   1 1963   4 12979.   9.1  18.0   1.196   0.9   0.0
   1 1963   5 14444.   6.4  24.0   0.891   0.8   0.0
   1 1963   6 15366.   7.9  22.2   0.872   0.9   0.0
   1 1963   7 15324.   5.0  22.1   0.615   1.3   0.0
   1 1963   8 14821.   4.8  24.1   0.796   1.3   0.0
   1 1963   9 15407.   7.8  26.4   0.493   1.6   0.0
   1 1963  10 12895.   8.2  19.4   0.696   1.6   0.0
   1 1963  11 13858.  10.3  18.9   1.172   1.1   0.0
   1 1963  12 15994.   6.0  23.0   0.736   1.1   0.0
   1 1963  13 16329.   6.0  27.9   0.796   1.6   0.0
   1 1963  14 16496.  10.4  26.9   0.547   1.6   0.0
   1 1963  15 13942.   8.0  20.3   0.661   1.3   0.0
   1 1963  16 14612.   6.9  20.0   0.961   1.5   0.0
   1 1963  17 14486.   7.2  18.5   1.066   1.4   0.0
   1 1963  18 14026.   8.8  16.9   1.148   1.3   0.0
   1 1963  19 15156.   4.1  20.7   0.701   1.2   0.0
   1 1963  20 16705.   5.2  24.6   0.742   1.3   0.0
   1 1963  21 14863.   7.4  22.7   0.629   1.2   0.0
   1 1963  22  9504.  11.2  23.0   0.468   2.5   0.0
   1 1963  23 13398.  12.8  24.4   1.403   4.7   0.0
   1 1963  24 12225.  10.8  19.2   1.148   3.2   0.0
   1 1963  25  8164.  12.4  16.2   0.769   4.0   0.0
   1 1963  26 13440.   7.1  16.0   0.539   2.7   0.0
   1 1963  27 16663.   2.9  14.9   0.671   1.5   0.0
   1 1963  28 16873.   1.4  16.4   0.493   1.1   0.0
   1 1963  29 16035.   1.4  20.3   0.501   1.2   0.0
   1 1963  30 13105.   3.8  20.9   0.638   1.2   0.0
   1 1963  31 10174.   8.0  19.4   0.780   1.2   0.0
   1 1963  32 15659.   7.9  18.9   1.009   1.2   0.0
   1 1963  33 18464.   3.1  21.9   0.523   2.4   0.0
   1 1963  34 14068.   7.9  24.7   0.611   4.6   0.0
   1 1963  35 15114.  15.2  25.7   0.551   3.1   0.0
   1 1963  36 14361.  12.3  27.1   0.606   2.5   0.0
   1 1963  37 14151.  12.8  28.4   0.825   3.2   0.0
   1 1963  38 11723.  16.8  28.7   0.706   2.1   0.0
   1 1963  39 10216.  10.9  18.5   1.073   1.3   0.0
   1 1963  40 12560.   6.1  18.7   0.615   1.8   0.0
   1 1963  41 12100.   8.2  20.0   0.922   2.6   0.0
   1 1963  42  9923.  11.8  15.9   1.220   5.6  10.5
   1 1963  43 12477.  10.5  16.7   1.237   2.8   5.0
   1 1963  44 18087.  10.2  20.3   1.156   1.8  15.0
   1 1963  45 19762.   8.9  22.8   1.030   2.0   0.0
   1 1963  46 15994.  10.8  25.1   0.836   2.4   0.0
   1 1963  47 15701.   9.1  19.5   1.044   1.5   0.0
   1 1963  48 19092.   5.8  21.3   0.975   1.4   0.0
   1 1963  49 18673.   6.3  28.4   0.988   1.4   0.0
   1 1963  50 16998.  12.9  27.7   0.813   1.9   0.0
   1 1963  51 20850.  11.7  19.6   1.358   1.8   0.0
   1 1963  52 19427.   8.5  21.7   0.910   2.0   0.0
   1 1963  53 17459.  11.7  20.2   0.747   2.4   0.0
   1 1963  54 18171.   9.2  20.5   0.568   1.8   0.0
   1 1963  55 18254.   9.2  22.8   0.629   2.7   0.0
   1 1963  56 16329.   9.5  16.0   1.058   2.3   4.0
   1 1963  57 16538.   6.4  17.8   1.088   1.4   0.0
   1 1963  58 10676.   9.5  16.0   1.172   1.5   0.0
   1 1963  59 19720.   6.5  20.0   1.044   1.4   0.0
   1 1963  60 19259.   5.4  20.2   0.968   1.3   0.0
   1 1963  61 19762.   5.0  20.2   0.633   1.4   0.0
   1 1963  62 13565.   8.2  22.9   0.955   1.7   0.0
   1 1963  63 16454.   9.7  19.8   1.228   4.8   0.0
   1 1963  64 12477.   7.9  15.3   0.948   2.4   0.0
   1 1963  65 16873.   8.3  14.8   1.044   1.8   0.0
   1 1963  66 21395.   6.3  16.1   0.785   2.3   9.8
   1 1963  67 18631.   6.4  16.7   0.721   1.7   0.0
   1 1963  68  9965.   8.2  17.0   1.037   1.7   0.0
   1 1963  69 18882.   8.3  17.0   1.103   2.1   0.0
   1 1963  70 22441.   5.3  19.0   0.878   1.6   0.0
   1 1963  71 22860.   8.4  20.3   0.854   1.9   0.0
   1 1963  72 21897.   7.4  24.4   1.073   1.6   0.0
   1 1963  73 21939.   7.2  23.8   1.237   2.0   0.0
   1 1963  74 17333.  10.8  17.4   1.030   3.5   0.0
   1 1963  75 18882.   9.2  17.3   1.058   3.1   0.0
   1 1963  76 21604.   9.4  20.7   0.897   2.2   0.0
   1 1963  77 15994.   9.0  17.9   0.961   1.7   0.0
   1 1963  78 17082.   8.6  15.9   0.982   1.8   0.0
   1 1963  79 22525.   6.7  20.7   0.860   1.7   0.0
   1 1963  80 22316.  10.8  20.2   1.349   1.7   4.0
   1 1963  81 22734.   5.8  25.9   0.968   1.4   0.0
   1 1963  82 24744.   8.2  30.5   0.624   1.6   0.0
   1 1963  83 24535.  11.4  31.7   0.472   2.3   0.0
   1 1963  84 23739.  11.5  20.8   1.412   1.9   0.0
   1 1963  85 18003.   9.8  19.6   1.196   2.4   0.0
   1 1963  86 22860.   6.8  24.0   0.808   1.7   0.0
   1 1963  87 16454.   9.8  30.8   0.512   2.7   0.0
   1 1963  88 19510.  15.0  25.6   1.196   2.5   0.0
   1 1963  89 19678.  11.2  24.2   1.313   2.8   0.0
   1 1963  90 25498.  10.4  22.7   1.304   1.5   2.0
   1 1963  91 20557.   8.5  29.4   0.948   1.7   0.0
   1 1963  92 20515.  15.2  28.4   1.610   1.8   0.0
   1 1963  93 23488.  14.4  31.2   1.148   1.8   0.0
   1 1963  94 24158.  15.4  23.2   0.731   2.1   0.0
   1 1963  95 24325.   9.9  23.6   1.172   1.4   0.0
   1 1963  96 21311.   9.0  26.4   1.103   2.1   0.0
   1 1963  97 16035.  15.3  29.2   1.508   2.6   0.0
   1 1963  98  8499.  16.2  28.8   1.340   2.6   0.0
   1 1963  99 25079.  12.2  28.7   1.600   1.5   0.0
   1 1963 100 20515.  10.4  20.9   1.394   2.7   0.0
   1 1963 101 22316.  10.2  20.1   1.073   2.4   0.0
   1 1963 102 27340.  10.4  23.1   1.180   1.7   0.0
   1 1963 103 25791.  10.2  31.2   0.942   1.9   0.0
   1 1963 104 28135.  10.5  29.9   0.547   2.3   0.0
   1 1963 105 25163.  12.0  29.7   1.237   1.9   0.0
   1 1963 106 24618.  13.9  31.4   0.390   1.7   0.0
   1 1963 107 23739.  12.4  22.1   1.441   1.9   0.0
   1 1963 108 24870.   9.1  28.0   0.988   2.0   0.0
   1 1963 109 17208.  15.7  34.8   0.785   2.0   0.0
   1 1963 110 27005.  15.2  27.0   1.579   1.8   0.0
   1 1963 111 25372.  11.3  33.6   1.349   2.2   0.0
   1 1963 112 23697.  19.7  29.0   1.051   2.6   0.0
   1 1963 113 21771.  14.4  24.0   1.180   2.8   0.0
   1 1963 114 20222.  13.5  23.2   1.450   2.4   0.0
   1 1963 115 27800.  13.0  26.5   1.394   1.8   0.0
   1 1963 116 27507.  11.3  30.5   0.671   1.4   0.0
   1 1963 117 21646.  13.0  31.5   0.988   2.2   0.0
   1 1963 118 22818.  12.0  21.7   1.212   2.9   0.0
   1 1963 119 28596.  12.2  22.0   1.331   2.3   0.0
   1 1963 120 23404.  12.4  23.0   1.412   2.3   0.0
   1 1963 121 19134.  12.0  21.6   1.412   2.4   0.0
   1 1963 122 25791.  12.4  23.9   1.460   1.9   0.0
   1 1963 123 23362.  10.9  28.1   0.657   1.5   1.0
   1 1963 124 20139.  14.2  28.2   0.935   2.0   2.0
   1 1963 125 27298.  11.8  25.3   1.558   1.9   3.0
   1 1963 126 25414.  11.2  25.4   1.394   1.8   0.0
   1 1963 127 23530.  12.0  28.1   1.450   3.0   0.0
   1 1963 128 24116.  16.3  24.9   1.431   1.7   0.0
   1 1963 129 24451.  15.5  24.4   1.631   2.3   0.0
   1 1963 130 24074.  14.8  24.4   1.610   2.2   0.0
   1 1963 131 28721.  12.2  27.0   1.528   1.6   0.0
   1 1963 132 26126.  12.6  33.4   0.661   2.8   0.0
   1 1963 133 21520.  23.2  36.4   0.615   2.7   0.0
   1 1963 134 25456.  17.5  26.3   1.620   1.9   0.0
   1 1963 135 28135.  13.4  27.4   1.518   1.6   0.0
   1 1963 136 28721.  13.8  26.8   0.808   2.0   0.0
   1 1963 137 27968.  12.4  29.6   0.860   1.5   0.0
   1 1963 138 31945.  10.0  33.5   0.929   2.3   0.0
   1 1963 139 24409.  17.2  27.4   0.769   2.1   0.0
   1 1963 140 20180.  13.4  25.0   1.489   2.0   0.0
   1 1963 141 28973.  12.4  29.1   1.220   2.0   0.0
   1 1963 142 20767.  16.0  37.0   0.535   3.8   0.0
   1 1963 143 24702.  18.7  28.8   1.706   2.3   0.0
   1 1963 144 24493.  13.8  30.6   0.995   2.3   0.0
   1 1963 145 17208.  21.0  37.0   0.615   2.9   0.0
   1 1963 146 23279.  19.5  30.2   1.903   1.7   0.0
   1 1963 147 26168.  14.4  26.6   1.695   1.7   0.0
   1 1963 148 23446.  14.7  27.3   1.620   1.2   0.0
   1 1963 149 23027.  15.2  27.0   1.610   2.4   0.0
   1 1963 150 21813.  15.1  35.8   1.331   2.3   0.0
   1 1963 151 23111.  25.3  38.8   0.711   1.8   0.0
   1 1963 152 26126.  19.0  27.0   1.228   2.5   0.0
   1 1963 153 28219.  16.8  28.6   1.717   1.7   0.0
   1 1963 154 29224.  13.8  29.8   0.942   2.0   0.0
   1 1963 155 23990.  12.0  30.4   1.088   2.2   0.0
   1 1963 156 26000.  17.9  39.7   0.948   2.6   0.0
   1 1963 157 24409.  19.8  34.2   1.891   2.0   0.0
   1 1963 158 20808.  22.6  41.8   0.763   2.4   0.0
   1 1963 159 23069.  21.0  29.0   1.977   1.9   0.0
   1 1963 160 27675.  15.8  28.9   1.808   1.8   0.0
   1 1963 161 27842.  15.4  28.4   0.995   2.0   0.0
   1 1963 162 27926.  16.0  27.7   1.620   2.0   0.0
   1 1963 163 29349.  13.3  30.3   1.499   2.6   0.0
   1 1963 164 28219.  15.8  32.9   2.014   2.7   0.0
   1 1963 165 28135.  17.4  32.9   2.053   1.6   0.0
   1 1963 166 29349.  16.2  30.0   2.014   2.0   0.0
   1 1963 167 29056.  17.8  32.4   1.927   1.6   0.0
   1 1963 168 26419.  16.7  34.4   1.237   1.8   0.0
   1 1963 169 29559.  18.6  40.7   0.942   1.7   0.0
   1 1963 170 28805.  18.4  31.7   1.642   1.9   0.0
   1 1963 171 28093.  18.0  29.1   1.729   1.7   0.0
   1 1963 172 28093.  16.4  29.9   1.631   1.5   0.0
   1 1963 173 28177.  16.2  31.2   1.785   1.7   0.0
   1 1963 174 29391.  15.8  30.7   2.145   2.0   0.0
   1 1963 175 28428.  19.7  31.9   2.255   1.8   0.0
   1 1963 176 28931.  19.5  32.8   2.269   1.6   0.0
   1 1963 177 29308.  17.5  34.3   1.831   1.6   0.0
   1 1963 178 28554.  16.3  34.8   1.717   1.6   0.0
   1 1963 179 26544.  20.2  34.8   2.283   1.7   0.0
   1 1963 180 28219.  21.0  35.4   2.341   1.7   0.0
   1 1963 181 28010.  20.6  32.6   2.298   1.6   0.0
   1 1963 182 27298.  20.3  31.9   2.118   1.8   0.0
   1 1963 183 23572.  20.3  31.4   2.079   2.1   0.0
   1 1963 184 27591.  20.0  32.3   3.173   1.9   0.0
   1 1963 185 26502.  21.3  33.6   2.385   2.4   0.0
   1 1963 186 27382.  20.4  31.8   2.370   2.4   0.0
   1 1963 187 23320.  20.2  30.0   2.269   2.0   0.0
   1 1963 188 27591.  19.8  31.8   2.227   1.7   0.0
   1 1963 189 26502.  19.3  31.8   2.298   1.7   0.0
   1 1963 190 29015.  17.2  32.9   2.213   1.8   0.0
   1 1963 191 27382.  17.2  32.9   2.255   1.7   0.0
   1 1963 192 28135.  18.4  32.7   2.341   1.8   0.0
   1 1963 193 27424.  17.7  34.2   2.092   1.7   0.0
   1 1963 194 27298.  19.2  34.3   2.241   1.7   0.0
   1 1963 195 26754.  18.5  34.1   2.459   1.7   0.0
   1 1963 196 26419.  20.2  34.4   2.459   1.7   0.0
   1 1963 197 26921.  18.4  34.4   2.399   1.8   0.0
   1 1963 198 26796.  20.8  35.6   1.729   1.8   0.0
   1 1963 199 26251.  21.4  35.6   1.796   1.8   0.0
   1 1963 200 26921.  19.9  33.4   2.399   1.8   0.0
   1 1963 201 25372.  22.0  32.5   2.475   1.8   0.0
   1 1963 202 25833.  18.9  31.4   2.283   2.2   0.0
   1 1963 203 23823.  21.8  32.7   2.490   2.4   0.0
   1 1963 204 25874.  23.4  34.4   2.521   2.0   0.0
   1 1963 205 25456.  19.0  33.5   2.341   1.6   0.0
   1 1963 206 26796.  19.8  34.4   2.066   1.5   0.0
   1 1963 207 25916.  21.4  32.7   2.475   1.5   0.0
   1 1963 208 26126.  21.0  32.5   2.385   1.6   0.0
   1 1963 209 26502.  21.0  32.7   2.490   1.9   0.0
   1 1963 210 27800.  19.9  32.4   2.429   1.6   0.0
   1 1963 211 26586.  18.1  34.1   2.459   1.6   0.0
   1 1963 212 25456.  21.3  34.6   2.713   1.8   0.0
   1 1963 213 24409.  21.8  34.4   2.680   1.7   0.0
   1 1963 214 25330.  21.5  33.6   2.505   1.8   0.0
   1 1963 215 25749.  21.0  35.0   2.459   1.7   0.0
   1 1963 216 26084.  20.9  35.3   2.429   1.5   0.0
   1 1963 217 26293.  21.0  34.7   2.459   1.5   0.0
   1 1963 218 24325.  21.4  34.7   2.459   1.8   0.0
   1 1963 219 25163.  21.8  33.4   2.490   1.7   0.0
   1 1963 220 25665.  21.6  33.1   2.552   1.7   0.0
   1 1963 221 25456.  21.9  33.8   2.599   1.8   0.0
   1 1963 222 26000.  19.1  35.4   1.796   1.9   0.0
   1 1963 223 25414.  21.0  34.2   2.505   1.7   0.0
   1 1963 224 25246.  22.8  32.1   2.213   1.7   0.0
   1 1963 225 23823.  21.4  32.8   2.341   1.5   0.0
   1 1963 226 25623.  22.0  34.7   2.298   1.8   0.0
   1 1963 227 25916.  20.4  35.8   2.079   1.6   0.0
   1 1963 228 26042.  17.8  36.9   1.367   1.0   0.0
   1 1963 229 25874.  17.1  37.0   1.009   1.2   0.0
   1 1963 230 25623.  19.4  37.3   2.283   1.4   0.0
   1 1963 231 25121.  19.9  35.8   2.355   1.4   0.0
   1 1963 232 24367.  21.9  37.1   2.399   1.4   0.0
   1 1963 233 23655.  21.9  34.3   2.552   1.4   0.0
   1 1963 234 24451.  20.6  34.0   2.536   1.4   0.0
   1 1963 235 20180.  22.3  31.2   2.172   1.6   0.0
   1 1963 236 24116.  22.1  32.5   2.459   1.3   0.0
   1 1963 237 23111.  21.3  33.1   2.583   1.4   0.0
   1 1963 238 24158.  24.5  33.6   2.399   1.6   0.0
   1 1963 239 24242.  22.2  33.5   2.583   1.4   0.0
   1 1963 240 23697.  21.4  31.4   2.459   1.5   0.0
   1 1963 241 23823.  21.4  32.5   2.490   1.6   0.0
   1 1963 242 24535.  18.4  32.6   2.200   1.5   0.0
   1 1963 243 23948.  19.0  32.8   1.843   1.5   0.0
   1 1963 244 24200.  19.0  32.4   2.145   1.7   0.0
   1 1963 245 24828.  20.8  31.8   2.429   1.6   0.0
   1 1963 246 23237.  21.4  31.2   1.952   1.5   0.0
   1 1963 247 23614.  20.4  32.2   2.066   1.9   0.0
   1 1963 248 24535.  20.0  33.7   2.341   1.4   0.0
   1 1963 249 23362.  19.2  33.4   2.066   1.5   0.0
   1 1963 250 22525.  19.0  34.0   2.227   1.7   0.0
   1 1963 251 23948.  18.0  33.6   1.879   1.6   0.0
   1 1963 252 22776.  19.3  32.8   2.583   1.4   0.0
   1 1963 253 26000.  21.3  32.4   2.663   1.6   0.0
   1 1963 254 21604.  20.0  32.3   2.118   1.3   0.0
   1 1963 255 22274.  19.3  31.4   2.053   1.7   0.0
   1 1963 256 22483.  19.8  30.7   2.092   1.5   0.0
   1 1963 257 22023.  18.1  30.7   1.751   1.6   0.0
   1 1963 258 22148.  18.8  32.7   1.891   1.5   0.0
   1 1963 259 22148.  20.3  32.3   2.118   1.5   0.0
   1 1963 260 17501.  19.7  31.6   2.227   1.5   0.0
   1 1963 261 21897.  18.5  31.4   2.002   1.5   0.0
   1 1963 262 19008.  17.5  31.8   2.027   2.0   0.0
   1 1963 263 17459.  17.6  32.1   2.298   1.5   0.0
   1 1963 264 21101.  17.1  32.4   1.808   1.8   0.0
   1 1963 265 23990.  17.9  32.9   2.027   2.2   0.0
   1 1963 266 19427.  18.0  31.8   2.079   1.7   0.0
   1 1963 267 20892.  20.6  32.4   2.312   1.7   0.0
   1 1963 268 19762.  17.8  30.3   1.964   1.7   0.0
   1 1963 269 20808.  18.5  30.8   1.820   2.1   0.0
   1 1963 270 18882.  17.4  31.9   2.159   1.6   0.0
   1 1963 271 19050.  17.8  33.3   1.989   1.1   0.0
   1 1963 272 19301.  20.3  34.9   2.729   1.4   0.0
   1 1963 273 16454.  19.3  32.3   2.326   2.3   0.0
   1 1963 274 19636.  21.4  36.9   2.663   1.4   0.0
   1 1963 275 18171.  16.0  36.2   1.508   1.0   0.0
   1 1963 276 19217.  20.0  33.7   1.030   1.8   0.0
   1 1963 277 20139.  16.4  30.8   2.092   1.5   0.0
   1 1963 278 19176.  16.1  31.3   1.695   1.2   0.0
   1 1963 279 19176.  16.4  32.5   1.820   1.8   0.0
   1 1963 280 17878.  16.4  32.1   1.518   1.6   0.0
   1 1963 281 16873.  18.9  33.3   2.490   1.1   0.0
   1 1963 282 17417.  21.0  34.2   2.521   1.4   0.0
   1 1963 283 16998.  22.0  32.7   2.475   1.3   0.0
   1 1963 284 18506.  20.0  32.4   2.536   1.4   0.0
   1 1963 285 17459.  16.1  32.1   1.762   1.5   0.0
   1 1963 286 17333.  17.9  31.2   2.370   2.1   0.0
   1 1963 287 18296.  18.6  30.4   2.227   1.3   0.0
   1 1963 288 17920.  16.4  30.9   2.053   1.6   0.0
   1 1963 289 18171.  15.0  34.6   0.968   2.0   0.0
   1 1963 290 15659.  15.3  38.9   1.066   1.3   0.0
   1 1963 291 16412.  18.9  36.9   0.615   1.4   0.0
   1 1963 292 13733.  20.0  35.0   0.356   2.1   0.0
   1 1963 293  8583.  20.2  30.1   2.298   1.2   0.0
   1 1963 294  9965.  18.4  25.1   2.200   1.7   3.0
   1 1963 295 14696.  15.2  23.9   1.431   3.7   0.0
   1 1963 296 10844.  12.8  21.3   1.403   1.2   0.0
   1 1963 297 14863.  12.4  23.2   1.394   1.9   0.0
   1 1963 298 18129.  12.5  25.4   1.188   1.3   0.0
   1 1963 299 15701.  13.0  28.0   1.287   1.4   0.0
   1 1963 300 14779.  11.9  25.6   1.287   1.0   0.0
   1 1963 301 16622.  12.3  26.9   1.642   1.9   0.0
   1 1963 302 15826.  13.1  29.9   1.508   1.1   0.0
   1 1963 303 14570.  15.7  27.2   2.040   1.4   0.0
   1 1963 304 16287.  13.7  27.4   1.569   2.2   0.0
   1 1963 305 13942.  17.1  24.7   1.412   2.5   0.0
   1 1963 306 12979.  14.0  21.3   1.340   1.8   6.0
   1 1963 307 14528.  12.5  23.4   1.620   1.0   0.0
   1 1963 308 16412.  10.6  26.5   1.331   2.3   0.0
   1 1963 309 16454.  14.8  27.6   0.796   2.9   0.0
   1 1963 310 15240.  16.4  29.1   0.860   1.7   0.0
   1 1963 311 16915.  13.4  27.5   0.955   1.3   0.0
   1 1963 312 14738.  12.5  26.5   1.412   1.0   0.0
   1 1963 313 13230.  14.8  25.0   1.706   1.1   0.0
   1 1963 314 12895.  15.8  24.6   1.796   1.8   0.0
   1 1963 315 12812.  12.7  24.4   1.441   1.0   0.0
   1 1963 316 15491.  11.2  25.0   1.358   1.4   0.0
   1 1963 317 15031.  11.4  26.3   1.313   1.3   0.0
   1 1963 318 14905.  11.1  27.0   0.860   0.9   0.0
   1 1963 319 13440.  12.9  25.7   1.740   1.3   0.0
   1 1963 320 13733.  13.1  25.5   1.600   1.7   0.0
   1 1963 321 14570.  12.2  25.2   1.785   1.1   0.0
   1 1963 322 13649.  13.8  27.6   1.528   1.2   0.0
   1 1963 323 12686.  11.7  26.4   1.762   1.3   0.0
   1 1963 324 12602.  15.7  25.5   1.964   1.1   0.0
   1 1963 325 12812.  14.8  21.3   1.762   1.6   2.0
   1 1963 326 13984.  10.8  23.9   1.358   1.2   0.0
   1 1963 327  7578.  13.1  23.2   1.164   1.5   0.0
   1 1963 328 10216.  14.2  22.2   1.620   0.9   0.0
   1 1963 329 11430.  11.6  21.9   1.422   1.6   0.0
   1 1963 330 14361.   9.4  22.5   1.212   0.9   0.0
   1 1963 331 13565.   9.8  22.1   1.156   1.0   0.0
   1 1963 332 13984.   9.0  22.4   1.110   1.3   0.0
   1 1963 333 14277.   7.9  25.2   0.780   2.6   0.0
   1 1963 334 14235.   9.1  20.5   0.620   1.4   0.0
   1 1963 335  7285.  12.8  17.5   1.262   2.2  15.0
   1 1963 336  6615.  13.6  17.0   1.469   3.4  17.5
   1 1963 337  4103.  12.0  14.5   1.313   2.5  41.5
   1 1963 338 12393.  10.0  15.5   1.066   2.1  22.8
   1 1963 339  7662.  10.9  16.8   1.002   1.7   0.0
   1 1963 340 14193.  12.0  20.5   1.141   2.1   0.0
   1 1963 341 14026.  11.1  20.1   0.955   1.6   0.0
   1 1963 342 14151.   7.2  19.6   0.885   2.0   0.0
   1 1963 343  8876.  10.3  18.4   1.103   3.2  13.5
   1 1963 344 14151.   7.8  14.0   1.044   2.9  32.0
   1 1963 345 12770.   7.5  14.5   0.780   1.8   0.0
   1 1963 346 11095.   8.9  19.6   0.721   2.4   0.0
   1 1963 347 13691.   8.4  19.0   0.885   1.1   0.0
   1 1963 348 13063.  10.3  21.0   0.769   1.0   0.0
   1 1963 349 13230.   9.7  19.5   1.023   0.9   0.0
   1 1963 350 13816.   9.4  19.3   1.009   0.9   0.0
   1 1963 351 21562.   7.5  20.7   1.051   1.0   0.0
   1 1963 352 11849.  10.2  26.7   0.995   1.6   0.0
   1 1963 353 12225.  11.4  26.5   1.204   1.2   0.0
   1 1963 354 11095.  12.0  26.4   1.164   1.2   0.0
   1 1963 355 12602.  13.2  29.0   1.095   1.5   0.0
   1 1963 356 13021.  13.8  28.1   1.016   1.7   0.0
   1 1963 357 13356.  12.8  25.8   0.995   0.8   0.0
   1 1963 358 11891.   9.0  21.9   0.988   0.7   0.0
   1 1963 359 12560.  10.8  18.3   1.141   3.5   0.0
   1 1963 360 14151.   4.5  14.8   0.290   3.5   0.0
   1 1963 361 14110.   4.6  17.2   0.293   1.8   0.0
   1 1963 362 13314.   2.1  16.6   0.602   1.8   0.0
   1 1963 363  5778.   8.5  17.8   0.836   4.3   9.0
   1 1963 364  6155.   6.3  11.7   0.975   2.2  34.0
   1 1963 365  6531.   5.9  11.9   0.955   1.7   4.5
