*---------------------------------------------------------------------------*
* Station name: Gilat (Migda), Israel
* Year: 1968
* Author: Peter Uithol                                     -99.000: NIL VALUE
* Source: Ungar, E., 1981. Meteo data Migda/Gilat
* Comments: Vapour pressure data (May-September) missing.
*           Wind speed data August, September and December missing.
*           Rainfall from Gilat.
* Longitude: 43 40 E, latitude: 31 20 N, altitude: 150. m.
*
* Column  Daily value
* 1       station number
* 2       year
* 3       day
* 4       irradiation                   (kJ m-2 d-1)
* 5       minimum temperature           (degrees Celsius)
* 6       maximum temperature           (degrees Celsius)
* 7       early morning vapour pressure (kPa)
* 8       mean wind speed (height: 2 m) (m s-1)
* 9       precipitation                 (mm d-1)
*---------------------------------------------------------------------------*
  43.67  31.33   150. 0.00 0.00
   1 1968   1 18673.   6.4  19.0   0.955   1.8   0.0
   1 1968   2 17710.   6.9  21.0   0.878   1.8   0.0
   1 1968   3 10174.  13.0  19.6   0.903   0.8   0.0
   1 1968   4  6029.  11.7  16.1   1.156   1.0   0.0
   1 1968   5 13314.   6.0  16.0   0.848   0.7   0.0
   1 1968   6 17333.   8.2  17.0   0.785   2.3   0.0
   1 1968   7 13565.   7.5  15.6   1.037   0.8   5.5
   1 1968   8 19343.   3.9  18.6   0.897   0.8   0.0
   1 1968   9 18338.   5.1  17.8   0.671   4.1   0.0
   1 1968  10 12937.   8.8  14.8   0.676   1.8   0.0
   1 1968  11 19845.   5.0  20.0   0.929   1.5   0.0
   1 1968  12 20222.   7.2  23.4   0.479   3.4   0.0
   1 1968  13 12058.   6.5  14.8   0.290   3.5   0.0
   1 1968  14 11430.   9.1  13.8   0.475   4.9   0.0
   1 1968  15  3768.   3.0  10.2   0.731   5.3   0.0
   1 1968  16  6029.   2.5  11.0   0.995   2.1   0.0
   1 1968  17  9420.   6.8  14.1   1.118   1.7   0.0
   1 1968  18 17208.   9.3  17.0   1.156   2.5  61.0
   1 1968  19 16454.   8.3  17.6   0.825   4.1   0.0
   1 1968  20 19971.   8.2  18.6   0.836   1.7   0.0
   1 1968  21 19092.   6.6  18.3   0.897   1.9   0.0
   1 1968  22 11807.   8.2  15.1   0.995   1.3   0.0
   1 1968  23 19845.   5.0  18.0   0.872   1.2   0.0
   1 1968  24 17333.   6.4  15.2   0.721   3.5   0.0
   1 1968  25 13816.   7.9  14.0   0.916   1.8   0.0
   1 1968  26 20850.   4.7  16.1   0.825   1.3   0.0
   1 1968  27 16329.   5.0  16.4   0.701   1.9   0.0
   1 1968  28 16329.   4.3  15.1   0.555   2.2   0.0
   1 1968  29  5903.   5.6  10.0   0.866   1.2   0.0
   1 1968  30 14947.   6.6  12.4   0.878   2.3   0.0
   1 1968  31  8290.   6.6  10.4   1.037   2.3   0.0
   1 1968  32 11179.   4.3  10.0   0.848   1.2   1.2
   1 1968  33 12686.   2.2  13.6   0.796   0.9   2.2
   1 1968  34 15826.   4.0  14.1   0.995   1.0   0.0
   1 1968  35 20222.   2.9  16.2   0.808   0.6   0.0
   1 1968  36 23111.   3.3  17.4   0.848   0.9   0.0
   1 1968  37 16454.   4.7  18.0   0.769   2.2   0.0
   1 1968  38 19971.   7.4  16.4   0.825   1.3   0.0
   1 1968  39 10174.   8.6  14.0   1.212   0.6   0.0
   1 1968  40 18966.   5.0  14.6   1.009   0.8   9.2
   1 1968  41 19343.   5.1  15.0   0.903   0.7   0.0
   1 1968  42 21227.   3.6  15.8   0.935   0.8   0.0
   1 1968  43 26000.   3.9  17.4   0.897   1.2   0.0
   1 1968  44 25498.   9.1  20.2   0.903   1.4   0.0
   1 1968  45 17710.  11.2  16.2   1.073   2.4   0.0
   1 1968  46 16705.   9.4  16.6   1.204   1.2   0.0
   1 1968  47 23990.   6.3  18.9   1.030   0.9   0.0
   1 1968  48 27507.   6.8  24.4   0.968   1.9   0.0
   1 1968  49 25623.  11.1  26.9   0.716   1.7   0.0
   1 1968  50 23237.   8.7  19.9   1.110   1.3   0.0
   1 1968  51 11430.   8.3  14.1   0.968   1.7   0.0
   1 1968  52 10048.   8.0  13.9   1.133   1.6   0.0
   1 1968  53 20976.   8.9  16.0   1.066   0.8  22.2
   1 1968  54 26628.   5.0  19.3   0.961   1.1   0.0
   1 1968  55 25498.   6.9  19.8   0.825   1.1   0.0
   1 1968  56 28261.   6.2  18.4   1.066   1.0   0.0
   1 1968  57 28889.   4.3  20.0   1.009   0.8   0.0
   1 1968  58 28763.   6.3  23.0   1.023   0.9   0.0
   1 1968  59 25874.   7.6  26.6   1.016   1.6   0.0
   1 1968  60 21604.  12.1  19.3   0.995   1.6   0.0
   1 1968  61 20934.   7.8  17.6   1.125   1.6   0.0
   1 1968  62 34290.   6.0  20.1   0.975   1.6   2.3
   1 1968  63 28261.   9.3  24.4   0.742   1.4   0.0
   1 1968  64 24242.   8.8  18.0   1.172   1.2   0.0
   1 1968  65 20348.   8.2  17.6   1.188   1.3   0.0
   1 1968  66 26628.   7.8  22.4   0.935   1.3   0.0
   1 1968  67 30647.  10.4  25.0   0.802   1.5   0.0
   1 1968  68 13942.  10.2  26.1   0.652   2.7   0.0
   1 1968  69 24367.  12.1  19.0   1.385   1.8   0.0
   1 1968  70 27758.   8.9  23.8   1.066   2.3   0.0
   1 1968  71 19217.  13.9  34.9   0.643   2.2   0.0
   1 1968  72 21729.  12.8  22.0   1.125   1.6   0.0
   1 1968  73 10300.   8.9  16.4   0.935   1.2   0.0
   1 1968  74 27130.   5.5  15.9   0.711   1.0   0.0
   1 1968  75 24870.  10.0  17.4   1.002   1.1   0.0
   1 1968  76 23237.   3.8  17.0   1.016   1.3   0.0
   1 1968  77 19845.   4.4  17.4   0.860   1.2   0.0
   1 1968  78 27758.   6.1  18.8   1.103   1.0   0.0
   1 1968  79 31024.   5.3  18.6   1.016   1.7   0.0
   1 1968  80 30522.   6.9  19.0   1.188   2.3   0.0
   1 1968  81 28010.   3.6  21.3   0.504   1.7   0.0
   1 1968  82 33913.   4.0  23.4   0.593   1.2   0.0
   1 1968  83 28387.   6.1  24.8   0.671   1.4   0.0
   1 1968  84 28763.   7.2  20.6   1.296   1.3   0.0
   1 1968  85 27507.   7.6  19.8   1.164   2.0   0.0
   1 1968  86 20097.   8.2  17.4   1.125   1.3   0.0
   1 1968  87 15198.   8.0  15.0   1.080   1.1   0.0
   1 1968  88 23990.   6.6  18.6   1.103   0.9   0.0
   1 1968  89 25874.   7.2  19.0   1.156   1.3  29.3
   1 1968  90 21478.   5.7  19.2   1.188   0.9   0.0
   1 1968  91 26251.   7.0  18.8   1.212   1.2   0.0
   1 1968  92 26754.   9.3  19.1   1.376   1.7   1.4
   1 1968  93 32531.  10.0  23.6   1.245   1.1   0.0
   1 1968  94 32155.   9.3  27.1   1.066   1.3   0.0
   1 1968  95 32783.  10.1  28.7   1.037   0.9   0.0
   1 1968  96 31401.  11.1  27.4   0.831   1.1   0.0
   1 1968  97 30271.   9.3  25.4   1.422   1.3   0.0
   1 1968  98 28638.   9.8  22.4   1.367   1.1   0.0
   1 1968  99 24870.  12.2  24.3   1.538   1.1   0.0
   1 1968 100 29391.  11.0  28.4   1.331   1.3   0.0
   1 1968 101 31778.   5.6  32.6   1.358   1.1   0.0
   1 1968 102 27382.  13.4  34.4   1.125   1.6   0.0
   1 1968 103 35672.  14.0  35.4   0.731   2.4   0.0
   1 1968 104 29643.  20.0  37.2   0.585   1.4   0.0
   1 1968 105 29643.  17.0  38.5   0.643   1.3   0.0
   1 1968 106 32783.  16.1  34.5   0.942   1.2   0.0
   1 1968 107 29768.  15.0  27.5   1.528   1.4   0.0
   1 1968 108 32280.  12.5  22.5   1.125   1.3   0.0
   1 1968 109 25246.  11.0  23.0   1.125   1.4   0.0
   1 1968 110 26502.  13.2  23.6   1.103   1.4   0.0
   1 1968 111 25874.  10.0  24.9   0.752   1.5   0.0
   1 1968 112 22734.   9.8  21.4   0.961   1.5   0.0
   1 1968 113 12937.  11.0  17.0   1.313   1.5   0.0
   1 1968 114 12937.  11.1  18.0   1.450   1.6   0.0
   1 1968 115 28889.  10.7  20.3   1.450   1.6   0.0
   1 1968 116 31275.  10.4  22.0   1.245   1.1  25.4
   1 1968 117 30522.  11.0  25.2   1.600   1.3   0.0
   1 1968 118 30019.  12.0  27.4   1.385   1.4   0.0
   1 1968 119 18087.  11.5  24.9   1.245   1.2   0.0
   1 1968 120 28889.  11.9  25.9   1.610   1.4   0.0
   1 1968 121 30522.   9.8  28.3   1.631   1.4   0.0
   1 1968 122 30773.  12.2  29.2   1.685   1.4   0.0
   1 1968 123 26126.  18.2  30.2   1.796   1.5   0.0
   1 1968 124 24618.  12.2  30.2   1.796   1.7   0.0
   1 1968 125 31778.  15.9  28.6   1.600   1.1   0.0
   1 1968 126 33536.  12.4  28.2   1.358   1.1   0.0
   1 1968 127 31401.  13.6  28.2   1.548   1.2   0.0
   1 1968 128 30522.  12.7  28.8   1.528   1.2   0.0
   1 1968 129 31778.  11.6  30.8   0.885   1.3   0.0
   1 1968 130 30773.  13.1  30.7   1.706   1.3   0.0
   1 1968 131 29517.  13.8  31.5   1.740   1.1   0.0
   1 1968 132 38812.  13.8  29.1   1.879   1.4   0.0
   1 1968 133 25498.  17.6  29.6   1.964   1.3   0.0
   1 1968 134 32531.  16.8  29.4   2.014   1.4   0.0
   1 1968 135 35295.  17.7  32.2   1.385   1.2   0.0
   1 1968 136 32029.  16.5  33.3   0.922   1.0   0.0
   1 1968 137 33662.  16.6  36.6   1.313   2.2   0.0
   1 1968 138 36928.  23.6  41.4   0.633   2.9   0.0
   1 1968 139 28638.  18.0  25.8   1.831   1.6   0.0
   1 1968 140 33536.  14.2  26.4   1.508   1.5   0.0
   1 1968 141 30145.  13.5  26.8   1.685   1.5   0.0
   1 1968 142 33285.  15.4  27.5   1.903   1.5   0.0
   1 1968 143 32406.  16.5  30.4   1.903   1.7   0.0
   1 1968 144 25749.  17.4  31.4   2.118   1.4   0.0
   1 1968 145  8415.  18.1  25.2   1.631   0.7   0.0
   1 1968 146 24367.  18.5  28.4   1.385   1.0   0.0
   1 1968 147 34667.  16.0  31.5   1.304   1.4   0.0
   1 1968 148 33787.  17.3  31.6   1.915   1.5   0.0
   1 1968 149 32908.  16.7  29.9   1.903   1.8   0.0
   1 1968 150 33787.  17.3  27.7   1.891   1.9   0.0
   1 1968 151 39775.  16.4  29.4   1.843   1.4   0.0
   1 1968 152 36551.  15.2  32.6 -99.000   1.6   0.0
   1 1968 153 35169.  14.2  36.1 -99.000   1.5   0.0
   1 1968 154 30145.  14.0  34.6 -99.000   1.3   0.0
   1 1968 155 35169.  18.4  36.9 -99.000   1.4   0.0
   1 1968 156 34792.  17.2  35.0 -99.000   1.8   0.0
   1 1968 157 29391.  19.4  29.4 -99.000   1.4   0.0
   1 1968 158 35169.  17.2  32.2 -99.000   1.2   0.0
   1 1968 159 31903.  15.2  33.6 -99.000   1.7   0.0
   1 1968 160 33159.  19.1  39.4 -99.000   1.4   0.0
   1 1968 161 26251.  21.5  30.4 -99.000   1.6   0.0
   1 1968 162 29015.  17.8  29.1 -99.000   1.4   0.0
   1 1968 163 34290.  16.3  29.3 -99.000   1.5   0.0
   1 1968 164 34792.  17.6  30.4 -99.000   1.6   0.0
   1 1968 165 35295.  18.7  32.8 -99.000   1.7   0.0
   1 1968 166 30899.  19.4  33.9 -99.000   1.9   0.0
   1 1968 167 30271.  17.4  30.1 -99.000   2.1   0.0
   1 1968 168 36928.  16.1  27.5 -99.000   1.9   0.0
   1 1968 169 33411.  16.6  29.4 -99.000   1.4   0.0
   1 1968 170 32657.  17.6  30.5 -99.000   1.2   0.0
   1 1968 171 35044.  17.7  35.8 -99.000   1.4   0.0
   1 1968 172 33034.  17.6  31.9 -99.000   1.5   0.0
   1 1968 173 32280.  18.6  33.5 -99.000   1.5   0.0
   1 1968 174 34164.  17.8  35.8 -99.000   1.3   0.0
   1 1968 175 33787.  16.6  32.0 -99.000   1.8   0.0
   1 1968 176 32783.  18.9  30.9 -99.000   1.1   0.0
   1 1968 177 31150.  16.7  33.5 -99.000   1.5   0.0
   1 1968 178 32406.  18.5  31.4 -99.000   1.4   0.0
   1 1968 179 32406.  18.1  29.9 -99.000   1.3   0.0
   1 1968 180 39942.  16.4  31.5 -99.000   1.3   0.0
   1 1968 181 35588.  19.1  33.2 -99.000   1.5   0.0
   1 1968 182 33411.  17.4  34.4 -99.000   1.4   0.0
   1 1968 183 34039.  17.3  35.4 -99.000   1.3   0.0
   1 1968 184 31527.  17.6  30.4 -99.000   1.7   0.0
   1 1968 185 41659.  19.2  31.4 -99.000   1.6   0.0
   1 1968 186 30647.  18.6  31.1 -99.000   1.7   0.0
   1 1968 187 15952.  18.0  31.0 -99.000   1.5   0.0
   1 1968 188 31903.  17.0  31.5 -99.000   1.2   0.0
   1 1968 189 32155.  18.8  31.4 -99.000   1.5   0.0
   1 1968 190 30773.  18.6  32.3 -99.000   1.6   0.0
   1 1968 191 32783.  19.3  33.3 -99.000   1.6   0.0
   1 1968 192 35295.  20.8  35.1 -99.000   1.2   0.0
   1 1968 193 32783.  21.4  36.4 -99.000   1.1   0.0
   1 1968 194 32657.  18.9  36.0 -99.000   1.2   0.0
   1 1968 195 31401.  19.2  36.1 -99.000   1.1   0.0
   1 1968 196 31150.  18.7  37.1 -99.000   1.2   0.0
   1 1968 197 34415.  27.0  38.4 -99.000   1.3   0.0
   1 1968 198 32531.  21.1  36.4 -99.000   1.6   0.0
   1 1968 199 32908.  20.0  35.0 -99.000   1.5   0.0
   1 1968 200 32657.  20.7  35.6 -99.000   1.3   0.0
   1 1968 201 32406.  20.9  34.4 -99.000   1.3   0.0
   1 1968 202 26628.  22.0  32.0 -99.000   1.3   0.0
   1 1968 203 30773.  18.9  32.8 -99.000   1.4   0.0
   1 1968 204 30145.  23.1  31.5 -99.000   1.3   0.0
   1 1968 205 30899.  19.8  31.1 -99.000   1.2   0.0
   1 1968 206 26754.  18.4  31.9 -99.000   1.2   0.0
   1 1968 207 31024.  20.2  31.8 -99.000   1.2   0.0
   1 1968 208 32783.  20.4  29.5 -99.000   1.4   0.0
   1 1968 209 31401.  20.4  32.0 -99.000   1.4   0.0
   1 1968 210 30773.  20.5  31.4 -99.000   1.4   0.0
   1 1968 211 33034.  19.7  31.4 -99.000   1.8   0.0
   1 1968 212 29266.  19.9  30.4 -99.000   1.9   0.0
   1 1968 213 28135.  20.6  29.7 -99.000 -99.0   0.0
   1 1968 214 32657.  19.9  30.4 -99.000 -99.0   0.0
   1 1968 215 30145.  17.2  31.5 -99.000 -99.0   0.0
   1 1968 216 29517.  17.5  31.1 -99.000 -99.0   0.0
   1 1968 217 32406.  17.1  33.5 -99.000 -99.0   0.0
   1 1968 218 29015.  18.8  29.6 -99.000 -99.0   0.0
   1 1968 219 32280.  19.4  31.4 -99.000 -99.0   0.0
   1 1968 220 29768.  19.2  31.2 -99.000 -99.0   0.0
   1 1968 221 31024.  19.2  31.6 -99.000 -99.0   0.0
   1 1968 222 31024.  19.4  34.5 -99.000 -99.0   0.0
   1 1968 223 33034.  18.3  36.0 -99.000 -99.0   0.0
   1 1968 224 31275.  19.1  33.6 -99.000 -99.0   0.0
   1 1968 225 34541.  21.4  35.0 -99.000 -99.0   0.0
   1 1968 226 35044.  18.5  41.0 -99.000 -99.0   0.0
   1 1968 227 28638.  18.4  34.9 -99.000 -99.0   0.0
   1 1968 228 31778.  20.1  31.4 -99.000 -99.0   0.0
   1 1968 229 32406.  19.3  31.2 -99.000 -99.0   0.0
   1 1968 230 31024.  18.5  32.0 -99.000 -99.0   0.0
   1 1968 231 30522.  20.1  33.1 -99.000 -99.0   0.0
   1 1968 232 31401.  20.2  31.8 -99.000 -99.0   0.0
   1 1968 233 27633.  19.6  30.5 -99.000 -99.0   0.0
   1 1968 234 30396.  18.2  28.9 -99.000 -99.0   0.0
   1 1968 235 27382.  18.5  29.5 -99.000 -99.0   0.0
   1 1968 236 33662.  19.8  29.5 -99.000 -99.0   0.0
   1 1968 237 28261.  19.7  30.4 -99.000 -99.0   0.0
   1 1968 238 30396.  17.3  31.1 -99.000 -99.0   0.0
   1 1968 239 28889.  19.0  32.1 -99.000 -99.0   0.0
   1 1968 240 28010.  19.5  32.9 -99.000 -99.0   0.0
   1 1968 241 29643.  16.5  34.6 -99.000 -99.0   0.0
   1 1968 242 31778.  18.4  31.2 -99.000 -99.0   0.0
   1 1968 243 30522.  18.7  30.2 -99.000 -99.0   0.0
   1 1968 244 30522.  19.1  33.1 -99.000 -99.0   0.0
   1 1968 245 30773.  19.8  29.7 -99.000 -99.0   0.0
   1 1968 246 28010.  22.4  30.2 -99.000 -99.0   0.0
   1 1968 247 28638.  18.7  29.9 -99.000 -99.0   0.0
   1 1968 248 29015.  18.2  28.5 -99.000 -99.0   0.0
   1 1968 249 32029.  17.3  29.4 -99.000 -99.0   0.0
   1 1968 250 29015.  18.5  30.5 -99.000 -99.0   0.0
   1 1968 251 26251.  19.8  29.4 -99.000 -99.0   0.0
   1 1968 252 26879.  17.6  29.1 -99.000 -99.0   0.0
   1 1968 253 31275.  17.0  30.4 -99.000 -99.0   0.0
   1 1968 254 28889.  17.7  33.9 -99.000 -99.0   0.0
   1 1968 255 27884.  17.9  29.6 -99.000 -99.0   0.0
   1 1968 256 25749.  17.9  28.9 -99.000 -99.0   0.0
   1 1968 257 31024.  16.8  29.4 -99.000 -99.0   0.0
   1 1968 258 27382.  18.4  29.4 -99.000 -99.0   0.0
   1 1968 259 30019.  16.8  30.9 -99.000 -99.0   0.0
   1 1968 260 29391.  17.7  34.5 -99.000 -99.0   0.0
   1 1968 261 31401.  17.2  38.1 -99.000 -99.0   0.0
   1 1968 262 28889.  19.3  36.7 -99.000 -99.0   0.0
   1 1968 263 25372.  22.4  33.1 -99.000 -99.0   0.0
   1 1968 264 29517.  19.8  29.2 -99.000 -99.0   0.0
   1 1968 265 21478.  19.2  28.4 -99.000 -99.0   0.0
   1 1968 266 35420.  15.9  29.6 -99.000 -99.0   0.0
   1 1968 267 29643.  15.4  29.9 -99.000 -99.0   0.0
   1 1968 268 27130.  17.1  29.4 -99.000 -99.0   0.0
   1 1968 269 27382.  16.0  30.2 -99.000 -99.0   0.0
   1 1968 270 26628.  17.0  28.9 -99.000 -99.0   0.0
   1 1968 271 26754.  15.2  27.6 -99.000 -99.0   0.0
   1 1968 272 26502.  15.6  27.0 -99.000 -99.0   0.0
   1 1968 273 26502.  15.9  27.1 -99.000 -99.0   0.0
   1 1968 274 25498.  15.3  27.2   1.685   1.3   0.0
   1 1968 275 24744.  15.8  27.2   1.579   1.3   0.0
   1 1968 276 27884.  15.4  27.9   1.133   1.6   0.0
   1 1968 277 23614.  16.3  27.9   1.891   0.9   0.0
   1 1968 278 28010.  14.4  27.7   1.652   1.5   0.0
   1 1968 279 25498.  13.6  27.4   1.785   1.4   0.0
   1 1968 280 25121.  16.7  27.2   1.964   1.3   0.0
   1 1968 281 26126.  15.9  27.5   1.831   1.2   0.0
   1 1968 282 24744.  14.1  26.9   1.717   1.2   0.0
   1 1968 283 26377.  13.8  27.3   1.548   1.3   0.0
   1 1968 284 23865.  15.0  25.9   1.610   1.3   0.0
   1 1968 285 24367.  11.0  26.1   1.579   1.2   0.0
   1 1968 286 23237.  14.3  27.7   1.469   0.8   0.0
   1 1968 287 23111.   9.1  28.3   1.460   1.3   0.0
   1 1968 288 17710.  13.4  29.4   2.459   1.3   0.0
   1 1968 289 22358.  20.2  29.8   2.490   0.9   0.0
   1 1968 290 26502.  16.1  26.4   2.312   1.1   0.0
   1 1968 291 24116.  14.2  27.4   1.631   1.2   0.0
   1 1968 292 25372.  16.1  26.5   1.685   0.9   0.0
   1 1968 293 24744.  15.3  26.9   1.685   1.0   0.0
   1 1968 294 24744.  16.1  27.3   1.751   1.2   0.0
   1 1968 295 24242.  15.7  27.4   1.964   1.0   0.0
   1 1968 296 24493.  14.4  26.4   1.831   1.3   0.0
   1 1968 297 23865.  14.9  28.4   1.620   1.2   0.0
   1 1968 298 13565.  15.0  24.0   0.922   1.4   7.0
   1 1968 299 24870.  14.0  23.3   1.652   0.7   0.0
   1 1968 300 25874.  13.2  25.5   1.569   2.0   0.0
   1 1968 301 26377.  12.5  26.6   1.367   0.9   0.0
   1 1968 302 26754.  14.0  25.9   1.706   1.1   0.0
   1 1968 303 23990.  13.1  25.6   1.489   1.5   0.0
   1 1968 304 18003.  14.4  22.8   1.548   2.1  12.0
   1 1968 305 13314.  13.8  22.5   1.569   1.5   0.0
   1 1968 306 19971.  14.0  22.2   1.479   0.7   0.0
   1 1968 307 26000.  11.0  24.2   1.508   1.2   0.0
   1 1968 308 23027.  12.1  26.3   1.569   1.0   0.0
   1 1968 309 19804.  13.4  26.7   1.441   1.1   0.0
   1 1968 310 20097.  14.2  27.2   1.322   1.2   0.0
   1 1968 311 24242.  15.3  25.9   1.237   1.1   0.0
   1 1968 312 23614.  13.7  24.8   1.579   1.0   0.0
   1 1968 313 26377.  11.2  26.0   1.133   0.8   0.0
   1 1968 314 25498.  11.2  26.2   1.376   1.2   0.0
   1 1968 315 21604.  13.2  23.9   1.600   1.1   0.0
   1 1968 316 24995.  12.5  24.4   1.403   1.1   0.0
   1 1968 317 26251.  11.8  25.0   1.262   1.2   0.0
   1 1968 318 23488.  11.3  24.9   0.774   1.5   0.0
   1 1968 319 14570.  13.2  21.9   1.164   1.2   0.0
   1 1968 320 21855.  12.4  23.0   1.188   0.8   0.0
   1 1968 321 23990.   9.5  23.8   1.156   1.5   0.0
   1 1968 322 25874.   8.5  26.8   0.885   1.4   0.0
   1 1968 323 25498.  10.9  29.4   0.813   1.2   0.0
   1 1968 324 23990.  12.5  28.1   0.752   0.7   0.0
   1 1968 325 23614.   9.2  24.5   1.322   1.0   0.0
   1 1968 326 22483.  11.1  25.9   1.469   0.7   0.0
   1 1968 327 19845.  15.2  25.5   1.674   0.9   0.0
   1 1968 328 11681.  14.9  20.9   1.820   0.7   2.0
   1 1968 329 16329.  12.1  22.6   1.579   1.1  12.0
   1 1968 330 17836.  11.1  18.9   1.073   1.8   0.0
   1 1968 331 18464.   9.8  20.1   1.002   1.7   0.0
   1 1968 332 22483.  10.0  18.9   0.813   1.8   0.0
   1 1968 333 22734.  10.0  18.9   0.961   1.2   0.0
   1 1968 334 20725.   9.8  20.0   1.172   1.5   0.0
   1 1968 335 24367.   8.3  22.2   1.188   1.1   0.0
   1 1968 336 24618.  10.4  25.1   0.831   1.2   0.0
   1 1968 337 24744.   9.6  21.4   0.802   1.4   0.0
   1 1968 338 20222.   9.7  20.6   0.731   2.0   1.5
   1 1968 339 15701.  12.8  18.8   1.376   1.4  11.5
   1 1968 340  8415.  11.0  15.6   1.228   1.5   0.0
   1 1968 341 14068.  10.8  16.5   1.118   2.1  19.0
   1 1968 342  8039.  10.0  14.8   1.156 -99.0   0.0
   1 1968 343 17961.  10.2  17.1   1.118 -99.0   0.0
   1 1968 344 12686.   8.5  18.8   1.103 -99.0   0.0
   1 1968 345 11556.  11.2  20.6   0.860 -99.0   0.0
   1 1968 346 16957.   9.9  19.1   1.164 -99.0   0.0
   1 1968 347 13188.   8.3  20.4   1.118 -99.0   0.0
   1 1968 348 16705.  10.8  19.0   1.358 -99.0   0.0
   1 1968 349 16957.   9.8  18.1   0.860 -99.0   0.0
   1 1968 350 18338.   9.3  19.4   0.961 -99.0   0.0
   1 1968 351 23362.   8.9  19.0   0.742 -99.0   0.0
   1 1968 352 24870.   8.4  21.6   1.156 -99.0   0.0
   1 1968 353 24744.   9.8  23.5   0.638 -99.0   0.0
   1 1968 354 23614.  14.0  23.6   0.633 -99.0   0.0
   1 1968 355 21604.  13.8  24.3   1.002 -99.0   0.0
   1 1968 356 15952.  10.8  20.1   1.376 -99.0   0.0
   1 1968 357 13188.  10.6  16.9   1.313 -99.0  30.0
   1 1968 358 14068.   8.4  16.9   0.681 -99.0   0.0
   1 1968 359  7034.  10.5  18.5   0.752 -99.0   0.0
   1 1968 360 12937.   9.0  17.4   1.095 -99.0   0.0
   1 1968 361 17459.   6.7  16.2   0.916 -99.0   0.0
   1 1968 362  9923.   6.8  18.6   0.903 -99.0   0.0
   1 1968 363 19217.   7.1  18.9   0.961 -99.0   0.0
   1 1968 364 21729.   6.6  20.4   1.080 -99.0   0.0
   1 1968 365 18589.   5.5  20.0   1.095 -99.0   0.0
