*---------------------------------------------------------------------------*
* Station name: Gilat (Migda), Israel
* Year: 1983
* Author: Peter Uithol                                     -99.000: NIL VALUE
* Source: Ungar, E., 1981. Meteo data Migda/Gilat
* Comments: Summer data (May-September) missing.
*           No wind speed data available.
*           Rainfall from Gilat.
* Longitude: 43 40 E, latitude: 31 20 N, altitude: 150. m.
*
* Column  Daily value
* 1       station number
* 2       year
* 3       day
* 4       irradiation                   (kJ m-2 d-1)
* 5       minimum temperature           (degrees Celsius)
* 6       maximum temperature           (degrees Celsius)
* 7       early morning vapour pressure (kPa)
* 8       mean wind speed (height: 2 m) (m s-1)
* 9       precipitation                 (mm d-1)
*---------------------------------------------------------------------------*
  43.67  31.33   150. 0.00 0.00
   1 1983   1 10496.   6.4  16.2   0.774 -99.0   0.0
   1 1983   2  7331.   5.5  14.0   0.808 -99.0   0.0
   1 1983   3  7536.   6.4   9.8   0.854 -99.0  17.0
   1 1983   4 12234.   6.0  12.5   0.854 -99.0   2.0
   1 1983   5 10291.   7.4  12.5   0.948 -99.0   8.0
   1 1983   6 16215.   7.4  16.0   0.916 -99.0   6.0
   1 1983   7 14072.   5.4  16.4   0.652 -99.0   0.0
   1 1983   8 14072.   4.8  16.4   0.785 -99.0   0.0
   1 1983   9 13151.   4.2  16.4   0.916 -99.0   0.0
   1 1983  10 15910.   4.4  15.7   0.836 -99.0   0.0
   1 1983  11 16521.   4.0  16.5   0.731 -99.0   0.0
   1 1983  12 16827.   4.5  16.5   0.785 -99.0   0.0
   1 1983  13 15805.   2.0  16.4   0.819 -99.0   0.0
   1 1983  14 12539.   5.5  16.4   0.796 -99.0   0.0
   1 1983  15 14377.   6.3  15.7   0.808 -99.0   0.0
   1 1983  16 16215.   7.0  15.7   0.819 -99.0  22.0
   1 1983  17 14683.   6.4  14.9   0.752 -99.0   0.0
   1 1983  18  8759.   7.5  14.4   0.878 -99.0   6.0
   1 1983  19 14172.   4.2  13.4   0.866 -99.0  15.0
   1 1983  20 18053.   5.0  14.8   0.758 -99.0   0.0
   1 1983  21 16521.   3.5  16.4   0.742 -99.0   0.0
   1 1983  22 16521.   3.3  13.7   0.726 -99.0   3.0
   1 1983  23  9069.   3.0  11.0   0.716 -99.0   0.0
   1 1983  24  9780.   6.3  12.3   0.836 -99.0  15.0
   1 1983  25  9780.   6.3  12.3   0.836 -99.0   8.0
   1 1983  26 10597.   9.6  13.5   0.975 -99.0   0.0
   1 1983  27 14683.   2.0  11.0   0.825 -99.0   0.0
   1 1983  28 13662.   5.4  11.0   0.878 -99.0   0.0
   1 1983  29 13662.   4.0  12.1   0.808 -99.0   0.0
   1 1983  30 17748.   2.5  13.2   0.736 -99.0   0.0
   1 1983  31 18359.   2.5  16.0   0.802 -99.0   0.0
   1 1983  32 19791.   4.0  17.2   0.825 -99.0   0.0
   1 1983  33  4982.   4.0  17.3   0.836 -99.0   0.0
   1 1983  34 11108.   7.4  14.4   1.030 -99.0   7.0
   1 1983  35 17543.   6.5  17.0   1.044 -99.0   0.0
   1 1983  36 17543.   6.0  17.0   0.929 -99.0   0.0
   1 1983  37 15194.   5.5  17.0   0.819 -99.0   0.0
   1 1983  38 10086.   8.5  14.0   0.903 -99.0   0.0
   1 1983  39 21118.   1.5  17.4   0.842 -99.0   0.0
   1 1983  40 21424.   3.5  18.2   0.836 -99.0   0.0
   1 1983  41 24384.   3.6  18.2   0.885 -99.0   0.0
   1 1983  42 19075.   3.5  20.5   1.095 -99.0   0.0
   1 1983  43 12029.   4.0  22.2   0.903 -99.0   0.0
   1 1983  44  4982.   4.5  23.8   0.716 -99.0   0.0
   1 1983  45 11108.  11.5  19.5   1.270 -99.0   0.0
   1 1983  46  9069.  10.0  19.5   1.245 -99.0   0.0
   1 1983  47 18769.  11.2  17.6   1.296 -99.0   6.0
   1 1983  48 10597.   8.8  17.1   1.125 -99.0   0.0
   1 1983  49 12640.   9.0  17.5   0.808 -99.0   0.0
   1 1983  50 12640.   7.3  17.5   0.791 -99.0   0.0
   1 1983  51 18259.   5.6  17.5   0.774 -99.0   0.0
   1 1983  52 16622.   4.5  12.5   0.780 -99.0  15.0
   1 1983  53 17748.   5.5  13.5   0.948 -99.0   5.0
   1 1983  54 22852.   1.0  17.0   0.661 -99.0   0.0
   1 1983  55 18259.   4.5  17.0   0.891 -99.0   0.0
   1 1983  56 12435.   6.0  15.7   0.711 -99.0   4.0
   1 1983  57 12435.   4.8  15.2   0.796 -99.0   4.0
   1 1983  58 14888.   4.8  15.2   0.796 -99.0  14.0
   1 1983  59 17237.   3.5  14.6   0.891 -99.0   8.0
   1 1983  60 24895.   3.8  17.3   0.968 -99.0   0.0
   1 1983  61 23873.   6.0  17.8   0.878 -99.0   0.0
   1 1983  62 12946.   6.4  22.5   0.891 -99.0   0.0
   1 1983  63 12946.  10.5  22.7   0.929 -99.0   0.0
   1 1983  64 12946.   7.8  19.9   0.848 -99.0   0.0
   1 1983  65 12946.   5.0  17.0   0.791 -99.0  20.0
   1 1983  66 10597.   6.1  12.1   0.891 -99.0   0.0
   1 1983  67 19791.   5.5  14.8   0.903 -99.0   0.0
   1 1983  68 18564.   4.5  15.7   0.916 -99.0   0.0
   1 1983  69 22852.   3.5  18.6   1.002 -99.0   0.0
   1 1983  70 17132.   4.5  18.5   1.148 -99.0   0.0
   1 1983  71 17132.   5.5  18.5   1.164 -99.0   0.0
   1 1983  72 21219.   6.5  18.5   1.172 -99.0   0.0
   1 1983  73 20808.   7.0  18.5   1.073 -99.0   0.0
   1 1983  74 17237.   7.2  17.5   0.878 -99.0   6.0
   1 1983  75 15705.   6.0  14.0   0.975 -99.0   0.0
   1 1983  76 15705.   5.4  15.7   1.125 -99.0   0.0
   1 1983  77 25711.   2.6  21.5   1.023 -99.0   0.0
   1 1983  78 25711.   4.3  24.2   1.125 -99.0   0.0
   1 1983  79 23668.   6.0  26.8   1.245 -99.0   0.0
   1 1983  80 23567.   7.3  18.8   1.118 -99.0   0.0
   1 1983  81 19791.   8.0  17.7   1.212 -99.0   9.0
   1 1983  82 19481.   9.0  18.0   1.253 -99.0   2.0
   1 1983  83 25200.   5.2  20.3   1.141 -99.0   0.0
   1 1983  84 25305.   3.5  21.0   1.110 -99.0   0.0
   1 1983  85 25305.   3.9  26.2   1.095 -99.0   0.0
   1 1983  86 26938.   4.2  31.3   1.095 -99.0   0.0
   1 1983  87 25711.  13.4  31.3   1.431 -99.0   0.0
   1 1983  88 24690.  10.0  25.9   1.322 -99.0   0.0
   1 1983  89 23668.   6.6  20.4   1.212 -99.0   0.0
   1 1983  90 26121.  11.5  21.0   1.412 -99.0   0.0
   1 1983  91 19075.  10.5  30.0   0.903 -99.0   0.0
   1 1983  92 19075.   9.7  29.7   1.180 -99.0   0.0
   1 1983  93 18259.   8.8  29.4   1.460 -99.0   0.0
   1 1983  94 18259.   8.0  30.2   1.441 -99.0   0.0
   1 1983  95 18460.   7.2  31.0   1.412 -99.0   0.0
   1 1983  96 18564.  11.8  29.0   1.030 -99.0   0.0
   1 1983  97 23362.  13.6  29.0   1.412 -99.0   0.0
   1 1983  98 23057.   7.0  19.0   1.245 -99.0   0.0
   1 1983  99 23057.   7.3  19.9   1.220 -99.0   0.0
   1 1983 100 22240.   7.5  20.8   1.228 -99.0   0.0
   1 1983 101 22852.   8.5  20.8   1.385 -99.0   0.0
   1 1983 102 22140.   8.5  21.4   1.394 -99.0   0.0
   1 1983 103 26017.   9.0  24.0   1.340 -99.0   0.0
   1 1983 104 27143.   6.0  26.5   1.296 -99.0   0.0
   1 1983 105 24895.   7.5  28.2   1.331 -99.0   0.0
   1 1983 106 24895.   7.3  28.2   1.204 -99.0   0.0
   1 1983 107 27344.   7.2  28.2   1.058 -99.0   0.0
   1 1983 108 25611.   6.6  24.0   1.037 -99.0   0.0
   1 1983 109 23873.   6.0  19.8   1.002 -99.0   0.0
   1 1983 110 22852.   5.0  20.2   0.961 -99.0   0.0
   1 1983 111 22852.   6.3  21.2   1.304 -99.0   0.0
   1 1983 112 19791.   7.0  21.2   1.385 -99.0   0.0
   1 1983 113 19791.   6.6  22.4   1.245 -99.0   0.0
   1 1983 114 23567.   6.2  23.5   1.095 -99.0   0.0
   1 1983 115 26733.   8.7  28.5   1.304 -99.0   0.0
   1 1983 116 26733.   8.8  25.5   1.313 -99.0   0.0
   1 1983 117 27549.   8.5  25.5   1.569 -99.0   0.0
   1 1983 118 26427.   8.9  26.0   1.528 -99.0   0.0
   1 1983 119 26427.  15.5  28.4   1.674 -99.0   0.0
   1 1983 120 26427.  15.5  28.4   1.674 -99.0   0.0
   1 1983 121 23668.  12.0  38.6   1.156 -99.0   0.0
   1 1983 122 23668.  10.0  42.0   1.188 -99.0   0.0
   1 1983 123 23668.  14.4  35.1   1.118 -99.0   0.0
   1 1983 124 20298.  15.5  35.5   1.774 -99.0   0.0
   1 1983 125 27754.  11.0  25.5   1.403 -99.0   0.0
   1 1983 126 35000.  10.1  25.0   1.103 -99.0   0.0
   1 1983 127 32042.   9.8  25.2   1.287 -99.0   0.0
   1 1983 128 25916.   9.4  25.5   1.479 -99.0   0.0
   1 1983 129 25916.   7.0  28.5   0.819 -99.0   0.0
   1 1983 130 20503.  11.0  33.5   1.220 -99.0   0.0
   1 1983 131 25100.  13.8  33.5   1.133 -99.0   0.0
   1 1983 132 21830.  12.0  32.5   1.569 -99.0   0.0
   1 1983 133  4982.  11.7  30.0   1.270 -99.0   0.9
   1 1983 134 16215.  12.4  30.2   1.479 -99.0   0.0
   1 1983 135 16215.  13.0  30.4   1.695 -99.0   0.0
   1 1983 136 29082.  14.0  30.0   1.740 -99.0   0.0
   1 1983 137 24794.  13.5  33.0   0.885 -99.0   0.0
   1 1983 138 24794.  12.2  33.0   1.367 -99.0   0.0
   1 1983 139 25611.  10.8  33.0   1.831 -99.0   0.0
   1 1983 140 24384.  13.6  26.8   1.579 -99.0   0.0
   1 1983 141 24384.  12.6  27.3   1.610 -99.0   0.0
   1 1983 142 26427.  11.6  27.7   1.631 -99.0   0.0
   1 1983 143 27244.  11.8  27.5   1.879 -99.0   0.0
   1 1983 144 27855.  12.6  29.5   1.706 -99.0   0.0
   1 1983 145 27959.  13.2  31.2   1.237 -99.0   0.0
   1 1983 146 26427.  16.5  31.2   1.939 -99.0   0.0
   1 1983 147 25711.  13.5  28.5   1.499 -99.0   0.0
   1 1983 148 25711.  12.3  29.5   1.499 -99.0   0.0
   1 1983 149 28470.  11.0  30.5   1.469 -99.0   0.0
   1 1983 150 26938.  14.0  33.5   1.927 -99.0   0.0
   1 1983 274 19280.  16.2  29.5   1.774 -99.0   0.0
   1 1983 275 19280.  16.5  28.8   1.762 -99.0   0.0
   1 1983 276 19280.  16.8  28.2   1.717 -99.0   0.0
   1 1983 277 21935.  15.6  28.2   1.600 -99.0   0.0
   1 1983 278 21830.  13.0  26.3   1.508 -99.0   0.0
   1 1983 279 23057.  11.5  30.4   1.237 -99.0   0.0
   1 1983 280 23467.  16.0  33.6   0.629 -99.0   0.0
   1 1983 281 23467.  16.4  35.3   1.422 -99.0   0.0
   1 1983 282 23157.  16.8  36.0   2.283 -99.0   0.0
   1 1983 283 21319.  19.0  32.5   2.355 -99.0   0.0
   1 1983 284 20607.  15.4  29.4   1.964 -99.0   0.0
   1 1983 285 21319.  13.5  28.0   1.915 -99.0   0.0
   1 1983 286 20503.  15.4  27.0   1.751 -99.0   0.0
   1 1983 287 24895.  16.0  25.8   2.159 -99.0   0.0
   1 1983 288 23567.  14.0  25.9   1.903 -99.0   0.0
   1 1983 289 22341.  12.0  26.0   1.652 -99.0   0.0
   1 1983 290 21524.  11.2  26.2   1.403 -99.0   0.0
   1 1983 291 19791.  14.2  26.2   1.652 -99.0   0.0
   1 1983 292 20402.  13.0  26.8   1.774 -99.0   0.0
   1 1983 293 20808.  13.0  29.5   1.785 -99.0   0.0
   1 1983 294 18259.  16.2  29.5   1.879 -99.0   0.0
   1 1983 295 18259.  15.3  29.2   1.796 -99.0   0.0
   1 1983 296 17543.  14.4  29.0   1.706 -99.0   0.0
   1 1983 297 18154.  14.0  26.4   1.610 -99.0   0.0
   1 1983 298 18460.  13.1  26.6   1.695 -99.0   0.0
   1 1983 299 18769.  12.2  26.8   1.774 -99.0   0.0
   1 1983 300 15194.  14.0  25.5   1.751 -99.0   0.0
   1 1983 301 18870.  16.2  29.5   1.358 -99.0   0.0
   1 1983 302 17543.  16.1  30.2   1.674 -99.0   0.0
   1 1983 303 16215.  16.0  31.0   2.014 -99.0   0.0
   1 1983 304 16726.  13.0  23.8   1.422 -99.0   0.0
   1 1983 305 21319.  10.2  31.5   1.204 -99.0   0.0
   1 1983 306 22852.  11.5  35.6   1.340 -99.0   0.0
   1 1983 307 22140.  19.5  35.5   0.624 -99.0   0.0
   1 1983 308 21319.  18.5  35.0   0.691 -99.0   0.0
   1 1983 309 18259.  16.7  34.2   1.188 -99.0   0.0
   1 1983 310 14888.  15.0  33.4   1.685 -99.0   0.0
   1 1983 311 16726.  13.3  23.7   1.558 -99.0   0.0
   1 1983 312 16215.  13.4  23.2   1.460 -99.0   0.0
   1 1983 313 18053.  11.5  24.0   1.322 -99.0   0.0
   1 1983 314 18970.  10.8  25.1   1.349 -99.0   0.0
   1 1983 315 24384.  12.6  27.8   1.508 -99.0   0.0
   1 1983 316 23873.  13.0  27.7   1.066 -99.0   2.0
   1 1983 317 23362.  13.5  27.7   0.624 -99.0   0.0
   1 1983 318 10802.  12.0  23.7   1.262 -99.0   0.0
   1 1983 319 22852.  12.6  23.7   1.358 -99.0   0.0
   1 1983 320 18359.  12.0  27.2   1.245 -99.0   0.0
   1 1983 321 19586.  13.4  28.5   1.058 -99.0   0.0
   1 1983 322  4982.  12.8  29.4   0.785 -99.0   0.0
   1 1983 323  4982.  11.6  29.9   0.769 -99.0   0.0
   1 1983 324  4982.  10.5  30.5   0.758 -99.0   0.0
   1 1983 325  4982.  13.2  30.5   0.866 -99.0   0.0
   1 1983 326  4982.  19.9  24.5   1.385 -99.0   0.0
   1 1983 327  8759.   9.4  24.5   1.110 -99.0   0.0
   1 1983 328 11212.   9.2  23.4   1.220 -99.0   0.0
   1 1983 329  4982.   9.2  23.4   1.220 -99.0   0.0
   1 1983 330  4982.  10.2  23.0   1.569 -99.0   0.0
   1 1983 331  6720.  10.2  23.0   1.569 -99.0   0.0
   1 1983 332  8047.  10.3  23.8   1.385 -99.0   0.0
   1 1983 333  8558.  11.4  26.1   0.916 -99.0   0.0
   1 1983 334  8863.  10.7  26.7   0.780 -99.0   0.0
   1 1983 335 22852.  11.0  26.7   0.716 -99.0   0.0
   1 1983 336 25406.   8.1  26.0   0.995 -99.0   0.0
   1 1983 337 25406.  13.0  25.6   1.002 -99.0   0.0
   1 1983 338 26427.   8.0  25.2   1.002 -99.0   0.0
   1 1983 339 27038.  10.2  22.7   1.518 -99.0   0.0
   1 1983 340 27654.   9.8  24.9   1.220 -99.0   0.0
   1 1983 341 28265.  12.0  24.0   1.685 -99.0   0.0
   1 1983 342 29082.  10.2  20.8   1.164 -99.0   0.0
   1 1983 343 29492.  10.0  20.6   1.164 -99.0   0.0
   1 1983 344 30204.   8.5  20.7   0.891 -99.0   0.0
   1 1983 345 31020.   7.0  20.8   0.633 -99.0   0.0
   1 1983 346 32452.   8.6  20.2   1.080 -99.0   0.0
   1 1983 347 15399.   6.5  20.2   0.935 -99.0   0.0
   1 1983 348 15910.   9.5  19.5   1.188 -99.0   0.0
   1 1983 349 16622.   6.6  23.8   0.848 -99.0   0.1
   1 1983 350 18359.   7.5  23.3   0.543 -99.0   0.0
   1 1983 351 19075.   6.5  20.9   0.647 -99.0   0.0
   1 1983 352 19891.   5.5  18.5   0.763 -99.0   0.0
   1 1983 353 20402.   6.2  19.5   0.848 -99.0   0.0
   1 1983 354 21219.   5.2  19.5   0.752 -99.0   0.0
   1 1983 355 22341.   3.5  19.5   0.593 -99.0   0.0
   1 1983 356 19075.   9.2  19.3   1.204 -99.0   0.5
   1 1983 357 19280.   5.2  17.0   0.633 -99.0   0.0
   1 1983 358 20097.   5.8  19.0   0.711 -99.0   0.0
   1 1983 359 21014.   6.5  21.0   0.791 -99.0   0.0
   1 1983 360 20097.   8.6  16.3   1.066 -99.0   7.5
   1 1983 361 20097.   6.6  16.6   1.095 -99.0   0.0
   1 1983 362 20402.   6.6  19.8   0.948 -99.0   0.0
   1 1983 363 21014.   6.2  19.6   0.935 -99.0   0.0
   1 1983 364 20097.   3.3  19.9   1.044 -99.0   0.0
   1 1983 365 20097.   3.3  19.9   1.044 -99.0   0.0
