*---------------------------------------------------------------------------*
* Station name: Sanpatong (Rice Experiment Station), Thailand
* Year: 1986
* Author: Peter Uithol                                     -99.000: NIL VALUE
* Source: IRRI/WMO Special project
* Comments:
* Longitude: 98 57 E, latitude: 18 45 N, altitude: 312. m
*
* Column  Daily value
* 1       station number
* 2       year
* 3       day
* 4       irradiation                   (kJ m-2 d-1)
* 5       minimum temperature           (degrees Celsius)
* 6       maximum temperature           (degrees Celsius)
* 7       early morning vapour pressure (kPa)
* 8       mean wind speed (height: 2 m) (m s-1)
* 9       precipitation                 (mm d-1)
*---------------------------------------------------------------------------*
  98.95  18.75   312. 0.00 0.00
   1 1986   1 15898.   9.5  29.0   0.847   0.4   0.0
   1 1986   2 15898.  10.0  29.9   0.988   0.4   0.0
   1 1986   3 16672.  10.2  28.8   0.936   0.4   0.0
   1 1986   4 15707.  10.5  27.6   0.960   0.4   0.0
   1 1986   5 12460.  10.9  25.3   0.987   0.5   0.0
   1 1986   6 13349.  11.3  25.0   0.990   0.4   0.0
   1 1986   7 15203.  10.1  24.9   0.969   0.4   0.0
   1 1986   8 15898.  13.9  25.1   1.308   0.4   0.0
   1 1986   9 15822.   8.0  25.2   0.854   0.4   0.0
   1 1986  10 16286.   8.8  24.9   0.956   0.4   0.0
   1 1986  11 15667. -99.0  25.8   0.000   0.4   0.0
   1 1986  12 16322. -99.0  27.5   0.000   0.4   0.0
   1 1986  13 16207. -99.0  28.7   0.000   0.4   0.0
   1 1986  14 15667. -99.0  29.8   0.000   0.4   0.0
   1 1986  15 15358. -99.0  30.2   0.000   0.4   0.0
   1 1986  16 14893. -99.0  30.3   0.000   0.4   0.0
   1 1986  17 15088. -99.0  30.7   0.000   0.5   0.0
   1 1986  18 15898. -99.0  31.2   0.000   0.4   0.0
   1 1986  19 16207. -99.0  32.5   0.000   0.4   0.0
   1 1986  20 16672. -99.0  32.5   0.000   0.4   0.0
   1 1986  21 15552. -99.0  32.3   0.000   0.4   0.0
   1 1986  22 16632. -99.0  32.9   0.000   0.4   0.0
   1 1986  23 18176. -99.0  32.7   0.000   0.5   0.0
   1 1986  24 18526. -99.0  31.3   0.000   0.5   0.0
   1 1986  25 17096. -99.0  31.3   0.000   0.4   0.0
   1 1986  26 14008. -99.0  30.0   0.000   0.4   0.0
   1 1986  27 15012. -99.0  29.9   0.000   0.5   0.0
   1 1986  28 16942. -99.0  30.1   0.000   0.4   0.0
   1 1986  29 16866. -99.0  30.1   0.000   0.4   0.0
   1 1986  30 17482. -99.0  30.0   0.000   0.5   0.0
   1 1986  31 18410. -99.0  30.4   0.000   0.5   0.0
   1 1986  32 16171. -99.0  30.0   0.000   0.4   0.0
   1 1986  33 16517. -99.0  30.1   0.000   0.4   0.0
   1 1986  34 17057. -99.0  30.3   0.000   0.4   0.0
   1 1986  35 17366. -99.0  30.3   0.000   0.5   0.0
   1 1986  36 19181. -99.0  31.2   0.000   0.5   0.0
   1 1986  37 18990. -99.0  32.5   0.000   0.5   0.0
   1 1986  38 18835. -99.0  32.7   0.000   0.5   0.0
   1 1986  39 16286. -99.0  31.4   0.000   0.5   0.0
   1 1986  40 17021. -99.0  32.7   0.000   0.4   0.0
   1 1986  41 16596. -99.0  32.5   0.000   0.4   0.0
   1 1986  42 17096.  17.0  32.5   1.538   0.5   0.0
   1 1986  43 18176.  16.0  32.5   1.254   0.5   0.0
   1 1986  44 17021.  16.0  32.7   1.270   0.5   0.0
   1 1986  45 19530.  15.0  32.7   1.353   0.5   0.0
   1 1986  46 17870.  15.0  32.8   1.171   0.5   0.0
   1 1986  47 15782.  17.0  33.7   1.284   0.6   0.0
   1 1986  48 19220.  16.0  33.8   1.259   0.6   0.0
   1 1986  49 19454.  15.0  34.9   1.119   0.7   0.0
   1 1986  50 19724.  13.0  31.5   1.034   0.7   0.0
   1 1986  51 17986.  13.0  32.7   1.004   0.4   0.0
   1 1986  52 13738.  13.0  30.0   1.044   0.4   0.0
   1 1986  53 15862.  16.0  32.1   1.408   0.5   0.0
   1 1986  54 19415.  15.0  33.0   1.056   0.6   0.0
   1 1986  55 19955.  14.0  34.9   1.113   0.5   0.0
   1 1986  56 17482.  15.0  33.8   1.131   0.5   0.0
   1 1986  57 17057.  15.0  33.8   1.125   0.5   0.0
   1 1986  58 18565.  16.0  33.9   1.174   0.6   0.0
   1 1986  59 18101.  15.0  32.6   1.135   0.7   0.0
   1 1986  60 14123.  18.5  30.2   1.639   1.2   0.0
   1 1986  61  3154.  19.0  21.0   1.678   1.8   0.0
   1 1986  62 15898.  14.0  20.2   1.044   1.5  43.0
   1 1986  63 20650.  12.0  23.8   0.947   0.7   0.0
   1 1986  64 20804.  11.0  26.5   0.943   0.5   0.0
   1 1986  65 18486.  12.0  29.9   1.012   0.4   0.0
   1 1986  66 15898.  14.0  30.1   1.230   0.4   0.0
   1 1986  67 15862.  14.0  31.2   1.140   0.4   0.0
   1 1986  68 23818.  14.0  32.5   1.142   0.6   0.0
   1 1986  69 14044.  15.0  33.0   1.304   0.5   0.0
   1 1986  70 20884.  15.0  34.9   1.196   0.6   0.0
   1 1986  71 21344.  15.0  34.9   1.174   0.6   0.0
   1 1986  72 21539.  15.0  34.9   1.254   0.6   0.0
   1 1986  73 21848.  14.0  34.5   1.169   0.6   0.0
   1 1986  74 20264.  16.0  35.2   1.250   0.5   0.0
   1 1986  75 21344.  17.0  35.1   1.334   0.6   0.0
   1 1986  76 21154.  18.0  36.5   1.436   0.5   0.0
   1 1986  77 20185.  16.0  35.9   1.243   0.5   0.0
   1 1986  78 19490.  16.0  35.8   1.328   0.5   0.0
   1 1986  79 18256.  15.0  35.1   1.295   0.6   0.0
   1 1986  80 18450.  17.0  35.7   1.610   0.5   0.0
   1 1986  81 16672.  16.0  35.9   1.170   0.4   0.0
   1 1986  82 18140.  17.0  36.6   1.357   0.6   0.0
   1 1986  83 14508.  18.0  33.6   1.347   0.3   0.0
   1 1986  84 19609.  18.0  36.5   1.293   0.6   0.0
   1 1986  85 19300.  18.0  37.0   1.314   0.6   0.0
   1 1986  86 18680.  18.0  36.4   1.260   0.6   0.0
   1 1986  87 16517.  17.0  35.8   1.181   0.5   0.0
   1 1986  88 19375.  18.0  37.7   1.343   0.8   0.0
   1 1986  89 19300.  17.0  36.0   1.173   0.7   0.0
   1 1986  90 14893.  20.0  35.1   1.559   0.4   0.0
   1 1986  91 14587.  20.0  36.0   1.428   0.5   0.0
   1 1986  92 16747.  21.0  36.3   1.641   0.7   0.0
   1 1986  93 16711.  22.0  36.4   1.901   0.5   0.0
   1 1986  94 16632.  21.0  37.6   1.636   0.9   0.0
   1 1986  95 18756.  21.0  33.9   1.800   1.0   3.8
   1 1986  96 19955.  19.0  32.6   1.555   0.5   5.8
   1 1986  97 18720.  21.0  34.7   1.860   0.9   0.0
   1 1986  98 21463.  19.0  34.7   1.735   0.7   2.0
   1 1986  99 21924.  20.0  35.3   1.692   0.5   0.0
   1 1986 100 21848.  19.0  36.0   1.502   0.5   0.0
   1 1986 101 19530.  20.0  36.6   1.444   0.4   0.0
   1 1986 102 18565.  21.0  36.5   1.621   0.5   0.0
   1 1986 103 17831.  22.0  35.0   1.760   0.9   0.0
   1 1986 104 19994.  20.0  35.4   1.500   0.5   0.0
   1 1986 105 20729.  22.0  36.9   1.808   0.7   0.0
   1 1986 106 20459.  22.0  37.1   1.771   0.8   0.0
   1 1986 107 22313.  24.0  37.9   1.748   0.9   0.0
   1 1986 108 19840.  22.0  36.9   1.686   0.9   0.0
   1 1986 109 18605.  22.0  36.7   1.718   0.6   0.9
   1 1986 110 20185.  21.0  36.5   1.584   0.7   0.0
   1 1986 111 19415.  21.0  37.0   1.636   0.6   0.0
   1 1986 112 22349.  20.0  36.0   1.400   0.5   0.0
   1 1986 113 13889.  24.0  33.8   1.975   0.8   0.0
   1 1986 114 18295.  21.0  32.6   1.770   0.7   0.0
   1 1986 115 23508.  20.0  35.1   1.613   0.6   0.2
   1 1986 116 22658.  21.0  36.5   1.631   0.7   0.0
   1 1986 117 20459.  21.0  34.0   1.867   0.7   0.0
   1 1986 118 20459.  22.0  35.1   1.750   0.6   2.8
   1 1986 119 21114.  22.0  35.6   1.887   1.0   0.0
   1 1986 120 13543.  23.0  30.0   2.276   0.8   3.6
   1 1986 121 23548.  21.0  33.0   1.800   0.8   0.2
   1 1986 122 17716.  21.0  32.6   1.721   0.6   0.0
   1 1986 123 24242.  21.0  35.6   1.800   0.7   0.0
   1 1986 124 20650.  24.0  35.5   2.166   0.8   0.0
   1 1986 125 23083.  23.0  35.1   1.761   1.0   0.0
   1 1986 126 23818.  24.0  36.4   2.274   1.2   0.5
   1 1986 127 20419.  21.0  31.5   2.062   0.9  49.8
   1 1986 128 21888.  22.0  32.2   2.134   0.8   3.8
   1 1986 129 10105.  22.0  26.0   2.089   0.6  15.0
   1 1986 130 11884.  22.0  29.5   2.205   0.5   7.7
   1 1986 131 14623.  23.0  31.4   2.448   0.5   2.8
   1 1986 132 21888.  22.0  33.6   2.060   0.7   0.0
   1 1986 133 17870.  23.0  32.0   2.282   0.6   0.5
   1 1986 134 15012.  24.0  31.5   2.516   0.7   0.1
   1 1986 135 22313.  23.0  33.0   2.476   0.5  21.0
   1 1986 136 21848.  23.0  33.2   2.259   0.6   0.0
   1 1986 137 19375.  23.0  33.3   2.054   0.6   0.2
   1 1986 138 23008.  23.0  34.8   1.893   0.7   0.0
   1 1986 139 22234.  24.0  34.8   2.403   0.7   0.0
   1 1986 140 24167.  24.0  33.8   2.298   0.9   0.1
   1 1986 141 16402.  24.0  32.6   2.618   0.8   0.0
   1 1986 142 16556.  24.0  32.5   2.265   0.6   0.0
   1 1986 143 19375.  24.0  32.7   2.585   0.7   0.0
   1 1986 144 11495.  23.0  32.4   2.397   0.4   5.0
   1 1986 145 26136.  24.0  35.1   2.797   1.1   0.0
   1 1986 146 26176.  24.0  35.1   2.172   0.7   0.8
   1 1986 147  6242.  23.0  32.8   2.000   0.4   0.2
   1 1986 148 23044.  23.0  34.8   2.237   0.2   0.0
   1 1986 149 14702.  24.0  34.9   2.187   0.6   0.0
   1 1986 150 24901.  23.0  35.1   1.975   0.9   0.0
   1 1986 151 24322.  23.0  35.5   2.141   1.1   0.0
   1 1986 152 23548.  21.0  33.0   1.800   0.7   0.2
   1 1986 153 19105.  21.0  36.4   1.721   0.7   0.0
   1 1986 154 19530.  25.0  36.0   2.208   0.7   0.0
   1 1986 155 25171.  24.0  35.3   2.247   0.8   0.0
   1 1986 156 17831.  24.0  35.0   2.286   0.8   0.0
   1 1986 157 20729.  23.0  34.0   2.206   0.9   0.6
   1 1986 158 12035.  24.0  33.8   2.588   0.6   4.3
   1 1986 159 14742.  24.0  31.4   2.495   0.5  10.0
   1 1986 160 20034.  24.0  32.6   2.286   0.9   0.0
   1 1986 161 20225.  23.0  33.8   2.225   1.0   0.0
   1 1986 162 18450.  23.0  33.0   2.096   0.9   0.0
   1 1986 163 15822.  24.0  32.8   2.459   0.9  12.5
   1 1986 164 17986.  24.0  32.0   2.657   0.6   9.6
   1 1986 165 14278.  24.0  30.2   2.534   0.5   2.3
   1 1986 166 19530.  23.0  32.6   2.341   0.6   7.3
   1 1986 167 22698.  23.0  33.8   2.276   0.6   6.1
   1 1986 168 16556.  24.0  32.7   2.328   0.6   0.0
   1 1986 169 18371.  24.0  33.0   2.435   0.7   0.0
   1 1986 170 19220.  23.0  32.5   2.335   0.8   8.3
   1 1986 171 13968.  24.0  30.1   2.564   0.6   0.0
   1 1986 172 18835.  24.0  33.2   2.328   1.0   3.4
   1 1986 173 21074.  23.0  33.7   2.206   0.9   0.0
   1 1986 174 18061.  23.0  32.3   2.189   0.9   0.0
   1 1986 175 13853.  24.0  32.3   2.361   1.2   0.0
   1 1986 176 17406.  24.0  33.0   2.295   1.1   0.0
   1 1986 177 17057.  25.0  32.6   2.598   1.0   0.0
   1 1986 178 19915.  24.0  32.6   2.301   1.1   0.6
   1 1986 179 11110.  23.0  29.0   2.388   0.6   1.5
   1 1986 180 15592.  23.0  31.3   2.391   0.8   0.1
   1 1986 181 20765.  23.0  33.8   2.107   0.8   0.0
   1 1986 182 22003.  23.0  34.8   2.101   0.7   0.0
   1 1986 183 21308.  24.0  35.3   2.166   1.1   0.0
   1 1986 184 18256.  23.0  34.9   2.132   1.1   0.0
   1 1986 185 18911.  24.0  32.5   2.316   1.2   0.0
   1 1986 186 10994.  24.0  31.4   2.322   0.7   0.0
   1 1986 187 15552.  24.0  33.0   2.435   0.8   1.0
   1 1986 188 20304.  24.0  33.9   2.423   0.9   0.0
   1 1986 189 19879.  24.0  36.0   2.310   0.7   0.0
   1 1986 190 11030.  25.0  32.7   2.418   0.6   0.0
   1 1986 191  5198.  24.0  25.8   2.821   0.9   0.8
   1 1986 192 14778.  23.0  29.6   2.563   0.8  27.5
   1 1986 193 14623.  23.0  30.0   2.360   0.8  14.2
   1 1986 194 21074.  23.0  32.7   2.177   0.7   0.0
   1 1986 195 18331.  24.0  31.6   2.462   0.7   0.0
   1 1986 196 23857.  24.0  33.9   2.385   0.7   0.0
   1 1986 197 24437.  24.0  33.8   2.397   1.1   0.0
   1 1986 198 19336.  23.0  33.0   2.287   0.7   0.0
   1 1986 199 14044.  24.0  31.4   2.391   0.9   0.0
   1 1986 200 13583.  24.0  30.6   2.379   0.9   0.0
   1 1986 201 10300.  24.0  28.9   2.677   0.5  26.5
   1 1986 202  9331.  23.0  26.9   2.653   0.5   3.7
   1 1986 203 12308.  23.0  29.9   2.405   0.9   1.4
   1 1986 204 15667.  23.0  30.2   2.470   1.1   0.1
   1 1986 205 11574.  23.0  28.3   2.644   0.9   3.4
   1 1986 206  8366.  23.0  24.6   2.616   0.3   3.6
   1 1986 207 11804.  23.0  29.0   2.509   0.6   6.8
   1 1986 208 19645.  22.0  29.9   2.324   0.8   1.3
   1 1986 209 25787.  22.0  33.0   2.022   0.7   0.0
   1 1986 210 22813.  23.0  33.7   2.099   0.8   0.0
   1 1986 211 24592.  23.0  32.6   2.388   0.8   0.0
   1 1986 212 24667.  24.0  34.0   2.409   0.9   2.4
   1 1986 213 24397.  23.0  33.6   2.360   1.1   0.0
   1 1986 214 20689.  23.0  31.5   2.054   0.8   4.0
   1 1986 215 20495.  23.0  32.6   2.293   0.9   2.3
   1 1986 216 16826.  25.0  31.5   2.564   0.8   1.7
   1 1986 217 23317.  24.0  32.0   2.552   0.8  14.0
   1 1986 218 23933.  24.0  33.1   2.435   0.7  16.5
   1 1986 219 10879.  24.0  28.9   2.767   0.7   4.6
   1 1986 220 10724.  24.0  28.2   2.905   0.7   0.3
   1 1986 221 21074.  23.0  32.0   2.332   0.8   4.8
   1 1986 222 21614.  23.0  32.7   2.383   0.8   0.0
   1 1986 223 21463.  24.0  32.6   2.573   0.8   0.2
   1 1986 224 20574.  24.0  32.6   2.262   1.2   0.0
   1 1986 225 15977.  24.0  31.4   2.462   0.9   0.0
   1 1986 226 13003.  24.0  31.3   2.483   0.7   0.0
   1 1986 227 12733.  24.0  30.0   2.734   0.5   3.6
   1 1986 228 20459.  24.0  32.3   2.615   0.8   2.9
   1 1986 229 20920.  24.0  32.7   2.471   1.0   0.1
   1 1986 230 22928.  23.0  32.0   2.343   0.9   0.0
   1 1986 231 20185.  25.0  33.7   2.703   0.7   0.0
   1 1986 232 24782.  23.0  34.0   2.329   0.8   0.0
   1 1986 233 21384.  24.0  33.8   2.447   0.9   0.0
   1 1986 234 17446.  24.0  32.1   2.489   0.9   0.1
   1 1986 235 15977.  24.0  32.8   2.683   0.8   0.0
   1 1986 236 16092.  25.0  33.0   2.757   0.7   0.0
   1 1986 237 10220.  25.0  30.4   2.703   0.7   0.1
   1 1986 238 15862.  25.0  31.6   2.957   0.7   0.5
   1 1986 239 17870.  23.0  30.5   2.521   0.7  26.2
   1 1986 240 19840.  24.0  31.9   2.504   0.8   0.0
   1 1986 241 19105.  25.0  32.1   2.564   0.6   0.0
   1 1986 242 22619.  24.0  32.4   2.435   0.8  31.6
   1 1986 243 20340.  24.0  33.7   2.376   0.7   0.0
   1 1986 244 22118.  23.0  32.8   2.293   0.9   0.9
   1 1986 245 19375.  24.0  32.5   2.247   0.7   0.0
   1 1986 246 17482.  24.0  32.4   2.382   0.6   0.0
   1 1986 247 21344.  24.0  33.0   2.292   0.8   0.0
   1 1986 248 18641.  24.0  32.5   2.588   0.7   4.0
   1 1986 249 17716.  24.0  32.7   2.498   0.6   0.0
   1 1986 250 13003.  24.0  30.1   2.677   0.5  10.9
   1 1986 251 13738.  23.0  28.2   2.650   0.7  24.2
   1 1986 252 15048.  24.0  28.9   2.683   0.6  21.5
   1 1986 253 15048.  24.0  30.1   2.692   0.4   8.8
   1 1986 254 18835.  24.0  28.8   2.698   0.6   0.0
   1 1986 255 22738.  24.0  30.6   2.633   0.7   3.8
   1 1986 256 23663.  24.0  32.6   2.558   0.5   0.0
   1 1986 257 18216.  24.0  31.8   2.513   0.4   0.0
   1 1986 258 19840.  24.0  32.7   2.531   0.6   0.0
   1 1986 259 20149.  23.0  33.6   2.405   0.7   0.0
   1 1986 260 19181.  24.0  31.6   2.480   0.5   3.5
   1 1986 261 16942.  24.0  32.5   2.495   0.5   0.0
   1 1986 262 13968.  24.0  30.9   2.716   0.7   0.0
   1 1986 263  9450.  24.0  30.9   2.716   0.7   2.0
   1 1986 264 17870.  22.0  29.0   2.494   0.5  50.3
   1 1986 265 21074.  22.0  31.6   2.359   0.3   5.6
   1 1986 266 22003.  22.0  31.6   2.232   0.4   0.0
   1 1986 267 22158.  20.0  31.6   2.034   0.4   0.0
   1 1986 268 22158.  21.0  31.4   2.164   0.4   0.0
   1 1986 269 22428.  21.0  32.5   2.161   0.4   0.0
   1 1986 270 22039.  21.0  32.3   2.074   0.4   0.0
   1 1986 271 18720.  21.0  33.1   2.084   0.3   0.0
   1 1986 272 20149.  23.0  33.6   2.478   0.4   0.0
   1 1986 273 16517.  24.0  29.9   2.785   0.5   0.0
   1 1986 274 14548.  24.0  29.9   2.815   0.6   0.0
   1 1986 275 13234.  23.0  29.8   2.566   0.5   0.0
   1 1986 276 10915.  23.0  28.9   2.566   0.4   0.0
   1 1986 277 15358.  23.0  28.7   2.445   0.4   0.0
   1 1986 278 15012.  23.0  31.2   2.597   0.3   0.0
   1 1986 279 19955.  23.0  32.2   2.433   0.4   0.0
   1 1986 280 16092.  23.0  31.3   2.470   0.4   7.2
   1 1986 281 19760.  23.0  31.4   2.462   0.5   0.0
   1 1986 282 18950.  24.0  32.4   2.573   0.5   0.0
   1 1986 283 16322.  23.0  30.0   2.557   0.7  28.0
   1 1986 284 19336.  23.0  32.0   2.284   0.5  23.5
   1 1986 285  9835.  23.0  27.5   2.658   0.4   2.6
   1 1986 286 18061.  22.0  31.0   2.295   0.4   0.0
   1 1986 287 15592.  23.0  31.6   2.428   0.5  30.7
   1 1986 288 17636.  22.0  31.1   2.356   0.3   0.0
   1 1986 289 19955.  22.0  32.0   2.338   0.4   0.2
   1 1986 290 21384.  21.0  32.2   2.144   0.4   0.0
   1 1986 291 21924.  18.0  31.6   1.715   0.3   0.0
   1 1986 292 19454.  18.0  31.6   1.725   0.3   0.0
   1 1986 293 19685.  19.0  32.1   1.938   0.3   0.0
   1 1986 294 19220.  21.0  32.7   2.136   0.3   0.0
   1 1986 295 18796.  22.0  31.4   2.253   0.5   0.0
   1 1986 296 13349.  22.0  29.6   2.274   0.9   1.5
   1 1986 297 11574.  22.0  27.9   2.494   0.5   3.9
   1 1986 298 16981.  22.0  31.5   2.375   0.4   0.2
   1 1986 299 15746.  22.0  31.0   2.361   0.4   0.0
   1 1986 300 15167.  22.0  30.3   2.412   0.4   0.0
   1 1986 301 17791.  21.0  33.0   2.209   0.6   6.1
   1 1986 302 16052.  22.0  31.5   2.200   0.5   0.0
   1 1986 303 16362.  22.0  28.8   2.316   0.7   0.0
   1 1986 304 19454.  21.0  31.4   2.062   0.3   0.0
   1 1986 305 18450.  19.0  32.6   1.731   0.3   0.0
   1 1986 306 18605.  20.0  32.6   2.027   0.6   0.0
   1 1986 307 17870.  20.0  32.7   1.962   0.1   0.0
   1 1986 308 17791.  20.0  32.0   2.008   0.3   0.0
   1 1986 309 16711.  20.0  30.3   1.969   0.4   0.0
   1 1986 310 17870.  19.0  31.3   1.821   0.3   0.0
   1 1986 311 17831.  19.0  31.6   1.848   0.3   0.0
   1 1986 312 17366.  20.0  32.9   1.987   0.3   0.0
   1 1986 313 14353.  21.0  31.3   2.111   0.4   0.3
   1 1986 314 11844.  20.0  29.9   2.029   0.4   0.0
   1 1986 315 14972.  21.0  31.0   2.131   0.5   9.9
   1 1986 316 16981.  21.0  31.3   2.199   0.4   0.0
   1 1986 317 18410.  18.0  32.5   1.680   0.4   0.0
   1 1986 318 18371.  19.0  31.0   1.929   0.5   2.7
   1 1986 319 15512.  20.0  29.6   2.060   0.4   0.0
   1 1986 320 16092.  20.0  31.0   2.086   0.4   0.0
   1 1986 321 17446.  20.0  32.0   1.978   0.4   0.0
   1 1986 322 16477.  20.0  31.5   1.997   0.5   0.0
   1 1986 323 12848.  22.0  29.9   2.319   0.5   0.0
   1 1986 324 15822.  19.0  30.2   1.568   0.3   0.0
   1 1986 325 15782.  19.0  31.3   1.848   0.5   0.0
   1 1986 326 13968.  19.2  30.6   1.929   0.3   0.0
   1 1986 327 12344.  19.1  29.9   1.959   0.4   0.0
   1 1986 328 13543.  19.6  29.8   1.998   0.4   0.0
   1 1986 329 16052.  19.5  27.7   1.675   0.6   0.0
   1 1986 330 10645.  14.5  26.0   1.381   0.3   0.0
   1 1986 331 10994.  15.5  27.7   1.457   0.4   0.0
   1 1986 332 15397.  17.2  27.9   1.848   0.4   0.0
   1 1986 333 10955.  18.2  27.8   1.812   0.6   0.0
   1 1986 334 12769.  16.5  27.5   1.567   0.4   0.0
   1 1986 335 16672.  15.0  27.0   1.466   0.5   0.0
   1 1986 336 16171.  13.6  27.9   1.375   0.5   0.0
   1 1986 337 16632.  13.8  28.0   1.411   0.9   0.0
   1 1986 338 10451.  14.8  25.5   1.354   0.5   4.2
   1 1986 339  6048.  17.0  22.8   1.774   0.4   0.0
   1 1986 340  9295.  19.2  26.5   1.958   0.5   0.0
   1 1986 341 12578.  19.2  29.8   1.857   0.4   0.0
   1 1986 342 16517.  18.5  31.0   1.803   0.5   0.1
   1 1986 343  9295.  19.5  28.7   1.967   0.3   0.0
   1 1986 344 12499.  18.9  28.9   1.801   0.4   0.0
   1 1986 345 15628.  17.1  29.9   1.690   0.4   0.0
   1 1986 346 15167.  17.0  29.1   1.577   0.4   0.0
   1 1986 347 15862.  15.0  29.0   1.379   0.4   0.0
   1 1986 348 15937.  13.8  30.1   1.220   0.3   0.0
   1 1986 349 16016.  13.9  30.2   1.352   0.4   0.0
   1 1986 350 15592.  14.2  29.6   1.361   0.3   0.0
   1 1986 351 15592.  15.3  30.3   1.444   0.3   0.0
   1 1986 352 15437.  14.0  30.0   1.297   0.4   0.0
   1 1986 353 15473.  13.1  31.0   1.202   0.4   0.0
   1 1986 354 14972.  14.0  29.9   1.422   0.3   0.0
   1 1986 355 13968.  15.7  30.0   1.560   0.5   0.0
   1 1986 356 13658.  17.1  30.2   1.659   0.5   0.0
   1 1986 357 14432.  17.6  29.0   1.738   0.5   0.0
   1 1986 358 15048.  14.3  29.2   1.362   0.4   0.0
   1 1986 359 15358.  14.1  28.4   1.349   0.4   0.0
   1 1986 360 15282.  13.5  28.8   1.279   0.5   0.0
   1 1986 361 14123.  14.0  29.9   1.416   0.4   0.0
   1 1986 362 13118.  14.9  29.8   1.426   0.4   0.0
   1 1986 363 14353.  16.1  30.0   1.626   0.5   0.0
   1 1986 364 10260.  17.0  28.1   1.774   0.6   0.0
   1 1986 365  5083.  19.0  22.4   2.050   0.9   9.8
