*---------------------------------------------------------------------------*
* Station name: La Revanche-Lectoure
* Year: 1987                                              -99.000: NIL VALUE
* Author: Barbara Habekotte
* Data-entry: Barbara Habekotte
* Source: M. Pustjens, Van der Have, Rilland
* Comments: There are no temperature data of the first three
*           days of the year.
*
* Longitude: 0 38 E, latitude: 43 56 N, altitude: unknown
*
* Column  Daily value
* 1       station number
* 2       year
* 3       day
* 4       irradiation                   (kJ m-2 d-1)
* 5       minimum temperature           (degrees Celsius)
* 6       maximum temperature           (degrees Celsius)
* 7       early morning vapour pressure (kPa)
* 8       mean wind speed               (m s-1)
* 9       precipitation                 (mm d-1)
*---------------------------------------------------------------------------*
  0.63  43.93   -99.00   -99. 0.00 0.00
  26 1987   4   -99.  -3.5   4.0 -99.000 -99.0 -99.0
  26 1987   5   -99.   5.0  10.0 -99.000 -99.0 -99.0
  26 1987   6   -99.   1.0   9.0 -99.000 -99.0 -99.0
  26 1987   7   -99.  -7.0   5.5 -99.000 -99.0 -99.0
  26 1987   8   -99.  -3.5   4.0 -99.000 -99.0 -99.0
  26 1987   9   -99.   0.0   9.0 -99.000 -99.0 -99.0
  26 1987  10   -99.  -1.5   4.0 -99.000 -99.0 -99.0
  26 1987  11   -99. -11.5   0.0 -99.000 -99.0 -99.0
  26 1987  12   -99.  -7.0  -4.0 -99.000 -99.0 -99.0
  26 1987  13   -99.  -8.5   5.0 -99.000 -99.0 -99.0
  26 1987  14   -99.  -8.0   0.0 -99.000 -99.0 -99.0
  26 1987  15   -99.  -9.0   0.0 -99.000 -99.0 -99.0
  26 1987  16   -99. -13.0  -6.0 -99.000 -99.0 -99.0
  26 1987  17   -99. -14.0  -5.0 -99.000 -99.0 -99.0
  26 1987  18   -99.  -9.0  -8.0 -99.000 -99.0 -99.0
  26 1987  19   -99.  -7.0  -7.0 -99.000 -99.0 -99.0
  26 1987  20   -99.  -7.0  -5.0 -99.000 -99.0 -99.0
  26 1987  21   -99.  -7.5  -3.5 -99.000 -99.0 -99.0
  26 1987  22   -99.  -3.0   5.0 -99.000 -99.0 -99.0
  26 1987  23   -99.  -4.0   7.0 -99.000 -99.0 -99.0
  26 1987  24   -99.  -4.0   0.0 -99.000 -99.0 -99.0
  26 1987  25   -99.   0.0   7.0 -99.000 -99.0 -99.0
  26 1987  26   -99.   4.0   8.0 -99.000 -99.0 -99.0
  26 1987  27   -99.   6.0  18.0 -99.000 -99.0 -99.0
  26 1987  28   -99.   5.0  17.0 -99.000 -99.0 -99.0
  26 1987  29   -99.   1.0   9.0 -99.000 -99.0 -99.0
  26 1987  30   -99.   4.0  10.0 -99.000 -99.0 -99.0
  26 1987  31   -99.   2.0  13.0 -99.000 -99.0 -99.0
  26 1987  32   -99.   5.5  12.5 -99.000 -99.0 -99.0
  26 1987  33   -99.   8.0  14.0 -99.000 -99.0 -99.0
  26 1987  34   -99.   7.0   8.5 -99.000 -99.0 -99.0
  26 1987  35   -99.   7.0  10.0 -99.000 -99.0 -99.0
  26 1987  36   -99.   4.0   7.0 -99.000 -99.0 -99.0
  26 1987  37   -99.   3.0  10.0 -99.000 -99.0 -99.0
  26 1987  38   -99.   6.0  10.0 -99.000 -99.0 -99.0
  26 1987  39   -99.   8.0  10.0 -99.000 -99.0 -99.0
  26 1987  40   -99.  13.0  18.0 -99.000 -99.0 -99.0
  26 1987  41   -99.   2.0  11.0 -99.000 -99.0 -99.0
  26 1987  42   -99.   3.0  12.0 -99.000 -99.0 -99.0
  26 1987  43   -99.   1.0  11.0 -99.000 -99.0 -99.0
  26 1987  44   -99.   8.0   9.0 -99.000 -99.0 -99.0
  26 1987  45   -99.   0.5  12.0 -99.000 -99.0 -99.0
  26 1987  46   -99.  -1.5   2.0 -99.000 -99.0 -99.0
  26 1987  47   -99.  -4.0   7.0 -99.000 -99.0 -99.0
  26 1987  48   -99.  -4.0   5.0 -99.000 -99.0 -99.0
  26 1987  49   -99.  -2.5   2.0 -99.000 -99.0 -99.0
  26 1987  50   -99.  -2.5   0.5 -99.000 -99.0 -99.0
  26 1987  51   -99.  -2.0   0.0 -99.000 -99.0 -99.0
  26 1987  52   -99.   0.0   3.5 -99.000 -99.0 -99.0
  26 1987  53   -99.  -3.0   3.0 -99.000 -99.0 -99.0
  26 1987  54   -99.  -3.0   9.0 -99.000 -99.0 -99.0
  26 1987  55   -99.   6.0  14.5 -99.000 -99.0 -99.0
  26 1987  56   -99.   5.0  10.0 -99.000 -99.0 -99.0
  26 1987  57   -99.   6.0  15.5 -99.000 -99.0 -99.0
  26 1987  58   -99.   8.5  16.0 -99.000 -99.0 -99.0
  26 1987  59   -99.   8.5  15.0 -99.000 -99.0 -99.0
  26 1987  60   -99.   8.5  16.5 -99.000 -99.0 -99.0
  26 1987  61   -99.   3.0  13.5 -99.000 -99.0 -99.0
  26 1987  62   -99.   1.0  11.0 -99.000 -99.0 -99.0
  26 1987  63   -99.   0.0  10.0 -99.000 -99.0 -99.0
  26 1987  64   -99.   0.0  13.0 -99.000 -99.0 -99.0
  26 1987  65   -99.   6.0  16.0 -99.000 -99.0 -99.0
  26 1987  66   -99.   7.0  11.0 -99.000 -99.0 -99.0
  26 1987  67   -99.   8.0  14.5 -99.000 -99.0 -99.0
  26 1987  68   -99.   8.0  14.5 -99.000 -99.0 -99.0
  26 1987  69   -99.   7.0  14.5 -99.000 -99.0 -99.0
  26 1987  70   -99.   6.0  14.0 -99.000 -99.0 -99.0
  26 1987  71   -99.   3.5  14.5 -99.000 -99.0 -99.0
  26 1987  72   -99.   0.5  14.5 -99.000 -99.0 -99.0
  26 1987  73   -99.  -3.0   9.0 -99.000 -99.0 -99.0
  26 1987  74   -99.  -1.0  11.0 -99.000 -99.0 -99.0
  26 1987  75   -99.  -1.0   9.0 -99.000 -99.0 -99.0
  26 1987  76   -99.   0.5  10.0 -99.000 -99.0 -99.0
  26 1987  77   -99.   4.5  11.5 -99.000 -99.0 -99.0
  26 1987  78   -99.   0.5   9.0 -99.000 -99.0 -99.0
  26 1987  79   -99.  -0.5  11.0 -99.000 -99.0 -99.0
  26 1987  80   -99.   2.0  11.0 -99.000 -99.0 -99.0
  26 1987  81   -99.   1.5  13.5 -99.000 -99.0 -99.0
  26 1987  82   -99.   3.0  16.0 -99.000 -99.0 -99.0
  26 1987  83   -99.   8.0  19.5 -99.000 -99.0 -99.0
  26 1987  84   -99.   6.0  18.0 -99.000 -99.0 -99.0
  26 1987  85   -99.   5.0  15.0 -99.000 -99.0 -99.0
  26 1987  86   -99.   7.0  17.0 -99.000 -99.0 -99.0
  26 1987  87   -99.   2.0  13.0 -99.000 -99.0 -99.0
  26 1987  88   -99.  -0.5   8.0 -99.000 -99.0 -99.0
  26 1987  89   -99.   1.0   8.0 -99.000 -99.0 -99.0
  26 1987  90   -99.   4.5  10.0 -99.000 -99.0 -99.0
  26 1987  91   -99.   4.0  12.0 -99.000 -99.0 -99.0
  26 1987  92   -99.   5.0  13.0 -99.000 -99.0 -99.0
  26 1987  93   -99.   3.5   9.0 -99.000 -99.0 -99.0
  26 1987  94   -99.   4.5  15.0 -99.000 -99.0 -99.0
  26 1987  95   -99.   5.0  19.0 -99.000 -99.0 -99.0
  26 1987  96   -99.   6.0  22.0 -99.000 -99.0 -99.0
  26 1987  97   -99.  11.5  16.0 -99.000 -99.0 -99.0
  26 1987  98   -99.  10.0  19.5 -99.000 -99.0 -99.0
  26 1987  99   -99.   8.0  14.0 -99.000 -99.0 -99.0
  26 1987 100   -99.   4.0  14.5 -99.000 -99.0 -99.0
  26 1987 101   -99.   7.0  13.0 -99.000 -99.0 -99.0
  26 1987 102   -99.   5.0  13.5 -99.000 -99.0 -99.0
  26 1987 103   -99.   3.0  14.0 -99.000 -99.0 -99.0
  26 1987 104   -99.   3.0  15.5 -99.000 -99.0 -99.0
  26 1987 105   -99.   5.0  22.0 -99.000 -99.0 -99.0
  26 1987 106   -99.   8.0  24.0 -99.000 -99.0 -99.0
  26 1987 107   -99.   8.0  26.0 -99.000 -99.0 -99.0
  26 1987 108   -99.   9.0  26.0 -99.000 -99.0 -99.0
  26 1987 109   -99.  12.0  22.5 -99.000 -99.0 -99.0
  26 1987 110   -99.   6.0  16.0 -99.000 -99.0 -99.0
  26 1987 111   -99.  11.0  18.5 -99.000 -99.0 -99.0
  26 1987 112   -99.   9.0  21.5 -99.000 -99.0 -99.0
  26 1987 113   -99.  10.0  21.0 -99.000 -99.0 -99.0
  26 1987 114   -99.   8.5  19.0 -99.000 -99.0 -99.0
  26 1987 115   -99.  10.5  23.5 -99.000 -99.0 -99.0
  26 1987 116   -99.  10.0  25.0 -99.000 -99.0 -99.0
  26 1987 117   -99.  10.5  21.0 -99.000 -99.0 -99.0
  26 1987 118   -99.   8.0  19.0 -99.000 -99.0 -99.0
  26 1987 119   -99.  10.0  22.0 -99.000 -99.0 -99.0
  26 1987 120   -99.  11.0  23.0 -99.000 -99.0 -99.0
  26 1987 121   -99.  10.0  27.0 -99.000 -99.0 -99.0
  26 1987 122   -99.  10.0  28.0 -99.000 -99.0 -99.0
  26 1987 123   -99.   3.0  17.0 -99.000 -99.0 -99.0
  26 1987 124   -99.   4.0  11.0 -99.000 -99.0 -99.0
  26 1987 125   -99.   4.0   7.0 -99.000 -99.0 -99.0
  26 1987 126   -99.  14.5  16.5 -99.000 -99.0 -99.0
  26 1987 127   -99.   4.0  19.5 -99.000 -99.0 -99.0
  26 1987 128   -99.   7.0  23.0 -99.000 -99.0 -99.0
  26 1987 129   -99.  10.5  25.0 -99.000 -99.0 -99.0
  26 1987 130   -99.  12.0  24.0 -99.000 -99.0 -99.0
  26 1987 131   -99.  12.0  20.0 -99.000 -99.0 -99.0
  26 1987 132   -99.  12.0  15.0 -99.000 -99.0 -99.0
  26 1987 133   -99.   4.5  15.0 -99.000 -99.0 -99.0
  26 1987 134   -99.   5.5  15.0 -99.000 -99.0 -99.0
  26 1987 135   -99.   6.0  15.0 -99.000 -99.0 -99.0
  26 1987 136   -99.   9.0  19.0 -99.000 -99.0 -99.0
  26 1987 137   -99.   6.0  17.0 -99.000 -99.0 -99.0
  26 1987 138   -99.   7.0  18.0 -99.000 -99.0 -99.0
  26 1987 139   -99.   6.0  16.0 -99.000 -99.0 -99.0
  26 1987 140   -99.   7.0  18.0 -99.000 -99.0 -99.0
  26 1987 141   -99.   7.0  19.0 -99.000 -99.0 -99.0
  26 1987 142   -99.   7.0  18.0 -99.000 -99.0 -99.0
  26 1987 143   -99.   8.5  21.0 -99.000 -99.0 -99.0
  26 1987 144   -99.  10.0  26.0 -99.000 -99.0 -99.0
  26 1987 145   -99.  10.0  29.0 -99.000 -99.0 -99.0
  26 1987 146   -99.  12.5  27.5 -99.000 -99.0 -99.0
  26 1987 147   -99.  12.0  26.0 -99.000 -99.0 -99.0
  26 1987 148   -99.   8.0  16.0 -99.000 -99.0 -99.0
  26 1987 149   -99.   7.0  20.0 -99.000 -99.0 -99.0
  26 1987 150   -99.  10.0  26.0 -99.000 -99.0 -99.0
  26 1987 151   -99.  10.0  21.0 -99.000 -99.0 -99.0
  26 1987 152   -99.   8.5  24.0 -99.000 -99.0 -99.0
  26 1987 153   -99.  13.0  29.0 -99.000 -99.0 -99.0
  26 1987 154   -99.  12.5  24.5 -99.000 -99.0 -99.0
  26 1987 155   -99.  12.0  21.0 -99.000 -99.0 -99.0
  26 1987 156   -99.  11.5  24.0 -99.000 -99.0 -99.0
  26 1987 157   -99.  18.0  28.0 -99.000 -99.0 -99.0
  26 1987 158   -99.   9.0  24.0 -99.000 -99.0 -99.0
  26 1987 159   -99.   7.0  16.5 -99.000 -99.0 -99.0
  26 1987 160   -99.   7.5  18.0 -99.000 -99.0 -99.0
  26 1987 161   -99.  11.5  23.5 -99.000 -99.0 -99.0
  26 1987 162   -99.  12.5  26.5 -99.000 -99.0 -99.0
  26 1987 163   -99.  13.5  25.0 -99.000 -99.0 -99.0
  26 1987 164   -99.  12.0  21.0 -99.000 -99.0 -99.0
  26 1987 165   -99.   9.5  17.0 -99.000 -99.0 -99.0
  26 1987 166   -99.   8.0  16.5 -99.000 -99.0 -99.0
  26 1987 167   -99.   8.0  17.0 -99.000 -99.0 -99.0
  26 1987 168   -99.   8.0  18.0 -99.000 -99.0 -99.0
  26 1987 169   -99.  10.0  21.5 -99.000 -99.0 -99.0
  26 1987 170   -99.  11.0  18.0 -99.000 -99.0 -99.0
  26 1987 171   -99.  11.0  20.0 -99.000 -99.0 -99.0
  26 1987 172   -99.  12.0  20.0 -99.000 -99.0 -99.0
  26 1987 173   -99.  13.0  23.0 -99.000 -99.0 -99.0
  26 1987 174   -99.  13.0  23.0 -99.000 -99.0 -99.0
  26 1987 175   -99.  12.0  20.0 -99.000 -99.0 -99.0
  26 1987 176   -99.  13.5  27.0 -99.000 -99.0 -99.0
  26 1987 177   -99.  16.0  21.0 -99.000 -99.0 -99.0
  26 1987 178   -99.  15.0  27.0 -99.000 -99.0 -99.0
  26 1987 179   -99.  16.0  33.0 -99.000 -99.0 -99.0
  26 1987 180   -99.  18.0  34.0 -99.000 -99.0 -99.0
  26 1987 181   -99.  17.5  27.5 -99.000 -99.0 -99.0
  26 1987 182   -99.  18.0  24.0 -99.000 -99.0 -99.0
  26 1987 183   -99.  18.0  29.5 -99.000 -99.0 -99.0
  26 1987 184   -99.  18.0  33.0 -99.000 -99.0 -99.0
  26 1987 185   -99.  18.5  33.5 -99.000 -99.0 -99.0
  26 1987 186   -99.  17.0  35.5 -99.000 -99.0 -99.0
  26 1987 187   -99.  19.0  30.0 -99.000 -99.0 -99.0
  26 1987 188   -99.  18.0  28.0 -99.000 -99.0 -99.0
  26 1987 189   -99.  16.0  26.0 -99.000 -99.0 -99.0
  26 1987 190   -99.  14.0  29.0 -99.000 -99.0 -99.0
  26 1987 191   -99.  13.0  30.0 -99.000 -99.0 -99.0
  26 1987 192   -99.  17.0  33.0 -99.000 -99.0 -99.0
  26 1987 193   -99.  18.0  31.0 -99.000 -99.0 -99.0
  26 1987 194   -99.  17.5  35.0 -99.000 -99.0 -99.0
  26 1987 195   -99.  17.5  27.5 -99.000 -99.0 -99.0
  26 1987 196   -99.  17.0  28.0 -99.000 -99.0 -99.0
  26 1987 197   -99.  17.0  23.0 -99.000 -99.0 -99.0
  26 1987 198   -99.  13.0  19.0 -99.000 -99.0 -99.0
  26 1987 199   -99.  12.5  22.0 -99.000 -99.0 -99.0
  26 1987 200   -99.  14.0  24.0 -99.000 -99.0 -99.0
  26 1987 201   -99.  13.0  24.0 -99.000 -99.0 -99.0
  26 1987 202   -99.  13.0  25.0 -99.000 -99.0 -99.0
  26 1987 203   -99.  13.0  24.0 -99.000 -99.0 -99.0
  26 1987 204   -99.  15.0  22.0 -99.000 -99.0 -99.0
  26 1987 205   -99.  14.0  23.0 -99.000 -99.0 -99.0
  26 1987 206   -99.  13.0  25.0 -99.000 -99.0 -99.0
  26 1987 207   -99.  10.0  21.5 -99.000 -99.0 -99.0
  26 1987 208   -99.  12.0  24.5 -99.000 -99.0 -99.0
  26 1987 209   -99.  13.0  25.0 -99.000 -99.0 -99.0
  26 1987 210   -99.  16.0  25.0 -99.000 -99.0 -99.0
  26 1987 211   -99.  14.0  22.5 -99.000 -99.0 -99.0
  26 1987 212   -99.  12.0  24.0 -99.000 -99.0 -99.0
  26 1987 213   -99.  13.0  25.0 -99.000 -99.0 -99.0
  26 1987 214   -99.  13.5  26.5 -99.000 -99.0 -99.0
  26 1987 215   -99.  16.5  30.0 -99.000 -99.0 -99.0
  26 1987 216   -99.  14.0  26.0 -99.000 -99.0 -99.0
  26 1987 217   -99.  12.0  26.0 -99.000 -99.0 -99.0
  26 1987 218   -99.  13.0  24.0 -99.000 -99.0 -99.0
  26 1987 219   -99.  10.5  25.0 -99.000 -99.0 -99.0
  26 1987 220   -99.  11.0  29.0 -99.000 -99.0 -99.0
  26 1987 221   -99.  13.5  24.5 -99.000 -99.0 -99.0
  26 1987 222   -99.  13.5  27.0 -99.000 -99.0 -99.0
  26 1987 223   -99.  17.0  31.0 -99.000 -99.0 -99.0
  26 1987 224   -99.  17.0  33.0 -99.000 -99.0 -99.0
  26 1987 225   -99.  17.5  37.0 -99.000 -99.0 -99.0
  26 1987 226   -99.  20.0  38.5 -99.000 -99.0 -99.0
  26 1987 227   -99.  21.0  37.0 -99.000 -99.0 -99.0
  26 1987 228   -99.  19.0  38.5 -99.000 -99.0 -99.0
  26 1987 229   -99.  18.0  26.0 -99.000 -99.0 -99.0
  26 1987 230   -99.  15.0  29.0 -99.000 -99.0 -99.0
  26 1987 231   -99.  15.0  35.0 -99.000 -99.0 -99.0
  26 1987 232   -99.  17.0  37.0 -99.000 -99.0 -99.0
  26 1987 233   -99.  18.0  39.5 -99.000 -99.0 -99.0
  26 1987 234   -99.  14.0  29.0 -99.000 -99.0 -99.0
  26 1987 235   -99.  13.0  22.0 -99.000 -99.0 -99.0
  26 1987 236   -99.  13.0  22.0 -99.000 -99.0 -99.0
  26 1987 237   -99.  10.5  19.5 -99.000 -99.0 -99.0
  26 1987 238   -99.  13.0  22.0 -99.000 -99.0 -99.0
  26 1987 239   -99.  13.0  22.0 -99.000 -99.0 -99.0
  26 1987 240   -99.  11.0  26.0 -99.000 -99.0 -99.0
  26 1987 241   -99.  13.0  27.0 -99.000 -99.0 -99.0
  26 1987 242   -99.  14.0  29.0 -99.000 -99.0 -99.0
  26 1987 243   -99.  17.5  31.0 -99.000 -99.0 -99.0
  26 1987 244   -99.  17.0  26.0 -99.000 -99.0 -99.0
  26 1987 245   -99.  17.0  27.0 -99.000 -99.0 -99.0
  26 1987 246   -99.  18.0  27.0 -99.000 -99.0 -99.0
  26 1987 247   -99.  14.0  25.5 -99.000 -99.0 -99.0
  26 1987 248   -99.  13.5  21.5 -99.000 -99.0 -99.0
  26 1987 249   -99.  12.0  26.0 -99.000 -99.0 -99.0
  26 1987 250   -99.  15.0  32.0 -99.000 -99.0 -99.0
  26 1987 251   -99.  14.0  25.5 -99.000 -99.0 -99.0
  26 1987 252   -99.  13.0  24.0 -99.000 -99.0 -99.0
  26 1987 253   -99.  13.0  25.5 -99.000 -99.0 -99.0
  26 1987 254   -99.  12.0  29.5 -99.000 -99.0 -99.0
  26 1987 255   -99.  16.0  35.0 -99.000 -99.0 -99.0
  26 1987 256   -99.  21.0  36.5 -99.000 -99.0 -99.0
  26 1987 257   -99.  17.0  35.0 -99.000 -99.0 -99.0
  26 1987 258   -99.  17.5  35.0 -99.000 -99.0 -99.0
  26 1987 259   -99.  18.0  36.0 -99.000 -99.0 -99.0
  26 1987 260   -99.  17.0  34.5 -99.000 -99.0 -99.0
  26 1987 261   -99.  16.5  34.5 -99.000 -99.0 -99.0
  26 1987 262   -99.  17.0  35.0 -99.000 -99.0 -99.0
  26 1987 263   -99.  19.0  32.0 -99.000 -99.0 -99.0
  26 1987 264   -99.  16.5  29.5 -99.000 -99.0 -99.0
  26 1987 265   -99.  17.0  30.0 -99.000 -99.0 -99.0
  26 1987 266   -99.  15.0  27.0 -99.000 -99.0 -99.0
  26 1987 267   -99.  15.0  27.0 -99.000 -99.0 -99.0
  26 1987 268   -99.  17.0  28.5 -99.000 -99.0 -99.0
  26 1987 269   -99.  13.0  24.5 -99.000 -99.0 -99.0
  26 1987 270   -99.   8.0  20.0 -99.000 -99.0 -99.0
  26 1987 271   -99.   5.5  19.5 -99.000 -99.0 -99.0
  26 1987 272   -99.   7.0  20.0 -99.000 -99.0 -99.0
  26 1987 273   -99.  15.0  25.0 -99.000 -99.0 -99.0
  26 1987 274   -99.  14.0  22.5 -99.000 -99.0 -99.0
  26 1987 275   -99.  14.0  22.0 -99.000 -99.0 -99.0
  26 1987 276   -99.  16.0  22.5 -99.000 -99.0 -99.0
  26 1987 277   -99.  16.0  22.5 -99.000 -99.0 -99.0
  26 1987 278   -99.  14.0  19.5 -99.000 -99.0 -99.0
  26 1987 279   -99.  12.5  19.0 -99.000 -99.0 -99.0
  26 1987 280   -99.  13.0  21.5 -99.000 -99.0 -99.0
  26 1987 281   -99.   8.0  18.0 -99.000 -99.0 -99.0
  26 1987 282   -99.  13.0  21.0 -99.000 -99.0 -99.0
  26 1987 283   -99.   6.5  15.0 -99.000 -99.0 -99.0
  26 1987 284   -99.  10.0  15.0 -99.000 -99.0 -99.0
  26 1987 285   -99.  10.0  15.5 -99.000 -99.0 -99.0
  26 1987 286   -99.  11.5  16.0 -99.000 -99.0 -99.0
  26 1987 287   -99.  13.5  17.0 -99.000 -99.0 -99.0
  26 1987 288   -99.  13.5  20.0 -99.000 -99.0 -99.0
  26 1987 289   -99.   8.0  15.5 -99.000 -99.0 -99.0
  26 1987 290   -99.   6.0  20.0 -99.000 -99.0 -99.0
  26 1987 291   -99.   6.0  17.5 -99.000 -99.0 -99.0
  26 1987 292   -99.  14.5  22.0 -99.000 -99.0 -99.0
  26 1987 293   -99.   8.0  21.0 -99.000 -99.0 -99.0
  26 1987 294   -99.   6.5  17.0 -99.000 -99.0 -99.0
  26 1987 295   -99.   6.5  15.0 -99.000 -99.0 -99.0
  26 1987 296   -99.   6.5  16.0 -99.000 -99.0 -99.0
  26 1987 297   -99.   8.0  15.0 -99.000 -99.0 -99.0
  26 1987 298   -99.   8.0  17.0 -99.000 -99.0 -99.0
  26 1987 299   -99.  18.0  22.0 -99.000 -99.0 -99.0
  26 1987 300   -99.  12.0  23.0 -99.000 -99.0 -99.0
  26 1987 301   -99.   7.0  15.0 -99.000 -99.0 -99.0
  26 1987 302   -99.  10.0  18.5 -99.000 -99.0 -99.0
  26 1987 303   -99.  10.0  18.0 -99.000 -99.0 -99.0
  26 1987 304   -99.   8.0  20.0 -99.000 -99.0 -99.0
  26 1987 305   -99.   9.5  22.0 -99.000 -99.0 -99.0
  26 1987 306   -99.   6.5  21.0 -99.000 -99.0 -99.0
  26 1987 307   -99.   5.0  21.5 -99.000 -99.0 -99.0
  26 1987 308   -99.   5.0  20.0 -99.000 -99.0 -99.0
  26 1987 309   -99.   4.5  18.5 -99.000 -99.0 -99.0
  26 1987 310   -99.   5.5  17.0 -99.000 -99.0 -99.0
  26 1987 311   -99.   8.0  17.5 -99.000 -99.0 -99.0
  26 1987 312   -99.  10.0  16.0 -99.000 -99.0 -99.0
  26 1987 313   -99.   9.0  13.0 -99.000 -99.0 -99.0
  26 1987 314   -99.   7.5  13.0 -99.000 -99.0 -99.0
  26 1987 315   -99.   6.0  14.5 -99.000 -99.0 -99.0
  26 1987 316   -99.   8.0  13.0 -99.000 -99.0 -99.0
  26 1987 317   -99.   3.0  12.0 -99.000 -99.0 -99.0
  26 1987 318   -99.   3.0  12.0 -99.000 -99.0 -99.0
  26 1987 319   -99.   6.0  14.0 -99.000 -99.0 -99.0
  26 1987 320   -99.   9.0  14.5 -99.000 -99.0 -99.0
  26 1987 321   -99.   2.0  15.5 -99.000 -99.0 -99.0
  26 1987 322   -99.   2.0   7.0 -99.000 -99.0 -99.0
  26 1987 323   -99.   4.0   7.0 -99.000 -99.0 -99.0
  26 1987 324   -99.   4.5  12.0 -99.000 -99.0 -99.0
  26 1987 325   -99.   5.5   9.5 -99.000 -99.0 -99.0
  26 1987 326   -99.   6.0   7.5 -99.000 -99.0 -99.0
  26 1987 327   -99.   2.0   8.0 -99.000 -99.0 -99.0
  26 1987 328   -99.   2.5   3.5 -99.000 -99.0 -99.0
  26 1987 329   -99.   1.0   4.0 -99.000 -99.0 -99.0
  26 1987 330   -99.   2.0   6.0 -99.000 -99.0 -99.0
  26 1987 331   -99.   2.0   4.0 -99.000 -99.0 -99.0
  26 1987 332   -99.  -0.5   4.5 -99.000 -99.0 -99.0
  26 1987 333   -99.  -2.0   4.0 -99.000 -99.0 -99.0
  26 1987 334   -99.  -2.0   1.5 -99.000 -99.0 -99.0
  26 1987 335   -99.  -1.0   1.0 -99.000 -99.0 -99.0
  26 1987 336   -99.   3.0  10.0 -99.000 -99.0 -99.0
  26 1987 337   -99.   3.5  14.5 -99.000 -99.0 -99.0
  26 1987 338   -99.  11.0  15.0 -99.000 -99.0 -99.0
  26 1987 339   -99.   4.0  11.0 -99.000 -99.0 -99.0
  26 1987 340   -99.   2.0  14.5 -99.000 -99.0 -99.0
  26 1987 341   -99.  -0.5  12.5 -99.000 -99.0 -99.0
  26 1987 342   -99.   3.0   4.0 -99.000 -99.0 -99.0
  26 1987 343   -99.  -0.5   5.5 -99.000 -99.0 -99.0
  26 1987 344   -99.  -1.0   5.0 -99.000 -99.0 -99.0
  26 1987 345   -99.   1.0  12.0 -99.000 -99.0 -99.0
  26 1987 346   -99.   5.0  12.0 -99.000 -99.0 -99.0
  26 1987 347   -99.   9.5  12.0 -99.000 -99.0 -99.0
  26 1987 348   -99.   7.0  14.5 -99.000 -99.0 -99.0
  26 1987 349   -99.   6.0  16.0 -99.000 -99.0 -99.0
  26 1987 350   -99.   7.0  15.0 -99.000 -99.0 -99.0
  26 1987 351   -99.   7.0  21.0 -99.000 -99.0 -99.0
  26 1987 352   -99.  10.0  19.0 -99.000 -99.0 -99.0
  26 1987 353   -99.  13.0  15.0 -99.000 -99.0 -99.0
  26 1987 354   -99.   3.0   8.0 -99.000 -99.0 -99.0
  26 1987 355   -99.   3.0   7.0 -99.000 -99.0 -99.0
  26 1987 356   -99.   4.0   5.0 -99.000 -99.0 -99.0
  26 1987 357   -99.   6.0   7.0 -99.000 -99.0 -99.0
  26 1987 358   -99.   5.0   9.0 -99.000 -99.0 -99.0
  26 1987 359   -99.   5.0   9.0 -99.000 -99.0 -99.0
  26 1987 360   -99.   2.0  10.0 -99.000 -99.0 -99.0
  26 1987 361   -99.   2.0  10.0 -99.000 -99.0 -99.0
  26 1987 362   -99.   2.0  10.0 -99.000 -99.0 -99.0
  26 1987 363   -99.  -1.0   4.0 -99.000 -99.0 -99.0
  26 1987 364   -99.   0.0   7.0 -99.000 -99.0 -99.0
  26 1987 365   -99.   5.0  10.0 -99.000 -99.0 -99.0
