*---------------------------------------------------------------------------*
* Station name: La Revanche- Lectoure
* Year: 1988                                              -99.000: NIL VALUE
* Author: Barbara Habekotte
* Data-entry: Barbara Habekotte
* Source: M. Pustjens, Van der Have, Rilland
* Comments: -
*
* Longitude: 0 38 E, latitude:43 56 N, altitude: unknown
*
* Column  Daily value
* 1       station number
* 2       year
* 3       day
* 4       irradiation                   (kJ m-2 d-1)
* 5       minimum temperature           (degrees Celsius)
* 6       maximum temperature           (degrees Celsius)
* 7       early morning vapour pressure (kPa)
* 8       mean wind speed               (m s-1)
* 9       precipitation                 (mm d-1)
*---------------------------------------------------------------------------*
  0.63  43.93   -99. 0.00 0.00
  26 1988   1   -99.   8.0  10.0 -99.000 -99.0 -99.0
  26 1988   2   -99.   7.0  14.0 -99.000 -99.0 -99.0
  26 1988   3   -99.   9.0  11.0 -99.000 -99.0 -99.0
  26 1988   4   -99.   6.0  14.0 -99.000 -99.0 -99.0
  26 1988   5   -99.   7.0  14.0 -99.000 -99.0 -99.0
  26 1988   6   -99.   6.0  14.0 -99.000 -99.0 -99.0
  26 1988   7   -99.   5.0   7.0 -99.000 -99.0 -99.0
  26 1988   8   -99.   7.0  14.0 -99.000 -99.0 -99.0
  26 1988   9   -99.   7.5  13.5 -99.000 -99.0 -99.0
  26 1988  10   -99.   7.0  13.0 -99.000 -99.0 -99.0
  26 1988  11   -99.  -2.0   9.0 -99.000 -99.0 -99.0
  26 1988  12   -99.   1.0  10.5 -99.000 -99.0 -99.0
  26 1988  13   -99.   4.0  12.0 -99.000 -99.0 -99.0
  26 1988  14   -99.   2.0  10.0 -99.000 -99.0 -99.0
  26 1988  15   -99.   6.0  12.0 -99.000 -99.0 -99.0
  26 1988  16   -99.   7.0  12.0 -99.000 -99.0 -99.0
  26 1988  17   -99.   6.5  13.5 -99.000 -99.0 -99.0
  26 1988  18   -99.  10.0  14.0 -99.000 -99.0 -99.0
  26 1988  19   -99.   8.0  13.0 -99.000 -99.0 -99.0
  26 1988  20   -99.   6.0  12.0 -99.000 -99.0 -99.0
  26 1988  21   -99.   6.5  10.5 -99.000 -99.0 -99.0
  26 1988  22   -99.   3.5  12.5 -99.000 -99.0 -99.0
  26 1988  23   -99.   6.5  10.5 -99.000 -99.0 -99.0
  26 1988  24   -99.   8.0  13.0 -99.000 -99.0 -99.0
  26 1988  25   -99.   5.0  13.5 -99.000 -99.0 -99.0
  26 1988  26   -99.   8.0  14.0 -99.000 -99.0 -99.0
  26 1988  27   -99.   7.5  15.0 -99.000 -99.0 -99.0
  26 1988  28   -99.   8.5  13.0 -99.000 -99.0 -99.0
  26 1988  29   -99.   4.5  11.0 -99.000 -99.0 -99.0
  26 1988  30   -99.   3.5   9.0 -99.000 -99.0 -99.0
  26 1988  31   -99.   6.0   8.0 -99.000 -99.0 -99.0
  26 1988  32   -99.   5.0  13.0 -99.000 -99.0 -99.0
  26 1988  33   -99.   0.0  13.5 -99.000 -99.0 -99.0
  26 1988  34   -99.   0.0  13.0 -99.000 -99.0 -99.0
  26 1988  35   -99.   6.5  14.0 -99.000 -99.0 -99.0
  26 1988  36   -99.   6.5  17.5 -99.000 -99.0 -99.0
  26 1988  37   -99.   3.0   9.0 -99.000 -99.0 -99.0
  26 1988  38   -99.   4.0  10.0 -99.000 -99.0 -99.0
  26 1988  39   -99.   8.0  11.0 -99.000 -99.0 -99.0
  26 1988  40   -99.   4.0  14.5 -99.000 -99.0 -99.0
  26 1988  41   -99.   3.0  11.0 -99.000 -99.0 -99.0
  26 1988  42   -99.   4.0  10.5 -99.000 -99.0 -99.0
  26 1988  43   -99.   0.0  10.0 -99.000 -99.0 -99.0
  26 1988  44   -99.   3.0  11.5 -99.000 -99.0 -99.0
  26 1988  45   -99.   6.0  14.0 -99.000 -99.0 -99.0
  26 1988  46   -99.   3.0  14.0 -99.000 -99.0 -99.0
  26 1988  47   -99.   1.0  14.5 -99.000 -99.0 -99.0
  26 1988  48   -99.  -0.5  15.0 -99.000 -99.0 -99.0
  26 1988  49   -99.  -1.0  10.5 -99.000 -99.0 -99.0
  26 1988  50   -99.   0.0  12.0 -99.000 -99.0 -99.0
  26 1988  51   -99.   2.0   9.0 -99.000 -99.0 -99.0
  26 1988  52   -99.   1.0   8.5 -99.000 -99.0 -99.0
  26 1988  53   -99.   3.0  11.0 -99.000 -99.0 -99.0
  26 1988  54   -99.   0.0  12.0 -99.000 -99.0 -99.0
  26 1988  55   -99.  -1.0   6.0 -99.000 -99.0 -99.0
  26 1988  56   -99.  -2.0   6.0 -99.000 -99.0 -99.0
  26 1988  57   -99.  -1.0   3.0 -99.000 -99.0 -99.0
  26 1988  58   -99.  -1.0   4.5 -99.000 -99.0 -99.0
  26 1988  59   -99.   1.0   3.5 -99.000 -99.0 -99.0
  26 1988  60   -99.  -0.5   6.5 -99.000 -99.0 -99.0
  26 1988  61   -99.  -3.0   4.0 -99.000 -99.0 -99.0
  26 1988  62   -99.  -5.0   5.0 -99.000 -99.0 -99.0
  26 1988  63   -99.   1.0  10.0 -99.000 -99.0 -99.0
  26 1988  64   -99.   1.0   9.5 -99.000 -99.0 -99.0
  26 1988  65   -99.   0.5   7.0 -99.000 -99.0 -99.0
  26 1988  66   -99.   6.5   8.0 -99.000 -99.0 -99.0
  26 1988  67   -99.   7.0  12.0 -99.000 -99.0 -99.0
  26 1988  68   -99.   4.0  11.5 -99.000 -99.0 -99.0
  26 1988  69   -99.  -0.5  12.5 -99.000 -99.0 -99.0
  26 1988  70   -99.   4.5  12.5 -99.000 -99.0 -99.0
  26 1988  71   -99.   2.0  13.5 -99.000 -99.0 -99.0
  26 1988  72   -99.   3.0  12.0 -99.000 -99.0 -99.0
  26 1988  73   -99.  -0.5  12.0 -99.000 -99.0 -99.0
  26 1988  74   -99.   1.0  15.5 -99.000 -99.0 -99.0
  26 1988  75   -99.  10.0  16.0 -99.000 -99.0 -99.0
  26 1988  76   -99.   8.5  11.5 -99.000 -99.0 -99.0
  26 1988  77   -99.   9.0  11.5 -99.000 -99.0 -99.0
  26 1988  78   -99.   9.0  15.0 -99.000 -99.0 -99.0
  26 1988  79   -99.   8.5  19.5 -99.000 -99.0 -99.0
  26 1988  80   -99.   7.0  19.5 -99.000 -99.0 -99.0
  26 1988  81   -99.   7.0  13.5 -99.000 -99.0 -99.0
  26 1988  82   -99.   7.5  12.5 -99.000 -99.0 -99.0
  26 1988  83   -99.   7.0  16.0 -99.000 -99.0 -99.0
  26 1988  84   -99.   9.0  12.0 -99.000 -99.0 -99.0
  26 1988  85   -99.  10.0  14.0 -99.000 -99.0 -99.0
  26 1988  86   -99.   6.0  13.0 -99.000 -99.0 -99.0
  26 1988  87   -99.   1.5  13.0 -99.000 -99.0 -99.0
  26 1988  88   -99.   6.0  13.0 -99.000 -99.0 -99.0
  26 1988  89   -99.   4.0  13.0 -99.000 -99.0 -99.0
  26 1988  90   -99.   3.0  12.0 -99.000 -99.0 -99.0
  26 1988  91   -99.   4.0  12.0 -99.000 -99.0 -99.0
  26 1988  92   -99.   2.0  13.0 -99.000 -99.0 -99.0
  26 1988  93   -99.   9.0  16.5 -99.000 -99.0 -99.0
  26 1988  94   -99.   8.5  13.0 -99.000 -99.0 -99.0
  26 1988  95   -99.   6.5  18.5 -99.000 -99.0 -99.0
  26 1988  96   -99.   8.0  12.0 -99.000 -99.0 -99.0
  26 1988  97   -99.   9.0  13.5 -99.000 -99.0 -99.0
  26 1988  98   -99.   4.0  16.0 -99.000 -99.0 -99.0
  26 1988  99   -99.   4.5  19.0 -99.000 -99.0 -99.0
  26 1988 100   -99.   6.0  16.5 -99.000 -99.0 -99.0
  26 1988 101   -99.   5.0  19.5 -99.000 -99.0 -99.0
  26 1988 102   -99.   6.0  20.0 -99.000 -99.0 -99.0
  26 1988 103   -99.   9.5  16.5 -99.000 -99.0 -99.0
  26 1988 104   -99.   6.0  15.5 -99.000 -99.0 -99.0
  26 1988 105   -99.   7.5  20.5 -99.000 -99.0 -99.0
  26 1988 106   -99.  13.5  19.5 -99.000 -99.0 -99.0
  26 1988 107   -99.  12.0  21.5 -99.000 -99.0 -99.0
  26 1988 108   -99.  12.0  21.0 -99.000 -99.0 -99.0
  26 1988 109   -99.  13.0  18.0 -99.000 -99.0 -99.0
  26 1988 110   -99.  10.0  16.5 -99.000 -99.0 -99.0
  26 1988 111   -99.   7.0  19.0 -99.000 -99.0 -99.0
  26 1988 112   -99.   8.0  19.0 -99.000 -99.0 -99.0
  26 1988 113   -99.  10.0  23.0 -99.000 -99.0 -99.0
  26 1988 114   -99.  10.0  12.0 -99.000 -99.0 -99.0
  26 1988 115   -99.   9.5  13.0 -99.000 -99.0 -99.0
  26 1988 116   -99.   7.5  17.0 -99.000 -99.0 -99.0
  26 1988 117   -99.   7.0  17.0 -99.000 -99.0 -99.0
  26 1988 118   -99.   7.0  17.0 -99.000 -99.0 -99.0
  26 1988 119   -99.   8.0  18.0 -99.000 -99.0 -99.0
  26 1988 120   -99.   7.0  14.5 -99.000 -99.0 -99.0
  26 1988 121   -99.   9.0  18.0 -99.000 -99.0 -99.0
  26 1988 122   -99.   9.0  23.0 -99.000 -99.0 -99.0
  26 1988 123   -99.   7.0  20.5 -99.000 -99.0 -99.0
  26 1988 124   -99.   8.5  21.0 -99.000 -99.0 -99.0
  26 1988 125   -99.  12.0  22.0 -99.000 -99.0 -99.0
  26 1988 126   -99.  12.0  20.0 -99.000 -99.0 -99.0
  26 1988 127   -99.  14.0  25.0 -99.000 -99.0 -99.0
  26 1988 128   -99.  14.5  24.0 -99.000 -99.0 -99.0
  26 1988 129   -99.  12.5  19.5 -99.000 -99.0 -99.0
  26 1988 130   -99.  12.5  17.5 -99.000 -99.0 -99.0
  26 1988 131   -99.  11.0  17.0 -99.000 -99.0 -99.0
  26 1988 132   -99.  11.0  20.0 -99.000 -99.0 -99.0
  26 1988 133   -99.  12.0  21.0 -99.000 -99.0 -99.0
  26 1988 134   -99.  13.0  18.0 -99.000 -99.0 -99.0
  26 1988 135   -99.  13.0  19.0 -99.000 -99.0 -99.0
  26 1988 136   -99.  13.0  17.0 -99.000 -99.0 -99.0
  26 1988 137   -99.  13.0  19.0 -99.000 -99.0 -99.0
  26 1988 138   -99.  11.0  19.0 -99.000 -99.0 -99.0
  26 1988 139   -99.  11.5  20.5 -99.000 -99.0 -99.0
  26 1988 140   -99.   9.5  19.0 -99.000 -99.0 -99.0
  26 1988 141   -99.   7.5  20.0 -99.000 -99.0 -99.0
  26 1988 142   -99.   8.0  23.0 -99.000 -99.0 -99.0
  26 1988 143   -99.  14.0  25.5 -99.000 -99.0 -99.0
  26 1988 144   -99.  13.0  20.5 -99.000 -99.0 -99.0
  26 1988 145   -99.  14.5  23.5 -99.000 -99.0 -99.0
  26 1988 146   -99.  12.5  21.0 -99.000 -99.0 -99.0
  26 1988 147   -99.  11.5  17.0 -99.000 -99.0 -99.0
  26 1988 148   -99.   8.0  18.0 -99.000 -99.0 -99.0
  26 1988 149   -99.  11.0  19.0 -99.000 -99.0 -99.0
  26 1988 150   -99.   9.0  18.5 -99.000 -99.0 -99.0
  26 1988 151   -99.   9.0  18.5 -99.000 -99.0 -99.0
  26 1988 152   -99.  14.0  20.5 -99.000 -99.0 -99.0
  26 1988 153   -99.  12.5  21.0 -99.000 -99.0 -99.0
  26 1988 154   -99.  13.0  23.5 -99.000 -99.0 -99.0
  26 1988 155   -99.  13.0  23.0 -99.000 -99.0 -99.0
  26 1988 156   -99.  10.0  18.5 -99.000 -99.0 -99.0
  26 1988 157   -99.   9.5  19.0 -99.000 -99.0 -99.0
  26 1988 158   -99.   8.0  20.0 -99.000 -99.0 -99.0
  26 1988 159   -99.  10.0  21.5 -99.000 -99.0 -99.0
  26 1988 160   -99.  14.0  24.0 -99.000 -99.0 -99.0
  26 1988 161   -99.  14.0  24.0 -99.000 -99.0 -99.0
  26 1988 162   -99.  15.0  26.0 -99.000 -99.0 -99.0
  26 1988 163   -99.  12.5  26.0 -99.000 -99.0 -99.0
  26 1988 164   -99.  13.0  25.0 -99.000 -99.0 -99.0
  26 1988 165   -99.  13.5  25.5 -99.000 -99.0 -99.0
  26 1988 166   -99.  11.0  28.0 -99.000 -99.0 -99.0
  26 1988 167   -99.  15.0  26.5 -99.000 -99.0 -99.0
  26 1988 168   -99.  14.5  20.5 -99.000 -99.0 -99.0
  26 1988 169   -99.  15.5  23.5 -99.000 -99.0 -99.0
  26 1988 170   -99.  15.0  25.5 -99.000 -99.0 -99.0
  26 1988 171   -99.  14.5  26.5 -99.000 -99.0 -99.0
  26 1988 172   -99.  13.0  26.5 -99.000 -99.0 -99.0
  26 1988 173   -99.  16.0  26.5 -99.000 -99.0 -99.0
  26 1988 174   -99.  16.0  26.5 -99.000 -99.0 -99.0
  26 1988 175   -99.  14.0  26.0 -99.000 -99.0 -99.0
  26 1988 176   -99.  14.0  26.0 -99.000 -99.0 -99.0
  26 1988 177   -99.  13.0  26.0 -99.000 -99.0 -99.0
  26 1988 178   -99.  12.0  22.0 -99.000 -99.0 -99.0
  26 1988 179   -99.  16.0  23.0 -99.000 -99.0 -99.0
  26 1988 180   -99.  16.0  27.0 -99.000 -99.0 -99.0
  26 1988 181   -99.  14.5  26.5 -99.000 -99.0 -99.0
  26 1988 182   -99.  14.5  24.0 -99.000 -99.0 -99.0
  26 1988 183   -99.  14.5  20.5 -99.000 -99.0 -99.0
  26 1988 184   -99.  14.0  24.5 -99.000 -99.0 -99.0
  26 1988 185   -99.  11.5  25.5 -99.000 -99.0 -99.0
  26 1988 186   -99.  16.0  24.5 -99.000 -99.0 -99.0
  26 1988 187   -99.  13.0  24.0 -99.000 -99.0 -99.0
  26 1988 188   -99.  14.0  26.0 -99.000 -99.0 -99.0
  26 1988 189   -99.  15.0  21.0 -99.000 -99.0 -99.0
  26 1988 190   -99.  14.0  25.0 -99.000 -99.0 -99.0
  26 1988 191   -99.  13.0  26.5 -99.000 -99.0 -99.0
  26 1988 192   -99.  18.5  26.0 -99.000 -99.0 -99.0
  26 1988 193   -99.  17.0  25.5 -99.000 -99.0 -99.0
  26 1988 194   -99.  14.0  26.0 -99.000 -99.0 -99.0
  26 1988 195   -99.  13.5  27.0 -99.000 -99.0 -99.0
  26 1988 196   -99.  14.0  20.5 -99.000 -99.0 -99.0
  26 1988 197   -99.  11.0  20.0 -99.000 -99.0 -99.0
  26 1988 198   -99.  12.0  21.0 -99.000 -99.0 -99.0
  26 1988 199   -99.  12.0  28.0 -99.000 -99.0 -99.0
  26 1988 200   -99.  15.0  30.5 -99.000 -99.0 -99.0
  26 1988 201   -99.  17.0  31.5 -99.000 -99.0 -99.0
  26 1988 202   -99.  14.5  25.5 -99.000 -99.0 -99.0
  26 1988 203   -99.  15.5  27.0 -99.000 -99.0 -99.0
  26 1988 204   -99.  23.0  32.0 -99.000 -99.0 -99.0
  26 1988 205   -99.  17.0  29.0 -99.000 -99.0 -99.0
  26 1988 206   -99.  14.0  27.5 -99.000 -99.0 -99.0
  26 1988 207   -99.  14.0  29.5 -99.000 -99.0 -99.0
  26 1988 208   -99.  17.0  31.0 -99.000 -99.0 -99.0
  26 1988 209   -99.  13.0  26.0 -99.000 -99.0 -99.0
  26 1988 210   -99.  17.0  31.0 -99.000 -99.0 -99.0
  26 1988 211   -99.  10.0  27.0 -99.000 -99.0 -99.0
  26 1988 212   -99.  11.0  25.0 -99.000 -99.0 -99.0
  26 1988 213   -99.  13.0  27.0 -99.000 -99.0 -99.0
  26 1988 214   -99.  17.0  34.0 -99.000 -99.0 -99.0
  26 1988 215   -99.  17.5  26.0 -99.000 -99.0 -99.0
  26 1988 216   -99.  18.0  22.0 -99.000 -99.0 -99.0
  26 1988 217   -99.  14.0  24.5 -99.000 -99.0 -99.0
  26 1988 218   -99.  12.0  27.0 -99.000 -99.0 -99.0
  26 1988 219   -99.  17.0  30.0 -99.000 -99.0 -99.0
  26 1988 220   -99.  17.0  29.0 -99.000 -99.0 -99.0
  26 1988 221   -99.  17.0  27.0 -99.000 -99.0 -99.0
  26 1988 222   -99.  16.5  28.5 -99.000 -99.0 -99.0
  26 1988 223   -99.  17.0  30.0 -99.000 -99.0 -99.0
  26 1988 224   -99.  17.0  30.0 -99.000 -99.0 -99.0
  26 1988 225   -99.  17.5  29.5 -99.000 -99.0 -99.0
  26 1988 226   -99.  19.0  26.0 -99.000 -99.0 -99.0
  26 1988 227   -99.  18.0  25.0 -99.000 -99.0 -99.0
  26 1988 228   -99.  17.0  20.0 -99.000 -99.0 -99.0
  26 1988 229   -99.  17.0  25.5 -99.000 -99.0 -99.0
  26 1988 230   -99.  17.0  24.5 -99.000 -99.0 -99.0
  26 1988 231   -99.  10.5  24.0 -99.000 -99.0 -99.0
  26 1988 232   -99.  12.0  28.0 -99.000 -99.0 -99.0
  26 1988 233   -99.  14.0  30.5 -99.000 -99.0 -99.0
  26 1988 234   -99.  11.5  19.5 -99.000 -99.0 -99.0
  26 1988 235   -99.  11.5  21.0 -99.000 -99.0 -99.0
  26 1988 236   -99.  10.0  23.0 -99.000 -99.0 -99.0
  26 1988 237   -99.  12.0  24.0 -99.000 -99.0 -99.0
  26 1988 238   -99.  10.5  22.0 -99.000 -99.0 -99.0
  26 1988 239   -99.  13.0  26.0 -99.000 -99.0 -99.0
  26 1988 240   -99.  19.0  32.0 -99.000 -99.0 -99.0
  26 1988 241   -99.  14.0  27.0 -99.000 -99.0 -99.0
  26 1988 242   -99.   9.0  23.0 -99.000 -99.0 -99.0
  26 1988 243   -99.  13.0  24.0 -99.000 -99.0 -99.0
  26 1988 244   -99.  18.0  27.0 -99.000 -99.0 -99.0
  26 1988 245   -99.  14.5  25.5 -99.000 -99.0 -99.0
  26 1988 246   -99.  10.0  20.0 -99.000 -99.0 -99.0
  26 1988 247   -99.  13.5  28.0 -99.000 -99.0 -99.0
  26 1988 248   -99.  14.0  29.0 -99.000 -99.0 -99.0
  26 1988 249   -99.  15.0  32.0 -99.000 -99.0 -99.0
  26 1988 250   -99.  15.0  33.5 -99.000 -99.0 -99.0
  26 1988 251   -99.  14.0  34.0 -99.000 -99.0 -99.0
  26 1988 252   -99.  15.0  34.0 -99.000 -99.0 -99.0
  26 1988 253   -99.  12.0  25.0 -99.000 -99.0 -99.0
  26 1988 254   -99.  12.0  27.0 -99.000 -99.0 -99.0
  26 1988 255   -99.  18.0  27.0 -99.000 -99.0 -99.0
  26 1988 256   -99.  12.0  25.0 -99.000 -99.0 -99.0
  26 1988 257   -99.  10.0  20.0 -99.000 -99.0 -99.0
  26 1988 258   -99.   9.0  19.0 -99.000 -99.0 -99.0
  26 1988 259   -99.   9.0  18.0 -99.000 -99.0 -99.0
  26 1988 260   -99.  12.0  19.0 -99.000 -99.0 -99.0
  26 1988 261   -99.   9.0  19.0 -99.000 -99.0 -99.0
  26 1988 262   -99.   8.0  21.0 -99.000 -99.0 -99.0
  26 1988 263   -99.   9.0  23.0 -99.000 -99.0 -99.0
  26 1988 264   -99.   9.0  27.0 -99.000 -99.0 -99.0
  26 1988 265   -99.   9.0  27.0 -99.000 -99.0 -99.0
  26 1988 266   -99.  10.0  27.0 -99.000 -99.0 -99.0
  26 1988 267   -99.   9.0  26.0 -99.000 -99.0 -99.0
  26 1988 268   -99.  10.0  21.0 -99.000 -99.0 -99.0
  26 1988 269   -99.   9.0  26.0 -99.000 -99.0 -99.0
  26 1988 270   -99.  10.0  28.0 -99.000 -99.0 -99.0
  26 1988 271   -99.  11.0  29.0 -99.000 -99.0 -99.0
  26 1988 272   -99.  13.0  30.0 -99.000 -99.0 -99.0
  26 1988 273   -99.   8.0  19.0 -99.000 -99.0 -99.0
  26 1988 274   -99.   4.0  20.0 -99.000 -99.0 -99.0
  26 1988 275   -99.   4.0  20.0 -99.000 -99.0 -99.0
  26 1988 276   -99.   4.0  19.0 -99.000 -99.0 -99.0
  26 1988 277   -99.   7.0  22.0 -99.000 -99.0 -99.0
  26 1988 278   -99.  13.0  18.0 -99.000 -99.0 -99.0
  26 1988 279   -99.  10.0  20.0 -99.000 -99.0 -99.0
  26 1988 280   -99.  12.0  19.5 -99.000 -99.0 -99.0
  26 1988 281   -99.  10.0  17.0 -99.000 -99.0 -99.0
  26 1988 282   -99.   9.0  19.0 -99.000 -99.0 -99.0
  26 1988 283   -99.  13.0  27.0 -99.000 -99.0 -99.0
  26 1988 284   -99.  12.0  20.0 -99.000 -99.0 -99.0
  26 1988 285   -99.  11.0  20.0 -99.000 -99.0 -99.0
  26 1988 286   -99.   9.5  20.0 -99.000 -99.0 -99.0
  26 1988 287   -99.   9.0  21.0 -99.000 -99.0 -99.0
  26 1988 288   -99.  13.0  22.0 -99.000 -99.0 -99.0
  26 1988 289   -99.  19.0  26.0 -99.000 -99.0 -99.0
  26 1988 290   -99.  18.0  25.0 -99.000 -99.0 -99.0
  26 1988 291   -99.  18.0  24.0 -99.000 -99.0 -99.0
  26 1988 292   -99.  12.0  20.0 -99.000 -99.0 -99.0
  26 1988 293   -99.   9.0  21.0 -99.000 -99.0 -99.0
  26 1988 294   -99.   5.0  19.5 -99.000 -99.0 -99.0
  26 1988 295   -99.   4.5  21.0 -99.000 -99.0 -99.0
  26 1988 296   -99.   7.0  22.5 -99.000 -99.0 -99.0
  26 1988 297   -99.   9.0  22.0 -99.000 -99.0 -99.0
  26 1988 298   -99.   6.0  23.0 -99.000 -99.0 -99.0
  26 1988 299   -99.   6.0  23.5 -99.000 -99.0 -99.0
  26 1988 300   -99.  12.0  22.0 -99.000 -99.0 -99.0
  26 1988 301   -99.  17.0  24.0 -99.000 -99.0 -99.0
  26 1988 302   -99.  12.0  24.0 -99.000 -99.0 -99.0
  26 1988 303   -99.   8.0  24.0 -99.000 -99.0 -99.0
  26 1988 304   -99.   7.0  24.5 -99.000 -99.0 -99.0
  26 1988 305   -99.   7.0  21.0 -99.000 -99.0 -99.0
  26 1988 306   -99.   6.0  22.0 -99.000 -99.0 -99.0
  26 1988 307   -99.   5.0  21.0 -99.000 -99.0 -99.0
  26 1988 308   -99.   7.0  21.0 -99.000 -99.0 -99.0
  26 1988 309   -99.   8.0  18.5 -99.000 -99.0 -99.0
  26 1988 310   -99.   4.0  18.0 -99.000 -99.0 -99.0
  26 1988 311   -99.   4.0  18.5 -99.000 -99.0 -99.0
  26 1988 312   -99.  10.0  19.0 -99.000 -99.0 -99.0
  26 1988 313   -99.  12.0  20.0 -99.000 -99.0 -99.0
  26 1988 314   -99.  12.0  21.5 -99.000 -99.0 -99.0
  26 1988 315   -99.  14.0  20.0 -99.000 -99.0 -99.0
  26 1988 316   -99.  14.0  20.0 -99.000 -99.0 -99.0
  26 1988 317   -99.  13.0  18.0 -99.000 -99.0 -99.0
  26 1988 318   -99.   6.0  16.0 -99.000 -99.0 -99.0
  26 1988 319   -99.   0.5  19.0 -99.000 -99.0 -99.0
  26 1988 320   -99.  -1.0  19.0 -99.000 -99.0 -99.0
  26 1988 321   -99.   4.0  18.0 -99.000 -99.0 -99.0
  26 1988 322   -99.   4.0  19.0 -99.000 -99.0 -99.0
  26 1988 323   -99.   4.0  19.0 -99.000 -99.0 -99.0
  26 1988 324   -99.   6.0  14.0 -99.000 -99.0 -99.0
  26 1988 325   -99.   4.0  15.0 -99.000 -99.0 -99.0
  26 1988 326   -99.   0.0   9.5 -99.000 -99.0 -99.0
  26 1988 327   -99.  -7.0   5.0 -99.000 -99.0 -99.0
  26 1988 328   -99.  -6.0   5.0 -99.000 -99.0 -99.0
  26 1988 329   -99.  -6.0   7.0 -99.000 -99.0 -99.0
  26 1988 330   -99.  -5.0  10.0 -99.000 -99.0 -99.0
  26 1988 331   -99.  -5.0  13.0 -99.000 -99.0 -99.0
  26 1988 332   -99.  -4.0  10.0 -99.000 -99.0 -99.0
  26 1988 333   -99.   1.0   7.0 -99.000 -99.0 -99.0
  26 1988 334   -99.   5.0  12.0 -99.000 -99.0 -99.0
  26 1988 335   -99.   7.0  14.0 -99.000 -99.0 -99.0
  26 1988 336   -99.   7.0  12.0 -99.000 -99.0 -99.0
  26 1988 337   -99.   7.0  12.5 -99.000 -99.0 -99.0
  26 1988 338   -99.   7.5  12.0 -99.000 -99.0 -99.0
  26 1988 339   -99.  12.0  13.0 -99.000 -99.0 -99.0
  26 1988 340   -99.   5.0  11.0 -99.000 -99.0 -99.0
  26 1988 341   -99.   2.0   9.0 -99.000 -99.0 -99.0
  26 1988 342   -99.  -0.5   7.5 -99.000 -99.0 -99.0
  26 1988 343   -99.   3.5   8.5 -99.000 -99.0 -99.0
  26 1988 344   -99.   4.0   9.5 -99.000 -99.0 -99.0
  26 1988 345   -99.   6.5  11.0 -99.000 -99.0 -99.0
  26 1988 346   -99.   6.5  10.0 -99.000 -99.0 -99.0
  26 1988 347   -99.   1.0   7.0 -99.000 -99.0 -99.0
  26 1988 348   -99.   0.0   8.5 -99.000 -99.0 -99.0
  26 1988 349   -99.  -1.5   8.5 -99.000 -99.0 -99.0
  26 1988 350   -99.   1.0   5.0 -99.000 -99.0 -99.0
  26 1988 351   -99.  -0.5   5.0 -99.000 -99.0 -99.0
  26 1988 352   -99.  -1.0   6.0 -99.000 -99.0 -99.0
  26 1988 353   -99.  -0.5   5.0 -99.000 -99.0 -99.0
  26 1988 354   -99.   5.0   9.5 -99.000 -99.0 -99.0
  26 1988 355   -99.  -2.5   9.0 -99.000 -99.0 -99.0
  26 1988 356   -99.  -3.0   8.0 -99.000 -99.0 -99.0
  26 1988 357   -99.  -1.0   8.0 -99.000 -99.0 -99.0
  26 1988 358   -99.   7.0   9.5 -99.000 -99.0 -99.0
  26 1988 359   -99.   2.0   9.0 -99.000 -99.0 -99.0
  26 1988 360   -99.   2.0   5.0 -99.000 -99.0 -99.0
  26 1988 361   -99.   2.0   7.0 -99.000 -99.0 -99.0
  26 1988 362   -99.   2.5   5.5 -99.000 -99.0 -99.0
  26 1988 363   -99.  -1.5   9.0 -99.000 -99.0 -99.0
  26 1988 364   -99.  -2.5  12.0 -99.000 -99.0 -99.0
  26 1988 365   -99.  -1.0   4.0 -99.000 -99.0 -99.0
  26 1988 366   -99.  -2.0   1.0 -99.000 -99.0 -99.0
